# TEST CONFIGURATION BEGIN
# File Stream: filename: portoweather_maxtemperature.csv  -  n_targets: 1
# [portoweather_maxtemperature_ADE_HOMO_ABSTAIN_KNN_W_SIZE_8] Pipeline: Array BaseStreamModel: base_models: [<skmultiflow.lazy.knn_forecast.KNNForecast object at 0x7f226347a908>, <skmultiflow.lazy.knn_forecast.KNNForecast object at 0x7f226347a898>, <skmultiflow.lazy.knn_forecast.KNNForecast object at 0x7f22630ee8d0>, <skmultiflow.lazy.knn_forecast.KNNForecast object at 0x7f22630ee860>, <skmultiflow.lazy.knn_forecast.KNNForecast object at 0x7f22630ee7f0>, <skmultiflow.lazy.knn_forecast.KNNForecast object at 0x7f22630ee780>, <skmultiflow.lazy.knn_forecast.KNNForecast object at 0x7f22630ee710>, <skmultiflow.lazy.knn_forecast.KNNForecast object at 0x7f22630ee6a0>]
 Array BaseStreamModel: base_models: [<skmultiflow.lazy.knn_forecast.KNNForecast object at 0x7f226347a908>, <skmultiflow.lazy.knn_forecast.KNNForecast object at 0x7f226347a898>, <skmultiflow.lazy.knn_forecast.KNNForecast object at 0x7f22630ee8d0>, <skmultiflow.lazy.knn_forecast.KNNForecast object at 0x7f22630ee860>, <skmultiflow.lazy.knn_forecast.KNNForecast object at 0x7f22630ee7f0>, <skmultiflow.lazy.knn_forecast.KNNForecast object at 0x7f22630ee780>, <skmultiflow.lazy.knn_forecast.KNNForecast object at 0x7f22630ee710>, <skmultiflow.lazy.knn_forecast.KNNForecast object at 0x7f22630ee6a0>]
# Prequential Evaluator: n_wait: 1 - max_samples: 600000 - max_time: 10000000 - output_file: portoweather_maxtemperature_ADE_HOMO_ABSTAIN_KNN_W_SIZE_8_SIZE_8 - batch_size: 1 - pretrain_size: 5 - task_type: regression - show_plot: False - metrics: ['mean_square_error', 'mean_absolute_error', 'true_vs_predicted']
# TEST CONFIGURATION END
id,global_mse_[portoweather_maxtemperature_ADE_HOMO_ABSTAIN_KNN_W_SIZE_8],sliding_mse_[portoweather_maxtemperature_ADE_HOMO_ABSTAIN_KNN_W_SIZE_8],global_mae_[portoweather_maxtemperature_ADE_HOMO_ABSTAIN_KNN_W_SIZE_8],sliding_mae_[portoweather_maxtemperature_ADE_HOMO_ABSTAIN_KNN_W_SIZE_8],true_value_[portoweather_maxtemperature_ADE_HOMO_ABSTAIN_KNN_W_SIZE_8],predicted_value_[portoweather_maxtemperature_ADE_HOMO_ABSTAIN_KNN_W_SIZE_8]
5,26.552166,26.552166,5.152879,5.152879,-5.000000,0.152879
6,33.083173,39.614179,5.723429,6.293980,0.000000,6.293980
7,29.851062,23.386841,5.427618,4.835994,0.000000,-4.835994
8,22.709496,1.284799,4.354086,1.133490,1.000000,2.133490
9,18.171919,0.021608,3.512668,0.146997,0.000000,0.146997
10,16.704487,9.367327,3.437325,3.060609,-1.000000,2.060609
11,14.393682,0.528856,3.050168,0.727225,1.000000,0.272775
12,12.847733,2.026089,2.846823,1.423408,1.000000,-0.423408
13,11.876162,4.103596,2.755591,2.025733,-1.000000,1.025733
14,12.212633,15.240870,2.870427,3.903956,-3.000000,0.903956
15,13.316163,24.351468,3.058090,4.934721,2.000000,-2.934721
16,13.754243,18.573119,3.162387,4.309654,-3.000000,1.309654
17,12.713631,0.226289,2.955719,0.475699,1.000000,0.524301
18,11.888667,1.164126,2.821664,1.078946,0.000000,-1.078946
19,11.189343,1.398805,2.712400,1.182711,1.000000,-0.182711
20,10.497920,0.126587,2.565112,0.355791,-1.000000,-0.644209
21,9.955048,1.269086,2.480490,1.126537,2.000000,0.873463
22,9.804580,7.246627,2.492238,2.691956,2.000000,-0.691956
23,9.583416,5.602461,2.485644,2.366952,-1.000000,1.366952
24,9.645051,10.816114,2.525801,3.288786,-2.000000,1.288786
25,9.235864,1.052120,2.454369,1.025729,1.000000,-0.025729
26,8.827275,0.246913,2.365393,0.496903,0.000000,0.496903
27,8.447199,0.085522,2.275265,0.292441,0.000000,-0.292441
28,8.107340,0.290597,2.202924,0.539071,0.000000,-0.539071
29,7.785067,0.050506,2.123796,0.224735,0.000000,0.224735
30,12.104180,120.081997,2.463581,10.958193,-5.000000,5.958193
31,11.768902,3.051683,2.437037,1.746907,3.000000,4.746907
32,12.075631,20.357308,2.511140,4.511907,-2.000000,2.511907
33,12.404160,21.602967,2.584821,4.647899,0.000000,4.647899
34,12.161942,5.137640,2.574215,2.266636,-2.000000,0.266636
35,11.812925,1.342416,2.528551,1.158627,1.000000,2.158627
36,12.374807,29.793146,2.620106,5.458310,4.000000,-1.458310
37,12.527440,17.411691,2.667155,4.172732,-1.000000,3.172732
38,12.344754,6.316108,2.662626,2.513187,0.000000,2.513187
39,12.007413,0.537829,2.607505,0.733368,-1.000000,-0.266632
40,11.751457,2.793002,2.581497,1.671228,2.000000,0.328772
41,11.715621,10.425529,2.598993,3.228859,2.000000,-1.228859
42,11.431467,0.917755,2.555809,0.957995,-1.000000,-0.042005
43,11.152779,0.562642,2.509509,0.750095,0.000000,-0.750095
44,10.874002,0.001676,2.447795,0.040940,0.000000,0.040940
45,10.631388,0.926860,2.411574,0.962736,1.000000,0.037264
46,10.380074,0.076192,2.360727,0.276028,-1.000000,-0.723972
47,10.252674,4.901867,2.357315,2.214016,3.000000,0.785984
48,10.427420,17.941520,2.400007,4.235743,-6.000000,-1.764257
49,10.265035,3.120097,2.385926,1.766380,3.000000,1.233620
50,10.358694,14.573328,2.417048,3.817503,3.000000,-0.817503
51,10.151638,0.627046,2.382469,0.791862,0.000000,0.791862
52,9.957384,0.827474,2.351786,0.909656,-2.000000,-1.090344
53,10.421011,32.675083,2.420447,5.716212,-4.000000,1.716212
54,10.330898,5.915379,2.420682,2.432155,3.000000,0.567845
55,10.175708,2.416181,2.403696,1.554407,-2.000000,-0.445593
56,9.994007,0.727256,2.373871,0.852793,-2.000000,-1.147207
57,9.916036,5.861577,2.374761,2.421069,3.000000,0.578931
58,9.748628,0.875987,2.348116,0.935942,-1.000000,-1.935942
59,9.739683,9.256684,2.360741,3.042480,2.000000,-1.042480
60,9.625731,3.358332,2.351310,1.832575,-2.000000,-0.167425
61,9.462389,0.315263,2.319909,0.561483,2.000000,1.438517
62,9.299303,0.003367,2.280911,0.058027,1.000000,1.058027
63,9.164844,1.366214,2.262063,1.168851,1.000000,-0.168851
64,9.014835,0.164339,2.231118,0.405387,1.000000,0.594613
65,8.904930,2.310643,2.219462,1.520080,1.000000,-0.520080
66,8.814602,3.304583,2.212984,1.817851,0.000000,1.817851
67,8.693388,1.178097,2.195086,1.085402,2.000000,0.914598
68,8.828603,17.347170,2.225866,4.164993,-4.000000,0.164993
69,8.702350,0.622177,2.203757,0.788782,0.000000,0.788782
70,8.574371,0.255738,2.178029,0.505705,-2.000000,-1.494295
71,8.564551,7.916415,2.187515,2.813613,4.000000,1.186387
72,8.454340,1.070216,2.170559,1.034513,-3.000000,-1.965487
73,8.645780,21.663651,2.206557,4.654423,-2.000000,2.654423
74,8.546909,1.724853,2.193797,1.313337,1.000000,-0.313337
75,8.455070,2.026291,2.182947,1.423478,1.000000,-0.423478
76,8.358360,1.491969,2.169593,1.221462,1.000000,-0.221462
77,8.254889,0.805005,2.152164,0.897220,-1.000000,-0.102780
78,8.276327,9.841296,2.165473,3.137084,-2.000000,1.137084
79,8.198476,2.437487,2.157417,1.561245,0.000000,-1.561245
80,8.102329,0.891314,2.141452,0.944095,0.000000,0.944095
81,8.000861,0.289297,2.120626,0.537864,1.000000,0.462136
82,7.931750,2.610213,2.114152,1.615615,-1.000000,0.615615
83,7.837084,0.453122,2.095911,0.673144,0.000000,-0.673144
84,8.195080,36.476786,2.145207,6.039601,6.000000,-0.039601
85,8.317730,18.129730,2.171290,4.257902,-3.000000,1.257902
86,8.255128,3.184370,2.166573,1.784480,1.000000,-0.784480
87,8.293409,11.432409,2.181207,3.381185,5.000000,1.618815
88,8.269772,6.307932,2.185140,2.511560,1.000000,-1.511560
89,8.173766,0.109232,2.163320,0.330502,1.000000,0.669498
90,8.081816,0.266083,2.144163,0.515833,-1.000000,-1.515833
91,8.131373,12.393283,2.159982,3.520409,-2.000000,1.520409
92,8.041322,0.206863,2.140606,0.454822,-1.000000,-0.545178
93,7.951589,0.055078,2.119191,0.234688,1.000000,0.765312
94,7.886743,2.115504,2.111805,1.454477,-1.000000,0.454477
95,7.816937,1.534326,2.102210,1.238679,2.000000,0.761321
96,7.787178,5.079110,2.103857,2.253688,-3.000000,-0.746312
97,7.721347,1.664924,2.095109,1.290319,0.000000,1.290319
98,7.688948,4.675851,2.095825,2.162372,2.000000,-0.162372
99,7.666970,5.601062,2.098675,2.366656,2.000000,-0.366656
100,7.627684,3.895515,2.097374,1.973706,-2.000000,-0.026294
101,7.563164,1.369184,2.087814,1.170121,-1.000000,0.170121
102,7.556474,6.907602,2.093329,2.628232,-2.000000,0.628232
103,7.482378,0.220920,2.076932,0.470021,1.000000,1.470021
104,7.466668,5.911362,2.080476,2.431329,2.000000,-0.431329
105,7.421936,2.948797,2.076879,1.717206,2.000000,0.282794
106,7.757640,41.663753,2.119799,6.454747,3.000000,-3.454747
107,7.682354,0.003134,2.099762,0.055980,0.000000,0.055980
108,8.299496,71.865086,2.161085,8.477328,-8.000000,0.477328
109,8.307638,9.154423,2.169319,3.025628,-1.000000,2.025628
110,8.229363,0.010491,2.149820,0.102428,1.000000,1.102428
111,8.172616,2.157489,2.143455,1.468839,-1.000000,0.468839
112,8.191609,10.223873,2.153215,3.197479,2.000000,-1.197479
113,8.117344,0.096695,2.136314,0.310958,-1.000000,-0.689042
114,8.103328,6.575571,2.140204,2.564288,0.000000,2.564288
115,8.074069,4.855528,2.140775,2.203526,1.000000,3.203526
116,8.059406,6.431860,2.144304,2.536111,-3.000000,-0.463889
117,8.035199,5.323965,2.145748,2.307372,-1.000000,1.307372
118,7.988850,2.751516,2.141476,1.658769,1.000000,2.658769
119,7.928938,1.098866,2.131970,1.048268,-1.000000,-2.048268
120,7.890214,3.437047,2.129573,1.853927,2.000000,0.146073
121,7.822806,0.003490,2.111876,0.059078,-2.000000,-1.940922
122,7.756850,0.039995,2.095674,0.199987,1.000000,0.800013
123,7.694430,0.328857,2.082882,0.573460,0.000000,0.573460
124,7.637653,0.881213,2.073347,0.938730,0.000000,0.938730
125,7.587096,1.520148,2.066402,1.232943,2.000000,0.767057
126,7.593912,8.418745,2.073247,2.901507,4.000000,1.098493
127,7.745604,26.252001,2.098047,5.123671,4.000000,-1.123671
128,7.688049,0.608717,2.087419,0.780203,3.000000,2.219797
129,7.629981,0.429604,2.075964,0.655442,1.000000,0.344558
130,7.572829,0.428821,2.064685,0.654844,1.000000,1.654844
131,7.532773,2.485669,2.060842,1.576601,-1.000000,0.576601
132,7.673179,25.504775,2.084196,5.050225,-6.000000,-0.949775
133,7.619568,0.757352,2.074786,0.870260,-2.000000,-2.870260
134,7.588233,3.546052,2.073311,1.883096,-3.000000,-1.116904
135,7.533893,0.469682,2.062716,0.685333,1.000000,0.314667
136,7.477476,0.086891,2.049323,0.294773,-1.000000,-0.705227
137,7.421333,0.010445,2.034683,0.102202,0.000000,-0.102202
138,7.376678,1.437521,2.028446,1.198967,2.000000,0.801033
139,7.327332,0.714969,2.019684,0.845559,1.000000,0.154441
140,7.436094,22.118922,2.039415,4.703076,3.000000,-1.703076
141,7.424129,5.796924,2.042103,2.407680,2.000000,-0.407680
142,7.514023,19.829474,2.059573,4.453030,4.000000,-0.453030
143,8.189477,101.402122,2.117201,10.069862,-8.000000,2.069862
144,8.158583,3.864333,2.116120,1.965791,-2.000000,-0.034209
145,8.139999,5.538333,2.117802,2.353366,-1.000000,1.353366
146,8.105058,3.178322,2.115443,1.782785,1.000000,-0.782785
147,8.064429,2.295056,2.111244,1.514944,0.000000,1.514944
148,8.085999,11.170632,2.119792,3.342249,-4.000000,-0.657751
149,8.031562,0.192590,2.108200,0.438850,1.000000,0.561150
150,7.979247,0.393582,2.098057,0.627361,0.000000,-0.627361
151,7.929396,0.651094,2.089274,0.806904,1.000000,0.193096
152,7.877786,0.291070,2.078802,0.539509,1.000000,1.539509
153,7.868735,6.529288,2.082000,2.555247,3.000000,0.444753
154,7.823032,1.013317,2.074831,1.006636,1.000000,2.006636
155,7.787555,2.465894,2.071490,1.570317,0.000000,1.570317
156,7.736808,0.074123,2.059652,0.272255,0.000000,0.272255
157,7.752221,10.094958,2.066957,3.177256,-1.000000,2.177256
158,7.758273,8.684136,2.072671,2.946886,-3.000000,-0.053114
159,7.792371,13.043560,2.082599,3.611587,2.000000,-1.611587
160,7.753866,1.785549,2.077815,1.336244,0.000000,-1.336244
161,7.732318,4.370803,2.077897,2.090647,4.000000,1.909353
162,7.683581,0.031919,2.065876,0.178660,-2.000000,-1.821340
163,7.712874,12.341157,2.074978,3.512998,-4.000000,-0.487002
164,7.671718,1.127833,2.068647,1.061995,1.000000,-0.061995
165,7.646539,3.617992,2.067612,1.902102,-1.000000,0.902102
166,7.607163,1.267688,2.061799,1.125916,2.000000,0.874084
167,7.560553,0.009671,2.049753,0.098342,0.000000,0.098342
168,7.525997,1.893417,2.045645,1.376015,1.000000,-0.376015
169,7.504220,3.932686,2.045266,1.983100,3.000000,1.016900
170,7.460114,0.182722,2.035520,0.427460,-1.000000,-0.572540
171,7.628839,35.637183,2.059078,5.969689,-4.000000,1.969689
172,7.592420,1.510406,2.054137,1.228986,1.000000,-0.228986
173,7.568180,3.495881,2.053046,1.869727,3.000000,1.130273
174,7.641518,20.035539,2.067299,4.476108,4.000000,-0.476108
175,7.631462,5.922073,2.069441,2.433531,3.000000,0.566469
176,7.622314,6.058033,2.071719,2.461307,3.000000,0.538693
177,7.617662,6.817455,2.074837,2.611026,-4.000000,-1.388974
178,7.843326,46.883182,2.102264,6.847129,-8.000000,-1.152871
179,7.801319,0.492152,2.094260,0.701535,-1.000000,-1.701535
180,7.765276,1.457684,2.089220,1.207346,0.000000,-1.207346
181,7.726098,0.830758,2.082566,0.911459,1.000000,0.088541
182,7.694401,2.084106,2.078977,1.443643,-1.000000,0.443643
183,7.652714,0.232295,2.070055,0.481970,0.000000,-0.481970
184,7.610758,0.100788,2.060318,0.317472,0.000000,0.317472
185,7.576864,1.475921,2.055647,1.214875,-1.000000,0.214875
186,7.545533,1.874590,2.051876,1.369157,2.000000,0.630843
187,7.515005,1.958885,2.048311,1.399602,2.000000,0.600398
188,7.496212,4.057102,2.048126,2.014225,1.000000,3.014225
189,7.626368,31.575146,2.067429,5.619177,-4.000000,1.619177
190,7.606729,3.973484,2.067031,1.993360,1.000000,-0.993360
191,7.566901,0.158864,2.058108,0.398577,-1.000000,-0.601423
192,7.574546,9.004146,2.063122,3.000691,0.000000,3.000691
193,7.640720,20.081378,2.075916,4.481225,4.000000,-0.481225
194,7.660693,11.435659,2.082789,3.381665,5.000000,1.618335
195,7.623816,0.617166,2.075997,0.785599,1.000000,1.785599
196,7.751909,32.217606,2.094748,5.676055,4.000000,-1.676055
197,7.802627,17.540519,2.105594,4.188140,1.000000,-3.188140
198,7.785407,4.461944,2.105629,2.112331,-5.000000,-2.887669
199,7.755447,1.943324,2.101980,1.394031,-3.000000,-1.605969
200,7.751504,6.982472,2.104737,2.642437,-2.000000,0.642437
201,7.800957,17.493717,2.115284,4.182549,-4.000000,0.182549
202,7.762698,0.225674,2.107000,0.475052,1.000000,0.524948
203,7.735877,2.425452,2.104238,1.557386,1.000000,-0.557386
204,7.794233,19.407082,2.115744,4.405347,5.000000,0.594653
205,7.816949,12.360046,2.122709,3.515686,-3.000000,0.515686
206,7.779932,0.339574,2.115085,0.582730,0.000000,0.582730
207,7.777765,7.340100,2.118012,2.709262,5.000000,2.290738
208,7.767575,5.699029,2.119332,2.387264,1.000000,-1.387264
209,7.954724,46.133027,2.142126,6.792130,-6.000000,0.792130
210,7.964236,9.914130,2.147012,3.148671,5.000000,1.851329
211,7.994342,14.196228,2.154842,3.767788,-5.000000,-1.232212
212,7.990356,7.165228,2.157352,2.676794,-2.000000,0.676794
213,7.952165,0.008410,2.147468,0.091709,-1.000000,-1.091709
214,7.914985,0.144407,2.139052,0.380010,2.000000,1.619990
215,7.882212,0.999896,2.133653,0.999948,1.000000,1.999948
216,7.845492,0.097608,2.125062,0.312423,0.000000,-0.312423
217,7.832820,5.146341,2.125736,2.268555,3.000000,0.731445
218,8.036551,51.431160,2.149315,7.171552,-7.000000,0.171552
219,7.999886,0.153607,2.141141,0.391927,0.000000,0.391927
220,7.968485,1.217357,2.136336,1.103339,-1.000000,0.103339
221,7.938067,1.367730,2.131881,1.169500,0.000000,1.169500
222,7.932383,6.698941,2.133974,2.588231,5.000000,2.411769
223,8.293392,86.993444,2.166819,9.327028,-5.000000,4.327028
224,8.258001,0.507334,2.160207,0.712274,-1.000000,-1.712274
225,8.221874,0.273962,2.152801,0.523414,1.000000,0.476586
226,8.224439,8.791236,2.156460,2.965002,3.000000,0.034998
227,8.244699,12.742443,2.162797,3.569656,-2.000000,1.569656
228,8.219475,2.594420,2.160332,1.610720,0.000000,-1.610720
229,8.231981,11.033345,2.165494,3.321648,3.000000,-0.321648
230,8.252408,12.848649,2.171772,3.584501,5.000000,1.415499
231,8.265886,11.311758,2.177021,3.363296,3.000000,-0.363296
232,8.232904,0.746159,2.171262,0.863805,1.000000,0.136195
233,8.876610,155.641398,2.216259,12.475632,-12.000000,0.475632
234,8.841057,0.699544,2.210259,0.836387,-1.000000,-1.836387
235,8.805896,0.718875,2.204362,0.847865,1.000000,0.152135
236,8.768088,0.034324,2.195659,0.185267,0.000000,-0.185267
237,8.730486,0.006812,2.186589,0.082535,1.000000,1.082535
238,8.693918,0.173759,2.179026,0.416844,-2.000000,-2.416844
239,8.667128,2.398129,2.176344,1.548589,-1.000000,0.548589
240,8.630438,0.008253,2.167507,0.090847,1.000000,0.909153
241,8.660904,15.850890,2.175160,3.981318,1.000000,-2.981318
242,8.660132,8.477239,2.178254,2.911570,4.000000,1.088430
243,8.684643,14.518143,2.185083,3.810268,-3.000000,0.810268
244,8.975416,78.470252,2.212888,8.858344,10.000000,1.141656
245,8.970393,7.764766,2.215268,2.786533,-4.000000,-1.213467
246,9.117120,44.478452,2.233673,6.669217,-1.000000,5.669217
247,9.266195,45.342367,2.252192,6.733674,-7.000000,-0.266326
248,9.229333,0.271752,2.245098,0.521298,1.000000,1.521298
249,9.201794,2.482468,2.242365,1.575585,0.000000,1.575585
250,9.184945,5.056896,2.242391,2.248754,2.000000,-0.248754
251,9.180798,8.160529,2.244878,2.856664,0.000000,2.856664
252,9.189089,11.237097,2.249343,3.352178,-2.000000,-5.352178
253,9.169346,4.273098,2.248611,2.067147,-2.000000,0.067147
254,9.136249,0.894913,2.243401,0.945998,1.000000,0.054002
255,9.118506,4.682821,2.243084,2.163983,0.000000,2.163983
256,9.086628,1.085324,2.238317,1.041789,-1.000000,0.041789
257,9.071711,5.312522,2.238580,2.304891,0.000000,2.304891
258,9.049460,3.419921,2.237048,1.849303,3.000000,1.150697
259,9.147742,34.111394,2.251179,5.840496,-4.000000,1.840496
260,9.131550,5.002531,2.251122,2.236634,0.000000,-2.236634
261,9.100550,1.164768,2.246562,1.079244,1.000000,2.079244
262,9.100288,9.032978,2.249504,3.005491,-1.000000,2.005491
263,9.075779,2.752341,2.247224,1.659018,1.000000,-0.659018
264,9.041596,0.188072,2.240249,0.433673,1.000000,0.566327
265,9.030703,6.198531,2.241205,2.489685,-3.000000,-0.510315
266,8.999650,0.894845,2.236261,0.945962,0.000000,0.945962
267,8.972568,1.877136,2.232967,1.370086,0.000000,1.370086
268,8.939275,0.183285,2.226131,0.428118,-1.000000,-0.571882
269,8.927252,5.753104,2.226782,2.398563,3.000000,0.601437
270,8.911100,4.630989,2.226500,2.151973,-1.000000,1.151973
271,8.877940,0.057253,2.219058,0.239277,0.000000,-0.239277
272,8.845329,0.138205,2.212165,0.371760,0.000000,-0.371760
273,8.832247,5.326162,2.212520,2.307848,0.000000,2.307848
274,8.838845,10.613929,2.216392,3.257903,4.000000,0.742097
275,8.829042,6.182057,2.217388,2.486374,0.000000,-2.486374
276,9.216739,114.282624,2.248539,10.690305,-4.000000,6.690305
277,9.206684,6.471789,2.249621,2.543971,0.000000,2.543971
278,9.184333,3.082598,2.247818,1.755733,1.000000,-0.755733
279,9.151458,0.143555,2.241022,0.378887,0.000000,0.378887
280,9.127859,2.638146,2.238788,1.624237,-1.000000,0.624237
281,9.099098,1.161225,2.234596,1.077602,1.000000,-0.077602
282,9.074312,2.208463,2.231903,1.486090,-1.000000,0.486090
283,9.054137,3.445402,2.230556,1.856179,1.000000,-0.856179
284,9.054497,9.155080,2.233396,3.025736,-2.000000,1.025736
285,9.022336,0.017163,2.225915,0.131008,0.000000,-0.131008
286,8.995424,1.433062,2.222266,1.197106,0.000000,1.197106
287,8.964278,0.181222,2.215918,0.425702,0.000000,0.425702
288,8.936607,1.105806,2.211818,1.051573,1.000000,-0.051573
289,8.937540,9.202505,2.214702,3.033563,-2.000000,1.033563
290,8.906327,0.010477,2.207316,0.102357,1.000000,0.897643
291,8.878499,0.919842,2.202966,0.959084,-2.000000,-1.040916
292,8.854052,1.837577,2.200024,1.355573,2.000000,0.644427
293,8.851322,8.065186,2.202238,2.839927,-4.000000,-1.160073
294,8.821541,0.214753,2.196242,0.463415,2.000000,1.536585
295,8.853968,18.257932,2.203379,4.272930,1.000000,-3.272930
296,8.824457,0.236614,2.197499,0.486430,1.000000,0.513570
297,8.857909,18.625990,2.204728,4.315784,5.000000,0.684216
298,8.829551,0.520590,2.199684,0.721519,-1.000000,-0.278481
299,8.921525,35.961913,2.212555,5.996825,-6.000000,-0.003175
300,8.902489,3.286805,2.211205,1.812955,-1.000000,0.812955
301,8.880533,2.381633,2.208956,1.543254,-1.000000,0.543254
302,8.850758,0.007571,2.201836,0.087013,0.000000,0.087013
303,8.834577,4.012808,2.201171,2.003199,1.000000,-1.003199
304,8.811842,2.013849,2.198564,1.419101,1.000000,-0.419101
305,8.796718,4.259487,2.198117,2.063852,-1.000000,1.063852
306,8.768162,0.172934,2.192215,0.415853,0.000000,-0.415853
307,8.751358,3.676642,2.191308,1.917457,-1.000000,0.917457
308,8.734536,3.637488,2.190374,1.907220,0.000000,1.907220
309,8.731588,7.835302,2.192370,2.799161,-2.000000,0.799161
310,8.737670,10.592584,2.195841,3.254625,2.000000,-1.254625
311,8.710604,0.428484,2.190821,0.654587,0.000000,-0.654587
312,8.690935,2.652580,2.188996,1.628674,-1.000000,0.628674
313,8.674936,3.747281,2.188176,1.935790,1.000000,-0.935790
314,8.648619,0.516682,2.183437,0.718806,-1.000000,-0.281194
315,8.621236,0.132357,2.177586,0.363808,0.000000,0.363808
316,8.603579,3.112198,2.176261,1.764142,1.000000,-0.764142
317,8.576280,0.059142,2.170085,0.243191,0.000000,-0.243191
318,8.565861,5.304615,2.170508,2.303175,-2.000000,0.303175
319,8.541499,0.891747,2.166616,0.944323,-1.000000,-0.055677
320,8.516817,0.742281,2.162486,0.861557,0.000000,0.861557
321,8.491501,0.491384,2.157875,0.700988,-2.000000,-1.299012
322,8.471893,2.256243,2.155813,1.502079,-1.000000,0.502079
323,8.465052,6.289527,2.156917,2.507893,1.000000,-1.507893
324,8.452445,4.430966,2.156755,2.104986,1.000000,-1.104986
325,8.441492,4.936390,2.156957,2.221799,-2.000000,0.221799
326,8.416902,0.523697,2.152506,0.723669,1.000000,0.276331
327,8.402046,3.618378,2.151731,1.902203,-2.000000,-0.097797
328,8.568413,62.304889,2.169452,7.893345,8.000000,0.106655
329,8.546606,1.481134,2.166522,1.217019,0.000000,-1.217019
330,8.523612,1.050571,2.163020,1.024974,1.000000,-0.024974
331,8.556570,19.300794,2.169840,4.393267,-3.000000,1.393267
332,8.531151,0.219271,2.164652,0.468264,1.000000,0.531736
333,8.505417,0.064479,2.158845,0.253927,3.000000,2.746073
334,8.484654,1.653874,2.156200,1.286030,1.000000,-0.286030
335,8.459411,0.129029,2.150771,0.359207,-3.000000,-2.640793
336,8.434180,0.082972,2.145160,0.288049,0.000000,0.288049
337,8.408955,0.034046,2.139272,0.184516,1.000000,0.815484
338,8.429580,15.297647,2.144578,3.911221,-4.000000,-0.088779
339,8.425782,7.157409,2.146162,2.675333,-3.000000,-0.324667
340,8.400706,0.000316,2.139828,0.017767,1.000000,1.017767
341,8.376282,0.169654,2.134700,0.411890,0.000000,-0.411890
342,8.360663,3.097022,2.133591,1.759836,-2.000000,-0.240164
343,8.397918,20.990069,2.140812,4.581492,5.000000,0.418508
344,8.373481,0.089375,2.135395,0.298957,0.000000,-0.298957
345,8.366983,6.157678,2.136410,2.481467,2.000000,-0.481467
346,8.435522,31.807358,2.146654,5.639801,-6.000000,-0.360199
347,8.414252,1.140109,2.143508,1.067759,-1.000000,0.067759
348,8.426593,12.659320,2.147620,3.557994,3.000000,-0.557994
349,8.407225,1.744796,2.145224,1.320907,-2.000000,-0.679093
350,8.383366,0.151900,2.140150,0.389744,0.000000,0.389744
351,8.389573,10.537153,2.143337,3.246098,3.000000,-0.246098
352,8.435919,24.517895,2.151407,4.951555,4.000000,-0.951555
353,8.414306,0.893060,2.147950,0.945019,-2.000000,-1.054981
354,8.390652,0.135512,2.142865,0.368120,1.000000,0.631880
355,8.370461,1.303556,2.140013,1.141734,-1.000000,-2.141734
356,8.505748,55.991560,2.155191,7.482751,-3.000000,4.482751
357,8.499454,6.283939,2.156187,2.506779,-1.000000,1.506779
358,8.501852,9.348283,2.158733,3.057496,3.000000,-0.057496
359,8.490749,4.560306,2.158667,2.135487,1.000000,-1.135487
360,8.473424,2.323196,2.156885,1.524203,0.000000,1.524203
361,8.449743,0.019065,2.151230,0.138077,0.000000,0.138077
362,8.435555,3.370447,2.150349,1.835878,-1.000000,0.835878
363,8.476118,22.997724,2.157718,4.795594,-2.000000,2.795594
364,8.452593,0.007265,2.151961,0.085235,2.000000,1.914765
365,8.443434,5.146011,2.152284,2.268482,1.000000,-1.268482
366,8.420476,0.132872,2.147345,0.364516,0.000000,-0.364516
367,8.429779,11.797268,2.150892,3.434715,2.000000,-1.434715
368,8.411620,1.820029,2.148689,1.349084,-1.000000,0.349084
369,8.392561,1.454902,2.146107,1.206193,-2.000000,-0.793807
370,8.370627,0.365008,2.141894,0.604159,0.000000,0.604159
371,8.354801,2.562422,2.140419,1.600757,1.000000,-0.600757
372,8.351193,7.026824,2.141806,2.650816,-2.000000,0.650816
373,8.343844,5.639709,2.142438,2.374807,3.000000,0.625193
374,8.333788,4.622958,2.142458,2.150107,0.000000,-2.150107
375,8.337200,9.599629,2.145035,3.098327,-2.000000,1.098327
376,8.372355,21.414703,2.151708,4.627602,-3.000000,1.627602
377,8.357527,2.841723,2.150459,1.685741,0.000000,1.685741
378,8.361525,9.852580,2.153102,3.138882,2.000000,-1.138882
379,8.339548,0.120189,2.148285,0.346683,0.000000,-0.346683
380,8.372814,20.847766,2.154715,4.565935,-2.000000,2.565935
381,8.363471,4.850350,2.154841,2.202351,-2.000000,0.202351
382,8.357981,6.288466,2.155775,2.507681,2.000000,-0.507681
383,8.336231,0.114520,2.150979,0.338409,-1.000000,-1.338409
384,8.324055,3.709579,2.150387,1.926027,3.000000,1.073973
385,8.303300,0.416284,2.146437,0.645200,-1.000000,-1.645200
386,8.282504,0.359215,2.142387,0.599345,0.000000,0.599345
387,8.260885,0.002278,2.136918,0.047733,1.000000,0.952267
388,8.241351,0.760022,2.133623,0.871793,2.000000,1.128207
389,8.229444,3.656876,2.133048,1.912296,-1.000000,0.912296
390,8.210749,1.013527,2.130130,1.006741,1.000000,-0.006741
391,8.189994,0.178329,2.125717,0.422290,1.000000,0.577710
392,8.168886,0.000013,2.120248,0.003674,0.000000,0.003674
393,8.149442,0.605305,2.116798,0.778013,-1.000000,-0.221987
394,8.129706,0.452405,2.113095,0.672611,1.000000,0.327389
395,8.120225,4.422524,2.113069,2.102980,0.000000,-2.102980
396,8.106218,2.629703,2.111815,1.621636,0.000000,-1.621636
397,8.102950,6.821727,2.113087,2.611844,-2.000000,0.611844
398,8.099895,6.899358,2.114391,2.626663,-3.000000,-0.373337
399,8.100447,8.317963,2.116340,2.884088,2.000000,-0.884088
400,8.084842,1.920711,2.114495,1.385897,-1.000000,0.385897
401,8.072139,3.041792,2.113562,1.744073,1.000000,-0.744073
402,8.052584,0.289455,2.109603,0.538010,0.000000,0.538010
403,8.032416,0.005292,2.104498,0.072748,0.000000,-0.072748
404,8.014156,0.728359,2.101371,0.853439,2.000000,1.146561
405,7.998371,1.684465,2.099367,1.297869,0.000000,1.297869
406,7.978619,0.058129,2.094744,0.241100,-1.000000,-1.241100
407,7.973062,5.739040,2.095491,2.395629,2.000000,-0.395629
408,7.953937,0.246765,2.091534,0.496755,-1.000000,-1.496755
409,7.938700,1.782887,2.089666,1.335248,1.000000,-0.335248
410,7.942912,9.648888,2.092170,3.106266,3.000000,-0.106266
411,7.929084,2.314895,2.090768,1.521478,-3.000000,-1.478522
412,7.915791,2.505399,2.089523,1.582845,0.000000,1.582845
413,7.931079,14.168644,2.093618,3.764126,-2.000000,1.764126
414,7.914768,1.243639,2.091231,1.115186,0.000000,1.115186
415,7.895516,0.002287,2.086259,0.047817,-1.000000,-1.047817
416,7.888304,4.924050,2.086582,2.219020,0.000000,2.219020
417,7.869991,0.325150,2.082910,0.570220,-1.000000,-0.429780
418,7.851521,0.223104,2.079020,0.472339,1.000000,1.472339
419,7.868469,14.884898,2.083307,3.858095,5.000000,1.141905
420,7.871204,9.006508,2.085513,3.001084,1.000000,-2.001084
421,7.892004,16.544617,2.090266,4.067507,-4.000000,0.067507
422,7.887325,5.936333,2.091094,2.436459,4.000000,1.563541
423,7.876286,3.261886,2.090414,1.806069,1.000000,-0.806069
424,7.896958,16.558482,2.095125,4.069211,-4.000000,0.069211
425,7.887160,3.771999,2.094762,1.942164,-2.000000,-0.057836
426,7.871563,1.305102,2.092505,1.142411,-2.000000,-0.857589
427,7.857097,1.752799,2.090688,1.323933,-1.000000,0.323933
428,7.842214,1.546352,2.088690,1.243524,2.000000,0.756476
429,7.823775,0.005928,2.083957,0.076991,0.000000,0.076991
430,7.805410,0.000036,2.079079,0.005988,0.000000,-0.005988
431,7.796803,4.130384,2.078969,2.032335,2.000000,-0.032335
432,7.843201,27.655172,2.086399,5.258818,6.000000,0.741182
433,7.835183,4.403357,2.086427,2.098418,3.000000,0.901582
434,7.830464,5.805988,2.087178,2.409562,-1.000000,1.409562
435,7.825800,5.820217,2.087933,2.412513,-2.000000,0.412513
436,7.829391,9.377360,2.090189,3.062247,-4.000000,-0.937753
437,7.827712,7.102449,2.091516,2.665042,1.000000,-1.665042
438,7.810591,0.397027,2.088149,0.630100,0.000000,0.630100
439,7.851988,25.818343,2.095029,5.081175,-4.000000,1.081175
440,7.836793,1.227043,2.092765,1.107720,1.000000,-0.107720
441,7.831673,5.599425,2.093391,2.366310,-2.000000,0.366310
442,7.813864,0.031170,2.089015,0.176550,1.000000,1.176550
443,7.797207,0.501387,2.085869,0.708087,0.000000,-0.708087
444,7.867902,38.902975,2.095304,6.237225,7.000000,0.762775
445,7.996456,64.560362,2.108772,8.034946,6.000000,-2.034946
446,8.148831,75.346347,2.123640,8.680227,-10.000000,-1.319773
447,8.132378,0.859799,2.120939,0.927253,-2.000000,-1.072747
448,8.140758,11.853389,2.123917,3.442875,3.000000,-0.442875
449,8.249670,56.606234,2.136051,7.523711,8.000000,0.476289
450,8.251594,9.108011,2.138028,3.017948,4.000000,0.982052
451,8.239475,2.834573,2.137012,1.683619,-3.000000,-1.316381
452,8.221230,0.065538,2.132813,0.256004,0.000000,0.256004
453,8.330754,57.397279,2.144936,7.576099,-8.000000,-0.423901
454,8.314372,0.959126,2.142346,0.979350,0.000000,0.979350
455,8.302164,2.808652,2.141312,1.675903,2.000000,0.324097
456,8.311671,12.599116,2.144427,3.549523,4.000000,0.450477
457,8.303413,4.571021,2.144413,2.137995,-2.000000,0.137995
458,8.309887,11.242577,2.147075,3.352995,-3.000000,0.352995
459,8.305462,6.296561,2.147871,2.509295,4.000000,1.490705
460,8.303714,7.508216,2.149170,2.740112,1.000000,-1.740112
461,8.333734,22.023028,2.154736,4.692870,-4.000000,0.692870
462,8.321281,2.629936,2.153572,1.621708,-1.000000,0.621708
463,8.311072,3.635519,2.153035,1.906704,-3.000000,-1.093296
464,8.294360,0.623541,2.150071,0.789646,1.000000,0.210354
465,8.277004,0.293393,2.146582,0.541658,2.000000,1.458342
466,8.356532,45.018637,2.156458,6.709593,-6.000000,0.709593
467,8.377091,17.875690,2.160932,4.227965,4.000000,-0.227965
468,8.456576,45.257761,2.170774,6.727389,5.000000,-1.727389
469,8.443646,2.444124,2.169468,1.563370,-1.000000,0.563370
470,8.441528,7.456596,2.170672,2.730677,1.000000,-1.730677
471,8.440886,8.141926,2.172134,2.853406,2.000000,-0.853406
472,8.434035,5.234534,2.172381,2.287910,-1.000000,-3.287910
473,8.416074,0.010485,2.167968,0.102399,-1.000000,-0.897601
474,8.461326,29.684565,2.174947,5.448354,-5.000000,0.448354
475,8.444595,0.580755,2.171948,0.762073,0.000000,-0.762073
476,8.426963,0.122323,2.168087,0.349747,0.000000,-0.349747
477,8.412768,1.712678,2.166270,1.308693,-1.000000,0.308693
478,8.399451,2.100849,2.164758,1.449431,1.000000,-0.449431
479,8.381769,0.000130,2.160224,0.011388,1.000000,1.011388
480,8.391410,12.971009,2.163252,3.601529,0.000000,3.601529
481,8.395729,10.451557,2.165495,3.232887,-1.000000,2.232887
482,8.387984,4.693621,2.165497,2.166477,0.000000,-2.166477
483,8.370478,0.002895,2.161088,0.053804,0.000000,-0.053804
484,8.389817,17.652913,2.165339,4.201537,4.000000,-0.201537
485,8.378085,2.746622,2.164283,1.657294,1.000000,-0.657294
486,8.361016,0.150870,2.160599,0.388420,2.000000,1.611580
487,8.344651,0.456785,2.157525,0.675859,0.000000,0.675859
488,8.328860,0.701794,2.154798,0.837731,1.000000,0.162269
489,8.312313,0.303877,2.151491,0.551251,0.000000,-0.551251
490,8.295489,0.135635,2.147822,0.368287,1.000000,0.631713
491,8.289583,5.419074,2.148192,2.327890,-3.000000,-0.672110
492,8.272671,0.036798,2.144183,0.191829,1.000000,1.191829
493,8.260404,2.273813,2.142882,1.507917,-3.000000,-1.492083
494,8.263244,9.651991,2.144849,3.106765,-1.000000,2.106765
495,8.254544,3.991689,2.144550,1.997921,-2.000000,-0.002079
496,8.238099,0.163829,2.141014,0.404758,2.000000,1.595242
497,8.229325,3.912313,2.140683,1.977957,0.000000,-1.977957
498,8.332301,59.099726,2.151912,7.687635,7.000000,-0.687635
499,8.315760,0.144170,2.148331,0.379698,-1.000000,-0.620302
500,8.346460,23.543143,2.153783,4.852128,-5.000000,-0.147872
501,8.330249,0.289714,2.150532,0.538251,1.000000,0.461749
502,8.354957,20.634440,2.155335,4.542515,4.000000,-0.542515
503,8.399383,30.523700,2.162088,5.524826,-4.000000,1.524826
504,8.394332,5.873949,2.162611,2.423623,-2.000000,0.423623
505,8.383014,2.723889,2.161588,1.650421,2.000000,0.349579
506,8.367384,0.537065,2.158742,0.732847,4.000000,3.267153
507,8.368975,9.167406,2.160470,3.027772,-2.000000,1.027772
508,8.353496,0.567863,2.157678,0.753567,1.000000,1.753567
509,8.367303,15.325601,2.161158,3.914793,2.000000,-1.914793
510,8.461724,56.144610,2.171695,7.492971,-6.000000,1.492971
511,8.450243,2.640999,2.170617,1.625115,-2.000000,-3.625115
512,8.453449,10.078789,2.172594,3.174711,-2.000000,1.174711
513,8.439673,1.441572,2.170684,1.200655,-1.000000,0.200655
514,8.425029,0.970748,2.168360,0.985265,0.000000,0.985265
515,8.430086,11.009333,2.170610,3.318031,2.000000,-1.318031
516,8.414982,0.696933,2.168001,0.834825,0.000000,0.834825
517,8.404261,2.915059,2.167103,1.707354,2.000000,0.292646
518,8.387911,0.000199,2.162914,0.014101,0.000000,0.014101
519,8.372752,0.581018,2.160194,0.762245,0.000000,0.762245
520,8.357231,0.364307,2.157178,0.603579,0.000000,0.603579
521,8.347334,3.240076,2.156487,1.800021,-1.000000,0.800021
522,8.332241,0.529485,2.153728,0.727657,-1.000000,-1.727657
523,8.317233,0.543043,2.150998,0.736915,0.000000,0.736915
524,8.323016,11.324269,2.153333,3.365155,2.000000,-1.365155
525,8.307945,0.471335,2.150518,0.686538,0.000000,0.686538
526,8.293698,0.870963,2.148186,0.933254,1.000000,0.066746
527,8.282072,2.212930,2.146923,1.487592,-2.000000,-0.512408
528,8.274371,4.246777,2.146759,2.060771,1.000000,-1.060771
529,8.361787,54.167779,2.156688,7.359876,7.000000,-0.359876
530,8.378014,16.897236,2.160403,4.110625,5.000000,0.889375
531,8.397513,18.654093,2.164499,4.319038,-3.000000,1.319038
532,8.456569,39.578801,2.172315,6.291169,-6.000000,0.291169
533,8.440637,0.028827,2.168529,0.169785,-1.000000,-0.830215
534,8.425139,0.226493,2.165336,0.475913,2.000000,1.524087
535,8.424983,8.342584,2.166697,2.888353,2.000000,-0.888353
536,8.410476,0.707026,2.164205,0.840848,1.000000,0.159152
537,8.554982,85.432422,2.177486,9.242966,-8.000000,1.242966
538,8.541324,1.261686,2.175512,1.123248,-1.000000,0.123248
539,8.525866,0.271068,2.172419,0.520642,0.000000,0.520642
540,8.536279,14.107049,2.175373,3.755935,3.000000,-0.755935
541,8.525033,2.497523,2.174265,1.580355,-1.000000,0.580355
542,8.515237,3.254901,2.173577,1.804134,-1.000000,-2.804134
543,8.523387,12.907640,2.176210,3.592720,-3.000000,0.592720
544,8.540585,17.810679,2.179995,4.220270,4.000000,-0.220270
545,8.524891,0.049781,2.176378,0.223116,0.000000,0.223116
546,8.514692,2.997325,2.175557,1.731279,0.000000,1.731279
547,8.501430,1.313423,2.173661,1.146047,1.000000,-0.146047
548,8.490868,2.755847,2.172717,1.660074,0.000000,1.660074
549,8.477670,1.297863,2.170820,1.139238,-1.000000,0.139238
550,8.464120,1.079281,2.168747,1.038884,1.000000,-0.038884
551,8.448668,0.011594,2.164979,0.107676,-1.000000,-1.107676
552,8.435054,0.988635,2.162843,0.994302,-1.000000,-0.005698
553,8.421434,0.957552,2.160686,0.978546,-1.000000,-0.021454
554,8.406139,0.009105,2.156931,0.095420,1.000000,0.904580
555,8.395768,2.691461,2.155994,1.640567,2.000000,0.359433
556,8.380562,0.002114,2.152171,0.045974,0.000000,0.045974
557,8.370130,2.611711,2.151202,1.616079,1.000000,-0.616079
558,8.377317,12.351682,2.153663,3.514496,3.000000,-0.514496
559,8.371389,5.087307,2.153846,2.255506,-1.000000,1.255506
560,8.360407,2.265499,2.152679,1.505157,0.000000,1.505157
561,8.358634,7.372869,2.153689,2.715303,0.000000,2.715303
562,8.363734,11.204234,2.155829,3.347273,4.000000,0.652727
563,8.373467,13.804874,2.158619,3.715491,3.000000,-0.715491
564,8.535610,99.173432,2.172547,9.958586,-10.000000,-0.041414
565,8.521900,0.844065,2.170312,0.918730,-2.000000,-1.081270
566,8.508014,0.718003,2.167958,0.847350,0.000000,0.847350
567,8.525146,18.153696,2.171675,4.260715,-2.000000,2.260715
568,8.514261,2.386034,2.170564,1.544679,3.000000,1.455321
569,8.507833,4.882186,2.170633,2.209567,1.000000,-1.209567
570,8.492841,0.022474,2.167062,0.149912,1.000000,0.850088
571,8.483156,3.001173,2.166296,1.732389,-1.000000,0.732389
572,8.468510,0.164282,2.163196,0.405318,-1.000000,-1.405318
573,8.453991,0.207216,2.160194,0.455209,0.000000,-0.455209
574,8.441367,1.258636,2.158372,1.121889,2.000000,0.878111
575,8.532281,60.352983,2.168198,7.768718,8.000000,0.231282
576,8.546835,16.857470,2.171585,4.105785,2.000000,-2.105785
577,8.717918,106.577191,2.185812,10.323623,-8.000000,2.323623
578,8.703934,0.690858,2.183452,0.831178,1.000000,1.831178
579,8.721438,18.768747,2.187189,4.332291,-4.000000,0.332291
580,8.729185,13.183606,2.189696,3.630924,2.000000,-1.630924
581,8.714098,0.024231,2.186170,0.155664,0.000000,0.155664
582,8.756660,33.314816,2.192374,5.771899,-4.000000,1.771899
583,8.742396,0.498125,2.189807,0.705780,1.000000,0.294220
584,8.727333,0.005920,2.186164,0.076941,1.000000,1.076941
585,8.731914,11.388635,2.188209,3.374705,4.000000,0.625295
586,8.804159,50.778476,2.196693,7.125902,7.000000,-0.125902
587,8.867552,45.762165,2.204529,6.764774,-6.000000,0.764774
588,8.873059,12.083993,2.206706,3.476204,-4.000000,-0.523796
589,8.879716,12.767276,2.209042,3.573133,-3.000000,0.573133
590,8.865056,0.288715,2.206189,0.537322,1.000000,1.537322
591,8.850050,0.056776,2.202837,0.238277,0.000000,0.238277
592,8.835770,0.453487,2.200236,0.673415,-1.000000,-0.326585
593,8.830593,5.786111,2.200584,2.405434,2.000000,-0.405434
594,8.859818,26.073501,2.205509,5.106222,-2.000000,3.106222
595,8.845440,0.362366,2.202796,0.601968,0.000000,-0.601968
596,8.830695,0.116691,2.199652,0.341600,1.000000,0.658400
597,8.817090,0.762892,2.197415,0.873437,0.000000,0.873437
598,8.817305,8.944520,2.198751,2.990739,1.000000,-1.990739
599,8.813478,6.540733,2.199354,2.557486,-2.000000,0.557486
600,8.800104,0.842152,2.197203,0.917689,1.000000,0.082311
601,8.785864,0.298917,2.194439,0.546733,-1.000000,-0.453267
602,8.772301,0.675361,2.192143,0.821804,1.000000,1.821804
603,8.759278,0.971300,2.190129,0.985546,3.000000,2.014454
604,8.746276,0.958397,2.188111,0.978978,-1.000000,-0.021022
605,8.741484,5.866137,2.188500,2.422011,2.000000,-0.422011
606,8.751592,14.826565,2.191261,3.850528,-4.000000,-0.149472
607,8.776453,23.742661,2.195707,4.872644,0.000000,4.872644
608,8.763898,1.193038,2.193880,1.092263,1.000000,2.092263
609,8.754915,3.329540,2.193270,1.824703,2.000000,0.175297
610,8.740951,0.292725,2.190544,0.541040,2.000000,1.458960
611,8.743781,10.458694,2.192263,3.233990,3.000000,-0.233990
612,8.844052,69.708565,2.202389,8.349166,-8.000000,0.349166
613,8.829571,0.025227,2.199034,0.158830,1.000000,0.841170
614,8.815705,0.371210,2.196427,0.609270,-1.000000,-0.390730
615,8.801278,0.000559,2.192871,0.023640,0.000000,0.023640
616,8.807289,12.480222,2.195061,3.532736,1.000000,4.532736
617,8.833037,24.590461,2.199569,4.958877,2.000000,-2.958877
618,8.832119,8.269539,2.200671,2.875681,-4.000000,-1.124319
619,8.841274,14.462327,2.203276,3.802937,-2.000000,1.802937
620,8.831452,2.790902,2.202411,1.670599,1.000000,-0.670599
621,8.822195,3.120357,2.201705,1.766453,1.000000,-0.766453
622,8.808126,0.127091,2.198719,0.356499,1.000000,1.356499
623,8.794128,0.143792,2.195779,0.379200,0.000000,-0.379200
624,8.793499,8.404136,2.196913,2.898989,5.000000,2.101011
625,8.782436,1.923343,2.195609,1.386847,0.000000,-1.386847
626,8.790132,13.569031,2.198001,3.683617,3.000000,-0.683617
627,8.778155,1.328351,2.196323,1.152541,-2.000000,-0.847459
628,8.765760,1.043701,2.194441,1.021617,2.000000,0.978383
629,8.754188,1.533740,2.192911,1.238442,1.000000,-0.238442
630,8.755298,9.448909,2.194318,3.073908,-4.000000,-0.926092
631,8.741783,0.281049,2.191664,0.530140,2.000000,1.469860
632,8.741953,8.848760,2.192911,2.974687,2.000000,-0.974687
633,8.760395,20.342057,2.196595,4.510217,-5.000000,-0.489783
634,8.754301,4.921217,2.196630,2.218382,-1.000000,1.218382
635,8.750739,6.506713,2.197191,2.550826,-3.000000,-0.449174
636,8.779934,27.201959,2.201967,5.215550,5.000000,-0.215550
637,8.780243,8.975144,2.203221,2.995854,3.000000,0.004146
638,8.766395,0.000853,2.199792,0.029203,0.000000,-0.029203
639,8.765132,7.964667,2.200772,2.822174,-2.000000,0.822174
640,8.789267,24.114518,2.205033,4.910654,5.000000,0.089346
641,8.791852,10.435818,2.206643,3.230452,-3.000000,0.230452
642,8.795676,11.231756,2.208437,3.351381,-3.000000,0.351381
643,8.785644,2.385166,2.207398,1.544398,-3.000000,-1.455602
644,8.808485,23.404269,2.211508,4.837796,-4.000000,0.837796
645,8.795432,0.441278,2.209094,0.664288,-1.000000,-0.335712
646,8.785953,2.709639,2.208217,1.646098,2.000000,0.353902
647,8.794354,14.188253,2.210641,3.766730,3.000000,-0.766730
648,8.783889,2.054847,2.209434,1.433474,1.000000,-0.433474
649,8.803951,21.723488,2.213235,4.660846,-3.000000,1.660846
650,8.815162,16.046659,2.216010,4.005828,-3.000000,1.005828
651,8.807427,3.810380,2.215602,1.952020,-2.000000,-0.047980
652,8.794875,0.673762,2.213449,0.820830,0.000000,-0.820830
653,8.781534,0.136388,2.210608,0.369307,0.000000,-0.369307
654,8.768032,0.005671,2.207323,0.075306,0.000000,-0.075306
655,8.758434,2.519757,2.206370,1.587374,1.000000,2.587374
656,8.750186,3.380679,2.205806,1.838662,1.000000,-0.838662
657,8.737534,0.488267,2.203499,0.698761,0.000000,-0.698761
658,8.724178,0.002874,2.200211,0.053613,0.000000,-0.053613
659,8.711278,0.274756,2.197652,0.524172,-1.000000,-0.475828
660,8.698225,0.148182,2.194889,0.384944,1.000000,0.615056
661,8.692737,5.092883,2.194983,2.256742,-3.000000,-0.743258
662,8.696633,11.256217,2.196746,3.355029,-1.000000,2.355029
663,8.684549,0.733036,2.194712,0.856175,1.000000,0.143825
664,8.675823,2.925776,2.193978,1.710490,1.000000,-0.710490
665,8.675199,8.263233,2.195008,2.874584,0.000000,2.874584
666,8.664453,1.561564,2.193580,1.249626,-2.000000,-0.750374
667,8.664490,8.688993,2.194717,2.947710,3.000000,0.052290
668,8.651747,0.203066,2.192091,0.450629,0.000000,0.450629
669,8.640702,1.306865,2.190513,1.143182,-1.000000,0.143182
670,8.673429,30.436850,2.195508,5.516960,7.000000,1.483040
671,8.660448,0.014660,2.192398,0.121077,-1.000000,-0.878923
672,8.692040,29.764207,2.197283,5.455658,-6.000000,-0.544342
673,8.684739,3.807823,2.196916,1.951364,-2.000000,-0.048636
674,8.673253,0.988999,2.195121,0.994485,1.000000,0.005515
675,8.668559,5.523492,2.195352,2.350211,2.000000,-0.350211
676,8.673843,12.219129,2.197287,3.495587,-4.000000,-0.504413
677,8.666043,3.424865,2.196772,1.850639,3.000000,1.149361
678,8.654092,0.610615,2.194672,0.781418,0.000000,-0.781418
679,8.652321,7.458615,2.195467,2.731046,-2.000000,0.731046
680,8.667884,19.172912,2.198696,4.378688,2.000000,-2.378688
681,8.681258,17.722403,2.201667,4.209798,4.000000,-0.209798
682,8.668539,0.058025,2.198775,0.240885,-1.000000,-0.759115
683,8.673404,11.971837,2.200632,3.460034,-2.000000,1.460034
684,8.667775,4.845369,2.200633,2.201220,2.000000,-0.201220
685,8.672382,11.805121,2.202447,3.435858,-4.000000,-0.564142
686,8.661318,1.126648,2.200774,1.061437,-1.000000,0.061437
687,8.648834,0.134925,2.198090,0.367321,1.000000,0.632679
688,8.638993,1.917784,2.196901,1.384841,1.000000,-0.384841
689,8.627292,0.623333,2.194846,0.789515,-1.000000,-0.210485
690,8.619119,3.021018,2.194180,1.738108,-2.000000,-0.261892
691,8.607611,0.713230,2.192216,0.844529,0.000000,-0.844529
692,8.597768,1.835420,2.190998,1.354777,0.000000,1.354777
693,8.592452,4.935267,2.191043,2.221546,2.000000,-0.221546
694,8.580073,0.050626,2.188193,0.225003,0.000000,0.225003
695,8.572205,3.143296,2.187592,1.772934,1.000000,-0.772934
696,8.561869,1.419533,2.186153,1.191442,-1.000000,0.191442
697,8.549514,0.000035,2.183007,0.005901,-1.000000,-1.005901
698,8.567211,20.831363,2.186438,4.564139,-1.000000,3.564139
699,8.559529,3.227979,2.185877,1.796658,-1.000000,0.796658
700,8.551967,3.296728,2.185345,1.815689,2.000000,0.184311
701,8.542348,1.847071,2.184160,1.359070,1.000000,-0.359070
702,8.530151,0.029389,2.181276,0.171433,-1.000000,-0.828567
703,8.518034,0.060389,2.178507,0.245742,0.000000,-0.245742
704,8.507256,0.972866,2.176804,0.986340,1.000000,0.013660
705,8.500444,3.732102,2.176455,1.931865,-3.000000,-1.068135
706,8.489133,0.560346,2.174421,0.748563,-1.000000,-0.251437
707,8.477516,0.322617,2.172135,0.567994,0.000000,0.567994
708,8.467198,1.213209,2.170615,1.101458,1.000000,-0.101458
709,8.476744,15.197612,2.173065,3.898411,3.000000,-0.898411
710,8.464744,0.004571,2.170083,0.067606,0.000000,-0.067606
711,8.459589,4.820124,2.170119,2.195478,-2.000000,0.195478
712,8.450970,2.357350,2.169223,1.535367,1.000000,-0.535367
713,8.441477,1.719979,2.168013,1.311480,1.000000,-0.311480
714,8.431342,1.246151,2.166531,1.116311,0.000000,-1.116311
715,8.419616,0.093802,2.163915,0.306271,-1.000000,-0.693729
716,8.415419,5.431431,2.164149,2.330543,-2.000000,0.330543
717,8.406809,2.276273,2.163230,1.508732,1.000000,-0.508732
718,8.395671,0.454858,2.161145,0.674432,-2.000000,-1.325568
719,8.384119,0.135577,2.158637,0.368207,1.000000,0.631793
720,8.382965,7.558053,2.159462,2.749191,1.000000,-1.749191
721,8.371672,0.285735,2.157196,0.534542,1.000000,0.465458
722,8.360408,0.284057,2.154933,0.532970,0.000000,-0.532970
723,8.349948,0.840178,2.153211,0.916612,1.000000,0.083388
724,8.338447,0.068768,2.150585,0.262237,-1.000000,-1.262237
725,8.348943,15.906524,2.153134,3.988298,-1.000000,2.988298
726,8.351641,10.296248,2.154596,3.208777,3.000000,-0.208777
727,8.340090,0.000412,2.151644,0.020304,0.000000,0.020304
728,8.331485,2.110477,2.150678,1.452748,-1.000000,0.452748
729,8.320845,0.617236,2.148796,0.785643,0.000000,-0.785643
730,8.309843,0.333454,2.146631,0.577455,-2.000000,-1.422545
731,8.298420,0.004975,2.143776,0.070532,0.000000,-0.070532
732,8.287495,0.345329,2.141638,0.587647,0.000000,-0.587647
733,8.285964,7.171601,2.142374,2.677984,-3.000000,-0.322016
734,8.276455,1.344114,2.141027,1.159359,1.000000,-0.159359
735,8.266559,1.042554,2.139495,1.021055,0.000000,-1.021055
736,8.269945,10.745270,2.141050,3.277998,3.000000,-0.277998
737,8.260898,1.638645,2.139876,1.280096,-1.000000,0.280096
738,8.252391,2.016467,2.138895,1.420024,2.000000,0.579976
739,8.241172,0.006154,2.136092,0.078446,1.000000,0.921554
740,8.230020,0.033367,2.133438,0.182666,0.000000,0.182666
741,8.222449,2.650340,2.132752,1.627986,0.000000,-1.627986
742,8.222044,7.923333,2.133676,2.814842,-2.000000,0.814842
743,8.217586,4.927709,2.133793,2.219844,3.000000,0.780156
744,8.211849,3.972494,2.133603,1.993112,-2.000000,-0.006888
745,8.254713,39.973535,2.139256,6.322463,-5.000000,1.322463
746,8.252115,6.327545,2.139763,2.515461,3.000000,0.484539
747,8.246890,4.369815,2.139696,2.090410,0.000000,-2.090410
748,8.236082,0.205546,2.137430,0.453372,0.000000,0.453372
749,8.225158,0.097765,2.134980,0.312674,0.000000,-0.312674
750,8.221631,5.593844,2.135289,2.365131,-1.000000,1.365131
751,8.210626,0.001438,2.132481,0.037920,0.000000,-0.037920
752,8.212077,9.295521,2.133706,3.048856,-2.000000,1.048856
753,8.213794,9.498046,2.134972,3.081890,-1.000000,2.081890
754,8.203420,0.433458,2.133003,0.658375,0.000000,0.658375
755,8.192776,0.210149,2.130773,0.458420,3.000000,2.541580
756,8.183659,1.336501,2.129477,1.156071,3.000000,1.843929
757,8.175654,2.155884,2.128599,1.468293,-1.000000,0.468293
758,8.171063,4.713930,2.128656,2.171159,-3.000000,-0.828841
759,8.163209,2.241600,2.127819,1.497198,0.000000,1.497198
760,8.152454,0.032113,2.125242,0.179202,0.000000,0.179202
761,8.141697,0.009640,2.122564,0.098185,1.000000,0.901815
762,8.132581,1.231324,2.121228,1.109650,-2.000000,-0.890350
763,8.139987,13.754273,2.123319,3.708675,2.000000,-1.708675
764,8.140620,8.620974,2.124389,2.936149,2.000000,-0.936149
765,8.130180,0.195756,2.122179,0.442443,1.000000,0.557557
766,8.119961,0.343099,2.120162,0.585747,0.000000,0.585747
767,8.116798,5.706984,2.120515,2.388930,-1.000000,1.388930
768,8.106183,0.006735,2.117846,0.082067,0.000000,-0.082067
769,8.097576,1.521497,2.116690,1.233490,0.000000,1.233490
770,8.095864,6.786690,2.117328,2.605128,1.000000,-1.605128
771,8.085804,0.379626,2.115371,0.616138,-1.000000,-0.383862
772,8.076488,0.930982,2.113873,0.964874,0.000000,0.964874
773,8.105238,30.185182,2.118268,5.494104,6.000000,0.505896
774,8.099338,3.562107,2.117968,1.887355,-2.000000,-0.112645
775,8.095525,5.159437,2.118168,2.271439,-3.000000,-0.728561
776,8.092541,5.792513,2.118541,2.406764,-1.000000,1.406764
777,8.099617,13.562041,2.120565,3.682668,4.000000,0.317332
778,8.097907,6.776114,2.121188,2.603097,-4.000000,-1.396903
779,8.090627,2.455710,2.120473,1.567070,1.000000,-0.567070
780,8.082252,1.592056,2.119367,1.261767,-1.000000,0.261767
781,8.072677,0.642165,2.117670,0.801352,1.000000,1.801352
782,8.070980,6.752619,2.118289,2.598580,-2.000000,0.598580
783,8.065386,3.712779,2.118043,1.926857,1.000000,2.926857
784,8.055850,0.627323,2.116343,0.792037,1.000000,0.207963
785,8.046280,0.581665,2.114610,0.762670,-1.000000,-0.237330
786,8.038966,2.327042,2.113856,1.525464,2.000000,0.474536
787,8.028892,0.150954,2.111653,0.388528,1.000000,0.611472
788,8.056079,29.343854,2.115869,5.416997,6.000000,0.583003
789,8.045823,0.004784,2.113261,0.069163,1.000000,1.069163
790,8.047426,9.305497,2.114454,3.050491,-2.000000,1.050491
791,8.045705,6.693012,2.115054,2.587086,-3.000000,-0.412914
792,8.053074,13.852421,2.117093,3.721884,-4.000000,-0.278116
793,8.051361,6.702236,2.117691,2.588868,3.000000,0.411132
794,8.041881,0.561754,2.115960,0.749503,0.000000,-0.749503
795,8.067602,28.386928,2.120020,5.327938,-5.000000,0.327938
796,8.058002,0.465042,2.118204,0.681940,1.000000,1.681940
797,8.050874,2.404927,2.117489,1.550783,-1.000000,0.550783
798,8.040758,0.018917,2.114995,0.137540,2.000000,1.862460
799,8.035344,3.736745,2.114766,1.933066,2.000000,0.066934
800,8.036121,8.654111,2.115805,2.941787,-2.000000,-4.941787
801,8.028673,2.099470,2.114969,1.448955,1.000000,2.448955
802,8.045139,21.168624,2.118084,4.600937,7.000000,2.399063
803,8.048764,10.941634,2.119573,3.307814,-3.000000,0.307814
804,8.066360,22.125760,2.122803,4.703803,3.000000,-1.703803
805,8.057155,0.693190,2.121192,0.832581,1.000000,0.167419
806,8.047629,0.417266,2.119353,0.645961,0.000000,0.645961
807,8.043474,4.711157,2.119417,2.170520,1.000000,-1.170520
808,8.041142,6.168763,2.119870,2.483699,1.000000,-1.483699
809,8.039735,6.908004,2.120501,2.628308,-4.000000,-1.371692
810,8.068536,31.253740,2.124807,5.590504,-5.000000,0.590504
811,8.058543,0.003687,2.122249,0.060720,0.000000,-0.060720
812,8.048628,0.047348,2.119892,0.217595,0.000000,0.217595
813,8.040507,1.478603,2.118774,1.215978,-1.000000,0.215978
814,8.031173,0.480577,2.117014,0.693237,0.000000,0.693237
815,8.042219,16.988984,2.119486,4.121770,-3.000000,1.121770
816,8.042609,8.359276,2.120437,2.891241,-1.000000,1.891241
817,8.040419,6.262272,2.120907,2.502453,2.000000,-0.502453
818,8.045595,12.253653,2.122602,3.500522,3.000000,-0.500522
819,8.040609,3.981848,2.122446,1.995457,-1.000000,0.995457
820,8.042776,9.808895,2.123683,3.131915,-2.000000,1.131915
821,8.033363,0.352186,2.121810,0.593453,-1.000000,-1.593453
822,8.031417,6.441466,2.122318,2.538004,3.000000,0.461996
823,8.040352,15.349565,2.124511,3.917852,-3.000000,0.917852
824,8.034709,3.413090,2.124173,1.847455,1.000000,-0.847455
825,8.024949,0.021023,2.121762,0.144993,0.000000,0.144993
826,8.015867,0.559582,2.120091,0.748052,1.000000,0.251948
827,8.010975,3.989744,2.119942,1.997434,-1.000000,0.997434
828,8.010898,7.947780,2.120791,2.819181,-2.000000,0.819181
829,8.006213,4.145800,2.120688,2.036124,2.000000,-0.036124
830,7.996521,0.000411,2.118145,0.020262,1.000000,0.979738
831,7.986859,0.006592,2.115682,0.081190,0.000000,0.081190
832,7.979894,2.219597,2.114926,1.489831,-1.000000,0.489831
833,7.971115,0.702200,2.113386,0.837974,0.000000,0.837974
834,7.981350,16.466126,2.115729,4.057847,0.000000,4.057847
835,7.973201,1.209283,2.114506,1.099674,1.000000,2.099674
836,7.973497,8.219308,2.115410,2.866933,-1.000000,1.866933
837,7.964654,0.607257,2.113806,0.779267,0.000000,0.779267
838,7.957010,1.590104,2.112784,1.260993,0.000000,1.260993
839,7.947603,0.101757,2.110635,0.318994,0.000000,0.318994
840,7.938977,0.736901,2.109138,0.858429,-1.000000,-0.141571
841,7.937392,6.611703,2.109690,2.571323,2.000000,-0.571323
842,7.927921,0.000712,2.107204,0.026688,0.000000,-0.026688
843,7.918591,0.100587,2.105071,0.317155,1.000000,0.682845
844,7.925331,13.579772,2.106951,3.685074,-2.000000,1.685074
845,7.916092,0.155741,2.104915,0.394640,1.000000,0.605360
846,7.906920,0.192895,2.102937,0.439198,1.000000,1.439198
847,7.898212,0.566214,2.101335,0.752472,0.000000,0.752472
848,7.889979,0.949214,2.100000,0.974276,0.000000,0.974276
849,7.886935,5.317799,2.100244,2.306035,3.000000,0.693965
850,7.908605,26.220242,2.103814,5.120570,5.000000,-0.120570
851,7.899288,0.017123,2.101484,0.130857,1.000000,1.130857
852,7.903944,11.847396,2.103065,3.442005,2.000000,-1.442005
853,7.917998,19.836035,2.105834,4.453766,-5.000000,-0.546234
854,7.921749,11.106248,2.107277,3.332604,-5.000000,-1.667396
855,7.930455,15.330296,2.109402,3.915392,6.000000,2.084608
856,8.000639,67.727241,2.116585,8.229656,8.000000,-0.229656
857,8.146011,132.003323,2.127573,11.489270,-13.000000,-1.510730
858,8.143639,6.119860,2.127979,2.473835,-1.000000,1.473835
859,8.135342,1.049910,2.126688,1.024651,-1.000000,-2.024651
860,8.131904,5.192482,2.126866,2.278702,-1.000000,1.278702
861,8.123221,0.690254,2.125354,0.830815,1.000000,1.830815
862,8.137039,19.978918,2.128086,4.469778,2.000000,-2.469778
863,8.150562,19.753677,2.130783,4.444511,4.000000,-0.444511
864,8.148224,6.140134,2.131186,2.477929,1.000000,-1.477929
865,8.168386,25.507303,2.134577,5.050475,-5.000000,0.050475
866,8.159012,0.087751,2.132444,0.296229,0.000000,-0.296229
867,8.156805,6.254834,2.132871,2.500967,0.000000,2.500967
868,8.147491,0.109269,2.130785,0.330559,0.000000,0.330559
869,8.142799,4.089232,2.130660,2.022185,2.000000,-0.022185
870,8.133890,0.427334,2.128954,0.653708,1.000000,0.346292
871,8.160745,31.417445,2.132964,5.605127,8.000000,2.394873
872,8.158591,6.290600,2.133396,2.508107,-5.000000,-2.491893
873,8.171254,19.163263,2.135978,4.377586,-5.000000,-0.622414
874,8.162000,0.119979,2.133921,0.346380,1.000000,1.346380
875,8.153266,0.554568,2.132326,0.744693,1.000000,1.744693
876,8.143919,0.002695,2.129941,0.051917,0.000000,0.051917
877,8.136093,1.311749,2.128813,1.145316,-1.000000,-2.145316
878,8.127692,0.793565,2.127396,0.890823,-1.000000,-0.109177
879,8.121485,2.696631,2.126842,1.642142,-1.000000,-2.642142
880,8.113028,0.713404,2.125378,0.844632,0.000000,0.844632
881,8.103790,0.011345,2.123076,0.106514,1.000000,1.106514
882,8.106762,10.713154,2.124386,3.273096,-1.000000,2.273096
883,8.097939,0.351461,2.122643,0.592842,1.000000,1.592842
884,8.091063,2.046785,2.121857,1.430659,-1.000000,0.430659
885,8.084965,2.718887,2.121320,1.648905,2.000000,0.351095
886,8.075798,0.000038,2.118922,0.006193,0.000000,-0.006193
887,8.066657,0.004075,2.116595,0.063834,0.000000,0.063834
888,8.059221,1.493332,2.115583,1.222020,1.000000,-0.222020
889,8.063754,12.070605,2.117118,3.474278,-2.000000,1.474278
890,8.055011,0.317290,2.115364,0.563285,-1.000000,-0.436715
891,8.046083,0.135752,2.113395,0.368445,0.000000,0.368445
892,8.037122,0.088892,2.111351,0.298148,1.000000,1.298148
893,8.028921,0.746619,2.109948,0.864071,0.000000,0.864071
894,8.020345,0.395970,2.108284,0.629261,1.000000,0.370739
895,8.014655,2.950866,2.107846,1.717808,2.000000,0.282192
896,8.029905,21.617350,2.110695,4.649446,6.000000,1.350554
897,8.056351,31.646026,2.114631,5.625480,7.000000,1.374520
898,8.162104,102.599873,2.123596,10.129160,-10.000000,0.129160
899,8.156645,3.275951,2.123245,1.809959,-4.000000,-2.190041
900,8.147541,0.000310,2.120895,0.017601,0.000000,-0.017601
901,8.141716,2.922133,2.120436,1.709425,-2.000000,-0.290575
902,8.136155,3.147917,2.120051,1.774237,1.000000,2.774237
903,8.127173,0.061007,2.117967,0.246996,1.000000,0.753004
904,8.118666,0.471037,2.116377,0.686321,0.000000,0.686321
905,8.109655,0.000076,2.114037,0.008715,-1.000000,-1.008715
906,8.101659,0.897061,2.112744,0.947133,0.000000,-0.947133
907,8.092687,0.000035,2.110411,0.005896,0.000000,0.005896
908,8.084798,0.961332,2.109161,0.980475,0.000000,0.980475
909,8.075904,0.035494,2.107038,0.188398,2.000000,2.188398
910,8.078521,10.447227,2.108280,3.232217,-1.000000,2.232217
911,8.080457,9.834062,2.109413,3.135931,-1.000000,2.135931
912,8.071596,0.035093,2.107296,0.187332,0.000000,0.187332
913,8.064052,1.213407,2.106190,1.101547,0.000000,1.101547
914,8.060786,5.092425,2.106355,2.256640,-1.000000,1.256640
915,8.052679,0.675114,2.104945,0.821653,1.000000,0.178347
916,8.048490,4.232366,2.104893,2.057271,2.000000,-0.057271
917,8.144823,96.000073,2.113319,9.797963,10.000000,0.202037
918,8.167874,29.213392,2.116920,5.404941,5.000000,-0.404941
919,8.321954,149.151206,2.127954,12.212748,-13.000000,-0.787252
920,8.317870,4.581654,2.127968,2.140480,-3.000000,-0.859520
921,8.310401,1.468575,2.126969,1.211848,-1.000000,-2.211848
922,8.311131,8.980029,2.127916,2.996670,3.000000,0.003330
923,8.302238,0.138947,2.126006,0.372755,0.000000,0.372755
924,8.294401,1.092294,2.124831,1.045128,-2.000000,-0.954872
925,8.285399,0.003694,2.122590,0.060782,2.000000,1.939218
926,8.291272,13.700387,2.124303,3.701403,-3.000000,0.701403
927,8.304040,20.075882,2.126855,4.480612,2.000000,-2.480612
928,8.303041,7.381138,2.127494,2.716825,-2.000000,0.716825
929,8.297138,2.842617,2.127017,1.686006,3.000000,1.313994
930,8.297899,9.001594,2.127960,3.000266,-2.000000,1.000266
931,8.289304,0.330797,2.126285,0.575149,1.000000,0.424851
932,8.287548,6.658887,2.126774,2.580482,-3.000000,-0.419518
933,8.281129,2.325055,2.126126,1.524813,3.000000,1.475187
934,8.272372,0.136843,2.124238,0.369923,-1.000000,-1.369923
935,8.264467,0.912921,2.122982,0.955469,1.000000,1.955469
936,8.255608,0.008165,2.120801,0.090360,0.000000,-0.090360
937,8.258945,11.368840,2.122142,3.371771,-2.000000,1.371771
938,8.250107,0.003720,2.119935,0.060988,1.000000,1.060988
939,8.243047,1.649511,2.119042,1.284333,2.000000,0.715667
940,8.304894,66.132083,2.125466,8.132163,-2.000000,6.132163
941,8.300701,4.375816,2.125430,2.091845,3.000000,0.908155
942,8.297882,5.656440,2.125700,2.378327,-2.000000,0.378327
943,8.289320,0.257861,2.123977,0.507800,1.000000,1.507800
944,8.282107,1.509229,2.123024,1.228507,-1.000000,0.228507
945,8.275272,1.850160,2.122213,1.360206,2.000000,0.639794
946,8.298242,29.912833,2.125767,5.469263,-4.000000,1.469263
947,8.290526,1.022048,2.124584,1.010964,2.000000,0.989036
948,8.282077,0.315513,2.122929,0.561706,0.000000,-0.561706
949,8.273888,0.543285,2.121462,0.737079,2.000000,1.262921
950,8.265185,0.040470,2.119432,0.201171,0.000000,-0.201171
951,8.260487,3.816044,2.119257,1.953470,2.000000,0.046530
952,8.256867,4.828885,2.119340,2.197473,-1.000000,1.197473
953,8.255431,6.894202,2.119873,2.625681,-2.000000,0.625681
954,8.248674,1.835915,2.119068,1.354959,-1.000000,0.354959
955,8.242384,2.267303,2.118423,1.505757,-1.000000,0.505757
956,8.234254,0.502959,2.116943,0.709196,0.000000,0.709196
957,8.227059,1.377254,2.115953,1.173565,1.000000,-0.173565
958,8.219838,1.338228,2.114947,1.156818,0.000000,1.156818
959,8.215995,4.550011,2.114966,2.133076,0.000000,2.133076
960,8.207503,0.097488,2.113081,0.312231,0.000000,-0.312231
961,8.198931,0.003945,2.110938,0.062805,0.000000,0.062805
962,8.191331,0.917624,2.109735,0.957927,1.000000,0.042073
963,8.199886,16.395547,2.111757,4.049142,4.000000,-0.049142
964,8.191452,0.104003,2.109893,0.322495,1.000000,1.322495
965,8.182948,0.019012,2.107841,0.137884,1.000000,1.137884
966,8.174544,0.098261,2.105976,0.313466,-1.000000,-0.686534
967,8.166389,0.321194,2.104378,0.566740,1.000000,0.433260
968,8.159757,1.772945,2.103576,1.331520,1.000000,-0.331520
969,8.151431,0.125120,2.101763,0.353723,1.000000,0.646277
970,8.180769,36.492203,2.105840,6.040878,-3.000000,3.040878
971,8.252162,77.218052,2.112750,8.787380,-7.000000,1.787380
972,8.255085,11.081205,2.114006,3.328844,2.000000,-1.328844
973,8.246950,0.372332,2.112454,0.610190,0.000000,0.610190
974,8.238846,0.386035,2.110917,0.621318,1.000000,0.378682
975,8.238202,7.613292,2.111585,2.759219,-1.000000,1.759219
976,8.234355,4.499232,2.111595,2.121139,3.000000,0.878861
977,8.238658,12.420750,2.113046,3.524308,3.000000,-0.524308
978,8.230575,0.365855,2.111498,0.604859,-1.000000,-0.395141
979,8.235791,13.316498,2.113075,3.649178,-3.000000,0.649178
980,8.235855,8.298523,2.113862,2.880716,-3.000000,-0.119284
981,8.232043,4.511520,2.113872,2.124034,2.000000,-0.124034
982,8.235970,12.071984,2.115263,3.474476,4.000000,0.525524
983,8.243236,15.349898,2.117105,3.917895,-4.000000,-0.082105
984,8.241279,6.324871,2.117510,2.514930,-1.000000,1.514930
985,8.232879,0.001359,2.115390,0.036864,1.000000,0.963136
986,8.228876,4.302075,2.115348,2.074144,-3.000000,-0.925856
987,8.224235,3.666581,2.115144,1.914832,-1.000000,0.914832
988,8.225235,9.207682,2.116078,3.034416,-2.000000,1.034416
989,8.221253,4.303688,2.116036,2.074533,1.000000,3.074533
990,8.226746,13.636926,2.117635,3.692821,3.000000,-0.692821
991,8.220097,1.664501,2.116796,1.290155,-2.000000,-0.709845
992,8.223173,11.259290,2.118050,3.355487,4.000000,0.644513
993,8.214871,0.011915,2.116019,0.109155,-1.000000,-1.109155
994,8.239546,32.643354,2.119653,5.713436,-4.000000,1.713436
995,8.231251,0.019097,2.117653,0.138192,1.000000,0.861808
996,8.226042,3.064472,2.117283,1.750563,0.000000,1.750563
997,8.218632,0.867708,2.116089,0.931508,1.000000,0.068492
998,8.218803,8.388621,2.116874,2.896312,3.000000,0.103688
999,8.212788,2.233578,2.116248,1.494516,-2.000000,-0.505484
1000,8.204568,0.025956,2.114285,0.161108,1.000000,0.838892
1001,8.197178,0.836907,2.113082,0.914826,-3.000000,-2.085174
1002,8.190434,1.466450,2.112178,1.210971,2.000000,0.789029
1003,8.193514,11.267534,2.113424,3.356715,-2.000000,1.356715
1004,8.187078,1.757277,2.112636,1.325623,0.000000,1.325623
1005,8.181429,2.532108,2.112116,1.591260,-1.000000,0.591260
1006,8.177786,4.531754,2.112132,2.128792,-1.000000,1.128792
1007,8.169755,0.122827,2.110376,0.350467,0.000000,-0.350467
1008,8.162619,1.004448,2.109272,1.002221,-1.000000,0.002221
1009,8.155906,1.416030,2.108357,1.189970,1.000000,-0.189970
1010,8.149112,1.321925,2.107404,1.149750,-1.000000,0.149750
1011,8.153941,13.011422,2.108894,3.607135,-3.000000,0.607135
1012,8.148989,3.162646,2.108566,1.778383,2.000000,0.221617
1013,8.145393,4.519877,2.108583,2.126000,2.000000,-0.126000
1014,8.137432,0.104967,2.106816,0.323987,0.000000,0.323987
1015,8.143880,14.656205,2.108519,3.828342,4.000000,0.171658
1016,8.143454,7.713395,2.109180,2.777300,3.000000,0.222700
1017,8.151670,16.466337,2.111104,4.057873,-4.000000,0.057873
1018,8.143877,0.249287,2.109514,0.499286,-1.000000,-0.500714
1019,8.139311,3.509293,2.109281,1.873311,-1.000000,0.873311
1020,8.133631,2.368839,2.108720,1.539103,1.000000,-0.539103
1021,8.150922,25.718059,2.111633,5.071298,-4.000000,1.071298
1022,8.143011,0.097501,2.109866,0.312252,0.000000,-0.312252
1023,8.136829,1.843797,2.109128,1.357865,0.000000,1.357865
1024,8.129946,1.115991,2.108096,1.056405,-1.000000,0.056405
1025,8.122373,0.398259,2.106649,0.631078,2.000000,1.368922
1026,8.115745,1.348888,2.105724,1.161416,1.000000,-0.161416
1027,8.108005,0.196972,2.104099,0.443815,-2.000000,-1.556185
1028,8.104560,4.580470,2.104135,2.140203,-2.000000,0.140203
1029,8.097660,1.032475,2.103073,1.016108,2.000000,0.983892
1030,8.091168,1.436697,2.102192,1.198623,1.000000,-0.198623
1031,8.102157,19.376428,2.104431,4.401866,-4.000000,0.401866
1032,8.094493,0.223983,2.102844,0.473268,1.000000,0.526732
1033,8.093618,7.194463,2.103407,2.682250,3.000000,0.317750
1034,8.086962,1.237497,2.102445,1.112428,-2.000000,-0.887572
1035,8.080188,1.102998,2.101425,1.050237,-1.000000,0.050237
1036,8.078344,6.176665,2.101797,2.485290,1.000000,3.485290
1037,8.071674,1.189092,2.100818,1.090455,2.000000,0.909545
1038,8.086373,23.269551,2.103451,4.823852,2.000000,-2.823852
1039,8.088652,10.446124,2.104541,3.232046,2.000000,-1.232046
1040,8.082412,1.623221,2.103740,1.274057,-3.000000,-1.725943
1041,8.080206,5.795120,2.104033,2.407305,-2.000000,0.407305
1042,8.076525,4.258922,2.103994,2.063716,-1.000000,1.063716
1043,8.068756,0.005411,2.102039,0.073560,0.000000,0.073560
1044,8.063685,2.793905,2.101626,1.671498,0.000000,1.671498
1045,8.058201,2.355469,2.101081,1.534754,-1.000000,0.534754
1046,8.051026,0.581678,2.099797,0.762678,0.000000,-0.762678
1047,8.043378,0.074420,2.098045,0.272799,1.000000,1.272799
1048,8.035676,0.002731,2.096085,0.052258,0.000000,0.052258
1049,8.031678,3.857275,2.095959,1.963995,-2.000000,-0.036005
1050,8.025259,1.317699,2.095053,1.147911,0.000000,-1.147911
1051,8.020411,2.948919,2.094692,1.717242,-2.000000,-0.282758
1052,8.020799,8.427006,2.095463,2.902931,2.000000,-0.902931
1053,8.013755,0.632112,2.094223,0.795055,-2.000000,-1.204945
1054,8.006240,0.122449,2.092562,0.349927,1.000000,1.349927
1055,7.999321,0.734791,2.091387,0.857199,0.000000,-0.857199
1056,7.995891,4.391268,2.091390,2.095535,-1.000000,1.095535
1057,7.993913,5.912445,2.091714,2.431552,-1.000000,1.431552
1058,7.992302,6.296624,2.092110,2.509308,3.000000,0.490692
1059,7.987721,3.158375,2.091811,1.777182,0.000000,-1.777182
1060,7.980397,0.253941,2.090308,0.503926,0.000000,-0.503926
1061,7.976918,4.303172,2.090293,2.074409,3.000000,0.925591
1062,7.972597,3.405575,2.090061,1.845420,-2.000000,-0.154580
1063,7.965338,0.285103,2.088592,0.533951,-1.000000,-0.466049
1064,7.958068,0.259254,2.087102,0.509170,0.000000,0.509170
1065,7.960707,10.757906,2.088226,3.279925,-3.000000,0.279925
1066,7.953504,0.310859,2.086785,0.557547,1.000000,1.557547
1067,7.947769,1.857197,2.086103,1.362790,2.000000,0.637210
1068,7.943876,3.805466,2.085976,1.950760,1.000000,-0.950760
1069,7.936430,0.014417,2.084130,0.120069,0.000000,0.120069
1070,7.928988,0.002640,2.082223,0.051384,0.000000,0.051384
1071,7.923920,2.521619,2.081760,1.587961,0.000000,-1.587961
1072,7.921684,5.536493,2.082014,2.352975,0.000000,-2.352975
1073,7.915283,1.078326,2.081038,1.038425,0.000000,-1.038425
1074,7.908203,0.339727,2.079638,0.582861,0.000000,0.582861
1075,7.901125,0.328033,2.078231,0.572742,1.000000,0.427258
1076,7.894879,1.204978,2.077316,1.097715,0.000000,1.097715
1077,7.888060,0.578461,2.076089,0.760566,1.000000,0.239434
1078,7.881223,0.545067,2.074843,0.738287,0.000000,0.738287
1079,7.883857,10.712792,2.075958,3.273040,-3.000000,0.273040
1080,7.876530,0.000632,2.074052,0.025139,0.000000,-0.025139
1081,7.871143,2.073782,2.073463,1.440063,0.000000,-1.440063
1082,7.864699,0.925076,2.072432,0.961809,1.000000,0.038191
1083,7.858139,0.786715,2.071333,0.886970,0.000000,-0.886970
1084,7.851985,1.211060,2.070434,1.100481,-1.000000,0.100481
1085,7.846285,1.690238,2.069722,1.300091,-1.000000,0.300091
1086,7.847627,9.299124,2.070627,3.049447,2.000000,-1.049447
1087,7.840668,0.310829,2.069230,0.557520,0.000000,-0.557520
1088,7.836421,3.236707,2.068981,1.799085,2.000000,0.200915
1089,7.829205,0.007523,2.067154,0.086736,0.000000,0.086736
1090,7.824026,2.204029,2.066618,1.484597,-1.000000,0.484597
1091,7.820358,3.837355,2.066519,1.958917,-2.000000,-0.041083
1092,7.813806,0.691213,2.065383,0.831392,1.000000,0.168608
1093,7.814013,8.039252,2.066090,2.835357,-2.000000,0.835357
1094,7.816660,10.699730,2.067196,3.271044,2.000000,-1.271044
1095,7.809915,0.457649,2.065921,0.676498,0.000000,-0.676498
1096,7.802982,0.238791,2.064477,0.488662,0.000000,-0.488662
1097,7.797462,1.770348,2.063805,1.330544,-1.000000,0.330544
1098,7.790468,0.145848,2.062268,0.381900,-1.000000,-1.381900
1099,7.783912,0.611747,2.061099,0.782142,0.000000,-0.782142
1100,7.777110,0.328213,2.059741,0.572899,-1.000000,-0.427101
1101,7.773745,4.085917,2.059706,2.021365,2.000000,-0.021365
1102,7.767396,0.802556,2.058646,0.895855,0.000000,-0.895855
1103,7.760969,0.704834,2.057537,0.839544,1.000000,1.839544
1104,7.754118,0.223980,2.056096,0.473265,0.000000,0.473265
1105,7.753821,7.427455,2.056704,2.725336,-2.000000,0.725336
1106,7.747601,0.899646,2.055699,0.948496,-1.000000,-0.051504
1107,7.740583,0.006521,2.053908,0.080755,-1.000000,-1.080755
1108,7.734089,0.571603,2.052733,0.756044,2.000000,1.243956
1109,7.751204,26.645579,2.055546,5.161936,5.000000,-0.161936
1110,7.749618,5.996905,2.055902,2.448858,-4.000000,-1.551142
1111,7.747250,5.128230,2.056090,2.264560,1.000000,-1.264560
1112,7.740297,0.044012,2.054424,0.209790,-1.000000,-0.790210
1113,7.736257,3.259218,2.054199,1.805330,-1.000000,0.805330
1114,7.735187,6.549246,2.054654,2.559149,2.000000,-0.559149
1115,7.729182,1.063572,2.053733,1.031296,0.000000,1.031296
1116,7.728961,7.483005,2.054346,2.735508,1.000000,-1.735508
1117,7.725259,3.609059,2.054207,1.899752,-2.000000,-0.100248
1118,7.731409,14.576780,2.055791,3.817955,-1.000000,2.817955
1119,7.724484,0.009997,2.054037,0.099985,0.000000,0.099985
1120,7.718085,0.582208,2.052880,0.763026,1.000000,1.763026
1121,7.712815,1.832146,2.052254,1.353568,0.000000,1.353568
1122,7.709944,4.502755,2.052316,2.121970,-1.000000,1.121970
1123,7.704759,1.908535,2.051717,1.381497,0.000000,1.381497
1124,7.700431,2.857391,2.051394,1.690382,2.000000,0.309618
1125,7.703222,10.828818,2.052500,3.290717,-1.000000,2.290717
1126,7.699776,3.836773,2.052416,1.958768,-1.000000,0.958768
1127,7.695447,2.838281,2.052089,1.684720,-3.000000,-1.315280
1128,7.692904,4.836953,2.052220,2.199307,1.000000,-1.199307
1129,7.711094,28.157194,2.055112,5.306335,5.000000,-0.306335
1130,7.704249,0.002811,2.053334,0.053019,-1.000000,-0.946981
1131,7.697416,0.003995,2.051568,0.063207,1.000000,0.936793
1132,7.692873,2.572638,2.051171,1.603945,-2.000000,-0.396055
1133,7.686277,0.246615,2.049794,0.496603,-1.000000,-0.503397
1134,7.687354,8.903212,2.050621,2.983825,3.000000,0.016175
1135,7.689215,9.792065,2.051575,3.129227,-3.000000,0.129227
1136,7.682434,0.012804,2.049862,0.113156,0.000000,0.113156
1137,7.675716,0.071391,2.048289,0.267190,2.000000,2.267190
1138,7.670653,1.934105,2.047709,1.390721,-1.000000,0.390721
1139,7.669346,6.187081,2.048096,2.487384,-2.000000,0.487384
1140,7.662948,0.401421,2.046851,0.633578,0.000000,0.633578
1141,7.657492,1.459586,2.046114,1.208133,1.000000,2.208133
1142,7.653532,3.150463,2.045875,1.774954,-1.000000,0.774954
1143,7.648665,2.109625,2.045354,1.452455,0.000000,-1.452455
1144,7.647401,6.207937,2.045746,2.491573,2.000000,-0.491573
1145,7.640745,0.053081,2.044155,0.230393,0.000000,-0.230393
1146,7.643143,10.378997,2.045186,3.221645,3.000000,-0.221645
1147,7.636689,0.266055,2.043848,0.515805,0.000000,-0.515805
1148,7.630509,0.566682,2.042719,0.752783,0.000000,0.752783
1149,7.623844,0.000000,2.040935,0.000387,0.000000,0.000387
1150,7.626451,10.611034,2.041997,3.257458,-2.000000,1.257458
1151,7.619824,0.025282,2.040355,0.159002,0.000000,0.159002
1152,7.614283,1.258539,2.039555,1.121846,1.000000,-0.121846
1153,7.616897,10.617698,2.040616,3.258481,-1.000000,2.258481
1154,7.610274,0.000618,2.038863,0.024856,0.000000,0.024856
1155,7.603813,0.173590,2.037454,0.416642,-1.000000,-1.416642
1156,7.597954,0.854820,2.036488,0.924565,-1.000000,-0.075435
1157,7.597048,6.553030,2.036942,2.559889,-1.000000,1.559889
1158,7.590496,0.035959,2.035341,0.189628,0.000000,-0.189628
1159,7.596354,14.356321,2.036859,3.788974,3.000000,-0.788974
1160,7.595588,6.711122,2.037338,2.590583,-1.000000,1.590583
1161,7.590400,1.592971,2.036668,1.262129,0.000000,1.262129
1162,7.584567,0.836348,2.035699,0.914520,-1.000000,-0.085480
1163,7.581824,4.405489,2.035754,2.098926,1.000000,-1.098926
1164,7.575342,0.062434,2.034214,0.249869,1.000000,0.750131
1165,7.575142,7.342666,2.034796,2.709735,2.000000,-0.709735
1166,7.570172,1.800232,2.034200,1.341727,-2.000000,-0.658273
1167,7.567873,4.896588,2.034353,2.212824,-1.000000,1.212824
1168,7.568564,8.372287,2.035091,2.893490,0.000000,2.893490
1169,7.562349,0.327418,2.033836,0.572204,0.000000,0.572204
1170,7.555882,0.022694,2.032221,0.150646,0.000000,-0.150646
1171,7.549785,0.439922,2.031047,0.663266,1.000000,0.336734
1172,7.543364,0.050189,2.029500,0.224029,0.000000,0.224029
1173,7.537035,0.144659,2.028090,0.380341,0.000000,0.380341
1174,7.530608,0.017393,2.026469,0.131881,1.000000,0.868119
1175,7.525719,1.805322,2.025886,1.343623,-1.000000,0.343623
1176,7.519399,0.119575,2.024452,0.345796,0.000000,0.345796
1177,7.513949,1.126608,2.023631,1.061418,1.000000,-0.061418
1178,7.508744,1.402451,2.022916,1.184251,-1.000000,0.184251
1179,7.502869,0.605806,2.021857,0.778335,1.000000,0.221665
1180,7.499438,3.467943,2.021721,1.862241,-2.000000,-0.137759
1181,7.498339,6.205962,2.022120,2.491177,-1.000000,1.491177
1182,7.492413,0.517388,2.021014,0.719297,0.000000,0.719297
1183,7.488992,3.459146,2.020878,1.859878,1.000000,-0.859878
1184,7.483051,0.478482,2.019751,0.691724,1.000000,0.308276
1185,7.476794,0.094364,2.018301,0.307188,0.000000,0.307188
1186,7.473201,3.229559,2.018114,1.797097,1.000000,-0.797097
1187,7.467204,0.378801,2.016928,0.615468,0.000000,-0.615468
1188,7.463447,3.018359,2.016692,1.737343,2.000000,0.262657
1189,7.457205,0.066970,2.015209,0.258786,1.000000,0.741214
1190,7.456289,6.371518,2.015638,2.524187,-2.000000,0.524187
1191,7.455004,5.930632,2.015991,2.435289,2.000000,-0.435289
1192,7.449111,0.454480,2.014862,0.674151,-1.000000,-1.674151
1193,7.442981,0.159723,2.013503,0.399653,-1.000000,-0.600347
1194,7.462945,31.200759,2.016505,5.585764,6.000000,0.414236
1195,7.457220,0.643906,2.015486,0.802437,-2.000000,-1.197563
1196,7.451097,0.158702,2.014129,0.398374,-2.000000,-1.601626
1197,7.444987,0.162170,2.012779,0.402704,1.000000,0.597296
1198,7.445634,8.217744,2.013494,2.866661,4.000000,1.133339
1199,7.441013,1.922931,2.012969,1.386698,-1.000000,-2.386698
1200,7.436592,2.153872,2.012513,1.467607,-1.000000,0.467607
1201,7.433497,3.731340,2.012446,1.931668,-1.000000,0.931668
1202,7.450087,27.309104,2.015128,5.225811,-5.000000,0.225811
1203,7.443888,0.016808,2.013555,0.129645,1.000000,1.129645
1204,7.438091,0.487376,2.012459,0.698123,1.000000,0.301877
1205,7.435646,4.502205,2.012550,2.121840,-2.000000,0.121840
1206,7.431634,2.612964,2.012221,1.616466,2.000000,0.383534
1207,7.426384,1.115624,2.011426,1.056231,2.000000,0.943769
1208,7.427659,8.961444,2.012242,2.993567,3.000000,0.006433
1209,7.421546,0.061315,2.010777,0.247620,-1.000000,-0.752380
1210,7.430853,18.645699,2.012691,4.318067,-4.000000,0.318067
1211,7.427222,3.048462,2.012470,1.745985,-1.000000,0.745985
1212,7.422334,1.522440,2.011825,1.233872,2.000000,0.766128
1213,7.424819,10.426743,2.012832,3.229047,-2.000000,1.229047
1214,7.418712,0.035923,2.011325,0.189534,1.000000,1.189534
1215,7.412804,0.263544,2.010088,0.513365,0.000000,-0.513365
1216,7.406691,0.003923,2.008481,0.062635,0.000000,-0.062635
1217,7.416592,19.417351,2.010458,4.406512,4.000000,-0.406512
1218,7.424296,16.768697,2.012175,4.094960,4.000000,-0.094960
1219,7.486173,82.605431,2.018000,9.088753,-9.000000,0.088753
1220,7.482447,2.955348,2.017754,1.719113,-1.000000,0.719113
1221,7.476780,0.585138,2.016724,0.764943,-2.000000,-1.235057
1222,7.470830,0.230059,2.015462,0.479644,0.000000,0.479644
1223,7.464702,0.000916,2.013834,0.030268,1.000000,1.030268
1224,7.458621,0.045672,2.012358,0.213710,0.000000,0.213710
1225,7.469322,20.523974,2.014421,4.530339,2.000000,-2.530339
1226,7.465183,2.411865,2.014043,1.553018,1.000000,2.553018
1227,7.460095,1.242799,2.013308,1.114809,2.000000,0.885191
1228,7.454009,0.011073,2.011749,0.105227,2.000000,2.105227
1229,7.456632,10.666355,2.012773,3.265939,-2.000000,1.265939
1230,7.450550,0.000339,2.011146,0.018412,0.000000,0.018412
1231,7.466656,27.212666,2.013758,5.216576,-4.000000,1.216576
1232,7.461194,0.759429,2.012828,0.871452,0.000000,0.871452
1233,7.455745,0.764757,2.011902,0.874504,0.000000,-0.874504
1234,7.452902,3.958282,2.011884,1.989543,-2.000000,-0.010457
1235,7.454572,9.508273,2.012754,3.083549,4.000000,0.916451
1236,7.451640,3.843039,2.012712,1.960367,3.000000,1.039633
1237,7.445629,0.039663,2.011241,0.199157,2.000000,1.800843
1238,7.446645,8.699652,2.012001,2.949517,2.000000,-0.949517
1239,7.462947,27.579417,2.014624,5.251611,2.000000,-3.251611
1240,7.463171,7.739939,2.015245,2.782075,-2.000000,0.782075
1241,7.512060,67.938463,2.020279,8.242479,-8.000000,0.242479
1242,7.506054,0.077491,2.018872,0.278373,1.000000,0.721627
1243,7.500364,0.456095,2.017788,0.675348,0.000000,0.675348
1244,7.494580,0.328329,2.016623,0.573000,-1.000000,-1.573000
1245,7.488936,0.490285,2.015562,0.700204,1.000000,0.299796
1246,7.487119,5.231982,2.015781,2.287353,-1.000000,1.287353
1247,7.481381,0.354867,2.014639,0.595707,1.000000,0.404293
1248,7.475642,0.341420,2.013489,0.584312,3.000000,2.415688
1249,7.471060,1.771839,2.012941,1.331105,1.000000,2.331105
1250,7.465430,0.456308,2.011867,0.675506,-3.000000,-2.324494
1251,7.459595,0.188667,2.010602,0.434358,1.000000,1.434358
1252,7.454175,0.695382,2.009659,0.833895,-1.000000,-0.166105
1253,7.449957,2.185443,2.009234,1.478324,-2.000000,-0.521676
1254,7.444030,0.041959,2.007790,0.204839,3.000000,2.795161
1255,7.438106,0.032859,2.006330,0.181271,-1.000000,-0.818729
1256,7.432176,0.014243,2.004823,0.119344,-1.000000,-1.119344
1257,7.426627,0.478749,2.003775,0.691917,2.000000,1.308083
1258,7.422453,2.191953,2.003358,1.480524,0.000000,1.480524
1259,7.439043,28.243929,2.005997,5.314502,5.000000,-0.314502
1260,7.433596,0.596542,2.005014,0.772361,5.000000,4.227639
1261,7.455141,34.516019,2.008093,5.875034,3.000000,-2.875034
1262,7.455647,8.091541,2.008758,2.844563,0.000000,-2.844563
1263,7.452140,3.040309,2.008547,1.743648,-1.000000,-2.743648
1264,7.446262,0.045807,2.007123,0.214026,0.000000,0.214026
1265,7.451692,14.294349,2.008530,3.780787,3.000000,-0.780787
1266,7.445788,0.000940,2.006963,0.030661,-1.000000,-1.030661
1267,7.555602,146.140616,2.014945,12.088863,-11.000000,1.088863
1268,7.551475,2.339171,2.014561,1.529435,-3.000000,-1.470565
1269,7.573648,35.599787,2.017685,5.966556,6.000000,0.033444
1270,7.646686,100.039336,2.023992,10.001967,9.000000,-1.001967
1271,7.640657,0.007898,2.022464,0.088869,3.000000,3.088869
1272,7.636451,2.307410,2.022067,1.519016,-4.000000,-2.480984
1273,7.646067,19.839426,2.023984,4.454147,4.000000,-0.454147
1274,7.657480,22.140470,2.026095,4.705366,-2.000000,-6.705366
1275,7.726074,94.841149,2.032163,9.738642,-9.000000,0.738642
1276,7.772437,66.699000,2.036986,8.166946,-7.000000,1.166946
1277,7.775356,11.489207,2.038049,3.389573,1.000000,-2.389573
1278,7.775079,7.422149,2.038587,2.724362,2.000000,-0.724362
1279,7.774033,6.441184,2.038979,2.537949,-2.000000,0.537949
1280,7.769329,1.771513,2.038424,1.330982,0.000000,1.330982
1281,7.763712,0.597121,2.037433,0.772736,0.000000,0.772736
1282,7.761468,4.895789,2.037570,2.212643,-1.000000,1.212643
1283,7.756495,1.401412,2.036903,1.183812,1.000000,-0.183812
1284,7.750707,0.347229,2.035772,0.589261,1.000000,0.410739
1285,7.745013,0.456656,2.034710,0.675763,-2.000000,-1.324237
1286,7.740713,2.232548,2.034288,1.494171,2.000000,0.505829
1287,7.734724,0.056471,2.032888,0.237635,0.000000,0.237635
1288,7.732676,5.104851,2.033064,2.259392,0.000000,2.259392
1289,7.727899,1.594742,2.032465,1.262831,1.000000,2.262831
1290,7.722501,0.786119,2.031574,0.886634,1.000000,0.113366
1291,7.722682,7.955476,2.032187,2.820545,0.000000,2.820545
1292,7.726435,12.555963,2.033360,3.543439,-2.000000,1.543439
1293,7.720953,0.660818,2.032414,0.812907,1.000000,0.187093
1294,7.715814,1.091718,2.031648,1.044853,-1.000000,0.044853
1295,7.710119,0.362765,2.030541,0.602299,1.000000,0.397701
1296,7.705689,1.987448,2.030060,1.409769,3.000000,1.590231
1297,7.723049,30.151935,2.032737,5.491078,-4.000000,1.491078
1298,7.717288,0.267945,2.031566,0.517634,1.000000,1.517634
1299,7.712373,1.352355,2.030896,1.162908,0.000000,-1.162908
1300,7.706961,0.698121,2.029973,0.835536,-1.000000,-0.164464
1301,7.701047,0.037345,2.028557,0.193250,1.000000,1.193250
1302,7.697610,3.238988,2.028381,1.799719,1.000000,-0.799719
1303,7.693111,1.854079,2.027867,1.361646,-2.000000,-0.638354
1304,7.691525,5.631640,2.028133,2.373108,1.000000,-1.373108
1305,7.687082,1.911147,2.027637,1.382442,2.000000,0.617558
1306,7.703641,29.246469,2.030233,5.408000,5.000000,-0.408000
1307,7.699869,2.788676,2.029956,1.669933,3.000000,1.330067
1308,7.722486,37.192039,2.033077,6.098528,-6.000000,0.098528
1309,7.735143,24.239959,2.035291,4.923409,-5.000000,-0.076591
1310,7.784321,71.962139,2.040228,8.483050,9.000000,0.516950
1311,7.823256,58.672622,2.044528,7.659806,-1.000000,6.659806
1312,7.832279,19.624819,2.046352,4.429991,-7.000000,-2.570009
1313,7.826310,0.019405,2.044895,0.139303,-1.000000,-1.139303
1314,7.833780,17.611786,2.046537,4.196640,2.000000,-2.196640
1315,7.828121,0.415123,2.045468,0.644300,0.000000,0.644300
1316,7.843974,28.627051,2.047987,5.350425,3.000000,-2.350425
1317,7.853573,20.446914,2.049871,4.521826,3.000000,-1.521826
1318,7.917363,91.673582,2.055598,9.574632,-9.000000,0.574632
1319,7.925003,17.964420,2.057258,4.238445,3.000000,-1.238445
1320,7.919187,0.270826,2.056090,0.520410,0.000000,-0.520410
1321,7.918412,6.898939,2.056523,2.626583,3.000000,0.373417
1322,7.912892,0.642912,2.055571,0.801818,1.000000,0.198182
1323,7.907386,0.650443,2.054624,0.806500,2.000000,1.193500
1324,7.903706,3.050226,2.054391,1.746490,-1.000000,0.746490
1325,7.906993,12.245212,2.055484,3.499316,2.000000,-1.499316
1326,7.901156,0.190740,2.054260,0.436738,-1.000000,-1.436738
1327,7.895415,0.305691,2.053125,0.552894,1.000000,1.552894
1328,7.892858,4.510291,2.053178,2.123745,-1.000000,1.123745
1329,7.895424,11.293086,2.054165,3.360519,3.000000,-0.360519
1330,7.891481,2.666884,2.053847,1.633060,-2.000000,-0.366940
1331,7.888390,3.789066,2.053767,1.946552,0.000000,1.946552
1332,7.889637,9.544471,2.054546,3.089413,-3.000000,0.089413
1333,7.887823,5.478715,2.054762,2.340666,-2.000000,0.340666
1334,7.888227,8.425215,2.055399,2.902622,-3.000000,-0.097378
1335,7.883313,1.347167,2.054727,1.160675,-1.000000,0.160675
1336,7.877691,0.395014,2.053656,0.628501,0.000000,-0.628501
1337,7.871850,0.091815,2.052343,0.303009,0.000000,-0.303009
1338,7.878529,16.781380,2.053875,4.096508,4.000000,-0.096508
1339,7.895921,31.097830,2.056514,5.576543,6.000000,0.423457
1340,7.896790,9.056106,2.057227,3.009336,-2.000000,1.009336
1341,7.897295,8.572361,2.057878,2.927859,1.000000,-1.927859
1342,7.906974,20.847664,2.059753,4.565924,-6.000000,-1.434076
1343,7.915719,19.616927,2.061522,4.429100,2.000000,-2.429100
1344,7.935579,34.527911,2.064369,5.876045,-4.000000,1.876045
1345,7.930400,0.990258,2.063572,0.995117,2.000000,1.004883
1346,7.924577,0.116579,2.062288,0.341436,0.000000,-0.341436
1347,7.921106,3.262472,2.062098,1.806231,3.000000,1.193769
1348,7.928032,17.229560,2.063652,4.150850,3.000000,-1.150850
1349,7.926502,5.870768,2.063919,2.422967,3.000000,0.577033
1350,7.922519,2.565283,2.063576,1.601650,-2.000000,-0.398350
1351,7.927332,14.405169,2.064861,3.795414,-5.000000,-1.204586
1352,7.931480,13.519273,2.066057,3.676856,-4.000000,-0.323144
1353,7.925871,0.365296,2.064974,0.604398,-1.000000,-0.395602
1354,7.929944,13.423612,2.066158,3.663825,3.000000,-0.663825
1355,7.930153,8.212737,2.066750,2.865787,-3.000000,-0.134213
1356,7.931224,9.377912,2.067486,3.062338,-2.000000,1.062338
1357,7.927434,2.803963,2.067196,1.674504,-1.000000,0.674504
1358,7.934089,16.938198,2.068709,4.115604,4.000000,-0.115604
1359,7.930864,3.563660,2.068575,1.887766,-2.000000,-0.112234
1360,7.928162,4.267310,2.068573,2.065747,3.000000,0.934253
1361,7.924721,3.258324,2.068379,1.805083,-2.000000,-0.194917
1362,7.919069,0.248899,2.067223,0.498897,-1.000000,-0.501103
1363,7.913257,0.020837,2.065808,0.144351,-1.000000,-1.144351
1364,7.927813,27.709474,2.068160,5.263979,6.000000,0.736021
1365,7.922213,0.306818,2.067047,0.553912,0.000000,0.553912
1366,7.916405,0.011800,2.065609,0.108630,0.000000,0.108630
1367,7.910608,0.014023,2.064181,0.118418,1.000000,1.118418
1368,7.908547,5.100045,2.064323,2.258328,-2.000000,0.258328
1369,7.916342,18.548009,2.065966,4.306740,-5.000000,-0.693260
1370,7.912785,3.058018,2.065734,1.748719,-1.000000,0.748719
1371,7.907007,0.013835,2.064308,0.117621,-1.000000,-0.882379
1372,7.902830,2.193527,2.063882,1.481056,2.000000,0.518944
1373,7.897834,1.062809,2.063128,1.030926,0.000000,1.030926
1374,7.893526,1.995602,2.062653,1.412658,-1.000000,0.412658
1375,7.889916,2.944928,2.062400,1.716079,2.000000,0.283921
1376,7.884336,0.234431,2.061250,0.484180,0.000000,0.484180
1377,7.878594,0.000095,2.059755,0.009732,-1.000000,-0.990268
1378,7.872876,0.022408,2.058365,0.149694,1.000000,1.149694
1379,7.867876,0.997532,2.057595,0.998765,0.000000,0.998765
1380,7.863604,1.989990,2.057125,1.410670,-1.000000,0.410670
1381,7.858598,0.969537,2.056346,0.984651,2.000000,1.015349
1382,7.860715,10.775668,2.057236,3.282631,-3.000000,0.282631
1383,7.856361,1.856683,2.056732,1.362602,1.000000,-0.362602
1384,7.850748,0.111205,2.055483,0.333474,0.000000,-0.333474
1385,7.845099,0.049039,2.054155,0.221446,0.000000,0.221446
1386,7.846497,9.777486,2.054931,3.126897,-3.000000,0.126897
1387,7.840933,0.151531,2.053727,0.389269,0.000000,0.389269
1388,7.838559,4.555739,2.053785,2.134418,1.000000,-1.134418
1389,7.897378,89.301916,2.059125,9.449969,-9.000000,0.449969
1390,7.947667,77.598236,2.063995,8.808986,9.000000,0.191014
1391,7.942000,0.088155,2.062721,0.296910,0.000000,-0.296910
1392,7.937405,1.563518,2.062136,1.250407,-1.000000,-2.250407
1393,7.931716,0.035045,2.060786,0.187204,0.000000,-0.187204
1394,7.926024,0.020325,2.059406,0.142565,1.000000,1.142565
1395,7.922353,2.819751,2.059133,1.679211,-1.000000,0.679211
1396,7.916910,0.345656,2.058076,0.587925,1.000000,1.587925
1397,7.913511,3.181957,2.057879,1.783804,-1.000000,0.783804
1398,7.915118,10.153698,2.058689,3.186487,-1.000000,2.186487
1399,7.912322,4.014274,2.058649,2.003565,2.000000,-0.003565
1400,7.906790,0.189417,2.057486,0.435220,0.000000,-0.435220
1401,7.901303,0.242207,2.056366,0.492145,0.000000,0.492145
1402,7.897970,3.241507,2.056183,1.800419,3.000000,1.199581
1403,7.896512,5.858848,2.056443,2.420506,-2.000000,0.420506
1404,7.896668,8.113814,2.057009,2.848476,-4.000000,-1.151524
1405,7.892905,2.625176,2.056697,1.620240,1.000000,-0.620240
1406,7.888607,1.866989,2.056205,1.366378,-1.000000,0.366378
1407,7.883028,0.060978,2.054915,0.246938,0.000000,-0.246938
1408,7.877475,0.086508,2.053661,0.294122,1.000000,1.294122
1409,7.875977,5.773459,2.053910,2.402802,-3.000000,-0.597198
1410,7.870397,0.029945,2.052572,0.173046,1.000000,0.826954
1411,7.864804,0.002115,2.051146,0.045989,1.000000,0.954011
1412,7.859356,0.193973,2.050002,0.440423,-1.000000,-0.559577
1413,7.853781,0.004256,2.048593,0.065242,0.000000,-0.065242
1414,7.853412,7.332759,2.049061,2.707907,2.000000,-0.707907
1415,7.848059,0.300456,2.047997,0.548139,-1.000000,-1.548139
1416,7.843510,1.424626,2.047392,1.193577,-1.000000,0.193577
1417,7.840204,3.171958,2.047203,1.780999,-1.000000,0.780999
1418,7.842725,11.405128,2.048144,3.377148,3.000000,-0.377148
1419,7.837542,0.509534,2.047201,0.713817,-3.000000,-2.286183
1420,7.832091,0.117805,2.045998,0.343228,1.000000,0.656772
1421,7.826606,0.060019,2.044727,0.244988,0.000000,0.244988
1422,7.828207,10.097883,2.045526,3.177717,2.000000,-1.177717
1423,7.824010,1.872174,2.045048,1.368274,1.000000,-0.368274
1424,7.818516,0.022513,2.043714,0.150043,1.000000,1.150043
1425,7.815898,4.098357,2.043700,2.024440,-3.000000,-0.975560
1426,7.813438,4.317014,2.043724,2.077743,1.000000,-1.077743
1427,7.825143,24.470608,2.045764,4.946778,-3.000000,1.946778
1428,7.820477,1.181093,2.045091,1.086781,2.000000,0.913219
1429,7.815760,1.097550,2.044391,1.047640,-1.000000,0.047640
1430,7.817748,10.650661,2.045246,3.263535,3.000000,-0.263535
1431,7.814108,2.623648,2.044948,1.619768,1.000000,-0.619768
1432,7.819489,15.499153,2.046273,3.936896,-3.000000,0.936896
1433,7.817486,4.956026,2.046398,2.226213,2.000000,-0.226213
1434,7.812106,0.125231,2.045215,0.353880,0.000000,-0.353880
1435,7.806773,0.180666,2.044083,0.425048,-1.000000,-0.574952
1436,7.808105,9.713124,2.044832,3.116589,-3.000000,0.116589
1437,7.809306,9.529793,2.045559,3.087036,2.000000,-1.087036
1438,7.803870,0.014063,2.044215,0.118585,0.000000,0.118585
1439,7.814097,22.479088,2.046095,4.741212,-3.000000,1.741212
1440,7.808956,0.431663,2.045127,0.657010,1.000000,0.342990
1441,7.804446,1.327754,2.044506,1.152282,-1.000000,0.152282
1442,7.804171,7.409114,2.044977,2.721969,3.000000,0.278031
1443,7.805901,10.293471,2.045786,3.208344,-2.000000,1.208344
1444,7.801889,2.029848,2.045354,1.424727,1.000000,-0.424727
1445,7.800905,6.383941,2.045688,2.526646,1.000000,-1.526646
1446,7.799354,5.564212,2.045905,2.358858,-3.000000,-0.641142