# TEST CONFIGURATION BEGIN
# File Stream: filename: portoweather_maxtemperature.csv  -  n_targets: 1
# [portoweather_maxtemperature_ADE_HETERO_SIZE_8] Pipeline: Array BaseStreamModel: base_models: [<skmultiflow.lazy.knn_forecast.KNNForecast object at 0x7f226403fcf8>, <skmultiflow.lazy.knn_forecast.KNNForecast object at 0x7f2266bcf2b0>, <skmultiflow.lazy.knn_forecast.KNNForecast object at 0x7f2266bcfe48>, <skmultiflow.lazy.knn_forecast.KNNForecast object at 0x7f2266bcf588>, <skmultiflow.trees.regression_hoeffding_tree.RegressionHoeffdingTree object at 0x7f2266bcfdd8>, <skmultiflow.trees.regression_hoeffding_tree.RegressionHoeffdingTree object at 0x7f2266bcf240>, <skmultiflow.trees.regression_hoeffding_adaptive_tree.RegressionHAT object at 0x7f2266bcf550>, <skmultiflow.trees.regression_hoeffding_adaptive_tree.RegressionHAT object at 0x7f2266bcfda0>]
 Array BaseStreamModel: base_models: [<skmultiflow.lazy.knn_forecast.KNNForecast object at 0x7f226403fcf8>, <skmultiflow.lazy.knn_forecast.KNNForecast object at 0x7f2266bcf2b0>, <skmultiflow.lazy.knn_forecast.KNNForecast object at 0x7f2266bcfe48>, <skmultiflow.lazy.knn_forecast.KNNForecast object at 0x7f2266bcf588>, <skmultiflow.trees.regression_hoeffding_tree.RegressionHoeffdingTree object at 0x7f2266bcfdd8>, <skmultiflow.trees.regression_hoeffding_tree.RegressionHoeffdingTree object at 0x7f2266bcf240>, <skmultiflow.trees.regression_hoeffding_adaptive_tree.RegressionHAT object at 0x7f2266bcf550>, <skmultiflow.trees.regression_hoeffding_adaptive_tree.RegressionHAT object at 0x7f2266bcfda0>]
# Prequential Evaluator: n_wait: 1 - max_samples: 600000 - max_time: 10000000 - output_file: portoweather_maxtemperature_ADE_HETERO_SIZE_8_SIZE_8 - batch_size: 1 - pretrain_size: 5 - task_type: regression - show_plot: False - metrics: ['mean_square_error', 'mean_absolute_error', 'true_vs_predicted']
# TEST CONFIGURATION END
id,global_mse_[portoweather_maxtemperature_ADE_HETERO_SIZE_8],sliding_mse_[portoweather_maxtemperature_ADE_HETERO_SIZE_8],global_mae_[portoweather_maxtemperature_ADE_HETERO_SIZE_8],sliding_mae_[portoweather_maxtemperature_ADE_HETERO_SIZE_8],true_value_[portoweather_maxtemperature_ADE_HETERO_SIZE_8],predicted_value_[portoweather_maxtemperature_ADE_HETERO_SIZE_8]
5,5.343187,5.343187,2.311533,2.311533,-5.000000,-2.688467
6,2.714609,0.086032,1.302422,0.293311,0.000000,-0.293311
7,15.634584,41.474533,3.014972,6.440072,0.000000,6.440072
8,12.586444,3.442024,2.725047,1.855269,1.000000,-0.855269
9,10.843043,3.869440,2.573455,1.967089,0.000000,1.967089
10,9.071733,0.215185,2.221859,0.463880,-1.000000,-1.463880
11,11.596935,26.748147,2.643288,5.171861,1.000000,6.171861
12,10.791572,5.154028,2.596658,2.270248,1.000000,-1.270248
13,12.276408,24.155097,2.854228,4.914784,-1.000000,3.914784
14,11.422423,3.736558,2.762107,1.933018,-3.000000,-1.066982
15,10.624930,2.649999,2.658995,1.627882,2.000000,3.627882
16,13.898190,49.904047,3.026102,7.064280,-3.000000,4.064280
17,12.842928,0.179783,2.825941,0.424008,1.000000,1.424008
18,12.213950,4.037242,2.767609,2.009289,0.000000,2.009289
19,11.407862,0.122632,2.606448,0.350188,1.000000,0.649812
20,10.757290,0.998712,2.506004,0.999356,-1.000000,-0.000644
21,10.178437,0.916778,2.414915,0.957485,2.000000,1.042515
22,9.650964,0.683934,2.326698,0.827003,2.000000,1.172997
23,9.202023,1.121078,2.259967,1.058810,-1.000000,0.058810
24,9.244031,10.042191,2.305415,3.168942,-2.000000,1.168942
25,8.861873,1.218700,2.248203,1.103948,1.000000,2.103948
26,8.665264,4.536485,2.242825,2.129903,0.000000,2.129903
27,8.319242,0.706757,2.181863,0.840688,0.000000,0.840688
28,8.103806,3.148774,2.164889,1.774478,0.000000,1.774478
29,8.041107,6.536339,2.180558,2.556626,0.000000,2.556626
30,9.487173,45.638808,2.356523,6.755650,-5.000000,1.755650
31,9.440342,8.222747,2.375449,2.867533,3.000000,5.867533
32,11.484940,66.689089,2.582267,8.166339,-2.000000,6.166339
33,11.234377,4.218598,2.564048,2.053923,0.000000,2.053923
34,11.484774,18.746307,2.622903,4.329701,-2.000000,2.329701
35,11.117464,0.098169,2.548401,0.313319,1.000000,1.313319
36,11.464232,22.214027,2.616050,4.713176,4.000000,-0.713176
37,11.417140,9.910202,2.632171,3.148047,-1.000000,2.148047
38,11.324034,8.251529,2.639241,2.872547,0.000000,2.872547
39,11.005998,0.192777,2.576379,0.439064,-1.000000,-0.560936
40,10.701164,0.031972,2.509779,0.178808,2.000000,1.821192
41,10.567329,5.749280,2.506752,2.397766,2.000000,-0.397766
42,10.420901,5.003036,2.499647,2.236747,-1.000000,1.236747
43,10.198822,1.759849,2.469568,1.326593,0.000000,1.326593
44,9.946891,0.121558,2.416545,0.348652,0.000000,-0.348652
45,9.719152,0.609622,2.376649,0.780783,1.000000,0.219217
46,9.502143,0.604751,2.338578,0.777657,-1.000000,-0.222343
47,9.293472,0.529282,2.301111,0.727517,3.000000,2.272483
48,10.007330,40.703228,2.393811,6.379908,-6.000000,0.379908
49,9.785014,0.003107,2.341854,0.055743,3.000000,2.944257
50,9.639416,3.087512,2.329143,1.757132,3.000000,1.242868
51,9.491178,2.672237,2.314367,1.634698,0.000000,1.634698
52,9.294232,0.037764,2.270200,0.194329,-2.000000,-1.805671
53,9.567396,22.679272,2.321058,4.762276,-4.000000,0.762276
54,9.398150,1.105079,2.295662,1.051227,3.000000,1.948773
55,9.258550,2.278593,2.280247,1.509501,-2.000000,-0.490499
56,9.489326,21.258864,2.325064,4.610734,-2.000000,2.610734
57,9.313054,0.146946,2.288427,0.383335,3.000000,2.616665
58,9.334368,10.463963,2.305953,3.234805,-1.000000,2.234805
59,9.274055,6.017179,2.308626,2.452994,2.000000,-0.452994
60,9.348497,13.442826,2.332873,3.666446,-2.000000,1.666446
61,9.190369,0.335172,2.302102,0.578941,2.000000,2.578941
62,9.101715,4.048427,2.297102,2.012070,1.000000,-1.012070
63,8.947458,0.000549,2.258565,0.023438,1.000000,1.023438
64,8.805424,0.425444,2.231793,0.652260,1.000000,0.347740
65,8.736383,4.593948,2.230344,2.143350,1.000000,-1.143350
66,8.602740,0.450457,2.205195,0.671161,0.000000,0.671161
67,8.621639,9.793423,2.219866,3.129445,2.000000,-1.129445
68,8.843659,22.830886,2.259840,4.778168,-4.000000,0.778168
69,8.769761,4.040336,2.255997,2.010059,0.000000,2.010059
70,8.674334,2.471537,2.245635,1.572112,-2.000000,-0.427888
71,8.618356,4.923820,2.245237,2.218968,4.000000,1.781032
72,8.606187,7.790884,2.253266,2.791215,-3.000000,-0.208785
73,8.725973,16.871433,2.280139,4.107485,-2.000000,2.107485
74,8.603286,0.137855,2.252869,0.371288,1.000000,1.371288
75,8.494161,0.855430,2.234166,0.924894,1.000000,0.075106
76,8.376596,0.029492,2.205521,0.171733,1.000000,0.828267
77,8.325413,4.640167,2.204816,2.154105,-1.000000,1.154105
78,8.426055,15.772920,2.228691,3.971514,-2.000000,1.971514
79,8.347250,2.515708,2.220123,1.586098,0.000000,-1.586098
80,8.328187,6.898433,2.225470,2.626487,0.000000,2.626487
81,8.253939,2.611090,2.217553,1.615887,1.000000,2.615887
82,8.167878,1.541227,2.205039,1.241462,-1.000000,0.241462
83,8.098590,2.694155,2.197904,1.641388,0.000000,1.641388
84,8.469656,37.783857,2.247266,6.146858,6.000000,-0.146858
85,9.283710,74.407978,2.326016,8.626006,-3.000000,5.626006
86,9.173049,0.209568,2.303233,0.457786,1.000000,1.457786
87,9.145381,6.876592,2.307077,2.622326,5.000000,2.377674
88,9.051169,1.231556,2.292823,1.109755,1.000000,-0.109755
89,9.128382,15.614312,2.312337,3.951495,1.000000,-2.951495
90,9.062904,3.497227,2.307195,1.870087,-1.000000,0.870087
91,9.025160,5.779226,2.308307,2.404002,-2.000000,0.404002
92,9.058545,11.963038,2.321381,3.458762,-1.000000,-4.458762
93,8.963534,0.602558,2.304020,0.776246,1.000000,1.776246
94,8.981545,10.584497,2.314568,3.253382,-1.000000,2.253382
95,8.895657,1.165693,2.300998,1.079672,2.000000,0.920328
96,9.097652,27.479205,2.332966,5.242061,-3.000000,2.242061
97,9.014228,1.339279,2.320324,1.157272,0.000000,1.157272
98,8.946129,2.612901,2.312836,1.616447,2.000000,0.383553
99,8.890674,3.677873,2.308678,1.917778,2.000000,0.082222
100,8.801584,0.338085,2.290686,0.581450,-2.000000,-1.418550
101,8.711553,0.068573,2.269770,0.261864,-1.000000,-0.738136
102,8.671752,4.810993,2.268991,2.193398,-2.000000,0.193398
103,8.609603,2.519056,2.262103,1.587153,1.000000,-0.587153
104,8.540360,1.685267,2.252464,1.298178,2.000000,0.701822
105,8.469476,1.381124,2.241798,1.175212,2.000000,0.824788
106,8.518799,13.500377,2.255842,3.674286,3.000000,-0.674286
107,8.440704,0.475080,2.240633,0.689261,0.000000,0.689261
108,9.259194,93.563583,2.312096,9.672827,-8.000000,1.672827
109,9.599560,44.997655,2.353962,6.708029,-1.000000,5.708029
110,9.519662,1.130352,2.341785,1.063180,1.000000,2.063180
111,9.506976,8.162269,2.346600,2.856969,-1.000000,1.856969
112,9.465306,5.006668,2.345590,2.237559,2.000000,-0.237559
113,9.491921,12.366251,2.356333,3.516568,-1.000000,2.516568
114,9.423332,1.947165,2.347597,1.395409,0.000000,1.395409
115,9.396884,6.487615,2.349394,2.547080,1.000000,-1.547080
116,9.402769,10.055985,2.356731,3.171117,-3.000000,0.171117
117,9.339216,2.221285,2.349065,1.490398,-1.000000,0.490398
118,9.257897,0.068902,2.330761,0.262492,1.000000,1.262492
119,9.183029,0.648092,2.317494,0.805042,-1.000000,-0.194958
120,9.150278,5.383908,2.317519,2.320325,2.000000,-0.320325
121,9.134576,7.313096,2.320824,2.704274,-2.000000,0.704274
122,9.070911,1.622072,2.311949,1.273606,1.000000,-0.273606
123,8.995657,0.115775,2.295381,0.340257,0.000000,-0.340257
124,8.921382,0.082598,2.278647,0.287399,0.000000,0.287399
125,8.881413,4.085144,2.276520,2.021174,2.000000,-0.021174
126,8.920525,13.653038,2.288146,3.695002,4.000000,0.304998
127,9.076997,28.166572,2.312692,5.307219,4.000000,-1.307219
128,9.119360,14.330028,2.324569,3.785502,3.000000,-0.785502
129,9.047179,0.096782,2.308462,0.311099,1.000000,0.688901
130,8.978525,0.396810,2.295140,0.629929,1.000000,1.629929
131,8.915963,1.033144,2.285071,1.016437,-1.000000,0.016437
132,9.128868,36.167752,2.314203,6.013963,-6.000000,0.013963
133,9.150732,11.949261,2.323060,3.456770,-2.000000,1.456770
134,9.285215,26.633627,2.344889,5.160778,-3.000000,2.160778
135,9.225428,1.453019,2.336191,1.205412,1.000000,2.205412
136,9.209842,7.168106,2.338775,2.677332,-1.000000,1.677332
137,9.169806,3.885088,2.336010,1.971063,0.000000,1.971063
138,9.123430,2.955464,2.331407,1.719146,2.000000,0.280854
139,9.065397,1.288954,2.322547,1.135321,1.000000,-0.135321
140,9.073685,10.192536,2.328944,3.192575,3.000000,-0.192575
141,9.032605,3.445740,2.325494,1.856271,2.000000,0.143729
142,9.090982,17.088663,2.338598,4.133844,4.000000,-0.133844
143,9.411942,53.704419,2.374495,7.328330,-8.000000,-0.671670
144,9.430887,12.064266,2.382344,3.473365,-2.000000,1.473365
145,9.366697,0.380013,2.369820,0.616452,-1.000000,-0.383548
146,9.304822,0.580487,2.358497,0.761897,1.000000,0.238103
147,9.240164,0.058739,2.343699,0.242361,0.000000,-0.242361
148,9.342401,23.962225,2.361417,4.895123,-4.000000,0.895123
149,9.278050,0.011480,2.345870,0.107145,1.000000,1.107145
150,9.239254,3.613958,2.342824,1.901041,0.000000,-1.901041
151,9.188343,1.755238,2.335899,1.324854,1.000000,2.324854
152,9.162070,5.300008,2.335671,2.302175,1.000000,-1.302175
153,9.187141,12.897688,2.344098,3.591335,3.000000,-0.591335
154,9.164183,5.743323,2.344448,2.396523,1.000000,-1.396523
155,9.134351,4.659654,2.343217,2.158623,0.000000,-2.158623
156,9.090674,2.495332,2.338194,1.579662,0.000000,-1.579662
157,9.035874,0.706266,2.328404,0.840396,-1.000000,-1.840396
158,9.022491,6.974990,2.330434,2.641021,-3.000000,-0.358979
159,8.994539,4.689915,2.329371,2.165621,2.000000,-0.165621
160,8.939760,0.448940,2.318734,0.670030,0.000000,0.670030
161,8.983429,15.795780,2.329279,3.974390,4.000000,0.025610
162,8.932608,0.953784,2.320718,0.976619,-2.000000,-1.023381
163,8.971930,15.184800,2.330631,3.896768,-4.000000,-0.103232
164,8.921941,0.973759,2.322232,0.986792,1.000000,0.013208
165,8.884439,2.884081,2.318356,1.698258,-1.000000,0.698258
166,8.838813,1.492931,2.311587,1.221856,2.000000,0.778144
167,8.794117,1.553361,2.305052,1.246339,0.000000,1.246339
168,8.742954,0.403508,2.294870,0.635223,1.000000,0.364777
169,8.794349,17.223022,2.306114,4.150063,3.000000,-1.150063
170,8.744971,0.597644,2.296879,0.773074,-1.000000,-0.226926
171,8.810095,19.620738,2.309649,4.429530,-4.000000,0.429530
172,8.784154,4.451991,2.308461,2.109974,1.000000,-1.109974
173,8.750773,3.142721,2.305291,1.772772,3.000000,1.227228
174,8.850464,25.698278,2.321550,5.069347,4.000000,-1.069347
175,8.825708,4.617110,2.320539,2.148746,3.000000,0.851254
176,8.811461,6.375255,2.321728,2.524927,3.000000,0.475073
177,8.812828,9.048033,2.325695,3.007995,-4.000000,-0.992005
178,9.051766,50.388041,2.353124,7.098453,-8.000000,-0.901547
179,9.001136,0.191444,2.342178,0.437544,-1.000000,-0.562456
180,8.968282,3.218858,2.339064,1.794118,0.000000,1.794118
181,8.917919,0.054038,2.327162,0.232462,1.000000,1.232462
182,8.911430,7.762837,2.329741,2.786187,-1.000000,1.786187
183,8.884573,4.104073,2.328043,2.025851,0.000000,2.025851
184,8.835262,0.008601,2.315625,0.092743,0.000000,0.092743
185,8.798595,2.198567,2.311024,1.482757,-1.000000,0.482757
186,8.771708,3.905173,2.309184,1.976151,2.000000,0.023849
187,8.761446,6.893660,2.310913,2.625578,2.000000,-0.625578
188,8.714977,0.211225,2.300851,0.459593,1.000000,1.459593
189,8.751938,15.552768,2.309731,3.943700,-4.000000,-0.056300
190,8.725157,3.770551,2.307753,1.941791,1.000000,-0.941791
191,8.678724,0.042310,2.296512,0.205693,-1.000000,-0.794307
192,8.635540,0.560119,2.288278,0.748411,0.000000,0.748411
193,8.690180,18.962545,2.299211,4.354600,4.000000,-0.354600
194,8.715354,13.473144,2.306428,3.670578,5.000000,1.329422
195,8.671001,0.243957,2.296939,0.493920,1.000000,0.506080
196,8.861631,45.271852,2.320019,6.728436,4.000000,-2.728436
197,8.826273,2.037667,2.315395,1.427469,1.000000,-0.427469
198,8.804273,4.558247,2.314465,2.135005,-5.000000,-2.864995
199,8.760627,0.293251,2.305373,0.541527,-3.000000,-2.458473
200,8.752584,7.184169,2.307286,2.680330,-2.000000,0.680330
201,8.806546,19.383228,2.317922,4.402639,-4.000000,0.402639
202,8.763659,0.314913,2.309050,0.561171,1.000000,0.438829
203,8.734652,2.991117,2.306137,1.729485,1.000000,2.729485
204,8.748118,11.427940,2.311509,3.380524,5.000000,1.619476
205,8.802038,19.586015,2.322027,4.425609,-3.000000,1.425609
206,8.776190,3.580725,2.319900,1.892280,0.000000,1.892280
207,8.783388,10.237523,2.324233,3.199613,5.000000,1.800387
208,8.742875,0.518662,2.316370,0.720182,1.000000,0.279818
209,8.880787,37.014886,2.334749,6.083986,-6.000000,0.083986
210,8.931186,19.262815,2.344721,4.388942,5.000000,0.611058
211,9.037051,30.845302,2.360224,5.553855,-5.000000,0.553855
212,8.993684,0.016667,2.349497,0.129102,-2.000000,-1.870898
213,8.960533,2.065302,2.345132,1.437116,-1.000000,0.437116
214,8.917886,0.004662,2.334290,0.068278,2.000000,1.931722
215,8.880428,1.014198,2.328000,1.007074,1.000000,-0.007074
216,8.838539,0.000001,2.317022,0.000760,0.000000,0.000760
217,8.800005,0.630785,2.309873,0.794220,3.000000,2.205780
218,8.886458,27.300930,2.323495,5.225029,-7.000000,-1.774971
219,8.845819,0.148951,2.314483,0.385942,0.000000,0.385942
220,8.814668,2.117172,2.310504,1.455050,-1.000000,0.455050
221,8.777565,0.763473,2.303883,0.873770,0.000000,0.873770
222,8.851824,24.965920,2.316235,4.996591,5.000000,0.003409
223,9.127710,69.270959,2.343663,8.322918,-5.000000,3.322918
224,9.087910,0.371721,2.335781,0.609689,-1.000000,-0.390311
225,9.063983,3.799910,2.334033,1.949336,1.000000,-0.949336
226,9.028142,1.107292,2.328259,1.052280,3.000000,1.947720
227,9.018133,6.796091,2.329509,2.606931,-2.000000,0.606931
228,8.978673,0.179188,2.320999,0.423306,0.000000,-0.423306
229,8.965720,6.064268,2.321628,2.462574,3.000000,0.537426
230,9.125230,45.014871,2.341043,6.709312,5.000000,-1.709312
231,9.127151,9.561484,2.344351,3.092165,3.000000,-0.092165
232,9.091685,1.040784,2.338544,1.020188,1.000000,-0.020188
233,9.561372,116.650054,2.375495,10.800465,-12.000000,-1.199535
234,9.520575,0.177991,2.367001,0.421890,-1.000000,-1.421890
235,9.480472,0.256759,2.358948,0.506714,1.000000,1.506714
236,9.449505,2.296119,2.355312,1.515295,0.000000,1.515295
237,9.409794,0.196808,2.347107,0.443630,1.000000,0.556370
238,9.408061,9.004497,2.349900,3.000749,-2.000000,1.000749
239,9.386699,4.387940,2.348815,2.094741,-1.000000,1.094741
240,9.395714,11.514269,2.353240,3.393268,1.000000,-2.393268
241,9.357063,0.235378,2.345358,0.485157,1.000000,0.514843
242,9.420966,24.565954,2.356329,4.956405,4.000000,-0.956405
243,9.453293,17.147105,2.363796,4.140906,-3.000000,1.140906
244,9.778994,87.621620,2.392949,9.360642,10.000000,0.639358
245,9.781514,10.386276,2.396393,3.222775,-4.000000,-0.777225
246,9.760546,4.707235,2.395455,2.169616,-1.000000,1.169616
247,9.913462,46.919064,2.413786,6.849749,-7.000000,-0.150251
248,9.876124,0.803110,2.407566,0.896164,1.000000,0.103836
249,9.836403,0.144278,2.399290,0.379840,0.000000,0.379840
250,9.817834,5.268617,2.398867,2.295347,2.000000,-0.295347
251,9.818900,10.081145,2.402010,3.175082,0.000000,3.175082
252,9.780196,0.220297,2.394217,0.469358,-2.000000,-2.469358
253,9.773554,8.126370,2.396050,2.850679,-2.000000,0.850679
254,9.756829,5.592194,2.395925,2.364782,1.000000,-1.364782
255,9.726673,2.187807,2.392272,1.479124,0.000000,1.479124
256,9.688485,0.103233,2.384054,0.321299,-1.000000,-0.678701
257,9.655012,1.219828,2.378996,1.104458,0.000000,1.104458
258,9.640644,6.005584,2.379278,2.450629,3.000000,0.549371
259,9.697033,24.019601,2.389168,4.900980,-4.000000,0.900980
260,9.664971,1.489217,2.384602,1.220335,0.000000,-1.220335
261,9.631066,0.951396,2.379118,0.975396,1.000000,1.975396
262,9.601766,2.071614,2.375476,1.439310,-1.000000,0.439310
263,9.577349,3.277793,2.373294,1.810468,1.000000,-0.810468
264,9.540532,0.005102,2.364441,0.071431,1.000000,0.928569
265,9.527776,6.211157,2.364931,2.492219,-3.000000,-0.507781
266,9.493317,0.499543,2.358602,0.706783,0.000000,-0.706783
267,9.465160,2.087842,2.355128,1.444937,0.000000,1.444937
268,9.430579,0.335889,2.348402,0.579559,-1.000000,-0.420441
269,9.428169,8.792046,2.350729,2.965138,3.000000,0.034862
270,9.421471,7.646410,2.352288,2.765214,-1.000000,1.765214
271,9.387257,0.286404,2.345482,0.535167,0.000000,-0.535167
272,9.353311,0.289718,2.338739,0.538255,0.000000,-0.538255
273,9.322771,1.137976,2.334010,1.066760,0.000000,1.066760
274,9.341603,14.407377,2.339424,3.795705,4.000000,0.204295
275,9.307734,0.163048,2.332281,0.403792,0.000000,-0.403792
276,9.421189,40.167615,2.347007,6.337793,-4.000000,2.337793
277,9.387145,0.127111,2.339716,0.356527,0.000000,-0.356527
278,9.356673,1.037989,2.334895,1.018817,1.000000,-0.018817
279,9.323514,0.237824,2.328178,0.487672,0.000000,-0.487672
280,9.290694,0.265089,2.321608,0.514868,-1.000000,-0.485132
281,9.258373,0.338008,2.315326,0.581385,1.000000,0.418615
282,9.225396,0.090570,2.308080,0.300948,-1.000000,-0.699052
283,9.207712,4.291485,2.307232,2.071590,1.000000,-1.071590
284,9.195567,5.807121,2.307599,2.409797,-2.000000,0.409797
285,9.163483,0.180195,2.300897,0.424494,0.000000,-0.424494
286,9.131707,0.202497,2.294334,0.449997,0.000000,0.449997
287,9.099586,0.041615,2.286947,0.203998,0.000000,-0.203998
288,9.071651,1.165963,2.282697,1.079798,1.000000,-0.079798
289,9.056859,4.856005,2.282419,2.203634,-2.000000,0.203634
290,9.026324,0.323668,2.276428,0.568918,1.000000,0.431082
291,9.002719,2.251894,2.273725,1.500631,-2.000000,-0.499369
292,8.982360,3.139273,2.271982,1.771799,2.000000,0.228201
293,9.008349,16.492974,2.278173,4.061154,-4.000000,0.061154
294,8.983916,1.923014,2.275099,1.386728,2.000000,0.613272
295,8.968272,4.431454,2.274515,2.105102,1.000000,-1.105102
296,8.941749,1.223639,2.270514,1.106182,1.000000,-0.106182
297,8.996100,24.866404,2.279784,4.986623,5.000000,0.013377
298,8.969282,1.111631,2.275616,1.054339,-1.000000,0.054339
299,9.025363,25.513141,2.285024,5.051053,-6.000000,-0.948947
300,8.995030,0.046911,2.278036,0.216589,-1.000000,-1.216589
301,8.987478,6.752148,2.279115,2.598490,-1.000000,1.598490
302,8.959255,0.576813,2.274015,0.759482,0.000000,0.759482
303,8.933933,1.388097,2.270350,1.178175,1.000000,-0.178175
304,8.904795,0.192406,2.264245,0.438641,1.000000,1.438641
305,8.880144,1.485092,2.260771,1.218644,-1.000000,0.218644
306,8.851188,0.135267,2.254503,0.367787,0.000000,-0.367787
307,8.824742,0.838065,2.250083,0.915459,-1.000000,-0.084541
308,8.796012,0.090976,2.243674,0.301622,0.000000,-0.301622
309,8.786515,5.899263,2.244281,2.428840,-2.000000,0.428840
310,8.768223,3.189279,2.242783,1.785855,2.000000,0.214145
311,8.739886,0.068559,2.236330,0.261838,0.000000,0.261838
312,8.712528,0.313616,2.230888,0.560014,-1.000000,-0.439986
313,8.688943,1.424982,2.227531,1.193726,1.000000,-0.193726
314,8.664116,0.992594,2.223560,0.996290,-1.000000,-0.003710
315,8.636258,0.000076,2.216438,0.008733,0.000000,0.008733
316,8.613476,1.528451,2.213297,1.236305,1.000000,-0.236305
317,8.586005,0.015000,2.206617,0.122475,0.000000,0.122475
318,8.568147,2.978554,2.205085,1.725849,-2.000000,-0.274151
319,8.545166,1.329206,2.201745,1.152912,-1.000000,0.152912
320,8.518756,0.199393,2.196191,0.446534,0.000000,0.446534
321,8.496077,1.329737,2.192900,1.153142,-2.000000,-0.846858
322,8.476981,2.423617,2.190900,1.556797,-1.000000,0.556797
323,8.452915,0.799918,2.186836,0.894382,1.000000,0.105618
324,8.429320,0.902494,2.182971,0.949997,1.000000,0.050003
325,8.415675,4.049320,2.182439,2.012292,-2.000000,0.012292
326,8.389546,0.001986,2.175800,0.044567,1.000000,0.955433
327,8.385800,7.179713,2.177359,2.679499,-2.000000,0.679499
328,8.578276,70.747883,2.196599,8.411176,8.000000,-0.411176
329,8.556388,1.464714,2.193564,1.210254,0.000000,1.210254
330,8.530155,0.004299,2.187037,0.065566,1.000000,0.934434
331,8.521934,5.841847,2.187740,2.416991,-3.000000,-0.583009
332,8.520940,8.196108,2.189798,2.862885,1.000000,-1.862885
333,8.545105,16.471210,2.195478,4.058474,3.000000,-1.058474
334,8.533943,4.861646,2.195507,2.204914,1.000000,-1.204914
335,8.532072,7.914497,2.197373,2.813271,-3.000000,-0.186729
336,8.526717,6.754213,2.198582,2.598887,0.000000,-2.598887
337,8.504807,1.230814,2.195312,1.109421,1.000000,-0.109421
338,8.499249,6.648339,2.196459,2.578437,-4.000000,-1.421563
339,8.493756,6.659228,2.197605,2.580548,-3.000000,-0.419452
340,8.468489,0.004005,2.191253,0.063282,1.000000,1.063282
341,8.445007,0.554907,2.186961,0.744921,0.000000,0.744921
342,8.424233,1.423603,2.184021,1.193148,-2.000000,-0.806852
343,8.446715,16.045459,2.189395,4.005678,5.000000,0.994322
344,8.435608,4.670471,2.189312,2.161127,0.000000,2.161127
345,8.436419,8.712218,2.191547,2.951647,2.000000,-0.951647
346,8.497274,29.248785,2.200953,5.408215,-6.000000,-0.591785
347,8.480709,2.815550,2.199428,1.677960,-1.000000,0.677960
348,8.498026,14.437538,2.204080,3.799676,3.000000,-0.799676
349,8.483709,3.558661,2.203159,1.886441,-2.000000,-0.113559
350,8.459705,0.178247,2.198012,0.422193,0.000000,0.422193
351,8.465565,10.493261,2.201013,3.239330,3.000000,-0.239330
352,8.480213,13.562939,2.205271,3.682790,4.000000,0.317210
353,8.456619,0.245937,2.200373,0.495920,-2.000000,-2.495920
354,8.434395,0.678421,2.196439,0.823663,1.000000,0.176337
355,8.411591,0.430146,2.192050,0.655855,-1.000000,-1.655855
356,8.400524,4.516136,2.191860,2.125120,-3.000000,-0.874880
357,8.381755,1.774825,2.189425,1.332226,-1.000000,0.332226
358,8.371671,4.812196,2.189437,2.193672,3.000000,0.806328
359,8.353509,1.924206,2.187177,1.387158,1.000000,-0.387158
360,8.330072,0.009619,2.181309,0.098076,0.000000,0.098076
361,8.307737,0.356801,2.176872,0.597328,0.000000,0.597328
362,8.285697,0.417320,2.172596,0.646003,-1.000000,-0.353997
363,8.274499,4.265471,2.172297,2.065302,-2.000000,0.065302
364,8.252825,0.472111,2.168171,0.687104,2.000000,1.312896
365,8.237326,2.657476,2.166681,1.630177,1.000000,-0.630177
366,8.222924,3.023726,2.165499,1.738887,0.000000,-1.738887
367,8.227005,9.704296,2.168115,3.115172,2.000000,-1.115172
368,8.206298,0.689719,2.164441,0.830493,-1.000000,-0.169507
369,8.187626,1.391007,2.161742,1.179410,-2.000000,-0.820590
370,8.166612,0.496766,2.157761,0.704816,0.000000,-0.704816
371,8.145260,0.330115,2.153447,0.574556,1.000000,0.425444
372,8.133306,3.746243,2.152855,1.935521,-2.000000,-0.064479
373,8.135839,9.067975,2.155181,3.011308,3.000000,-0.011308
374,8.113850,0.000115,2.149386,0.010731,0.000000,-0.010731
375,8.107176,5.637785,2.149992,2.374402,-2.000000,0.374402
376,8.118825,12.440363,2.153694,3.527090,-3.000000,0.527090
377,8.102170,1.906723,2.151622,1.380841,0.000000,1.380841
378,8.088938,3.153519,2.150617,1.775815,2.000000,0.224185
379,8.067415,0.017453,2.145235,0.132111,0.000000,-0.132111
380,8.084830,14.615509,2.149697,3.823024,-2.000000,1.823024
381,8.069953,2.476149,2.148169,1.573578,-2.000000,-0.426422
382,8.056472,2.974279,2.147048,1.724610,2.000000,0.275390
383,8.042139,2.624484,2.145658,1.620026,-1.000000,0.620026
384,8.030160,3.489882,2.144927,1.868123,3.000000,1.131877
385,8.011642,0.974736,2.141889,0.987287,-1.000000,-0.012713
386,7.991131,0.176745,2.137382,0.420411,0.000000,-0.420411
387,7.973319,1.168821,2.134624,1.081120,1.000000,-0.081120
388,7.962006,3.629291,2.134027,1.905070,2.000000,0.094930
389,7.944793,1.335107,2.131485,1.155469,-1.000000,0.155469
390,7.933558,3.608006,2.130884,1.899475,1.000000,-0.899475
391,7.929643,6.418370,2.131924,2.533450,1.000000,-1.533450
392,7.934671,9.880672,2.134531,3.143354,0.000000,-3.143354
393,7.916811,0.987018,2.131598,0.993488,-1.000000,-1.993488
394,7.899988,1.355859,2.129118,1.164414,1.000000,-0.164414
395,7.884487,1.839018,2.127141,1.356104,0.000000,-1.356104
396,7.869913,2.171376,2.125473,1.473559,0.000000,-1.473559
397,7.860199,4.052616,2.125187,2.013111,-2.000000,0.013111
398,7.859736,7.677770,2.126826,2.770879,-3.000000,-0.229121
399,7.843258,1.350600,2.124384,1.162153,2.000000,0.837847
400,7.844674,8.404095,2.126340,2.898982,-1.000000,1.898982
401,7.827337,0.962023,2.123455,0.980827,1.000000,0.019173
402,7.807840,0.067335,2.118771,0.259491,0.000000,0.259491
403,7.788340,0.027533,2.113877,0.165931,0.000000,0.165931
404,7.780393,4.609376,2.113960,2.146946,2.000000,-0.146946
405,7.761246,0.102687,2.109487,0.320448,0.000000,0.320448
406,7.742515,0.231173,2.105436,0.480805,-1.000000,-0.519195
407,7.747667,9.818840,2.107987,3.133503,2.000000,-1.133503
408,7.730040,0.626346,2.104728,0.791420,-1.000000,-1.791420
409,7.715851,1.983422,2.103008,1.408340,1.000000,-0.408340
410,7.719231,9.088304,2.105254,3.014681,3.000000,-0.014681
411,7.706313,2.461537,2.103936,1.568929,-3.000000,-1.431071
412,7.688492,0.435149,2.100396,0.659658,0.000000,0.659658
413,7.694310,10.068355,2.103019,3.173067,-2.000000,1.173067
414,7.677766,0.911314,2.100218,0.954628,0.000000,0.954628
415,7.659153,0.027653,2.095512,0.166291,-1.000000,-0.833709
416,7.649213,3.563924,2.095008,1.887836,0.000000,1.887836
417,7.634969,1.766205,2.093154,1.328987,-1.000000,0.328987
418,7.617319,0.327991,2.089481,0.572705,1.000000,0.427295
419,7.626367,11.372449,2.092572,3.372306,5.000000,1.627694
420,7.608049,0.006046,2.087729,0.077758,1.000000,1.077758
421,7.659288,28.974524,2.095631,5.382799,-4.000000,1.382799
422,7.661857,8.733327,2.097687,2.955220,4.000000,1.044780
423,7.652757,3.848628,2.097363,1.961792,1.000000,-0.961792
424,7.643395,3.720854,2.096962,1.928952,-4.000000,-2.071048
425,7.627645,1.012580,2.094371,1.006270,-2.000000,-0.993730
426,7.622306,5.374505,2.094902,2.318298,-2.000000,0.318298
427,7.604505,0.092760,2.090669,0.304565,-1.000000,-0.695435
428,7.596899,4.379351,2.090674,2.092690,2.000000,-0.092690
429,7.589911,4.626924,2.090816,2.151029,0.000000,2.151029
430,7.572174,0.034368,2.086343,0.185385,0.000000,0.185385
431,7.559733,2.259752,2.084978,1.503247,2.000000,0.496753
432,7.595979,23.073116,2.091329,4.803448,6.000000,1.196552
433,7.579892,0.694302,2.088397,0.833248,3.000000,3.833248
434,7.578609,7.028398,2.089705,2.651113,-1.000000,1.651113
435,7.561033,0.003149,2.084987,0.056114,-2.000000,-2.056114
436,7.543664,0.057824,2.080717,0.240467,-4.000000,-4.240467
437,7.542920,7.221372,2.082118,2.687261,1.000000,-1.687261
438,7.525549,0.004107,2.077468,0.064089,0.000000,0.064089
439,7.552039,19.048521,2.082726,4.364461,-4.000000,0.364461
440,7.535192,0.206748,2.078992,0.454695,1.000000,0.545305
441,7.549843,13.937726,2.082777,3.733326,-2.000000,1.733326
442,7.533028,0.184892,2.079004,0.429991,1.000000,1.429991
443,7.515944,0.033240,2.074683,0.182318,0.000000,0.182318
444,7.581109,36.188305,2.083640,6.015672,7.000000,0.984328
445,7.662391,43.426773,2.093858,6.589899,6.000000,-0.589899
446,7.835735,84.280275,2.109891,9.180429,-10.000000,-0.819571
447,7.829064,4.880700,2.110116,2.209231,-2.000000,0.209231
448,7.838665,12.091792,2.113195,3.477325,3.000000,-0.477325
449,7.934149,50.328915,2.124388,7.094288,8.000000,0.905712
450,7.990747,33.176811,2.132540,5.759931,4.000000,-1.759931
451,7.987148,6.381910,2.133421,2.526244,-3.000000,-0.473756
452,7.995509,11.733274,2.136304,3.425387,0.000000,-3.425387
453,8.003715,11.679897,2.139158,3.417586,-8.000000,-4.582414
454,7.990713,2.152722,2.137665,1.467216,0.000000,1.467216
455,7.973057,0.027806,2.133295,0.166752,2.000000,2.166752
456,7.965411,4.517198,2.133277,2.125370,4.000000,1.874630
457,7.948532,0.319183,2.129815,0.564963,-2.000000,-1.435037
458,7.939333,3.772283,2.129402,1.942237,-3.000000,-1.057763
459,7.936126,6.480044,2.130317,2.545593,4.000000,1.454407
460,7.924209,2.502089,2.129114,1.581799,1.000000,-0.581799
461,7.953914,21.499202,2.134601,4.636723,-4.000000,0.636723
462,7.940314,1.725351,2.132808,1.313526,-1.000000,0.313526
463,7.946421,10.743280,2.135302,3.277694,-3.000000,0.277694
464,7.932929,1.740275,2.133528,1.319195,1.000000,-0.319195
465,7.916284,0.259214,2.130005,0.509131,2.000000,1.490869
466,8.039455,64.821420,2.142821,8.051175,-6.000000,2.051175
467,8.056146,15.767310,2.146769,3.970807,4.000000,0.029193
468,8.072323,15.562534,2.150645,3.944938,5.000000,1.055062
469,8.068870,6.466528,2.151488,2.542937,-1.000000,1.542937
470,8.068078,7.700000,2.152826,2.774887,1.000000,-1.774887
471,8.058039,3.379660,2.152153,1.838385,2.000000,0.161615
472,8.051437,4.968437,2.152317,2.228999,-1.000000,-3.228999
473,8.047531,6.219528,2.153045,2.493898,-1.000000,-3.493898
474,8.087908,27.024635,2.159525,5.198522,-5.000000,0.198522
475,8.071237,0.235826,2.155971,0.485619,0.000000,-0.485619
476,8.054147,0.004725,2.151549,0.068738,0.000000,0.068738
477,8.045363,3.899323,2.151175,1.974670,-1.000000,0.974670
478,8.030841,1.161882,2.148911,1.077906,1.000000,-0.077906
479,8.014837,0.428832,2.145765,0.654852,1.000000,0.345148
480,8.003235,2.492326,2.144574,1.578710,0.000000,1.578710
481,7.987664,0.575929,2.141669,0.758900,-1.000000,-0.241100
482,7.973125,1.038254,2.139320,1.018947,0.000000,-1.018947
483,7.957005,0.251451,2.135901,0.501449,0.000000,-0.501449
484,7.994048,25.737844,2.142020,5.073248,4.000000,-1.073248
485,7.977495,0.031892,2.137938,0.178583,1.000000,0.821417
486,7.970336,4.526980,2.137917,2.127670,2.000000,-0.127670
487,7.961073,3.496103,2.137362,1.869787,0.000000,-1.869787
488,7.964555,9.646643,2.139363,3.105905,1.000000,-2.105905
489,7.957876,4.725028,2.139434,2.173713,0.000000,-2.173713
490,7.952479,5.334777,2.139784,2.309714,1.000000,-1.309714
491,7.947727,5.638220,2.140266,2.374494,-3.000000,-0.625506
492,7.941067,4.697870,2.140322,2.167457,1.000000,-1.167457
493,7.931861,3.439476,2.139738,1.854582,-3.000000,-1.145418
494,7.923690,3.928088,2.139416,1.981940,-1.000000,0.981940
495,7.919649,5.939423,2.140022,2.437093,-2.000000,0.437093
496,7.905615,1.014835,2.137720,1.007390,2.000000,0.992610
497,7.889750,0.084295,2.133972,0.290336,0.000000,-0.290336
498,7.989832,57.330281,2.144980,7.571676,7.000000,-0.571676
499,7.981018,3.626976,2.144494,1.904462,-1.000000,0.904462
500,8.020184,27.407366,2.150725,5.235204,-5.000000,0.235204
501,8.009590,2.754707,2.149737,1.659731,1.000000,-0.659731
502,8.016247,11.324718,2.152178,3.365222,4.000000,0.634778
503,8.044248,21.988674,2.157262,4.689208,-4.000000,0.689208
504,8.037240,4.540512,2.157210,2.130848,-2.000000,0.130848
505,8.021723,0.263200,2.153928,0.513030,2.000000,1.486970
506,8.023897,9.113039,2.155651,3.018781,4.000000,0.981219
507,8.013592,2.840479,2.154716,1.685372,-2.000000,-0.314628
508,7.998148,0.229749,2.151391,0.479322,1.000000,1.479322
509,7.995689,6.756283,2.152278,2.599285,2.000000,-0.599285
510,8.029703,25.206871,2.157947,5.020644,-6.000000,-0.979356
511,8.013941,0.038407,2.154077,0.195977,-2.000000,-1.804023
512,8.031228,16.795583,2.157904,4.098241,-2.000000,2.098241
513,8.021253,2.954053,2.157042,1.718736,-1.000000,0.718736
514,8.006114,0.300489,2.153887,0.548169,0.000000,0.548169
515,7.990700,0.129262,2.150375,0.359531,2.000000,1.640469
516,7.976981,0.966523,2.148096,0.983119,0.000000,0.983119
517,7.977660,8.325785,2.149533,2.885444,2.000000,-0.885444
518,7.962522,0.196732,2.146214,0.443545,0.000000,0.443545
519,7.958767,6.028362,2.146814,2.455272,0.000000,2.455272
520,7.943350,0.003498,2.142768,0.059148,0.000000,-0.059148
521,7.929606,0.838019,2.140394,0.915434,-1.000000,-0.084566
522,7.914443,0.074910,2.136791,0.273698,-1.000000,-0.726302
523,7.899321,0.066362,2.133170,0.257608,0.000000,0.257608
524,7.894856,5.577653,2.133609,2.361705,2.000000,-0.361705
525,7.880580,0.457053,2.130812,0.676057,0.000000,0.676057
526,7.866134,0.339542,2.127846,0.582703,1.000000,0.417297
527,7.858154,3.692548,2.127452,1.921600,-2.000000,-0.078400
528,7.847848,2.457788,2.126383,1.567733,1.000000,-0.567733
529,7.926217,48.991838,2.135665,6.999417,7.000000,0.000583
530,7.928453,9.101918,2.137341,3.016938,5.000000,1.983062
531,7.940181,14.109383,2.140413,3.756246,-3.000000,0.756246
532,7.946593,11.325454,2.142733,3.365331,-6.000000,-2.634669
533,7.935238,1.940008,2.141315,1.392842,-1.000000,-2.392842
534,7.922804,1.345050,2.139463,1.159763,2.000000,0.840237
535,7.912711,2.563631,2.138449,1.601134,2.000000,0.398866
536,7.897842,0.002253,2.134519,0.047463,1.000000,1.047463
537,7.995573,59.988347,2.145046,7.745214,-8.000000,-0.254786
538,7.985949,2.856474,2.144194,1.690111,-1.000000,0.690111
539,7.977156,3.281981,2.143572,1.811624,0.000000,1.811624
540,7.970183,4.239318,2.143414,2.058961,3.000000,0.941039
541,7.960815,2.939704,2.142616,1.714557,-1.000000,0.714557
542,7.946053,0.018693,2.138887,0.136721,-1.000000,-1.136721
543,7.949846,9.990653,2.140783,3.160799,-3.000000,0.160799
544,7.994485,32.055022,2.147303,5.661715,4.000000,-1.661715
545,7.982898,1.725698,2.145762,1.313658,0.000000,1.313658
546,7.968613,0.240381,2.142708,0.490286,0.000000,0.490286
547,7.955059,0.609039,2.140199,0.780409,1.000000,0.219591
548,7.940546,0.059650,2.136714,0.244234,0.000000,0.244234
549,7.926865,0.484488,2.134070,0.696052,-1.000000,-0.303948
550,7.913358,0.552043,2.131523,0.742996,1.000000,0.257004
551,7.901175,1.249526,2.129670,1.117822,-1.000000,0.117822
552,7.887462,0.386326,2.126917,0.621551,-1.000000,-0.378449
553,7.874358,0.693192,2.124560,0.832582,-1.000000,-0.167418
554,7.860282,0.132863,2.121360,0.364504,1.000000,0.635496
555,7.850474,2.455853,2.120354,1.567116,2.000000,0.432884
556,7.836294,0.023043,2.116788,0.151800,0.000000,0.151800
557,7.824575,1.355917,2.115065,1.164439,1.000000,-0.164439
558,7.827950,9.694468,2.116868,3.113594,3.000000,-0.113594
559,7.816618,1.538464,2.115289,1.240348,-1.000000,0.240348
560,7.804092,0.851966,2.113144,0.923020,0.000000,0.923020
561,7.791262,0.658002,2.110807,0.811173,0.000000,0.811173
562,7.821805,24.834141,2.115955,4.983386,4.000000,-0.983386
563,7.831978,13.508654,2.118744,3.675412,3.000000,-0.675412
564,7.964080,81.808899,2.131112,9.044827,-10.000000,-0.955173
565,7.957739,4.406943,2.131056,2.099272,-2.000000,0.099272
566,7.944809,0.690902,2.128743,0.831205,0.000000,0.831205
567,7.959369,16.142041,2.132098,4.017716,-2.000000,2.017716
568,7.957525,6.919672,2.132982,2.630527,3.000000,0.369473
569,7.943819,0.213585,2.130025,0.462153,1.000000,1.462153
570,7.930760,0.552620,2.127575,0.743384,1.000000,0.256616
571,7.916892,0.067195,2.124279,0.259220,-1.000000,-1.259220
572,7.907521,2.594454,2.123375,1.610731,-1.000000,0.610731
573,7.893722,0.055768,2.120059,0.236153,0.000000,0.236153
574,7.884272,2.506964,2.119117,1.583340,2.000000,0.416660
575,7.966644,54.919044,2.128384,7.410738,8.000000,0.589262
576,7.962885,5.816357,2.128880,2.411713,2.000000,-0.411713
577,8.067258,67.768387,2.139531,8.232156,-8.000000,0.232156
578,8.055940,1.571098,2.137987,1.253434,1.000000,-0.253434
579,8.072818,17.760787,2.141598,4.214355,-4.000000,0.214355
580,8.076374,10.121103,2.143404,3.181368,2.000000,-1.181368
581,8.062625,0.142867,2.140344,0.377977,0.000000,0.377977
582,8.106495,33.419990,2.146643,5.781002,-4.000000,1.781002
583,8.098636,3.555958,2.146192,1.885725,1.000000,-0.885725
584,8.084858,0.107395,2.143057,0.327711,1.000000,1.327711
585,8.076919,3.472290,2.142575,1.863408,4.000000,2.136592
586,8.157428,54.933119,2.151629,7.411688,7.000000,-0.411688
587,8.234084,52.847966,2.160408,7.269661,-6.000000,1.269661
588,8.235980,9.340914,2.161942,3.056291,-4.000000,-0.943709
589,8.233562,6.821764,2.162711,2.611851,-3.000000,-0.388149
590,8.219995,0.283389,2.159928,0.532343,1.000000,1.532343
591,8.207982,1.168449,2.158090,1.080948,0.000000,1.080948
592,8.201212,4.227191,2.157917,2.056013,-1.000000,1.056013
593,8.190551,1.921569,2.156607,1.386207,2.000000,0.613793
594,8.189277,7.438835,2.157574,2.727423,-2.000000,0.727423
595,8.176187,0.453006,2.155062,0.673057,0.000000,0.673057
596,8.162475,0.059078,2.151832,0.243061,1.000000,1.243061
597,8.150271,0.925329,2.149826,0.961940,0.000000,0.961940
598,8.144491,4.716848,2.149863,2.171831,1.000000,-1.171831
599,8.140384,5.701185,2.150263,2.387716,-2.000000,0.387716
600,8.126795,0.041120,2.146995,0.202781,1.000000,0.797219
601,8.114275,0.652411,2.144752,0.807720,-1.000000,-0.192280
602,8.100994,0.172221,2.141859,0.414995,1.000000,1.414995
603,8.091874,2.638137,2.140995,1.624234,3.000000,1.375766
604,8.082364,2.385857,2.140001,1.544622,-1.000000,0.544622
605,8.076981,4.847128,2.140104,2.201619,2.000000,-0.201619
606,8.092208,17.243617,2.143447,4.152543,-4.000000,0.152543
607,8.086902,4.892436,2.143560,2.211885,0.000000,2.211885
608,8.073640,0.076666,2.140470,0.276887,1.000000,0.723113
609,8.064492,2.539213,2.139565,1.593491,2.000000,0.406509
610,8.057109,3.590605,2.139162,1.894889,2.000000,0.105111
611,8.085774,25.456607,2.143950,5.045454,3.000000,-2.045454
612,8.143387,43.114806,2.151223,6.566187,-8.000000,-1.433813
613,8.130723,0.430762,2.148768,0.656325,1.000000,0.343675
614,8.121552,2.536216,2.147857,1.592550,-1.000000,0.592550
615,8.108289,0.018195,2.144562,0.134887,0.000000,0.134887
616,8.095061,0.012672,2.141242,0.112570,1.000000,1.112570
617,8.091687,6.026829,2.141753,2.454960,2.000000,-0.454960
618,8.092472,8.573371,2.143034,2.928032,-4.000000,-1.071968
619,8.086036,4.134762,2.142856,2.033411,-2.000000,0.033411
620,8.072913,0.002257,2.139454,0.047505,1.000000,1.047505
621,8.061061,0.759837,2.137400,0.871686,1.000000,0.128314
622,8.048839,0.508122,2.135094,0.712827,1.000000,0.287173
623,8.035856,0.012181,2.131823,0.110367,0.000000,-0.110367
624,8.062060,24.282384,2.136333,4.927716,5.000000,0.072284
625,8.053060,2.473112,2.135425,1.572613,0.000000,-1.572613
626,8.065538,15.814450,2.138386,3.976739,3.000000,-0.976739
627,8.052912,0.199791,2.135671,0.446980,-2.000000,-1.553020
628,8.061392,13.344429,2.138102,3.653003,2.000000,-1.653003
629,8.054547,3.782943,2.137793,1.944979,1.000000,-0.944979
630,8.050988,5.826839,2.138234,2.413885,-4.000000,-1.586115
631,8.043797,3.542168,2.137826,1.882065,2.000000,0.117935
632,8.039989,5.652552,2.138207,2.377510,2.000000,-0.377510
633,8.056158,18.209910,2.141592,4.267307,-5.000000,-0.732693
634,8.046021,1.669865,2.140244,1.292233,-1.000000,0.292233
635,8.055869,14.259875,2.142837,3.776225,-3.000000,0.776225
636,8.070134,17.071549,2.145984,4.131773,5.000000,0.868227
637,8.065786,5.318208,2.146237,2.306124,3.000000,0.693876
638,8.054358,0.820397,2.144280,0.905758,0.000000,0.905758
639,8.045126,2.191592,2.143235,1.480403,-2.000000,-0.519597
640,8.091453,37.509544,2.149495,6.124504,5.000000,-1.124504
641,8.097256,11.788049,2.151510,3.433373,-3.000000,0.433373
642,8.098086,8.626662,2.152741,2.937118,-3.000000,-0.062882
643,8.098045,8.071411,2.153819,2.841023,-3.000000,-0.158977
644,8.118530,21.208935,2.157649,4.605316,-4.000000,0.605316
645,8.107984,1.358417,2.156101,1.165512,-1.000000,0.165512
646,8.095356,0.000648,2.152782,0.025453,2.000000,2.025453
647,8.085363,1.669864,2.151444,1.292232,3.000000,1.707768
648,8.073068,0.167241,2.148738,0.408952,1.000000,0.591048
649,8.102349,26.959450,2.153457,5.192249,-3.000000,2.192249
650,8.133324,28.112532,2.158331,5.302125,-3.000000,2.302125
651,8.132919,7.871117,2.159331,2.805551,-2.000000,0.805551
652,8.120782,0.268357,2.156799,0.518032,0.000000,0.518032
653,8.109142,0.566412,2.154635,0.752603,0.000000,0.752603
654,8.096878,0.137371,2.151890,0.370636,0.000000,0.370636
655,8.084529,0.057850,2.148954,0.240520,1.000000,1.240520
656,8.073953,1.188731,2.147331,1.090289,1.000000,-0.090289
657,8.061740,0.098691,2.144523,0.314151,0.000000,-0.314151
658,8.052933,2.302372,2.143564,1.517357,0.000000,1.517357
659,8.041595,0.626224,2.141500,0.791343,-1.000000,-0.208657
660,8.030499,0.762908,2.139567,0.873446,1.000000,0.126554
661,8.027249,5.895292,2.140006,2.428022,-3.000000,-0.571978
662,8.025251,6.712055,2.140691,2.590763,-1.000000,1.590763
663,8.014986,1.261094,2.139147,1.122984,1.000000,-0.122984
664,8.005692,1.880766,2.137983,1.371410,1.000000,-0.371410
665,7.996005,1.602686,2.136664,1.265972,0.000000,1.265972
666,7.986402,1.638853,2.135370,1.280177,-2.000000,-0.719823
667,7.989634,10.128806,2.136950,3.182579,3.000000,-0.182579
668,7.977656,0.036561,2.134019,0.191209,0.000000,0.191209
669,7.966702,0.692927,2.132062,0.832423,-1.000000,-0.167577
670,8.028230,48.944561,2.139365,6.996039,7.000000,0.003961
671,8.018429,1.491197,2.137989,1.221146,-1.000000,0.221146
672,8.032928,17.703516,2.141087,4.207555,-6.000000,-1.792445
673,8.021965,0.698414,2.139136,0.835712,-2.000000,-1.164288
674,8.010805,0.545385,2.137045,0.738502,1.000000,0.261498
675,8.009246,6.964620,2.137793,2.639057,2.000000,-0.639057
676,8.020650,15.672288,2.140503,3.958824,-4.000000,-0.041176
677,8.013691,3.337699,2.140037,1.826937,3.000000,1.173063
678,8.002010,0.140334,2.137418,0.374611,0.000000,-0.374611
679,7.995116,3.348431,2.136962,1.829872,-2.000000,-0.170128
680,7.994660,7.686998,2.137903,2.772544,2.000000,-0.772544
681,7.999807,11.479189,2.139749,3.388095,4.000000,0.611905
682,7.988180,0.116627,2.137097,0.341507,-1.000000,-0.658493
683,7.979242,1.919484,2.135990,1.385454,-2.000000,-0.614546
684,7.973188,3.862426,2.135739,1.965306,2.000000,0.034694
685,7.977000,10.569069,2.137377,3.251011,-4.000000,-0.748989
686,7.965676,0.254359,2.134982,0.504341,-1.000000,-0.495659
687,7.954014,0.000051,2.131867,0.007170,1.000000,1.007170
688,7.943563,0.805713,2.130062,0.897615,1.000000,0.102385
689,7.932344,0.258937,2.127696,0.508859,-1.000000,-0.491141
690,7.927202,4.404873,2.127653,2.098779,-2.000000,0.098779
691,7.915663,0.000038,2.124565,0.006126,0.000000,0.006126
692,7.904273,0.079003,2.121886,0.281075,0.000000,0.281075
693,7.898664,4.039822,2.121723,2.009931,2.000000,-0.009931
694,7.887358,0.097158,2.119100,0.311701,0.000000,0.311701
695,7.879636,2.551832,2.118345,1.597446,1.000000,-0.597446
696,7.868502,0.174951,2.115888,0.418271,-1.000000,-0.581729
697,7.857181,0.023108,2.113055,0.152014,-1.000000,-0.847986
698,7.850563,3.264125,2.112613,1.806689,-1.000000,0.806689
699,7.841480,1.537950,2.111358,1.240141,-1.000000,0.240141
700,7.832910,1.876766,2.110293,1.369951,2.000000,0.630049
701,7.823134,1.019218,2.108713,1.009563,1.000000,-0.009563
702,7.812352,0.297296,2.106473,0.545249,-1.000000,-0.454751
703,7.801294,0.082384,2.103870,0.287026,0.000000,-0.287026
704,7.791674,1.067672,2.102341,1.033282,1.000000,-0.033282
705,7.789766,6.454085,2.102966,2.540489,-3.000000,-0.459511
706,7.779246,0.404220,2.100876,0.635783,-1.000000,-0.364217
707,7.768387,0.145896,2.098431,0.381963,0.000000,0.381963
708,7.759215,1.311231,2.097077,1.145090,1.000000,-0.145090
709,7.767307,13.463860,2.099307,3.669313,3.000000,-0.669313
710,7.756416,0.078118,2.096729,0.279496,0.000000,0.279496
711,7.751060,3.970260,2.096582,1.992551,-2.000000,-0.007449
712,7.747157,4.987581,2.096775,2.233289,1.000000,-1.233289
713,7.738732,1.773616,2.095696,1.331772,1.000000,-0.331772
714,7.728670,0.594446,2.093830,0.771003,0.000000,-0.771003
715,7.717935,0.096633,2.091323,0.310858,-1.000000,-0.689142
716,7.712389,3.768996,2.091112,1.941390,-2.000000,-0.058610
717,7.705196,2.583411,2.090433,1.607299,1.000000,-0.607299
718,7.697053,1.891283,2.089432,1.375239,-2.000000,-0.624761
719,7.686356,0.048852,2.086819,0.221024,1.000000,0.778976
720,7.678286,1.908199,2.085833,1.381376,1.000000,-0.381376
721,7.668788,0.868369,2.084224,0.931863,1.000000,0.068137
722,7.658493,0.276508,2.082053,0.525840,0.000000,-0.525840
723,7.650343,1.798844,2.081023,1.341210,1.000000,-0.341210
724,7.639793,0.054783,2.078458,0.234057,-1.000000,-0.765943
725,7.634153,3.572956,2.078197,1.890227,-1.000000,0.890227
726,7.637492,10.045206,2.079708,3.169417,3.000000,-0.169417
727,7.627112,0.132186,2.077335,0.363574,0.000000,0.363574
728,7.617103,0.380577,2.075317,0.616909,-1.000000,-0.383091
729,7.608389,1.300046,2.074028,1.140195,0.000000,-1.140195
730,7.601308,2.467214,2.073334,1.570737,-2.000000,-0.429263
731,7.590864,0.008789,2.070611,0.093752,0.000000,-0.093752
732,7.580437,0.000152,2.067784,0.012316,0.000000,-0.012316
733,7.588057,13.135483,2.069919,3.624291,-3.000000,0.624291
734,7.579413,1.277675,2.068632,1.130343,1.000000,-0.130343
735,7.569243,0.144825,2.066323,0.380559,0.000000,0.380559
736,7.571900,9.514479,2.067714,3.084555,3.000000,-0.084555
737,7.563242,1.225178,2.066403,1.106877,-1.000000,0.106877
738,7.554940,1.469763,2.065239,1.212338,2.000000,0.787662
739,7.545577,0.673085,2.063546,0.820418,1.000000,0.179582
740,7.535808,0.356101,2.061553,0.596742,0.000000,-0.596742
741,7.529081,2.577687,2.060934,1.605518,0.000000,-1.605518
742,7.520778,1.401247,2.059745,1.183743,-2.000000,-0.816257
743,7.521631,8.151217,2.060822,2.855034,3.000000,0.144966
744,7.512498,0.763719,2.059218,0.873910,-2.000000,-1.126090
745,7.548969,34.537268,2.064370,5.876842,-5.000000,0.876842
746,7.553742,11.090378,2.066076,3.330222,3.000000,-0.330222
747,7.543686,0.082420,2.063681,0.287089,0.000000,0.287089
748,7.533623,0.056351,2.061227,0.237383,0.000000,0.237383
749,7.523540,0.021983,2.058659,0.148266,0.000000,-0.148266
750,7.521238,5.806526,2.059129,2.409673,-1.000000,1.409673
751,7.511185,0.011726,2.056518,0.108289,0.000000,-0.108289
752,7.507461,4.725358,2.056675,2.173789,-2.000000,0.173789
753,7.508199,8.060389,2.057719,2.839082,-1.000000,1.839082
754,7.498490,0.226583,2.055610,0.476007,0.000000,0.476007
755,7.489836,0.998664,2.054204,0.999332,3.000000,2.000668
756,7.480996,0.842123,2.052693,0.917672,3.000000,2.082328
757,7.475366,3.242306,2.052358,1.800640,-1.000000,0.800640
758,7.479369,10.493262,2.053932,3.239331,-3.000000,0.239331
759,7.469479,0.012398,2.051359,0.111346,0.000000,0.111346
760,7.459886,0.217352,2.049262,0.466210,0.000000,0.466210
761,7.450380,0.263777,2.047234,0.513592,1.000000,0.486408
762,7.444785,3.209060,2.046896,1.791385,-2.000000,-0.208615
763,7.444389,7.144532,2.047721,2.672926,2.000000,-0.672926
764,7.444588,7.595488,2.048653,2.755991,2.000000,-0.755991
765,7.436965,1.643576,2.047645,1.282020,1.000000,-0.282020
766,7.427245,0.030230,2.045186,0.173866,0.000000,-0.173866
767,7.418091,0.442508,2.043378,0.665213,-1.000000,-0.334787
768,7.408997,0.470285,2.041601,0.685773,0.000000,-0.685773
769,7.400149,0.640508,2.039978,0.800317,0.000000,-0.800317
770,7.395726,4.012206,2.039930,2.003049,1.000000,-1.003049
771,7.386334,0.191816,2.037841,0.437968,-1.000000,-0.562032
772,7.377677,0.738124,2.036307,0.859142,0.000000,0.859142
773,7.408144,30.806843,2.040876,5.550391,6.000000,0.449609
774,7.414913,12.619841,2.042839,3.552442,-2.000000,1.552442
775,7.415523,7.885547,2.043832,2.808122,-3.000000,-0.191878
776,7.408977,2.362185,2.043175,1.536940,-1.000000,0.536940
777,7.414561,11.725084,2.044962,3.424191,4.000000,0.575809
778,7.418599,10.539785,2.046514,3.246504,-4.000000,-0.753496
779,7.410963,1.501141,2.045455,1.225211,1.000000,-0.225211
780,7.405027,2.804654,2.044977,1.674710,-1.000000,0.674710
781,7.395809,0.242705,2.042979,0.492651,1.000000,0.507349
782,7.392705,4.980413,2.043222,2.231684,-2.000000,0.231684
783,7.385157,1.512789,2.042178,1.229955,1.000000,2.229955
784,7.375760,0.055666,2.039862,0.235937,1.000000,0.764063
785,7.366401,0.066819,2.037581,0.258494,-1.000000,-0.741506
786,7.359221,1.751194,2.036668,1.323327,2.000000,0.676673
787,7.350333,0.400310,2.034875,0.632701,1.000000,0.367299
788,7.382894,32.877887,2.039593,5.733924,6.000000,0.266076
789,7.376057,2.015436,2.038803,1.419661,1.000000,-0.419661
790,7.369217,2.000238,2.038008,1.414298,-2.000000,-0.585702
791,7.361774,1.511164,2.036981,1.229294,-3.000000,-1.770706
792,7.357123,3.696789,2.036836,1.922703,-4.000000,-2.077297
793,7.357674,7.791865,2.037792,2.791391,3.000000,0.208609
794,7.348406,0.036296,2.035454,0.190515,0.000000,0.190515
795,7.380145,32.454022,2.040083,5.696843,-5.000000,0.696843
796,7.370894,0.053128,2.037798,0.230495,1.000000,0.769505
797,7.368802,5.712262,2.038242,2.390034,-1.000000,1.390034
798,7.359761,0.190173,2.036224,0.436089,2.000000,1.563911
799,7.353655,2.505726,2.035654,1.582949,2.000000,0.417051
800,7.348099,2.930647,2.035247,1.711913,-2.000000,-0.288087
801,7.338981,0.081440,2.033052,0.285377,1.000000,0.714623
802,7.385085,44.129968,2.038829,6.643039,7.000000,0.356961
803,7.392845,13.584778,2.040890,3.685753,-3.000000,0.685753
804,7.410381,21.421853,2.044124,4.628375,3.000000,-1.628375
805,7.403564,1.950153,2.043316,1.396479,1.000000,-0.396479
806,7.395971,1.314142,2.042197,1.146360,0.000000,-1.146360
807,7.401659,11.962803,2.043961,3.458728,1.000000,-2.458728
808,7.397208,3.823389,2.043851,1.955349,1.000000,-0.955349
809,7.396142,6.539289,2.044489,2.557203,-4.000000,-1.442797
810,7.402883,12.829569,2.046396,3.581839,-5.000000,-1.418161
811,7.393972,0.211354,2.044430,0.459733,0.000000,0.459733
812,7.385499,0.547590,2.042816,0.739993,0.000000,0.739993
813,7.381896,4.470534,2.042904,2.114364,-1.000000,1.114364
814,7.373132,0.283381,2.041039,0.532335,0.000000,0.532335
815,7.380442,13.301257,2.043020,3.647089,-3.000000,0.647089
816,7.376487,4.169272,2.043018,2.041880,-1.000000,1.041880
817,7.370934,2.861850,2.042586,1.691700,2.000000,0.308300
818,7.365799,3.191309,2.042271,1.786424,3.000000,1.213576
819,7.362767,4.894868,2.042480,2.212435,-1.000000,1.212435
820,7.360303,5.351679,2.042812,2.313370,-2.000000,0.313370
821,7.351391,0.079507,2.040657,0.281970,-1.000000,-0.718030
822,7.353257,8.877355,2.041805,2.979489,3.000000,0.020511
823,7.360135,12.986803,2.043712,3.603721,-3.000000,0.603721
824,7.353483,1.905031,2.042903,1.380229,1.000000,-0.380229
825,7.344596,0.057075,2.040705,0.238905,0.000000,0.238905
826,7.336942,1.053564,2.039471,1.026433,1.000000,-0.026433
827,7.330353,1.913916,2.038674,1.383444,-1.000000,0.383444
828,7.330235,7.232939,2.039464,2.689412,-2.000000,0.689412
829,7.324355,2.479169,2.038900,1.574538,2.000000,0.425462
830,7.315699,0.175090,2.036939,0.418438,1.000000,0.581562
831,7.306894,0.033938,2.034698,0.184223,0.000000,0.184223
832,7.298602,0.440748,2.033043,0.663889,-1.000000,-0.336111
833,7.289802,0.003512,2.030662,0.059262,0.000000,-0.059262
834,7.283296,1.889676,2.029871,1.374655,0.000000,1.374655
835,7.274642,0.092166,2.027794,0.303589,1.000000,0.696411
836,7.269635,3.108506,2.027476,1.763096,-1.000000,0.763096
837,7.261001,0.077299,2.025376,0.278027,0.000000,0.278027
838,7.253161,0.722649,2.023967,0.850087,0.000000,0.850087
839,7.244553,0.065640,2.021850,0.256204,0.000000,0.256204
840,7.237005,0.934380,2.020587,0.966633,-1.000000,-0.033367
841,7.233148,4.008973,2.020565,2.002242,2.000000,-0.002242
842,7.224945,0.358901,2.018869,0.599083,0.000000,0.599083
843,7.216857,0.438943,2.017252,0.662528,1.000000,0.337472
844,7.221089,10.772183,2.018758,3.282100,-2.000000,1.282100
845,7.213032,0.444763,2.017151,0.666906,1.000000,0.333094
846,7.204533,0.057321,2.015039,0.239419,1.000000,0.760581
847,7.196048,0.051380,2.012918,0.226671,0.000000,0.226671
848,7.187751,0.193575,2.011054,0.439972,0.000000,0.439972
849,7.189927,9.026379,2.012230,3.004393,3.000000,-0.004393
850,7.217099,30.177254,2.016345,5.493383,5.000000,-0.493383
851,7.209922,1.138122,2.015224,1.066828,1.000000,-0.066828
852,7.217210,13.389970,2.017162,3.659231,2.000000,-1.659231
853,7.222232,11.481306,2.018778,3.388408,-5.000000,-1.611592
854,7.230783,14.490024,2.020881,3.806576,-5.000000,-1.193424
855,7.262572,34.283919,2.025387,5.855247,6.000000,0.144753
856,7.310139,47.789125,2.031123,6.912968,8.000000,1.087032
857,7.481746,153.690693,2.043276,12.397205,-13.000000,-0.602795
858,7.474339,1.156770,2.042142,1.075532,-1.000000,0.075532
859,7.467316,1.469109,2.041172,1.212068,-1.000000,0.212068
860,7.464220,4.817386,2.041351,2.194854,-1.000000,1.194854
861,7.455545,0.029660,2.039170,0.172220,1.000000,0.827780
862,7.447373,0.444276,2.037570,0.666540,2.000000,1.333460
863,7.453681,12.865487,2.039374,3.586849,4.000000,0.413151
864,7.459704,12.634038,2.041136,3.554439,1.000000,-2.554439
865,7.489566,33.170499,2.045454,5.759384,-5.000000,0.759384
866,7.481035,0.135788,2.043509,0.368494,0.000000,-0.368494
867,7.473959,1.375078,2.042500,1.172637,0.000000,1.172637
868,7.465327,0.015872,2.040281,0.125983,0.000000,-0.125983
869,7.463563,5.938928,2.040740,2.436992,2.000000,-0.436992
870,7.456479,1.329317,2.039715,1.152960,1.000000,-0.152960
871,7.511435,55.102563,2.045924,7.423110,8.000000,0.576890
872,7.516381,11.805140,2.047525,3.435861,-5.000000,-1.564139
873,7.532311,21.359461,2.050488,4.621630,-5.000000,-0.378370
874,7.523654,0.000606,2.048159,0.024626,1.000000,1.024626
875,7.515029,0.011163,2.045929,0.105655,1.000000,1.105655
876,7.506815,0.352814,2.044264,0.593981,0.000000,-0.593981
877,7.498600,0.334469,2.042585,0.578333,-1.000000,-0.421667
878,7.492164,1.874110,2.041814,1.368981,-1.000000,0.368981
879,7.483603,0.000970,2.039516,0.031144,-1.000000,-1.031144
880,7.475630,0.499648,2.037995,0.706858,0.000000,0.706858
881,7.467126,0.017303,2.035821,0.131539,1.000000,0.868461
882,7.464337,5.018340,2.036053,2.240165,-1.000000,1.240165
883,7.455936,0.079818,2.034059,0.282522,1.000000,1.282522
884,7.450330,2.523043,2.033552,1.588409,-1.000000,0.588409
885,7.444522,2.333296,2.032978,1.527513,2.000000,0.472487
886,7.436344,0.231629,2.031218,0.481279,0.000000,0.481279
887,7.427941,0.016514,2.029064,0.128508,0.000000,0.128508
888,7.420668,0.998294,2.027899,0.999146,1.000000,0.000854
889,7.421804,8.426397,2.028887,2.902826,-2.000000,0.902826
890,7.414364,0.830015,2.027626,0.911052,-1.000000,-0.088948
891,7.406189,0.163193,2.025795,0.403971,0.000000,0.403971
892,7.397864,0.013682,2.023645,0.116969,1.000000,0.883031
893,7.389740,0.175043,2.021840,0.418381,0.000000,0.418381
894,7.382637,1.067932,2.020729,1.033408,1.000000,-0.033408
895,7.379241,4.357158,2.020804,2.087381,2.000000,-0.087381
896,7.405836,31.102039,2.024791,5.576920,6.000000,0.423080
897,7.432835,31.515919,2.028810,5.613904,7.000000,1.386096
898,7.561932,122.845096,2.038938,11.083551,-10.000000,1.083551
899,7.567375,12.433658,2.040600,3.526139,-4.000000,-0.473861
900,7.559400,0.421951,2.039047,0.649578,0.000000,-0.649578
901,7.558749,6.975413,2.039719,2.641101,-2.000000,0.641101
902,7.550333,0.001475,2.037490,0.038401,1.000000,0.961599
903,7.541940,0.005035,2.035302,0.070961,1.000000,0.929039
904,7.534053,0.442990,2.033781,0.665575,0.000000,0.665575
905,7.525889,0.178542,2.031992,0.422542,-1.000000,-1.422542
906,7.517722,0.159675,2.030182,0.399593,0.000000,0.399593
907,7.511390,1.799551,2.029420,1.341473,0.000000,1.341473
908,7.503386,0.275951,2.027756,0.525310,0.000000,0.525310
909,7.495579,0.438088,2.026247,0.661882,2.000000,1.338118
910,7.495823,7.716169,2.027076,2.777799,-1.000000,1.777799
911,7.496104,7.751398,2.027911,2.784133,-1.000000,1.784133
912,7.487997,0.134677,2.026082,0.366984,0.000000,0.366984
913,7.480777,0.924502,2.024911,0.961511,0.000000,0.961511
914,7.477539,4.534884,2.025026,2.129527,-1.000000,1.129527
915,7.469456,0.114037,2.023173,0.337694,1.000000,0.662306
916,7.463604,2.131625,2.022556,1.460009,2.000000,0.539991
917,7.566264,101.192739,2.031359,10.059460,10.000000,-0.059460
918,7.583282,23.120673,2.034397,4.808396,5.000000,0.191604
919,7.699261,113.704099,2.043827,10.663212,-13.000000,-2.336788
920,7.691203,0.318046,2.042212,0.563956,-3.000000,-2.436044
921,7.682853,0.034040,2.040186,0.184499,-1.000000,-0.815501
922,7.682829,7.660669,2.040978,2.767791,3.000000,0.232209
923,7.674469,0.000016,2.038762,0.003995,0.000000,-0.003995
924,7.670130,3.682454,2.038632,1.918972,-2.000000,-0.081028
925,7.663894,1.927178,2.037926,1.388228,2.000000,0.611772
926,7.663689,7.475327,2.038681,2.734104,-3.000000,-0.265896
927,7.659151,3.475149,2.038492,1.864175,2.000000,0.135825
928,7.657193,5.849635,2.038903,2.418602,-2.000000,0.418602
929,7.652215,3.052619,2.038588,1.747175,3.000000,1.252825
930,7.651761,7.231519,2.039290,2.689148,-2.000000,0.689148
931,7.644298,0.733851,2.038014,0.856651,1.000000,0.143349
932,7.646482,9.671267,2.039169,3.109866,-3.000000,0.109866
933,7.642801,4.226652,2.039187,2.055882,3.000000,0.944118
934,7.636388,1.678232,2.038388,1.295466,-1.000000,0.295466
935,7.628294,0.100898,2.036539,0.317645,1.000000,0.682355
936,7.620119,0.009444,2.034459,0.097183,0.000000,0.097183
937,7.619881,7.398072,2.035193,2.719940,-2.000000,0.719940
938,7.611789,0.061580,2.033280,0.248153,1.000000,0.751847
939,7.605889,2.095624,2.032654,1.447627,2.000000,0.552373
940,7.626137,26.557986,2.035988,5.153444,-2.000000,3.153444
941,7.625041,6.599624,2.036557,2.568973,3.000000,0.431027
942,7.622326,5.077544,2.036788,2.253341,-2.000000,0.253341
943,7.614242,0.031785,2.034808,0.178283,1.000000,1.178283
944,7.607491,1.268501,2.033842,1.126278,-1.000000,0.126278
945,7.601320,1.800868,2.033107,1.341964,2.000000,0.658036
946,7.617813,23.137767,2.036055,4.810173,-4.000000,0.810173
947,7.612073,2.204374,2.035470,1.484713,2.000000,0.515287
948,7.604017,0.007479,2.033405,0.086482,0.000000,0.086482
949,7.597408,1.358821,2.032487,1.165685,2.000000,0.834315
950,7.589437,0.056633,2.030590,0.237978,0.000000,-0.237978
951,7.586062,4.393007,2.030659,2.095950,2.000000,-0.095950
952,7.579968,1.809021,2.029936,1.344998,-1.000000,0.344998
953,7.574174,2.081482,2.029317,1.442734,-2.000000,-0.557266
954,7.567990,1.699136,2.028553,1.303509,-1.000000,0.303509
955,7.562277,2.134882,2.027957,1.461123,-1.000000,0.461123
956,7.554910,0.549552,2.026605,0.741318,0.000000,0.741318
957,7.547257,0.261676,2.025015,0.511543,1.000000,0.488457
958,7.540729,1.319252,2.024097,1.148587,0.000000,1.148587
959,7.534064,1.175748,2.023112,1.084319,0.000000,1.084319
960,7.526206,0.021373,2.021149,0.146196,0.000000,0.146196
961,7.518374,0.030933,2.019221,0.175877,0.000000,0.175877
962,7.511083,0.533414,2.017876,0.730352,1.000000,0.269648
963,7.519694,15.769608,2.019912,3.971097,4.000000,0.028903
964,7.511922,0.058178,2.018060,0.241200,1.000000,0.758800
965,7.505266,1.115602,2.017059,1.056221,1.000000,-0.056221
966,7.497464,0.000140,2.014974,0.011826,-1.000000,-1.011826
967,7.492958,3.158256,2.014727,1.777148,1.000000,-0.777148
968,7.486790,1.546501,2.013927,1.243584,1.000000,-0.243584
969,7.480157,1.086414,2.012920,1.042312,1.000000,-0.042312
970,7.491253,18.198372,2.015253,4.265955,-3.000000,1.265955
971,7.540175,54.798937,2.020824,7.402630,-7.000000,0.402630
972,7.535641,3.151569,2.020570,1.775266,2.000000,0.224734
973,7.530458,2.513621,2.020121,1.585440,0.000000,1.585440
974,7.522858,0.158177,2.018449,0.397715,1.000000,0.602285
975,7.518521,3.310980,2.018244,1.819610,-1.000000,0.819610
976,7.516352,5.410608,2.018561,2.326071,3.000000,0.673929
977,7.522702,13.694692,2.020289,3.700634,3.000000,-0.700634
978,7.514996,0.017010,2.018349,0.130423,-1.000000,-0.869577
979,7.514274,6.811393,2.018956,2.609865,-3.000000,-0.390135
980,7.512904,6.176993,2.019434,2.485356,-3.000000,-0.514644
981,7.509229,3.922686,2.019394,1.980577,2.000000,0.019423
982,7.513071,11.266395,2.020761,3.356545,4.000000,0.643455
983,7.520432,14.719544,2.022616,3.836606,-4.000000,-0.163394
984,7.515532,2.718846,2.022235,1.648892,-1.000000,0.648892
985,7.507996,0.122177,2.020529,0.349538,1.000000,0.650462
986,7.509630,9.112417,2.021546,3.018678,-3.000000,0.018678
987,7.504036,2.010962,2.020932,1.418084,-1.000000,0.418084
988,7.509308,12.691520,2.022499,3.562516,-2.000000,1.562516
989,7.502764,1.063981,2.021493,1.031495,1.000000,2.031495
990,7.503457,8.185512,2.022344,2.861033,3.000000,0.138967
991,7.500468,4.553762,2.022457,2.133955,-2.000000,0.133955
992,7.505314,12.288154,2.023958,3.505446,4.000000,0.494554
993,7.498690,0.954440,2.022899,0.976955,-1.000000,-0.023045
994,7.514119,22.773655,2.025676,4.772175,-4.000000,0.772175
995,7.506645,0.107238,2.023963,0.327472,1.000000,0.672528
996,7.500855,1.762926,2.023261,1.327752,0.000000,1.327752
997,7.493797,0.491939,2.021930,0.701383,1.000000,0.298617
998,7.497233,10.908973,2.023219,3.302873,3.000000,-0.302873
999,7.492486,2.774088,2.022859,1.665559,-2.000000,-0.334441
1000,7.485487,0.522013,2.021553,0.722505,1.000000,0.277495
1001,7.481989,3.997973,2.021531,1.999493,-3.000000,-1.000507
1002,7.476355,1.859401,2.020872,1.363599,2.000000,0.636401
1003,7.476617,7.737853,2.021634,2.781700,-2.000000,0.781700
1004,7.469497,0.356561,2.020209,0.597127,0.000000,0.597127
1005,7.465469,3.437131,2.020043,1.853950,-1.000000,0.853950
1006,7.461018,3.005398,2.019757,1.733608,-1.000000,0.733608
1007,7.453609,0.029947,2.017916,0.173051,0.000000,0.173051
1008,7.447281,1.100510,2.016951,1.049052,-1.000000,0.049052
1009,7.440266,0.397221,2.015571,0.630255,1.000000,0.369745
1010,7.436077,3.226264,2.015353,1.796180,-1.000000,0.796180
1011,7.442306,13.708351,2.017029,3.702479,-3.000000,0.702479
1012,7.438382,3.486799,2.016880,1.867297,2.000000,0.132703
1013,7.432334,1.336423,2.016027,1.156038,2.000000,0.843962
1014,7.425039,0.064017,2.014281,0.253015,0.000000,0.253015
1015,7.437548,20.071365,2.016720,4.480108,4.000000,-0.480108
1016,7.440028,9.947682,2.017844,3.153995,3.000000,-0.153995
1017,7.440153,7.567092,2.018568,2.750835,-4.000000,-1.249165
1018,7.432907,0.092356,2.016877,0.303901,-1.000000,-1.303901
1019,7.426780,1.213623,2.015975,1.101645,-1.000000,0.101645
1020,7.421518,2.080822,2.015411,1.442505,1.000000,-0.442505
1021,7.430523,16.579907,2.017433,4.071843,-4.000000,0.071843
1022,7.423226,0.002516,2.015500,0.050156,0.000000,-0.050156
1023,7.417452,1.539045,2.014740,1.240582,0.000000,1.240582
1024,7.411576,1.424333,2.013934,1.193454,-1.000000,0.193454
1025,7.405001,0.698492,2.012780,0.835759,2.000000,1.164241
1026,7.397853,0.099754,2.011120,0.315839,1.000000,0.684161
1027,7.392553,1.975470,2.010528,1.405514,-2.000000,-0.594486
1028,7.388569,3.312963,2.010342,1.820155,-2.000000,-0.179845
1029,7.382784,1.458882,2.009559,1.207842,2.000000,0.792158
1030,7.375831,0.249097,2.008087,0.499097,1.000000,0.500903
1031,7.383904,15.666424,2.009986,3.958083,-4.000000,-0.041917
1032,7.377007,0.294290,2.008558,0.542485,1.000000,0.457515
1033,7.375070,5.383347,2.008861,2.320204,3.000000,0.679796
1034,7.369536,1.675262,2.008167,1.294319,-2.000000,-0.705681
1035,7.362803,0.427681,2.006854,0.653973,-1.000000,-0.346027
1036,7.355708,0.041159,2.005106,0.202877,1.000000,1.202877
1037,7.350662,2.143460,2.004582,1.464056,2.000000,0.535944
1038,7.357466,14.385177,2.006312,3.792780,2.000000,-1.792780
1039,7.360284,10.274517,2.007470,3.205389,2.000000,-1.205389
1040,7.355153,2.044264,2.006912,1.429778,-3.000000,-1.570222
1041,7.348955,0.928407,2.005906,0.963539,-2.000000,-1.036461
1042,7.343205,1.380095,2.005106,1.174775,-1.000000,0.174775
1043,7.336141,0.003453,2.003232,0.058763,0.000000,0.058763
1044,7.329611,0.545443,2.002016,0.738541,0.000000,0.738541
1045,7.324028,1.518013,2.001277,1.232077,-1.000000,0.232077
1046,7.317066,0.068772,1.999608,0.262245,0.000000,-0.262245
1047,7.310091,0.042775,1.997889,0.206822,1.000000,0.793178
1048,7.303187,0.101831,1.996281,0.319109,0.000000,0.319109
1049,7.303161,7.275915,1.996952,2.697390,-2.000000,0.697390
1050,7.296193,0.015406,1.995161,0.124122,0.000000,-0.124122
1051,7.294228,5.238085,1.995442,2.288686,-2.000000,0.288686
1052,7.291833,4.784666,1.995625,2.187388,2.000000,-0.187388
1053,7.288988,4.306996,1.995701,2.075330,-2.000000,0.075330
1054,7.282046,0.000094,1.993809,0.009709,1.000000,0.990291
1055,7.275140,0.024328,1.992061,0.155973,0.000000,-0.155973
1056,7.269945,1.810086,1.991446,1.345395,-1.000000,0.345395
1057,7.266974,4.141006,1.991487,2.034946,-1.000000,1.034946
1058,7.265946,6.183227,1.991957,2.486610,3.000000,0.513390
1059,7.259846,0.830703,1.990933,0.911429,0.000000,-0.911429
1060,7.253059,0.092784,1.989336,0.304605,0.000000,-0.304605
1061,7.252867,7.049759,1.989966,2.655138,3.000000,0.344862
1062,7.249590,3.785772,1.989924,1.945706,-2.000000,-0.054294
1063,7.242885,0.149794,1.988410,0.387032,-1.000000,-0.612968
1064,7.236055,0.002227,1.986579,0.047191,0.000000,0.047191
1065,7.239030,10.392794,1.987745,3.223786,-3.000000,0.223786
1066,7.232565,0.373119,1.986449,0.610835,1.000000,0.389165
1067,7.227608,1.963391,1.985898,1.401211,2.000000,0.598789
1068,7.222752,2.061482,1.985381,1.435786,1.000000,-0.435786
1069,7.216313,0.365206,1.984084,0.604323,0.000000,-0.604323
1070,7.209732,0.200016,1.982643,0.447232,0.000000,-0.447232
1071,7.203844,0.927995,1.981687,0.963325,0.000000,-0.963325
1072,7.199666,2.741910,1.981382,1.655871,0.000000,-1.655871
1073,7.193875,1.008419,1.980468,1.004201,0.000000,-1.004201
1074,7.187154,0.003047,1.978669,0.055203,0.000000,-0.055203
1075,7.181023,0.619972,1.977556,0.787383,1.000000,0.212617
1076,7.175390,1.142610,1.976709,1.068929,0.000000,1.068929
1077,7.169048,0.370649,1.975434,0.608810,1.000000,0.391190
1078,7.162831,0.492339,1.974248,0.701668,0.000000,0.701668
1079,7.165369,9.891339,1.975337,3.145050,-3.000000,0.145050
1080,7.158714,0.004300,1.973562,0.065578,0.000000,0.065578
1081,7.152249,0.195575,1.972140,0.442238,0.000000,-0.442238
1082,7.147039,1.536031,1.971461,1.239367,1.000000,-0.239367
1083,7.140707,0.314669,1.970153,0.560953,0.000000,-0.560953
1084,7.134741,0.697494,1.969103,0.835161,-1.000000,-0.164839
1085,7.128888,0.807366,1.968112,0.898535,-1.000000,-0.101465
1086,7.127933,6.096200,1.968575,2.469048,2.000000,-0.469048
1087,7.121354,0.002676,1.966805,0.051731,0.000000,-0.051731
1088,7.117884,3.360034,1.966682,1.833039,2.000000,0.166961
1089,7.111327,0.003626,1.964925,0.060215,0.000000,0.060215
1090,7.105182,0.437977,1.963725,0.661798,-1.000000,-0.338202
1091,7.101636,3.250168,1.963577,1.802822,-2.000000,-0.197178
1092,7.095652,0.590902,1.962478,0.768701,1.000000,0.231299
1093,7.096029,7.506663,1.963192,2.739829,-2.000000,0.739829
1094,7.095247,6.243814,1.963684,2.498763,2.000000,-0.498763
1095,7.088835,0.099055,1.962172,0.314730,0.000000,-0.314730
1096,7.082343,0.000014,1.960379,0.003763,0.000000,0.003763
1097,7.076214,0.383404,1.959152,0.619196,-1.000000,-0.380804
1098,7.070058,0.341171,1.957895,0.584098,-1.000000,-0.415902
1099,7.063603,0.002105,1.956149,0.045883,0.000000,0.045883
1100,7.058004,0.926809,1.955242,0.962709,-1.000000,-0.037291
1101,7.054094,2.768543,1.954977,1.663894,2.000000,0.336106
1102,7.047670,0.000504,1.953217,0.022444,0.000000,0.022444
1103,7.041301,0.048454,1.951640,0.220123,1.000000,0.779877
1104,7.034915,0.016419,1.949982,0.128135,0.000000,-0.128135
1105,7.032143,3.983789,1.950024,1.995943,-2.000000,-0.004057
1106,7.026615,0.940256,1.949134,0.969668,-1.000000,-0.030332
1107,7.020461,0.237819,1.947809,0.487667,-1.000000,-0.512333
1108,7.015623,1.679716,1.947219,1.296039,2.000000,0.703961
1109,7.030095,23.007415,1.949797,4.796605,5.000000,0.203395
1110,7.034677,12.097942,1.951179,3.478210,-4.000000,-0.521790
1111,7.030362,2.257516,1.950774,1.502503,1.000000,-0.502503
1112,7.024447,0.476792,1.949637,0.690501,-1.000000,-0.309499
1113,7.020138,2.246029,1.949230,1.498676,-1.000000,0.498676
1114,7.017787,4.409951,1.949366,2.099988,2.000000,-0.099988
1115,7.011722,0.279810,1.948087,0.528971,0.000000,0.528971
1116,7.007142,1.918873,1.947581,1.385234,1.000000,-0.385234
1117,7.000958,0.123948,1.946148,0.352063,-2.000000,-1.647937
1118,6.999525,5.405067,1.946488,2.324880,-1.000000,1.324880
1119,6.993328,0.089237,1.945010,0.298726,0.000000,0.298726
1120,6.987133,0.079712,1.943520,0.282333,1.000000,0.717667
1121,6.981708,0.927777,1.942642,0.963212,0.000000,0.963212
1122,6.976852,1.552954,1.942019,1.246176,-1.000000,0.246176
1123,6.970874,0.286975,1.940763,0.535701,0.000000,0.535701
1124,6.967985,3.735669,1.940755,1.932788,2.000000,0.067212
1125,6.965532,4.218145,1.940856,2.053812,-1.000000,1.053812
1126,6.961833,2.814804,1.940622,1.677738,-1.000000,0.677738
1127,6.960588,5.563909,1.940994,2.358794,-3.000000,-0.641206
1128,6.955843,1.627700,1.940402,1.275813,1.000000,-0.275813
1129,6.969745,22.595783,1.942903,4.753502,5.000000,0.246498
1130,6.964278,0.812983,1.941978,0.901655,-1.000000,-0.098345
1131,6.958651,0.623407,1.940956,0.789561,1.000000,0.210439
1132,6.953703,1.377250,1.940275,1.173563,-2.000000,-0.826437
1133,6.947783,0.269823,1.939017,0.519445,-1.000000,-0.480555
1134,6.950112,9.579156,1.940040,3.095021,3.000000,-0.095021
1135,6.952050,9.142352,1.940998,3.023632,-3.000000,0.023632
1136,6.945913,0.005279,1.939347,0.072654,0.000000,0.072654
1137,6.942046,2.563968,1.939049,1.601240,2.000000,0.398760
1138,6.937988,2.340820,1.938688,1.529974,-1.000000,0.529974
1139,6.936038,4.724736,1.938895,2.173646,-2.000000,0.173646
1140,6.930137,0.232556,1.937613,0.482241,0.000000,0.482241
1141,6.924567,0.597191,1.936588,0.772781,1.000000,1.772781
1142,6.920029,1.760041,1.936053,1.326665,-1.000000,0.326665
1143,6.914181,0.258953,1.934800,0.508874,0.000000,-0.508874
1144,6.910814,3.075878,1.934641,1.753818,2.000000,0.246182
1145,6.904766,0.009880,1.933032,0.099400,0.000000,-0.099400
1146,6.908152,10.771707,1.934214,3.282028,3.000000,-0.282028
1147,6.902218,0.125305,1.932831,0.353984,0.000000,-0.353984
1148,6.896193,0.010412,1.931231,0.102040,0.000000,0.102040
1149,6.891116,1.081971,1.930452,1.040178,0.000000,-1.040178
1150,6.887365,2.593415,1.930173,1.610408,-2.000000,-0.389592
1151,6.881361,0.000117,1.928500,0.010811,0.000000,-0.010811
1152,6.876374,1.156934,1.927757,1.075609,1.000000,-0.075609
1153,6.874629,4.871296,1.928000,2.207101,-1.000000,1.207101
1154,6.868659,0.009299,1.926407,0.096433,0.000000,-0.096433
1155,6.862873,0.208988,1.925131,0.457152,-1.000000,-0.542848
1156,6.858369,1.674277,1.924583,1.293939,-1.000000,0.293939
1157,6.855036,3.014891,1.924420,1.736344,-1.000000,0.736344
1158,6.849279,0.211217,1.923150,0.459584,0.000000,0.459584
1159,6.849555,7.168738,1.923803,2.677450,3.000000,0.322550
1160,6.849201,6.439811,1.924334,2.537678,-1.000000,1.537678
1161,6.843908,0.725740,1.923408,0.851904,0.000000,0.851904
1162,6.839412,1.636655,1.922851,1.279318,-1.000000,0.279318
1163,6.834555,1.210499,1.922142,1.100227,1.000000,-0.100227
1164,6.828810,0.170309,1.920840,0.412685,1.000000,0.587315
1165,6.827950,5.830842,1.921266,2.414714,2.000000,-0.414714
1166,6.823750,1.947388,1.920813,1.395488,-2.000000,-0.604512
1167,6.819015,1.317161,1.920148,1.147676,-1.000000,0.147676
1168,6.813927,0.896662,1.919312,0.946922,0.000000,0.946922
1169,6.808190,0.129870,1.917974,0.360375,0.000000,0.360375
1170,6.802351,0.000000,1.916329,0.000179,0.000000,-0.000179
1171,6.797032,0.594395,1.915348,0.770970,1.000000,0.229030
1172,6.791212,0.000005,1.913710,0.002140,0.000000,0.002140
1173,6.785404,0.001799,1.912109,0.042412,0.000000,-0.042412
1174,6.779899,0.343697,1.910976,0.586257,1.000000,0.413743
1175,6.776256,2.514512,1.910698,1.585721,-1.000000,0.585721
1176,6.770544,0.082186,1.909313,0.286680,0.000000,0.286680
1177,6.765614,0.987331,1.908532,0.993646,1.000000,0.006354
1178,6.760757,1.063542,1.907785,1.031282,-1.000000,0.031282
1179,6.755747,0.873582,1.906956,0.934656,1.000000,0.065344
1180,6.753341,3.926490,1.907020,1.981537,-2.000000,-0.018463
1181,6.751031,4.034169,1.907106,2.008524,-1.000000,1.008524
1182,6.745549,0.293697,1.905947,0.541938,0.000000,0.541938
1183,6.740967,1.343557,1.905314,1.159119,1.000000,-0.159119
1184,6.735495,0.283590,1.904150,0.532531,1.000000,0.467469
1185,6.729803,0.013234,1.902636,0.115040,0.000000,-0.115040
1186,6.726447,2.763499,1.902432,1.662378,1.000000,-0.662378
1187,6.721010,0.293754,1.901282,0.541991,0.000000,-0.541991
1188,6.720148,5.700439,1.901693,2.387559,2.000000,-0.387559
1189,6.714733,0.303283,1.900553,0.550711,1.000000,0.449289
1190,6.710614,1.830408,1.900091,1.352926,-2.000000,-0.647074
1191,6.711473,7.730390,1.900833,2.780358,2.000000,-0.780358
1192,6.706074,0.296376,1.899691,0.544404,-1.000000,-1.544404
1193,6.700528,0.112485,1.898375,0.335388,-1.000000,-0.664612
1194,6.726202,37.252259,1.901909,6.103463,6.000000,-0.103463
1195,6.721707,1.372745,1.901296,1.171642,-2.000000,-0.828358
1196,6.716082,0.017238,1.899811,0.131295,-2.000000,-2.131295
1197,6.711366,1.089739,1.899094,1.043906,1.000000,-0.043906
1198,6.714873,10.898396,1.900268,3.301272,4.000000,0.698728
1199,6.709730,0.569081,1.899309,0.754374,-1.000000,-1.754374
1200,6.704291,0.205269,1.898100,0.453066,-1.000000,-0.546934
1201,6.700875,2.614939,1.897865,1.617077,-1.000000,0.617077
1202,6.714662,23.217183,1.900303,4.818421,-5.000000,-0.181579
1203,6.709139,0.093450,1.898973,0.305696,1.000000,0.694304
1204,6.703583,0.040891,1.897559,0.202215,1.000000,1.202215
1205,6.703984,7.185730,1.898211,2.680621,-2.000000,0.680621
1206,6.700810,2.888535,1.898046,1.699569,2.000000,0.300431
1207,6.696002,0.917050,1.897264,0.957627,2.000000,1.042373
1208,6.696279,7.029467,1.897890,2.651314,3.000000,0.348686
1209,6.690752,0.036504,1.896474,0.191060,-1.000000,-0.808940
1210,6.697304,14.592660,1.898069,3.820034,-4.000000,-0.179966
1211,6.693334,1.904838,1.897640,1.380159,-1.000000,0.380159
1212,6.690258,2.978073,1.897497,1.725709,2.000000,0.274291
1213,6.691212,7.843523,1.898244,2.800629,-2.000000,0.800629
1214,6.685709,0.032209,1.896824,0.179470,1.000000,0.820530
1215,6.680191,0.003936,1.895309,0.062735,0.000000,-0.062735
1216,6.674687,0.009546,1.893826,0.097701,0.000000,0.097701
1217,6.684006,17.978745,1.895760,4.240135,4.000000,-0.240135
1218,6.691029,15.209925,1.897411,3.899990,4.000000,0.100010
1219,6.746169,73.685067,1.902915,8.584001,-9.000000,-0.415999
1220,6.741138,0.629198,1.902002,0.793220,-1.000000,-0.206780
1221,6.740094,5.469940,1.902361,2.338790,-2.000000,0.338790
1222,6.735500,1.145167,1.901678,1.070125,0.000000,1.070125
1223,6.729978,0.003766,1.900168,0.061369,1.000000,0.938631
1224,6.724555,0.114387,1.898888,0.338212,0.000000,0.338212
1225,6.723491,5.425624,1.899240,2.329297,2.000000,-0.329297
1226,6.718096,0.129864,1.897981,0.360366,1.000000,0.639634
1227,6.714257,2.023191,1.897592,1.422389,2.000000,0.577611
1228,6.710987,2.712238,1.897387,1.646887,2.000000,0.353113
1229,6.706292,0.959582,1.896638,0.979583,-2.000000,-1.020417
1230,6.701007,0.226788,1.895480,0.476222,0.000000,-0.476222
1231,6.706113,12.965611,1.896869,3.600779,-4.000000,-0.399221
1232,6.700752,0.122683,1.895610,0.350262,0.000000,0.350262
1233,6.695305,0.006689,1.894134,0.081787,0.000000,0.081787
1234,6.694204,5.341335,1.894473,2.311133,-2.000000,0.311133
1235,6.697371,10.592910,1.895578,3.254675,4.000000,0.745325
1236,6.695496,4.387354,1.895740,2.094601,3.000000,0.905399
1237,6.691734,2.057073,1.895365,1.434250,2.000000,0.565750
1238,6.692763,7.961164,1.896116,2.821554,2.000000,-0.821554
1239,6.705814,22.810556,1.898448,4.776040,2.000000,-2.776040
1240,6.701070,0.842139,1.897654,0.917681,-2.000000,-1.082319
1241,6.729904,42.368947,1.901382,6.509143,-8.000000,-1.490857
1242,6.724944,0.589375,1.900466,0.767708,1.000000,0.232292
1243,6.719896,0.471009,1.899487,0.686301,0.000000,0.686301
1244,6.714515,0.047101,1.898130,0.217027,-1.000000,-1.217027
1245,6.709183,0.097222,1.896851,0.311805,1.000000,0.688195
1246,6.708088,5.349748,1.897186,2.312952,-1.000000,1.312952
1247,6.702965,0.340050,1.896129,0.583138,1.000000,0.416862
1248,6.701244,4.561529,1.896322,2.135774,3.000000,0.864226
1249,6.695941,0.099550,1.895052,0.315516,1.000000,1.315516
1250,6.693040,3.081314,1.894940,1.755367,-3.000000,-1.244633
1251,6.688230,0.695034,1.894089,0.833687,1.000000,0.166313
1252,6.683296,0.530020,1.893155,0.728024,-1.000000,-0.271976
1253,6.680301,2.942751,1.893012,1.715445,-2.000000,-0.284555
1254,6.677526,3.211745,1.892932,1.792134,3.000000,1.207866
1255,6.672881,0.866012,1.892163,0.930598,-1.000000,-0.069402
1256,6.667575,0.030307,1.890790,0.174088,-1.000000,-0.825912
1257,6.663024,0.965774,1.890066,0.982738,2.000000,1.017262
1258,6.658572,1.079374,1.889387,1.038929,0.000000,1.038929
1259,6.673185,24.997957,1.891865,4.999796,5.000000,0.000204
1260,6.678779,13.699974,1.893306,3.701348,5.000000,1.298652
1261,6.694853,26.883766,1.895925,5.184956,3.000000,-2.184956
1262,6.699873,13.009169,1.897285,3.606823,0.000000,-3.606823
1263,6.699166,5.810013,1.897692,2.410397,-1.000000,-3.410397
1264,6.695849,2.520505,1.897446,1.587610,0.000000,-1.587610
1265,6.707514,21.404778,1.899610,4.626530,3.000000,-1.626530
1266,6.702221,0.027425,1.898236,0.165605,-1.000000,-1.165605
1267,6.788036,115.086808,1.905227,10.727852,-11.000000,-0.272148
1268,6.788497,7.370827,1.905868,2.714927,-3.000000,-0.285073
1269,6.799768,21.046763,1.907988,4.587675,6.000000,1.412325
1270,6.841639,59.808393,1.912589,7.733589,9.000000,1.266411
1271,6.839401,4.005098,1.912659,2.001274,3.000000,0.998726
1272,6.836098,2.652214,1.912435,1.628562,-4.000000,-2.371438
1273,6.860926,38.341821,1.915808,6.192077,4.000000,-2.192077
1274,6.856524,1.270950,1.915187,1.127364,-2.000000,-3.127364
1275,6.908782,73.276699,1.920415,8.560181,-9.000000,-0.439819
1276,6.943173,50.653558,1.924501,7.117131,-7.000000,0.117131
1277,6.938736,1.294822,1.923883,1.137903,1.000000,-0.137903
1278,6.933881,0.753591,1.923054,0.868096,2.000000,1.131904
1279,6.937276,11.262515,1.924178,3.355967,-2.000000,1.355967
1280,6.935818,5.077112,1.924436,2.253245,0.000000,2.253245
1281,6.932382,2.548197,1.924179,1.596307,0.000000,1.596307
1282,6.930064,3.969969,1.924232,1.992478,-1.000000,0.992478
1283,6.925171,0.671602,1.923368,0.819513,1.000000,0.180487
1284,6.919864,0.132570,1.922150,0.364101,1.000000,0.635899
1285,6.916583,2.716966,1.921937,1.648322,-2.000000,-0.351678
1286,6.913552,3.029984,1.921795,1.740685,2.000000,0.259315
1287,6.908395,0.298327,1.920723,0.546193,0.000000,0.546193
1288,6.904143,1.448377,1.920164,1.203486,0.000000,1.203486
1289,6.898797,0.034678,1.918815,0.186221,1.000000,1.186221
1290,6.893837,0.519804,1.917884,0.720974,1.000000,0.279026
1291,6.890022,1.983487,1.917488,1.408363,0.000000,1.408363
1292,6.889034,5.618241,1.917839,2.370283,-2.000000,0.370283
1293,6.884296,0.781305,1.917037,0.883914,1.000000,0.116086
1294,6.880212,1.615734,1.916536,1.271115,-1.000000,0.271115
1295,6.875311,0.553600,1.915628,0.744043,1.000000,0.255957
1296,6.873776,4.892356,1.915857,2.211867,3.000000,0.788133
1297,6.885787,22.404296,1.918036,4.733318,-4.000000,0.733318
1298,6.880476,0.012203,1.916640,0.110465,1.000000,0.889535
1299,6.875167,0.005190,1.915215,0.072038,0.000000,0.072038
1300,6.870666,1.042497,1.914525,1.021027,-1.000000,0.021027
1301,6.865415,0.060043,1.913238,0.245037,1.000000,0.754963
1302,6.860731,0.785857,1.912447,0.886486,1.000000,0.113514
1303,6.857944,3.240200,1.912360,1.800055,-2.000000,-0.199945
1304,6.855292,3.410120,1.912310,1.846651,1.000000,-0.846651
1305,6.851415,1.811906,1.911875,1.346070,2.000000,0.653930
1306,6.865635,25.365864,1.914275,5.036454,5.000000,-0.036454
1307,6.865447,6.620760,1.914780,2.573084,3.000000,0.426916
1308,6.877153,22.129085,1.916919,4.704156,-6.000000,-1.295844
1309,6.883646,15.350821,1.918453,3.918012,-5.000000,-1.081988
1310,6.944135,85.883070,1.924080,9.267312,9.000000,-0.267312
1311,6.951938,17.141975,1.925775,4.140287,-1.000000,3.140287
1312,6.959571,16.936328,1.927449,4.115377,-7.000000,-2.884623
1313,6.954399,0.188919,1.926309,0.434648,-1.000000,-0.565352
1314,6.951805,3.556361,1.926278,1.885832,2.000000,0.114168
1315,6.946822,0.419286,1.925303,0.647523,0.000000,0.647523
1316,6.951746,13.406706,1.926626,3.661517,3.000000,-0.661517
1317,6.953131,8.770030,1.927414,2.961424,3.000000,0.038576
1318,7.003125,72.645993,1.932434,8.523262,-9.000000,-0.476738
1319,7.009276,15.090969,1.933918,3.884710,3.000000,-0.884710
1320,7.004524,0.756550,1.933110,0.869799,0.000000,0.869799
1321,7.005798,8.682077,1.933879,2.946536,3.000000,0.053464
1322,7.002900,3.186816,1.933766,1.785166,1.000000,-0.785166
1323,7.003117,7.287961,1.934347,2.699622,2.000000,-0.699622
1324,6.997883,0.094108,1.933114,0.306770,-1.000000,-0.693230
1325,7.007418,19.594064,1.935001,4.426518,2.000000,-2.426518
1326,7.002118,0.001157,1.933564,0.034016,-1.000000,-1.034016
1327,6.997368,0.717654,1.932742,0.847144,1.000000,0.152856
1328,6.992455,0.493213,1.931813,0.702291,-1.000000,-0.297709
1329,6.999282,16.038254,1.933378,4.004779,3.000000,-1.004779
1330,6.995788,2.366048,1.933079,1.538196,-2.000000,-0.461804
1331,6.990717,0.266362,1.932012,0.516102,0.000000,0.516102
1332,6.993071,10.117103,1.932952,3.180739,-3.000000,0.180739
1333,6.993941,8.148321,1.933645,2.854526,-2.000000,0.854526
1334,6.999809,14.798373,1.935084,3.846865,-3.000000,0.846865
1335,6.997844,4.385062,1.935203,2.094054,-1.000000,1.094054
1336,6.993642,1.400541,1.934639,1.183444,0.000000,1.183444
1337,6.989087,0.922201,1.933908,0.960313,0.000000,0.960313
1338,6.991428,10.111728,1.934842,3.179894,4.000000,0.820106
1339,7.002373,21.602871,1.936874,4.647889,6.000000,1.352111
1340,7.001578,5.940890,1.937249,2.437394,-2.000000,0.437394
1341,6.999041,3.608876,1.937221,1.899704,1.000000,-0.899704
1342,7.011126,23.168463,1.939370,4.813363,-6.000000,-1.186637
1343,7.013278,9.893387,1.940271,3.145376,2.000000,-1.145376
1344,7.020864,17.177795,1.941916,4.144610,-4.000000,0.144610
1345,7.016978,1.810409,1.941471,1.345514,2.000000,0.654486
1346,7.011804,0.073644,1.940227,0.271375,0.000000,-0.271375
1347,7.011988,7.258271,1.940788,2.694118,3.000000,0.305882
1348,7.019851,17.580076,1.942464,4.192860,3.000000,-1.192860
1349,7.020147,7.418670,1.943045,2.723724,3.000000,0.276276
1350,7.015938,1.353533,1.942466,1.163414,-2.000000,-0.836586
1351,7.021808,14.923616,1.943891,3.863110,-5.000000,-1.136890
1352,7.025535,12.045525,1.945024,3.470666,-4.000000,-0.529334
1353,7.021800,1.987513,1.944627,1.409792,-1.000000,0.409792
1354,7.021740,6.940653,1.945138,2.634512,3.000000,0.365488
1355,7.026176,13.014468,1.946369,3.607557,-3.000000,0.607557
1356,7.028837,10.623425,1.947340,3.259360,-2.000000,1.259360
1357,7.026046,3.252676,1.947234,1.803518,-1.000000,0.803518
1358,7.027669,9.223950,1.948039,3.037096,4.000000,0.962904
1359,7.029732,9.822897,1.948914,3.134150,-2.000000,1.134150
1360,7.027533,4.048226,1.948961,2.012020,3.000000,0.987980
1361,7.026144,5.142462,1.949195,2.267700,-2.000000,0.267700
1362,7.021249,0.379180,1.948214,0.615776,-1.000000,-0.384224
1363,7.016352,0.365948,1.947225,0.604936,-1.000000,-0.395064
1364,7.031103,27.077963,1.949620,5.203649,6.000000,0.796351
1365,7.026036,0.134279,1.948456,0.366442,0.000000,0.366442
1366,7.021708,1.131847,1.947807,1.063883,0.000000,-1.063883
1367,7.017104,0.745719,1.947011,0.863550,1.000000,0.136450
1368,7.013390,1.951391,1.946608,1.396922,-2.000000,-0.603078
1369,7.020111,16.188058,1.948129,4.023439,-5.000000,-0.976561
1370,7.017978,4.106257,1.948187,2.026390,-1.000000,1.026390
1371,7.014605,2.407453,1.947897,1.551597,-1.000000,0.551597
1372,7.010523,1.429950,1.947347,1.195805,2.000000,0.804195
1373,7.006242,1.149448,1.946708,1.072123,0.000000,1.072123
1374,7.002278,1.576493,1.946203,1.255585,-1.000000,0.255585
1375,6.999950,3.810127,1.946207,1.951955,2.000000,0.048045
1376,6.995155,0.421275,1.945262,0.649057,0.000000,0.649057
1377,6.990155,0.130267,1.944108,0.360925,-1.000000,-0.639075
1378,6.985185,0.161448,1.942985,0.401805,1.000000,0.598195
1379,6.980534,0.589516,1.942131,0.767800,0.000000,0.767800
1380,6.976196,1.011764,1.941450,1.005865,-1.000000,0.005865
1381,6.972636,2.074523,1.941086,1.440320,2.000000,0.559680
1382,6.975802,11.334647,1.942121,3.366697,-3.000000,0.366697
1383,6.971694,1.310574,1.941543,1.144803,1.000000,-0.144803
1384,6.966683,0.056570,1.940308,0.237844,0.000000,0.237844
1385,6.961689,0.070929,1.939096,0.266325,0.000000,0.266325
1386,6.963843,9.938174,1.939974,3.152487,-3.000000,0.152487
1387,6.959027,0.303585,1.938970,0.550986,0.000000,0.550986
1388,6.955140,1.579283,1.938477,1.256695,1.000000,-0.256695
1389,7.016859,92.435568,1.944019,9.614342,-9.000000,0.614342
1390,7.065923,75.019225,1.948865,8.661364,9.000000,0.338636
1391,7.061236,0.565723,1.948003,0.752145,0.000000,0.752145
1392,7.056351,0.280170,1.946981,0.529311,-1.000000,-1.529311
1393,7.051757,0.676117,1.946171,0.822263,0.000000,-0.822263
1394,7.046823,0.192615,1.945086,0.438879,1.000000,0.561121
1395,7.042727,1.349576,1.944523,1.161713,-1.000000,0.161713
1396,7.038255,0.817646,1.943776,0.904238,1.000000,0.095762
1397,7.034595,1.939921,1.943380,1.392810,-1.000000,0.392810
1398,7.031114,2.181702,1.943046,1.477058,-1.000000,0.477058
1399,7.028501,3.386632,1.942972,1.840280,2.000000,0.159720
1400,7.023485,0.026672,1.941697,0.163317,0.000000,0.163317
1401,7.018465,0.010153,1.940380,0.100760,0.000000,0.100760
1402,7.017874,6.191741,1.940772,2.488321,3.000000,0.511679
1403,7.016173,4.638449,1.940924,2.153706,-2.000000,0.153706
1404,7.017418,8.758904,1.941651,2.959544,-4.000000,-1.040456
1405,7.013040,0.883873,1.940936,0.940145,1.000000,0.059855
1406,7.010085,2.870209,1.940760,1.694169,-1.000000,0.694169
1407,7.005104,0.022638,1.939484,0.150459,0.000000,-0.150459
1408,7.000127,0.017363,1.938197,0.131770,1.000000,1.131770
1409,7.001067,8.319918,1.938870,2.884427,-3.000000,-0.115573
1410,6.996163,0.105697,1.937723,0.325110,1.000000,0.674890
1411,6.991190,0.000461,1.936361,0.021463,1.000000,1.021463
1412,6.986821,0.839298,1.935636,0.916132,-1.000000,-0.083868
1413,6.981865,0.003893,1.934307,0.062391,0.000000,-0.062391
1414,6.980230,4.676281,1.934468,2.162471,2.000000,-0.162471
1415,6.975288,0.007226,1.933158,0.085004,-1.000000,-0.914996
1416,6.970743,0.557372,1.932317,0.746574,-1.000000,-0.253426
1417,6.967095,1.816669,1.931904,1.347839,-1.000000,0.347839
1418,6.967843,8.023843,1.932541,2.832639,3.000000,0.167361
1419,6.964514,2.258393,1.932237,1.502795,-3.000000,-1.497205
1420,6.959990,0.557765,1.931400,0.746837,1.000000,0.253163
1421,6.955158,0.113914,1.930275,0.337512,0.000000,0.337512
1422,6.956675,9.105560,1.931042,3.017542,2.000000,-1.017542
1423,6.953087,1.865148,1.930643,1.365704,1.000000,-0.365704
1424,6.948790,0.851644,1.929934,0.922846,1.000000,0.077154
1425,6.946857,4.201493,1.930018,2.049754,-3.000000,-0.950246
1426,6.944459,3.537885,1.929983,1.880927,1.000000,-0.880927
1427,6.950245,15.177437,1.931365,3.895823,-3.000000,0.895823
1428,6.947231,2.658772,1.931154,1.630574,2.000000,0.369426
1429,6.943072,1.019706,1.930507,1.009805,-1.000000,0.009805
1430,6.945637,10.600903,1.931437,3.255903,3.000000,-0.255903
1431,6.942368,2.280979,1.931141,1.510291,1.000000,-0.510291
1432,6.943374,8.378284,1.931816,2.894527,-3.000000,-0.105473
1433,6.942468,5.649677,1.932128,2.376905,2.000000,-0.376905
1434,6.937633,0.028316,1.930894,0.168272,0.000000,0.168272
1435,6.932807,0.031666,1.929669,0.177949,-1.000000,-0.822051
1436,6.934003,8.644729,1.930375,2.940192,-3.000000,-0.059808
1437,6.933029,5.538230,1.930670,2.353344,2.000000,-0.353344
1438,6.928210,0.022770,1.929429,0.150899,0.000000,0.150899
1439,6.934040,15.295296,1.930810,3.910920,-3.000000,0.910920
1440,6.929355,0.205917,1.929781,0.453781,1.000000,0.546219
1441,6.926737,3.167161,1.929677,1.779652,-1.000000,0.779652
1442,6.926502,6.588812,1.930120,2.566868,3.000000,0.433132
1443,6.927533,8.410690,1.930794,2.900119,-2.000000,0.900119
1444,6.923468,1.073210,1.930172,1.035958,1.000000,-0.035958
1445,6.920702,2.937441,1.930022,1.713897,1.000000,-0.713897
1446,6.919772,5.579338,1.930322,2.362062,-3.000000,-0.637938