# TEST CONFIGURATION BEGIN
# File Stream: filename: air_company_stock9.csv  -  n_targets: 1
# [air_company_stock9_ADE_HETERO_SIZE_4] Pipeline: Array BaseStreamModel: base_models: [<skmultiflow.lazy.knn_forecast.KNNForecast object at 0x7f229d976d68>, <skmultiflow.lazy.knn_forecast.KNNForecast object at 0x7f229d976da0>, <skmultiflow.trees.regression_hoeffding_tree.RegressionHoeffdingTree object at 0x7f229d976e80>, <skmultiflow.trees.regression_hoeffding_adaptive_tree.RegressionHAT object at 0x7f229d9766d8>]
 Array BaseStreamModel: base_models: [<skmultiflow.lazy.knn_forecast.KNNForecast object at 0x7f229d976d68>, <skmultiflow.lazy.knn_forecast.KNNForecast object at 0x7f229d976da0>, <skmultiflow.trees.regression_hoeffding_tree.RegressionHoeffdingTree object at 0x7f229d976e80>, <skmultiflow.trees.regression_hoeffding_adaptive_tree.RegressionHAT object at 0x7f229d9766d8>]
# Prequential Evaluator: n_wait: 1 - max_samples: 600000 - max_time: 10000000 - output_file: air_company_stock9_ADE_HETERO_SIZE_4_SIZE_4 - batch_size: 1 - pretrain_size: 5 - task_type: regression - show_plot: False - metrics: ['mean_square_error', 'mean_absolute_error', 'true_vs_predicted']
# TEST CONFIGURATION END
id,global_mse_[air_company_stock9_ADE_HETERO_SIZE_4],sliding_mse_[air_company_stock9_ADE_HETERO_SIZE_4],global_mae_[air_company_stock9_ADE_HETERO_SIZE_4],sliding_mae_[air_company_stock9_ADE_HETERO_SIZE_4],true_value_[air_company_stock9_ADE_HETERO_SIZE_4],predicted_value_[air_company_stock9_ADE_HETERO_SIZE_4]
5,0.591175,0.591175,0.768879,0.768879,1.125000,0.356121
6,1.296881,2.002588,1.092004,1.415128,-0.875000,0.540128
7,1.002072,0.412452,0.942077,0.642224,0.625000,-0.017224
8,1.050929,1.197502,0.980134,1.094304,0.250000,1.344304
9,1.332562,2.459096,1.097737,1.568150,0.250000,1.818150
10,1.783602,4.038801,1.249727,2.009677,-0.250000,1.759677
11,1.546922,0.126843,1.122073,0.356150,-0.125000,0.231150
12,1.770623,3.336529,1.210141,1.826617,-1.125000,0.701617
13,1.607973,0.306770,1.137222,0.553868,-0.250000,0.303868
14,1.510479,0.633031,1.103063,0.795632,-1.500000,-0.704368
15,1.425600,0.576814,1.071828,0.759483,-1.500000,-0.740517
16,1.810342,6.042504,1.187355,2.458151,1.500000,-0.958151
17,2.124429,5.893478,1.282762,2.427649,0.750000,-1.677649
18,2.057520,1.187703,1.268981,1.089818,0.250000,-0.839818
19,1.927358,0.105087,1.205993,0.324172,0.250000,-0.074172
20,1.882113,1.203441,1.199182,1.097015,-0.125000,0.972015
21,1.987847,3.679578,1.241479,1.918223,0.625000,2.543223
22,1.884489,0.127414,1.192338,0.356951,0.000000,0.356951
23,1.794311,0.171095,1.151354,0.413636,-0.375000,0.038636
24,1.720953,0.327167,1.122386,0.571985,0.875000,0.303015
25,1.712674,1.547096,1.128168,1.243823,-0.250000,0.993823
26,1.677949,0.948718,1.121162,0.974021,0.500000,1.474021
27,1.612050,0.162267,1.089930,0.402824,0.625000,1.027824
28,1.556218,0.272089,1.066250,0.521621,0.375000,0.896621
29,1.511774,0.445108,1.050287,0.667164,0.375000,1.042164
30,1.549218,2.485323,1.070525,1.576491,-0.875000,0.701491
31,1.542579,1.369963,1.074226,1.170454,-1.250000,-0.079546
32,1.498857,0.318351,1.056012,0.564226,0.625000,1.189226
33,1.447890,0.020836,1.024575,0.144348,0.250000,0.105652
34,1.399975,0.010435,0.993828,0.102151,0.000000,-0.102151
35,1.400496,1.416109,1.000156,1.190004,0.875000,-0.315004
36,1.357174,0.014204,0.972626,0.119181,0.625000,0.505819
37,1.348365,1.066467,0.974446,1.032699,0.125000,1.157699
38,1.320696,0.407635,0.964564,0.638463,-0.250000,0.388463
39,1.294980,0.420637,0.955536,0.648566,0.625000,-0.023566
40,1.296260,1.341067,0.961161,1.158044,0.125000,1.283044
41,1.294541,1.232657,0.965190,1.110251,0.750000,-0.360251
42,1.274595,0.536563,0.959067,0.732505,0.625000,-0.107505
43,1.256647,0.574650,0.953913,0.758057,0.875000,0.116943
44,1.248474,0.929728,0.954171,0.964224,-0.750000,0.214224
45,1.255887,1.552385,0.961287,1.245947,-1.250000,-0.004053
46,1.227429,0.060649,0.944263,0.246270,0.000000,0.246270
47,1.215117,0.698008,0.941733,0.835468,-0.500000,0.335468
48,1.188192,0.030431,0.924295,0.174446,-0.125000,-0.299446
49,1.176093,0.643750,0.921584,0.802340,-0.875000,-0.072660
50,1.172763,1.022926,0.923537,1.011398,0.750000,-0.261398
51,1.191058,2.032590,0.934221,1.425689,-0.250000,1.175689
52,1.205538,1.886104,0.943370,1.373355,-0.750000,0.623355
53,1.182539,0.078612,0.929839,0.280379,-0.500000,-0.219621
54,1.165040,0.307559,0.922334,0.554580,-0.250000,0.304580
55,1.154785,0.642042,0.919960,0.801275,0.250000,1.051275
56,1.140842,0.429735,0.914875,0.655542,-0.250000,0.405542
57,1.122125,0.148878,0.904894,0.385847,0.125000,-0.260847
58,1.105936,0.247921,0.897357,0.497917,-0.125000,0.372917
59,1.101494,0.861632,0.897919,0.928241,-0.375000,0.553241
60,1.084365,0.142232,0.888619,0.377137,0.000000,-0.377137
61,1.256377,10.889086,0.930921,3.299862,-2.875000,0.424862
62,1.254560,1.150991,0.933368,1.072842,-0.125000,-1.197842
63,1.241744,0.498417,0.929514,0.705986,-0.375000,0.330986
64,1.229867,0.529127,0.926146,0.727411,-0.500000,0.227411
65,1.212764,0.186584,0.918045,0.431953,0.000000,-0.431953
66,1.193827,0.038660,0.906409,0.196622,0.000000,0.196622
67,1.191431,1.042837,0.908231,1.021194,0.125000,1.146194
68,1.208294,2.270680,0.917585,1.506877,-0.375000,1.131877
69,1.190907,0.078145,0.907769,0.279545,-0.875000,-1.154545
70,1.172905,0.002792,0.894815,0.052842,0.375000,0.322158
71,1.170641,1.021174,0.896542,1.010531,-0.500000,0.510531
72,1.153799,0.025438,0.885703,0.159494,0.250000,0.090506
73,1.143098,0.415397,0.882208,0.644513,0.750000,0.105487
74,1.128951,0.152817,0.875189,0.390919,0.375000,-0.015919
75,1.115444,0.169920,0.868669,0.412213,-0.125000,0.287213
76,1.103324,0.242870,0.863448,0.492818,-0.750000,-0.257182
77,1.089720,0.110182,0.856167,0.331937,-0.500000,-0.168063
78,1.090560,1.151864,0.859101,1.073249,-0.750000,0.323249
79,1.090502,1.086214,0.861542,1.042216,0.875000,-0.167216
80,1.079888,0.283902,0.857217,0.532825,-0.125000,-0.657825
81,1.067183,0.101600,0.850224,0.318747,0.000000,-0.318747
82,1.082128,2.232863,0.858481,1.494277,1.250000,-0.244277
83,1.068447,0.001310,0.848073,0.036199,0.250000,0.213801
84,1.055566,0.038022,0.839909,0.194994,0.125000,0.319994
85,1.042551,0.001351,0.829994,0.036757,-0.125000,-0.088243
86,1.032444,0.213758,0.825510,0.462340,0.000000,0.462340
87,1.028483,0.703677,0.825671,0.838855,0.250000,1.088855
88,1.022216,0.502045,0.824277,0.708551,0.000000,-0.708551
89,1.014180,0.339183,0.821431,0.582394,0.125000,-0.457394
90,1.002434,0.003999,0.812615,0.063240,0.125000,0.188240
91,1.000188,0.807008,0.813600,0.898336,0.250000,-0.648336
92,0.989426,0.053190,0.806975,0.230631,-0.250000,-0.019369
93,1.003173,2.212850,0.814622,1.487565,1.000000,-0.487565
94,1.005642,1.225420,0.817871,1.106987,1.000000,-0.106987
95,0.997644,0.277842,0.814676,0.527107,-0.375000,0.152107
96,0.988011,0.111363,0.809448,0.333711,0.125000,-0.208711
97,0.982246,0.451883,0.807972,0.672223,-0.250000,0.422223
98,0.983679,1.116923,0.810620,1.056846,-0.625000,0.431846
99,1.029167,5.305080,0.826332,2.303276,1.875000,-0.428276
100,1.027970,0.914268,0.827685,0.956174,0.125000,-0.831174
101,1.025543,0.792498,0.828329,0.890223,-0.625000,0.265223
102,1.036583,2.107490,0.834690,1.451720,-1.000000,0.451720
103,1.030445,0.428943,0.832875,0.654938,1.000000,0.345062
104,1.024745,0.460387,0.831331,0.678518,0.125000,0.803518
105,1.039333,2.498153,0.838749,1.580555,0.500000,-1.080555
106,1.043788,1.493781,0.842509,1.222203,0.625000,-0.597203
107,1.050403,1.725084,0.847081,1.313425,-0.875000,0.438425
108,1.042563,0.235107,0.843598,0.484878,0.625000,0.140122
109,1.032634,0.000007,0.835589,0.002640,0.500000,0.502640
110,1.024676,0.189040,0.831808,0.434788,0.125000,0.559788
111,1.016271,0.125307,0.827342,0.353987,0.125000,0.478987
112,1.032063,2.721802,0.834957,1.649788,-1.000000,0.649788
113,1.024313,0.187376,0.831268,0.432869,0.125000,0.557869
114,1.030639,1.720208,0.835635,1.311567,-0.625000,0.686567
115,1.050706,3.258014,0.844368,1.804997,1.500000,-0.304997
116,1.048693,0.825210,0.844940,0.908411,-1.000000,-0.091589
117,1.042045,0.297572,0.842290,0.545502,-0.125000,0.420502
118,1.070907,4.332241,0.853159,2.081404,-1.500000,0.581404
119,1.072011,1.197873,0.855257,1.094474,-0.375000,0.719474
120,1.063122,0.040937,0.849629,0.202328,0.375000,0.172672
121,1.095483,4.849337,0.861189,2.202121,1.125000,-1.077121
122,1.109800,2.784839,0.868033,1.668784,0.375000,-1.293784
123,1.103606,0.372739,0.865869,0.610524,0.750000,0.139476
124,1.095276,0.104048,0.861341,0.322565,0.125000,0.447565
125,1.089807,0.433497,0.859664,0.658405,0.250000,0.908405
126,1.101909,2.566218,0.865748,1.601942,-1.750000,-0.148058
127,1.094545,0.196224,0.862311,0.442972,-0.875000,-0.432028
128,1.085767,0.006061,0.855985,0.077853,0.375000,0.297147
129,1.084117,0.879466,0.856639,0.937799,-0.625000,0.312799
130,1.077026,0.190679,0.853306,0.436668,-1.125000,-0.688332
131,1.078230,1.229929,0.855320,1.109022,0.500000,-0.609022
132,1.074981,0.662300,0.854995,0.813818,-0.250000,0.563818
133,1.072930,0.810459,0.855346,0.900255,0.000000,0.900255
134,1.077000,1.602065,0.858503,1.265727,0.250000,-1.015727
135,1.080428,1.525970,0.861379,1.235302,1.625000,0.389698
136,1.072271,0.003776,0.855319,0.061452,0.375000,0.313548
137,1.066907,0.358867,0.853392,0.599055,-0.750000,-0.150945
138,1.059193,0.033128,0.848382,0.182012,-0.500000,-0.317988
139,1.064476,1.772431,0.851960,1.331327,-0.625000,0.706327
140,1.059361,0.368890,0.850161,0.607363,-0.250000,0.357363
141,1.053880,0.308455,0.848009,0.555387,-0.750000,-0.194613
142,1.047607,0.188234,0.845008,0.433860,-0.625000,-0.191140
143,1.047637,1.051681,0.846307,1.025515,-0.875000,0.150515
144,1.041043,0.124507,0.842782,0.352856,0.000000,0.352856
145,1.039686,0.849684,0.843343,0.921783,-0.375000,0.546783
146,1.050710,2.605175,0.848770,1.614056,-1.750000,-0.135944
147,1.055154,1.686108,0.851915,1.298502,0.750000,-0.548502
148,1.047875,0.007036,0.846582,0.083880,0.000000,0.083880
149,1.042042,0.202131,0.843844,0.449590,-0.250000,0.199590
150,1.035131,0.033031,0.839309,0.181744,-0.375000,-0.193256
151,1.029709,0.238062,0.836918,0.487916,-0.375000,0.112916
152,1.026179,0.507255,0.836076,0.712218,0.250000,0.962218
153,1.020826,0.228623,0.833674,0.478146,0.750000,0.271854
154,1.020671,0.997503,0.834774,0.998751,0.375000,-0.623751
155,1.014478,0.085544,0.831183,0.292479,0.000000,0.292479
156,1.008541,0.112090,0.827917,0.334798,0.625000,0.290202
157,1.007258,0.812241,0.828396,0.901244,-0.750000,0.151244
158,1.008346,1.174760,0.830055,1.083863,0.250000,-0.833863
159,1.002038,0.030638,0.825829,0.175036,0.000000,-0.175036
160,0.995618,0.000482,0.820676,0.021946,-0.125000,-0.103054
161,0.989913,0.100014,0.817463,0.316249,-0.250000,0.066249
162,0.984028,0.060004,0.813840,0.244958,-0.250000,-0.005042
163,0.978380,0.086122,0.810567,0.293466,0.500000,0.206534
164,0.972758,0.078744,0.807255,0.280614,0.625000,0.344386
165,0.967120,0.065029,0.803825,0.255008,0.000000,-0.255008
166,0.961427,0.044877,0.800170,0.211842,0.000000,0.211842
167,0.957436,0.310884,0.798682,0.557569,1.000000,0.442431
168,0.952461,0.141500,0.796106,0.376165,-0.250000,0.126165
169,0.949232,0.419762,0.795207,0.647891,0.375000,-0.272891
170,0.945442,0.320003,0.793825,0.565688,-0.500000,0.065688
171,0.939808,0.004593,0.789477,0.067771,0.250000,0.182229
172,0.934661,0.075116,0.786409,0.274072,0.125000,0.399072
173,0.929709,0.097811,0.783607,0.312748,0.125000,-0.187748
174,0.925268,0.174750,0.781456,0.418031,0.375000,-0.043031
175,0.920461,0.103208,0.778765,0.321259,0.000000,0.321259
176,0.915814,0.121263,0.776262,0.348229,0.000000,0.348229
177,0.911013,0.085144,0.773461,0.291794,0.000000,0.291794
178,0.905783,0.001135,0.769210,0.033686,0.125000,0.091314
179,0.902933,0.406982,0.768460,0.637952,0.250000,-0.387952
180,0.915809,3.169062,0.774208,1.780186,1.375000,-0.405186
181,0.912301,0.294848,0.772902,0.542999,-0.250000,-0.792999
182,0.914838,1.363952,0.775121,1.167883,0.625000,-0.542883
183,0.909821,0.016742,0.771514,0.129390,0.125000,-0.004390
184,0.909177,0.793902,0.772177,0.891012,1.125000,0.233988
185,0.911462,1.322790,0.774266,1.150126,-0.875000,0.275126
186,0.906878,0.077214,0.771538,0.277874,-0.250000,0.027874
187,0.906194,0.781670,0.772153,0.884121,-0.875000,0.009121
188,0.901274,0.000908,0.768121,0.030141,0.250000,0.219859
189,0.898874,0.457345,0.767624,0.676273,0.000000,-0.676273
190,0.909382,2.853348,0.772579,1.689186,1.125000,-0.564186
191,0.915055,1.970225,0.775953,1.403647,-1.750000,-0.346353
192,0.912605,0.454421,0.775412,0.674108,-0.250000,0.424108
193,0.909343,0.296036,0.774188,0.544092,0.750000,0.205908
194,0.904792,0.044721,0.771226,0.211474,0.250000,0.461474
195,0.901493,0.274645,0.769932,0.524066,-1.000000,-0.475934
196,0.896801,0.000697,0.766060,0.026400,0.125000,0.151400
197,0.898541,1.232553,0.767843,1.110204,-0.375000,0.735204
198,0.909432,3.011361,0.772830,1.735327,-0.625000,1.110327
199,0.912608,1.528799,0.775207,1.236446,-0.125000,-1.361446
200,0.908564,0.120067,0.773020,0.346507,0.000000,-0.346507
201,0.907035,0.607376,0.773052,0.779343,0.875000,0.095657
202,0.905416,0.586414,0.773015,0.765777,-0.625000,0.140777
203,0.900891,0.004973,0.769485,0.070520,-0.250000,-0.179480
204,0.905250,1.772693,0.772295,1.331425,-1.000000,0.331425
205,0.903762,0.606181,0.772326,0.778576,-0.750000,0.028576
206,0.907846,1.728579,0.775011,1.314754,0.750000,-0.564754
207,0.904372,0.202665,0.773411,0.450183,-0.250000,-0.700183
208,0.900067,0.026136,0.770413,0.161665,-0.250000,-0.411665
209,0.918008,4.578106,0.777092,2.139651,-1.750000,0.389651
210,0.913626,0.015295,0.773920,0.123673,0.375000,0.251327
211,0.911714,0.517736,0.773657,0.719539,0.125000,0.844539
212,0.907485,0.032021,0.770798,0.178944,0.000000,-0.178944
213,0.907828,0.979227,0.771845,0.989559,0.375000,-0.614559
214,0.903704,0.041882,0.769144,0.204651,0.125000,0.329651
215,0.899425,0.000890,0.765640,0.029832,0.625000,0.595168
216,0.895972,0.167272,0.763958,0.408989,-0.250000,0.158989
217,0.892175,0.087230,0.761758,0.295347,-0.750000,-0.454653
218,0.888035,0.006148,0.758564,0.078410,-0.125000,-0.203410
219,0.884322,0.089800,0.756430,0.299667,0.500000,0.200333
220,0.881478,0.270104,0.755334,0.519715,0.375000,-0.144715
221,0.877857,0.095724,0.753279,0.309393,0.125000,-0.184393
222,0.873905,0.016333,0.750410,0.127802,0.000000,-0.127802
223,0.873303,0.742071,0.750917,0.861435,-0.625000,0.236435
224,0.869386,0.011469,0.747990,0.107094,0.375000,0.482094
225,0.869758,0.951660,0.749020,0.975531,0.750000,-0.225531
226,0.866548,0.157148,0.747432,0.396419,0.250000,-0.146419
227,0.862678,0.003365,0.744340,0.058010,-0.125000,-0.066990
228,0.863275,0.996456,0.745473,0.998227,-0.750000,0.248227
229,0.860060,0.139963,0.743823,0.374117,-0.125000,0.249117
230,0.859876,0.818469,0.744535,0.904693,-0.500000,0.404693
231,0.857532,0.327861,0.743777,0.572592,0.375000,-0.197592
232,0.856080,0.526324,0.743697,0.725482,0.750000,0.024518
233,0.855266,0.669730,0.744023,0.818370,1.125000,0.306630
234,0.853542,0.458681,0.743733,0.677260,-0.375000,0.302260
235,0.854591,1.096032,0.745045,1.046915,-1.125000,-0.078085
236,0.854273,0.780761,0.745643,0.883607,-0.625000,0.258607
237,0.855882,1.229168,0.747201,1.108679,-0.625000,0.483679
238,0.853079,0.199825,0.745918,0.447018,0.375000,-0.072018
239,0.849478,0.006915,0.743098,0.083154,-0.250000,-0.333154
240,0.846218,0.080052,0.741148,0.282935,0.125000,-0.157935
241,0.843493,0.200481,0.739910,0.447751,0.500000,0.052249
242,0.842247,0.546879,0.739908,0.739513,-0.125000,0.614513
243,0.839168,0.106570,0.738178,0.326450,-0.125000,0.201450
244,0.842028,1.525339,0.740248,1.235046,0.750000,-0.485046
245,0.839081,0.131956,0.738684,0.363258,0.000000,0.363258
246,0.835775,0.039106,0.736449,0.197753,0.125000,0.322753
247,0.835482,0.764379,0.737016,0.874288,0.625000,-0.249288
248,0.839028,1.700695,0.739340,1.304107,-1.000000,0.304107
249,0.836018,0.101764,0.737625,0.319005,0.500000,0.180995
250,0.833469,0.208854,0.736484,0.457005,-0.250000,0.207005
251,0.830100,0.001376,0.733652,0.037097,0.250000,0.287097
252,0.830844,1.014515,0.734756,1.007231,-0.750000,0.257231
253,0.828776,0.315917,0.734062,0.562065,0.625000,0.062935
254,0.825463,0.000555,0.731220,0.023567,0.125000,0.101433
255,0.822306,0.033067,0.729031,0.181842,0.250000,0.431842
256,0.819324,0.070887,0.727195,0.266246,-0.250000,0.016246
257,0.816266,0.045665,0.725165,0.213693,0.375000,0.161307
258,0.813458,0.102866,0.723573,0.320728,0.750000,0.429272
259,0.810269,0.000408,0.720815,0.020200,0.375000,0.395200
260,0.807141,0.009533,0.718380,0.097638,0.000000,-0.097638
261,0.804281,0.072012,0.716629,0.268350,0.125000,-0.143350
262,0.801166,0.000728,0.713956,0.026977,0.250000,0.276977
263,0.798364,0.075426,0.712260,0.274638,0.125000,0.399638
264,0.795303,0.002427,0.709710,0.049263,-0.125000,-0.174263
265,0.792267,0.002996,0.707200,0.054740,0.000000,0.054740
266,0.789931,0.180259,0.706122,0.424569,0.250000,-0.174569
267,0.788165,0.325274,0.705605,0.570328,0.500000,-0.070328
268,0.786730,0.409317,0.705356,0.639779,0.750000,0.110221
269,0.791644,2.088951,0.708148,1.445320,-1.125000,0.320320
270,0.792756,1.087452,0.709407,1.042810,0.750000,-0.292810
271,0.793551,1.005053,0.710504,1.002524,-0.500000,0.502524
272,0.790590,0.000002,0.707859,0.001498,0.250000,0.248502
273,0.787782,0.035421,0.705927,0.188205,-0.125000,0.063205
274,0.785032,0.045156,0.704099,0.212500,-0.125000,0.087500
275,0.782748,0.166023,0.703005,0.407459,-0.125000,0.282459
276,0.780878,0.274046,0.702345,0.523494,0.750000,0.226506
277,0.778019,0.000560,0.699859,0.023660,-0.250000,-0.273660
278,0.775580,0.109788,0.698514,0.331343,-0.250000,0.081343
279,0.774130,0.376638,0.698206,0.613709,0.125000,-0.488709
280,0.771729,0.111547,0.696886,0.333987,-0.375000,-0.041013
281,0.769051,0.029866,0.694994,0.172818,-0.500000,-0.327182
282,0.771635,1.487306,0.696881,1.219551,0.375000,-0.844551
283,0.768876,0.001949,0.694541,0.044145,-0.250000,-0.205855
284,0.766233,0.028933,0.692668,0.170098,0.250000,0.079902
285,0.763836,0.092774,0.691287,0.304588,0.250000,-0.054588
286,0.761273,0.041022,0.689554,0.202538,0.375000,0.172462
287,0.759303,0.203691,0.688712,0.451322,-0.125000,0.326322
288,0.756649,0.005426,0.686547,0.073661,-0.125000,-0.051339
289,0.755393,0.398688,0.686353,0.631418,-0.375000,0.256418
290,0.752839,0.025081,0.684507,0.158371,-0.125000,0.033371
291,0.751198,0.281856,0.683972,0.530901,0.500000,-0.030901
292,0.749215,0.180135,0.683071,0.424423,-0.250000,0.174423
293,0.747194,0.165059,0.682113,0.406275,0.000000,-0.406275
294,0.744899,0.081630,0.680746,0.285710,0.375000,0.089290
295,0.748961,1.927036,0.683177,1.388177,-1.125000,0.263177
296,0.746413,0.005050,0.681081,0.071060,-0.125000,-0.053940
297,0.744541,0.197864,0.680274,0.444819,-0.250000,0.194819
298,0.742589,0.170436,0.679365,0.412839,-0.250000,0.162839
299,0.742147,0.612300,0.679714,0.782496,-0.750000,0.032496
300,0.742330,0.796349,0.680433,0.892384,0.625000,-0.267384
301,0.739924,0.027875,0.678704,0.166957,0.375000,0.208043
302,0.737502,0.017980,0.676876,0.134091,0.250000,0.384091
303,0.735849,0.243375,0.676262,0.493331,0.125000,-0.368331
304,0.733427,0.009222,0.674328,0.096030,0.375000,0.278970
305,0.731891,0.271077,0.673818,0.520651,0.625000,0.104349
306,0.729472,0.001263,0.671704,0.035534,0.000000,-0.035534
307,0.727075,0.003257,0.669676,0.057074,-0.250000,-0.192926
308,0.724701,0.005437,0.667715,0.073734,-0.125000,-0.051266
309,0.722540,0.065627,0.666366,0.256178,-0.250000,0.006178
310,0.720493,0.096147,0.665202,0.310075,-0.375000,-0.064925
311,0.719122,0.299652,0.664818,0.547405,0.250000,-0.297405
312,0.717901,0.342929,0.664561,0.585601,0.375000,-0.210601
313,0.716043,0.143634,0.663637,0.378991,-0.375000,0.003991
314,0.719618,1.824579,0.665853,1.350770,0.875000,-0.475770
315,0.717309,0.001271,0.663827,0.035657,-0.250000,-0.214343
316,0.715404,0.123057,0.662824,0.350795,-0.125000,0.225795
317,0.713258,0.043809,0.661375,0.209305,0.125000,-0.084305
318,0.711134,0.046049,0.659952,0.214591,-0.125000,0.089591
319,0.708918,0.013306,0.658223,0.115351,0.250000,0.134649
320,0.706781,0.033577,0.656720,0.183241,0.125000,-0.058241
321,0.704554,0.000723,0.654733,0.026886,0.000000,-0.026886
322,0.702433,0.030302,0.653221,0.174075,0.000000,0.174075
323,0.700243,0.003568,0.651361,0.059730,-0.125000,-0.065270
324,0.698471,0.133462,0.650467,0.365324,-0.250000,0.115324
325,0.696296,0.000184,0.648483,0.013566,-0.125000,-0.138566
326,0.695348,0.391152,0.648411,0.625421,-0.625000,0.000421
327,0.694230,0.334158,0.648194,0.578064,0.125000,-0.453064
328,0.692612,0.169930,0.647465,0.412226,0.500000,0.087774
329,0.690495,0.004673,0.645683,0.068356,0.000000,0.068356
330,0.690303,0.627927,0.646134,0.792418,-0.875000,-0.082582
331,0.689100,0.296900,0.645824,0.544885,-0.625000,-0.080115
332,0.688565,0.513514,0.646040,0.716599,-0.375000,0.341599
333,0.686660,0.061886,0.644832,0.248770,0.000000,0.248770
334,0.686955,0.783977,0.645561,0.885425,0.625000,-0.260425
335,0.686645,0.584242,0.645920,0.764357,0.500000,-0.264357
336,0.685295,0.238422,0.645445,0.488285,-0.250000,0.238285
337,0.683284,0.015769,0.643884,0.125575,0.250000,0.124425
338,0.681649,0.137318,0.643066,0.370565,0.250000,-0.120565
339,0.681511,0.635195,0.643525,0.796991,0.750000,-0.046991
340,0.683063,1.203049,0.644874,1.096836,0.625000,-0.471836
341,0.681375,0.114216,0.643964,0.337959,0.125000,-0.212959
342,0.679727,0.124252,0.643101,0.352493,0.500000,0.147507
343,0.680435,0.919979,0.644034,0.959155,-0.500000,0.459155
344,0.678597,0.055320,0.642831,0.235202,0.125000,-0.110202
345,0.680040,1.170741,0.644119,1.082008,-1.125000,-0.042992
346,0.680744,0.920681,0.645041,0.959521,0.750000,-0.209521
347,0.679244,0.166278,0.644350,0.407772,-0.500000,-0.092228
348,0.679318,0.704659,0.644917,0.839440,1.000000,0.160560
349,0.679125,0.612895,0.645317,0.782876,-0.875000,-0.092124
350,0.678230,0.369319,0.645208,0.607716,-0.250000,0.357716
351,0.676370,0.032834,0.643871,0.181201,0.250000,0.068799
352,0.674427,0.000413,0.642079,0.020320,0.250000,0.229680
353,0.672499,0.001299,0.640342,0.036043,-0.125000,-0.161043
354,0.670666,0.031110,0.639017,0.176380,0.250000,0.073620
355,0.668757,0.000534,0.637262,0.023100,0.000000,-0.023100
356,0.666977,0.042074,0.636034,0.205120,0.000000,0.205120
357,0.665134,0.016406,0.634596,0.128084,-0.125000,0.003084
358,0.663343,0.031253,0.633302,0.176784,-0.125000,0.051784
359,0.661485,0.003888,0.631694,0.062352,-0.125000,-0.062648
360,0.659709,0.029208,0.630400,0.170905,0.000000,-0.170905
361,0.658052,0.067945,0.629364,0.260663,-0.125000,-0.385663
362,0.656447,0.083411,0.628413,0.288810,0.125000,-0.163810
363,0.656923,0.827498,0.629196,0.909669,1.000000,0.090331
364,0.655654,0.199999,0.628691,0.447213,-0.875000,-0.427787
365,0.654348,0.184082,0.628138,0.429048,-0.250000,0.179048
366,0.656161,1.310867,0.629565,1.144931,-0.125000,-1.269931
367,0.655596,0.450853,0.629681,0.671456,-1.000000,-0.328544
368,0.654140,0.125769,0.628925,0.354639,-0.875000,-0.520361
369,0.659938,2.770257,0.631762,1.664409,0.750000,-0.914409
370,0.660832,0.987405,0.632751,0.993683,1.000000,0.006317
371,0.661381,0.862299,0.633557,0.928600,1.000000,0.071400
372,0.661041,0.536195,0.633825,0.732253,0.625000,-0.107253
373,0.660100,0.313889,0.633626,0.560258,0.000000,0.560258
374,0.659014,0.258157,0.633286,0.508091,0.000000,0.508091
375,0.657521,0.104979,0.632453,0.324004,-0.250000,0.074004
376,0.657887,0.793921,0.633148,0.891023,0.750000,-0.141023
377,0.658224,0.783615,0.633824,0.885220,1.125000,0.239780
378,0.656938,0.177028,0.633254,0.420747,-0.125000,0.295747
379,0.655235,0.018462,0.631928,0.135874,-0.250000,-0.385874
380,0.658196,1.768456,0.633784,1.329833,1.000000,-0.329833
381,0.657401,0.358537,0.633691,0.598780,-0.375000,0.223780
382,0.657011,0.510181,0.633904,0.714270,0.375000,-0.339270
383,0.655593,0.119318,0.633143,0.345424,-0.125000,-0.470424
384,0.654057,0.072047,0.632183,0.268416,-0.125000,0.143416
385,0.652457,0.044452,0.631077,0.210836,0.125000,0.335836
386,0.650750,0.000284,0.629469,0.016864,-0.125000,-0.108136
387,0.649129,0.030059,0.628278,0.173374,0.000000,-0.173374
388,0.647440,0.000303,0.626688,0.017414,0.250000,0.267414
389,0.645976,0.083956,0.625812,0.289752,0.125000,0.414752
390,0.644443,0.054441,0.624796,0.233326,-0.125000,0.108326
391,0.642778,0.000068,0.623203,0.008270,-0.250000,-0.241730
392,0.642605,0.575514,0.623552,0.758627,0.625000,-0.133627
393,0.641073,0.046545,0.622503,0.215742,0.000000,0.215742
394,0.639429,0.000000,0.620909,0.000645,0.125000,0.125645
395,0.638773,0.382869,0.620903,0.618764,-0.625000,-0.006236
396,0.637144,0.000153,0.619351,0.012355,0.000000,-0.012355
397,0.635598,0.029879,0.618215,0.172854,-0.250000,-0.422854
398,0.633995,0.004020,0.616807,0.063405,-0.750000,-0.813405
399,0.637607,2.060477,0.618879,1.435436,0.375000,-1.060436
400,0.636098,0.039919,0.617821,0.199796,0.125000,-0.074796
401,0.634546,0.020260,0.616623,0.142337,0.000000,0.142337
402,0.633063,0.044024,0.615601,0.209819,0.000000,0.209819
403,0.631652,0.070381,0.614723,0.265294,-0.250000,0.015294
404,0.630634,0.224270,0.614370,0.473572,-0.250000,0.223572
405,0.629241,0.072017,0.613507,0.268361,0.125000,-0.143361
406,0.628207,0.213642,0.613131,0.462214,0.500000,0.037786
407,0.626698,0.020035,0.611961,0.141547,0.125000,0.266547
408,0.625191,0.017862,0.610777,0.133648,0.000000,0.133648
409,0.623830,0.073945,0.609940,0.271928,-0.125000,0.146928
410,0.622601,0.124839,0.609308,0.353326,-0.250000,0.103326
411,0.621398,0.133194,0.608708,0.364957,0.250000,-0.114957
412,0.621213,0.545772,0.609026,0.738764,0.250000,-0.488764
413,0.620676,0.401426,0.609086,0.633582,-0.750000,-0.116418
414,0.619298,0.056042,0.608178,0.236731,-0.125000,-0.361731
415,0.617913,0.049731,0.607241,0.223004,0.000000,-0.223004
416,0.616414,0.000323,0.605811,0.017959,0.250000,0.232041
417,0.616692,0.731597,0.606415,0.855335,-0.875000,-0.019665
418,0.616202,0.413679,0.606504,0.643178,0.250000,-0.393178
419,0.614718,0.000203,0.605077,0.014237,0.250000,0.264237
420,0.613444,0.084673,0.604322,0.290987,0.000000,0.290987
421,0.612927,0.397874,0.604385,0.630772,0.500000,-0.130772
422,0.611532,0.029762,0.603352,0.172517,0.000000,0.172517
423,0.611225,0.483008,0.603571,0.694988,-0.250000,0.444988
424,0.610216,0.187391,0.603164,0.432886,-0.125000,0.307886
425,0.610605,0.774222,0.603822,0.879899,0.125000,-0.754899
426,0.609471,0.132001,0.603252,0.363319,-0.375000,-0.738319
427,0.609214,0.500932,0.603499,0.707766,-0.250000,-0.957766
428,0.608277,0.211875,0.603161,0.460299,-0.125000,-0.585299
429,0.607040,0.082440,0.602417,0.287124,-0.125000,-0.412124
430,0.605643,0.011776,0.601258,0.108519,0.000000,-0.108519
431,0.604241,0.007230,0.600049,0.085029,-0.250000,-0.335029
432,0.604534,0.729509,0.600643,0.854113,0.625000,-0.229113
433,0.604388,0.541950,0.600959,0.736172,0.500000,-0.236172
434,0.602986,0.001276,0.599644,0.035723,-0.125000,-0.089277
435,0.601902,0.136010,0.599108,0.368795,0.125000,-0.243795
436,0.600589,0.034449,0.598151,0.185605,0.000000,-0.185605
437,0.599489,0.124309,0.597584,0.352575,0.250000,-0.102575
438,0.599176,0.463903,0.597777,0.681104,0.500000,-0.181104
439,0.598011,0.092414,0.597101,0.303996,-0.250000,0.053996
440,0.596664,0.010529,0.595967,0.102610,-0.250000,-0.147390
441,0.606650,4.960597,0.599700,2.227240,-2.375000,-0.147760
442,0.612085,2.987063,0.602277,1.728312,1.500000,-0.228312
443,0.610725,0.015386,0.601187,0.124042,-0.125000,-0.249042
444,0.609388,0.022380,0.600161,0.149601,0.000000,-0.149601
445,0.609218,0.534223,0.600457,0.730905,0.500000,-0.230905
446,0.607917,0.034281,0.599518,0.185150,0.000000,0.185150
447,0.607116,0.253208,0.599300,0.503197,0.125000,0.628197
448,0.606749,0.443922,0.599451,0.666275,-0.625000,0.041275
449,0.605413,0.012387,0.598354,0.111295,-0.125000,-0.013705
450,0.604316,0.116262,0.597777,0.340972,-0.250000,0.090972
451,0.603527,0.251491,0.597562,0.501489,0.375000,-0.126489
452,0.602317,0.061442,0.596781,0.247874,-0.375000,-0.127126
453,0.601473,0.223332,0.596505,0.472581,0.375000,-0.097581
454,0.600140,0.001590,0.595268,0.039873,0.000000,0.039873
455,0.598839,0.013268,0.594203,0.115185,0.000000,0.115185
456,0.598419,0.409263,0.594304,0.639737,0.375000,-0.264737
457,0.597118,0.008744,0.593198,0.093507,-0.375000,-0.281493
458,0.595812,0.004504,0.592040,0.067115,0.000000,-0.067115
459,0.594506,0.001434,0.590822,0.037867,0.000000,0.037867
460,0.593214,0.005238,0.589685,0.072376,0.000000,-0.072376
461,0.592146,0.105129,0.589104,0.324237,0.250000,-0.074237
462,0.590952,0.045560,0.588284,0.213447,-0.250000,-0.036553
463,0.589701,0.016793,0.587284,0.129589,0.125000,-0.004589
464,0.588748,0.151079,0.586853,0.388689,0.125000,0.513689
465,0.587685,0.098597,0.586261,0.314002,-0.125000,0.189002
466,0.586502,0.041355,0.585432,0.203358,-0.125000,0.078358
467,0.587204,0.911592,0.586230,0.954773,-1.000000,-0.045227
468,0.589279,1.549751,0.587649,1.244890,-1.375000,-0.130110
469,0.588052,0.018963,0.586682,0.137705,-0.125000,0.012705
470,0.588836,0.953552,0.587518,0.976500,0.875000,-0.101500
471,0.588005,0.200591,0.587219,0.447874,0.250000,-0.197874
472,0.586988,0.112209,0.586680,0.334976,0.000000,-0.334976
473,0.585946,0.098119,0.586097,0.313240,0.000000,-0.313240
474,0.584737,0.017914,0.585135,0.133842,0.375000,0.241158
475,0.583920,0.199616,0.584841,0.446784,0.750000,0.303216
476,0.584044,0.642572,0.585300,0.801606,0.375000,-0.426606
477,0.583233,0.200608,0.585010,0.447893,0.375000,-0.072893
478,0.582207,0.096867,0.584432,0.311235,0.750000,0.438765
479,0.581138,0.074506,0.583776,0.272957,0.125000,0.397957
480,0.581179,0.600538,0.584178,0.774944,1.000000,0.225056
481,0.579964,0.001681,0.583039,0.040997,0.125000,0.084003
482,0.578771,0.009694,0.582026,0.098458,0.375000,0.276542
483,0.578302,0.354036,0.582053,0.595009,-0.500000,0.095009
484,0.577668,0.274077,0.581931,0.523524,-0.250000,0.273524
485,0.576701,0.112344,0.581418,0.335177,0.500000,0.164823
486,0.575505,0.000056,0.580227,0.007483,-0.250000,-0.242517
487,0.574352,0.018717,0.579309,0.136811,-0.500000,-0.636811
488,0.573174,0.004376,0.578249,0.066153,-0.500000,-0.433847
489,0.572319,0.158399,0.577877,0.397993,0.125000,-0.272993
490,0.571458,0.154089,0.577496,0.392542,0.375000,-0.017542
491,0.570610,0.158496,0.577127,0.398115,-0.125000,-0.523115
492,0.572278,1.384163,0.578356,1.176505,0.625000,-0.551505
493,0.571111,0.001647,0.577256,0.040589,0.125000,0.084411
494,0.569957,0.005681,0.576232,0.075372,0.000000,0.075372
495,0.569438,0.315277,0.576202,0.561495,0.500000,-0.061495
496,0.572676,2.162333,0.578019,1.470487,1.375000,-0.095487
497,0.571729,0.105812,0.577507,0.325287,-0.500000,-0.174713
498,0.570573,0.001026,0.576402,0.032026,-0.250000,-0.282026
499,0.570240,0.405390,0.576524,0.636703,-0.500000,0.136703
500,0.571398,1.144620,0.577519,1.069869,-0.750000,0.319869
501,0.570380,0.065470,0.576872,0.255871,-0.500000,-0.244129
502,0.571051,0.904746,0.577623,0.951181,0.625000,-0.326181
503,0.571787,0.938185,0.578407,0.968599,-1.000000,-0.031401
504,0.570917,0.136846,0.577990,0.369926,-0.375000,-0.005074
505,0.569997,0.110112,0.577499,0.331831,0.125000,-0.206831
506,0.569625,0.382987,0.577581,0.618860,-0.250000,0.368860
507,0.569595,0.554848,0.577914,0.744881,0.875000,0.130119
508,0.568558,0.046602,0.577195,0.215876,-0.375000,-0.159124
509,0.570645,1.622657,0.578575,1.273836,-0.875000,0.398836
510,0.569607,0.045348,0.577852,0.212951,0.125000,0.337951
511,0.569167,0.346533,0.577873,0.588670,-0.625000,-0.036330
512,0.568048,0.000564,0.576783,0.023743,-0.125000,-0.148743
513,0.567549,0.314449,0.576751,0.560758,-0.625000,-0.064242
514,0.566621,0.094383,0.576223,0.307218,-0.250000,0.057218
515,0.565616,0.052839,0.575545,0.229867,0.500000,0.270133
516,0.567660,1.611924,0.576900,1.269616,1.375000,0.105384
517,0.568191,0.840301,0.577563,0.916679,0.375000,-0.541679
518,0.567122,0.018741,0.576705,0.136899,0.000000,0.136899
519,0.567447,0.734223,0.577249,0.856868,-0.625000,0.231868
520,0.567096,0.386399,0.577335,0.621610,0.000000,0.621610
521,0.566369,0.191603,0.577065,0.437725,0.375000,-0.062725
522,0.565286,0.005244,0.576091,0.072413,-0.250000,-0.322413
523,0.565308,0.576525,0.576444,0.759293,0.625000,-0.134293
524,0.567648,1.782122,0.577903,1.334961,-1.000000,0.334961
525,0.566889,0.172163,0.577590,0.414925,0.500000,0.085075
526,0.566510,0.369205,0.577648,0.607623,-0.250000,0.357623
527,0.567260,0.958978,0.578415,0.979274,-0.750000,0.229274
528,0.566941,0.400082,0.578519,0.632520,0.500000,-0.132520
529,0.566610,0.392732,0.578610,0.626683,-0.500000,0.126683
530,0.565533,0.000153,0.577534,0.012371,0.250000,0.262371
531,0.564668,0.109956,0.577067,0.331596,-0.125000,0.206596
532,0.563599,0.000087,0.575992,0.009317,0.375000,0.384317
533,0.562953,0.221921,0.575794,0.471084,0.875000,0.403916
534,0.562987,0.581173,0.576146,0.762347,0.750000,-0.012347
535,0.562175,0.131735,0.575744,0.362954,0.500000,0.137046
536,0.561157,0.020541,0.574931,0.143323,0.500000,0.356677
537,0.560104,0.000020,0.573861,0.004485,0.500000,0.495515
538,0.562914,2.060453,0.575475,1.435428,-0.750000,0.685428
539,0.561869,0.003712,0.574513,0.060929,0.000000,0.060929
540,0.560934,0.060630,0.573900,0.246231,0.000000,0.246231
541,0.560223,0.179319,0.573620,0.423461,0.750000,0.326539
542,0.561359,1.171510,0.574566,1.082363,-0.875000,0.207363
543,0.561276,0.516284,0.574833,0.718529,0.625000,-0.093529
544,0.561747,0.815918,0.575441,0.903282,-0.500000,0.403282
545,0.560737,0.015470,0.574607,0.124380,0.250000,0.374380
546,0.560565,0.467454,0.574809,0.683706,-0.375000,0.308706
547,0.560215,0.370422,0.574871,0.608623,0.875000,0.266377
548,0.559992,0.439018,0.575032,0.662585,0.750000,0.087415
549,0.562758,2.067180,0.576615,1.437769,-1.000000,0.437769
550,0.562635,0.495912,0.576849,0.704210,0.500000,-0.204210
551,0.561826,0.119693,0.576427,0.345966,-0.375000,-0.029034
552,0.560954,0.084277,0.575905,0.290306,-0.125000,0.165306
553,0.560637,0.386845,0.575989,0.621969,0.500000,-0.121969
554,0.559620,0.001040,0.575000,0.032243,0.125000,0.092757
555,0.558666,0.034085,0.574291,0.184621,0.125000,-0.059621
556,0.557676,0.012092,0.573450,0.109963,0.125000,0.015037
557,0.556667,0.000070,0.572428,0.008373,0.125000,0.116627
558,0.558692,1.678280,0.573734,1.295484,-1.000000,0.295484
559,0.559838,1.194611,0.574669,1.092982,1.000000,-0.092982
560,0.559275,0.246869,0.574529,0.496859,-0.375000,0.121859
561,0.558272,0.000802,0.573549,0.028313,0.125000,0.153313
562,0.558181,0.507557,0.573797,0.712431,-0.750000,-0.037569
563,0.558211,0.574793,0.574127,0.758151,-0.500000,0.258151
564,0.558001,0.440614,0.574287,0.663787,-0.375000,0.288787
565,0.558891,1.057153,0.575096,1.028179,-1.000000,0.028179
566,0.558704,0.454152,0.575272,0.673908,0.500000,-0.173908
567,0.557875,0.092060,0.574789,0.303414,-0.125000,0.178414
568,0.557785,0.506908,0.575033,0.711974,-0.625000,0.086974
569,0.556864,0.037459,0.574357,0.193544,-0.500000,-0.306456
570,0.556473,0.335625,0.574366,0.579332,0.375000,-0.204332
571,0.559057,2.021694,0.575861,1.421863,-1.125000,0.296863
572,0.558094,0.011747,0.575038,0.108385,-0.125000,-0.233385
573,0.557115,0.001001,0.574083,0.031642,-0.250000,-0.218358
574,0.556145,0.004046,0.573187,0.063608,0.250000,0.313608
575,0.555280,0.062452,0.572621,0.249905,0.375000,0.125095
576,0.554957,0.370406,0.572684,0.608610,-0.375000,0.233610
577,0.553992,0.002320,0.571769,0.048167,0.000000,0.048167
578,0.553084,0.032725,0.571088,0.180901,0.250000,0.430901
579,0.552791,0.384324,0.571173,0.619939,0.750000,0.130061
580,0.554107,1.311080,0.572169,1.145024,0.875000,-0.270024
581,0.553612,0.268199,0.572075,0.517880,0.375000,-0.142880
582,0.553217,0.325407,0.572072,0.570445,-0.375000,0.195445
583,0.552261,0.000108,0.571102,0.010395,0.250000,0.260395
584,0.551327,0.010028,0.570290,0.100142,0.375000,0.274858
585,0.550740,0.210573,0.570098,0.458882,0.625000,0.166118
586,0.551539,1.015807,0.570850,1.007872,1.000000,-0.007872
587,0.550623,0.017108,0.570096,0.130796,0.125000,0.255796
588,0.551139,0.852316,0.570700,0.923210,-1.000000,-0.076790
589,0.550260,0.036697,0.570052,0.191566,0.000000,0.191566
590,0.550323,0.587528,0.570387,0.766504,-0.250000,0.516504
591,0.549563,0.104141,0.569965,0.322709,0.000000,0.322709
592,0.548944,0.185201,0.569728,0.430349,0.250000,-0.180349
593,0.548150,0.081756,0.569246,0.285931,-0.375000,-0.089069
594,0.547375,0.090880,0.568792,0.301464,0.250000,-0.051464
595,0.546669,0.129980,0.568440,0.360527,-0.125000,0.235527
596,0.545838,0.054505,0.567874,0.233462,-0.125000,0.108462
597,0.544918,0.000251,0.566943,0.015854,0.375000,0.359146
598,0.544165,0.097853,0.566515,0.312814,0.000000,0.312814
599,0.543251,0.000149,0.565584,0.012186,0.125000,0.137186
600,0.542559,0.131261,0.565243,0.362300,-0.125000,0.237300
601,0.541928,0.165573,0.564977,0.406907,0.000000,0.406907
602,0.541383,0.215858,0.564810,0.464605,-0.125000,0.339605
603,0.540479,0.000259,0.563894,0.016091,0.000000,0.016091
604,0.539586,0.004382,0.563064,0.066198,0.000000,-0.066198
605,0.538754,0.039463,0.562458,0.198652,-0.250000,-0.051348
606,0.537917,0.035135,0.561835,0.187443,0.375000,0.187557
607,0.537564,0.325054,0.561848,0.570135,0.750000,0.179865
608,0.537092,0.252353,0.561750,0.502348,-0.375000,0.127348
609,0.536218,0.008274,0.560972,0.090963,-0.250000,-0.159037
610,0.535334,0.000402,0.560079,0.020042,-0.125000,-0.145042
611,0.534609,0.095444,0.559665,0.308940,-0.250000,0.058940
612,0.533731,0.000852,0.558793,0.029184,-0.125000,-0.154184
613,0.532857,0.001135,0.557931,0.033685,-0.500000,-0.466315
614,0.532235,0.153971,0.557659,0.392391,0.125000,-0.267391
615,0.531789,0.259628,0.557581,0.509537,-0.625000,-0.115463
616,0.532315,0.853515,0.558179,0.923859,-1.000000,-0.076141
617,0.531571,0.076453,0.557720,0.276501,-0.500000,-0.223499
618,0.530878,0.106134,0.557342,0.325781,0.250000,-0.075781
619,0.530332,0.194795,0.557153,0.441356,-0.375000,0.066356
620,0.529530,0.036489,0.556559,0.191020,-0.500000,-0.308980
621,0.529469,0.492069,0.556794,0.701476,-0.875000,-0.173524
622,0.529097,0.299574,0.556778,0.547334,-0.500000,0.047334
623,0.528410,0.103441,0.556399,0.321622,-0.375000,-0.053378
624,0.532733,3.208671,0.558390,1.791276,1.375000,-0.416276
625,0.532886,0.627587,0.558767,0.792204,0.375000,-0.417204
626,0.532453,0.263592,0.558694,0.513412,0.625000,0.111588
627,0.531681,0.051468,0.558161,0.226866,0.500000,0.273134
628,0.530853,0.014950,0.557463,0.122270,0.500000,0.377730
629,0.532922,1.824083,0.558732,1.350586,-1.000000,0.350586
630,0.532111,0.025264,0.558093,0.158946,0.000000,-0.158946
631,0.531502,0.150697,0.557822,0.388197,-0.250000,0.138197
632,0.534856,2.637644,0.559520,1.624083,-1.250000,0.374083
633,0.534404,0.250281,0.559426,0.500281,0.375000,-0.125281
634,0.534808,0.788811,0.559948,0.888150,-0.750000,0.138150
635,0.545134,7.050540,0.563268,2.655285,-2.375000,0.280285
636,0.548273,2.529061,0.564893,1.590302,1.375000,-0.215302
637,0.550199,1.767720,0.566101,1.329556,-1.500000,-0.170444
638,0.549341,0.006039,0.565331,0.077709,-0.250000,-0.172291
639,0.549771,0.822255,0.565869,0.906783,0.250000,-0.656783
640,0.551364,1.563109,0.566945,1.250243,0.875000,-0.375243
641,0.550524,0.016639,0.566257,0.128994,0.125000,0.253994
642,0.550756,0.698153,0.566679,0.835556,-1.000000,-0.164444
643,0.550705,0.518489,0.566919,0.720062,-0.875000,-0.154938
644,0.549867,0.013989,0.566218,0.118274,0.125000,0.243274
645,0.549454,0.285461,0.566168,0.534285,-0.750000,-0.215715
646,0.548804,0.131932,0.565852,0.363225,-0.750000,-0.386775
647,0.547952,0.001325,0.565029,0.036397,-0.250000,-0.213603
648,0.547125,0.014937,0.564341,0.122215,-0.125000,-0.002785
649,0.546496,0.141467,0.564050,0.376122,-0.375000,0.001122
650,0.547006,0.876244,0.564625,0.936079,0.500000,-0.436079
651,0.546229,0.043968,0.564077,0.209685,0.125000,-0.084685
652,0.548009,1.699503,0.565218,1.303650,1.375000,0.071350
653,0.552794,3.653554,0.567292,1.911427,-2.000000,-0.088573
654,0.552046,0.066556,0.566817,0.257985,-0.250000,0.007985
655,0.551269,0.046523,0.566277,0.215692,0.000000,0.215692
656,0.554406,2.596302,0.567880,1.611304,-1.500000,0.111304
657,0.553564,0.004984,0.567119,0.070600,-0.375000,-0.304400
658,0.554799,1.361309,0.568035,1.166751,-1.250000,-0.083249
659,0.554840,0.581166,0.568332,0.762342,0.625000,-0.137342
660,0.555574,1.036271,0.569017,1.017974,1.000000,-0.017974
661,0.556829,1.380157,0.569939,1.174801,0.500000,-0.674801
662,0.556256,0.180063,0.569718,0.424338,0.500000,0.075662
663,0.557059,1.085726,0.570435,1.041982,-0.750000,0.291982
664,0.557419,0.794261,0.570921,0.891213,0.750000,-0.141213
665,0.556729,0.101345,0.570539,0.318348,-0.375000,-0.056652
666,0.555893,0.003129,0.569761,0.055933,0.000000,-0.055933
667,0.555067,0.008621,0.569042,0.092851,-0.125000,-0.032149
668,0.554323,0.061102,0.568557,0.247189,0.500000,0.252811
669,0.553490,0.000454,0.567734,0.021307,0.250000,0.271307
670,0.552699,0.026495,0.567126,0.162771,0.250000,0.087229
671,0.551874,0.002580,0.566352,0.050789,0.000000,-0.050789
672,0.551653,0.403821,0.566456,0.635469,-0.500000,0.135469
673,0.550830,0.001569,0.565668,0.039605,0.000000,0.039605
674,0.550009,0.000219,0.564846,0.014794,0.000000,-0.014794
675,0.549201,0.007791,0.564136,0.088267,0.000000,-0.088267
676,0.548388,0.003429,0.563383,0.058558,0.000000,0.058558
677,0.548791,0.819650,0.563892,0.905345,-0.750000,0.155345
678,0.548136,0.107124,0.563541,0.327298,-0.250000,0.077298
679,0.548429,0.745602,0.563985,0.863483,-0.875000,-0.011517
680,0.548073,0.307658,0.563971,0.554669,0.500000,-0.054669
681,0.547351,0.059772,0.563499,0.244483,-0.250000,-0.005517
682,0.547137,0.402058,0.563603,0.634080,-0.375000,0.259080
683,0.546436,0.070945,0.563166,0.266356,-0.125000,0.141356
684,0.547517,1.281492,0.564002,1.132030,1.375000,0.242970
685,0.546812,0.067372,0.563555,0.259562,-0.500000,-0.240438
686,0.546039,0.019931,0.562936,0.141179,-0.375000,-0.233821
687,0.545241,0.001236,0.562163,0.035157,0.000000,-0.035157
688,0.545532,0.744232,0.562602,0.862689,0.875000,0.012311
689,0.544846,0.075550,0.562182,0.274863,0.125000,-0.149863
690,0.546101,1.405373,0.563091,1.185484,-1.625000,-0.439516
691,0.546181,0.601643,0.563400,0.775657,-0.875000,-0.099343
692,0.547774,1.641804,0.564444,1.281329,-1.000000,0.281329
693,0.548156,0.811274,0.564932,0.900707,1.125000,0.224293
694,0.547421,0.040930,0.564406,0.202312,-0.750000,-0.547688
695,0.550182,2.454943,0.565857,1.566826,-2.000000,-0.433174
696,0.553779,3.039436,0.567559,1.743398,-1.750000,-0.006602
697,0.553642,0.459094,0.567717,0.677565,0.750000,0.072435
698,0.552933,0.061455,0.567257,0.247900,-0.375000,-0.127100
699,0.553735,1.109993,0.567956,1.053562,0.375000,-0.678562
700,0.553459,0.361798,0.568004,0.601496,0.125000,-0.476496
701,0.556755,2.850551,0.569612,1.688358,1.875000,0.186642
702,0.557332,0.959795,0.570199,0.979691,-0.750000,0.229691
703,0.556685,0.105322,0.569848,0.324534,-0.125000,-0.449534
704,0.555892,0.001641,0.569092,0.040506,-0.250000,-0.209494
705,0.555186,0.060407,0.568630,0.245778,-0.375000,-0.129222
706,0.554498,0.072231,0.568203,0.268758,-0.125000,-0.393758
707,0.554142,0.304255,0.568180,0.551593,0.125000,-0.426593
708,0.554312,0.674183,0.568539,0.821086,0.625000,-0.196086
709,0.553781,0.180084,0.568334,0.424364,-0.375000,0.049364
710,0.555376,1.679396,0.569365,1.295915,-1.250000,0.045915
711,0.556455,1.318701,0.570184,1.148347,1.125000,-0.023347
712,0.556167,0.352199,0.570217,0.593464,-0.625000,-0.031536
713,0.558843,2.453711,0.571622,1.566433,1.625000,0.058567
714,0.564577,4.629499,0.573847,2.151627,1.500000,-0.651627
715,0.564176,0.279625,0.573784,0.528796,-0.375000,0.153796
716,0.563482,0.070510,0.573351,0.265537,-0.125000,0.140537
717,0.562788,0.068663,0.572914,0.262035,0.000000,0.262035
718,0.562038,0.026673,0.572341,0.163318,0.250000,0.086682
719,0.561513,0.186673,0.572144,0.432057,0.250000,-0.182057
720,0.560936,0.148779,0.571884,0.385719,-0.375000,-0.760719
721,0.560208,0.039106,0.571362,0.197752,-0.375000,-0.177248
722,0.559433,0.003604,0.570650,0.060036,-0.250000,-0.189964
723,0.558951,0.212628,0.570498,0.461116,0.125000,0.586116
724,0.558437,0.189100,0.570309,0.434856,-0.250000,0.184856
725,0.557732,0.049957,0.569828,0.223510,0.125000,-0.098510
726,0.557007,0.034224,0.569295,0.184998,-0.125000,0.059998
727,0.556677,0.318274,0.569288,0.564157,-0.125000,0.439157
728,0.557717,1.310204,0.570083,1.144641,-1.000000,0.144641
729,0.557462,0.372366,0.570138,0.610218,0.750000,0.139782
730,0.557488,0.576526,0.570399,0.759293,-0.375000,0.384293
731,0.557833,0.808010,0.570851,0.898894,0.500000,-0.398894
732,0.557307,0.175147,0.570641,0.418506,0.125000,-0.293506
733,0.556546,0.002912,0.569933,0.053961,-0.125000,-0.178961
734,0.557185,1.023066,0.570538,1.011467,1.000000,-0.011467
735,0.556495,0.052218,0.570070,0.228514,0.125000,-0.103514
736,0.557100,0.999268,0.570657,0.999634,1.000000,0.000366
737,0.556696,0.261336,0.570575,0.511210,0.375000,-0.136210
738,0.557244,0.959068,0.571132,0.979320,-1.000000,-0.020680
739,0.556691,0.150336,0.570883,0.387732,-0.500000,-0.112268
740,0.557177,0.914464,0.571406,0.956276,0.750000,-0.206276
741,0.557504,0.798175,0.571843,0.893406,0.875000,-0.018406
742,0.558122,1.013595,0.572433,1.006775,1.125000,0.118225
743,0.557427,0.044607,0.571944,0.211204,-0.250000,-0.038796
744,0.557821,0.848851,0.572416,0.921331,1.000000,0.078669
745,0.560182,2.307453,0.573693,1.519030,-1.250000,0.269030
746,0.559739,0.231529,0.573569,0.481175,0.250000,-0.231175
747,0.559575,0.437942,0.573687,0.661772,0.375000,-0.286772
748,0.561601,2.066591,0.574849,1.437564,-1.625000,-0.187436
749,0.561340,0.367823,0.574891,0.606484,-0.750000,-0.143516
750,0.560620,0.023771,0.574327,0.154178,0.000000,-0.154178
751,0.559873,0.002379,0.573624,0.048780,0.000000,0.048780
752,0.559581,0.341702,0.573638,0.584553,0.625000,0.040447
753,0.558834,0.000121,0.572887,0.011009,-0.250000,-0.261009
754,0.559540,1.088024,0.573514,1.043084,-0.875000,0.168084
755,0.559694,0.675350,0.573845,0.821797,1.000000,0.178203
756,0.559160,0.157962,0.573610,0.397444,-0.500000,-0.102556
757,0.558615,0.148899,0.573361,0.385874,0.500000,0.114126
758,0.557899,0.019339,0.572785,0.139064,-0.125000,0.014064
759,0.558665,1.136175,0.573438,1.065915,1.125000,0.059085
760,0.568421,7.934272,0.576405,2.816784,3.000000,0.183216
761,0.569254,1.198624,0.577090,1.094817,-1.375000,-0.280183
762,0.568573,0.053402,0.576634,0.231089,-0.250000,-0.481089
763,0.567851,0.020589,0.576063,0.143488,-0.250000,-0.393488
764,0.567925,0.623480,0.576344,0.789608,0.375000,-0.414608
765,0.567546,0.279925,0.576282,0.529079,0.125000,-0.404079
766,0.568777,1.505565,0.577136,1.227015,0.625000,-0.602015
767,0.568649,0.471195,0.577279,0.686437,-0.500000,0.186437
768,0.567938,0.025586,0.576733,0.159956,0.125000,0.284956
769,0.567927,0.559496,0.576957,0.747995,0.875000,0.127005
770,0.567652,0.356980,0.576983,0.597478,-0.500000,0.097478
771,0.567284,0.285411,0.576928,0.534239,-0.500000,0.034239
772,0.566813,0.205291,0.576766,0.453090,-0.375000,0.078090
773,0.574089,6.162485,0.579245,2.482435,2.500000,0.017565
774,0.573960,0.474172,0.579387,0.688602,0.625000,-0.063602
775,0.573457,0.186211,0.579195,0.431522,-0.875000,-0.443478
776,0.574598,1.454738,0.580007,1.206125,1.250000,0.043875
777,0.574184,0.254267,0.579909,0.504249,-0.625000,-0.120751
778,0.573505,0.048841,0.579445,0.221001,0.500000,0.278999
779,0.572789,0.018741,0.578874,0.136898,-0.500000,-0.363102
780,0.573446,1.082449,0.579469,1.040408,0.750000,-0.290408
781,0.572908,0.155157,0.579230,0.393900,0.500000,0.106100
782,0.572244,0.056263,0.578790,0.237198,-0.125000,0.112198
783,0.571523,0.010921,0.578182,0.104503,0.000000,0.104503
784,0.577285,5.065694,0.580326,2.250710,-2.000000,0.250710
785,0.576584,0.029875,0.579804,0.172845,0.000000,0.172845
786,0.576002,0.121280,0.579508,0.348252,0.000000,0.348252
787,0.575374,0.084558,0.579139,0.290788,-0.125000,0.165788
788,0.574737,0.076202,0.578753,0.276047,0.250000,-0.026047
789,0.574018,0.010261,0.578144,0.101299,0.250000,0.148701
790,0.573307,0.015204,0.577566,0.123305,0.375000,0.498305
791,0.573111,0.418838,0.577654,0.647177,1.000000,0.352823
792,0.572407,0.018462,0.577094,0.135874,-0.125000,0.010874
793,0.572110,0.337771,0.577099,0.581181,-0.750000,-0.168819
794,0.571386,0.000410,0.576394,0.020255,0.000000,0.020255
795,0.570919,0.202320,0.576234,0.449800,-0.375000,0.074800
796,0.574047,3.048319,0.577711,1.745944,-1.625000,0.120944
797,0.573952,0.498559,0.577873,0.706087,0.500000,-0.206087
798,0.573242,0.010023,0.577271,0.100115,-0.125000,-0.024885
799,0.572525,0.002823,0.576612,0.053132,0.125000,0.071868
800,0.572202,0.316052,0.576594,0.562185,0.500000,-0.062185
801,0.572443,0.764218,0.576967,0.874196,-0.625000,0.249196
802,0.571852,0.100901,0.576642,0.317649,-0.375000,-0.057351
803,0.572047,0.727066,0.576987,0.852682,-0.625000,0.227682
804,0.571517,0.148136,0.576747,0.384884,0.500000,0.115116
805,0.571396,0.474952,0.576888,0.689168,0.500000,-0.189168
806,0.572083,1.121886,0.577489,1.059191,0.750000,-0.309191
807,0.571919,0.441042,0.577597,0.664110,0.500000,-0.164110
808,0.571662,0.365233,0.577630,0.604346,-0.250000,0.354346
809,0.573552,2.092771,0.578710,1.446641,-1.125000,0.321641
810,0.572938,0.078479,0.578339,0.280141,-0.250000,0.030141
811,0.575296,2.476188,0.579573,1.573591,-1.500000,0.073591
812,0.574862,0.224678,0.579442,0.474002,0.250000,-0.224002
813,0.574489,0.272700,0.579371,0.522207,-0.625000,-0.102793
814,0.576828,2.469619,0.580596,1.571502,1.500000,-0.071502
815,0.577008,0.722452,0.580928,0.849971,0.750000,-0.099971
816,0.576356,0.047397,0.580481,0.217709,-0.125000,0.092709
817,0.575816,0.137610,0.580223,0.370959,0.250000,-0.120959
818,0.575118,0.007307,0.579615,0.085479,0.125000,0.039521
819,0.574972,0.456453,0.579733,0.675613,0.875000,0.199387
820,0.574386,0.096843,0.579404,0.311197,-0.250000,0.061197
821,0.574031,0.283982,0.579347,0.532900,-0.875000,-0.342100
822,0.573331,0.002079,0.578695,0.045596,-0.250000,-0.295596
823,0.572916,0.233501,0.578578,0.483220,0.375000,-0.108220
824,0.572334,0.094924,0.578248,0.308097,-0.250000,0.058097
825,0.571816,0.147634,0.578012,0.384232,0.125000,-0.259232
826,0.571121,0.000059,0.577318,0.007651,0.000000,-0.007651
827,0.570921,0.406412,0.577391,0.637505,-0.500000,0.137505
828,0.570249,0.017413,0.576851,0.131957,0.000000,0.131957
829,0.569564,0.005336,0.576240,0.073046,0.125000,0.051954
830,0.569026,0.124911,0.575970,0.353427,0.375000,0.021573
831,0.568528,0.157319,0.575753,0.396635,0.375000,-0.021635
832,0.568526,0.566729,0.575967,0.752814,0.750000,-0.002814
833,0.567952,0.093081,0.575640,0.305093,-0.125000,0.180093
834,0.567986,0.595772,0.575877,0.771863,-0.625000,0.146863
835,0.567304,0.001108,0.575224,0.033280,0.000000,0.033280
836,0.566634,0.010577,0.574656,0.102844,-0.125000,-0.022156
837,0.565979,0.020592,0.574138,0.143500,0.125000,-0.018500
838,0.565353,0.044266,0.573702,0.210394,-0.250000,-0.039606
839,0.564676,0.000030,0.573022,0.005446,-0.125000,-0.119554
840,0.564215,0.179358,0.572843,0.423506,0.375000,-0.048506
841,0.564232,0.578162,0.573067,0.760369,-0.500000,0.260369
842,0.563564,0.004321,0.572462,0.065733,-0.125000,-0.059267
843,0.563152,0.218239,0.572336,0.467160,0.500000,0.032840
844,0.562657,0.147377,0.572112,0.383897,-0.125000,0.258897
845,0.562003,0.012302,0.571563,0.110916,0.375000,0.264084
846,0.561423,0.073310,0.571206,0.270758,-0.125000,0.145758
847,0.560889,0.111928,0.570925,0.334556,-0.125000,0.209556
848,0.560313,0.074623,0.570573,0.273173,0.250000,-0.023173
849,0.559754,0.087936,0.570248,0.296541,-0.250000,0.046541
850,0.559095,0.001928,0.569626,0.043905,0.125000,0.081095
851,0.561151,2.300974,0.570745,1.516896,1.125000,-0.391896
852,0.562035,1.310578,0.571421,1.144805,0.875000,-0.269805
853,0.563176,1.530968,0.572206,1.237323,1.250000,0.012677
854,0.562514,0.000175,0.571548,0.013210,0.000000,-0.013210
855,0.562412,0.475771,0.571687,0.689762,-0.750000,-0.060238
856,0.561773,0.018019,0.571174,0.134234,0.250000,0.115766
857,0.562623,1.287113,0.571834,1.134510,-1.250000,-0.115490
858,0.562088,0.105549,0.571545,0.324883,0.125000,-0.199883
859,0.561513,0.070452,0.571187,0.265427,0.125000,-0.140427
860,0.561114,0.219723,0.571067,0.468746,-0.375000,0.093746
861,0.560498,0.032991,0.570613,0.181634,0.000000,0.181634
862,0.559965,0.103036,0.570322,0.320992,-0.125000,0.195992
863,0.559658,0.296766,0.570292,0.544762,0.625000,0.080238
864,0.559766,0.652445,0.570568,0.807741,-0.875000,-0.067259
865,0.559116,0.000136,0.569919,0.011648,0.000000,-0.011648
866,0.558671,0.175731,0.569744,0.419203,0.500000,0.080797
867,0.558486,0.398418,0.569815,0.631204,1.000000,0.368796
868,0.559685,1.595163,0.570618,1.262998,-1.125000,0.137998
869,0.560110,0.927206,0.571071,0.962916,0.875000,-0.087916
870,0.560354,0.770802,0.571426,0.877954,-0.750000,0.127954
871,0.560340,0.548652,0.571621,0.740711,0.875000,0.134289
872,0.559789,0.081806,0.571292,0.286018,-0.250000,0.036018
873,0.559317,0.149739,0.571080,0.386961,0.250000,-0.136961
874,0.559011,0.293450,0.571046,0.541711,-0.375000,0.166711
875,0.558530,0.139595,0.570819,0.373624,-0.250000,0.123624
876,0.558174,0.248559,0.570736,0.498557,0.500000,0.001443
877,0.557544,0.007606,0.570183,0.087213,-0.125000,-0.037787
878,0.557093,0.163894,0.569993,0.404839,0.375000,-0.029839
879,0.556679,0.194426,0.569846,0.440937,-0.375000,0.065937
880,0.556044,0.000576,0.569223,0.024006,0.125000,0.149006
881,0.557693,2.002627,0.570187,1.415142,1.750000,0.334858
882,0.557118,0.052191,0.569798,0.228454,-0.500000,-0.271546
883,0.556527,0.038025,0.569372,0.195000,-0.250000,-0.055000
884,0.557690,1.579801,0.570153,1.256901,1.000000,-0.256901
885,0.557176,0.104974,0.569874,0.323997,0.375000,0.051003
886,0.556683,0.122062,0.569624,0.349373,-0.250000,0.099373
887,0.556081,0.025419,0.569159,0.159433,-0.375000,-0.215567
888,0.555795,0.303514,0.569138,0.550921,0.500000,-0.050921
889,0.555167,0.000062,0.568504,0.007843,0.000000,0.007843
890,0.555229,0.609604,0.568744,0.780771,0.625000,-0.155771
891,0.554646,0.037882,0.568322,0.194633,0.000000,0.194633
892,0.554188,0.148135,0.568115,0.384883,0.375000,-0.009883
893,0.553800,0.209252,0.567991,0.457440,-0.250000,0.207440
894,0.553356,0.159001,0.567801,0.398749,0.375000,-0.023749
895,0.553905,1.041975,0.568309,1.020772,-0.875000,0.145772
896,0.553298,0.012587,0.567798,0.112193,0.125000,0.012807
897,0.553099,0.375459,0.567848,0.612747,-0.500000,0.112747
898,0.552631,0.135138,0.567624,0.367611,-0.125000,0.242611
899,0.552095,0.072773,0.567291,0.269765,0.250000,-0.019765
900,0.551507,0.024914,0.566834,0.157843,0.375000,0.217157
901,0.550910,0.016327,0.566345,0.127777,0.125000,0.252777
902,0.550371,0.067221,0.566003,0.259271,0.000000,0.259271
903,0.550712,0.856805,0.566403,0.925637,-0.875000,0.050637
904,0.550509,0.367786,0.566447,0.606453,-0.750000,-0.143547
905,0.550021,0.110636,0.566188,0.332620,-0.125000,0.207620
906,0.549412,0.000721,0.565590,0.026854,0.000000,0.026854
907,0.549725,0.832266,0.565974,0.912286,-0.750000,0.162286
908,0.549224,0.096725,0.565692,0.311006,0.250000,-0.061006
909,0.548617,0.000393,0.565089,0.019830,0.000000,-0.019830
910,0.548821,0.732685,0.565410,0.855970,1.125000,0.269030
911,0.548217,0.001098,0.564823,0.033141,0.250000,0.216859
912,0.547710,0.088235,0.564528,0.297044,-0.500000,-0.202956
913,0.547538,0.390777,0.564595,0.625122,-0.750000,-0.124878
914,0.547234,0.271055,0.564546,0.520629,0.500000,-0.020629
915,0.546633,0.000046,0.563934,0.006797,0.125000,0.118203
916,0.546047,0.011830,0.563435,0.108766,-0.125000,-0.233766
917,0.545481,0.029791,0.563007,0.172601,-0.375000,-0.202399
918,0.545199,0.287351,0.562978,0.536052,0.500000,-0.036052
919,0.544924,0.294212,0.562955,0.542413,-0.250000,0.292413
920,0.544446,0.106401,0.562697,0.326192,0.375000,0.048808
921,0.543987,0.123380,0.562466,0.351255,-0.375000,-0.023745
922,0.543988,0.544970,0.562657,0.738221,-0.875000,-0.136779
923,0.543425,0.027131,0.562224,0.164715,-0.250000,-0.085285
924,0.542986,0.139332,0.562019,0.373271,0.250000,-0.123271
925,0.542398,0.001722,0.561454,0.041494,0.000000,-0.041494
926,0.542105,0.271786,0.561410,0.521331,0.500000,-0.021331
927,0.541690,0.159135,0.561234,0.398917,-0.500000,-0.101083
928,0.541108,0.004441,0.560699,0.066642,0.000000,0.066642
929,0.540577,0.049727,0.560334,0.222995,-0.125000,0.097995
930,0.540008,0.013599,0.559855,0.116615,0.125000,0.008385
931,0.540089,0.615172,0.560097,0.784329,-0.625000,0.159329
932,0.539810,0.280914,0.560065,0.530013,0.500000,-0.030013
933,0.539264,0.032376,0.559655,0.179934,-0.250000,-0.070066
934,0.538907,0.207285,0.559543,0.455285,0.375000,-0.080285
935,0.538572,0.227160,0.559454,0.476613,-0.500000,-0.023387
936,0.539345,1.258838,0.560058,1.121979,-1.125000,-0.003021
937,0.539123,0.332906,0.560076,0.576980,0.500000,-0.076980
938,0.539032,0.453959,0.560197,0.673765,-0.625000,0.048765
939,0.538675,0.205363,0.560083,0.453169,-0.125000,0.328169