# TEST CONFIGURATION BEGIN
# File Stream: filename: air_company_stock9.csv  -  n_targets: 1
# [air_company_stock9_ADE_HETERO_ABSTAIN_SIZE_12] Pipeline: Array BaseStreamModel: base_models: [<skmultiflow.lazy.knn_forecast.KNNForecast object at 0x7f227a8db748>, <skmultiflow.lazy.knn_forecast.KNNForecast object at 0x7f227a8db6d8>, <skmultiflow.lazy.knn_forecast.KNNForecast object at 0x7f227a8db668>, <skmultiflow.lazy.knn_forecast.KNNForecast object at 0x7f227a8db5f8>, <skmultiflow.lazy.knn_forecast.KNNForecast object at 0x7f227a8db588>, <skmultiflow.lazy.knn_forecast.KNNForecast object at 0x7f227b30bd68>, <skmultiflow.trees.regression_hoeffding_tree.RegressionHoeffdingTree object at 0x7f227ac48400>, <skmultiflow.trees.regression_hoeffding_tree.RegressionHoeffdingTree object at 0x7f227ac483c8>, <skmultiflow.trees.regression_hoeffding_tree.RegressionHoeffdingTree object at 0x7f227ac48390>, <skmultiflow.trees.regression_hoeffding_adaptive_tree.RegressionHAT object at 0x7f227a4ba668>, <skmultiflow.trees.regression_hoeffding_adaptive_tree.RegressionHAT object at 0x7f227a4ba6a0>, <skmultiflow.trees.regression_hoeffding_adaptive_tree.RegressionHAT object at 0x7f227a4ba6d8>]
 Array BaseStreamModel: base_models: [<skmultiflow.lazy.knn_forecast.KNNForecast object at 0x7f227a8db748>, <skmultiflow.lazy.knn_forecast.KNNForecast object at 0x7f227a8db6d8>, <skmultiflow.lazy.knn_forecast.KNNForecast object at 0x7f227a8db668>, <skmultiflow.lazy.knn_forecast.KNNForecast object at 0x7f227a8db5f8>, <skmultiflow.lazy.knn_forecast.KNNForecast object at 0x7f227a8db588>, <skmultiflow.lazy.knn_forecast.KNNForecast object at 0x7f227b30bd68>, <skmultiflow.trees.regression_hoeffding_tree.RegressionHoeffdingTree object at 0x7f227ac48400>, <skmultiflow.trees.regression_hoeffding_tree.RegressionHoeffdingTree object at 0x7f227ac483c8>, <skmultiflow.trees.regression_hoeffding_tree.RegressionHoeffdingTree object at 0x7f227ac48390>, <skmultiflow.trees.regression_hoeffding_adaptive_tree.RegressionHAT object at 0x7f227a4ba668>, <skmultiflow.trees.regression_hoeffding_adaptive_tree.RegressionHAT object at 0x7f227a4ba6a0>, <skmultiflow.trees.regression_hoeffding_adaptive_tree.RegressionHAT object at 0x7f227a4ba6d8>]
# Prequential Evaluator: n_wait: 1 - max_samples: 600000 - max_time: 10000000 - output_file: air_company_stock9_ADE_HETERO_ABSTAIN_SIZE_12_SIZE_12 - batch_size: 1 - pretrain_size: 5 - task_type: regression - show_plot: False - metrics: ['mean_square_error', 'mean_absolute_error', 'true_vs_predicted']
# TEST CONFIGURATION END
id,global_mse_[air_company_stock9_ADE_HETERO_ABSTAIN_SIZE_12],sliding_mse_[air_company_stock9_ADE_HETERO_ABSTAIN_SIZE_12],global_mae_[air_company_stock9_ADE_HETERO_ABSTAIN_SIZE_12],sliding_mae_[air_company_stock9_ADE_HETERO_ABSTAIN_SIZE_12],true_value_[air_company_stock9_ADE_HETERO_ABSTAIN_SIZE_12],predicted_value_[air_company_stock9_ADE_HETERO_ABSTAIN_SIZE_12]
5,1.914205,1.914205,1.383548,1.383548,1.125000,-0.258548
6,1.072057,0.229909,0.931518,0.479488,-0.875000,-0.395512
7,1.594278,2.638721,1.162483,1.624414,0.625000,-0.999414
8,1.230641,0.139729,0.965314,0.373804,0.250000,-0.123804
9,0.987758,0.016228,0.797729,0.127390,0.250000,0.122610
10,0.823235,0.000616,0.668909,0.024810,-0.250000,-0.225190
11,0.706868,0.008670,0.586652,0.093112,-0.125000,-0.218112
12,0.772477,1.231740,0.652051,1.109838,-1.125000,-0.015162
13,0.687317,0.006036,0.588233,0.077691,-0.250000,-0.327691
14,0.779633,1.610475,0.656314,1.269045,-1.500000,-0.230955
15,0.742821,0.374703,0.652297,0.612130,-1.500000,-0.887870
16,1.324712,7.725507,0.829563,2.779480,1.500000,-1.279480
17,1.430552,2.700639,0.892162,1.643362,0.750000,-0.893362
18,1.329830,0.020447,0.838650,0.142994,0.250000,0.392994
19,1.286855,0.685200,0.837925,0.827768,0.250000,-0.577768
20,1.228281,0.349663,0.822512,0.591323,-0.125000,0.466323
21,1.174898,0.320784,0.807446,0.566378,0.625000,0.058622
22,1.118114,0.152786,0.784303,0.390879,0.000000,-0.390879
23,1.069749,0.199171,0.766513,0.446286,-0.375000,-0.821286
24,1.140889,2.492545,0.807126,1.578779,0.875000,-0.703779
25,1.088556,0.041897,0.778439,0.204688,-0.250000,-0.454688
26,1.071270,0.708261,0.781309,0.841582,0.500000,-0.341582
27,1.076941,1.201717,0.795001,1.096229,0.625000,-0.471229
28,1.046552,0.347592,0.786441,0.589569,0.375000,-0.214569
29,1.018009,0.332978,0.778065,0.577042,0.375000,-0.202042
30,0.997001,0.471804,0.774558,0.686880,-0.875000,-0.188120
31,1.031003,1.915065,0.797125,1.383859,-1.250000,0.133859
32,1.044834,1.418255,0.811188,1.190905,0.625000,-0.565905
33,1.019601,0.313071,0.802510,0.559527,0.250000,-0.309527
34,0.986326,0.021378,0.780634,0.146211,0.000000,0.146211
35,0.961722,0.223591,0.770705,0.472854,0.875000,0.402146
36,0.937455,0.185184,0.760069,0.430330,0.625000,1.055330
37,0.912269,0.106304,0.746916,0.326043,0.125000,0.451043
38,0.887643,0.074993,0.733003,0.273848,-0.250000,0.023848
39,0.869301,0.245655,0.726221,0.495636,0.625000,0.129364
40,0.846749,0.057430,0.712705,0.239646,0.125000,-0.114646
41,0.846421,0.834622,0.718134,0.913577,0.750000,-0.163577
42,0.842349,0.691676,0.721122,0.831671,0.625000,-0.206671
43,0.837136,0.639076,0.723129,0.799422,0.875000,0.075578
44,0.831484,0.611034,0.724593,0.781687,-0.750000,0.031687
45,0.817805,0.270658,0.719609,0.520248,-1.250000,-0.729752
46,0.814476,0.677974,0.722080,0.823392,0.000000,-0.823392
47,0.795672,0.005897,0.707073,0.076792,-0.500000,-0.576792
48,0.780531,0.129462,0.699181,0.359809,-0.125000,0.234809
49,0.786746,1.060205,0.706525,1.029663,-0.875000,0.154663
50,0.775532,0.270908,0.702481,0.520488,0.750000,0.229512
51,0.764465,0.255397,0.698287,0.505368,-0.250000,0.255368
52,0.788659,1.925780,0.712650,1.387725,-0.750000,0.637725
53,0.773546,0.048107,0.702582,0.219333,-0.500000,-0.280667
54,0.758524,0.022479,0.691529,0.149928,-0.250000,-0.100072
55,0.743921,0.013773,0.680271,0.117357,0.250000,0.367357
56,0.734113,0.233866,0.676489,0.483597,-0.250000,0.233597
57,0.720268,0.000316,0.664060,0.017763,0.125000,0.142763
58,0.707956,0.055453,0.656124,0.235484,-0.125000,0.110484
59,0.699383,0.236430,0.653035,0.486240,-0.375000,0.111240
60,0.688026,0.063409,0.645870,0.251812,0.000000,-0.251812
61,0.812656,7.791929,0.683511,2.791403,-2.875000,-0.083597
62,0.934341,7.870378,0.720096,2.805419,-0.125000,-2.930419
63,0.918622,0.006910,0.709300,0.083129,-0.375000,-0.291871
64,0.927931,1.477188,0.717735,1.215396,-0.500000,0.715396
65,0.918576,0.357243,0.715767,0.597698,0.000000,0.597698
66,0.906851,0.191641,0.711283,0.437768,0.000000,0.437768
67,0.895560,0.195533,0.707012,0.442191,0.125000,0.567191
68,0.881616,0.003124,0.696838,0.055891,-0.375000,-0.319109
69,0.892524,1.590615,0.705520,1.261196,-0.875000,0.386196
70,0.884143,0.339391,0.703657,0.582573,0.375000,-0.207573
71,0.874040,0.207289,0.699950,0.455290,-0.500000,-0.044710
72,0.862023,0.056847,0.693163,0.238426,0.250000,0.011574
73,0.863565,0.968446,0.697380,0.984097,0.750000,-0.234097
74,0.852170,0.065876,0.691084,0.256664,0.375000,0.118336
75,0.840328,0.011400,0.682854,0.106773,-0.125000,-0.018227
76,0.831236,0.185686,0.679355,0.430913,-0.750000,-0.319087
77,0.819929,0.005851,0.671096,0.076495,-0.500000,-0.423505
78,0.809408,0.041341,0.664775,0.203326,-0.750000,-0.546674
79,0.833259,2.598285,0.677404,1.611920,0.875000,-0.736920
80,0.823254,0.072829,0.672042,0.269868,-0.125000,-0.394868
81,0.812563,0.000074,0.663426,0.008610,0.000000,0.008610
82,0.829563,2.138584,0.673669,1.462390,1.250000,-0.212390
83,0.819085,0.001754,0.665671,0.041878,0.250000,0.208122
84,0.808918,0.005736,0.658297,0.075737,0.125000,0.049263
85,0.799779,0.068687,0.653406,0.262082,-0.125000,-0.387082
86,0.790305,0.022917,0.647283,0.151384,0.000000,-0.151384
87,0.781665,0.073205,0.642745,0.270565,0.250000,-0.020565
88,0.772709,0.029331,0.637132,0.171263,0.000000,-0.171263
89,0.765097,0.125666,0.633807,0.354494,0.125000,-0.229494
90,0.757704,0.129319,0.630618,0.359610,0.125000,-0.234610
91,0.754256,0.457749,0.631146,0.676571,0.250000,-0.426571
92,0.745918,0.020529,0.625603,0.143281,-0.250000,-0.393281
93,0.765550,2.493101,0.636314,1.578956,1.000000,-0.578956
94,0.777007,1.796675,0.644138,1.340401,1.000000,-0.340401
95,0.773252,0.435364,0.644310,0.659821,-0.375000,0.284821
96,0.764851,0.000303,0.637496,0.017419,0.125000,0.142419
97,0.759201,0.239389,0.635902,0.489274,-0.250000,0.239274
98,0.760165,0.849821,0.638944,0.921857,-0.625000,0.296857
99,0.784109,3.034862,0.650556,1.742086,1.875000,0.132914
100,0.776886,0.090671,0.646916,0.301116,0.125000,0.426116
101,0.777785,0.864181,0.649831,0.929613,-0.625000,0.304613
102,0.777602,0.759842,0.652094,0.871689,-1.000000,-0.128311
103,0.781240,1.137762,0.656282,1.066659,1.000000,-0.066659
104,0.773810,0.038202,0.651674,0.195454,0.125000,0.320454
105,0.768998,0.287802,0.650533,0.536472,0.500000,-0.036472
106,0.764912,0.352209,0.649974,0.593472,0.625000,0.031528
107,0.763508,0.620284,0.651310,0.787581,-0.875000,-0.087419
108,0.764930,0.911457,0.654227,0.954702,0.625000,-0.329702
109,0.761208,0.374048,0.653821,0.611595,0.500000,-0.111595
110,0.754640,0.065059,0.650059,0.255066,0.125000,-0.130066
111,0.749737,0.230037,0.648466,0.479622,0.125000,-0.354622
112,0.751691,0.960761,0.651538,0.980184,-1.000000,-0.019816
113,0.744881,0.009418,0.646451,0.097046,0.125000,0.027954
114,0.741157,0.335212,0.645837,0.578975,-0.625000,-0.046025
115,0.749875,1.708820,0.651796,1.307219,1.500000,0.192781
116,0.750151,0.780814,0.653866,0.883637,-1.000000,-0.116363
117,0.743556,0.004928,0.648700,0.070202,-0.125000,-0.054798
118,0.750085,1.487824,0.653710,1.219764,-1.500000,-0.280236
119,0.744786,0.140684,0.651287,0.375079,-0.375000,0.000079
120,0.739526,0.134672,0.648836,0.366976,0.375000,0.008024
121,0.746549,1.561239,0.653970,1.249496,1.125000,-0.124496
122,0.740410,0.022127,0.649688,0.148753,0.375000,0.523753
123,0.736555,0.281619,0.648688,0.530678,0.750000,0.219322
124,0.730449,0.003894,0.643802,0.062405,0.125000,0.187405
125,0.725194,0.094563,0.641023,0.307511,0.250000,-0.057511
126,0.739510,2.471695,0.648655,1.572163,-1.750000,-0.177837
127,0.735756,0.277810,0.647667,0.527076,-0.875000,-0.347924
128,0.734325,0.558382,0.648470,0.747249,0.375000,-0.372249
129,0.734694,0.780398,0.650350,0.883401,-0.625000,0.258401
130,0.751648,2.870865,0.658635,1.694363,-1.125000,0.569363
131,0.748634,0.368930,0.658232,0.607396,0.500000,-0.107396
132,0.745843,0.391375,0.657977,0.625599,-0.250000,0.375599
133,0.741468,0.181440,0.656178,0.425958,0.000000,0.425958
134,0.735765,0.000046,0.651183,0.006755,0.250000,0.243245
135,0.743441,1.741388,0.656285,1.319617,1.625000,0.305383
136,0.738130,0.042349,0.652872,0.205789,0.375000,0.169211
137,0.735729,0.418809,0.652829,0.647154,-0.750000,-0.102846
138,0.730431,0.025844,0.649157,0.160762,-0.500000,-0.339238
139,0.726290,0.171344,0.647415,0.413937,-0.625000,-0.211063
140,0.721396,0.060695,0.644466,0.246363,-0.250000,-0.003637
141,0.718756,0.359800,0.644140,0.599833,-0.750000,-0.150167
142,0.714833,0.177343,0.642524,0.421121,-0.625000,-0.203879
143,0.711451,0.244752,0.641461,0.494724,-0.875000,-0.380276
144,0.706642,0.038088,0.638273,0.195160,0.000000,0.195160
145,0.702401,0.108722,0.636085,0.329730,-0.375000,-0.045270
146,0.724369,3.821805,0.645373,1.954944,-1.750000,0.204944
147,0.729698,1.486446,0.649385,1.219199,0.750000,-0.469199
148,0.727412,0.400596,0.649271,0.632926,0.000000,-0.632926
149,0.723310,0.132623,0.647305,0.364175,-0.250000,0.114175
150,0.718581,0.032792,0.644112,0.181086,-0.375000,-0.193914
151,0.714182,0.071997,0.641555,0.268323,-0.375000,-0.106677
152,0.709364,0.001047,0.637439,0.032352,0.250000,0.282352
153,0.706503,0.283105,0.636732,0.532076,0.750000,0.217924
154,0.701927,0.020079,0.633432,0.141702,0.375000,0.233298
155,0.697316,0.005642,0.629734,0.075111,0.000000,-0.075111
156,0.700038,1.111117,0.632526,1.054095,0.625000,-0.429095
157,0.696730,0.193877,0.631270,0.440315,-0.750000,-0.309685
158,0.696867,0.717884,0.632672,0.847280,0.250000,-0.597280
159,0.693055,0.105929,0.630690,0.325468,0.000000,-0.325468
160,0.688662,0.007743,0.627212,0.087994,-0.125000,-0.212994
161,0.684773,0.078099,0.624997,0.279462,-0.250000,0.029462
162,0.680443,0.000702,0.621209,0.026498,-0.250000,-0.223502
163,0.678075,0.303861,0.620769,0.551236,0.500000,-0.051236
164,0.677051,0.514321,0.621371,0.717162,0.625000,-0.092162
165,0.673509,0.106721,0.619541,0.326681,0.000000,0.326681
166,0.669428,0.012391,0.616403,0.111313,0.000000,-0.111313
167,0.674013,1.416793,0.619924,1.190291,1.000000,-0.190291
168,0.670261,0.058684,0.617621,0.242247,-0.250000,-0.007753
169,0.668057,0.306609,0.617234,0.553723,0.375000,-0.178723
170,0.664517,0.080458,0.615224,0.283651,-0.500000,-0.216349
171,0.661661,0.187529,0.614134,0.433046,0.250000,-0.183046
172,0.658331,0.102274,0.612382,0.319802,0.125000,-0.194802
173,0.655413,0.165185,0.611163,0.406430,0.125000,-0.281430
174,0.653266,0.290430,0.610738,0.538916,0.375000,-0.163916
175,0.649599,0.026194,0.608113,0.161845,0.000000,-0.161845
176,0.645853,0.005320,0.605001,0.072941,0.000000,-0.072941
177,0.642436,0.054549,0.602854,0.233556,0.000000,-0.233556
178,0.638775,0.005521,0.599817,0.074305,0.125000,0.050695
179,0.635576,0.079011,0.597995,0.281088,0.250000,-0.031088
180,0.641129,1.612795,0.601813,1.269959,1.375000,0.105041
181,0.637526,0.003459,0.598746,0.058810,-0.250000,-0.308810
182,0.635048,0.196436,0.597872,0.443211,0.625000,0.181789
183,0.631730,0.041135,0.595665,0.202818,0.125000,0.327818
184,0.631760,0.637102,0.596790,0.798187,1.125000,0.326813
185,0.634647,1.154333,0.599429,1.074399,-0.875000,0.199399
186,0.631574,0.075387,0.597644,0.274567,-0.250000,0.024567
187,0.632499,0.800762,0.599268,0.894853,-0.875000,0.019853
188,0.629296,0.043115,0.597139,0.207642,0.250000,0.042358
189,0.626118,0.041454,0.595012,0.203603,0.000000,0.203603
190,0.627933,0.963655,0.597091,0.981659,1.125000,0.143341
191,0.649125,4.590854,0.605356,2.142628,-1.750000,0.392628
192,0.645733,0.011374,0.602703,0.106647,-0.250000,-0.356647
193,0.646994,0.884141,0.604489,0.940288,0.750000,-0.190288
194,0.643767,0.033902,0.602277,0.184125,0.250000,0.434125
195,0.648347,1.518506,0.605575,1.232277,-1.000000,0.232277
196,0.644992,0.004274,0.602762,0.065379,0.125000,0.190379
197,0.644522,0.554243,0.603496,0.744475,-0.375000,0.369475
198,0.644219,0.585652,0.604330,0.765279,-0.625000,0.140279
199,0.641030,0.022394,0.601998,0.149648,-0.125000,0.024648
200,0.637766,0.001222,0.599105,0.034964,0.000000,0.034964
201,0.636018,0.293478,0.598814,0.541736,0.875000,0.333264
202,0.636758,0.782513,0.600257,0.884598,-0.625000,0.259598
203,0.633878,0.063612,0.598508,0.252214,-0.250000,0.002214
204,0.635258,0.909873,0.600285,0.953873,-1.000000,-0.046127
205,0.634917,0.566721,0.601044,0.752808,-0.750000,0.002808
206,0.637884,1.234259,0.603568,1.110972,0.750000,-0.360972
207,0.635189,0.090787,0.602079,0.301309,-0.250000,0.051309
208,0.632783,0.144430,0.600991,0.380040,-0.250000,0.130040
209,0.644970,3.131099,0.606691,1.769491,-1.750000,0.019491
210,0.642779,0.193671,0.605882,0.440080,0.375000,-0.065080
211,0.639689,0.003163,0.603227,0.056239,0.125000,0.068761
212,0.636890,0.057340,0.601478,0.239457,0.000000,0.239457
213,0.633855,0.002597,0.598844,0.050964,0.375000,0.324036
214,0.631402,0.118773,0.597633,0.344634,0.125000,0.469634
215,0.628682,0.057517,0.595938,0.239826,0.625000,0.385174
216,0.626264,0.116104,0.594734,0.340740,-0.250000,0.090740
217,0.625942,0.557603,0.595448,0.746728,-0.750000,-0.003272
218,0.623151,0.028697,0.593457,0.169402,-0.125000,-0.294402
219,0.621932,0.361136,0.593491,0.600946,0.500000,-0.100946
220,0.619241,0.040509,0.591676,0.201269,0.375000,0.173731
221,0.616773,0.083743,0.590283,0.289385,0.125000,-0.164385
222,0.614171,0.049538,0.588596,0.222571,0.000000,-0.222571
223,0.612082,0.156671,0.587716,0.395817,-0.625000,-0.229183
224,0.611070,0.389542,0.587881,0.624133,0.375000,-0.249133
225,0.609723,0.313368,0.587754,0.559793,0.750000,0.190207
226,0.607052,0.016709,0.585689,0.129263,0.250000,0.120737
227,0.604367,0.008312,0.583471,0.091170,-0.125000,-0.216170
228,0.604701,0.679267,0.584546,0.824177,-0.750000,0.074177
229,0.602102,0.019793,0.582573,0.140688,-0.125000,-0.265688
230,0.600046,0.137573,0.581636,0.370908,-0.500000,-0.129092
231,0.598309,0.205614,0.581072,0.453446,0.375000,-0.078446
232,0.599992,0.982036,0.582870,0.990977,0.750000,-0.240977
233,0.602788,1.240346,0.585188,1.113708,1.125000,0.011292
234,0.600304,0.031502,0.583415,0.177487,-0.375000,-0.197513
235,0.599147,0.332988,0.583388,0.577051,-1.125000,-0.547949
236,0.596572,0.001643,0.581048,0.040536,-0.625000,-0.665536
237,0.594311,0.069926,0.579689,0.264436,-0.625000,-0.360564
238,0.592746,0.228094,0.579252,0.477592,0.375000,-0.102592
239,0.590329,0.024669,0.577456,0.157064,-0.250000,-0.407064
240,0.588463,0.149999,0.576650,0.387297,0.125000,-0.262297
241,0.587669,0.400354,0.576887,0.632736,0.500000,-0.132736
242,0.585778,0.137418,0.576020,0.370699,-0.125000,0.245699
243,0.583347,0.004965,0.573905,0.070464,-0.125000,-0.054536
244,0.581677,0.182526,0.573294,0.427230,0.750000,0.322770
245,0.579908,0.155362,0.572551,0.394160,0.000000,0.394160
246,0.577514,0.000516,0.570279,0.022722,0.125000,0.147722
247,0.576434,0.315117,0.570242,0.561353,0.625000,0.063647
248,0.579772,1.390938,0.572738,1.179380,-1.000000,0.179380
249,0.579854,0.599765,0.573562,0.774445,0.500000,-0.274445
250,0.577685,0.046212,0.572104,0.214969,-0.250000,-0.035031
251,0.575363,0.004194,0.570050,0.064764,0.250000,0.185236
252,0.575117,0.514311,0.570643,0.717155,-0.750000,-0.032845
253,0.574129,0.329256,0.570656,0.573808,0.625000,0.051192
254,0.572383,0.137606,0.569857,0.370953,0.125000,-0.245953
255,0.570179,0.019112,0.568138,0.138247,0.250000,0.111753
256,0.568281,0.091945,0.567086,0.303224,-0.250000,0.053224
257,0.566940,0.228959,0.566736,0.478496,0.375000,-0.103496
258,0.567288,0.655397,0.567692,0.809566,0.750000,-0.059566
259,0.565504,0.112191,0.566779,0.334949,0.375000,0.040051
260,0.563317,0.005624,0.564858,0.074990,0.000000,-0.074990
261,0.561330,0.052659,0.563553,0.229475,0.125000,-0.104475
262,0.559239,0.021942,0.561943,0.148127,0.250000,0.101873
263,0.557273,0.050174,0.560638,0.223994,0.125000,0.348994
264,0.555532,0.104548,0.559726,0.323340,-0.125000,0.198340
265,0.553826,0.110262,0.558853,0.332058,0.000000,-0.332058
266,0.553962,0.589462,0.559651,0.767764,0.250000,-0.517764
267,0.552985,0.296905,0.559595,0.544890,0.500000,-0.044890
268,0.553504,0.690002,0.560621,0.830663,0.750000,-0.080663
269,0.554955,0.938042,0.562161,0.968526,-1.125000,-0.156474
270,0.567322,3.844481,0.567418,1.960735,0.750000,-1.210735
271,0.565619,0.112858,0.566552,0.335944,-0.500000,-0.164056
272,0.563647,0.036878,0.565154,0.192038,0.250000,0.057962
273,0.561587,0.009536,0.563416,0.097653,-0.125000,-0.222653
274,0.560198,0.186570,0.562929,0.431938,-0.125000,0.306938
275,0.558771,0.173584,0.562389,0.416634,-0.125000,0.291634
276,0.558720,0.544842,0.563036,0.738134,0.750000,0.011866
277,0.557181,0.138681,0.562337,0.372399,-0.250000,0.122399
278,0.555743,0.163199,0.561759,0.403979,-0.250000,0.153979
279,0.553870,0.040563,0.560449,0.201403,0.125000,-0.076403
280,0.552480,0.170347,0.559914,0.412731,-0.375000,0.037731
281,0.551816,0.368528,0.560084,0.607065,-0.500000,0.107065
282,0.550389,0.154912,0.559485,0.393589,0.375000,-0.018589
283,0.549095,0.189593,0.559040,0.435423,-0.250000,0.185423
284,0.547134,0.000026,0.557062,0.005090,0.250000,0.255090
285,0.545449,0.073638,0.556045,0.271364,0.250000,-0.021364
286,0.543588,0.020648,0.554583,0.143694,0.375000,0.231306
287,0.542515,0.239918,0.554354,0.489814,-0.125000,0.364814
288,0.541173,0.161213,0.553816,0.401514,-0.125000,0.276514
289,0.539772,0.142027,0.553195,0.376865,-0.375000,0.001865
290,0.538144,0.074080,0.552212,0.272177,-0.125000,0.147177
291,0.538275,0.575715,0.552932,0.758759,0.500000,-0.258759
292,0.536778,0.107084,0.552148,0.327237,-0.250000,0.077237
293,0.534993,0.021000,0.550739,0.144913,0.000000,0.144913
294,0.533690,0.157108,0.550207,0.396368,0.375000,-0.021368
295,0.538055,1.804010,0.552932,1.343134,-1.125000,0.218134
296,0.536270,0.016701,0.551481,0.129234,-0.125000,-0.254234
297,0.534612,0.050616,0.550367,0.224980,-0.250000,-0.025020
298,0.533457,0.194992,0.549997,0.441579,-0.250000,0.191579
299,0.533581,0.570030,0.550691,0.755003,-0.750000,0.005003
300,0.534363,0.764985,0.551786,0.874634,0.625000,-0.249634
301,0.533148,0.173433,0.551330,0.416453,0.375000,-0.041453
302,0.531359,0.000250,0.549533,0.015821,0.250000,0.265821
303,0.529715,0.039664,0.548361,0.199158,0.125000,-0.074158
304,0.528373,0.127219,0.547722,0.356678,0.375000,0.018322
305,0.527248,0.189729,0.547350,0.435579,0.625000,0.189421
306,0.525650,0.044680,0.546237,0.211376,0.000000,0.211376
307,0.524101,0.056102,0.545216,0.236859,-0.250000,-0.013141
308,0.522383,0.001890,0.543566,0.043476,-0.125000,-0.081524
309,0.520672,0.000579,0.541863,0.024053,-0.250000,-0.274053
310,0.519035,0.019726,0.540551,0.140451,-0.375000,-0.234549
311,0.518549,0.369853,0.540771,0.608155,0.250000,-0.358155
312,0.517788,0.284124,0.540746,0.533032,0.375000,-0.158032
313,0.516962,0.262614,0.540654,0.512458,-0.375000,0.137458
314,0.517257,0.608352,0.541426,0.779969,0.875000,0.095031
315,0.515969,0.116853,0.540784,0.341838,-0.250000,0.091838
316,0.514689,0.116502,0.540145,0.341324,-0.125000,0.216324
317,0.513186,0.044360,0.539092,0.210618,0.125000,-0.085618
318,0.511720,0.052708,0.538107,0.229583,-0.125000,0.104583
319,0.510326,0.072649,0.537254,0.269535,0.250000,-0.019535
320,0.508921,0.066391,0.536369,0.257665,0.125000,-0.132665
321,0.507320,0.001203,0.534787,0.034683,0.000000,0.034683
322,0.505725,0.000190,0.533148,0.013787,0.000000,0.013787
323,0.504658,0.165548,0.532752,0.406876,-0.125000,0.281876
324,0.503345,0.084330,0.531995,0.290397,-0.250000,0.040397
325,0.501863,0.027559,0.530855,0.166010,-0.125000,0.041010
326,0.500581,0.089262,0.530134,0.298767,-0.625000,-0.326233
327,0.502773,1.208347,0.531896,1.099248,0.125000,-0.974248
328,0.502094,0.282884,0.531896,0.531868,0.500000,-0.031868
329,0.500731,0.059203,0.531008,0.243316,0.000000,0.243316
330,0.501797,0.848111,0.532204,0.920929,-0.875000,0.045929
331,0.501042,0.254917,0.532121,0.504893,-0.625000,-0.120107
332,0.499640,0.041404,0.531119,0.203480,-0.375000,-0.171520
333,0.498163,0.013603,0.529859,0.116630,0.000000,0.116630
334,0.497775,0.370137,0.530097,0.608389,0.625000,0.016611
335,0.496811,0.178728,0.529773,0.422763,0.500000,0.077237
336,0.495679,0.121062,0.529225,0.347939,-0.250000,0.097939
337,0.494732,0.180162,0.528910,0.424455,0.250000,-0.174455
338,0.493721,0.157080,0.528513,0.396333,0.250000,-0.146333
339,0.493926,0.562261,0.529174,0.749841,0.750000,0.000159
340,0.493466,0.339566,0.529333,0.582723,0.625000,0.042277
341,0.492020,0.006215,0.527997,0.078837,0.125000,0.203837
342,0.491003,0.148200,0.527573,0.384967,0.500000,0.115033
343,0.490836,0.434340,0.527961,0.659045,-0.500000,0.159045
344,0.489420,0.009536,0.526696,0.097654,0.125000,0.027346
345,0.492352,1.488964,0.528729,1.220231,-1.125000,0.095231
346,0.492619,0.583881,0.529418,0.764121,0.750000,-0.014121
347,0.491759,0.197700,0.529171,0.444635,-0.500000,-0.055365
348,0.492387,0.707621,0.530078,0.841202,1.000000,0.158798
349,0.492685,0.595326,0.530778,0.771574,-0.875000,-0.103426
350,0.491642,0.131855,0.530293,0.363119,-0.250000,0.113119
351,0.490838,0.212451,0.530093,0.460924,0.250000,-0.210924
352,0.489572,0.050308,0.529214,0.224295,0.250000,0.025705
353,0.488299,0.045407,0.528309,0.213089,-0.125000,0.088089
354,0.487351,0.156479,0.527929,0.395574,0.250000,-0.145574
355,0.485984,0.007354,0.526670,0.085757,0.000000,-0.085757
356,0.484705,0.035841,0.525711,0.189317,0.000000,-0.189317
357,0.483348,0.005842,0.524439,0.076432,-0.125000,-0.048568
358,0.481999,0.005813,0.523172,0.076243,-0.125000,-0.048757
359,0.480792,0.053535,0.522350,0.231376,-0.125000,0.106376
360,0.479455,0.004687,0.521076,0.068465,0.000000,-0.068465
361,0.478131,0.006743,0.519846,0.082115,-0.125000,-0.042885
362,0.477002,0.074004,0.519154,0.272036,0.125000,-0.147036
363,0.478490,1.011177,0.520509,1.005573,1.000000,-0.005573
364,0.478373,0.436373,0.520898,0.660586,-0.875000,-0.214414
365,0.477113,0.023465,0.519879,0.153182,-0.250000,-0.096818
366,0.476402,0.219613,0.519738,0.468629,-0.125000,-0.593629
367,0.477969,1.045464,0.521123,1.022479,-1.000000,0.022479
368,0.478036,0.502153,0.521638,0.708627,-0.875000,-0.166373
369,0.480051,1.213717,0.523227,1.101688,0.750000,-0.351688
370,0.480043,0.477179,0.523685,0.690781,1.000000,0.309219
371,0.480509,0.650734,0.524456,0.806681,1.000000,0.193319
372,0.480277,0.395215,0.524739,0.628661,0.625000,-0.003661
373,0.478980,0.001741,0.523430,0.041720,0.000000,0.041720
374,0.477782,0.035751,0.522526,0.189079,0.000000,-0.189079
375,0.476572,0.028929,0.521576,0.170086,-0.250000,-0.079914
376,0.476382,0.405708,0.521886,0.636952,0.750000,0.113048
377,0.478637,1.317505,0.523565,1.147826,1.125000,-0.022826
378,0.477545,0.070535,0.522875,0.265584,-0.125000,0.140584
379,0.476273,0.000525,0.521542,0.022921,-0.250000,-0.227079
380,0.480490,2.061548,0.523973,1.435809,1.000000,-0.435809
381,0.479847,0.238372,0.523878,0.488234,-0.375000,0.113234
382,0.479705,0.426154,0.524219,0.652805,0.375000,-0.277805
383,0.478464,0.009194,0.523089,0.095885,-0.125000,-0.220885
384,0.477381,0.067134,0.522395,0.259103,-0.125000,0.134103
385,0.476275,0.055699,0.521643,0.236007,0.125000,-0.111007
386,0.475066,0.014548,0.520593,0.120615,-0.125000,-0.004385
387,0.473854,0.010735,0.519504,0.103609,0.000000,-0.103609
388,0.472660,0.015486,0.518476,0.124442,0.250000,0.125558
389,0.471514,0.031334,0.517589,0.177013,0.125000,-0.052013
390,0.470647,0.137175,0.517207,0.370371,-0.125000,0.245371
391,0.469696,0.102476,0.516698,0.320119,-0.250000,0.070119
392,0.469958,0.571376,0.517314,0.755894,0.625000,-0.130894
393,0.468754,0.001422,0.516081,0.037706,0.000000,0.037706
394,0.467565,0.005286,0.514945,0.072708,0.125000,0.197708
395,0.467048,0.265200,0.514945,0.514976,-0.625000,-0.110024
396,0.465871,0.005874,0.513827,0.076642,0.000000,-0.076642
397,0.464739,0.020810,0.512886,0.144258,-0.250000,-0.394258
398,0.463801,0.095396,0.512368,0.308862,-0.750000,-0.441138
399,0.463514,0.350122,0.512569,0.591711,0.375000,-0.216711
400,0.462424,0.032128,0.511728,0.179242,0.125000,0.304242
401,0.461641,0.151349,0.511418,0.389035,0.000000,0.389035
402,0.460885,0.161051,0.511142,0.401311,0.000000,0.401311
403,0.460470,0.295111,0.511222,0.543241,-0.250000,0.293241
404,0.459652,0.133309,0.510857,0.365115,-0.250000,0.115115
405,0.458514,0.003093,0.509722,0.055612,0.125000,0.069388
406,0.457559,0.074652,0.509133,0.273225,0.500000,0.226775
407,0.456429,0.002509,0.507994,0.050088,0.125000,0.074912
408,0.455301,0.000472,0.506791,0.021724,0.000000,0.021724
409,0.454177,0.000012,0.505548,0.003423,-0.125000,-0.128423
410,0.453061,0.001060,0.504383,0.032550,-0.250000,-0.217450
411,0.452890,0.383504,0.504665,0.619277,0.250000,-0.369277
412,0.451862,0.033521,0.503877,0.183087,0.250000,0.066913
413,0.452415,0.678223,0.504659,0.823543,-0.750000,0.073543
414,0.451628,0.129738,0.504306,0.360192,-0.125000,-0.485192
415,0.450683,0.062945,0.503690,0.250889,0.000000,-0.250889
416,0.449607,0.007422,0.502676,0.086150,0.250000,0.163850
417,0.450504,0.820010,0.503652,0.905544,-0.875000,0.030544
418,0.450111,0.287848,0.503731,0.536514,0.250000,-0.286514
419,0.449245,0.090923,0.503244,0.301534,0.250000,-0.051534
420,0.448197,0.013255,0.502311,0.115132,0.000000,0.115132
421,0.447887,0.318818,0.502460,0.564639,0.500000,-0.064639
422,0.446816,0.000271,0.501298,0.016474,0.000000,0.016474
423,0.446080,0.138329,0.500989,0.371927,-0.250000,0.121927
424,0.445021,0.001473,0.499887,0.038382,-0.125000,-0.086618
425,0.444461,0.209225,0.499787,0.457411,0.125000,-0.332411
426,0.443511,0.043666,0.499097,0.208964,-0.375000,-0.166036
427,0.442513,0.021356,0.498263,0.146138,-0.250000,-0.103862
428,0.441676,0.087390,0.497785,0.295618,-0.125000,0.170618
429,0.440754,0.049842,0.497139,0.223252,-0.125000,0.098252
430,0.439722,0.001328,0.496058,0.036442,0.000000,0.036442
431,0.438839,0.062476,0.495481,0.249951,-0.250000,-0.000049
432,0.438835,0.437378,0.495869,0.661346,0.625000,-0.036346
433,0.438009,0.084335,0.495390,0.290405,0.500000,0.209595
434,0.437214,0.096027,0.494958,0.309883,-0.125000,0.184883
435,0.436219,0.008448,0.494023,0.091911,0.125000,0.033089
436,0.435210,0.000282,0.492919,0.016793,0.000000,-0.016793
437,0.434242,0.016222,0.492074,0.127366,0.250000,0.122634
438,0.433607,0.158412,0.491858,0.398010,0.500000,0.101990
439,0.432987,0.163892,0.491658,0.404836,-0.250000,0.154836
440,0.432045,0.022298,0.490872,0.149326,-0.250000,-0.100674
441,0.441697,4.650147,0.494684,2.156420,-2.375000,-0.218580
442,0.449764,3.975099,0.498106,1.993765,1.500000,-0.493765
443,0.448740,0.000062,0.496990,0.007850,-0.125000,-0.132850
444,0.447881,0.070721,0.496464,0.265934,0.000000,0.265934
445,0.447798,0.411538,0.496793,0.641513,0.500000,-0.141513
446,0.446792,0.003015,0.495794,0.054907,0.000000,0.054907
447,0.445785,0.000497,0.494725,0.022291,0.125000,0.147291
448,0.445116,0.148847,0.494479,0.385807,-0.625000,-0.239193
449,0.444294,0.079245,0.494001,0.281505,-0.125000,0.156505
450,0.443367,0.030860,0.493287,0.175671,-0.250000,-0.074329
451,0.442453,0.034770,0.492601,0.186466,0.375000,0.188534
452,0.441820,0.159223,0.492392,0.399028,-0.375000,0.024028
453,0.441322,0.217956,0.492335,0.466858,0.375000,-0.091858
454,0.440466,0.056185,0.491768,0.237033,0.000000,-0.237033
455,0.439496,0.003139,0.490801,0.056028,0.000000,-0.056028
456,0.438872,0.157583,0.490594,0.396968,0.375000,-0.021968
457,0.437958,0.024503,0.489856,0.156536,-0.375000,-0.218464
458,0.436996,0.001498,0.488863,0.038704,0.000000,-0.038704
459,0.436053,0.007831,0.487983,0.088492,0.000000,-0.088492
460,0.435104,0.003135,0.487035,0.055988,0.000000,-0.055988
461,0.434262,0.050597,0.486462,0.224938,0.250000,0.025062
462,0.433448,0.061101,0.485939,0.247186,-0.250000,-0.002814
463,0.432539,0.016524,0.485161,0.128544,0.125000,-0.003544
464,0.431602,0.001377,0.484187,0.037115,0.125000,0.162115
465,0.430796,0.060248,0.483669,0.245455,-0.125000,0.120455
466,0.429872,0.003805,0.482756,0.061682,-0.125000,-0.063318
467,0.430706,0.816062,0.483664,0.903362,-1.000000,-0.096638
468,0.433791,1.862042,0.485562,1.364567,-1.375000,-0.010433
469,0.432935,0.035791,0.484925,0.189185,-0.125000,-0.314185
470,0.434017,0.937201,0.485962,0.968091,0.875000,-0.093091
471,0.433088,0.000114,0.484944,0.010685,0.250000,0.260685
472,0.432190,0.012852,0.484150,0.113368,0.000000,-0.113368
473,0.431687,0.196100,0.484062,0.442831,0.000000,-0.442831
474,0.431349,0.272737,0.484143,0.522243,0.375000,-0.147243
475,0.431392,0.451554,0.484542,0.671978,0.750000,0.078022
476,0.431054,0.272130,0.484621,0.521661,0.375000,-0.146661
477,0.430568,0.201271,0.484545,0.448632,0.375000,-0.073632
478,0.430913,0.594088,0.485149,0.770771,0.750000,-0.020771
479,0.430051,0.021245,0.484434,0.145756,0.125000,-0.020756
480,0.430859,0.814520,0.485312,0.902508,1.000000,0.097492
481,0.430295,0.162031,0.485139,0.402531,0.125000,-0.277531
482,0.429824,0.205136,0.485071,0.452920,0.375000,-0.077920
483,0.429007,0.038700,0.484469,0.196722,-0.500000,-0.303278
484,0.428206,0.044163,0.483898,0.210150,-0.250000,-0.039850
485,0.427752,0.209916,0.483844,0.458166,0.500000,0.041834
486,0.427549,0.329980,0.484032,0.574439,-0.250000,0.324439
487,0.427649,0.475636,0.484458,0.689663,-0.500000,0.189663
488,0.427551,0.380525,0.484732,0.616867,-0.500000,0.116867
489,0.426670,0.000031,0.483744,0.005600,0.125000,0.119400
490,0.425866,0.036060,0.483139,0.189894,0.375000,0.185106
491,0.425205,0.104012,0.482809,0.322510,-0.125000,0.197510
492,0.424826,0.239961,0.482824,0.489858,0.625000,0.135142
493,0.423958,0.000439,0.481879,0.020949,0.125000,0.145949
494,0.423099,0.003436,0.481015,0.058620,0.000000,0.058620
495,0.422830,0.291017,0.481134,0.539460,0.500000,-0.039460
496,0.426107,2.034885,0.483056,1.426494,1.375000,-0.051494
497,0.426080,0.412842,0.483379,0.642528,-0.500000,0.142528
498,0.425229,0.005470,0.482551,0.073956,-0.250000,-0.323956
499,0.424806,0.215807,0.482514,0.464550,-0.500000,-0.035450
500,0.425870,0.952566,0.483509,0.975995,-0.750000,0.225995
501,0.425315,0.150125,0.483316,0.387459,-0.500000,-0.112541
502,0.425593,0.564106,0.483854,0.751070,0.625000,-0.126070
503,0.427792,1.522703,0.485357,1.233978,-1.000000,0.233978
504,0.427452,0.257690,0.485401,0.507632,-0.375000,0.132632
505,0.426792,0.096845,0.485054,0.311199,0.125000,-0.186199
506,0.426504,0.282133,0.485146,0.531162,-0.250000,0.281162
507,0.426571,0.460138,0.485530,0.678334,0.875000,0.196666
508,0.426589,0.435929,0.485876,0.660249,-0.375000,0.285249
509,0.428547,1.415185,0.487270,1.189615,-0.875000,0.314615
510,0.427802,0.051576,0.486756,0.227103,0.125000,-0.102103
511,0.427856,0.455275,0.487126,0.674740,-0.625000,0.049740
512,0.427031,0.008781,0.486352,0.093709,-0.125000,-0.031291
513,0.427062,0.442734,0.486704,0.665383,-0.625000,0.040383
514,0.426517,0.148939,0.486506,0.385926,-0.250000,0.135926
515,0.426027,0.176351,0.486376,0.419942,0.500000,0.080058
516,0.428584,1.735088,0.487999,1.317227,1.375000,0.057773
517,0.427767,0.009613,0.487238,0.098044,0.375000,0.276956
518,0.426966,0.016253,0.486539,0.127486,0.000000,0.127486
519,0.426880,0.382393,0.486795,0.618380,-0.625000,-0.006620
520,0.426069,0.008450,0.486029,0.091926,0.000000,0.091926
521,0.425489,0.126405,0.485777,0.355535,0.375000,0.019465
522,0.424844,0.091115,0.485422,0.301852,-0.250000,0.051852
523,0.424650,0.324288,0.485584,0.569463,0.625000,0.055537
524,0.426824,1.555058,0.487048,1.247020,-1.000000,0.247020
525,0.426584,0.301826,0.487168,0.549387,0.500000,-0.049387
526,0.425948,0.094574,0.486824,0.307528,-0.250000,0.057528
527,0.427026,0.989809,0.487795,0.994891,-0.750000,0.244891
528,0.426834,0.326471,0.487955,0.571377,0.500000,-0.071377
529,0.426603,0.305532,0.488078,0.552749,-0.500000,0.052749
530,0.425792,0.000038,0.487162,0.006147,0.250000,0.243853
531,0.425004,0.010234,0.486429,0.101165,-0.125000,-0.023835
532,0.424202,0.001480,0.485581,0.038474,0.375000,0.413474
533,0.424500,0.582097,0.486105,0.762953,0.875000,0.112047
534,0.424667,0.513182,0.486540,0.716367,0.750000,0.033633
535,0.424053,0.098482,0.486214,0.313819,0.500000,0.186181
536,0.423797,0.287727,0.486309,0.536402,0.500000,-0.036402
537,0.423314,0.166586,0.486162,0.408150,0.500000,0.091850
538,0.423777,0.670332,0.486785,0.818738,-0.750000,0.068738
539,0.423041,0.030134,0.486199,0.173592,0.000000,-0.173592
540,0.422314,0.033187,0.485632,0.182173,0.000000,-0.182173
541,0.422509,0.527286,0.486080,0.726144,0.750000,0.023856
542,0.423594,1.005937,0.487041,1.002964,-0.875000,0.127964
543,0.423839,0.556004,0.487521,0.745656,0.625000,-0.120656
544,0.423604,0.296717,0.487627,0.544717,-0.500000,0.044717
545,0.422837,0.008495,0.486896,0.092168,0.250000,0.157832
546,0.422668,0.331407,0.487059,0.575679,-0.375000,0.200679
547,0.422305,0.225549,0.487037,0.474920,0.875000,0.400080
548,0.422025,0.269841,0.487097,0.519462,0.750000,0.230538
549,0.424474,1.756877,0.488635,1.325472,-1.000000,0.325472
550,0.424124,0.233158,0.488624,0.482865,0.500000,0.017135
551,0.423447,0.054294,0.488157,0.233010,-0.375000,-0.141990
552,0.422876,0.110222,0.487872,0.331996,-0.125000,0.206996
553,0.422385,0.153579,0.487697,0.391892,0.500000,0.108108
554,0.421675,0.031662,0.487134,0.177937,0.125000,0.302937
555,0.420926,0.009195,0.486424,0.095893,0.125000,0.029107
556,0.420345,0.099871,0.486115,0.316024,0.125000,-0.191024
557,0.419585,0.000105,0.485255,0.010237,0.125000,0.135237
558,0.421410,1.430609,0.486538,1.196080,-1.000000,0.196080
559,0.422015,0.757600,0.487230,0.870402,1.000000,0.129598
560,0.421655,0.221572,0.487200,0.470714,-0.375000,0.095714
561,0.420900,0.000913,0.486379,0.030217,0.125000,0.155217
562,0.421011,0.483067,0.486753,0.695030,-0.750000,-0.054970
563,0.421060,0.448219,0.487080,0.669492,-0.500000,0.169492
564,0.420709,0.224676,0.487057,0.473999,-0.375000,0.098999
565,0.422056,1.176347,0.488122,1.084595,-1.000000,0.084595
566,0.421409,0.058655,0.487684,0.242188,0.500000,0.257812
567,0.420871,0.118433,0.487429,0.344141,-0.125000,0.219141
568,0.421496,0.773007,0.488124,0.879208,-0.625000,0.254208
569,0.420805,0.031281,0.487573,0.176863,-0.500000,-0.323137
570,0.420764,0.397633,0.487826,0.630582,0.375000,-0.255582
571,0.422990,1.683112,0.489254,1.297348,-1.125000,0.172348
572,0.422246,0.000112,0.488411,0.010573,-0.125000,-0.135573
573,0.421508,0.002690,0.487644,0.051861,-0.250000,-0.198139
574,0.420773,0.002402,0.486874,0.049007,0.250000,0.200993
575,0.420294,0.146982,0.486693,0.383382,0.375000,-0.008382
576,0.420354,0.454598,0.487021,0.674239,-0.375000,0.299239
577,0.419630,0.005740,0.486303,0.075762,0.000000,-0.075762
578,0.418899,0.000012,0.485462,0.003489,0.250000,0.246511
579,0.418371,0.115105,0.485208,0.339272,0.750000,0.410728
580,0.418970,0.763563,0.485882,0.873821,0.875000,0.001179
581,0.418438,0.111944,0.485620,0.334581,0.375000,0.040419
582,0.417953,0.138112,0.485423,0.371634,-0.375000,-0.003366
583,0.417407,0.101640,0.485135,0.318810,0.250000,-0.068810
584,0.416857,0.098631,0.484840,0.314055,0.375000,0.060945
585,0.416457,0.184306,0.484745,0.429309,0.625000,0.195691
586,0.417390,0.959529,0.485595,0.979555,1.000000,0.020445
587,0.416677,0.002010,0.484839,0.044832,0.125000,0.080168
588,0.417351,0.810070,0.485550,0.900039,-1.000000,-0.099961
589,0.416701,0.037129,0.485049,0.192688,0.000000,-0.192688
590,0.416370,0.222536,0.485026,0.471737,-0.250000,0.221737
591,0.415818,0.092846,0.484719,0.304707,0.000000,0.304707
592,0.415293,0.107058,0.484451,0.327197,0.250000,-0.077197
593,0.414742,0.090617,0.484140,0.301026,-0.375000,-0.073974
594,0.414225,0.109472,0.483880,0.330866,0.250000,-0.080866
595,0.413563,0.023174,0.483319,0.152229,-0.125000,0.027229
596,0.412979,0.067582,0.482942,0.259965,-0.125000,0.134965
597,0.412430,0.087722,0.482627,0.296180,0.375000,0.078820
598,0.411738,0.001093,0.481870,0.033055,0.000000,0.033055
599,0.411131,0.050744,0.481439,0.225264,0.125000,-0.100264
600,0.410443,0.000832,0.480679,0.028841,-0.125000,-0.153841
601,0.409782,0.016301,0.480088,0.127677,0.000000,0.127677
602,0.409137,0.023905,0.479544,0.154613,-0.125000,0.029613
603,0.408455,0.000423,0.478777,0.020571,0.000000,-0.020571
604,0.407837,0.037608,0.478303,0.193927,0.000000,-0.193927
605,0.407241,0.049700,0.477878,0.222934,-0.250000,-0.027066
606,0.406746,0.109176,0.477633,0.330419,0.375000,0.044581
607,0.407251,0.711738,0.478240,0.843646,0.750000,-0.093646
608,0.406870,0.176789,0.478144,0.420462,-0.375000,0.045462
609,0.406680,0.292208,0.478247,0.540563,-0.250000,0.290563
610,0.406187,0.107570,0.477999,0.327979,-0.125000,0.202979
611,0.405995,0.289766,0.478099,0.538299,-0.250000,0.288299
612,0.405633,0.186176,0.478022,0.431481,-0.125000,0.306481
613,0.405479,0.311519,0.478154,0.558139,-0.500000,0.058139
614,0.404914,0.060678,0.477773,0.246329,0.125000,-0.121329
615,0.404656,0.247227,0.477805,0.497219,-0.625000,-0.127781
616,0.405722,1.057375,0.478705,1.028288,-1.000000,0.028288
617,0.405388,0.200776,0.478655,0.448080,-0.500000,-0.051920
618,0.404893,0.101611,0.478394,0.318765,0.250000,-0.068765
619,0.404919,0.421113,0.478672,0.648932,-0.375000,0.273932
620,0.404996,0.452229,0.478986,0.672480,-0.500000,0.172480
621,0.405775,0.885391,0.479735,0.940952,-0.875000,0.065952
622,0.405393,0.170098,0.479626,0.412429,-0.500000,-0.087571
623,0.404810,0.044062,0.479190,0.209910,-0.375000,-0.165090
624,0.407838,2.282142,0.480854,1.510676,1.375000,-0.135676
625,0.407229,0.029850,0.480358,0.172770,0.375000,0.202230
626,0.407071,0.309056,0.480479,0.555928,0.625000,0.069072
627,0.406825,0.253862,0.480517,0.503847,0.500000,-0.003847
628,0.406386,0.132782,0.480331,0.364393,0.500000,0.135607
629,0.407548,1.132870,0.481265,1.064364,-1.000000,0.064364
630,0.407029,0.082671,0.480956,0.287525,0.000000,-0.287525
631,0.406476,0.059953,0.480579,0.244852,-0.250000,-0.005148
632,0.408877,1.914335,0.482017,1.383595,-1.250000,0.133595
633,0.408676,0.282641,0.482096,0.531640,0.375000,-0.156640
634,0.409079,0.662440,0.482623,0.813904,-0.750000,0.063904
635,0.418802,6.544494,0.485912,2.558221,-2.375000,0.183221
636,0.423542,3.414426,0.488067,1.847817,1.375000,-0.472817
637,0.427007,2.616750,0.489852,1.617637,-1.500000,0.117637
638,0.426377,0.027360,0.489340,0.165408,-0.250000,-0.084592
639,0.425810,0.066465,0.488975,0.257809,0.250000,-0.007809
640,0.426038,0.571196,0.489395,0.755775,0.875000,0.119225
641,0.425371,0.000884,0.488673,0.029734,0.125000,0.154734
642,0.426747,1.302963,0.489696,1.141474,-1.000000,0.141474
643,0.427233,0.737373,0.490274,0.858704,-0.875000,-0.016296
644,0.426795,0.147141,0.490107,0.383590,0.125000,-0.258590
645,0.426867,0.472645,0.490415,0.687492,-0.750000,-0.062508
646,0.426979,0.499136,0.490752,0.706496,-0.750000,-0.043504
647,0.426319,0.002791,0.490071,0.052828,-0.250000,-0.197172
648,0.425662,0.002827,0.489392,0.053166,-0.125000,-0.071834
649,0.425168,0.106893,0.489140,0.326945,-0.375000,-0.048055
650,0.425249,0.477896,0.489453,0.691300,0.500000,-0.191300
651,0.424644,0.033413,0.488979,0.182791,0.125000,-0.057791
652,0.426935,1.909729,0.490357,1.381929,1.375000,-0.006929
653,0.432114,3.787792,0.492600,1.946225,-2.000000,-0.053775
654,0.431461,0.007377,0.491975,0.085890,-0.250000,-0.164110
655,0.430870,0.046776,0.491551,0.216278,0.000000,-0.216278
656,0.433803,2.343510,0.493145,1.530853,-1.500000,0.030853
657,0.433402,0.171616,0.493024,0.414266,-0.375000,0.039266
658,0.434701,1.283464,0.494003,1.132901,-1.250000,-0.117099
659,0.434963,0.606384,0.494438,0.778706,0.625000,-0.153706
660,0.436930,1.725236,0.495686,1.313482,1.000000,-0.313482
661,0.437002,0.484136,0.495991,0.695799,0.500000,-0.195799
662,0.436754,0.273994,0.496032,0.523444,0.500000,-0.023444
663,0.436773,0.448690,0.496296,0.669844,-0.750000,-0.080156
664,0.437994,1.242842,0.497233,1.114828,0.750000,-0.364828
665,0.437333,0.001021,0.496529,0.031960,-0.375000,-0.406960
666,0.436673,0.000433,0.495811,0.020807,0.000000,-0.020807
667,0.436018,0.002573,0.495139,0.050728,-0.125000,-0.175728
668,0.435763,0.266807,0.495172,0.516533,0.500000,-0.016533
669,0.435294,0.123574,0.494956,0.351531,0.250000,-0.101531
670,0.434705,0.042972,0.494524,0.207298,0.250000,0.042702
671,0.434055,0.000996,0.493830,0.031567,0.000000,-0.031567
672,0.433844,0.293601,0.493902,0.541850,-0.500000,0.041850
673,0.433202,0.004398,0.493262,0.066317,0.000000,-0.066317
674,0.432566,0.006578,0.492647,0.081103,0.000000,-0.081103
675,0.431921,0.000035,0.491922,0.005921,0.000000,-0.005921
676,0.431285,0.004420,0.491289,0.066486,0.000000,-0.066486
677,0.431847,0.809677,0.491896,0.899820,-0.750000,0.149820
678,0.431237,0.020788,0.491380,0.144181,-0.250000,-0.105819
679,0.431450,0.575003,0.491775,0.758289,-0.875000,-0.116711
680,0.431026,0.144960,0.491611,0.380735,0.500000,0.119265
681,0.430432,0.028457,0.491134,0.168692,-0.250000,-0.081308
682,0.430395,0.405597,0.491349,0.636865,-0.375000,0.261865
683,0.429801,0.026762,0.490866,0.163592,-0.125000,0.038592
684,0.431854,1.826110,0.492132,1.351336,1.375000,0.023664
685,0.431446,0.153727,0.491985,0.392081,-0.500000,-0.107919
686,0.430945,0.089704,0.491703,0.299506,-0.375000,-0.075494
687,0.430330,0.010949,0.491136,0.104639,0.000000,-0.104639
688,0.431105,0.960556,0.491851,0.980079,0.875000,-0.105079
689,0.430548,0.049777,0.491458,0.223108,0.125000,-0.098108
690,0.433014,2.122366,0.492866,1.456834,-1.625000,-0.168166
691,0.433170,0.539720,0.493218,0.734656,-0.875000,-0.140344
692,0.433569,0.707853,0.493724,0.841340,-1.000000,-0.158660
693,0.434683,1.201057,0.494598,1.095927,1.125000,0.029073
694,0.434549,0.342315,0.494729,0.585077,-0.750000,-0.164923
695,0.439166,3.624775,0.496768,1.903884,-2.000000,-0.096116
696,0.442279,2.593556,0.498377,1.610452,-1.750000,-0.139548
697,0.443352,1.185911,0.499230,1.088996,0.750000,-0.338996
698,0.442981,0.185682,0.499131,0.430909,-0.375000,0.055909
699,0.442488,0.100500,0.498869,0.317018,0.375000,0.057982
700,0.441857,0.003311,0.498235,0.057541,0.125000,0.067459
701,0.446021,3.344240,0.500144,1.828726,1.875000,0.046274
702,0.446424,0.727391,0.500649,0.852872,-0.750000,0.102872
703,0.445801,0.010953,0.500083,0.104655,-0.125000,-0.020345
704,0.445170,0.003817,0.499457,0.061785,-0.250000,-0.188215
705,0.444596,0.043176,0.499041,0.207789,-0.375000,-0.167211
706,0.443972,0.005944,0.498440,0.077096,-0.125000,-0.047904
707,0.443404,0.044955,0.498032,0.212025,0.125000,-0.087025
708,0.443380,0.426311,0.498252,0.652925,0.625000,-0.027925
709,0.442902,0.106727,0.498009,0.326691,-0.375000,-0.048309
710,0.444772,1.763365,0.499184,1.327917,-1.250000,0.077917
711,0.446871,1.928068,0.500442,1.388549,1.125000,-0.263549
712,0.446467,0.160913,0.500302,0.401140,-0.625000,-0.223860
713,0.449299,2.454425,0.501806,1.566661,1.625000,0.058339
714,0.454856,4.395099,0.504052,2.096449,1.500000,-0.596449
715,0.454553,0.239396,0.504031,0.489282,-0.375000,0.114282
716,0.453915,0.000068,0.503335,0.008226,-0.125000,-0.116774
717,0.453278,0.000094,0.502643,0.009684,0.000000,-0.009684
718,0.452709,0.046847,0.502242,0.216442,0.250000,0.033558
719,0.452431,0.253754,0.502244,0.503740,0.250000,-0.253740
720,0.451807,0.005935,0.501650,0.077038,-0.375000,-0.452038
721,0.451180,0.001736,0.501008,0.041661,-0.375000,-0.333339
722,0.450567,0.011225,0.500458,0.105948,-0.250000,-0.355948
723,0.449946,0.004477,0.499855,0.066912,0.125000,0.058088
724,0.449392,0.050592,0.499473,0.224926,-0.250000,-0.025074
725,0.448853,0.061305,0.499124,0.247598,0.125000,-0.122598
726,0.448245,0.009357,0.498567,0.096732,-0.125000,-0.028268
727,0.447792,0.121282,0.498359,0.348256,-0.125000,0.223256
728,0.449538,1.711349,0.499477,1.308186,-1.000000,0.308186
729,0.449745,0.599551,0.499856,0.774307,0.750000,-0.024307
730,0.449354,0.165845,0.499729,0.407241,-0.375000,0.032241
731,0.449764,0.747564,0.500231,0.864618,0.500000,-0.364618
732,0.449223,0.055931,0.499868,0.236498,0.125000,-0.111498
733,0.448608,0.000797,0.499221,0.028237,-0.125000,-0.153237
734,0.449572,1.152774,0.500008,1.073673,1.000000,-0.073673
735,0.448969,0.008677,0.499452,0.093148,0.125000,0.031852
736,0.449292,0.684998,0.499900,0.827646,1.000000,0.172354
737,0.449043,0.267068,0.499923,0.516786,0.375000,-0.141786
738,0.449955,1.118623,0.500683,1.057650,-1.000000,0.057650
739,0.449534,0.140063,0.500511,0.374250,-0.500000,-0.125750
740,0.449743,0.603699,0.500887,0.776981,0.750000,-0.026981
741,0.449452,0.235400,0.500865,0.485180,0.875000,0.389820
742,0.450066,0.902479,0.501474,0.949989,1.125000,0.175011
743,0.449526,0.051028,0.501101,0.225895,-0.250000,-0.024105
744,0.450405,1.099702,0.501841,1.048667,1.000000,-0.048667
745,0.452117,1.719255,0.502933,1.311203,-1.250000,0.061203
746,0.451618,0.082022,0.502641,0.286395,0.250000,-0.036395
747,0.451408,0.295329,0.502696,0.543442,0.375000,-0.168442
748,0.453923,2.322357,0.504069,1.523928,-1.625000,-0.101072
749,0.454034,0.536956,0.504376,0.732773,-0.750000,-0.017227
750,0.453479,0.040179,0.503969,0.200446,0.000000,-0.200446
751,0.452875,0.002071,0.503355,0.045509,0.000000,0.045509
752,0.452774,0.377104,0.503503,0.614088,0.625000,0.010912
753,0.452283,0.085362,0.503221,0.292168,-0.250000,0.042168
754,0.453051,1.028179,0.503902,1.013992,-0.875000,0.138992
755,0.454049,1.202559,0.504691,1.096613,1.000000,-0.096613
756,0.453819,0.281345,0.504725,0.530420,-0.500000,0.030420
757,0.453433,0.162471,0.504590,0.403077,0.500000,0.096923
758,0.452832,0.000470,0.503950,0.021686,-0.125000,-0.103314
759,0.454076,1.392315,0.504845,1.179964,1.125000,-0.054964
760,0.465855,9.359230,0.508224,3.059286,3.000000,-0.059286
761,0.467833,1.963087,0.509403,1.401102,-1.375000,0.026102
762,0.467238,0.016722,0.508902,0.129315,-0.250000,-0.120685
763,0.466638,0.011543,0.508373,0.107440,-0.250000,-0.142560
764,0.466419,0.300460,0.508425,0.548142,0.375000,-0.173142
765,0.465806,0.000067,0.507768,0.008177,0.125000,0.116823
766,0.465734,0.410873,0.507943,0.640994,0.625000,-0.015994
767,0.466072,0.723119,0.508392,0.850364,-0.500000,0.350364
768,0.465462,0.000269,0.507748,0.016415,0.125000,0.141415
769,0.465557,0.538634,0.508043,0.733917,0.875000,0.141083
770,0.465357,0.312024,0.508109,0.558592,-0.500000,0.058592
771,0.465155,0.310579,0.508173,0.557296,-0.500000,0.057296
772,0.464840,0.222653,0.508126,0.471861,-0.375000,0.096861
773,0.472115,6.059431,0.510666,2.461591,2.500000,0.038409
774,0.471845,0.264703,0.510671,0.514493,0.625000,0.110507
775,0.472179,0.729378,0.511117,0.854037,-0.875000,-0.020963
776,0.473440,1.445136,0.512012,1.202138,1.250000,0.047862
777,0.472990,0.126059,0.511809,0.355047,-0.625000,-0.269953
778,0.472483,0.080362,0.511514,0.283482,0.500000,0.216518
779,0.472000,0.098215,0.511258,0.313393,-0.500000,-0.186607
780,0.472683,1.002251,0.511889,1.001125,0.750000,-0.251125
781,0.472403,0.255005,0.511881,0.504980,0.500000,-0.004980
782,0.471819,0.017521,0.511393,0.132367,-0.125000,0.007367
783,0.471217,0.003304,0.510810,0.057477,0.000000,0.057477
784,0.476026,4.222316,0.512790,2.054828,-2.000000,0.054828
785,0.475431,0.011377,0.512270,0.106662,0.000000,0.106662
786,0.474897,0.057615,0.511921,0.240031,0.000000,0.240031
787,0.474521,0.180664,0.511811,0.425046,-0.125000,0.300046
788,0.473941,0.019457,0.511336,0.139487,0.250000,0.110513
789,0.473385,0.037569,0.510931,0.193828,0.250000,0.056172
790,0.472785,0.001899,0.510337,0.043573,0.375000,0.418573
791,0.472872,0.541550,0.510623,0.735901,1.000000,0.264099
792,0.472366,0.073520,0.510319,0.271146,-0.125000,0.146146
793,0.472357,0.465732,0.510537,0.682445,-0.750000,-0.067555
794,0.471779,0.015378,0.510048,0.124010,0.000000,-0.124010
795,0.471333,0.119191,0.509840,0.345241,-0.375000,-0.029759
796,0.474501,2.980101,0.511376,1.726297,-1.625000,0.101297
797,0.474459,0.441584,0.511569,0.664518,0.500000,-0.164518
798,0.473980,0.093882,0.511310,0.306401,-0.125000,0.181401
799,0.473387,0.002752,0.510733,0.052458,0.125000,0.072542
800,0.473127,0.266441,0.510740,0.516180,0.500000,-0.016180
801,0.473479,0.753819,0.511189,0.868228,-0.625000,0.243228
802,0.472992,0.084496,0.510912,0.290681,-0.375000,-0.084319
803,0.473051,0.520698,0.511176,0.721594,-0.625000,0.096594
804,0.472667,0.165408,0.511045,0.406704,0.500000,0.093296
805,0.472815,0.590908,0.511367,0.768706,0.500000,-0.268706
806,0.473400,0.942485,0.511940,0.970816,0.750000,-0.220816
807,0.473467,0.527446,0.512207,0.726255,0.500000,-0.226255
808,0.472991,0.090146,0.511943,0.300243,-0.250000,0.050243
809,0.473931,1.230066,0.512685,1.109083,-1.125000,-0.015917
810,0.473344,0.000268,0.512069,0.016370,-0.250000,-0.266370
811,0.475055,1.854799,0.513122,1.361910,-1.500000,-0.138090
812,0.474858,0.315477,0.513182,0.561674,0.250000,-0.311674
813,0.474602,0.267656,0.513188,0.517355,-0.625000,-0.107645
814,0.476579,2.075915,0.514333,1.440804,1.500000,0.059196
815,0.476889,0.727964,0.514751,0.853208,0.750000,-0.103208
816,0.476394,0.075297,0.514455,0.274403,-0.125000,0.149403
817,0.476078,0.219543,0.514398,0.468554,0.250000,-0.218554
818,0.475557,0.052085,0.514047,0.228221,0.125000,-0.103221
819,0.475750,0.632325,0.514392,0.795188,0.875000,0.079812
820,0.475208,0.033817,0.513987,0.183894,-0.250000,-0.066106
821,0.475352,0.592491,0.514300,0.769734,-0.875000,-0.105266
822,0.474771,0.000108,0.513684,0.010387,-0.250000,-0.260387
823,0.474492,0.246542,0.513663,0.496530,0.375000,-0.121530
824,0.474124,0.173020,0.513543,0.415956,-0.250000,0.165956
825,0.473553,0.005072,0.513005,0.071219,0.125000,0.053781
826,0.472993,0.013273,0.512521,0.115209,0.000000,0.115209
827,0.472929,0.420426,0.512686,0.648403,-0.500000,0.148403
828,0.472390,0.028502,0.512269,0.168825,0.000000,0.168825
829,0.471820,0.002571,0.511709,0.050708,0.125000,0.074292
830,0.471375,0.103922,0.511480,0.322369,0.375000,0.052631
831,0.470970,0.136851,0.511309,0.369934,0.375000,0.005066
832,0.471221,0.678216,0.511686,0.823539,0.750000,-0.073539
833,0.470659,0.005279,0.511156,0.072657,-0.125000,-0.052343
834,0.470581,0.405794,0.511308,0.637019,-0.625000,0.012019
835,0.470056,0.034844,0.510917,0.186665,0.000000,-0.186665
836,0.469497,0.004852,0.510387,0.069655,-0.125000,-0.194655
837,0.469007,0.061469,0.510072,0.247930,0.125000,-0.122930
838,0.468462,0.014241,0.509603,0.119338,-0.250000,-0.130662
839,0.467901,0.000009,0.508997,0.003010,-0.125000,-0.128010
840,0.467681,0.284077,0.509025,0.532989,0.375000,-0.157989
841,0.467598,0.398144,0.509171,0.630987,-0.500000,0.130987
842,0.467040,0.000047,0.508572,0.006883,-0.125000,-0.131883
843,0.466969,0.407866,0.508727,0.638644,0.500000,-0.138644
844,0.466486,0.060971,0.508415,0.246923,-0.125000,0.121923
845,0.465987,0.046963,0.508068,0.216710,0.375000,0.158290
846,0.465468,0.028595,0.507665,0.169101,-0.125000,0.044101
847,0.464954,0.032504,0.507277,0.180288,-0.125000,0.055288
848,0.464595,0.161777,0.507153,0.402215,0.250000,-0.152215
849,0.464091,0.038545,0.506785,0.196330,-0.250000,-0.053670
850,0.463600,0.048903,0.506447,0.221141,0.125000,-0.096141
851,0.464923,1.584101,0.507335,1.258611,1.125000,-0.133611
852,0.465234,0.728293,0.507743,0.853401,0.875000,0.021599
853,0.466467,1.512069,0.508594,1.229662,1.250000,0.020338
854,0.465921,0.002804,0.508058,0.052955,0.000000,-0.052955
855,0.465877,0.428516,0.508230,0.654611,-0.750000,-0.095389
856,0.465509,0.152243,0.508091,0.390184,0.250000,-0.140184
857,0.466571,1.371812,0.508869,1.171244,-1.250000,-0.078756
858,0.466133,0.091852,0.508628,0.303072,0.125000,-0.178072
859,0.465650,0.053372,0.508303,0.231024,0.125000,-0.106024
860,0.465467,0.309221,0.508359,0.556076,-0.375000,0.181076
861,0.464992,0.058529,0.508048,0.241927,0.000000,0.241927
862,0.464525,0.063764,0.507750,0.252515,-0.125000,0.127515
863,0.464383,0.342926,0.507841,0.585599,0.625000,0.039401
864,0.464574,0.628635,0.508172,0.792865,-0.875000,-0.082135
865,0.464035,0.000238,0.507600,0.015442,0.000000,0.015442
866,0.463796,0.257838,0.507600,0.507778,0.500000,-0.007778
867,0.463921,0.572356,0.507889,0.756542,1.000000,0.243458
868,0.465573,1.890967,0.508892,1.375124,-1.125000,0.250124
869,0.466172,0.983389,0.509450,0.991660,0.875000,-0.116660
870,0.466300,0.577002,0.509739,0.759606,-0.750000,0.009606
871,0.466667,0.784476,0.510173,0.885707,0.875000,-0.010707
872,0.466252,0.106788,0.509962,0.326784,-0.250000,0.076784
873,0.465906,0.165377,0.509843,0.406666,0.250000,-0.156666
874,0.465572,0.175152,0.509738,0.418512,-0.375000,0.043512
875,0.465092,0.048110,0.509404,0.219340,-0.250000,-0.030660
876,0.464906,0.302194,0.509451,0.549722,0.500000,-0.049722
877,0.464374,0.000436,0.508891,0.020875,-0.125000,-0.145875
878,0.464058,0.189039,0.508806,0.434787,0.375000,-0.059787
879,0.463622,0.082424,0.508553,0.287096,-0.375000,-0.087904
880,0.463107,0.012001,0.508097,0.109550,0.125000,0.015450
881,0.465437,2.507108,0.509323,1.583385,1.750000,0.166615
882,0.465429,0.458362,0.509514,0.677024,-0.500000,0.177024
883,0.465191,0.256179,0.509511,0.506141,-0.250000,0.256141
884,0.466305,1.445047,0.510298,1.202101,1.000000,-0.202101
885,0.465822,0.041326,0.509949,0.203289,0.375000,0.171711
886,0.465514,0.193571,0.509870,0.439967,-0.250000,0.189967
887,0.465200,0.188742,0.509784,0.434444,-0.375000,0.059444
888,0.464972,0.263416,0.509788,0.513241,0.500000,-0.013241
889,0.464466,0.017394,0.509361,0.131885,0.000000,-0.131885
890,0.464150,0.184407,0.509271,0.429426,0.625000,0.195574
891,0.463720,0.082495,0.509021,0.287219,0.000000,0.287219
892,0.463337,0.123725,0.508844,0.351746,0.375000,0.023254
893,0.462977,0.142993,0.508697,0.378145,-0.250000,0.128145
894,0.462703,0.219590,0.508652,0.468604,0.375000,-0.093604
895,0.463191,0.897157,0.509144,0.947184,-0.875000,0.072184
896,0.462710,0.034030,0.508780,0.184472,0.125000,-0.059472
897,0.462516,0.290092,0.508813,0.538601,-0.500000,0.038601
898,0.462113,0.102142,0.508601,0.319597,-0.125000,0.194597
899,0.461691,0.083898,0.508357,0.289652,0.250000,-0.039652
900,0.461247,0.064204,0.508072,0.253386,0.375000,0.121614
901,0.460740,0.006640,0.507597,0.081484,0.125000,0.206484
902,0.460260,0.029095,0.507221,0.170572,0.000000,0.170572
903,0.460712,0.867210,0.507693,0.931241,-0.875000,0.056241
904,0.460510,0.278297,0.507715,0.527539,-0.750000,-0.222461
905,0.459999,0.000035,0.507158,0.005897,-0.125000,-0.119103
906,0.459522,0.030301,0.506789,0.174071,0.000000,-0.174071
907,0.459616,0.544547,0.507045,0.737935,-0.750000,-0.012065
908,0.459223,0.103662,0.506840,0.321965,0.250000,-0.071965
909,0.458717,0.001367,0.506321,0.036970,0.000000,-0.036970
910,0.459050,0.761085,0.506725,0.872402,1.125000,0.252598
911,0.458545,0.000567,0.506193,0.023807,0.250000,0.273807
912,0.458465,0.386057,0.506319,0.621335,-0.500000,0.121335
913,0.458606,0.586343,0.506605,0.765730,-0.750000,0.015730
914,0.458445,0.312191,0.506662,0.558740,0.500000,-0.058740
915,0.458004,0.056852,0.506368,0.238436,0.125000,0.363436
916,0.457526,0.022324,0.505976,0.149411,-0.125000,0.024411
917,0.457238,0.194139,0.505905,0.440612,-0.375000,0.065612
918,0.457026,0.264063,0.505913,0.513871,0.500000,-0.013871
919,0.456788,0.239012,0.505895,0.488889,-0.250000,0.238889
920,0.456307,0.016037,0.505481,0.126638,0.375000,0.248362
921,0.455985,0.160592,0.505366,0.400739,-0.375000,0.025739
922,0.456065,0.530037,0.505609,0.728037,-0.875000,-0.146963
923,0.455583,0.012711,0.505182,0.112743,-0.250000,-0.137257
924,0.455243,0.142737,0.505043,0.377805,0.250000,-0.127805
925,0.454749,0.000194,0.504510,0.013942,0.000000,0.013942
926,0.454429,0.159647,0.504396,0.399559,0.500000,0.100441
927,0.454136,0.184767,0.504315,0.429845,-0.500000,-0.070155
928,0.453646,0.001416,0.503810,0.037625,0.000000,0.037625
929,0.453196,0.036875,0.503473,0.192028,-0.125000,0.067028
930,0.452720,0.012913,0.503052,0.113637,0.125000,0.011363
931,0.452779,0.507168,0.503278,0.712158,-0.625000,0.087158
932,0.452641,0.324834,0.503350,0.569942,0.500000,-0.069942
933,0.452165,0.010277,0.502917,0.101376,-0.250000,-0.148624
934,0.451951,0.252794,0.502917,0.502787,0.375000,-0.127787
935,0.451645,0.167466,0.502816,0.409226,-0.500000,-0.090774
936,0.452355,1.113596,0.503409,1.055270,-1.125000,-0.069730
937,0.452384,0.479086,0.503611,0.692161,0.500000,-0.192161
938,0.452253,0.330322,0.503687,0.574737,-0.625000,-0.050263
939,0.451961,0.179226,0.503601,0.423351,-0.125000,0.298351