# TEST CONFIGURATION BEGIN
# File Stream: filename: pt08_s3_nox_.csv  -  n_targets: 1
# [pt08_s3_nox__ADE_HOMO_ABTSAIN_KNN_SIZE_4_OFFLINE_BATCH_100] Pipeline: Array BaseStreamModel: base_models: [<skmultiflow.lazy.knn_forecast.KNNForecast object at 0x7f22da519ef0>, <skmultiflow.lazy.knn_forecast.KNNForecast object at 0x7f22da519c88>, <skmultiflow.lazy.knn_forecast.KNNForecast object at 0x7f22da519e10>, <skmultiflow.lazy.knn_forecast.KNNForecast object at 0x7f22da5195c0>]
 Array BaseStreamModel: base_models: [<skmultiflow.lazy.knn_forecast.KNNForecast object at 0x7f22da519ef0>, <skmultiflow.lazy.knn_forecast.KNNForecast object at 0x7f22da519c88>, <skmultiflow.lazy.knn_forecast.KNNForecast object at 0x7f22da519e10>, <skmultiflow.lazy.knn_forecast.KNNForecast object at 0x7f22da5195c0>]
# Prequential Evaluator: n_wait: 1 - max_samples: 600000 - max_time: 10000000 - output_file: pt08_s3_nox__ADE_HOMO_ABTSAIN_KNN_SIZE_4_OFFLINE_BATCH_100_SIZE_4 - batch_size: 1 - pretrain_size: 5 - task_type: regression - show_plot: False - metrics: ['mean_square_error', 'mean_absolute_error', 'true_vs_predicted']
# TEST CONFIGURATION END
id,global_mse_[pt08_s3_nox__ADE_HOMO_ABTSAIN_KNN_SIZE_4_OFFLINE_BATCH_100],sliding_mse_[pt08_s3_nox__ADE_HOMO_ABTSAIN_KNN_SIZE_4_OFFLINE_BATCH_100],global_mae_[pt08_s3_nox__ADE_HOMO_ABTSAIN_KNN_SIZE_4_OFFLINE_BATCH_100],sliding_mae_[pt08_s3_nox__ADE_HOMO_ABTSAIN_KNN_SIZE_4_OFFLINE_BATCH_100],true_value_[pt08_s3_nox__ADE_HOMO_ABTSAIN_KNN_SIZE_4_OFFLINE_BATCH_100],predicted_value_[pt08_s3_nox__ADE_HOMO_ABTSAIN_KNN_SIZE_4_OFFLINE_BATCH_100]
5,3226.240000,3226.240000,56.800000,56.800000,-57.000000,-113.800000
6,27650.740000,52075.240000,142.500000,228.200000,139.000000,-89.200000
7,20956.826667,7569.000000,124.000000,87.000000,110.000000,23.000000
8,15726.620000,36.000000,94.500000,6.000000,-27.000000,-21.000000
9,14222.968000,8208.360000,93.720000,90.600000,-139.000000,-48.400000
10,12750.400000,5387.560000,90.333333,73.400000,-179.000000,-105.600000
11,15273.965714,30415.360000,102.342857,174.400000,99.000000,-75.400000
12,13782.325000,3340.840000,96.775000,57.800000,21.000000,78.800000
13,14216.400000,17689.000000,100.800000,133.000000,-95.000000,38.000000
14,14009.164000,12144.040000,101.740000,110.200000,-209.000000,-98.800000
15,14243.734545,16589.440000,104.200000,128.800000,-97.000000,-225.800000
16,15152.920000,25153.960000,108.733333,158.600000,41.000000,-117.600000
17,15315.461538,17265.960000,110.476923,131.400000,214.000000,82.600000
18,23571.445714,130899.240000,128.428571,361.800000,368.000000,6.200000
19,25514.426667,52716.160000,135.173333,229.600000,240.000000,10.400000
20,31051.577500,114108.840000,147.837500,337.800000,-311.000000,26.800000
21,32358.463529,53268.640000,152.717647,230.800000,-7.000000,-237.800000
22,32073.271111,27225.000000,153.400000,165.000000,149.000000,-16.000000
23,32782.023158,45539.560000,156.557895,213.400000,284.000000,70.600000
24,32295.084000,23043.240000,156.320000,151.800000,213.000000,61.200000
25,30771.310476,295.840000,149.695238,17.200000,2.000000,-15.200000
26,29372.660000,1.000000,142.936364,1.000000,-210.000000,-209.000000
27,29494.907826,32184.360000,144.521739,179.400000,-298.000000,-118.600000
28,37298.593333,216783.360000,157.900000,465.600000,-490.000000,-24.400000
29,35954.515200,3696.640000,154.016000,60.800000,-130.000000,-69.200000
30,36162.863077,41371.560000,155.915385,203.400000,145.000000,-58.400000
31,35123.497778,8100.000000,153.474074,90.000000,57.000000,147.000000
32,34282.578571,11577.760000,151.835714,107.600000,66.000000,-41.600000
33,33180.532414,2323.240000,148.262069,48.200000,-27.000000,-75.200000
34,32085.314667,324.000000,143.920000,18.000000,-59.000000,-41.000000
35,31119.157419,2134.440000,140.767742,46.200000,-27.000000,19.200000
36,30150.063750,108.160000,136.693750,10.400000,32.000000,42.400000
37,29269.826667,1102.240000,133.557576,33.200000,52.000000,85.200000
38,29479.674118,36404.640000,135.241176,190.800000,-194.000000,-3.200000
39,30140.950857,52624.360000,137.931429,229.400000,9.000000,-220.400000
40,29472.702222,6084.000000,136.266667,78.000000,-197.000000,-119.000000
41,29161.440000,17956.000000,136.205405,134.000000,128.000000,-6.000000
42,28437.411579,1648.360000,133.689474,40.600000,87.000000,46.400000
43,28559.448205,33196.840000,134.933333,182.200000,-98.000000,84.200000
44,31644.063000,151944.040000,141.305000,389.800000,222.000000,-167.800000
45,31542.735610,27489.640000,141.902439,165.800000,108.000000,-57.800000
46,31126.621905,14065.960000,141.347619,118.600000,105.000000,-13.600000
47,30410.115349,316.840000,138.474419,17.800000,3.000000,-14.800000
48,29748.104545,1281.640000,136.140909,35.800000,-47.000000,-11.200000
49,33230.396444,186451.240000,142.711111,431.800000,288.000000,-143.800000
50,32508.166957,7.840000,139.669565,2.800000,-14.000000,-11.200000
51,32152.149787,15775.360000,139.370213,125.600000,-178.000000,-52.400000
52,32190.716667,34003.360000,140.308333,184.400000,-293.000000,-108.600000
53,31573.995102,1971.360000,138.351020,44.400000,-105.000000,-149.400000
54,31253.018400,15525.160000,138.076000,124.600000,39.000000,-85.600000
55,31089.664314,22921.960000,138.337255,151.400000,-61.000000,90.400000
56,30504.586923,665.640000,136.173077,25.800000,67.000000,92.800000
57,31256.029434,70331.040000,138.607547,265.200000,112.000000,-153.200000
58,31078.470370,21667.840000,138.766667,147.200000,101.000000,-46.200000
59,30583.749818,3868.840000,137.374545,62.200000,-39.000000,23.200000
60,30090.846429,2981.160000,135.896429,54.600000,-45.000000,9.600000
61,29644.537544,4651.240000,134.708772,68.200000,-28.000000,40.200000
62,29492.931034,20851.360000,134.875862,144.400000,-145.000000,-0.600000
63,29017.783729,1459.240000,133.237288,38.200000,-73.000000,-111.200000
64,28958.690000,25472.160000,133.676667,159.600000,-4.000000,-163.600000
65,28542.189508,3552.160000,132.462295,59.600000,8.000000,-51.600000
66,28717.992258,39441.960000,133.529032,198.600000,82.000000,-116.600000
67,28382.846984,7603.840000,132.793651,87.200000,48.000000,-39.200000
68,27942.880625,225.000000,130.953125,15.000000,-3.000000,12.000000
69,27565.101538,3387.240000,129.833846,58.200000,-9.000000,-67.200000
70,27310.697576,10774.440000,129.439394,103.800000,73.000000,-30.800000
71,26904.450746,92.160000,127.650746,9.600000,-32.000000,-22.400000
72,27688.241765,80202.240000,129.938235,283.200000,209.000000,-74.200000
73,27830.165217,37480.960000,130.860870,193.600000,142.000000,-51.600000
74,27689.105714,17956.000000,130.905714,134.000000,123.000000,-11.000000
75,27369.320563,4984.360000,130.056338,70.600000,-11.000000,59.600000
76,27504.396111,37094.760000,130.925000,192.600000,-159.000000,33.600000
77,27183.033973,4044.960000,130.002740,63.600000,-170.000000,-106.400000
78,26844.539459,2134.440000,128.870270,46.200000,-103.000000,-149.200000
79,26564.846400,5867.560000,128.173333,76.600000,-74.000000,2.600000
80,26253.677368,2916.000000,127.197368,54.000000,29.000000,-25.000000
81,26104.753766,14786.560000,127.124675,121.600000,177.000000,55.400000
82,25788.202564,1413.760000,125.976923,37.600000,20.000000,57.600000
83,25518.253671,4462.240000,125.227848,66.800000,-23.000000,43.800000
84,25330.347500,10485.760000,124.942500,102.400000,-107.000000,-4.600000
85,25024.044938,519.840000,123.681481,22.800000,-31.000000,-8.200000
86,24723.092683,345.960000,122.400000,18.600000,-14.000000,-32.600000
87,24761.236145,27889.000000,122.937349,167.000000,-176.000000,-9.000000
88,24507.061429,3410.560000,122.169048,58.400000,-72.000000,-13.600000
89,24464.733176,20909.160000,122.432941,144.600000,103.000000,-41.600000
90,24434.269302,21844.840000,122.727907,147.800000,140.000000,-7.800000
91,24154.565057,100.000000,121.432184,10.000000,9.000000,19.000000
92,23937.043182,5012.640000,120.856818,70.800000,52.000000,-18.800000
93,23686.608539,1648.360000,119.955056,40.600000,25.000000,-15.600000
94,23426.560000,282.240000,118.808889,16.800000,-12.000000,-28.800000
95,23273.375385,9486.760000,118.573626,97.400000,130.000000,32.600000
96,23028.094783,707.560000,117.573913,26.600000,22.000000,48.600000
97,22780.818065,31.360000,116.369892,5.600000,6.000000,11.600000
98,22770.860851,21844.840000,116.704255,147.800000,-126.000000,21.800000
99,22533.114526,184.960000,115.618947,13.600000,-133.000000,-119.400000
100,22466.934583,16179.840000,115.739583,127.200000,-245.000000,-117.800000
101,22256.192990,2025.000000,115.010309,45.000000,-115.000000,-70.000000
102,22119.636327,8873.640000,114.797959,94.200000,85.000000,-9.200000
103,21896.672727,46.240000,113.707071,6.800000,88.000000,81.200000
104,21767.197600,8949.160000,113.516000,94.600000,121.000000,26.400000
105,21712.886337,16281.760000,113.655446,127.600000,88.000000,-39.600000
106,21608.515294,11067.040000,113.572549,105.200000,-89.000000,-194.200000
107,21507.811262,11236.000000,113.499029,106.000000,23.000000,-83.000000
108,21337.491538,3794.560000,113.000000,61.600000,113.000000,51.400000
109,21149.212190,1568.160000,112.300952,39.600000,86.000000,125.600000
110,21580.577736,66873.960000,113.681132,258.600000,246.000000,-12.600000
111,21566.808224,20107.240000,113.943925,141.800000,222.000000,80.200000
112,21386.708148,2116.000000,113.314815,46.000000,56.000000,102.000000
113,21325.710459,14737.960000,113.388991,121.400000,-60.000000,61.400000
114,21592.067636,50625.000000,114.403636,225.000000,96.000000,-129.000000
115,21474.128649,8500.840000,114.203604,92.200000,-166.000000,-73.800000
116,21346.298571,7157.160000,113.939286,84.600000,-84.000000,-168.600000
117,22151.721062,112359.040000,115.897345,335.200000,-392.000000,-56.800000
118,21961.576491,475.240000,115.071930,21.800000,-72.000000,-50.200000
119,21960.561391,21844.840000,115.356522,147.800000,-70.000000,77.800000
120,21776.211724,576.000000,114.568966,24.000000,102.000000,78.000000
121,21593.788034,432.640000,113.767521,20.800000,46.000000,66.800000
122,21424.758983,1648.360000,113.147458,40.600000,-52.000000,-11.400000
123,21372.267227,15178.240000,113.231933,123.200000,49.000000,-74.200000
124,21196.746333,309.760000,112.435000,17.600000,-59.000000,-41.400000
125,21346.877025,39362.560000,113.145455,198.400000,54.000000,-144.400000
126,21257.516066,10444.840000,113.055738,102.200000,118.000000,15.800000
127,21194.466667,13502.440000,113.081301,116.200000,117.000000,0.800000
128,21047.938710,3025.000000,112.612903,55.000000,-13.000000,42.000000
129,20963.441280,10485.760000,112.531200,102.400000,144.000000,41.600000
130,20856.860317,7534.240000,112.326984,86.800000,123.000000,36.200000
131,20875.513071,23225.760000,112.642520,152.400000,-336.000000,-183.600000
132,20718.460938,772.840000,111.979688,27.800000,-149.000000,-121.200000
133,20639.137674,10485.760000,111.905426,102.400000,150.000000,47.600000
134,20503.307077,2981.160000,111.464615,54.600000,116.000000,61.400000
135,20355.005802,1075.840000,110.864122,32.800000,86.000000,53.200000
136,20200.975758,23.040000,110.060606,4.800000,-44.000000,-39.200000
137,20163.210827,15178.240000,110.159398,123.200000,126.000000,2.800000
138,20063.163284,6756.840000,109.950746,82.200000,-73.000000,9.200000
139,19941.213926,3600.000000,109.580741,60.000000,92.000000,32.000000
140,20077.634706,38494.440000,110.217647,196.200000,-239.000000,-42.800000
141,20018.442920,11968.360000,110.211679,109.400000,-176.000000,-66.600000
142,19984.442899,15326.440000,110.310145,123.800000,-20.000000,-143.800000
143,19919.684604,10983.040000,110.270504,104.800000,56.000000,-48.800000
144,19795.258286,2500.000000,109.840000,50.000000,117.000000,67.000000
145,19666.441986,1632.160000,109.347518,40.400000,65.000000,24.600000
146,19569.266761,5867.560000,109.116901,76.600000,139.000000,62.400000
147,19601.293986,24149.160000,109.440559,155.400000,-338.000000,-182.600000
148,19470.161667,718.240000,108.866667,26.800000,-126.000000,-152.800000
149,19380.465103,6464.160000,108.670345,80.400000,145.000000,64.600000
150,19263.634795,2323.240000,108.256164,48.200000,145.000000,96.800000
151,19241.965442,16078.240000,108.382313,126.800000,-112.000000,14.800000
152,19124.099189,1797.760000,107.936486,42.400000,51.000000,8.600000
153,19010.074631,2134.440000,107.522148,46.200000,-81.000000,-34.800000
154,18912.557067,4382.440000,107.246667,66.200000,1.000000,-65.200000
155,18808.824901,3249.000000,106.913907,57.000000,130.000000,73.000000
156,18686.160526,163.840000,106.294737,12.800000,71.000000,58.200000
157,18677.221961,17318.560000,106.460131,131.600000,-383.000000,-251.400000
158,18569.207792,2043.040000,106.062338,45.200000,-96.000000,-50.800000
159,18453.184774,585.640000,105.534194,24.200000,126.000000,101.800000
160,18349.664359,2304.000000,105.165385,48.000000,58.000000,106.000000
161,18232.910828,19.360000,104.523567,4.400000,54.000000,58.400000
162,18159.862278,6691.240000,104.379747,81.800000,-47.000000,34.800000
163,18048.016352,376.360000,103.845283,19.400000,-16.000000,-35.400000
164,17941.777250,1049.760000,103.398750,32.400000,-18.000000,14.400000
165,17830.337640,0.000000,102.756522,0.000000,14.000000,14.000000
166,17725.682222,876.160000,102.304938,29.600000,-27.000000,2.600000
167,17625.064294,1324.960000,101.900613,36.400000,21.000000,57.400000
168,17529.399268,1936.000000,101.547561,44.000000,50.000000,6.000000
169,17486.710545,10485.760000,101.552727,102.400000,156.000000,53.600000
170,17388.089157,1115.560000,101.142169,33.400000,44.000000,77.400000
171,17291.990180,1339.560000,100.755689,36.600000,116.000000,79.400000
172,17203.005476,2342.560000,100.444048,48.400000,41.000000,89.400000
173,17102.765444,262.440000,99.945562,16.200000,-48.000000,-31.800000
174,17275.085412,46397.160000,100.624706,215.400000,-259.000000,-43.600000
175,17205.567719,5387.560000,100.465497,73.400000,-68.000000,-141.400000
176,17187.866744,14161.000000,100.573256,119.000000,-58.000000,61.000000
177,17134.920462,8028.160000,100.509827,89.600000,-8.000000,81.600000
178,17081.762529,7885.440000,100.442529,88.800000,14.000000,102.800000
179,16987.228114,538.240000,100.001143,23.200000,27.000000,50.200000
180,16929.851818,6889.000000,99.904545,83.000000,91.000000,8.000000
181,16839.152994,876.160000,99.507345,29.600000,56.000000,26.400000
182,16881.620899,24398.440000,99.825843,156.200000,-106.000000,50.200000
183,16896.807374,19600.000000,100.050279,140.000000,-74.000000,66.000000
184,16807.354222,795.240000,99.651111,28.200000,-122.000000,-93.800000
185,16867.473591,27688.960000,100.019890,166.400000,-1.000000,-167.400000
186,16778.566813,686.440000,99.614286,26.200000,52.000000,25.800000
187,16691.103825,772.840000,99.221858,27.800000,63.000000,35.200000
188,16673.018261,13363.360000,99.310870,115.600000,-17.000000,98.600000
189,16649.734054,12365.440000,99.375135,111.200000,107.000000,-4.200000
190,16647.481505,16230.760000,99.525806,127.400000,164.000000,36.600000
191,16572.585668,2641.960000,99.268449,51.400000,-81.000000,-29.600000
192,16489.880426,1024.000000,98.910638,32.000000,-3.000000,29.000000
193,16410.597672,1505.440000,98.592593,38.800000,42.000000,3.200000
194,16324.267368,7.840000,98.088421,2.800000,28.000000,30.800000
195,16283.888168,8611.840000,98.060733,92.800000,98.000000,5.200000
196,16258.483750,11406.240000,98.106250,106.800000,-99.000000,7.800000
197,16440.762280,51438.240000,98.773057,226.800000,-192.000000,34.800000
198,16466.193608,21374.440000,99.017526,146.200000,54.000000,-92.200000
199,16420.745641,7603.840000,98.956923,87.200000,-54.000000,33.200000
200,16362.541020,5012.640000,98.813265,70.800000,114.000000,43.200000
201,16279.563655,16.000000,98.331980,4.000000,50.000000,54.000000
202,16204.560000,1428.840000,98.026263,37.800000,-13.000000,24.800000
203,16127.774070,924.160000,97.686432,30.400000,75.000000,44.600000
204,16189.940200,28561.000000,98.043000,169.000000,-408.000000,-239.000000
205,16239.638209,26179.240000,98.360199,161.800000,-340.000000,-178.200000
206,16189.672475,6146.560000,98.261386,78.400000,-21.000000,57.400000
207,16315.730049,41779.360000,98.784236,204.400000,321.000000,116.600000
208,16268.231176,6625.960000,98.699020,81.400000,-6.000000,75.400000
209,16243.683707,11236.000000,98.734634,106.000000,-79.000000,27.000000
210,16174.660971,2025.000000,98.473786,45.000000,13.000000,-32.000000
211,16100.474010,817.960000,98.136232,28.600000,-1.000000,-29.600000
212,16036.268654,2745.760000,97.916346,52.400000,-36.000000,16.400000
213,16075.383923,24211.360000,98.192344,155.600000,-208.000000,-52.400000
214,16039.490476,8537.760000,98.164762,92.400000,0.000000,-92.400000
215,15987.096493,4984.360000,98.034123,70.600000,97.000000,26.400000
216,16007.335472,20277.760000,98.243396,142.400000,-364.000000,-221.600000
217,15961.188169,6177.960000,98.151174,78.600000,-327.000000,-248.400000
218,15944.593645,12409.960000,98.213084,111.400000,-167.000000,-55.600000
219,15890.083907,4225.000000,98.058605,65.000000,76.000000,141.000000
220,15836.199444,4251.040000,97.906481,65.200000,32.000000,97.200000
221,15766.101751,625.000000,97.570507,25.000000,45.000000,20.000000
222,15701.341468,1648.360000,97.309174,40.600000,-67.000000,-26.400000
223,15630.347945,153.760000,96.921461,12.400000,43.000000,30.600000
224,15577.227455,3943.840000,96.766364,62.800000,20.000000,-42.800000
225,15619.130317,24837.760000,97.041629,157.600000,-126.000000,31.600000
226,15596.007027,10485.760000,97.065766,102.400000,144.000000,41.600000
227,15645.505830,26634.240000,97.362332,163.200000,-108.000000,55.200000
228,15577.271429,361.000000,97.012500,19.000000,-42.000000,-23.000000
229,15666.463289,35645.440000,97.420444,188.800000,194.000000,5.200000
230,15649.520708,11837.440000,97.470796,108.800000,135.000000,26.200000
231,15645.933568,14835.240000,97.577974,121.800000,169.000000,47.200000
232,15599.670526,5097.960000,97.463158,71.400000,-180.000000,-108.600000
233,15533.126114,361.000000,97.120524,19.000000,110.000000,129.000000
234,15496.708870,7157.160000,97.066087,84.600000,188.000000,103.400000
235,15535.515152,24460.960000,97.322944,156.400000,-186.000000,-29.600000
236,15490.525690,5097.960000,97.211207,71.400000,-55.000000,16.400000
237,15528.489099,24336.000000,97.463519,156.000000,54.000000,-102.000000
238,15493.295385,7293.160000,97.411966,85.400000,114.000000,28.600000
239,15452.204596,5836.960000,97.322553,76.400000,133.000000,56.600000
240,15424.809831,8987.040000,97.311864,94.800000,136.000000,41.200000
241,15367.169283,1764.000000,97.078481,42.000000,-358.000000,-316.000000
242,15310.370252,1849.000000,96.851261,43.000000,-162.000000,-119.000000
243,15289.670962,10363.240000,96.871967,101.800000,229.000000,127.200000
244,15225.996667,7.840000,96.480000,2.800000,42.000000,44.800000
245,15196.428216,8100.000000,96.453112,90.000000,-123.000000,-33.000000
246,15133.791901,38.440000,96.080165,6.200000,10.000000,16.200000
247,15072.730370,295.840000,95.755556,17.200000,-47.000000,-29.800000
248,15012.405410,353.440000,95.440164,18.800000,29.000000,10.200000
249,14978.308082,6658.560000,95.383673,81.600000,26.000000,-55.600000
250,15122.117236,50355.360000,95.908130,224.400000,-232.000000,-7.600000
251,15084.898138,5929.000000,95.831579,77.000000,-101.000000,-24.000000
252,15040.177742,3994.240000,95.700000,63.200000,90.000000,26.800000
253,14986.927390,1780.840000,95.485141,42.200000,-33.000000,9.200000
254,14954.007040,6756.840000,95.432000,82.200000,49.000000,-33.200000
255,14913.728765,4844.160000,95.329084,69.600000,18.000000,87.600000
256,14894.707460,10120.360000,95.350000,100.600000,-103.000000,-2.400000
257,15044.926008,52900.000000,95.882213,230.000000,-220.000000,10.000000
258,15012.555276,6822.760000,95.829921,82.600000,-128.000000,-45.400000
259,15036.817255,21199.360000,96.025098,145.600000,-117.000000,28.600000
260,15014.833594,9409.000000,96.028906,97.000000,-18.000000,79.000000
261,14956.898210,125.440000,95.698833,11.200000,-30.000000,-18.800000
262,14964.429612,16900.000000,95.831783,130.000000,-59.000000,71.000000
263,14910.080618,888.040000,95.576834,29.800000,14.000000,-15.800000
264,14862.349538,2500.000000,95.401538,50.000000,107.000000,57.000000
265,14806.907739,392.040000,95.111877,19.800000,75.000000,55.200000
266,14759.113588,2284.840000,94.931298,47.800000,87.000000,39.200000
267,15504.761977,210864.640000,96.316350,459.200000,-465.000000,-5.800000
268,15448.035606,529.000000,96.038636,23.000000,-130.000000,-107.000000
269,15898.001509,134689.000000,97.061132,367.000000,397.000000,30.000000
270,15860.293083,5867.560000,96.984211,76.600000,-28.000000,48.600000
271,15812.974532,3226.240000,96.833708,56.800000,-33.000000,23.800000
272,15851.654627,26179.240000,97.076119,161.800000,-241.000000,-79.200000
273,15860.477472,18225.000000,97.217100,135.000000,-197.000000,-62.000000
274,15818.860889,4624.000000,97.108889,68.000000,21.000000,89.000000
275,15767.697712,1953.640000,96.913653,44.200000,-82.000000,-126.200000
276,15710.275441,148.840000,96.602206,12.200000,85.000000,97.200000
277,15688.774945,9840.640000,96.611722,99.200000,-55.000000,44.200000
278,15668.746569,10201.000000,96.627737,101.000000,67.000000,-34.000000
279,15634.694255,6304.360000,96.565091,79.400000,95.000000,15.600000
280,15585.514783,2061.160000,96.379710,45.400000,-2.000000,43.400000
281,15534.740361,1521.000000,96.172563,39.000000,63.000000,24.000000
282,15497.715252,5241.760000,96.087050,72.400000,162.000000,89.600000
283,15455.071111,3600.000000,95.957706,60.000000,92.000000,32.000000
284,15428.803000,8100.000000,95.936429,90.000000,169.000000,79.000000
285,15415.098221,11577.760000,95.977936,107.600000,170.000000,62.400000
286,15362.580709,605.160000,95.724823,24.600000,4.000000,-20.600000
287,15308.301060,1.440000,95.390813,1.200000,-37.000000,-38.200000
288,15285.902281,8947.047921,95.387989,94.588836,104.188836,9.600000
289,15235.614602,953.913544,95.161664,30.885491,-69.914509,-100.800000
290,16281.168746,314264.099750,96.789045,560.592633,-550.192633,10.400000
291,17365.723011,327548.242984,98.445942,572.318306,371.918306,-200.400000
292,17335.456612,8649.000000,98.427032,93.000000,-76.000000,17.000000
293,17279.015585,1024.000000,98.197181,32.000000,42.000000,10.000000
294,17300.999808,23654.440000,98.388915,153.800000,161.000000,7.200000
295,17262.346337,6052.840000,98.318162,77.800000,17.000000,94.800000
296,17223.428165,5898.240000,98.244470,76.800000,23.000000,-53.800000
297,17172.839673,2401.000000,98.076400,49.000000,65.000000,114.000000
298,17114.429198,0.160000,97.744168,0.400000,0.000000,-0.400000
299,17206.190591,44184.040000,98.125374,210.200000,111.000000,-99.200000
300,17153.575622,1632.160000,97.930356,40.400000,45.000000,85.400000
301,17182.446277,25728.160000,98.140691,160.400000,-195.000000,-34.600000
302,17140.486927,4678.560000,98.040890,68.400000,-22.000000,-90.400000
303,17100.788843,5270.760000,97.955804,72.600000,-11.000000,61.600000
304,17158.116347,34299.040000,98.246618,185.200000,159.000000,-26.200000
305,17107.141742,1814.760000,98.061745,42.600000,21.000000,63.600000
306,17279.880477,69274.240000,98.608560,263.200000,-197.000000,66.200000
307,17223.031895,54.760000,98.307542,7.400000,77.000000,84.400000
308,17166.819816,134.560000,98.022320,11.600000,10.000000,21.600000
309,17112.008735,449.440000,97.770443,21.200000,-29.000000,-50.200000
310,17060.905961,1474.560000,97.576422,38.400000,51.000000,12.600000
311,17011.411936,1866.240000,97.399301,43.200000,-47.000000,-90.200000
312,16957.723066,475.240000,97.153848,21.800000,-100.000000,-121.800000
313,16905.202926,729.000000,96.926813,27.000000,94.000000,67.000000
314,16865.237239,4515.840000,96.830920,67.200000,40.000000,-27.200000
315,16811.008362,0.056533,96.520331,0.237767,56.000000,56.237767
316,16757.755131,196.000000,96.255843,14.000000,-2.000000,12.000000
317,16708.174571,1239.040000,96.060776,35.200000,100.000000,64.800000
318,16666.659238,3672.360000,95.947844,60.600000,-61.000000,-121.600000
319,16618.627431,1536.640000,95.767692,39.200000,46.000000,85.200000
320,16575.679369,3047.040000,95.639313,55.200000,80.000000,24.800000
321,16525.522652,676.000000,95.419631,26.000000,-54.000000,-80.000000
322,16474.864279,416.160000,95.183720,20.400000,-54.000000,-33.600000
323,16446.728529,7499.560000,95.156812,86.600000,111.000000,24.400000
324,16511.253627,37094.760000,95.461322,192.600000,-191.000000,1.600000
325,16464.220937,1413.760000,95.281069,37.600000,-48.000000,-85.600000
326,16425.969816,4147.360000,95.185165,64.400000,-25.000000,-89.400000
327,16388.601488,4356.000000,95.094808,66.000000,102.000000,36.000000
328,16577.925064,77729.440000,95.661799,278.800000,359.000000,80.200000
329,16637.759264,36024.040000,95.951455,189.800000,-196.000000,-6.200000
330,16740.415481,50103.685957,96.343747,223.838527,71.000000,-152.838527
331,16730.371397,13456.000000,96.403858,116.000000,-224.000000,-108.000000
332,16709.608557,9920.160000,96.413602,99.600000,80.000000,-19.600000
333,16764.575127,34793.610109,96.687514,186.530454,-216.146792,-29.616339
334,16719.086897,1753.459197,96.521413,41.874326,71.274326,29.400000
335,16682.478194,4601.606331,96.434748,67.835141,178.235141,110.400000
336,16636.423295,1392.251693,96.256670,37.312889,-4.687111,-42.000000
337,16601.187674,4902.961269,96.177884,70.021149,22.821149,-47.200000
338,16560.683208,3072.696201,96.055890,55.431906,9.431906,-46.000000
339,16511.459032,70.584209,95.794235,8.401441,-7.601441,0.800000
340,16463.173341,287.466895,95.559594,16.954849,9.954849,-7.000000
341,16433.289800,6392.420074,95.513283,79.952611,1.847389,81.800000
342,16419.309783,11708.044102,95.550829,108.203716,-20.634238,87.569478
343,16370.916536,13.998859,95.280005,3.741505,37.901125,41.642630
344,16337.862828,5132.656032,95.210483,71.642557,-26.619702,45.022855
345,16291.198418,425.298770,94.991750,20.622773,9.076142,29.698915
346,16243.639838,26.164149,94.728953,5.115090,3.383824,8.498915
347,16197.721720,493.725501,94.517557,22.219935,-21.905792,0.314143
348,16150.705063,23.991643,94.257035,4.898127,11.212975,6.314848
349,18351.760016,775514.663640,96.536386,880.633104,867.847400,-12.785704
350,18300.890073,750.760000,96.336570,27.400000,148.000000,120.600000
351,18251.288085,1089.000000,96.154044,33.000000,-85.000000,-118.000000
352,18204.609211,2007.040000,96.006475,44.800000,-133.000000,-88.200000
353,18152.887903,153.872777,95.766927,12.404547,32.000000,19.595453
354,18269.799451,59071.929556,96.187728,243.047176,203.000000,-40.047176
355,18230.383938,4434.954410,96.103420,66.595453,-26.000000,40.595453
356,18260.502279,28832.040000,96.312785,169.800000,243.000000,73.200000
357,18256.354000,16796.160000,96.407083,129.600000,-105.000000,24.600000
358,18227.765543,8136.040000,96.389549,90.200000,96.000000,5.800000
359,18347.719893,60811.560000,96.812677,246.600000,-226.000000,20.600000
360,18296.440231,92.160000,96.567697,9.600000,-47.000000,-56.600000
361,18265.332667,7191.040000,96.534735,84.800000,177.000000,92.200000
362,18238.993749,8836.000000,96.527654,94.000000,-22.000000,72.000000
363,18205.320058,6150.138700,96.477223,78.422820,-61.000000,17.422820
364,18156.656502,686.440000,96.282009,26.200000,-21.000000,-47.200000
365,18117.328738,3959.333519,96.189602,62.923235,10.000000,-52.923235
366,18112.117222,16230.760000,96.275819,127.400000,-105.000000,22.400000
367,18089.880095,10040.040000,96.286629,100.200000,122.000000,21.800000
368,18048.859655,3158.440000,96.176501,56.200000,41.000000,97.200000
369,18021.602505,8100.000000,96.159579,90.000000,-30.000000,60.000000
370,18047.582312,27530.211893,96.350188,165.922307,-135.000000,30.922307
371,18003.729608,1953.640000,96.208089,44.200000,-10.000000,-54.200000
372,17960.019582,1918.440000,96.065676,43.800000,138.000000,94.200000
373,17912.519908,432.640000,95.861704,20.800000,41.000000,61.800000
374,17884.376774,7499.560000,95.836672,86.600000,143.000000,56.400000
375,17852.907941,6209.440000,95.790751,78.800000,-59.000000,19.800000
376,17805.657006,275.560000,95.577873,16.600000,-59.000000,-42.400000
377,17774.567952,6209.440000,95.532892,78.800000,49.000000,127.800000
378,17728.877771,686.440000,95.347510,26.200000,-2.000000,24.200000
379,17693.287270,4382.440000,95.269783,66.200000,53.000000,119.200000
380,17655.301293,3410.560000,95.171725,58.400000,80.000000,21.600000
381,17612.504738,1521.000000,95.022729,39.000000,8.000000,-31.000000
382,17590.699805,9370.240000,95.027430,96.800000,120.000000,23.200000
383,17545.122338,316.840000,94.823664,17.800000,27.000000,44.800000
384,17501.225595,864.360000,94.651496,29.400000,-31.000000,-1.600000
385,17461.439071,2342.560000,94.530101,48.400000,-50.000000,-1.600000
386,17436.557398,7956.640000,94.516148,89.200000,-39.000000,50.200000
387,17420.410460,11252.280046,94.546333,106.076765,-122.000000,-15.923235
388,17375.419808,144.000000,94.331368,12.000000,-17.000000,-5.000000
389,17332.655384,911.116478,94.164754,30.184706,-21.000000,9.184706
390,17295.250681,2894.440000,94.060182,53.800000,-33.000000,-86.800000
391,17251.810756,484.000000,93.873980,22.000000,98.000000,120.000000
392,17219.476090,4705.960000,93.808841,68.600000,46.000000,114.600000
393,17187.378310,4733.440000,93.744550,68.800000,51.000000,119.800000
394,17159.149033,6177.960000,93.705718,78.600000,107.000000,28.400000
395,17116.226299,376.360000,93.515678,19.400000,-61.000000,-80.400000
396,17082.623272,3943.840000,93.437322,62.800000,102.000000,39.200000
397,17039.161333,2.081080,93.203239,1.442595,60.000000,61.442595
398,17026.069553,11881.000000,93.243332,109.000000,151.000000,42.000000
399,16983.271908,121.000000,93.035121,11.000000,21.000000,32.000000
400,16949.781323,3721.000000,92.954224,61.000000,-144.000000,-83.000000
401,16964.519909,22801.000000,93.100435,151.000000,235.000000,84.000000
402,16923.727145,729.000000,92.934354,27.000000,75.000000,102.000000
403,16881.497152,73.960000,92.722989,8.600000,60.000000,51.400000
404,16841.281510,795.240000,92.561682,28.200000,-89.000000,-60.800000
405,16800.676678,558.744039,92.389802,23.637767,-29.000000,-5.362233
406,16759.898975,408.040000,92.210225,20.200000,147.000000,126.800000
407,16718.509591,79.977429,92.003607,8.943010,40.000000,31.056990
408,16681.621027,1815.529459,91.881343,42.609030,10.000000,-32.609030
409,16644.303839,1568.160000,91.752253,39.600000,65.000000,104.600000
410,16603.490184,73.960000,91.547445,8.600000,-64.000000,-55.400000
411,16665.749520,41943.040000,91.825706,204.800000,163.000000,-41.800000
412,16704.313860,32400.000000,92.041820,180.000000,-70.000000,110.000000
413,16725.595146,25408.360000,92.206510,159.400000,98.000000,-61.400000
414,16937.356192,103547.624076,92.766465,321.788166,-349.604505,-27.816339
415,16900.459078,1772.642258,92.643196,42.102758,-61.302758,-19.200000
416,16868.880463,3890.069503,92.569718,62.370422,53.629578,116.000000
417,16850.347992,9214.970077,92.578011,95.994636,-28.194636,67.800000
418,16816.962161,3028.613815,92.487322,55.032843,31.232843,-23.800000
419,16781.582589,2134.440000,92.375786,46.200000,198.000000,151.800000
420,16766.943112,10691.560000,92.402287,103.400000,-26.000000,-129.400000
421,16785.244064,24398.440000,92.555279,156.200000,38.000000,-118.200000
422,16786.772188,17424.000000,92.649644,132.000000,76.000000,-56.000000
423,16747.701514,416.160000,92.477211,20.400000,0.000000,-20.400000
424,16708.228415,169.000000,92.287979,13.000000,117.000000,130.000000
425,16673.394239,2043.040000,92.176132,45.200000,14.000000,-31.200000
426,16648.823067,6304.360000,92.145856,79.400000,-75.000000,-154.400000
427,16648.076063,16332.840000,92.230145,127.800000,10.000000,-117.800000
428,16617.302298,3600.000000,92.154131,60.000000,3.000000,-57.000000
429,16631.568316,22680.360000,92.291650,150.600000,-92.000000,58.600000
430,16628.272522,15227.560000,92.364675,123.400000,80.000000,-43.400000
431,16666.042576,32756.085352,92.572220,180.986423,-159.000000,21.986423
432,16627.794439,295.840000,92.396116,17.200000,10.000000,27.200000
433,16653.745115,27760.634309,92.569121,166.615228,-120.000000,46.615228
434,16638.551196,10120.360000,92.587798,100.600000,-59.000000,41.600000
435,16601.613119,718.240000,92.435158,26.800000,51.000000,77.800000
436,16563.224292,17.640000,92.230910,4.200000,32.000000,27.800000
437,16536.679756,5069.440000,92.182340,71.200000,109.000000,37.800000
438,16501.367222,1211.040000,92.050122,34.800000,49.000000,83.800000
439,16465.393136,852.640000,91.905639,29.200000,71.000000,100.200000
440,16432.028565,1918.440000,91.795305,43.800000,-15.000000,28.800000
441,16398.897241,1953.640000,91.686391,44.200000,-92.000000,-47.800000
442,16374.094644,5535.360000,91.646925,74.400000,37.000000,-37.400000
443,16338.174520,605.160000,91.494198,24.600000,41.000000,16.400000
444,16307.571759,2872.960000,91.408075,53.600000,8.000000,-45.600000
445,16299.585288,12785.537792,91.457202,113.073152,-76.000000,37.073152
446,16276.545392,6115.951113,91.427219,78.204547,90.000000,11.795453
447,16239.875742,31.890592,91.233584,5.647176,59.000000,53.352824
448,16210.663600,3269.684870,91.156890,57.181158,85.000000,27.818842
449,16175.382918,510.760000,91.002829,22.600000,10.000000,32.600000
450,16172.596947,14932.840000,91.072778,122.200000,78.000000,-44.200000
451,16158.165992,9721.960000,91.089618,98.600000,-106.000000,-7.400000
452,16128.655890,2937.640000,91.007275,54.200000,-98.000000,-43.800000
453,16116.179507,10526.760000,91.033094,102.600000,56.000000,-46.600000
454,16091.758130,5126.560000,90.989909,71.600000,-1.000000,70.600000
455,16058.264121,985.960000,90.857781,31.400000,-6.000000,25.400000
456,16066.223802,19656.040000,90.966945,140.200000,-217.000000,-76.800000
457,16031.044412,129.960000,90.791300,11.400000,-194.000000,-205.400000
458,15998.525283,1267.360000,90.669734,35.600000,6.000000,41.600000
459,15963.659425,134.560000,90.495954,11.600000,20.000000,31.600000
460,15931.368593,1239.040000,90.374691,35.200000,84.000000,48.800000
461,15924.945467,12996.000000,90.426387,114.000000,116.000000,2.000000
462,15892.300259,973.440000,90.297072,31.200000,7.000000,-24.200000
463,15861.106750,1574.479531,90.186795,39.679712,-84.000000,-44.320288
464,15833.156582,3004.029798,90.109887,54.809030,63.000000,8.190970
465,15805.043358,2872.960000,90.030689,53.600000,160.000000,106.400000
466,15796.738848,11968.360000,90.072614,109.400000,-20.000000,89.400000
467,16131.020190,170569.000000,90.770082,413.000000,-467.000000,-54.000000
468,16329.485713,108219.022879,91.283436,328.966598,142.000000,-186.966598
469,16294.445959,36.000000,91.100031,6.000000,48.000000,42.000000
470,16282.986322,10954.255196,91.129135,104.662578,-86.000000,18.662578
471,16252.682574,2131.136108,91.032851,46.164230,-64.000000,-17.835770
472,16226.652141,4070.440000,90.974661,63.800000,-66.000000,-2.200000
473,16208.715910,7814.560000,90.969171,88.400000,-77.000000,11.400000
474,16186.140886,5598.454396,90.934817,74.822820,-21.000000,53.822820
475,16187.639665,16892.065734,91.017693,129.969480,79.000000,208.969480
476,16159.752716,3025.000000,90.941385,55.000000,116.000000,61.000000
477,16140.012774,6822.760000,90.923749,82.600000,-124.000000,-41.400000
478,16118.083718,5745.640000,90.891843,75.800000,-55.000000,20.800000
479,16178.591415,44859.240000,91.146386,211.800000,216.000000,4.200000
480,16151.332946,3203.560000,91.073810,56.600000,169.000000,112.400000
481,16119.487384,961.000000,90.947869,31.000000,-20.000000,11.000000
482,16095.840674,4816.360000,90.902790,69.400000,79.000000,9.600000
483,16089.559921,13087.360000,90.951844,114.400000,-18.000000,-132.400000
484,16056.521338,231.040000,90.794028,15.200000,-74.000000,-89.200000
485,16026.946589,1831.067092,90.694230,42.790970,-63.000000,-20.209030
486,15997.460725,1814.760000,90.594449,42.600000,32.000000,74.600000
487,15966.195290,896.255919,90.468865,29.937534,161.000000,190.937534
488,15937.810259,2227.840000,90.379467,47.200000,41.000000,88.200000
489,15908.519763,1731.919661,90.278924,41.616339,-90.000000,-131.616339
490,15897.870463,10732.960000,90.306334,103.600000,-27.000000,76.600000
491,15867.887156,1296.000000,90.194822,36.000000,55.000000,91.000000
492,15849.487797,6889.000000,90.180079,83.000000,4.000000,87.000000
493,15819.783019,1323.851610,90.070068,36.384772,56.000000,19.615228
494,15792.318074,2361.960000,89.985435,48.600000,42.000000,90.600000
495,15763.679056,1730.560000,89.886890,41.600000,52.000000,93.600000
496,15754.649139,11320.960000,89.920453,106.400000,15.000000,121.400000
497,15729.282711,3249.000000,89.853678,57.000000,77.000000,134.000000
498,15697.613394,84.640000,89.690411,9.200000,96.000000,105.200000
499,15666.444397,268.960000,89.542350,16.400000,30.000000,13.600000
500,15653.439469,9216.000000,89.555369,96.000000,33.000000,-63.000000
501,15623.978303,1011.240000,89.439161,31.800000,-45.000000,-76.800000
502,15637.665174,22440.040000,89.560368,149.800000,-25.000000,124.800000
503,15606.468570,70.560000,89.397722,8.400000,35.000000,43.400000
504,15586.505633,5625.000000,89.368926,75.000000,-10.000000,-85.000000
505,15555.808735,207.360000,89.219288,14.400000,-116.000000,-101.600000
506,15532.330949,3769.960000,89.163871,61.400000,119.000000,57.600000
507,15504.664367,1616.040000,89.066527,40.200000,65.000000,105.200000
508,15475.412572,761.760000,88.944570,27.600000,15.000000,42.600000
509,15445.607771,423.988035,88.809216,20.590970,-11.000000,9.590970
510,15504.576610,45283.840000,89.054257,212.800000,-96.000000,116.800000
511,15487.123944,6656.074970,89.039524,81.584772,63.000000,-18.584772
512,15477.897398,10800.038799,89.068823,103.923235,95.000000,-8.923235
513,15461.750331,7259.040000,89.061222,85.200000,74.000000,-11.200000
514,15441.711134,5241.760000,89.028553,72.400000,-35.000000,37.400000
515,15412.198979,361.000000,88.891511,19.000000,72.000000,91.000000
516,15434.707255,26936.436309,89.038448,164.123235,203.000000,38.876765
517,15404.637650,9.000000,88.870732,3.000000,106.000000,109.000000
518,15410.335164,18333.160000,88.961255,135.400000,-51.000000,84.400000
519,15386.501504,3136.000000,88.897253,56.000000,85.000000,29.000000
520,15359.138827,1267.360000,88.793964,35.600000,3.000000,-32.600000
521,15344.341343,7708.840000,88.792041,87.800000,122.000000,34.200000
522,15325.578136,5625.000000,88.765416,75.000000,-61.000000,14.000000
523,15330.171291,17709.425349,88.850794,133.076765,-173.000000,-39.923235
524,15334.197884,17424.000000,88.933773,132.000000,126.000000,-6.000000
525,15308.583608,1989.160000,88.848680,44.600000,-1.000000,-45.600000
526,15320.766092,21667.840000,88.960464,147.200000,214.000000,66.800000
527,15295.173805,1936.000000,88.874497,44.000000,15.000000,59.000000
528,15286.073778,10526.760000,88.900691,102.600000,-91.000000,11.600000
529,15265.610324,4542.760000,88.859737,67.400000,20.000000,-47.400000
530,15240.136236,1866.240000,88.772932,43.200000,57.000000,13.800000
531,15213.900227,1413.760000,88.675829,37.600000,52.000000,89.600000
532,15186.123068,547.560000,88.552201,23.400000,96.000000,119.400000
533,15221.415841,33856.000000,88.732632,184.000000,-102.000000,82.000000
534,15273.999975,43091.007020,88.956879,207.583735,-414.504636,-206.920901
535,15247.951522,1442.271282,88.860872,37.977247,-104.683305,-142.660552
536,15233.977487,7813.764632,88.859997,88.395501,31.130414,119.525916
537,15207.430912,1084.653015,88.755071,32.934071,160.734071,127.800000
538,15183.391460,2370.363961,88.680036,48.686384,-15.125311,33.561073
539,15159.755134,2537.956676,88.608443,50.378137,25.687283,-24.690854
540,15132.097917,335.486953,88.477301,18.316303,-11.925333,6.390970
541,15168.345034,34596.800016,88.658912,186.002151,-25.587852,160.414298
542,15141.308962,622.938376,88.540510,24.958733,-17.332366,7.626368
543,15113.323563,57.178386,88.390271,7.561639,0.979414,8.541053
544,15085.337904,1.068156,88.228499,1.033516,2.950816,1.917300
545,15365.150588,166464.000000,88.819574,408.000000,-245.000000,163.000000
546,15341.945218,2787.840000,88.753117,52.800000,-251.000000,-198.200000
547,15351.879021,20736.000000,88.854861,144.000000,-166.000000,-22.000000
548,15357.061302,18171.040000,88.939319,134.800000,144.000000,9.200000
549,15361.437777,17742.240000,89.020531,133.200000,103.000000,-30.200000
550,15361.618599,15460.166622,89.085217,124.338918,-107.000000,17.338918
551,15344.058686,5756.346487,89.061059,75.870590,64.000000,-11.870590
552,15457.414976,77463.305146,89.406426,278.322304,-57.000000,221.322304
553,15445.212233,8758.109490,89.414037,93.584772,110.000000,16.415228
554,15420.650029,1936.000000,89.331466,44.000000,39.000000,83.000000
555,15393.986418,729.000000,89.218341,27.000000,100.000000,73.000000
556,15367.580573,817.960000,89.108526,28.600000,30.000000,58.600000
557,15342.187045,1324.960000,89.013212,36.400000,-14.000000,-50.400000
558,15315.578846,601.244532,88.896799,24.520288,-57.000000,-81.520288
559,15298.447742,5807.816293,88.873938,76.209030,95.000000,18.790970
560,15271.275066,190.440000,88.738913,13.800000,10.000000,-3.800000
561,15259.924770,8949.160000,88.749435,94.600000,114.000000,19.400000
562,15233.942396,761.760000,88.639848,27.600000,-52.000000,-24.400000
563,15224.722749,10080.160000,88.660886,100.400000,64.000000,-36.400000
564,15199.600030,1156.000000,88.563278,34.000000,91.000000,57.000000
565,15229.780794,32131.008772,88.724932,179.251245,187.000000,7.748755
566,15211.055135,4705.960000,88.689122,68.600000,-31.000000,37.600000
567,15186.213118,1225.000000,88.593760,35.000000,30.000000,65.000000
568,15160.360187,605.160000,88.480295,24.600000,103.000000,78.400000
569,15133.994396,263.688159,88.352434,16.238478,1.000000,17.238478
570,15152.706428,25725.004452,88.479709,160.390163,-133.000000,27.390163
571,15167.500465,23540.925169,88.594261,153.430522,244.000000,90.569478
572,15140.797401,0.160000,88.438989,0.400000,22.000000,21.600000
573,15116.490973,1310.440000,88.347181,36.200000,59.000000,95.200000
574,15095.872568,3364.000000,88.293940,58.000000,-20.000000,38.000000
575,15071.910899,1413.760000,88.205159,37.600000,18.000000,55.600000
576,15051.729866,3528.360000,88.154800,59.400000,124.000000,64.600000
577,15033.109814,4382.440000,88.116485,66.200000,-8.000000,58.200000
578,15031.756591,14256.360000,88.170986,119.400000,-93.000000,26.400000
579,15022.659623,9801.000000,88.189819,99.000000,72.000000,-27.000000
580,15014.116878,10102.038420,88.211206,100.508897,-87.000000,13.508897
581,14989.651436,897.556707,88.110250,29.959251,24.000000,-5.959251
582,14969.772548,3499.654134,88.060159,59.157875,53.000000,-6.157875
583,14945.233666,761.760000,87.955737,27.600000,51.000000,78.600000
584,14923.504919,2342.560000,87.887538,48.400000,72.000000,23.600000
585,14897.913275,54.760000,87.749005,7.400000,74.000000,81.400000
586,14879.845451,4382.440000,87.711979,66.200000,-43.000000,-109.200000
587,14855.706025,806.560000,87.610243,28.400000,63.000000,91.400000
588,14835.870638,3271.840000,87.558171,57.200000,84.000000,26.800000