# TEST CONFIGURATION BEGIN
# File Stream: filename: air_company_stock6.csv  -  n_targets: 1
# [air_company_stock6_ADE_HOMO_ABTSAIN_HATREE_SIZE_8_OFFLINE_BATCH_100] Pipeline: Array BaseStreamModel: base_models: [<skmultiflow.trees.regression_hoeffding_adaptive_tree.RegressionHAT object at 0x7f21f0018278>, <skmultiflow.trees.regression_hoeffding_adaptive_tree.RegressionHAT object at 0x7f21f00182b0>, <skmultiflow.trees.regression_hoeffding_adaptive_tree.RegressionHAT object at 0x7f21f00182e8>, <skmultiflow.trees.regression_hoeffding_adaptive_tree.RegressionHAT object at 0x7f21f0018320>, <skmultiflow.trees.regression_hoeffding_adaptive_tree.RegressionHAT object at 0x7f21f0018358>, <skmultiflow.trees.regression_hoeffding_adaptive_tree.RegressionHAT object at 0x7f21f0018390>, <skmultiflow.trees.regression_hoeffding_adaptive_tree.RegressionHAT object at 0x7f21f00183c8>, <skmultiflow.trees.regression_hoeffding_adaptive_tree.RegressionHAT object at 0x7f21f0018400>]
 Array BaseStreamModel: base_models: [<skmultiflow.trees.regression_hoeffding_adaptive_tree.RegressionHAT object at 0x7f21f0018278>, <skmultiflow.trees.regression_hoeffding_adaptive_tree.RegressionHAT object at 0x7f21f00182b0>, <skmultiflow.trees.regression_hoeffding_adaptive_tree.RegressionHAT object at 0x7f21f00182e8>, <skmultiflow.trees.regression_hoeffding_adaptive_tree.RegressionHAT object at 0x7f21f0018320>, <skmultiflow.trees.regression_hoeffding_adaptive_tree.RegressionHAT object at 0x7f21f0018358>, <skmultiflow.trees.regression_hoeffding_adaptive_tree.RegressionHAT object at 0x7f21f0018390>, <skmultiflow.trees.regression_hoeffding_adaptive_tree.RegressionHAT object at 0x7f21f00183c8>, <skmultiflow.trees.regression_hoeffding_adaptive_tree.RegressionHAT object at 0x7f21f0018400>]
# Prequential Evaluator: n_wait: 1 - max_samples: 600000 - max_time: 10000000 - output_file: air_company_stock6_ADE_HOMO_ABTSAIN_HATREE_SIZE_8_OFFLINE_BATCH_100_SIZE_8 - batch_size: 1 - pretrain_size: 5 - task_type: regression - show_plot: False - metrics: ['mean_square_error', 'mean_absolute_error', 'true_vs_predicted']
# TEST CONFIGURATION END
id,global_mse_[air_company_stock6_ADE_HOMO_ABTSAIN_HATREE_SIZE_8_OFFLINE_BATCH_100],sliding_mse_[air_company_stock6_ADE_HOMO_ABTSAIN_HATREE_SIZE_8_OFFLINE_BATCH_100],global_mae_[air_company_stock6_ADE_HOMO_ABTSAIN_HATREE_SIZE_8_OFFLINE_BATCH_100],sliding_mae_[air_company_stock6_ADE_HOMO_ABTSAIN_HATREE_SIZE_8_OFFLINE_BATCH_100],true_value_[air_company_stock6_ADE_HOMO_ABTSAIN_HATREE_SIZE_8_OFFLINE_BATCH_100],predicted_value_[air_company_stock6_ADE_HOMO_ABTSAIN_HATREE_SIZE_8_OFFLINE_BATCH_100]
5,0.027256,0.027256,0.165093,0.165093,0.000000,-0.165093
6,0.186204,0.345152,0.376294,0.587496,-0.250000,-0.837496
7,2.049539,5.776210,1.051988,2.403375,1.625000,-0.778375
8,1.550962,0.055229,0.847743,0.235009,0.750000,0.985009
9,1.330097,0.446640,0.811857,0.668311,0.000000,0.668311
10,1.108415,0.000004,0.676894,0.002078,0.000000,-0.002078
11,1.245095,2.065174,0.785490,1.437071,-1.375000,0.062071
12,1.157683,0.545803,0.779652,0.738785,-0.750000,-0.011215
13,1.093952,0.584105,0.777943,0.764268,0.000000,0.764268
14,1.320195,3.356377,0.883353,1.832042,-0.750000,1.082042
15,1.204269,0.045011,0.822335,0.212157,0.000000,0.212157
16,1.119729,0.189793,0.790111,0.435652,0.250000,-0.185652
17,1.042437,0.114932,0.755412,0.339017,0.375000,0.035983
18,0.970328,0.032905,0.714411,0.181396,0.000000,0.181396
19,0.928184,0.338169,0.705551,0.581523,-0.500000,0.081523
20,0.878289,0.129862,0.683977,0.360363,-0.500000,-0.139637
21,0.826697,0.001230,0.645806,0.035073,0.000000,-0.035073
22,0.791351,0.190459,0.634174,0.436417,-0.125000,0.311417
23,0.750068,0.006990,0.605196,0.083604,0.375000,0.291396
24,0.726209,0.272875,0.601055,0.522374,-0.375000,0.147374
25,0.692796,0.024551,0.579895,0.156688,-0.375000,-0.218312
26,0.667701,0.140700,0.570586,0.375099,-0.750000,-0.374901
27,0.639655,0.022643,0.552320,0.150475,-0.125000,-0.275475
28,0.630022,0.408450,0.555936,0.639101,0.625000,-0.014101
29,0.623546,0.468139,0.561067,0.684207,1.125000,0.440793
30,0.599963,0.010369,0.543404,0.101831,0.250000,0.148169
31,0.666347,2.392347,0.580564,1.546721,0.875000,-0.671721
32,0.642679,0.003652,0.561988,0.060431,-0.250000,-0.189569
33,0.626195,0.164633,0.556600,0.405750,0.125000,-0.280750
34,0.605758,0.013075,0.541858,0.114348,0.250000,0.135652
35,0.633398,1.462620,0.563392,1.209388,-0.500000,0.709388
36,0.619152,0.177513,0.558952,0.421322,-0.125000,0.296322
37,0.600392,0.000070,0.542268,0.008395,0.375000,0.383395
38,0.602426,0.669534,0.550386,0.818250,-0.250000,0.568250
39,0.596802,0.405605,0.552857,0.636872,-0.250000,0.386872
40,0.580327,0.003704,0.539190,0.060862,0.125000,0.185862
41,0.566752,0.078052,0.532168,0.279378,0.250000,0.529378
42,0.555585,0.142406,0.528094,0.377368,0.875000,0.497632
43,0.554274,0.504449,0.532765,0.710246,-0.375000,0.335246
44,0.580748,1.613216,0.551199,1.270124,1.000000,-0.270124
45,0.578208,0.476628,0.554594,0.690383,-0.250000,0.440383
46,0.614639,2.108320,0.575961,1.452006,-1.125000,0.327006
47,0.601593,0.053665,0.567954,0.231656,-0.500000,-0.268344
48,0.588309,0.017103,0.558018,0.130777,0.125000,0.255777
49,0.580594,0.241125,0.556529,0.491045,0.125000,0.616045
50,0.573985,0.276562,0.555863,0.525892,0.000000,0.525892
51,0.561996,0.010485,0.546215,0.102395,-0.125000,-0.022605
52,0.551225,0.045000,0.539255,0.212133,-0.500000,-0.287867
53,0.550011,0.491738,0.542561,0.701240,0.250000,-0.451240
54,0.586981,2.398545,0.562684,1.548724,1.875000,0.326276
55,0.605054,1.508678,0.575735,1.228283,-0.625000,0.603283
56,0.596163,0.142735,0.571929,0.377803,-0.125000,-0.502803
57,0.594070,0.485235,0.574281,0.696588,0.000000,-0.696588
58,0.586459,0.183067,0.571569,0.427863,0.375000,-0.052863
59,0.614841,2.147488,0.587821,1.465431,-1.125000,0.340431
60,0.646449,2.384844,0.604901,1.544294,-1.500000,0.044294
61,0.637757,0.151043,0.601107,0.388642,-0.125000,-0.513642
62,0.634268,0.435356,0.602119,0.659815,-0.375000,0.284815
63,0.625270,0.103419,0.597365,0.321588,-0.250000,0.071588
64,0.619550,0.282076,0.596260,0.531108,-0.375000,0.156108
65,0.614075,0.285584,0.595246,0.534400,0.375000,-0.159400
66,0.619587,0.955819,0.601414,0.977660,0.875000,-0.102660
67,0.609964,0.013316,0.593700,0.115396,0.000000,0.115396
68,0.604541,0.262868,0.592434,0.512707,0.250000,-0.262707
69,0.599660,0.287325,0.591566,0.536027,-0.500000,0.036027
70,0.592303,0.114044,0.587720,0.337704,-0.125000,-0.462704
71,0.589830,0.426667,0.588697,0.653197,0.500000,-0.153197
72,0.581615,0.031195,0.582637,0.176620,0.250000,0.426620
73,0.573186,0.000010,0.574238,0.003100,0.250000,0.246900
74,0.565051,0.003738,0.566908,0.061141,0.125000,0.063859
75,0.558349,0.089197,0.563130,0.298659,0.250000,-0.048659
76,0.566454,1.141930,0.570151,1.068611,-0.750000,0.318611
77,0.560256,0.113999,0.566966,0.337637,-0.250000,0.087637
78,0.552708,0.001696,0.559860,0.041182,0.250000,0.208818
79,0.568295,1.721711,0.569891,1.312140,-0.625000,0.687140
80,0.561310,0.037413,0.564937,0.193424,0.000000,0.193424
81,0.554040,0.001524,0.558107,0.039033,0.375000,0.335967
82,0.547229,0.022787,0.552887,0.150953,0.625000,0.474047
83,0.556313,1.264857,0.560125,1.124659,-0.875000,0.249659
84,0.549390,0.002511,0.553750,0.050115,-0.125000,-0.175115
85,0.547893,0.428153,0.554992,0.654334,0.625000,-0.029334
86,0.543546,0.191422,0.553559,0.437518,0.250000,0.687518
87,0.540652,0.303306,0.553525,0.550732,-0.125000,0.425732
88,0.534798,0.048907,0.549568,0.221149,-0.125000,0.096149
89,0.529616,0.094344,0.546716,0.307155,-0.250000,0.057155
90,0.524683,0.105441,0.544135,0.324717,0.375000,0.050283
91,0.522745,0.356061,0.544739,0.596708,-0.250000,0.346708
92,0.523514,0.590379,0.547280,0.768361,0.750000,-0.018361
93,0.518406,0.068930,0.544081,0.262546,-0.125000,0.137546
94,0.513434,0.070918,0.540995,0.266304,-0.375000,-0.108696
95,0.508427,0.057799,0.537692,0.240414,-0.125000,-0.365414
96,0.506935,0.371112,0.538469,0.609190,0.500000,-0.109190
97,0.506215,0.440028,0.539811,0.663346,-0.375000,0.288346
98,0.505072,0.398767,0.540787,0.631480,0.750000,0.118520
99,0.502011,0.214309,0.539967,0.462935,-0.125000,0.337935
100,0.498044,0.121169,0.537968,0.348094,-0.250000,0.098094
101,0.495187,0.220927,0.537268,0.470029,0.125000,-0.345029
102,0.490691,0.054568,0.534169,0.233598,0.375000,0.141402
103,0.485735,0.000001,0.528782,0.000794,0.375000,0.374206
104,0.491977,1.109914,0.534029,1.053524,-0.625000,0.428524
105,0.487620,0.051949,0.530998,0.227923,-0.250000,-0.022077
106,0.483188,0.035615,0.527643,0.188718,-0.250000,-0.061282
107,0.478545,0.004931,0.523202,0.070220,0.125000,0.054780
108,0.473952,0.000861,0.518453,0.029349,0.250000,0.220651
109,0.473212,0.396276,0.519511,0.629505,-0.375000,0.254505
110,0.468814,0.006999,0.515399,0.083657,-0.250000,-0.166343
111,0.464436,0.000344,0.510756,0.018557,-0.125000,-0.143557
112,0.461000,0.093327,0.508855,0.305495,0.375000,0.069505
113,0.457610,0.091535,0.506962,0.302548,-0.125000,0.177548
114,0.461993,0.939710,0.511166,0.969386,0.875000,-0.094386
115,0.460378,0.282787,0.511352,0.531777,-0.500000,0.031777
116,0.470900,1.638840,0.518216,1.280172,0.875000,-0.405172
117,0.468339,0.181463,0.517400,0.425985,-0.125000,0.300985
118,0.465170,0.107039,0.515731,0.327168,-0.250000,0.077168
119,0.461134,0.001032,0.511526,0.032129,0.125000,0.092871
120,0.457164,0.000707,0.507346,0.026595,0.375000,0.348405
121,0.453729,0.055168,0.505017,0.234879,0.625000,0.390121
122,0.450021,0.016289,0.501819,0.127630,0.500000,0.372370
123,0.450033,0.451341,0.503247,0.671819,0.750000,0.078181
124,0.449869,0.430407,0.504521,0.656054,-0.625000,0.031054
125,0.447517,0.165245,0.503711,0.406503,-0.125000,-0.531503
126,0.444130,0.034391,0.501102,0.185448,-0.500000,-0.314552
127,0.443715,0.393046,0.502125,0.626934,-0.375000,0.251934
128,0.440423,0.035530,0.499596,0.188494,0.000000,0.188494
129,0.441849,0.618633,0.501891,0.786532,-0.500000,0.286532
130,0.441258,0.367419,0.502719,0.606151,0.375000,-0.231151
131,0.437843,0.007520,0.499443,0.086715,-0.125000,-0.038285
132,0.434476,0.006878,0.496189,0.082933,0.000000,-0.082933
133,0.433877,0.357210,0.496976,0.597671,0.500000,-0.097671
134,0.431096,0.072347,0.495222,0.268973,0.375000,0.106027
135,0.427912,0.013944,0.492343,0.118084,-0.125000,-0.006916
136,0.424680,0.001344,0.488891,0.036664,-0.125000,-0.088336
137,0.421670,0.024279,0.486386,0.155817,0.125000,-0.030817
138,0.419280,0.101429,0.485133,0.318478,-0.125000,0.193478
139,0.416317,0.019269,0.482568,0.138813,-0.125000,0.013813
140,0.413617,0.049118,0.480649,0.221626,-0.375000,-0.153374
141,0.411188,0.080839,0.479216,0.284322,-0.500000,-0.215678
142,0.408329,0.016749,0.476682,0.129419,-0.125000,-0.254419
143,0.406806,0.196545,0.476442,0.443334,0.375000,-0.068334
144,0.404874,0.136373,0.475676,0.369288,-0.250000,0.119288
145,0.402154,0.021347,0.473339,0.146107,-0.375000,-0.228893
146,0.400396,0.152537,0.472756,0.390560,0.000000,-0.390560
147,0.397653,0.008107,0.470080,0.090040,0.000000,-0.090040
148,0.394892,0.000018,0.466844,0.004191,0.000000,-0.004191
149,0.392707,0.078048,0.465551,0.279370,0.375000,0.095630
150,0.390170,0.022391,0.463388,0.149636,-0.125000,0.024636
151,0.387941,0.062470,0.461936,0.249941,-0.375000,-0.125059
152,0.389456,0.612176,0.464101,0.782417,0.250000,-0.532417
153,0.387015,0.025764,0.462063,0.160513,-0.250000,-0.089487
154,0.385535,0.164933,0.461691,0.406120,-0.250000,0.156120
155,0.384374,0.210329,0.461670,0.458617,0.375000,-0.083617
156,0.382408,0.085563,0.460557,0.292511,-0.125000,0.167511
157,0.380449,0.082591,0.459425,0.287386,0.375000,0.087614
158,0.379579,0.246478,0.459666,0.496466,-0.375000,0.121466
159,0.378982,0.287058,0.460157,0.535778,0.500000,-0.035778
160,0.377700,0.179009,0.459919,0.423095,0.000000,0.423095
161,0.376549,0.196977,0.459817,0.443821,-0.125000,0.318821
162,0.374228,0.009861,0.457535,0.099303,0.000000,0.099303
163,0.372326,0.071767,0.456342,0.267894,0.500000,0.232106
164,0.371545,0.247393,0.456599,0.497386,-0.125000,0.372386
165,0.369413,0.028288,0.454808,0.168190,0.000000,0.168190
166,0.367136,0.000577,0.452148,0.024019,0.125000,0.100981
167,0.365103,0.035742,0.450534,0.189056,-0.125000,0.064056
168,0.362947,0.011484,0.448441,0.107166,0.000000,-0.107166
169,0.360865,0.019494,0.446569,0.139623,-0.250000,-0.110377
170,0.362539,0.638676,0.448693,0.799172,0.625000,-0.174172
171,0.362146,0.296960,0.449269,0.544940,-0.375000,0.169940
172,0.360139,0.025005,0.447536,0.158128,0.125000,-0.033128
173,0.358016,0.001275,0.445100,0.035705,0.000000,0.035705
174,0.355916,0.001089,0.442675,0.032994,0.000000,0.032994
175,0.354125,0.049503,0.441388,0.222493,-0.125000,0.097493
176,0.352076,0.001703,0.439062,0.041267,0.000000,0.041267
177,0.351460,0.245542,0.439388,0.495522,0.625000,0.129478
178,0.349555,0.020043,0.437676,0.141572,0.000000,0.141572
179,0.350846,0.575482,0.439510,0.758605,0.750000,-0.008605
180,0.348900,0.008408,0.437534,0.091694,-0.125000,-0.033306
181,0.347826,0.158698,0.437313,0.398370,0.125000,-0.273370
182,0.346648,0.138082,0.436943,0.371593,-0.125000,-0.496593
183,0.351526,1.219847,0.440673,1.104467,1.125000,0.020533
184,0.349844,0.048815,0.439452,0.220942,0.000000,0.220942
185,0.348679,0.139024,0.439084,0.372859,0.500000,0.127141
186,0.346851,0.015959,0.437366,0.126330,-0.250000,-0.123670
187,0.345071,0.021167,0.435771,0.145490,0.000000,-0.145490
188,0.343366,0.031238,0.434363,0.176742,0.000000,-0.176742
189,0.342706,0.221352,0.434558,0.470481,-0.125000,0.345481
190,0.340866,0.000430,0.432333,0.020725,0.125000,0.104275
191,0.339121,0.014456,0.430664,0.120235,-0.125000,-0.004765
192,0.338720,0.263855,0.431106,0.513668,0.375000,-0.138668
193,0.336961,0.006233,0.429242,0.078948,0.125000,0.203948
194,0.336481,0.245664,0.429592,0.495645,-0.375000,0.120645
195,0.335091,0.071149,0.428739,0.266737,0.125000,-0.141737
196,0.333434,0.016796,0.427181,0.129598,0.125000,0.254598
197,0.332234,0.101868,0.426622,0.319168,0.000000,0.319168
198,0.330533,0.002330,0.424671,0.048269,0.250000,0.298269
199,0.331122,0.445373,0.425916,0.667363,1.000000,0.332637
200,0.331006,0.308297,0.426576,0.555245,0.625000,0.069755
201,0.330177,0.167665,0.426489,0.409469,0.250000,-0.159469
202,0.328525,0.003239,0.424622,0.056908,-0.125000,-0.181908
203,0.327118,0.048520,0.423596,0.220273,-0.500000,-0.279727
204,0.325488,0.000985,0.421634,0.031390,-0.125000,-0.156390
205,0.324090,0.044598,0.420587,0.211181,0.500000,0.288819
206,0.323428,0.190402,0.420665,0.436350,0.125000,0.561350
207,0.322689,0.173266,0.420644,0.416252,-0.250000,0.166252
208,0.334590,2.750509,0.426711,1.658466,-1.875000,-0.216534
209,0.332969,0.002275,0.424863,0.047700,-0.250000,-0.297700
210,0.331416,0.013052,0.423355,0.114247,0.375000,0.489247
211,0.337878,1.669174,0.427551,1.291965,-0.375000,0.916965
212,0.338519,0.471158,0.428796,0.686409,-0.250000,0.436409
213,0.337439,0.112746,0.428350,0.335777,0.250000,-0.085777
214,0.335951,0.024972,0.427063,0.158026,0.125000,-0.033026
215,0.334570,0.044658,0.426041,0.211325,0.125000,-0.086325
216,0.333974,0.208081,0.426183,0.456159,-0.250000,0.206159
217,0.338089,1.210479,0.429347,1.100218,-0.875000,0.225218
218,0.338261,0.374877,0.430202,0.612272,0.375000,-0.237272
219,0.336760,0.015737,0.428785,0.125447,0.250000,0.124553
220,0.335663,0.099760,0.428262,0.315849,0.000000,0.315849
221,0.336282,0.469821,0.429447,0.685435,-0.625000,0.060435
222,0.334760,0.004616,0.427789,0.067938,-0.125000,-0.192938
223,0.333296,0.014181,0.426379,0.119083,0.125000,0.005917
224,0.332619,0.184279,0.426392,0.429277,-0.250000,0.179277
225,0.335614,0.994514,0.428975,0.997253,-0.875000,0.122253
226,0.344471,2.301867,0.433877,1.517191,-1.750000,-0.232809
227,0.345277,0.524196,0.435178,0.724014,0.125000,-0.599014
228,0.346490,0.617107,0.436742,0.785561,-0.625000,0.160561
229,0.344953,0.000544,0.434905,0.023332,0.375000,0.351668
230,0.343428,0.000403,0.433070,0.020085,-0.125000,-0.145085
231,0.342157,0.054816,0.432193,0.234127,-0.500000,-0.265873
232,0.343975,0.756706,0.434113,0.869889,0.250000,-0.619889
233,0.347953,1.254906,0.437109,1.120226,-1.250000,-0.129774
234,0.347460,0.234501,0.437314,0.484253,-0.750000,-0.265747
235,0.347052,0.253270,0.437599,0.503260,-0.750000,-0.246740
236,0.345615,0.013713,0.436218,0.117101,-0.125000,-0.007899
237,0.344137,0.001318,0.434502,0.036311,-0.125000,-0.088689
238,0.343234,0.132814,0.434202,0.364437,0.250000,-0.114437
239,0.344850,0.722831,0.435972,0.850195,0.500000,-0.350195
240,0.349062,1.338979,0.439028,1.157143,0.750000,-0.407143
241,0.352179,1.087844,0.441577,1.042998,0.750000,-0.292998
242,0.351363,0.158007,0.441391,0.397502,0.000000,-0.397502
243,0.351624,0.413729,0.442236,0.643217,0.250000,-0.393217
244,0.350206,0.011140,0.440833,0.105544,-0.125000,-0.230544
245,0.349584,0.200317,0.440861,0.447567,0.375000,-0.072567
246,0.348157,0.004292,0.439310,0.065513,0.000000,0.065513
247,0.346849,0.030307,0.438218,0.174089,-0.125000,0.049089
248,0.346031,0.147320,0.437995,0.383822,0.250000,-0.133822
249,0.345030,0.100677,0.437503,0.317297,-0.250000,0.067297
250,0.347714,1.005458,0.439801,1.002725,-1.000000,0.002725
251,0.346707,0.098901,0.439293,0.314485,-0.500000,-0.185515
252,0.345332,0.005651,0.437825,0.075174,-0.125000,-0.049826
253,0.344239,0.073190,0.437153,0.270536,-0.125000,0.145536
254,0.342961,0.024674,0.436033,0.157080,-0.125000,0.032080
255,0.341994,0.100332,0.435558,0.316753,0.250000,-0.066753
256,0.340982,0.087075,0.435000,0.295085,-0.375000,-0.079915
257,0.342962,0.841825,0.436907,0.917510,0.625000,-0.292510
258,0.342293,0.172929,0.436824,0.415847,-0.500000,-0.084153
259,0.340983,0.008345,0.435470,0.091348,-0.125000,-0.216348
260,0.340954,0.333497,0.436024,0.577492,0.375000,-0.202492
261,0.339635,0.002027,0.434503,0.045018,0.250000,0.204982
262,0.338654,0.086528,0.433959,0.294156,-0.125000,0.169156
263,0.337808,0.119471,0.433618,0.345645,0.375000,0.029355
264,0.336583,0.019272,0.432484,0.138823,0.375000,0.236177
265,0.335455,0.042336,0.431615,0.205757,0.375000,0.169243
266,0.334177,0.000671,0.430067,0.025894,0.125000,0.150894
267,0.332932,0.006736,0.428744,0.082070,0.125000,0.042930
268,0.332067,0.104391,0.428344,0.323096,-0.250000,0.073096
269,0.331148,0.088558,0.427850,0.297586,-0.250000,0.047586
270,0.330939,0.275654,0.428215,0.525028,-0.500000,0.025028
271,0.330398,0.186509,0.428229,0.431867,0.375000,-0.056867
272,0.329282,0.031149,0.427290,0.176490,0.000000,0.176490
273,0.329093,0.278538,0.427663,0.527767,-0.500000,0.027767
274,0.331500,0.979117,0.429744,0.989503,0.500000,-0.489503
275,0.332085,0.489834,0.430741,0.699881,0.750000,0.050119
276,0.331928,0.289486,0.431135,0.538039,-0.500000,0.038039
277,0.331074,0.098721,0.430707,0.314199,-0.125000,-0.439199
278,0.331234,0.374920,0.431370,0.612308,0.250000,-0.362308
279,0.330325,0.081210,0.430838,0.284974,-0.250000,0.034974
280,0.329467,0.093644,0.430385,0.306013,0.250000,-0.056013
281,0.328349,0.019781,0.429339,0.140646,0.250000,0.109354
282,0.327171,0.000732,0.427892,0.027062,0.000000,0.027062
283,0.326704,0.196902,0.427949,0.443737,0.375000,-0.068737
284,0.325537,0.000047,0.426445,0.006849,0.125000,0.131849
285,0.326481,0.590781,0.427663,0.768623,0.750000,-0.018623
286,0.325620,0.083560,0.427171,0.289068,-0.125000,0.164068
287,0.325275,0.227956,0.427349,0.477447,0.500000,0.022553
288,0.324823,0.197174,0.427408,0.444043,-0.250000,0.194043
289,0.324381,0.198616,0.427472,0.445663,-0.375000,0.070663
290,0.323292,0.013142,0.426378,0.114636,0.000000,-0.114636
291,0.323352,0.340529,0.426926,0.583548,-0.500000,0.083548
292,0.323065,0.240463,0.427146,0.490370,-0.500000,-0.009630
293,0.322381,0.125542,0.426894,0.354319,0.125000,-0.229319
294,0.322753,0.430359,0.427684,0.656018,-0.625000,0.031018
295,0.321790,0.042455,0.426922,0.206047,-0.375000,-0.168953
296,0.321319,0.184191,0.426930,0.429174,0.125000,-0.304174
297,0.320339,0.034153,0.426104,0.184806,0.250000,0.065194
298,0.319819,0.167363,0.426046,0.409101,-0.500000,-0.090899
299,0.318735,0.000154,0.424644,0.012418,-0.250000,-0.237582
300,0.317827,0.050106,0.423965,0.223844,0.000000,-0.223844
301,0.317321,0.167280,0.423915,0.408999,0.375000,-0.033999
302,0.316399,0.042671,0.423186,0.206569,-0.125000,0.081569
303,0.316321,0.293187,0.423581,0.541468,0.500000,-0.041468
304,0.315290,0.007065,0.422450,0.084055,0.125000,0.040945
305,0.314521,0.083831,0.422008,0.289536,-0.375000,-0.085464
306,0.315484,0.605176,0.423187,0.777931,0.375000,-0.402931
307,0.314489,0.014153,0.422182,0.118966,-0.125000,-0.006034
308,0.313856,0.122017,0.421943,0.349309,0.500000,0.150691
309,0.312951,0.037857,0.421197,0.194568,0.125000,0.319568
310,0.311994,0.019963,0.420283,0.141290,0.375000,0.233710
311,0.313776,0.859196,0.421933,0.926928,-0.750000,0.176928
312,0.313081,0.099508,0.421587,0.315448,-0.375000,-0.059552
313,0.313065,0.308154,0.422019,0.555116,0.375000,-0.180116
314,0.312694,0.198263,0.422094,0.445268,-0.250000,0.195268
315,0.311691,0.000700,0.420822,0.026453,0.125000,0.098547
316,0.312540,0.576439,0.421907,0.759236,-0.750000,0.009236
317,0.311996,0.142278,0.421764,0.377198,0.250000,-0.127198
318,0.311056,0.016905,0.420835,0.130020,0.250000,0.119980
319,0.310364,0.093217,0.420468,0.305314,0.000000,0.305314
320,0.310770,0.438598,0.421233,0.662267,-0.625000,0.037267
321,0.309792,0.000795,0.419993,0.028198,-0.125000,-0.153198
322,0.308825,0.002133,0.418818,0.046181,0.125000,0.078819
323,0.307858,0.000280,0.417557,0.016726,0.125000,0.141726
324,0.306909,0.004229,0.416456,0.065027,0.250000,0.184973
325,0.306339,0.124098,0.416256,0.352275,-0.375000,-0.022725
326,0.305416,0.008989,0.415258,0.094809,0.000000,-0.094809
327,0.304500,0.009689,0.414277,0.098435,-0.125000,-0.026565
328,0.303564,0.001116,0.413101,0.033412,0.125000,0.091588
329,0.303497,0.281953,0.413464,0.530993,-0.500000,0.030993
330,0.302631,0.021121,0.412641,0.145329,0.125000,-0.020329
331,0.302069,0.118711,0.412433,0.344545,-0.125000,0.219545
332,0.301228,0.026253,0.411670,0.162029,0.000000,0.162029
333,0.300326,0.004412,0.410620,0.066425,0.125000,0.191425
334,0.299724,0.101780,0.410343,0.319030,-0.125000,0.194030
335,0.299055,0.078347,0.409949,0.279906,-0.125000,0.154906
336,0.299505,0.448430,0.410731,0.669649,0.750000,0.080351
337,0.300611,0.667763,0.411951,0.817168,-0.750000,0.067168
338,0.299806,0.031735,0.411251,0.178142,0.000000,-0.178142
339,0.298947,0.012160,0.410353,0.110275,-0.125000,-0.235275
340,0.298126,0.022992,0.409583,0.151631,-0.125000,0.026631
341,0.297253,0.003828,0.408551,0.061874,0.000000,-0.061874
342,0.296391,0.005897,0.407570,0.076790,0.000000,0.076790
343,0.296291,0.262411,0.407879,0.512260,-0.500000,0.012260
344,0.295420,0.000423,0.406739,0.020569,-0.250000,-0.229431
345,0.294669,0.039141,0.406127,0.197841,-0.375000,-0.177159
346,0.294139,0.113610,0.405925,0.337061,0.250000,-0.087061
347,0.293871,0.201923,0.406051,0.449358,0.375000,-0.074358
348,0.293084,0.023307,0.405315,0.152665,-0.125000,0.027665
349,0.292456,0.076499,0.404942,0.276585,-0.625000,-0.348415
350,0.294379,0.957694,0.406600,0.978618,0.500000,-0.478618
351,0.294334,0.278937,0.406950,0.528145,0.500000,-0.028145
352,0.293580,0.031756,0.406293,0.178202,-0.125000,0.053202
353,0.294034,0.452172,0.407055,0.672437,0.500000,-0.172437
354,0.293547,0.123507,0.406896,0.351435,-0.375000,-0.023565
355,0.294952,0.786686,0.408264,0.886953,0.750000,-0.136953
356,0.294172,0.020541,0.407511,0.143321,0.000000,0.143321
357,0.293339,0.000004,0.406362,0.001934,0.250000,0.248066
358,0.292637,0.044839,0.405813,0.211753,-0.125000,0.086753
359,0.291841,0.010170,0.404954,0.100847,0.000000,0.100847
360,0.291480,0.163044,0.404950,0.403787,-0.250000,0.153787
361,0.290896,0.082974,0.404623,0.288052,0.250000,-0.038052
362,0.290673,0.211239,0.404776,0.459607,0.625000,0.165393
363,0.289880,0.006034,0.403865,0.077678,-0.125000,-0.047322
364,0.289506,0.155146,0.403838,0.393886,0.250000,-0.143886
365,0.292372,1.324017,0.405906,1.150659,-1.250000,-0.099341
366,0.291568,0.001388,0.404888,0.037261,0.000000,-0.037261
367,0.291131,0.133107,0.404778,0.364838,0.125000,-0.239838
368,0.290686,0.128899,0.404652,0.359026,0.000000,0.359026
369,0.290038,0.054409,0.404182,0.233258,0.250000,0.016742
370,0.289493,0.090608,0.403901,0.301011,-0.250000,0.051011
371,0.288709,0.001752,0.402914,0.041859,-0.125000,-0.083141
372,0.288118,0.071037,0.402543,0.266527,0.250000,-0.016527
373,0.287362,0.009091,0.401711,0.095348,0.125000,0.220348
374,0.286613,0.010377,0.400901,0.101870,0.250000,0.148130
375,0.286869,0.381641,0.401485,0.617771,-0.625000,-0.007229
376,0.287175,0.400558,0.402107,0.632897,0.500000,-0.132897
377,0.286467,0.023077,0.401436,0.151911,0.375000,0.223089
378,0.285724,0.008614,0.400611,0.092810,0.125000,0.217810
379,0.285184,0.083226,0.400312,0.288488,-0.250000,0.038488
380,0.287895,1.304584,0.402285,1.142184,-1.250000,-0.107816
381,0.287872,0.279185,0.402620,0.528380,0.250000,-0.278380
382,0.287148,0.014161,0.401869,0.119002,0.000000,0.119002
383,0.286798,0.154458,0.401846,0.393012,0.000000,0.393012
384,0.287255,0.460457,0.402574,0.678570,-0.750000,-0.071430
385,0.287000,0.190068,0.402662,0.435968,0.125000,-0.310968
386,0.286299,0.019432,0.401973,0.139399,0.125000,-0.014399
387,0.286538,0.377752,0.402528,0.614615,0.625000,0.010385
388,0.286138,0.132871,0.402429,0.364514,-0.250000,0.114514
389,0.285406,0.004259,0.401553,0.065264,-0.125000,-0.190264
390,0.284750,0.032385,0.400979,0.179957,0.000000,-0.179957
391,0.284015,0.000258,0.399985,0.016077,-0.125000,-0.108923
392,0.283609,0.126627,0.399871,0.355847,0.375000,0.019153
393,0.282939,0.022998,0.399233,0.151652,-0.125000,0.026652
394,0.282296,0.032128,0.398669,0.179243,0.000000,-0.179243
395,0.281598,0.009051,0.397892,0.095137,-0.125000,-0.220137
396,0.280881,0.000627,0.396941,0.025050,-0.125000,-0.099950
397,0.280487,0.126265,0.396835,0.355338,0.125000,-0.230338
398,0.279860,0.033395,0.396292,0.182743,-0.250000,-0.067257
399,0.279173,0.008438,0.395521,0.091857,0.000000,-0.091857
400,0.278804,0.133103,0.395444,0.364832,0.250000,-0.114832
401,0.278102,0.000001,0.394450,0.000892,0.000000,0.000892
402,0.277666,0.104565,0.394271,0.323365,-0.375000,-0.051635
403,0.277250,0.111879,0.394121,0.334483,-0.500000,-0.165517
404,0.276985,0.171112,0.394170,0.413657,0.250000,-0.163657
405,0.276524,0.092178,0.393944,0.303609,0.375000,0.071391
406,0.276217,0.153147,0.393938,0.391340,-0.250000,0.141340
407,0.275628,0.038692,0.393449,0.196702,0.000000,-0.196702
408,0.275090,0.058522,0.393073,0.241913,-0.375000,-0.133087
409,0.274807,0.160293,0.393091,0.400367,-0.500000,-0.099633
410,0.274407,0.112394,0.392949,0.335252,0.125000,-0.210252
411,0.273754,0.008712,0.392213,0.093339,0.125000,0.031661
412,0.273418,0.136653,0.392158,0.369666,-0.375000,-0.005334
413,0.272831,0.033278,0.391645,0.182423,-0.375000,-0.192577
414,0.272290,0.051036,0.391241,0.225913,0.000000,-0.225913
415,0.271707,0.032807,0.390729,0.181127,-0.250000,-0.068873
416,0.271480,0.178015,0.390805,0.421918,0.375000,-0.046918
417,0.270837,0.005995,0.390046,0.077430,-0.125000,-0.047570
418,0.270327,0.059566,0.389694,0.244061,0.125000,-0.119061
419,0.269846,0.070768,0.389396,0.266022,-0.375000,-0.108978
420,0.269537,0.141448,0.389364,0.376095,0.250000,-0.126095
421,0.268911,0.008324,0.388649,0.091237,0.125000,0.033763
422,0.268413,0.060783,0.388309,0.246543,-0.125000,0.121543
423,0.267790,0.007305,0.387586,0.085470,0.000000,0.085470
424,0.267610,0.192265,0.387707,0.438480,-0.375000,0.063480
425,0.266976,0.000536,0.386841,0.023145,0.000000,-0.023145
426,0.266607,0.111326,0.386715,0.333656,-0.250000,0.083656
427,0.266445,0.198031,0.386853,0.445006,-0.375000,0.070006
428,0.265826,0.004202,0.386094,0.064822,-0.250000,-0.185178
429,0.266634,0.609141,0.387021,0.780475,0.625000,-0.155475
430,0.266011,0.001330,0.386199,0.036465,0.000000,-0.036465
431,0.265390,0.000721,0.385357,0.026843,-0.125000,-0.151843
432,0.264775,0.002269,0.384568,0.047631,-0.375000,-0.422631
433,0.264159,0.000443,0.383721,0.021041,-0.375000,-0.353959
434,0.264288,0.319466,0.384143,0.565213,-0.875000,-0.309787
435,0.264649,0.419874,0.384755,0.647977,0.500000,-0.147977
436,0.264114,0.033649,0.384289,0.183436,-0.125000,0.058436
437,0.263508,0.001985,0.383504,0.044550,0.000000,-0.044550
438,0.264356,0.631311,0.384451,0.794551,0.500000,-0.294551
439,0.263769,0.008880,0.383784,0.094234,0.000000,-0.094234
440,0.263590,0.186071,0.383893,0.431360,-0.625000,-0.193640
441,0.263780,0.346224,0.384361,0.588408,0.250000,-0.338408
442,0.263735,0.244184,0.384612,0.494150,-0.375000,0.119150
443,0.263424,0.127243,0.384548,0.356711,-0.250000,0.106711
444,0.263356,0.233681,0.384773,0.483405,0.375000,-0.108405
445,0.263128,0.162505,0.384815,0.403120,-0.375000,0.028120
446,0.262729,0.086872,0.384611,0.294741,0.250000,-0.044741
447,0.262308,0.076302,0.384366,0.276229,-0.250000,0.026229
448,0.261799,0.036376,0.383930,0.190725,-0.125000,0.065725
449,0.261278,0.030110,0.383457,0.173522,-0.125000,0.048522
450,0.261715,0.455995,0.384111,0.675274,-0.625000,0.050274
451,0.261728,0.267402,0.384409,0.517109,-0.625000,-0.107891
452,0.261332,0.084412,0.384199,0.290537,0.125000,-0.165537
453,0.260930,0.080997,0.383978,0.284600,-0.250000,0.034600
454,0.260398,0.021297,0.383449,0.145935,-0.250000,-0.104065
455,0.259868,0.021531,0.382924,0.146733,-0.375000,-0.228267
456,0.260258,0.435991,0.383537,0.660296,-0.875000,-0.214704
457,0.260613,0.420986,0.384123,0.648834,0.375000,-0.273834
458,0.260565,0.238783,0.384353,0.488654,0.500000,0.011346
459,0.260089,0.044145,0.383970,0.210106,-0.125000,0.085106
460,0.259746,0.103827,0.383835,0.322222,0.000000,-0.322222
461,0.259339,0.073448,0.383588,0.271014,0.000000,-0.271014
462,0.258775,0.001028,0.382821,0.032058,-0.250000,-0.217942
463,0.258351,0.064563,0.382540,0.254093,0.125000,-0.129093
464,0.257895,0.048330,0.382186,0.219842,0.250000,0.030158
465,0.257341,0.002344,0.381462,0.048418,0.000000,0.048418
466,0.259423,1.219262,0.383027,1.104202,-1.250000,-0.145798
467,0.261451,1.198355,0.384564,1.094694,-1.250000,-0.155306
468,0.260955,0.031370,0.384117,0.177115,-0.375000,-0.197885
469,0.260425,0.014746,0.383552,0.121435,0.375000,0.253565
470,0.259877,0.004734,0.382876,0.068801,0.250000,0.318801
471,0.260168,0.395972,0.383404,0.629263,0.625000,-0.004263
472,0.260500,0.415691,0.383962,0.644741,0.375000,-0.269741
473,0.259947,0.000874,0.383207,0.029566,-0.375000,-0.345434
474,0.259989,0.279777,0.383517,0.528939,0.125000,-0.403939
475,0.259716,0.131414,0.383472,0.362511,-0.250000,0.112511
476,0.259176,0.004894,0.382808,0.069956,0.000000,0.069956
477,0.258812,0.087070,0.382623,0.295077,0.125000,-0.170077
478,0.258453,0.088621,0.382443,0.297693,-0.375000,-0.077307
479,0.258270,0.171621,0.382510,0.414271,0.250000,-0.164271
480,0.258096,0.175078,0.382586,0.418423,0.375000,-0.043423
481,0.257557,0.001107,0.381854,0.033269,0.000000,0.033269
482,0.257042,0.011606,0.381280,0.107729,0.000000,-0.107729
483,0.258031,0.730586,0.382268,0.854743,0.750000,-0.104743
484,0.257672,0.085829,0.382082,0.292966,0.250000,-0.042966
485,0.257909,0.371587,0.382555,0.609580,-0.750000,-0.140420
486,0.257710,0.162147,0.382597,0.402675,-0.750000,-0.347325
487,0.257321,0.069868,0.382352,0.264325,0.000000,-0.264325
488,0.256913,0.059610,0.382067,0.244152,0.375000,0.130848
489,0.256643,0.126074,0.382011,0.355069,-0.125000,0.230069
490,0.256122,0.003498,0.381347,0.059148,-0.125000,-0.065852
491,0.255862,0.129577,0.381303,0.359969,0.125000,-0.234969
492,0.255572,0.114359,0.381214,0.338170,0.250000,-0.088170
493,0.255050,0.000090,0.380454,0.009506,0.000000,0.009506
494,0.254968,0.214703,0.380624,0.463361,0.500000,0.036639
495,0.254454,0.002583,0.379952,0.050823,0.000000,-0.050823
496,0.253949,0.006155,0.379339,0.078451,-0.125000,-0.203451
497,0.253705,0.133919,0.379312,0.365949,0.125000,-0.240949
498,0.254061,0.429552,0.379871,0.655402,0.500000,-0.155402
499,0.254278,0.361127,0.380317,0.600938,-0.625000,-0.024062
500,0.253799,0.016910,0.379813,0.130040,-0.125000,0.005040
501,0.253501,0.105673,0.379703,0.325074,0.250000,-0.075074
502,0.253433,0.219636,0.379881,0.468653,-0.375000,0.093653
503,0.253225,0.149482,0.379895,0.386630,0.375000,-0.011630
504,0.252726,0.003596,0.379255,0.059965,0.125000,0.065035
505,0.252703,0.241355,0.379478,0.491279,-0.500000,-0.008721
506,0.252632,0.217241,0.379651,0.466091,0.375000,-0.091091
507,0.252164,0.017211,0.379157,0.131190,0.250000,0.118810
508,0.253275,0.811893,0.380193,0.901051,-0.875000,0.026051
509,0.253092,0.161128,0.380235,0.401408,0.375000,-0.026408
510,0.252741,0.075437,0.380026,0.274657,-0.125000,0.149657
511,0.252331,0.045004,0.379695,0.212141,-0.125000,0.087141
512,0.252134,0.152115,0.379715,0.390020,0.500000,0.109980
513,0.251952,0.159278,0.379753,0.399097,-0.250000,0.149097
514,0.252360,0.460386,0.380339,0.678518,0.625000,-0.053518
515,0.252147,0.143330,0.380336,0.378589,-0.250000,0.128589
516,0.251853,0.101533,0.380215,0.318642,-0.250000,0.068642
517,0.251377,0.007810,0.379646,0.088377,-0.250000,-0.161623
518,0.250893,0.002380,0.379003,0.048787,-0.125000,-0.076213
519,0.250756,0.180306,0.379091,0.424624,-0.500000,-0.075376
520,0.251109,0.433027,0.379632,0.658048,0.500000,-0.158048
521,0.250675,0.026802,0.379214,0.163713,0.125000,-0.038713
522,0.250318,0.065946,0.378978,0.256799,0.125000,-0.131799
523,0.250081,0.127234,0.378935,0.356698,0.125000,-0.231698
524,0.249649,0.025096,0.378511,0.158417,0.000000,-0.158417
525,0.249187,0.009135,0.377968,0.095576,-0.250000,-0.154424
526,0.248732,0.011709,0.377451,0.108210,0.000000,-0.108210
527,0.248275,0.009916,0.376920,0.099579,-0.125000,-0.025421
528,0.248219,0.218701,0.377093,0.467654,-0.500000,-0.032346
529,0.247761,0.007872,0.376543,0.088725,0.000000,-0.088725
530,0.247901,0.321148,0.376905,0.566699,-0.500000,0.066699
531,0.247526,0.050188,0.376615,0.224027,-0.250000,-0.025973
532,0.247681,0.329743,0.376989,0.574233,-0.625000,-0.050767
533,0.247281,0.035901,0.376635,0.189477,0.125000,-0.064477
534,0.247030,0.114225,0.376562,0.337972,0.375000,0.037028
535,0.246579,0.007658,0.376017,0.087509,0.125000,0.037491
536,0.246154,0.020492,0.375580,0.143149,0.000000,-0.143149
537,0.245769,0.040956,0.375255,0.202376,0.000000,-0.202376
538,0.246634,0.707519,0.376127,0.841141,0.750000,-0.091141
539,0.246173,0.000028,0.375434,0.005326,0.000000,-0.005326
540,0.246464,0.402226,0.375917,0.634213,0.625000,-0.009213
541,0.246302,0.159287,0.375960,0.399107,-0.500000,-0.100893
542,0.245909,0.035223,0.375610,0.187679,0.000000,-0.187679
543,0.245518,0.035222,0.375261,0.187674,-0.250000,-0.062326
544,0.245071,0.004041,0.374684,0.063572,0.000000,0.063572
545,0.244653,0.019049,0.374247,0.138018,0.125000,-0.013018
546,0.244382,0.097605,0.374133,0.312419,-0.375000,-0.062581
547,0.244300,0.199837,0.374267,0.447031,-0.625000,-0.177969
548,0.243872,0.011359,0.373775,0.106581,-0.125000,-0.231581
549,0.243474,0.027222,0.373392,0.164992,0.125000,-0.039992
550,0.243188,0.087019,0.373248,0.294990,0.375000,0.080010
551,0.243344,0.328348,0.373613,0.573017,-0.500000,0.073017
552,0.242925,0.013831,0.373146,0.117606,-0.125000,-0.242606
553,0.242581,0.054037,0.372890,0.232459,-0.375000,-0.142541
554,0.242351,0.116264,0.372832,0.340975,-0.375000,-0.034025
555,0.241913,0.001071,0.372215,0.032729,-0.125000,-0.092271
556,0.241481,0.003247,0.371644,0.056978,-0.125000,-0.068022
557,0.241079,0.019283,0.371223,0.138863,0.000000,-0.138863
558,0.240860,0.119897,0.371178,0.346261,0.250000,-0.096261
559,0.240434,0.004138,0.370625,0.064327,0.000000,-0.064327
560,0.240941,0.522464,0.371258,0.722817,0.625000,-0.097817
561,0.241381,0.486142,0.371843,0.697239,0.625000,-0.072239
562,0.241359,0.229128,0.372035,0.478674,0.500000,0.021326
563,0.241091,0.091540,0.371911,0.302556,0.250000,-0.052556
564,0.240743,0.046295,0.371631,0.215163,0.125000,-0.090163
565,0.240616,0.169604,0.371702,0.411830,-0.500000,-0.088170
566,0.240289,0.056670,0.371465,0.238055,-0.250000,-0.011945
567,0.240010,0.083380,0.371318,0.288757,0.375000,0.086243
568,0.239647,0.034963,0.370991,0.186984,0.000000,0.186984
569,0.239416,0.108932,0.370918,0.330048,-0.250000,0.080048
570,0.239415,0.238839,0.371126,0.488711,0.375000,-0.113711
571,0.240172,0.668998,0.371914,0.817923,-0.750000,0.067923
572,0.240281,0.302011,0.372227,0.549555,-0.500000,0.049555
573,0.240229,0.210844,0.372380,0.459177,0.375000,-0.084177
574,0.240049,0.137310,0.372377,0.370554,-0.250000,0.120554
575,0.240104,0.271640,0.372637,0.521191,-0.500000,0.021191
576,0.239814,0.073911,0.372461,0.271866,0.125000,-0.146866
577,0.239413,0.010445,0.371990,0.102198,0.125000,0.022802
578,0.239021,0.014040,0.371548,0.118489,0.125000,0.006511
579,0.239238,0.364204,0.371951,0.603493,0.625000,0.021507
580,0.239279,0.262529,0.372195,0.512376,0.500000,-0.012376
581,0.239273,0.236129,0.372392,0.485932,0.375000,-0.110932
582,0.238898,0.022436,0.372007,0.149786,0.125000,-0.024786
583,0.238582,0.055672,0.371772,0.235949,0.250000,0.014051
584,0.238224,0.030954,0.371434,0.175936,-0.125000,0.050936
585,0.238133,0.185767,0.371537,0.431007,0.375000,-0.056007
586,0.237786,0.035982,0.371225,0.189688,-0.250000,-0.060312
587,0.237382,0.002107,0.370667,0.045906,-0.125000,-0.079094
588,0.237046,0.041212,0.370379,0.203007,0.125000,-0.078007
589,0.236673,0.019083,0.369982,0.138139,-0.125000,0.013139
590,0.237261,0.581089,0.370652,0.762292,0.750000,-0.012292
591,0.236918,0.035843,0.370343,0.189322,-0.125000,0.064322
592,0.236676,0.094708,0.370237,0.307747,-0.375000,-0.067253
593,0.236602,0.193180,0.370354,0.439523,0.125000,-0.314523
594,0.236202,0.000493,0.369764,0.022198,0.000000,0.022198
595,0.235885,0.049100,0.369513,0.221585,-0.250000,-0.028415
596,0.236333,0.500559,0.370084,0.707502,0.625000,-0.082502
597,0.236201,0.158187,0.370131,0.397727,-0.375000,0.022727
598,0.235907,0.061985,0.369927,0.248969,0.125000,-0.123969
599,0.235522,0.006620,0.369442,0.081364,-0.125000,-0.043636
600,0.235127,0.000017,0.368829,0.004132,0.000000,0.004132
601,0.234733,0.000167,0.368233,0.012924,0.000000,0.012924
602,0.234412,0.042459,0.367962,0.206056,0.250000,0.043944
603,0.234064,0.025831,0.367616,0.160721,-0.125000,0.035721
604,0.233759,0.051186,0.367380,0.226243,-0.250000,-0.023757
605,0.233531,0.096572,0.367286,0.310760,0.250000,-0.060760
606,0.233173,0.018342,0.366901,0.135433,0.250000,0.114567
607,0.232846,0.035895,0.366606,0.189459,0.250000,0.060541
608,0.234006,0.933688,0.367599,0.966275,1.000000,0.033725
609,0.233992,0.225232,0.367776,0.474586,-0.500000,-0.025414
610,0.233666,0.036447,0.367484,0.190910,0.000000,-0.190910
611,0.234709,0.867098,0.368413,0.931181,0.750000,-0.181181
612,0.234325,0.000804,0.367854,0.028354,0.125000,0.096646
613,0.233944,0.002481,0.367331,0.049806,0.000000,0.049806
614,0.234778,0.742853,0.368142,0.861889,-0.875000,-0.013111
615,0.235214,0.501214,0.368698,0.707964,-0.875000,-0.167036
616,0.234986,0.095266,0.368600,0.308653,0.250000,-0.058653
617,0.234608,0.003508,0.368096,0.059229,0.250000,0.309229
618,0.234231,0.003369,0.367591,0.058041,0.375000,0.316959
619,0.234211,0.221919,0.367759,0.471083,-0.375000,0.096083
620,0.233872,0.025232,0.367420,0.158846,-0.250000,-0.091154
621,0.233578,0.052265,0.367195,0.228616,0.250000,0.021384
622,0.234866,1.029816,0.368243,1.014799,-0.750000,0.264799
623,0.234487,0.000250,0.367673,0.015803,0.125000,0.140803
624,0.234144,0.021411,0.367316,0.146325,0.000000,0.146325
625,0.233779,0.007559,0.366865,0.086941,0.000000,0.086941
626,0.233419,0.010236,0.366438,0.101172,0.250000,0.148828
627,0.233093,0.030111,0.366128,0.173524,0.000000,0.173524
628,0.232800,0.050016,0.365900,0.223643,-0.125000,0.098643
629,0.232432,0.003242,0.365405,0.056935,0.250000,0.193065
630,0.232471,0.256545,0.365631,0.506503,-0.250000,0.256503
631,0.232467,0.229844,0.365812,0.479421,0.625000,0.145579
632,0.232793,0.437367,0.366283,0.661337,-0.625000,0.036337
633,0.232447,0.015179,0.365896,0.123203,-0.125000,-0.001797
634,0.233312,0.777418,0.366715,0.881713,-0.875000,0.006713
635,0.232943,0.000229,0.366158,0.015144,0.000000,0.015144
636,0.233436,0.545051,0.366747,0.738276,-0.625000,0.113276
637,0.234545,0.935288,0.367695,0.967103,-0.875000,0.092103
638,0.236359,1.384576,0.368971,1.176680,-1.375000,-0.198320
639,0.236097,0.070020,0.368807,0.264613,0.000000,-0.264613
640,0.235792,0.042004,0.368549,0.204948,0.250000,0.045052
641,0.235710,0.183749,0.368643,0.428660,-0.125000,0.303660
642,0.235670,0.209812,0.368784,0.458052,0.375000,-0.083052
643,0.235838,0.343190,0.369123,0.585824,0.500000,-0.085824
644,0.235583,0.072517,0.368967,0.269290,0.250000,-0.019290
645,0.235220,0.002835,0.368475,0.053246,0.000000,0.053246
646,0.235011,0.101410,0.368397,0.318450,-0.125000,0.193450
647,0.234844,0.127575,0.368379,0.357177,-0.250000,0.107177
648,0.234521,0.026522,0.368060,0.162855,-0.250000,-0.087145
649,0.234158,0.000575,0.367527,0.023988,0.000000,0.023988
650,0.233887,0.059334,0.367335,0.243586,0.250000,0.006414
651,0.233540,0.009131,0.366915,0.095555,0.000000,0.095555
652,0.233187,0.004825,0.366456,0.069459,-0.125000,-0.055541
653,0.233043,0.139523,0.366467,0.373527,0.250000,-0.123527
654,0.233310,0.406892,0.366884,0.637881,0.625000,-0.012881
655,0.232994,0.027600,0.366576,0.166134,0.250000,0.083866
656,0.233000,0.237159,0.366761,0.486990,0.500000,0.013010
657,0.232653,0.006176,0.366319,0.078587,-0.125000,-0.046413
658,0.232434,0.089221,0.366216,0.298700,0.125000,-0.173700
659,0.232103,0.015495,0.365847,0.124478,-0.250000,-0.125522
660,0.231756,0.004421,0.365390,0.066493,-0.125000,-0.058507
661,0.232983,1.038352,0.366385,1.018996,0.875000,-0.143996
662,0.232788,0.104653,0.366320,0.323502,-0.250000,0.073502
663,0.232473,0.025077,0.366005,0.158357,0.000000,-0.158357
664,0.232518,0.262066,0.366226,0.511923,0.250000,-0.261923
665,0.232238,0.047799,0.366002,0.218630,0.125000,-0.093630
666,0.232222,0.221685,0.366161,0.470834,-0.625000,-0.154166
667,0.232103,0.153094,0.366199,0.391272,0.250000,-0.141272
668,0.231764,0.006605,0.365769,0.081274,0.000000,-0.081274
669,0.231914,0.331987,0.366086,0.576183,0.500000,-0.076183
670,0.231566,0.000024,0.365544,0.004882,0.000000,0.004882
671,0.231223,0.002962,0.365077,0.054429,0.000000,0.054429
672,0.231288,0.274275,0.365315,0.523712,-0.500000,0.023712
673,0.231059,0.078084,0.365186,0.279435,-0.250000,0.029435
674,0.230733,0.012518,0.364808,0.111884,-0.125000,-0.013116
675,0.230395,0.004445,0.364364,0.066668,0.125000,0.058332
676,0.230301,0.167166,0.364430,0.408860,-0.375000,0.033860
677,0.229974,0.010367,0.364040,0.101819,0.000000,-0.101819
678,0.229679,0.031151,0.363762,0.176498,-0.250000,-0.073502
679,0.229340,0.000665,0.363261,0.025790,0.000000,0.025790
680,0.229046,0.030284,0.362981,0.174022,-0.125000,0.049022
681,0.228725,0.011816,0.362605,0.108700,0.125000,0.016300
682,0.228586,0.134707,0.362612,0.367025,-0.375000,-0.007975
683,0.229454,0.817811,0.363410,0.904329,0.875000,-0.029329
684,0.229186,0.047029,0.363194,0.216861,0.250000,0.033139
685,0.228863,0.009394,0.362803,0.096921,-0.125000,-0.028079
686,0.229247,0.491128,0.363299,0.700805,0.375000,-0.325805
687,0.228945,0.022917,0.362988,0.151383,-0.250000,-0.098617
688,0.228864,0.173051,0.363066,0.415994,0.250000,-0.165994
689,0.228885,0.243727,0.363257,0.493687,-0.500000,-0.006313
690,0.228698,0.100544,0.363189,0.317086,-0.375000,-0.057914
691,0.228367,0.001416,0.362715,0.037630,-0.125000,-0.162630
692,0.228037,0.000701,0.362227,0.026479,0.000000,0.026479
693,0.228075,0.254673,0.362433,0.504651,-0.500000,0.004651
694,0.227870,0.086475,0.362334,0.294066,-0.375000,-0.080934
695,0.227649,0.074992,0.362206,0.273846,0.125000,-0.148846
696,0.227861,0.374485,0.362567,0.611952,0.625000,0.013048
697,0.227711,0.124081,0.362552,0.352252,0.500000,0.147748
698,0.227460,0.053246,0.362362,0.230751,-0.125000,0.105751
699,0.227139,0.004814,0.361941,0.069383,-0.250000,-0.180617
700,0.226819,0.004315,0.361515,0.065686,-0.250000,-0.184314
701,0.226527,0.023437,0.361216,0.153093,-0.125000,0.028093
702,0.226317,0.079960,0.361104,0.282771,-0.125000,0.157771
703,0.226129,0.094383,0.361027,0.307218,-0.250000,0.057218
704,0.225816,0.007079,0.360631,0.084134,0.000000,-0.084134
705,0.225580,0.060347,0.360467,0.245657,-0.250000,-0.004343
706,0.225452,0.136097,0.360479,0.368914,0.250000,-0.118914
707,0.225150,0.012802,0.360127,0.113146,-0.125000,-0.011854
708,0.224952,0.085777,0.360032,0.292877,-0.375000,-0.082123
709,0.224767,0.094558,0.359957,0.307503,0.125000,-0.182503
710,0.224466,0.012346,0.359605,0.111114,0.125000,0.013886
711,0.224150,0.001012,0.359141,0.031806,0.000000,0.031806
712,0.223903,0.049295,0.358948,0.222024,0.250000,0.027976
713,0.223793,0.145757,0.358980,0.381781,0.375000,-0.006781
714,0.223488,0.007309,0.358595,0.085492,0.125000,0.039508
715,0.223405,0.164926,0.358661,0.406110,0.500000,0.093890
716,0.223132,0.029036,0.358397,0.170399,-0.125000,0.045399
717,0.222852,0.022993,0.358107,0.151633,0.125000,-0.026633
718,0.222944,0.289020,0.358358,0.537605,0.500000,-0.037605
719,0.222685,0.037557,0.358128,0.193797,-0.125000,0.068797
720,0.222464,0.064554,0.357983,0.254074,0.250000,-0.004074
721,0.222308,0.110462,0.357947,0.332359,0.375000,0.042641
722,0.222002,0.002745,0.357522,0.052395,0.000000,0.052395
723,0.221928,0.168539,0.357595,0.410535,-0.375000,0.035535
724,0.221622,0.001817,0.357158,0.042630,0.000000,-0.042630
725,0.221531,0.155975,0.357210,0.394936,0.375000,-0.019936
726,0.221309,0.060796,0.357057,0.246569,-0.125000,0.121569
727,0.221072,0.050285,0.356873,0.224244,0.250000,0.025756
728,0.221535,0.555948,0.357410,0.745619,0.750000,0.004381
729,0.221474,0.177297,0.357498,0.421066,0.500000,0.078934
730,0.222038,0.631618,0.358100,0.794744,-0.750000,0.044744
731,0.221928,0.141690,0.358126,0.376418,0.250000,-0.126418
732,0.222332,0.516381,0.358621,0.718597,0.750000,0.031403
733,0.222266,0.173918,0.358701,0.417035,-0.250000,0.167035
734,0.222063,0.073996,0.358582,0.272022,0.375000,0.102978
735,0.221902,0.104236,0.358533,0.322856,-0.250000,0.072856
736,0.221741,0.104005,0.358484,0.322498,0.250000,-0.072498
737,0.221439,0.000549,0.358027,0.023422,0.125000,0.148422
738,0.221759,0.456088,0.358459,0.675343,-0.500000,0.175343
739,0.221457,0.000177,0.357990,0.013295,0.000000,0.013295
740,0.221196,0.028999,0.357735,0.170292,0.250000,0.079708
741,0.220901,0.004352,0.357339,0.065972,0.125000,0.059028
742,0.220659,0.041668,0.357131,0.204127,0.375000,0.170873
743,0.220375,0.011174,0.356791,0.105705,0.000000,0.105705
744,0.220209,0.097485,0.356731,0.312227,-0.250000,0.062227
745,0.219939,0.020180,0.356441,0.142056,0.250000,0.107944
746,0.225067,4.025034,0.358664,2.006249,-1.875000,0.131249
747,0.225107,0.254768,0.358861,0.504746,0.625000,0.120254
748,0.225849,0.777117,0.359563,0.881542,-0.625000,0.256542
749,0.225553,0.004932,0.359175,0.070228,0.125000,0.054772
750,0.225270,0.014741,0.358856,0.121414,0.125000,0.003586
751,0.224990,0.016283,0.358547,0.127605,0.125000,-0.002605
752,0.225087,0.297255,0.358796,0.545211,-0.625000,-0.079789
753,0.225080,0.219665,0.358943,0.468684,-0.500000,-0.031316
754,0.225079,0.224305,0.359096,0.473609,0.375000,-0.098609
755,0.224945,0.124553,0.359088,0.352921,0.375000,0.022079
756,0.225358,0.535552,0.359583,0.731814,0.750000,0.018186
757,0.225101,0.032227,0.359344,0.179519,0.250000,0.070481
758,0.225525,0.544284,0.359846,0.737756,0.625000,-0.112756
759,0.225418,0.144950,0.359874,0.380723,0.375000,-0.005723
760,0.227308,1.654689,0.361099,1.286347,1.250000,-0.036347
761,0.228144,0.859547,0.361847,0.927118,-0.750000,0.177118
762,0.228203,0.273097,0.362059,0.522587,0.500000,-0.022587
763,0.227927,0.018690,0.361762,0.136710,-0.250000,-0.113290
764,0.227629,0.001422,0.361336,0.037710,0.000000,-0.037710
765,0.227360,0.022922,0.361060,0.151401,-0.250000,-0.098599
766,0.228742,1.280723,0.362071,1.131690,1.125000,-0.006690
767,0.228443,0.000355,0.361621,0.018836,0.000000,-0.018836
768,0.228326,0.138957,0.361636,0.372769,0.375000,0.002231
769,0.228043,0.011899,0.361306,0.109081,-0.250000,-0.140919
770,0.240340,9.647920,0.364889,3.106110,3.000000,-0.106110
771,0.241692,1.276810,0.365887,1.129960,1.000000,-0.129960
772,0.245057,2.826284,0.367599,1.681156,-1.375000,0.306156
773,0.244846,0.082755,0.367495,0.287671,-0.625000,-0.912671
774,0.244534,0.004666,0.367107,0.068310,-0.250000,-0.181690
775,0.248202,3.072839,0.368904,1.752951,1.625000,-0.127951
776,0.250041,1.667846,0.370099,1.291451,1.750000,0.458549
777,0.252032,1.788711,0.371351,1.337427,-1.000000,0.337427
778,0.251721,0.011053,0.371007,0.105132,-0.375000,-0.480132
779,0.251439,0.033371,0.370764,0.182678,0.375000,0.192322
780,0.251987,0.676521,0.371346,0.822509,-0.250000,0.572509
781,0.251898,0.183425,0.371419,0.428281,0.000000,0.428281
782,0.251575,0.000068,0.370952,0.008246,0.000000,-0.008246
783,0.251260,0.006448,0.370579,0.080301,0.000000,-0.080301
784,0.251047,0.084800,0.370477,0.291204,0.000000,0.291204
785,0.251849,0.877992,0.371203,0.937012,-0.875000,0.062012
786,0.252323,0.622145,0.371737,0.788761,0.875000,0.086239
787,0.252208,0.162671,0.371777,0.403325,0.750000,0.346675
788,0.251897,0.007855,0.371416,0.088628,0.000000,0.088628
789,0.251736,0.125967,0.371395,0.354918,0.250000,-0.104918
790,0.252210,0.624375,0.371928,0.790174,0.750000,-0.040174
791,0.252018,0.101205,0.371859,0.318127,0.500000,0.181873
792,0.252502,0.633409,0.372397,0.795870,-0.500000,0.295870
793,0.252560,0.297989,0.372617,0.545884,-0.625000,-0.079116
794,0.252242,0.001418,0.372193,0.037652,0.000000,0.037652
795,0.252085,0.127607,0.372174,0.357222,0.000000,0.357222
796,0.251830,0.050080,0.371987,0.223787,0.000000,0.223787
797,0.251541,0.023214,0.371710,0.152361,0.250000,0.097639
798,0.251297,0.057375,0.371544,0.239530,-0.125000,0.114530
799,0.250995,0.011430,0.371211,0.106910,0.250000,0.143090
800,0.250842,0.129517,0.371196,0.359884,-0.250000,0.109884
801,0.250898,0.295243,0.371413,0.543362,0.750000,0.206638
802,0.250656,0.057397,0.371247,0.239578,0.500000,0.260422
803,0.252245,1.520687,0.372326,1.233162,1.250000,0.016838
804,0.252232,0.242065,0.372476,0.492001,-0.375000,0.117001
805,0.254087,1.737976,0.373656,1.318323,1.250000,-0.068323
806,0.254011,0.193155,0.373739,0.439494,-0.375000,0.064494
807,0.254024,0.264100,0.373913,0.513907,-0.375000,0.138907
808,0.254226,0.416893,0.374251,0.645673,-0.750000,-0.104327
809,0.253914,0.002544,0.373849,0.050441,0.125000,0.074559
810,0.253705,0.085815,0.373749,0.292942,-0.250000,0.042942
811,0.253625,0.189260,0.373824,0.435040,-0.250000,0.185040
812,0.253335,0.019294,0.373534,0.138902,-0.125000,-0.263902
813,0.253859,0.677057,0.374089,0.822835,0.875000,0.052165
814,0.253934,0.314339,0.374319,0.560660,-0.500000,0.060660
815,0.253641,0.016365,0.374016,0.127925,-0.125000,0.002925
816,0.253329,0.000002,0.373557,0.001425,-0.125000,-0.123575
817,0.253215,0.161237,0.373591,0.401543,0.500000,0.098457
818,0.253488,0.474971,0.373979,0.689181,-0.625000,0.064181
819,0.253343,0.135421,0.373972,0.367995,0.375000,0.007005
820,0.254021,0.806671,0.374614,0.898149,0.875000,-0.023149
821,0.254658,0.774768,0.375233,0.880209,-0.625000,0.255209
822,0.254895,0.448070,0.375592,0.669380,-0.875000,-0.205620
823,0.254584,0.000124,0.375147,0.011141,-0.125000,-0.113859
824,0.254435,0.132293,0.375133,0.363721,-0.250000,0.113721
825,0.268450,11.761475,0.378854,3.429501,-3.250000,0.179501
826,0.269295,0.963001,0.379587,0.981326,-0.750000,0.231326
827,0.269309,0.280800,0.379769,0.529906,0.625000,0.095094
828,0.268994,0.009403,0.379426,0.096971,0.375000,0.278029
829,0.269418,0.618814,0.379920,0.786648,0.500000,-0.286648
830,0.269131,0.032252,0.379677,0.179589,-0.125000,0.054589
831,0.268870,0.053558,0.379498,0.231426,-0.375000,-0.143574
832,0.269027,0.398341,0.379802,0.631142,-0.625000,0.006142
833,0.268713,0.009494,0.379461,0.097439,0.125000,0.027561
834,0.270315,1.597878,0.380527,1.264072,-0.750000,0.514072
835,0.270031,0.034630,0.380293,0.186090,0.125000,-0.061090
836,0.270046,0.282325,0.380475,0.531342,-0.375000,0.156342
837,0.269722,0.000027,0.380024,0.005229,0.000000,-0.005229
838,0.269501,0.085418,0.379919,0.292263,0.250000,-0.042263
839,0.269852,0.562840,0.380362,0.750226,-0.625000,0.125226
840,0.269586,0.047351,0.380168,0.217602,0.125000,-0.092602
841,0.269380,0.097485,0.380086,0.312226,0.500000,0.187774
842,0.269060,0.000462,0.379659,0.021487,0.000000,0.021487
843,0.268811,0.060789,0.379500,0.246555,0.250000,0.003445
844,0.268642,0.126619,0.379472,0.355835,-0.375000,-0.019165
845,0.268363,0.033939,0.379240,0.184225,0.125000,-0.059225
846,0.268188,0.120785,0.379202,0.347541,-0.250000,0.097541
847,0.267883,0.011469,0.378879,0.107093,0.125000,0.017907
848,0.267577,0.009355,0.378545,0.096723,0.125000,0.028277
849,0.267317,0.047973,0.378356,0.219028,0.250000,0.030972
850,0.267544,0.459464,0.378710,0.677838,0.625000,-0.052838
851,0.268585,1.149569,0.379529,1.072180,1.000000,-0.072180
852,0.268679,0.348117,0.379777,0.590014,0.500000,-0.090014
853,0.268382,0.016006,0.379479,0.126514,0.125000,-0.001514
854,0.268066,0.000011,0.379036,0.003354,-0.125000,-0.128354
855,0.268470,0.612159,0.379510,0.782406,0.750000,-0.032406
856,0.268514,0.305834,0.379714,0.553022,0.625000,0.071978
857,0.268330,0.111111,0.379659,0.333333,-0.250000,0.083333
858,0.268996,0.837738,0.380287,0.915280,0.750000,-0.165280
859,0.268711,0.024880,0.380026,0.157735,0.000000,0.157735
860,0.268864,0.399855,0.380321,0.632341,-0.625000,0.007341
861,0.268551,0.000532,0.379904,0.023075,-0.125000,-0.101925
862,0.268427,0.162158,0.379931,0.402688,-0.375000,0.027688
863,0.268138,0.020170,0.379654,0.142023,-0.125000,0.017023
864,0.267905,0.067931,0.379515,0.260635,-0.250000,0.010635
865,0.267634,0.034939,0.379292,0.186921,-0.250000,-0.063079
866,0.267682,0.308851,0.379497,0.555743,0.500000,-0.055743
867,0.268153,0.674237,0.380008,0.821119,-0.750000,0.071119
868,0.267936,0.080035,0.379896,0.282904,0.250000,-0.032904
869,0.267885,0.224160,0.380004,0.473456,0.625000,0.151544
870,0.267809,0.201736,0.380084,0.449151,-0.375000,0.074151
871,0.267505,0.004317,0.379721,0.065707,-0.125000,-0.059293
872,0.267206,0.008374,0.379389,0.091507,0.125000,0.033493
873,0.266939,0.034637,0.379167,0.186111,-0.125000,0.061111
874,0.267249,0.537151,0.379573,0.732906,-0.625000,0.107906
875,0.266948,0.004922,0.379218,0.070154,0.000000,-0.070154
876,0.266666,0.020794,0.378949,0.144201,0.250000,0.105799
877,0.266487,0.110951,0.378896,0.333094,0.375000,0.041906
878,0.266927,0.650354,0.379385,0.806446,0.750000,-0.056446
879,0.267426,0.703746,0.379910,0.838895,1.000000,0.161105
880,0.267149,0.025113,0.379658,0.158469,0.000000,0.158469
881,0.266860,0.013475,0.379357,0.116084,0.125000,0.008916
882,0.266806,0.219726,0.379459,0.468749,0.375000,-0.093749
883,0.267447,0.829893,0.380064,0.910985,1.000000,0.089015
884,0.268927,1.569608,0.381055,1.252840,1.250000,-0.002840
885,0.268678,0.050014,0.380877,0.223637,-0.125000,0.098637
886,0.268720,0.306043,0.381072,0.553212,-0.750000,-0.196788
887,0.268703,0.253760,0.381211,0.503746,-0.625000,-0.121254
888,0.269439,0.918952,0.381864,0.958620,1.000000,0.041380
889,0.269135,0.000541,0.381459,0.023270,0.375000,0.351730
890,0.268843,0.010091,0.381142,0.100455,0.000000,0.100455
891,0.268641,0.089574,0.381050,0.299290,0.125000,-0.174290
892,0.268356,0.015712,0.380762,0.125347,0.125000,-0.000347
893,0.268095,0.036300,0.380548,0.190526,-0.250000,-0.059474
894,0.268535,0.660131,0.381033,0.812485,-0.750000,0.062485
895,0.268248,0.012531,0.380731,0.111940,0.125000,0.013060
896,0.268054,0.095237,0.380650,0.308604,-0.125000,0.183604
897,0.267950,0.174723,0.380692,0.417999,0.500000,0.082001
898,0.267689,0.034723,0.380475,0.186340,-0.125000,0.061340
899,0.267421,0.028378,0.380238,0.168456,-0.125000,0.043456
900,0.267123,0.000038,0.379820,0.006192,0.000000,-0.006192
901,0.266975,0.134149,0.379805,0.366264,-0.250000,0.116264
902,0.266678,0.000936,0.379416,0.030589,0.000000,0.030589
903,0.266418,0.032744,0.379195,0.180953,0.000000,0.180953
904,0.266262,0.125743,0.379168,0.354603,0.375000,0.020397
905,0.266171,0.184385,0.379224,0.429401,-0.375000,0.054401
906,0.267377,1.353845,0.380093,1.163549,1.125000,-0.038549
907,0.267135,0.049269,0.379918,0.221965,0.375000,0.153035
908,0.266846,0.006006,0.379584,0.077500,-0.125000,-0.047500
909,0.266639,0.078782,0.379474,0.280681,-0.500000,-0.219319
910,0.266429,0.076685,0.379361,0.276921,0.250000,-0.026921
911,0.267118,0.891602,0.379984,0.944247,-0.875000,0.069247
912,0.268539,1.556852,0.380940,1.247739,-1.250000,-0.002261
913,0.268250,0.006070,0.380606,0.077913,-0.250000,-0.172087
914,0.267959,0.003656,0.380255,0.060461,0.125000,0.185461
915,0.267668,0.002545,0.379893,0.050449,0.125000,0.074551
916,0.267658,0.258839,0.380034,0.508762,-0.500000,0.008762
917,0.267429,0.058861,0.379883,0.242612,0.125000,-0.117612
918,0.267220,0.076143,0.379770,0.275940,-0.250000,0.025940
919,0.267072,0.131782,0.379751,0.363017,-0.375000,-0.011983
920,0.267268,0.446550,0.380066,0.668244,-0.625000,0.043244
921,0.266979,0.001869,0.379699,0.043234,0.000000,0.043234
922,0.266869,0.166779,0.379730,0.408386,0.500000,0.091614
923,0.273588,6.441357,0.382079,2.537983,-2.500000,0.037983
924,0.275307,1.855262,0.383144,1.362080,-1.500000,-0.137920
925,0.275491,0.444057,0.383451,0.666376,-0.875000,-0.208624
926,0.275259,0.061910,0.383305,0.248817,-0.250000,-0.001183
927,0.275001,0.037502,0.383100,0.193653,-0.125000,-0.318653
928,0.276096,1.286808,0.383913,1.134376,0.875000,-0.259376
929,0.276284,0.449709,0.384223,0.670603,0.500000,-0.170603
930,0.276172,0.172573,0.384257,0.415420,0.125000,-0.290420
931,0.277485,1.493595,0.385160,1.222127,0.875000,-0.347127
932,0.277341,0.143230,0.385153,0.378457,0.750000,0.371543
933,0.277293,0.232907,0.385258,0.482605,-0.250000,0.232605
934,0.277805,0.753502,0.385777,0.868045,-1.000000,-0.131955
935,0.277517,0.009566,0.385468,0.097807,-0.250000,-0.152193
936,0.277224,0.004828,0.385129,0.069483,0.000000,0.069483
937,0.277142,0.200286,0.385196,0.447533,-0.375000,0.072533
938,0.276848,0.002328,0.384835,0.048250,-0.125000,-0.076750