# TEST CONFIGURATION BEGIN
# File Stream: filename: air_company_stock6.csv  -  n_targets: 1
# [air_company_stock6_HTREE] Pipeline: RegressionHoeffdingTree: max_byte_size: 33554432 - memory_estimate_period: 1000000 - grace_period: 200 - split_criterion: variance reduction - split_confidence: 1e-07 - tie_threshold: 0.05 - binary_split: False - stop_mem_management: False - remove_poor_atts: False - no_pre_prune: False - leaf_prediction: perceptron - nb_threshold: 0 - nominal_attributes: [] - 
# Prequential Evaluator: n_wait: 1 - max_samples: 600000 - max_time: 10000000 - output_file: air_company_stock6_HTREE_SIZE_4 - batch_size: 1 - pretrain_size: 5 - task_type: regression - show_plot: False - metrics: ['mean_square_error', 'mean_absolute_error', 'true_vs_predicted']
# TEST CONFIGURATION END
id,global_mse_[air_company_stock6_HTREE],sliding_mse_[air_company_stock6_HTREE],global_mae_[air_company_stock6_HTREE],sliding_mae_[air_company_stock6_HTREE],true_value_[air_company_stock6_HTREE],predicted_value_[air_company_stock6_HTREE]
5,3.686667,3.686667,1.920070,1.920070,0.000000,-1.920070
6,2.077383,0.468098,1.302123,0.684177,-0.250000,-0.934177
7,4.078844,8.081767,1.815697,2.842845,1.625000,-1.217845
8,9.515468,25.825341,2.632239,5.081864,0.750000,-4.331864
9,7.805162,0.963938,2.302152,0.981803,0.000000,0.981803
10,6.540463,0.216967,1.996093,0.465797,0.000000,-0.465797
11,5.642239,0.252894,1.782777,0.502886,-1.375000,-0.872114
12,5.479719,4.342077,1.820401,2.083765,-0.750000,1.333765
13,5.059806,1.700505,1.763027,1.304034,0.000000,1.304034
14,4.602270,0.484448,1.656326,0.696023,-0.750000,-1.446023
15,4.184053,0.001877,1.509690,0.043330,0.000000,0.043330
16,3.925773,1.084701,1.470674,1.041490,0.250000,-0.791490
17,3.760163,1.772843,1.459967,1.331482,0.375000,-0.956482
18,3.581419,1.257740,1.435790,1.121490,0.000000,1.121490
19,3.457958,1.729507,1.427744,1.315107,-0.500000,0.815107
20,3.258336,0.264007,1.370624,0.513816,-0.500000,-1.013816
21,3.095577,0.491437,1.331236,0.701025,0.000000,0.701025
22,2.976645,0.954791,1.311563,0.977134,-0.125000,0.852134
23,2.833981,0.266024,1.269680,0.515775,0.375000,0.890775
24,2.745848,1.071324,1.257948,1.035048,-0.375000,0.660048
25,2.672307,1.201487,1.250242,1.096123,-0.375000,0.721123
26,2.580670,0.656303,1.230237,0.810125,-0.750000,0.060125
27,2.473028,0.104911,1.190831,0.323900,-0.125000,0.198900
28,2.505677,3.256593,1.216405,1.804603,0.625000,-1.179603
29,2.629547,5.602416,1.262426,2.366942,1.125000,-1.241942
30,2.567312,1.011459,1.252553,1.005713,0.250000,-0.755713
31,2.478376,0.166027,1.221253,0.407464,0.875000,1.282464
32,2.404295,0.404109,1.200340,0.635696,-0.250000,0.385696
33,2.410529,2.585082,1.214391,1.607819,0.125000,1.732819
34,2.346036,0.475737,1.196903,0.689737,0.250000,0.939737
35,2.293649,0.722056,1.185704,0.849739,-0.500000,0.349739
36,2.237624,0.500838,1.170766,0.707699,-0.125000,0.582699
37,2.194603,0.817939,1.162695,0.904400,0.375000,1.279400
38,2.131700,0.055882,1.135450,0.236394,-0.250000,-0.486394
39,2.217705,5.141866,1.167797,2.267568,-0.250000,2.017568
40,2.162823,0.241962,1.149022,0.491897,0.125000,0.616897
41,2.104487,0.004384,1.119757,0.066215,0.250000,0.183785
42,2.059863,0.408806,1.107115,0.639379,0.875000,1.514379
43,2.007792,0.029068,1.083099,0.170495,-0.375000,-0.545495
44,2.032893,3.011823,1.099408,1.735460,1.000000,-0.735460
45,1.988787,0.224581,1.084152,0.473899,-0.250000,-0.723899
46,2.288929,14.594750,1.149298,3.820308,-1.125000,2.695308
47,2.257213,0.925134,1.144939,0.961839,-0.500000,0.461839
48,2.232586,1.173628,1.143539,1.083341,0.125000,-0.958341
49,2.211122,1.266695,1.143138,1.125476,0.125000,-1.000476
50,2.197887,1.602325,1.145805,1.265830,0.000000,1.265830
51,2.164996,0.652019,1.138606,0.807477,-0.125000,-0.932477
52,2.122094,0.105665,1.121658,0.325062,-0.500000,-0.825062
53,2.093765,0.733964,1.116251,0.856717,0.250000,1.106717
54,2.118097,3.310376,1.130314,1.819444,1.875000,0.055556
55,2.582256,25.790242,1.207728,5.078409,-0.625000,-5.703409
56,2.537310,0.245053,1.194022,0.495028,-0.125000,0.370028
57,2.525818,1.928246,1.197694,1.388613,0.000000,-1.388613
58,2.495142,0.869301,1.192780,0.932363,0.375000,-0.557363
59,2.509582,3.289349,1.204069,1.813656,-1.125000,0.688656
60,2.615797,8.457590,1.234500,2.908194,-1.500000,1.408194
61,2.757061,10.667869,1.270143,3.266170,-0.125000,-3.391170
62,2.710434,0.052668,1.252201,0.229496,-0.375000,-0.604496
63,2.673764,0.546936,1.243512,0.739552,-0.250000,0.489552
64,2.631394,0.131548,1.228832,0.362695,-0.375000,-0.012305
65,2.603269,0.915754,1.224375,0.956950,0.375000,-0.581950
66,2.578508,1.068092,1.221296,1.033485,0.875000,-0.158485
67,2.548386,0.680807,1.215007,0.825110,0.000000,0.825110
68,2.517386,0.564415,1.207761,0.751276,0.250000,-0.501276
69,2.483510,0.315473,1.197821,0.561670,-0.500000,-1.061670
70,2.465693,1.307569,1.196998,1.143490,-0.125000,1.018490
71,2.430920,0.135916,1.184635,0.368668,0.500000,0.868668
72,2.395889,0.048754,1.170461,0.220804,0.250000,0.029196
73,2.361235,0.004793,1.154501,0.069234,0.250000,0.180766
74,2.358297,2.155551,1.158982,1.468180,0.125000,1.593180
75,2.328534,0.245153,1.149632,0.495129,0.250000,0.745129
76,2.374701,5.652528,1.166686,2.377505,-0.750000,1.627505
77,2.388155,3.356862,1.175802,1.832174,-0.250000,1.582174
78,2.356021,0.010252,1.161281,0.101255,0.250000,0.148745
79,2.357528,2.469062,1.166749,1.571325,-0.625000,0.946325
80,2.343357,1.280536,1.166286,1.131608,0.000000,1.131608
81,2.312980,0.004272,1.151989,0.065363,0.375000,0.309637
82,2.285285,0.152768,1.142230,0.390856,0.625000,0.234144
83,2.284829,2.249316,1.146756,1.499772,-0.875000,0.624772
84,2.286195,2.394075,1.151763,1.547280,-0.125000,1.422280
85,2.322994,5.266932,1.165877,2.294980,0.625000,-1.669980
86,2.297149,0.203713,1.157163,0.451346,0.250000,0.701346
87,2.294227,2.054585,1.160491,1.433382,-0.125000,1.308382
88,2.266924,0.000790,1.147010,0.028105,-0.125000,-0.153105
89,2.240276,0.001889,1.134027,0.043459,-0.250000,-0.206541
90,2.229934,1.350824,1.134355,1.162249,0.375000,1.537249
91,2.221290,1.477900,1.135290,1.215689,-0.250000,0.965689
92,2.217612,1.897635,1.138043,1.377547,0.750000,-0.627547
93,2.192891,0.017432,1.126740,0.132030,-0.125000,-0.257030
94,2.231197,5.640428,1.140609,2.374958,-0.375000,1.999958
95,2.221623,1.359977,1.140890,1.166180,-0.125000,1.041180
96,2.197475,0.000003,1.128507,0.001654,0.500000,0.501654
97,2.174423,0.053655,1.118863,0.231635,-0.375000,-0.143365
98,2.164676,1.258235,1.118893,1.121711,0.750000,1.871711
99,2.146450,0.433145,1.114043,0.658137,-0.125000,-0.783137
100,2.149937,2.481190,1.118847,1.575179,-0.250000,1.325179
101,2.138855,1.074979,1.118001,1.036812,0.125000,1.161812
102,2.117086,0.005550,1.107353,0.074495,0.375000,0.300505
103,2.098232,0.250483,1.101223,0.500483,0.375000,-0.125483
104,2.133871,5.662126,1.114006,2.379522,-0.625000,1.754522
105,2.124110,1.148077,1.113585,1.071484,-0.250000,0.821484
106,2.103318,0.003348,1.103235,0.057860,-0.250000,-0.307860
107,2.084176,0.131690,1.096047,0.362891,0.125000,0.487891
108,2.064139,0.000317,1.085679,0.017803,0.250000,0.267803
109,2.047918,0.360855,1.081060,0.600712,-0.375000,0.225712
110,2.029646,0.111155,1.074007,0.333400,-0.250000,0.083400
111,2.012915,0.239407,1.068542,0.489292,-0.125000,0.364292
112,1.994306,0.003100,1.059164,0.055682,0.375000,0.430682
113,1.981721,0.622606,1.056686,0.789054,-0.125000,-0.914054
114,1.975317,1.277272,1.057354,1.130164,0.875000,-0.255164
115,1.982969,2.824620,1.062969,1.680661,-0.500000,-2.180661
116,1.967355,0.234262,1.057800,0.484006,0.875000,1.359006
117,1.954144,0.474456,1.054535,0.688807,-0.125000,-0.813807
118,1.949787,1.457526,1.055874,1.207280,-0.250000,0.957280
119,1.932867,0.003916,1.047237,0.062576,0.125000,0.062424
120,1.916608,0.046828,1.040075,0.216399,0.375000,0.591399
121,1.903642,0.399675,1.036589,0.632199,0.625000,-0.007199
122,1.895932,0.993766,1.036252,0.996878,0.500000,1.496878
123,1.880759,0.090438,1.030071,0.300730,0.750000,0.449270
124,1.866123,0.124397,1.024426,0.352699,-0.625000,-0.272301
125,1.865460,1.785926,1.027005,1.336385,-0.125000,1.211385
126,1.852566,0.292339,1.023018,0.540684,-0.500000,0.040684
127,1.847500,1.229467,1.023716,1.108813,-0.375000,0.733813
128,1.836831,0.524548,1.021301,0.724257,0.000000,0.724257
129,1.831265,1.141020,1.021676,1.068185,-0.500000,0.568185
130,1.818664,0.243599,1.017484,0.493557,0.375000,-0.118557
131,1.807327,0.378811,1.014319,0.615476,-0.125000,-0.740476
132,1.794549,0.171798,1.009633,0.414486,0.000000,0.414486
133,1.786206,0.718280,1.008376,0.847514,0.500000,-0.347514
134,1.785216,1.657511,1.010523,1.287443,0.375000,-0.912443
135,1.774215,0.344134,1.007287,0.586629,-0.125000,-0.711629
136,1.763886,0.410697,1.004511,0.640856,-0.125000,0.515856
137,1.751763,0.151590,0.999886,0.389345,0.125000,-0.264345
138,1.739592,0.120847,0.995018,0.347631,-0.125000,0.222631
139,1.729846,0.423890,0.992470,0.651069,-0.125000,0.526069
140,1.718414,0.175063,0.988249,0.418405,-0.375000,0.043405
141,1.710424,0.623810,0.986801,0.789816,-0.500000,0.289816
142,1.698902,0.120333,0.982164,0.346891,-0.125000,0.221891
143,1.689110,0.337901,0.979280,0.581292,0.375000,-0.206292
144,1.678746,0.238140,0.975771,0.487996,-0.250000,-0.737996
145,1.667547,0.099628,0.971089,0.315639,-0.375000,-0.059361
146,1.656653,0.120686,0.966697,0.347399,0.000000,-0.347399
147,1.649928,0.694919,0.965766,0.833618,0.000000,-0.833618
148,1.638609,0.020047,0.960043,0.141588,0.000000,0.141588
149,1.629292,0.287593,0.957120,0.536277,0.375000,-0.161277
150,1.631404,1.937658,0.960099,1.391998,-0.125000,-1.516998
151,1.626708,0.941019,0.960166,0.970061,-0.375000,0.595061
152,1.615729,0.001883,0.953972,0.043392,0.250000,0.206608
153,1.608952,0.605956,0.952794,0.778432,-0.250000,-1.028432
154,1.603400,0.776089,0.952315,0.880959,-0.250000,0.630959
155,1.592786,0.000795,0.946195,0.028187,0.375000,0.403187
156,1.583236,0.141149,0.942442,0.375698,-0.125000,-0.500698
157,1.574676,0.273544,0.939700,0.523015,0.375000,0.898015
158,1.569420,0.765165,0.939279,0.874737,-0.375000,0.499737
159,1.559622,0.050862,0.934674,0.225527,0.500000,0.274473
160,1.551030,0.219184,0.931683,0.468170,0.000000,-0.468170
161,1.556367,2.388927,0.935594,1.545616,-0.125000,1.420616
162,1.546540,0.003666,0.930055,0.060544,0.000000,0.060544
163,1.536813,0.000003,0.924216,0.001600,0.500000,0.501600
164,1.527582,0.059852,0.919969,0.244646,-0.125000,0.119646
165,1.529769,1.879722,0.922770,1.371029,0.000000,1.371029
166,1.520370,0.007059,0.917593,0.084020,0.125000,0.040980
167,1.511268,0.036767,0.913140,0.191747,-0.125000,0.066747
168,1.503704,0.270881,0.910745,0.520462,0.000000,0.520462
169,1.494802,0.034860,0.906357,0.186708,-0.250000,-0.063292
170,1.493797,1.327869,0.907839,1.152332,0.625000,-0.527332
171,1.485093,0.040275,0.903605,0.200687,-0.375000,-0.575687
172,1.480301,0.680089,0.903135,0.824675,0.125000,0.949675
173,1.473429,0.318854,0.901132,0.564672,0.000000,-0.564672
174,1.465559,0.135504,0.897997,0.368108,0.000000,0.368108
175,1.457895,0.155030,0.895048,0.393738,-0.125000,0.268738
176,1.450555,0.195449,0.892414,0.442097,0.000000,0.442097
177,1.451564,1.625191,0.894625,1.274830,0.625000,-0.649830
178,1.443223,0.000210,0.889567,0.014481,0.000000,0.014481
179,1.434982,0.000921,0.884657,0.030342,0.750000,0.719658
180,1.437872,1.943606,0.887551,1.394133,-0.125000,-1.519133
181,1.430677,0.164429,0.884828,0.405499,0.125000,0.530499
182,1.422763,0.021948,0.880689,0.148149,-0.125000,0.023149
183,1.417225,0.431567,0.879439,0.656938,1.125000,0.468062
184,1.421342,2.158184,0.882715,1.469076,0.000000,-1.469076
185,1.419141,1.022944,0.883426,1.011407,0.500000,1.511407
186,1.411349,0.001111,0.878755,0.033335,-0.250000,-0.216665
187,1.408225,0.839622,0.878961,0.916309,0.000000,0.916309
188,1.401275,0.129360,0.876138,0.359667,0.000000,0.359667
189,1.395226,0.282222,0.874274,0.531245,-0.125000,0.406245
190,1.391056,0.619632,0.873806,0.787167,0.125000,-0.662167
191,1.383769,0.028467,0.870035,0.168722,-0.125000,0.043722
192,1.379528,0.586464,0.869481,0.765809,0.375000,-0.390809
193,1.372310,0.015160,0.865532,0.123125,0.125000,0.248125
194,1.370517,1.031731,0.866322,1.015742,-0.375000,0.640742
195,1.363403,0.011674,0.862352,0.108048,0.125000,0.016952
196,1.356408,0.020519,0.858607,0.143245,0.125000,0.268245
197,1.351525,0.413830,0.857491,0.643296,0.000000,0.643296
198,1.347518,0.574184,0.856977,0.757749,0.250000,1.007749
199,1.343014,0.469325,0.856096,0.685073,1.000000,0.314927
200,1.366790,6.003026,0.864228,2.450107,0.625000,-1.825107
201,1.362451,0.512069,0.863474,0.715590,0.250000,0.965590
202,1.356311,0.146647,0.861047,0.382945,-0.125000,0.257945
203,1.350141,0.128472,0.858521,0.358430,-0.500000,-0.141570
204,1.347192,0.760512,0.858589,0.872073,-0.125000,0.747073
205,1.340503,0.002539,0.854568,0.050386,0.500000,0.449614
206,1.334799,0.188294,0.852486,0.433928,0.125000,-0.308928
207,1.334186,1.210427,0.853706,1.100194,-0.250000,0.850194
208,1.351882,4.944226,0.860421,2.223562,-1.875000,0.348562
209,1.345308,0.004189,0.856539,0.064720,-0.250000,-0.185280
210,1.347860,1.871029,0.859022,1.367856,0.375000,-0.992856
211,1.342038,0.142728,0.856697,0.377794,-0.375000,0.002794
212,1.335587,0.000222,0.852650,0.014884,-0.250000,-0.235116
213,1.335876,1.395967,0.854223,1.181510,0.250000,-0.931510
214,1.335220,1.198195,0.855368,1.094621,0.125000,-0.969621
215,1.334375,1.156792,0.856411,1.075543,0.125000,1.200543
216,1.328691,0.129386,0.854068,0.359702,-0.250000,-0.609702
217,1.328427,1.272535,0.855355,1.128067,-0.875000,-2.003067
218,1.322420,0.042822,0.852325,0.206935,0.375000,0.168065
219,1.318903,0.566281,0.851861,0.752517,0.250000,-0.502517
220,1.312852,0.011988,0.848424,0.109490,0.000000,-0.109490
221,1.310864,0.881420,0.848840,0.938839,-0.625000,0.313839
222,1.304920,0.014969,0.845508,0.122349,-0.125000,-0.002651
223,1.299904,0.206512,0.843722,0.454435,0.125000,-0.329435
224,1.299576,1.227698,0.844923,1.108015,-0.250000,0.858015
225,1.295954,0.499088,0.844297,0.706462,-0.875000,-0.168538
226,1.293765,0.810093,0.844548,0.900052,-1.750000,-0.849948
227,1.289136,0.261513,0.843054,0.511383,0.125000,-0.386383
228,1.286745,0.753494,0.843166,0.868040,-0.625000,-1.493040
229,1.281106,0.017971,0.840014,0.134055,0.375000,0.509055
230,1.286930,2.597339,0.843428,1.611626,-0.125000,-1.736626
231,1.281338,0.017414,0.840294,0.131962,-0.500000,-0.631962
232,1.276754,0.236390,0.838741,0.486200,0.250000,-0.236200
233,1.276519,1.222864,0.839907,1.105832,-1.250000,-0.144168
234,1.270982,0.003040,0.836495,0.055135,-0.750000,-0.805135
235,1.265985,0.116660,0.834353,0.341555,-0.750000,-1.091555
236,1.261396,0.201349,0.832690,0.448719,-0.125000,-0.573719
237,1.257476,0.347974,0.831648,0.589893,-0.125000,-0.714893
238,1.252188,0.020020,0.828699,0.141493,0.250000,0.108507
239,1.263455,3.899924,0.833576,1.974822,0.500000,-1.474822
240,1.262129,0.950626,0.834175,0.975001,0.750000,-0.225001
241,1.261315,1.069242,0.835019,1.034042,0.750000,-0.284042
242,1.301569,10.841805,0.845345,3.292690,0.000000,-3.292690
243,1.300676,1.088107,0.846173,1.043124,0.250000,-0.793124
244,1.295354,0.023296,0.843283,0.152631,-0.125000,0.027631
245,1.290651,0.162072,0.841454,0.402581,0.375000,0.777581
246,1.285414,0.023105,0.838605,0.152002,0.000000,0.152002
247,1.282415,0.556746,0.838225,0.746154,-0.125000,0.621154
248,1.277298,0.033895,0.835544,0.184107,0.250000,0.434107
249,1.273127,0.255428,0.834196,0.505399,-0.250000,0.255399
250,1.276808,2.178645,0.836805,1.476023,-1.000000,0.476023
251,1.278262,1.636026,0.838596,1.279072,-0.500000,0.779072
252,1.273238,0.032134,0.835937,0.179260,-0.125000,0.054260
253,1.270662,0.631769,0.835772,0.794839,-0.125000,0.669839
254,1.271646,1.516653,0.837355,1.231525,-0.125000,1.106525
255,1.266637,0.014404,0.834497,0.120018,0.250000,0.370018
256,1.262337,0.183179,0.832884,0.427994,-0.375000,0.052994
257,1.258217,0.219944,0.831446,0.468982,0.625000,1.093982
258,1.256085,0.716649,0.831505,0.846551,-0.500000,-1.346551
259,1.252131,0.247901,0.830197,0.497897,-0.125000,-0.622897
260,1.250587,0.856734,0.830570,0.925599,0.375000,-0.550599
261,1.246700,0.251647,0.829290,0.501644,0.250000,-0.251644
262,1.242122,0.065715,0.827069,0.256350,-0.125000,0.131350
263,1.238033,0.183073,0.825528,0.427871,0.375000,0.802871
264,1.237042,0.980403,0.826161,0.990153,0.375000,-0.615153
265,1.232423,0.031373,0.823674,0.177123,0.375000,0.552123
266,1.228890,0.306708,0.822644,0.553812,0.125000,0.678812
267,1.224230,0.003275,0.819734,0.057225,0.125000,0.067775
268,1.221530,0.511519,0.819338,0.715205,-0.250000,0.465205
269,1.222513,1.482132,0.820840,1.217428,-0.250000,0.967428
270,1.223097,1.377800,0.822167,1.173797,-0.500000,0.673797
271,1.218734,0.058076,0.819991,0.240990,0.375000,0.615990
272,1.216110,0.515587,0.819610,0.718044,0.000000,-0.718044
273,1.218499,1.858631,0.821631,1.363316,-0.500000,0.863316
274,1.215872,0.509343,0.821232,0.713683,0.500000,-0.213683
275,1.219350,2.158268,0.823622,1.469105,0.750000,-0.719105
276,1.214891,0.006673,0.820895,0.081691,-0.500000,-0.581691
277,1.211033,0.161700,0.819361,0.402119,-0.125000,0.277119
278,1.216542,2.720327,0.822390,1.649341,0.250000,-1.399341
279,1.212722,0.166010,0.820881,0.407443,-0.250000,-0.657443
280,1.210205,0.518137,0.820515,0.719818,0.250000,0.969818
281,1.208777,0.814720,0.820811,0.902618,0.250000,-0.652618
282,1.206901,0.687119,0.820840,0.828927,0.000000,-0.828927
283,1.203009,0.121097,0.819145,0.347989,0.375000,0.722989
284,1.198755,0.011737,0.816607,0.108335,0.125000,0.233335
285,1.199521,1.414161,0.817933,1.189185,0.750000,-0.439185
286,1.195346,0.022223,0.815561,0.149074,-0.125000,-0.274074
287,1.191285,0.045912,0.813436,0.214271,0.500000,0.714271
288,1.187099,0.002486,0.810748,0.049863,-0.250000,-0.299863
289,1.190897,2.269659,0.813189,1.506539,-0.375000,1.131539
290,1.186819,0.024475,0.810893,0.156446,0.000000,0.156446
291,1.183230,0.156763,0.809447,0.395933,-0.500000,-0.104067
292,1.179280,0.045651,0.807378,0.213661,-0.500000,-0.286339
293,1.175252,0.015253,0.805012,0.123503,0.125000,0.001497
294,1.171919,0.208691,0.803811,0.456827,-0.625000,-1.081827
295,1.169535,0.478183,0.803425,0.691508,-0.375000,0.316508
296,1.165700,0.049817,0.801438,0.223197,0.125000,-0.098197
297,1.162920,0.351035,0.800725,0.592482,0.250000,-0.342482
298,1.159414,0.132162,0.799238,0.363541,-0.500000,-0.136459
299,1.157434,0.575408,0.799100,0.758557,-0.250000,0.508557
300,1.157445,1.160496,0.800040,1.077263,0.000000,-1.077263
301,1.153718,0.050540,0.798103,0.224811,0.375000,0.150189
302,1.149860,0.004049,0.795638,0.063632,-0.125000,-0.061368
303,1.147931,0.573166,0.795509,0.757077,0.500000,-0.257077
304,1.148205,1.229971,0.796554,1.109041,0.125000,-0.984041
305,1.146958,0.773004,0.796829,0.879206,-0.375000,0.504206
306,1.143162,0.000446,0.794260,0.021112,0.375000,0.353888
307,1.141259,0.566622,0.794123,0.752743,-0.125000,-0.877743
308,1.137659,0.046951,0.792224,0.216682,0.500000,0.283318
309,1.134202,0.083254,0.790572,0.288538,0.125000,0.413538
310,1.130623,0.038917,0.788634,0.197273,0.375000,0.572273
311,1.130192,0.998235,0.789319,0.999117,-0.750000,0.249117
312,1.136821,3.171995,0.792539,1.781010,-0.375000,1.406010
313,1.135267,0.656585,0.792596,0.810300,0.375000,-0.435300
314,1.131667,0.019464,0.790490,0.139513,-0.250000,-0.110487
315,1.128423,0.122662,0.789074,0.350231,0.125000,0.475231
316,1.126043,0.385798,0.788536,0.621126,-0.750000,-0.128874
317,1.122599,0.048325,0.786719,0.219830,0.250000,0.030170
318,1.119033,0.002880,0.784384,0.053669,0.250000,0.196331
319,1.116760,0.402871,0.783909,0.634721,0.000000,0.634721
320,1.113238,0.003849,0.781625,0.062041,-0.625000,-0.562959
321,1.110809,0.343251,0.781007,0.585877,-0.125000,0.460877
322,1.107505,0.060146,0.779322,0.245247,0.125000,-0.120247
323,1.105483,0.462318,0.779011,0.679940,0.125000,0.804940
324,1.102030,0.000780,0.776664,0.027937,0.250000,0.277937
325,1.098911,0.100833,0.775234,0.317542,-0.375000,-0.692542
326,1.096290,0.254698,0.774393,0.504676,0.000000,0.504676
327,1.093635,0.238880,0.773509,0.488754,-0.125000,0.363754
328,1.090468,0.067612,0.771924,0.260023,0.125000,0.385023
329,1.087161,0.015584,0.769933,0.124834,-0.500000,-0.375166
330,1.084255,0.139855,0.768718,0.373972,0.125000,0.498972
331,1.080978,0.012624,0.766711,0.112358,-0.125000,-0.012642
332,1.080628,0.966270,0.767371,0.982990,0.000000,0.982990
333,1.077617,0.089937,0.765950,0.299895,0.125000,0.424895
334,1.074798,0.147300,0.764792,0.383797,-0.125000,0.258797
335,1.072744,0.395099,0.764380,0.628569,-0.125000,0.503569
336,1.069515,0.000589,0.762151,0.024266,0.750000,0.774266
337,1.067218,0.304616,0.761520,0.551921,-0.750000,-1.301921
338,1.064038,0.004992,0.759451,0.070651,0.000000,0.070651
339,1.061458,0.199701,0.758518,0.446879,-0.125000,-0.571879
340,1.058337,0.012761,0.756597,0.112965,-0.125000,-0.237965
341,1.055235,0.013191,0.754692,0.114850,0.000000,0.114850
342,1.052117,0.001438,0.752572,0.037920,0.000000,0.037920
343,1.049401,0.131280,0.751421,0.362325,-0.500000,-0.862325
344,1.048100,0.607155,0.751502,0.779201,-0.250000,0.529201
345,1.045086,0.020094,0.749714,0.141754,-0.375000,-0.233246
346,1.042491,0.157764,0.748684,0.397196,0.250000,-0.147196
347,1.041047,0.547235,0.748657,0.739753,0.375000,-0.364753
348,1.038023,0.000559,0.746550,0.023634,-0.125000,-0.101366
349,1.036127,0.383995,0.746182,0.619674,-0.625000,-0.005326
350,1.033356,0.077564,0.744830,0.278502,0.500000,0.221498
351,1.037647,2.521996,0.747261,1.588079,0.500000,-1.088079
352,1.034672,0.002420,0.745255,0.049195,-0.125000,-0.174195
353,1.033876,0.756932,0.745612,0.870018,0.500000,-0.370018
354,1.032105,0.413899,0.745320,0.643350,-0.375000,-1.018350
355,1.029201,0.012820,0.743519,0.113225,0.750000,0.636775
356,1.026292,0.005404,0.741616,0.073512,0.000000,0.073512
357,1.023467,0.028901,0.739996,0.170003,0.250000,0.079997
358,1.020918,0.121212,0.738889,0.348156,-0.125000,-0.473156
359,1.019891,0.656285,0.739090,0.810114,0.000000,0.810114
360,1.017040,0.004876,0.737210,0.069828,-0.250000,-0.180172
361,1.014362,0.061266,0.735838,0.247520,0.250000,0.497520
362,1.015085,1.273235,0.736935,1.128377,0.625000,-0.503377
363,1.012292,0.012074,0.735188,0.109882,-0.125000,-0.234882
364,1.009482,0.000697,0.733219,0.026392,0.250000,0.223608
365,1.009425,0.989215,0.733943,0.994593,-1.250000,-0.255407
366,1.008031,0.504489,0.733878,0.710274,0.000000,0.710274
367,1.005563,0.112261,0.732779,0.335054,0.125000,-0.210054
368,1.003377,0.209841,0.732025,0.458084,0.000000,0.458084
369,1.000776,0.053957,0.730656,0.232286,0.250000,0.017714
370,0.998894,0.311986,0.730185,0.558557,-0.250000,0.308557
371,0.996432,0.095442,0.729037,0.308937,-0.125000,0.183937
372,0.995626,0.699963,0.729330,0.836638,0.250000,1.086638
373,0.992947,0.006848,0.727578,0.082754,0.125000,0.042246
374,0.993141,1.064768,0.728400,1.031876,0.250000,-0.781876
375,0.992618,0.799027,0.728846,0.893883,-0.625000,0.268883
376,0.990198,0.092524,0.727705,0.304178,0.500000,0.195822
377,0.988751,0.450603,0.727553,0.671270,0.375000,-0.296270
378,0.986765,0.246002,0.726934,0.495986,0.125000,0.620986
379,0.984610,0.178464,0.726122,0.422449,-0.250000,0.172449
380,0.987945,2.238575,0.728170,1.496187,-1.250000,0.246187
381,0.985864,0.203231,0.727434,0.450812,0.250000,-0.200812
382,0.983566,0.117433,0.726417,0.342685,0.000000,-0.342685
383,0.980987,0.006149,0.724707,0.078417,0.000000,0.078417
384,0.978559,0.058440,0.723436,0.241744,-0.750000,-0.508256
385,0.976204,0.081140,0.722285,0.284851,0.125000,-0.159851
386,0.974511,0.329611,0.721897,0.574117,0.125000,-0.449117
387,0.972458,0.187899,0.721144,0.433474,0.625000,1.058474
388,0.971168,0.477297,0.721065,0.690867,-0.250000,-0.940867
389,0.969199,0.213217,0.720391,0.461754,-0.125000,-0.586754
390,0.966768,0.030897,0.718981,0.175776,0.000000,-0.175776
391,0.965029,0.293744,0.718523,0.541982,-0.125000,0.416982
392,0.962757,0.083256,0.717415,0.288540,0.375000,0.086460
393,0.960740,0.178329,0.716656,0.422291,-0.125000,-0.547291
394,0.958314,0.014552,0.715128,0.120633,0.000000,-0.120633
395,0.956010,0.057497,0.713912,0.239786,-0.125000,0.114786
396,0.953735,0.063949,0.712736,0.252882,-0.125000,0.127882
397,0.951935,0.246368,0.712186,0.496355,0.125000,-0.371355
398,0.949628,0.042996,0.710904,0.207355,-0.250000,-0.042645
399,0.947273,0.019690,0.709460,0.140323,0.000000,-0.140323
400,0.945190,0.122051,0.708550,0.349357,0.250000,-0.099357
401,0.942868,0.023419,0.707151,0.153032,0.000000,-0.153032
402,0.941138,0.254585,0.706642,0.504564,-0.375000,0.129564
403,0.939852,0.427712,0.706510,0.653997,-0.500000,0.153997
404,0.937642,0.055981,0.705335,0.236603,0.250000,0.013397
405,0.936679,0.551477,0.705428,0.742615,0.375000,-0.367615
406,0.935107,0.304806,0.705047,0.552093,-0.250000,0.302093
407,0.932884,0.039127,0.703788,0.197807,0.000000,-0.197807
408,0.930576,0.000618,0.702108,0.024853,-0.375000,-0.350147
409,0.929314,0.419487,0.701973,0.647678,-0.500000,0.147678
410,0.927098,0.029319,0.700666,0.171228,0.125000,0.296228
411,0.927397,1.048949,0.701461,1.024182,0.125000,-0.899182
412,0.925193,0.028127,0.700153,0.167711,-0.375000,-0.542711
413,0.924185,0.512974,0.700192,0.716222,-0.375000,0.341222
414,0.922278,0.142324,0.699404,0.377259,0.000000,-0.377259
415,0.920048,0.005896,0.697890,0.076784,-0.250000,-0.173216
416,0.917858,0.017763,0.696519,0.133279,0.375000,0.508279
417,0.917151,0.625803,0.696748,0.791077,-0.125000,-0.916077
418,0.915246,0.128426,0.695931,0.358366,0.125000,-0.233366
419,0.913703,0.274873,0.695517,0.524283,-0.375000,0.149283
420,0.911652,0.060556,0.694437,0.246081,0.250000,0.496081
421,0.910223,0.315488,0.694118,0.561683,0.125000,-0.436683
422,0.908819,0.323527,0.693819,0.568794,-0.125000,0.443794
423,0.906738,0.036906,0.692621,0.192108,0.000000,0.192108
424,0.905252,0.282597,0.692238,0.531598,-0.375000,0.156598
425,0.903249,0.062084,0.691185,0.249167,0.000000,0.249167
426,0.902164,0.445442,0.691129,0.667415,-0.250000,0.417415
427,0.900906,0.369962,0.690933,0.608245,-0.375000,0.233245
428,0.898842,0.025890,0.689683,0.160905,-0.250000,-0.410905
429,0.897601,0.371182,0.689494,0.609247,0.625000,0.015753
430,0.899358,1.646005,0.690887,1.282967,0.000000,-1.282967
431,0.897270,0.007766,0.689475,0.088125,-0.125000,-0.213125
432,0.895478,0.130522,0.688708,0.361278,-0.375000,-0.736278
433,0.893744,0.151710,0.688011,0.389500,-0.375000,-0.764500
434,0.893208,0.662877,0.688304,0.814172,-0.875000,-0.060828
435,0.891259,0.053365,0.687243,0.231008,0.500000,0.268992
436,0.894139,2.135532,0.689035,1.461346,-0.125000,-1.586346
437,0.892088,0.006138,0.687625,0.078344,0.000000,0.078344
438,0.890920,0.385156,0.687471,0.620609,0.500000,-0.120609
439,0.889659,0.342405,0.687235,0.585154,0.000000,-0.585154
440,0.888293,0.294083,0.686903,0.542294,-0.625000,-0.082706
441,0.886261,0.000191,0.685363,0.013805,0.250000,0.263805
442,0.885400,0.508992,0.685427,0.713437,-0.375000,-1.088437
443,0.883843,0.201971,0.684889,0.449412,-0.250000,0.199412
444,0.881891,0.025075,0.683692,0.158351,0.375000,0.216649
445,0.880007,0.050788,0.682653,0.225363,-0.375000,-0.600363
446,0.878043,0.011956,0.681356,0.109344,0.250000,0.359344
447,0.876831,0.341233,0.681137,0.584152,-0.250000,0.334152
448,0.874856,0.000080,0.679623,0.008953,-0.125000,-0.133953
449,0.872892,0.000559,0.678149,0.023651,-0.125000,-0.148651
450,0.872982,0.913295,0.678771,0.955665,-0.625000,0.330665
451,0.871416,0.173034,0.678183,0.415974,-0.625000,-0.209026
452,0.869527,0.025127,0.677023,0.158513,0.125000,-0.033513
453,0.867643,0.023642,0.675858,0.153759,-0.250000,-0.403759
454,0.866459,0.334866,0.675642,0.578676,-0.250000,0.328676
455,0.864905,0.165420,0.675045,0.406718,-0.375000,0.031718
456,0.863836,0.381557,0.674918,0.617703,-0.875000,-0.257297
457,0.862074,0.066026,0.673996,0.256956,0.375000,0.118044
458,0.862107,0.876708,0.674574,0.936327,0.500000,-0.436327
459,0.861258,0.475812,0.674607,0.689791,-0.125000,-0.814791
460,0.859642,0.124465,0.673901,0.352797,0.000000,-0.352797
461,0.857935,0.079617,0.673044,0.282165,0.000000,-0.282165
462,0.856083,0.009650,0.671789,0.098233,-0.250000,-0.151767
463,0.854737,0.238154,0.671389,0.488011,0.125000,0.613011
464,0.854365,0.683652,0.671727,0.826833,0.250000,-0.576833
465,0.853250,0.340351,0.671535,0.583396,0.000000,-0.583396
466,0.857709,2.913422,0.673776,1.706875,-1.250000,0.456875
467,0.859595,1.731128,0.675162,1.315723,-1.250000,0.065723
468,0.858302,0.259296,0.674805,0.509211,-0.375000,0.134211
469,0.856469,0.005941,0.673519,0.077081,0.375000,0.297919
470,0.854631,0.000224,0.672106,0.014971,0.250000,0.264971
471,0.853219,0.195078,0.671613,0.441676,0.625000,0.183324
472,0.852777,0.646181,0.671895,0.803854,0.375000,-0.428854
473,0.852921,0.920612,0.672509,0.959485,-0.375000,0.584485
474,0.851819,0.334664,0.672309,0.578502,0.125000,0.703502
475,0.850536,0.247957,0.671938,0.497953,-0.250000,-0.747953
476,0.849157,0.199361,0.671461,0.446499,0.000000,-0.446499
477,0.847634,0.128627,0.670799,0.358646,0.125000,-0.233646
478,0.846216,0.175731,0.670269,0.419203,-0.375000,0.044203
479,0.844661,0.107617,0.669548,0.328050,0.250000,-0.078050
480,0.843457,0.271704,0.669237,0.521252,0.375000,-0.146252
481,0.841699,0.004697,0.667977,0.068536,0.000000,0.068536
482,0.840009,0.033847,0.666965,0.183976,0.000000,0.183976
483,0.839156,0.431251,0.666943,0.656697,0.750000,0.093303
484,0.841762,2.090408,0.668566,1.445824,0.250000,-1.195824
485,0.842286,1.093663,0.669350,1.045783,-0.750000,0.295783
486,0.841499,0.463026,0.669373,0.680460,-0.750000,-0.069540
487,0.840220,0.223771,0.668967,0.473045,0.000000,-0.473045
488,0.838595,0.053579,0.668063,0.231472,0.375000,0.143528
489,0.837943,0.522299,0.668175,0.722702,-0.125000,0.597702
490,0.836241,0.010768,0.667014,0.103768,-0.125000,-0.021232
491,0.834952,0.208434,0.666582,0.456546,0.125000,-0.331546
492,0.833247,0.002911,0.665327,0.053957,0.250000,0.303957
493,0.832143,0.293397,0.665074,0.541661,0.000000,0.541661
494,0.830863,0.205046,0.664641,0.452820,0.500000,0.047180
495,0.831605,1.195397,0.665514,1.093342,0.000000,-1.093342
496,0.830288,0.183644,0.665032,0.428537,-0.125000,0.303537
497,0.828606,0.001002,0.663747,0.031657,0.125000,0.156657
498,0.828758,0.903517,0.664328,0.950535,0.500000,-0.450535
499,0.827243,0.079126,0.663554,0.281294,-0.625000,-0.343706
500,0.826591,0.503596,0.663647,0.709645,-0.125000,0.584645
501,0.825815,0.440734,0.663647,0.663878,0.250000,-0.413878
502,0.824413,0.127643,0.663032,0.357272,-0.375000,-0.017728
503,0.822812,0.025807,0.662025,0.160646,0.375000,0.535646
504,0.821426,0.129926,0.661422,0.360452,0.125000,-0.235452
505,0.819980,0.096636,0.660723,0.310863,-0.500000,-0.189137
506,0.818483,0.068459,0.659928,0.261647,0.375000,0.636647
507,0.817404,0.276069,0.659660,0.525423,0.250000,-0.275423
508,0.816255,0.237945,0.659319,0.487796,-0.875000,-0.387204
509,0.814736,0.049264,0.658453,0.221955,0.375000,0.596955
510,0.813915,0.399609,0.658401,0.632147,-0.125000,-0.757147
511,0.812344,0.017151,0.657361,0.130963,-0.125000,0.005963
512,0.810804,0.030029,0.656408,0.173290,0.500000,0.673290
513,0.809266,0.027902,0.655446,0.167040,-0.250000,-0.417040
514,0.808989,0.668183,0.655764,0.817425,0.625000,-0.192425
515,0.808186,0.398390,0.655716,0.631182,-0.250000,0.381182
516,0.806809,0.103521,0.655064,0.321746,-0.250000,0.071746
517,0.805283,0.023585,0.654086,0.153576,-0.250000,-0.403576
518,0.803770,0.028029,0.653139,0.167419,-0.125000,0.042419
519,0.802210,0.000155,0.651895,0.012435,-0.500000,-0.487565
520,0.801010,0.183029,0.651461,0.427819,0.500000,0.072181
521,0.801345,0.974377,0.652110,0.987105,0.125000,-0.862105
522,0.799841,0.022170,0.651139,0.148897,0.125000,-0.023897
523,0.798384,0.043776,0.650287,0.209227,0.125000,-0.084227
524,0.797175,0.169347,0.649828,0.411518,0.000000,-0.411518
525,0.795659,0.007411,0.648746,0.086087,-0.250000,-0.336087
526,0.794265,0.068043,0.648003,0.260851,0.000000,0.260851
527,0.792794,0.025050,0.647067,0.158272,-0.125000,-0.283272
528,0.791901,0.324629,0.646919,0.569762,-0.500000,0.069762
529,0.790401,0.004735,0.645818,0.068808,0.000000,0.068808
530,0.789510,0.321652,0.645668,0.567144,-0.500000,0.067144
531,0.788345,0.175664,0.645238,0.419122,-0.250000,0.169122
532,0.788418,0.826449,0.645738,0.909093,-0.625000,0.284093
533,0.786952,0.013131,0.644734,0.114589,0.125000,0.239589
534,0.785814,0.183628,0.644326,0.428518,0.375000,-0.053518
535,0.784386,0.027770,0.643427,0.166643,0.125000,-0.041643
536,0.782933,0.011118,0.642415,0.105443,0.000000,-0.105443
537,0.781470,0.003233,0.641317,0.056858,0.000000,-0.056858
538,0.780438,0.230588,0.641015,0.480196,0.750000,0.269804
539,0.779433,0.242953,0.640738,0.492902,0.000000,-0.492902
540,0.778814,0.447353,0.640791,0.668844,0.625000,-0.043844
541,0.777568,0.109871,0.640215,0.331467,-0.500000,-0.831467
542,0.776465,0.184229,0.639822,0.429219,0.000000,0.429219
543,0.775227,0.109222,0.639248,0.330487,-0.250000,0.080487
544,0.773949,0.084690,0.638604,0.291016,0.000000,0.291016
545,0.772905,0.209574,0.638269,0.457793,0.125000,-0.332793
546,0.771981,0.271872,0.638054,0.521414,-0.375000,0.146414
547,0.770793,0.126863,0.637535,0.356178,-0.625000,-0.268822
548,0.769398,0.012170,0.636565,0.110318,-0.125000,-0.014682
549,0.768337,0.190785,0.636199,0.436790,0.125000,-0.311790
550,0.767253,0.176540,0.635803,0.420167,0.375000,-0.045167
551,0.767043,0.652278,0.636117,0.807637,-0.500000,0.307637
552,0.765787,0.078944,0.635469,0.280970,-0.125000,-0.405970
553,0.764412,0.011101,0.634504,0.105360,-0.375000,-0.269640
554,0.763630,0.333942,0.634401,0.577877,-0.375000,0.202877
555,0.762245,0.000786,0.633300,0.028043,-0.125000,-0.096957
556,0.761215,0.193576,0.632950,0.439973,-0.125000,-0.564973
557,0.760301,0.256050,0.632721,0.506014,0.000000,-0.506014
558,0.759021,0.051028,0.631986,0.225893,0.250000,0.024107
559,0.757738,0.046996,0.631238,0.216785,0.000000,-0.216785
560,0.756867,0.273442,0.631043,0.522917,0.625000,0.102083
561,0.758694,1.774294,0.632302,1.332026,0.625000,-0.707026
562,0.758314,0.546980,0.632494,0.739581,0.500000,-0.239581
563,0.757013,0.030927,0.631677,0.175861,0.250000,0.074139
564,0.755763,0.056663,0.630974,0.238040,0.125000,0.363040
565,0.755467,0.590116,0.631219,0.768190,-0.500000,0.268190
566,0.755312,0.668056,0.631550,0.817347,-0.250000,0.567347
567,0.753977,0.003735,0.630537,0.061115,0.375000,0.313885
568,0.752674,0.019264,0.629665,0.138795,0.000000,0.138795
569,0.753095,0.990573,0.630312,0.995275,-0.250000,0.745275
570,0.751766,0.000711,0.629245,0.026658,0.375000,0.348342
571,0.750576,0.077361,0.628626,0.278139,-0.750000,-0.471861
572,0.751550,1.303576,0.629530,1.141743,-0.500000,0.641743
573,0.750491,0.148689,0.629101,0.385602,0.375000,-0.010602
574,0.749702,0.300850,0.628960,0.548498,-0.250000,-0.798498
575,0.749439,0.599623,0.629214,0.774353,-0.500000,0.274353
576,0.748129,0.000292,0.628144,0.017085,0.125000,0.142085
577,0.747962,0.652331,0.628457,0.807670,0.125000,-0.682670
578,0.746662,0.001518,0.627430,0.038960,0.125000,0.163960
579,0.745567,0.117294,0.626935,0.342483,0.625000,0.282517
580,0.748938,2.687279,0.628692,1.639292,0.500000,-1.139292
581,0.748512,0.502879,0.628832,0.709140,0.375000,-0.334140
582,0.747880,0.383282,0.628815,0.619098,0.125000,0.744098
583,0.746590,0.000872,0.627780,0.029537,0.250000,0.220463
584,0.745330,0.016246,0.626917,0.127460,-0.125000,0.002460
585,0.744049,0.001122,0.625896,0.033490,0.375000,0.408490
586,0.742775,0.002119,0.624900,0.046033,-0.250000,-0.296033
587,0.741554,0.031248,0.624131,0.176772,-0.125000,0.051772
588,0.740297,0.007257,0.623208,0.085186,0.125000,0.039814
589,0.739033,0.001212,0.622202,0.034814,-0.125000,-0.159814
590,0.738330,0.326919,0.622116,0.571768,0.750000,0.178232
591,0.737189,0.068404,0.621502,0.261542,-0.125000,-0.386542
592,0.736201,0.156350,0.621117,0.395411,-0.375000,0.020411
593,0.735042,0.053356,0.620455,0.230989,0.125000,-0.105989
594,0.733885,0.052308,0.619791,0.228709,0.000000,-0.228709
595,0.732644,0.000911,0.618793,0.030177,-0.250000,-0.219823
596,0.731920,0.304031,0.618680,0.551390,0.625000,0.073610
597,0.731087,0.237834,0.618459,0.487683,-0.375000,-0.862683
598,0.729856,0.000067,0.617431,0.008194,0.125000,0.133194
599,0.728677,0.028173,0.616676,0.167850,-0.125000,0.042850
600,0.727496,0.024511,0.615904,0.156560,0.000000,-0.156560
601,0.726355,0.046747,0.615234,0.216211,0.000000,-0.216211
602,0.725160,0.011778,0.614387,0.108527,0.250000,0.141473
603,0.724092,0.085341,0.613849,0.292131,-0.125000,-0.417131
604,0.723253,0.220614,0.613609,0.469696,-0.250000,0.219696
605,0.722105,0.033016,0.612890,0.181704,0.250000,0.068296
606,0.721045,0.084287,0.612354,0.290321,0.250000,-0.040321
607,0.719850,0.000461,0.611374,0.021469,0.250000,0.228531
608,0.719471,0.490780,0.611522,0.700557,1.000000,0.299443
609,0.719027,0.450742,0.611621,0.671373,-0.500000,-1.171373
610,0.717840,0.000069,0.610625,0.008329,0.000000,0.008329
611,0.718230,0.954212,0.611229,0.976838,0.750000,-0.226838
612,0.718085,0.629993,0.611529,0.793721,0.125000,-0.668721
613,0.716970,0.039138,0.610849,0.197833,0.000000,0.197833
614,0.717539,1.064168,0.611539,1.031585,-0.875000,0.156585
615,0.716442,0.047276,0.610894,0.217431,-0.875000,-0.657569
616,0.715318,0.028869,0.610174,0.169909,0.250000,0.080091
617,0.714726,0.351946,0.610146,0.593250,0.250000,-0.343250
618,0.713867,0.187271,0.609857,0.432748,0.375000,-0.057748
619,0.713428,0.444307,0.609949,0.666564,-0.375000,0.291564
620,0.712570,0.184787,0.609657,0.429869,-0.250000,0.179869
621,0.711480,0.040239,0.608994,0.200597,0.250000,0.450597
622,0.712859,1.563217,0.610032,1.250287,-0.750000,0.500287
623,0.711853,0.090290,0.609531,0.300482,0.125000,-0.175482
624,0.711155,0.279081,0.609400,0.528281,0.000000,-0.528281
625,0.710046,0.022393,0.608660,0.149644,0.000000,0.149644
626,0.709084,0.111773,0.608219,0.334324,0.250000,0.584324
627,0.708182,0.146874,0.607858,0.383241,0.000000,0.383241
628,0.707059,0.007501,0.607023,0.086611,-0.125000,-0.038389
629,0.706383,0.285025,0.606906,0.533878,0.250000,0.783878
630,0.705795,0.337999,0.606865,0.581377,-0.250000,0.331377
631,0.705068,0.250143,0.606695,0.500143,0.625000,0.124857
632,0.704009,0.039811,0.606046,0.199527,-0.625000,-0.425473
633,0.702983,0.058754,0.605468,0.242392,-0.125000,0.117392
634,0.702763,0.564633,0.605700,0.751421,-0.875000,-0.123579
635,0.701802,0.095899,0.605231,0.309676,0.000000,0.309676
636,0.700956,0.167477,0.604920,0.409240,-0.625000,-0.215760
637,0.702432,1.634980,0.605985,1.278663,-0.875000,0.403663
638,0.702431,0.701817,0.606350,0.837745,-1.375000,-0.537255
639,0.701556,0.146875,0.605999,0.383243,0.000000,-0.383243
640,0.701792,0.851516,0.606497,0.922776,0.250000,-0.672776
641,0.700800,0.070238,0.605961,0.265024,-0.125000,0.140024
642,0.700115,0.263663,0.605816,0.513481,0.375000,-0.138481
643,0.701155,1.364567,0.606696,1.168147,0.500000,-0.668147
644,0.700073,0.008705,0.605894,0.093302,0.250000,0.156698
645,0.699594,0.393212,0.605927,0.627066,0.000000,0.627066
646,0.698505,0.000009,0.604988,0.002963,-0.125000,-0.127963
647,0.697693,0.176749,0.604701,0.420415,-0.250000,-0.670415
648,0.697412,0.516923,0.604878,0.718973,-0.250000,0.468973
649,0.696622,0.187571,0.604612,0.433095,0.000000,0.433095
650,0.695550,0.004470,0.603779,0.066858,0.250000,0.183142
651,0.694583,0.069411,0.603253,0.263460,0.000000,0.263460
652,0.693960,0.290973,0.603155,0.539419,-0.125000,0.414419
653,0.692921,0.019708,0.602442,0.140386,0.250000,0.390386
654,0.692613,0.492500,0.602595,0.701784,0.625000,-0.076784
655,0.691871,0.209861,0.602373,0.458106,0.250000,-0.208106
656,0.690971,0.105288,0.601947,0.324481,0.500000,0.175519
657,0.689945,0.020903,0.601246,0.144579,-0.125000,-0.269579
658,0.689035,0.094661,0.600797,0.307671,0.125000,-0.182671
659,0.688060,0.050566,0.600223,0.224869,-0.250000,-0.025131
660,0.687047,0.023289,0.599541,0.152607,-0.125000,0.027607
661,0.687764,1.157952,0.600266,1.076082,0.875000,-0.201082
662,0.686963,0.160998,0.599964,0.401245,-0.250000,-0.651245
663,0.685934,0.008724,0.599195,0.093401,0.000000,0.093401
664,0.685200,0.201431,0.598967,0.448811,0.250000,-0.198811
665,0.684532,0.243901,0.598808,0.493863,0.125000,-0.368863
666,0.683940,0.292335,0.598720,0.540680,-0.625000,-0.084320
667,0.682927,0.012384,0.597985,0.111282,0.250000,0.138718
668,0.683473,1.045704,0.598625,1.022597,0.000000,-1.022597
669,0.682648,0.134954,0.598277,0.367361,0.500000,0.132639
670,0.681625,0.001228,0.597431,0.035037,0.000000,0.035037
671,0.680636,0.021604,0.596756,0.146982,0.000000,0.146982
672,0.680315,0.466651,0.596885,0.683119,-0.500000,0.183119
673,0.680353,0.705484,0.597249,0.839931,-0.250000,0.589931
674,0.679340,0.001390,0.596413,0.037285,-0.125000,-0.087715
675,0.678478,0.101066,0.595998,0.317910,0.125000,-0.192910
676,0.677826,0.240672,0.595841,0.490584,-0.375000,0.115584
677,0.676829,0.006440,0.595075,0.080250,0.000000,0.080250
678,0.675838,0.009003,0.594333,0.094882,-0.250000,-0.344882
679,0.675431,0.401243,0.594391,0.633437,0.000000,0.633437
680,0.674982,0.372097,0.594414,0.609998,-0.125000,0.484998
681,0.673985,0.000134,0.593553,0.011559,0.125000,0.136559
682,0.673160,0.114300,0.593176,0.338082,-0.375000,-0.036918
683,0.672562,0.267070,0.593063,0.516788,0.875000,0.358212
684,0.673954,1.619131,0.594062,1.272451,0.250000,-1.022451
685,0.673012,0.032262,0.593454,0.179616,-0.125000,-0.304616
686,0.672715,0.470639,0.593590,0.686031,0.375000,-0.311031
687,0.671903,0.118257,0.593224,0.343886,-0.250000,-0.593886
688,0.671078,0.107541,0.592836,0.327935,0.250000,-0.077935
689,0.670550,0.309470,0.592783,0.556300,-0.500000,0.056300
690,0.669590,0.011977,0.592078,0.109438,-0.375000,-0.265562
691,0.668871,0.175384,0.591826,0.418788,-0.125000,-0.543788
692,0.667930,0.021649,0.591180,0.147135,0.000000,-0.147135
693,0.667397,0.300813,0.591118,0.548464,-0.500000,0.048464
694,0.666979,0.378603,0.591153,0.615307,-0.375000,0.240307
695,0.666293,0.193190,0.590933,0.439534,0.125000,-0.314534
696,0.665801,0.325597,0.590904,0.570611,0.625000,0.054389
697,0.665220,0.263146,0.590791,0.512978,0.500000,-0.012978
698,0.664290,0.020293,0.590145,0.142455,-0.125000,0.017455
699,0.663409,0.051461,0.589623,0.226850,-0.250000,-0.023150
700,0.662795,0.236688,0.589475,0.486506,-0.250000,0.236506
701,0.662391,0.381016,0.589514,0.617265,-0.125000,0.492265
702,0.661603,0.112510,0.589150,0.335425,-0.125000,0.210425
703,0.660740,0.058068,0.588652,0.240972,-0.250000,-0.009028
704,0.659802,0.004285,0.587905,0.065458,0.000000,0.065458
705,0.658934,0.051231,0.587389,0.226342,-0.250000,-0.023658
706,0.658348,0.247410,0.587261,0.497404,0.250000,-0.247404
707,0.657426,0.010110,0.586569,0.100549,-0.125000,-0.225549
708,0.656628,0.095562,0.586175,0.309132,-0.375000,-0.065868
709,0.655741,0.031734,0.585596,0.178141,0.125000,-0.053141
710,0.654830,0.012134,0.584922,0.110155,0.125000,0.014845
711,0.653926,0.015732,0.584272,0.125428,0.000000,0.125428
712,0.653003,0.000963,0.583491,0.031038,0.250000,0.281038
713,0.652458,0.266555,0.583396,0.516290,0.375000,-0.141290
714,0.651760,0.156697,0.583132,0.395850,0.125000,-0.270850
715,0.650874,0.021496,0.582518,0.146614,0.500000,0.646614
716,0.649960,0.000653,0.581736,0.025563,-0.125000,-0.099437
717,0.649099,0.036074,0.581186,0.189932,0.125000,-0.064932
718,0.648331,0.100532,0.580816,0.317068,0.500000,0.182932
719,0.647434,0.007168,0.580123,0.084664,-0.125000,-0.040336
720,0.646531,0.000805,0.579352,0.028371,0.250000,0.278371
721,0.645683,0.038587,0.578818,0.196435,0.375000,0.178565
722,0.644784,0.000111,0.578026,0.010522,0.000000,0.010522
723,0.644745,0.616428,0.578314,0.785130,-0.375000,0.410130
724,0.643871,0.015593,0.577685,0.124872,0.000000,0.124872
725,0.644111,0.817038,0.578137,0.903901,0.375000,-0.528901
726,0.643285,0.047314,0.577638,0.217518,-0.125000,0.092518
727,0.642395,0.000098,0.576852,0.009914,0.250000,0.240086
728,0.642916,1.019975,0.577451,1.009938,0.750000,-0.259938
729,0.642907,0.636003,0.577754,0.797498,0.500000,-0.297498
730,0.644238,1.609542,0.578706,1.268677,-0.750000,0.518677
731,0.643501,0.107816,0.578361,0.328354,0.250000,-0.078354
732,0.645759,2.287955,0.579645,1.512599,0.750000,-0.762599
733,0.645042,0.122422,0.579330,0.349888,-0.250000,0.099888
734,0.644185,0.020131,0.578730,0.141882,0.375000,0.516882
735,0.643347,0.031460,0.578181,0.177370,-0.250000,-0.427370
736,0.642568,0.072888,0.577760,0.269978,0.250000,-0.019978
737,0.641854,0.119192,0.577443,0.345242,0.125000,0.470242
738,0.641788,0.593427,0.577706,0.770342,-0.500000,0.270342
739,0.641101,0.136927,0.577423,0.370036,0.000000,-0.370036
740,0.640251,0.015735,0.576809,0.125441,0.250000,0.124559
741,0.639407,0.017794,0.576207,0.133396,0.125000,-0.008396
742,0.638588,0.035020,0.575680,0.187137,0.375000,0.562137
743,0.637784,0.044294,0.575186,0.210461,0.000000,0.210461
744,0.637129,0.153061,0.574937,0.391231,-0.250000,0.141231
745,0.636438,0.125624,0.574640,0.354435,0.250000,0.604435
746,0.641036,4.047818,0.576577,2.011919,-1.875000,0.136919
747,0.641435,0.937234,0.577104,0.968108,0.625000,-0.343108
748,0.640794,0.164584,0.576874,0.405690,-0.625000,-1.030690
749,0.642552,1.950782,0.577974,1.396704,0.125000,1.521704
750,0.641728,0.027826,0.577423,0.166812,0.125000,0.291812
751,0.641117,0.185197,0.577226,0.430345,0.125000,0.555345
752,0.640298,0.028755,0.576681,0.169574,-0.625000,-0.455426
753,0.647890,6.326899,0.579269,2.515333,-0.500000,2.015333
754,0.649422,1.796395,0.580284,1.340297,0.375000,-0.965297
755,0.651696,2.357406,0.581556,1.535385,0.375000,-1.160385
756,0.651358,0.397664,0.581621,0.630606,0.750000,0.119394
757,0.650780,0.216218,0.581466,0.464992,0.250000,-0.214992
758,0.649961,0.032931,0.580936,0.181468,0.625000,0.443532
759,0.649114,0.010173,0.580300,0.100859,0.375000,0.475859
760,0.648874,0.467811,0.580437,0.683967,1.250000,0.566033
761,0.648017,0.000071,0.579681,0.008439,-0.750000,-0.741561
762,0.647322,0.121683,0.579377,0.348831,0.500000,0.151169
763,0.646641,0.130458,0.579089,0.361190,-0.250000,-0.611190
764,0.645881,0.068989,0.578673,0.262658,0.000000,0.262658
765,0.645063,0.023264,0.578113,0.152524,-0.250000,-0.097476
766,0.645990,1.351332,0.578880,1.162468,1.125000,-0.037468
767,0.646555,1.077338,0.579481,1.037949,0.000000,-1.037949
768,0.645810,0.077373,0.579087,0.278160,0.375000,0.653160
769,0.644994,0.021767,0.578523,0.147536,-0.250000,-0.397536
770,0.657517,10.237417,0.581945,3.199596,3.000000,-0.199596
771,0.685716,22.285780,0.587341,4.720782,1.000000,-3.720782
772,0.691605,5.208919,0.589548,2.282306,-1.375000,0.907306
773,0.690720,0.010838,0.588916,0.104106,-0.625000,-0.729106
774,0.693247,2.636801,0.590261,1.623823,-0.250000,-1.873823
775,0.693961,1.243750,0.590941,1.115236,1.625000,0.509764
776,0.695942,2.223201,0.592107,1.491040,1.750000,0.258960
777,0.696093,0.812335,0.592507,0.901296,-1.000000,-1.901296
778,0.695217,0.017799,0.591914,0.133414,-0.375000,-0.241586
779,0.696624,1.786228,0.592875,1.336498,0.375000,1.711498
780,0.696142,0.322263,0.592842,0.567682,-0.250000,0.317682
781,0.695894,0.503231,0.592992,0.709388,0.000000,0.709388
782,0.697107,1.639843,0.593876,1.280564,0.000000,-1.280564
783,0.698876,2.074898,0.594963,1.440451,0.000000,-1.440451
784,0.702905,3.841987,0.596713,1.960099,0.000000,1.960099
785,0.706138,3.227397,0.598249,1.796496,-0.875000,0.921496
786,0.707154,1.501014,0.599051,1.225159,0.875000,-0.350159
787,0.708646,1.875582,0.600035,1.369519,0.750000,-0.619519
788,0.707783,0.031602,0.599496,0.177770,0.000000,0.177770
789,0.706921,0.031411,0.598959,0.177233,0.250000,0.072767
790,0.707072,0.825175,0.599352,0.908391,0.750000,-0.158391
791,0.707040,0.682262,0.599640,0.825992,0.500000,-0.325992
792,0.707695,1.223451,0.600283,1.106097,-0.500000,0.606097
793,0.707198,0.315443,0.600234,0.561643,-0.625000,-0.063357
794,0.706699,0.312712,0.600182,0.559207,0.000000,-0.559207
795,0.706124,0.252028,0.600058,0.502024,0.000000,0.502024
796,0.705810,0.457627,0.600154,0.676481,0.000000,0.676481
797,0.704965,0.035332,0.599635,0.187967,0.250000,0.437967
798,0.704363,0.227422,0.599480,0.476888,-0.125000,0.351888
799,0.703778,0.238973,0.599341,0.488849,0.250000,0.738849
800,0.703241,0.276200,0.599248,0.525547,-0.250000,0.275547
801,0.702494,0.107990,0.598909,0.328619,0.750000,0.421381
802,0.702953,1.068922,0.599454,1.033887,0.500000,-0.533887
803,0.703784,1.366715,0.600167,1.169066,1.250000,0.080934
804,0.703002,0.078121,0.599766,0.279502,-0.375000,-0.654502
805,0.703144,0.816504,0.600145,0.903606,1.250000,0.346394
806,0.702455,0.151187,0.599882,0.388828,-0.375000,-0.763828
807,0.702877,1.040702,0.600405,1.020148,-0.375000,0.645148
808,0.702355,0.283538,0.600320,0.532483,-0.750000,-0.217517
809,0.701611,0.103584,0.599975,0.321845,0.125000,0.446845
810,0.700744,0.002501,0.599292,0.050013,-0.250000,-0.199987
811,0.703275,2.743368,0.600602,1.656312,-0.250000,1.406312
812,0.702601,0.158917,0.600352,0.398643,-0.125000,-0.523643
813,0.702970,1.000655,0.600846,1.000327,0.875000,-0.125327
814,0.702109,0.005972,0.600200,0.077278,-0.500000,-0.422722
815,0.701433,0.153861,0.599944,0.392251,-0.125000,0.267251
816,0.700693,0.100240,0.599595,0.316608,-0.125000,-0.441608
817,0.700206,0.304658,0.599536,0.551958,0.500000,-0.051958
818,0.699918,0.465889,0.599638,0.682561,-0.625000,0.057561
819,0.699059,0.000007,0.598906,0.002562,0.375000,0.377562
820,0.701265,2.499036,0.600109,1.580834,0.875000,-0.705834
821,0.701116,0.579958,0.600306,0.761550,-0.625000,0.136550
822,0.702396,1.748148,0.601189,1.322175,-0.875000,0.447175
823,0.701556,0.014423,0.600602,0.120096,-0.125000,-0.245096
824,0.700824,0.101420,0.600257,0.318466,-0.250000,-0.568466
825,0.715272,12.561917,0.603843,3.544279,-3.250000,0.294279
826,0.715176,0.636447,0.604079,0.797776,-0.750000,0.047776
827,0.734463,16.588858,0.608294,4.072942,0.625000,-3.447942
828,0.734046,0.391039,0.608315,0.625331,0.375000,-0.250331
829,0.733171,0.011717,0.607709,0.108246,0.500000,0.608246
830,0.736178,3.217279,0.609145,1.793677,-0.125000,-1.918677
831,0.737291,1.656051,0.609964,1.286877,-0.375000,-1.661877
832,0.742556,5.096934,0.611954,2.257639,-0.625000,1.632639
833,0.741709,0.040401,0.611458,0.201000,0.125000,-0.076000
834,0.743048,1.853394,0.612362,1.361394,-0.750000,-2.111394
835,0.742283,0.107143,0.612019,0.327328,0.125000,-0.202328
836,0.741504,0.094293,0.611652,0.307071,-0.375000,-0.067929
837,0.740660,0.038681,0.611154,0.196676,0.000000,0.196676
838,0.739773,0.000644,0.610452,0.025377,0.250000,0.275377
839,0.740354,1.224601,0.611046,1.106617,-0.625000,0.481617
840,0.739474,0.004956,0.610399,0.070396,0.125000,0.054604
841,0.738814,0.186960,0.610187,0.432389,0.500000,0.067611
842,0.737932,0.000017,0.609463,0.004076,0.000000,-0.004076
843,0.737079,0.021575,0.608912,0.146883,0.250000,0.103117
844,0.736583,0.320699,0.608861,0.566303,-0.375000,0.191303
845,0.735715,0.006580,0.608234,0.081117,0.125000,0.043883
846,0.735453,0.515421,0.608364,0.717928,-0.250000,0.467928
847,0.734694,0.095710,0.608009,0.309370,0.125000,0.434370
848,0.733917,0.078879,0.607622,0.280853,0.125000,-0.155853
849,0.733110,0.051378,0.607171,0.226667,0.250000,0.476667
850,0.732417,0.146941,0.606906,0.383329,0.625000,0.241671
851,0.733147,1.351044,0.607562,1.162344,1.000000,-0.162344
852,0.732635,0.298953,0.607490,0.546766,0.500000,-0.046766
853,0.731845,0.062135,0.607068,0.249270,0.125000,0.374270
854,0.731427,0.375973,0.607076,0.613166,-0.125000,0.488166
855,0.730777,0.178239,0.606858,0.422184,0.750000,0.327816
856,0.730514,0.507302,0.606982,0.712251,0.625000,-0.087251
857,0.729915,0.219035,0.606819,0.468012,-0.250000,0.218012
858,0.729944,0.754991,0.607126,0.868902,0.750000,-0.118902
859,0.729166,0.064630,0.606713,0.254225,0.000000,-0.254225
860,0.729437,0.961035,0.607150,0.980324,-0.625000,0.355324
861,0.728721,0.115862,0.606838,0.340386,-0.125000,0.215386
862,0.727888,0.014024,0.606269,0.118424,-0.375000,-0.493424
863,0.727118,0.066491,0.605864,0.257858,-0.125000,-0.382858
864,0.726450,0.152825,0.605614,0.390928,-0.250000,0.140928
865,0.725612,0.004573,0.604989,0.067627,-0.250000,-0.317627
866,0.725570,0.689801,0.605250,0.830543,0.500000,-0.330543
867,0.725352,0.537129,0.605398,0.732891,-0.750000,-0.017109
868,0.724517,0.004258,0.604773,0.065256,0.250000,0.184744
869,0.724694,0.877778,0.605157,0.936898,0.625000,-0.311898
870,0.723914,0.049024,0.604714,0.221414,-0.375000,-0.153586
871,0.723144,0.056520,0.604291,0.237740,-0.125000,0.112740
872,0.722312,0.000673,0.603624,0.025935,0.125000,0.099065
873,0.721517,0.031823,0.603135,0.178389,-0.125000,-0.303389
874,0.721875,1.032818,0.603610,1.016277,-0.625000,0.391277
875,0.721060,0.012214,0.603044,0.110517,0.000000,0.110517
876,0.720927,0.604579,0.603244,0.777547,0.250000,-0.527547
877,0.720180,0.068453,0.602853,0.261635,0.375000,0.113365
878,0.719923,0.496048,0.602969,0.704307,0.750000,0.045693
879,0.720228,0.986481,0.603415,0.993217,1.000000,0.006783
880,0.719433,0.024059,0.602903,0.155109,0.000000,0.155109
881,0.719333,0.631464,0.603122,0.794647,0.125000,0.919647
882,0.718563,0.043851,0.602673,0.209407,0.375000,0.165593
883,0.718782,0.910379,0.603073,0.954138,1.000000,0.045862
884,0.720995,2.666901,0.604244,1.633065,1.250000,-0.383065
885,0.720215,0.033163,0.603764,0.182107,-0.125000,0.057107
886,0.719955,0.491496,0.603875,0.701068,-0.750000,-0.048932
887,0.720146,0.888540,0.604258,0.942624,-0.625000,0.317624
888,0.719950,0.546518,0.604411,0.739268,1.000000,0.260732
889,0.719506,0.327484,0.604375,0.572262,0.375000,-0.197262
890,0.718743,0.043479,0.603928,0.208516,0.000000,0.208516
891,0.717957,0.021407,0.603412,0.146312,0.125000,-0.021312
892,0.717165,0.014357,0.602867,0.119819,0.125000,0.244819
893,0.716435,0.068310,0.602483,0.261362,-0.250000,0.011362
894,0.716814,1.053447,0.602960,1.026376,-0.750000,0.276376
895,0.716345,0.298896,0.602896,0.546714,0.125000,-0.421714
896,0.715680,0.123772,0.602615,0.351812,-0.125000,-0.476812
897,0.714908,0.025781,0.602120,0.160564,0.500000,0.660564
898,0.714130,0.019631,0.601603,0.140112,-0.125000,0.015112
899,0.713578,0.220144,0.601455,0.469195,-0.125000,0.344195
900,0.712860,0.069793,0.601079,0.264185,0.000000,0.264185
901,0.712642,0.517662,0.601211,0.719487,-0.250000,0.469487
902,0.711852,0.003661,0.600609,0.060506,0.000000,0.060506
903,0.711093,0.028733,0.600129,0.169507,0.000000,0.169507
904,0.710456,0.138172,0.599875,0.371715,0.375000,0.003285
905,0.709870,0.182756,0.599684,0.427500,-0.375000,0.052500
906,0.709931,0.764505,0.599989,0.874360,1.125000,0.250640
907,0.711696,2.304035,0.601005,1.517905,0.375000,-1.142905
908,0.710911,0.002316,0.600393,0.048128,-0.125000,-0.076872
909,0.710323,0.178782,0.600197,0.422826,-0.500000,-0.077174
910,0.709688,0.134980,0.599940,0.367396,0.250000,-0.117396
911,0.709168,0.237511,0.599816,0.487351,-0.875000,-0.387649
912,0.710862,2.247591,0.600807,1.499197,-1.250000,0.249197
913,0.710161,0.073618,0.600444,0.271326,-0.250000,0.021326
914,0.709721,0.309332,0.600396,0.556176,0.125000,-0.431176
915,0.709094,0.138654,0.600145,0.372363,0.125000,0.497363
916,0.709230,0.833755,0.600488,0.913102,-0.500000,0.413102
917,0.708483,0.026901,0.600010,0.164014,0.125000,-0.039014
918,0.707722,0.012647,0.599477,0.112459,-0.250000,-0.137541
919,0.707712,0.698350,0.599735,0.835674,-0.375000,0.460674
920,0.707529,0.540478,0.599883,0.735172,-0.625000,0.110172
921,0.706916,0.145580,0.599645,0.381549,0.000000,-0.381549
922,0.706540,0.361310,0.599646,0.601091,0.500000,-0.101091
923,0.712364,6.059031,0.601672,2.461510,-2.500000,-0.038490
924,0.714988,3.126303,0.602940,1.768136,-1.500000,0.268136
925,0.714224,0.011927,0.602404,0.109212,-0.875000,-0.984212
926,0.713486,0.033105,0.601948,0.181947,-0.250000,-0.068053
927,0.712822,0.100924,0.601640,0.317686,-0.125000,0.192686
928,0.714841,2.577897,0.602727,1.605583,0.875000,-0.730583
929,0.722541,7.838186,0.605102,2.799676,0.500000,-2.299676
930,0.722192,0.398935,0.605130,0.631613,0.125000,0.756613
931,0.722294,0.816707,0.605452,0.903718,0.875000,-0.028718
932,0.733281,10.918067,0.608361,3.304250,0.750000,-2.554250
933,0.732494,0.002756,0.607762,0.052496,-0.250000,-0.197504
934,0.733865,2.007358,0.608632,1.416813,-1.000000,0.416813
935,0.733096,0.018179,0.608123,0.134829,-0.250000,-0.115171
936,0.732310,0.000020,0.607476,0.004455,0.000000,-0.004455
937,0.733606,1.941084,0.608318,1.393228,-0.375000,1.018228
938,0.733319,0.465693,0.608397,0.682417,-0.125000,0.557417