# TEST CONFIGURATION BEGIN
# File Stream: filename: air_company_stock6.csv  -  n_targets: 1
# [air_company_stock6_ADE_HOMO_HTREE_SIZE_4_OFFLINE_BATCH_100] Pipeline: Array BaseStreamModel: base_models: [<skmultiflow.trees.regression_hoeffding_tree.RegressionHoeffdingTree object at 0x7f2248905b70>, <skmultiflow.trees.regression_hoeffding_tree.RegressionHoeffdingTree object at 0x7f2248905ba8>, <skmultiflow.trees.regression_hoeffding_tree.RegressionHoeffdingTree object at 0x7f2248905be0>, <skmultiflow.trees.regression_hoeffding_tree.RegressionHoeffdingTree object at 0x7f2248905c18>]
 Array MetaStreamModel: base_models: [<skmultiflow.trees.regression_hoeffding_tree.RegressionHoeffdingTree object at 0x7f2248905a90>, <skmultiflow.trees.regression_hoeffding_tree.RegressionHoeffdingTree object at 0x7f2248905ac8>, <skmultiflow.trees.regression_hoeffding_tree.RegressionHoeffdingTree object at 0x7f2248905b00>, <skmultiflow.trees.regression_hoeffding_tree.RegressionHoeffdingTree object at 0x7f2248905b38>]
# Prequential Evaluator: n_wait: 1 - max_samples: 600000 - max_time: 10000000 - output_file: air_company_stock6_ADE_HOMO_HTREE_SIZE_4_OFFLINE_BATCH_100_SIZE_4 - batch_size: 1 - pretrain_size: 5 - task_type: regression - show_plot: False - metrics: ['mean_square_error', 'mean_absolute_error', 'true_vs_predicted']
# TEST CONFIGURATION END
id,global_mse_[air_company_stock6_ADE_HOMO_HTREE_SIZE_4_OFFLINE_BATCH_100],sliding_mse_[air_company_stock6_ADE_HOMO_HTREE_SIZE_4_OFFLINE_BATCH_100],global_mae_[air_company_stock6_ADE_HOMO_HTREE_SIZE_4_OFFLINE_BATCH_100],sliding_mae_[air_company_stock6_ADE_HOMO_HTREE_SIZE_4_OFFLINE_BATCH_100],true_value_[air_company_stock6_ADE_HOMO_HTREE_SIZE_4_OFFLINE_BATCH_100],predicted_value_[air_company_stock6_ADE_HOMO_HTREE_SIZE_4_OFFLINE_BATCH_100]
5,0.012777,0.012777,0.113037,0.113037,0.000000,-0.113037
6,0.238886,0.464994,0.397471,0.681905,-0.250000,0.431905
7,2.510623,7.054099,1.150299,2.655955,1.625000,-1.030955
8,5.771591,15.554492,1.848704,3.943918,0.750000,-3.193918
9,4.654802,0.187646,1.565599,0.433181,0.000000,-0.433181
10,4.005674,0.760034,1.449966,0.871799,0.000000,0.871799
11,3.564584,0.918045,1.379706,0.958147,-1.375000,-0.416853
12,3.170462,0.411605,1.287438,0.641565,-0.750000,-1.391565
13,2.844737,0.238942,1.198703,0.488817,0.000000,-0.488817
14,2.578839,0.185760,1.121932,0.430999,-0.750000,-1.180999
15,2.347080,0.029488,1.035549,0.171720,0.000000,-0.171720
16,2.155428,0.047255,0.967369,0.217381,0.250000,0.467381
17,2.179255,2.465176,1.013732,1.570088,0.375000,-1.195088
18,2.084224,0.848828,1.007131,0.921319,0.000000,-0.921319
19,1.973319,0.420649,0.983227,0.648575,-0.500000,0.148575
20,1.869705,0.315487,0.956881,0.561683,-0.500000,-1.061683
21,1.813075,0.907003,0.956615,0.952367,0.000000,-0.952367
22,1.746931,0.622475,0.947301,0.788971,-0.125000,-0.913971
23,1.687791,0.623265,0.938995,0.789471,0.375000,-0.414471
24,1.603628,0.004550,0.895417,0.067450,-0.375000,-0.307550
25,1.538474,0.235381,0.875881,0.485160,-0.375000,0.110160
26,1.475803,0.159725,0.854235,0.399656,-0.750000,-0.350344
27,1.412958,0.030362,0.824670,0.174247,-0.125000,-0.299247
28,1.487441,3.200546,0.864851,1.789007,0.625000,-1.164007
29,1.580625,3.817041,0.908406,1.953725,1.125000,-0.828725
30,1.549584,0.773561,0.907295,0.879523,0.250000,-0.629523
31,1.502386,0.275231,0.893122,0.524625,0.875000,0.350375
32,1.539577,2.543729,0.918186,1.594907,-0.250000,-1.844907
33,1.548277,1.791896,0.932683,1.338617,0.125000,-1.213617
34,1.575786,2.373539,0.952948,1.540629,0.250000,-1.290629
35,1.530634,0.176077,0.935744,0.419616,-0.500000,-0.919616
36,1.485766,0.094868,0.916127,0.308006,-0.125000,-0.433006
37,1.445465,0.155821,0.900328,0.394742,0.375000,-0.019742
38,1.411573,0.293133,0.889771,0.541418,-0.250000,-0.791418
39,1.373942,0.094488,0.873132,0.307388,-0.250000,0.057388
40,1.338690,0.104860,0.857873,0.323821,0.125000,0.448821
41,1.337476,1.293794,0.865429,1.137451,0.250000,-0.887451
42,1.359052,2.157363,0.881307,1.468796,0.875000,-0.593796
43,1.324383,0.006937,0.860845,0.083292,-0.375000,-0.291708
44,1.305777,0.580146,0.858366,0.761673,1.000000,0.238327
45,1.294670,0.850420,0.859923,0.922182,-0.250000,-1.172182
46,1.310902,1.976403,0.872921,1.405846,-1.125000,0.280846
47,1.291372,0.471093,0.868582,0.686362,-0.500000,0.186362
48,1.270945,0.392608,0.863082,0.626584,0.125000,-0.501584
49,1.306352,2.864225,0.881512,1.692402,0.125000,-1.567402
50,1.283434,0.252135,0.873264,0.502130,0.000000,0.502130
51,1.276228,0.944757,0.875365,0.971986,-0.125000,0.846986
52,1.249659,0.000918,0.857759,0.030291,-0.500000,-0.530291
53,1.226072,0.093882,0.846507,0.306401,0.250000,-0.056401
54,1.341891,7.017062,0.882556,2.648974,1.875000,-0.773974
55,1.369837,2.767111,0.897868,1.663464,-0.625000,-2.288464
56,1.379223,1.857921,0.906814,1.363056,-0.125000,1.238056
57,1.354384,0.062733,0.894430,0.250465,0.000000,0.250465
58,1.379030,2.685300,0.908213,1.638689,0.375000,-1.263689
59,1.354144,0.010263,0.893542,0.101307,-1.125000,-1.226307
60,1.496825,9.344276,0.932172,3.056841,-1.500000,1.556841
61,1.474856,0.244631,0.924495,0.494602,-0.125000,-0.619602
62,1.484678,2.044528,0.933209,1.429870,-0.375000,-1.804870
63,1.460708,0.070440,0.921890,0.265406,-0.250000,0.015406
64,1.449078,0.762899,0.921082,0.873441,-0.375000,0.498441
65,1.427590,0.138346,0.912080,0.371948,0.375000,0.003052
66,1.480905,4.733115,0.932459,2.175572,0.875000,-1.300572
67,1.460367,0.186958,0.924522,0.432386,0.000000,-0.432386
68,1.440011,0.157583,0.916278,0.396967,0.250000,-0.146967
69,1.418989,0.073599,0.906356,0.271291,-0.500000,-0.771291
70,1.398457,0.063893,0.896453,0.252771,-0.125000,-0.377771
71,1.400504,1.535608,0.901568,1.239197,0.500000,-0.739197
72,1.387414,0.510377,0.898816,0.714407,0.250000,-0.464407
73,1.370369,0.211296,0.892452,0.459669,0.250000,-0.209669
74,1.352423,0.114175,0.884529,0.337897,0.125000,0.462897
75,1.333878,0.035730,0.874734,0.189024,0.250000,0.060976
76,1.316707,0.097529,0.866922,0.312296,-0.750000,-0.437704
77,1.306349,0.560629,0.865303,0.748752,-0.250000,0.498752
78,1.295761,0.522803,0.863381,0.723051,0.250000,-0.473051
79,1.278500,0.001191,0.852329,0.034514,-0.625000,-0.590486
80,1.265068,0.257679,0.847794,0.507620,0.000000,0.507620
81,1.248721,0.006331,0.837817,0.079570,0.375000,0.295430
82,1.249317,1.295206,0.841666,1.138071,0.625000,-0.513071
83,1.237665,0.328852,0.838271,0.573456,-0.875000,-0.301544
84,1.247362,2.013394,0.845529,1.418941,-0.125000,1.293941
85,1.257687,2.083654,0.852912,1.443487,0.625000,-0.818487
86,1.265229,1.876128,0.859214,1.369718,0.250000,-1.119718
87,1.251166,0.098054,0.852635,0.313135,-0.125000,0.188135
88,1.245854,0.804942,0.853165,0.897185,-0.125000,0.772185
89,1.231239,0.003576,0.843831,0.059797,-0.250000,-0.309797
90,1.222349,0.466700,0.841963,0.683154,0.375000,-0.308154
91,1.208310,0.000968,0.832643,0.031107,-0.250000,-0.218893
92,1.202529,0.699564,0.832686,0.836399,0.750000,-0.086399
93,1.191415,0.213381,0.828520,0.461932,-0.125000,-0.586932
94,1.185821,0.687981,0.828530,0.829446,-0.375000,0.454446
95,1.173439,0.059072,0.822096,0.243047,-0.125000,0.118047
96,1.165053,0.401868,0.820051,0.633930,0.500000,-0.133930
97,1.155950,0.318454,0.817301,0.564317,-0.375000,-0.939317
98,1.143757,0.009886,0.809664,0.099428,0.750000,0.650572
99,1.131864,0.013928,0.802384,0.118016,-0.125000,-0.243016
100,1.120830,0.072545,0.796831,0.269342,-0.250000,0.019342
101,1.109408,0.012954,0.789790,0.113814,0.125000,0.238814
102,1.099664,0.154493,0.785741,0.393056,0.375000,-0.018056
103,1.102500,1.380403,0.789672,1.174905,0.375000,-0.799905
104,1.101038,0.956246,0.791554,0.977878,-0.625000,0.352878
105,1.100841,1.081213,0.794012,1.039814,-0.250000,0.789814
106,1.090135,0.008839,0.787150,0.094018,-0.250000,-0.344018
107,1.082277,0.280691,0.784651,0.529803,0.125000,-0.404803
108,1.073149,0.132968,0.780613,0.364648,0.250000,-0.114648
109,1.067926,0.524795,0.780078,0.724427,-0.375000,0.349427
110,1.061440,0.380376,0.778537,0.616747,-0.250000,0.366747
111,1.052704,0.126658,0.774587,0.355890,-0.125000,0.230890
112,1.043431,0.051227,0.769510,0.226333,0.375000,0.148667
113,1.036339,0.270377,0.767221,0.519978,-0.125000,-0.644978
114,1.027893,0.107307,0.763224,0.327577,0.875000,0.547423
115,1.018660,0.003043,0.756845,0.055160,-0.500000,-0.555160
116,1.010743,0.131916,0.753331,0.363202,0.875000,0.511798
117,1.004842,0.343983,0.751854,0.586500,-0.125000,-0.711500
118,0.998459,0.277212,0.749878,0.526509,-0.250000,0.276509
119,0.990520,0.085484,0.745899,0.292377,0.125000,-0.167377
120,0.982427,0.051730,0.741430,0.227442,0.375000,0.147558
121,0.989655,1.828064,0.746649,1.352059,0.625000,-0.727059
122,0.981275,0.000784,0.740559,0.027992,0.500000,0.472008
123,0.975002,0.234853,0.738408,0.484617,0.750000,0.265383
124,0.967004,0.015207,0.733282,0.123316,-0.625000,-0.501684
125,0.964006,0.604201,0.733646,0.777304,-0.125000,0.652304
126,0.956121,0.002053,0.728004,0.045307,-0.500000,-0.545307
127,0.948443,0.011761,0.722967,0.108447,-0.375000,-0.266553
128,0.940794,0.000000,0.717139,0.000276,0.000000,0.000276
129,0.937505,0.529672,0.717224,0.727786,-0.500000,0.227786
130,0.930316,0.031690,0.712944,0.178016,0.375000,0.196984
131,0.923074,0.010495,0.708137,0.102445,-0.125000,-0.227445
132,0.917481,0.207263,0.706162,0.455262,0.000000,0.455262
133,0.914047,0.474459,0.706027,0.688810,0.500000,-0.188810
134,0.907852,0.108732,0.703133,0.329746,0.375000,0.045254
135,0.902005,0.141788,0.700640,0.376548,-0.125000,-0.501548
136,0.896755,0.209032,0.698795,0.457201,-0.125000,0.332201
137,0.890223,0.028029,0.694800,0.167420,0.125000,0.292420
138,0.884893,0.175979,0.692746,0.419498,-0.125000,-0.544498
139,0.878838,0.067541,0.689539,0.259887,-0.125000,0.134887
140,0.875531,0.429010,0.689285,0.654989,-0.375000,0.279989
141,0.872819,0.503987,0.689436,0.709921,-0.500000,0.209921
142,0.867473,0.135158,0.687104,0.367638,-0.125000,0.242638
143,0.862748,0.210606,0.685462,0.458918,0.375000,-0.083918
144,0.856631,0.006348,0.681135,0.079673,-0.250000,-0.329673
145,0.855217,0.657367,0.682055,0.810782,-0.375000,0.435782
146,0.851872,0.380126,0.681593,0.616544,0.000000,0.616544
147,0.845924,0.001292,0.677078,0.035940,0.000000,-0.035940
148,0.840208,0.022835,0.673426,0.151114,0.000000,-0.151114
149,0.834413,0.000001,0.668789,0.001062,0.375000,0.373938
150,0.828729,0.004506,0.664668,0.067125,-0.125000,-0.192125
151,0.825134,0.300249,0.663874,0.547950,-0.375000,0.172950
152,0.819562,0.000550,0.659547,0.023461,0.250000,0.226539
153,0.814626,0.084017,0.657066,0.289858,-0.250000,-0.539858
154,0.809530,0.050318,0.654181,0.224317,-0.250000,-0.025683
155,0.804170,0.000156,0.649931,0.012487,0.375000,0.362513
156,0.799286,0.061729,0.647290,0.248453,-0.125000,-0.373453
157,0.794839,0.118859,0.645312,0.344760,0.375000,0.030240
158,0.792697,0.465000,0.645550,0.681909,-0.375000,0.306909
159,0.787845,0.040743,0.642687,0.201850,0.500000,0.298150
160,0.785822,0.472190,0.642973,0.687161,0.000000,-0.687161
161,0.783208,0.375364,0.642780,0.612669,-0.125000,0.487669
162,0.778271,0.003264,0.639073,0.057128,0.000000,-0.057128
163,0.774334,0.152193,0.637507,0.390120,0.500000,0.109880
164,0.769877,0.061225,0.635069,0.247437,-0.125000,-0.372437
165,0.767219,0.341966,0.634757,0.584779,0.000000,0.584779
166,0.762501,0.002892,0.631171,0.053776,0.125000,0.178776
167,0.757907,0.013655,0.628015,0.116855,-0.125000,-0.241855
168,0.753285,0.000000,0.624186,0.000100,0.000000,-0.000100
169,0.750099,0.227604,0.623295,0.477079,-0.250000,0.227079
170,0.747033,0.241114,0.622498,0.491034,0.625000,0.133966
171,0.742582,0.003727,0.619136,0.061052,-0.375000,-0.436052
172,0.740324,0.363173,0.619038,0.602638,0.125000,0.727638
173,0.735944,0.000146,0.615447,0.012096,0.000000,-0.012096
174,0.731802,0.031715,0.612874,0.178086,0.000000,0.178086
175,0.727527,0.000919,0.609467,0.030309,-0.125000,-0.094691
176,0.724672,0.236479,0.608751,0.486291,0.000000,0.486291
177,0.721595,0.192339,0.607767,0.438565,0.625000,0.186435
178,0.718480,0.179542,0.606710,0.423724,0.000000,-0.423724
179,0.714784,0.071639,0.604772,0.267655,0.750000,0.482345
180,0.711155,0.076172,0.602904,0.275993,-0.125000,-0.400993
181,0.707306,0.029878,0.600474,0.172854,0.125000,0.297854
182,0.703773,0.078420,0.598674,0.280035,-0.125000,-0.405035
183,0.705562,1.024015,0.600983,1.011936,1.125000,0.113064
184,0.706866,0.940268,0.603031,0.969674,0.000000,-0.969674
185,0.703898,0.169568,0.601975,0.411787,0.500000,0.911787
186,0.700500,0.085493,0.600274,0.292391,-0.250000,0.042391
187,0.696932,0.047596,0.598185,0.218164,0.000000,0.218164
188,0.693499,0.065285,0.596323,0.255509,0.000000,-0.255509
189,0.690786,0.191586,0.595466,0.437705,-0.125000,0.312705
190,0.687377,0.056624,0.593544,0.237959,0.125000,-0.112959
191,0.684144,0.082910,0.591909,0.287941,-0.125000,0.162941
192,0.680800,0.055449,0.590013,0.235477,0.375000,0.139523
193,0.677499,0.056909,0.588154,0.238556,0.125000,-0.113556
194,0.677120,0.605498,0.589154,0.778138,-0.375000,0.403138
195,0.673594,0.003509,0.586379,0.059234,0.125000,0.184234
196,0.670300,0.041289,0.584384,0.203197,0.125000,-0.078197
197,0.666889,0.011995,0.581923,0.109524,0.000000,-0.109524
198,0.663452,0.000082,0.578970,0.009082,0.250000,0.259082
199,0.662867,0.549249,0.579802,0.741113,1.000000,0.258887
200,0.671697,2.393706,0.584737,1.547161,0.625000,-0.922161
201,0.668358,0.013754,0.582365,0.117277,0.250000,0.367277
202,0.665802,0.162401,0.581459,0.402990,-0.125000,0.277990
203,0.662798,0.068054,0.579848,0.260871,-0.500000,-0.239129
204,0.659601,0.023319,0.577712,0.152705,-0.125000,-0.277705
205,0.658523,0.442917,0.578149,0.665520,0.500000,-0.165520
206,0.656449,0.239487,0.577709,0.489374,0.125000,-0.364374
207,0.655850,0.534999,0.578467,0.731436,-0.250000,0.481436
208,0.692007,8.031808,0.589523,2.834044,-1.875000,0.959044
209,0.692596,0.812755,0.591045,0.901529,-0.250000,0.651529
210,0.703863,3.013508,0.596603,1.735946,0.375000,-1.360946
211,0.700606,0.029710,0.594554,0.172366,-0.375000,-0.547366
212,0.704014,1.409495,0.597403,1.187221,-0.250000,0.937221
213,0.700761,0.024064,0.595287,0.155126,0.250000,0.405126
214,0.703045,1.180496,0.597626,1.086506,0.125000,-0.961506
215,0.700341,0.132566,0.596519,0.364096,0.125000,-0.239096
216,0.700611,0.757407,0.597811,0.870291,-0.250000,0.620291
217,0.697967,0.137439,0.596744,0.370728,-0.875000,-0.504272
218,0.695552,0.181186,0.595945,0.425660,0.375000,-0.050660
219,0.695597,0.705402,0.597080,0.839882,0.250000,-0.589882
220,0.692460,0.017967,0.594936,0.134042,0.000000,-0.134042
221,0.694755,1.190507,0.597222,1.091104,-0.625000,0.466104
222,0.693551,0.432110,0.597498,0.657351,-0.125000,0.532351
223,0.691269,0.193895,0.596781,0.440335,0.125000,-0.315335
224,0.688273,0.032021,0.594881,0.178944,-0.250000,-0.071056
225,0.693270,1.792719,0.598248,1.338925,-0.875000,0.463925
226,0.708743,4.128208,0.604705,2.031799,-1.750000,0.281799
227,0.705689,0.027800,0.602741,0.166732,0.125000,0.291732
228,0.704414,0.420060,0.602944,0.648120,-0.625000,-1.273120
229,0.701348,0.014502,0.600799,0.120423,0.375000,0.254577
230,0.698248,0.000831,0.598269,0.028831,-0.125000,-0.096169
231,0.697980,0.637442,0.599150,0.798399,-0.500000,0.298399
232,0.695778,0.195830,0.598463,0.442526,0.250000,-0.192526
233,0.696610,0.886372,0.599961,0.941473,-1.250000,-0.308527
234,0.696051,0.567987,0.600629,0.753649,-0.750000,0.003649
235,0.693213,0.040589,0.598901,0.201468,-0.750000,-0.951468
236,0.690288,0.014498,0.596839,0.120408,-0.125000,-0.004592
237,0.688614,0.300239,0.596629,0.547941,-0.125000,-0.672941
238,0.686050,0.088745,0.595352,0.297901,0.250000,0.547901
239,0.684987,0.436144,0.595629,0.660412,0.500000,-0.160412
240,0.688612,1.540440,0.598365,1.241145,0.750000,-0.491145
241,0.691053,1.267299,0.600590,1.125744,0.750000,-0.375744
242,0.688641,0.117008,0.599504,0.342065,0.000000,-0.342065
243,0.685895,0.032299,0.597747,0.179720,0.250000,0.070280
244,0.684866,0.438964,0.598017,0.662543,-0.125000,-0.787543
245,0.684601,0.620988,0.598806,0.788028,0.375000,-0.413028
246,0.682594,0.198835,0.598174,0.445909,0.000000,-0.445909
247,0.680212,0.103639,0.597037,0.321930,-0.125000,0.196930
248,0.677634,0.051226,0.595518,0.226332,0.250000,0.023668
249,0.675172,0.074405,0.594200,0.272773,-0.250000,0.022773
250,0.678320,1.449642,0.596679,1.204011,-1.000000,0.204011
251,0.679419,0.949751,0.598209,0.974552,-0.500000,0.474552
252,0.676780,0.025001,0.596435,0.158116,-0.125000,-0.283116
253,0.674554,0.122558,0.595445,0.350082,-0.125000,-0.475082
254,0.672770,0.228568,0.594976,0.478088,-0.125000,0.353088
255,0.670106,0.004016,0.592858,0.063376,0.250000,0.313376
256,0.667557,0.027731,0.591166,0.166527,-0.375000,-0.208473
257,0.665733,0.206181,0.590624,0.454071,0.625000,0.170929
258,0.663221,0.027569,0.588953,0.166040,-0.500000,-0.333960
259,0.660628,0.002069,0.586821,0.045483,-0.125000,-0.079517
260,0.659534,0.380486,0.586939,0.616836,0.375000,-0.241836
261,0.657474,0.130223,0.586059,0.360864,0.250000,-0.110864
262,0.654977,0.013241,0.584233,0.115070,-0.125000,-0.240070
263,0.652700,0.065144,0.582963,0.255233,0.375000,0.630233
264,0.650750,0.145842,0.582190,0.381892,0.375000,-0.006892
265,0.651753,0.912389,0.583619,0.955191,0.375000,-0.580191
266,0.649267,0.000545,0.581480,0.023351,0.125000,0.148351
267,0.646814,0.004217,0.579516,0.064939,0.125000,0.060061
268,0.644473,0.028802,0.577964,0.169711,-0.250000,-0.080289
269,0.642372,0.087688,0.576901,0.296122,-0.250000,0.046122
270,0.641412,0.386858,0.577070,0.621979,-0.500000,0.121979
271,0.639472,0.123469,0.576225,0.351381,0.375000,0.023619
272,0.637378,0.078183,0.575118,0.279611,0.000000,-0.279611
273,0.637740,0.734811,0.576167,0.857211,-0.500000,0.357211
274,0.635471,0.025184,0.574620,0.158696,0.500000,0.341304
275,0.638065,1.338370,0.576769,1.156879,0.750000,-0.406879
276,0.635845,0.034315,0.575330,0.185244,-0.500000,-0.685244
277,0.636773,0.889034,0.576676,0.942886,-0.125000,0.817886
278,0.634864,0.113833,0.575803,0.337392,0.250000,-0.087392
279,0.633583,0.282489,0.575642,0.531497,-0.250000,-0.781497
280,0.631289,0.000420,0.573630,0.020497,0.250000,0.229503
281,0.629010,0.000035,0.571581,0.005937,0.250000,0.255937
282,0.627238,0.136562,0.570854,0.369543,0.000000,-0.369543
283,0.625268,0.077527,0.569806,0.278437,0.375000,0.096563
284,0.623154,0.033290,0.568422,0.182457,0.125000,0.307457
285,0.624876,1.107007,0.570144,1.052144,0.750000,-0.302144
286,0.622716,0.015718,0.568567,0.125371,-0.125000,-0.250371
287,0.620516,0.000331,0.566622,0.018191,0.500000,0.518191
288,0.618338,0.001729,0.564773,0.041586,-0.250000,-0.291586
289,0.618090,0.547651,0.565388,0.740035,-0.375000,0.365035
290,0.615934,0.001606,0.563551,0.040081,0.000000,0.040081
291,0.614828,0.298478,0.563491,0.546332,-0.500000,0.046332
292,0.613178,0.139618,0.562832,0.373655,-0.500000,-0.126345
293,0.611198,0.040892,0.561584,0.202218,0.125000,0.327218
294,0.609434,0.099711,0.560737,0.315770,-0.625000,-0.309230
295,0.608405,0.310036,0.560723,0.556809,-0.375000,0.181809
296,0.606708,0.112779,0.559953,0.335825,0.125000,0.460825
297,0.604862,0.066004,0.558919,0.256912,0.250000,-0.006912
298,0.602949,0.042331,0.557718,0.205746,-0.500000,-0.294254
299,0.604069,0.933301,0.559102,0.966075,-0.250000,0.716075
300,0.602047,0.005654,0.557467,0.075196,0.000000,0.075196
301,0.601893,0.556359,0.558101,0.745895,0.375000,-0.370895
302,0.599903,0.008846,0.556544,0.094053,-0.125000,-0.219053
303,0.597994,0.029092,0.555253,0.170564,0.500000,0.329436
304,0.596409,0.122395,0.554569,0.349851,0.125000,-0.224851
305,0.594597,0.051008,0.553477,0.225850,-0.375000,-0.149150
306,0.592703,0.022797,0.552144,0.150986,0.375000,0.224014
307,0.590893,0.044233,0.551016,0.210317,-0.125000,-0.335317
308,0.590183,0.375058,0.551218,0.612420,0.500000,-0.112420
309,0.588256,0.002451,0.549573,0.049503,0.125000,0.174503
310,0.586346,0.003718,0.547976,0.060971,0.375000,0.314029
311,0.585373,0.287577,0.547938,0.536262,-0.750000,-0.213738
312,0.587147,1.131823,0.549613,1.063872,-0.375000,0.688872
313,0.586041,0.245375,0.549437,0.495353,0.375000,-0.120353
314,0.584354,0.063033,0.548475,0.251063,-0.250000,-0.501063
315,0.582541,0.020621,0.547173,0.143601,0.125000,0.268601
316,0.583942,1.019657,0.548656,1.009781,-0.750000,0.259781
317,0.582078,0.000506,0.546975,0.022491,0.250000,0.227509
318,0.581927,0.534612,0.547561,0.731172,0.250000,-0.481172
319,0.580278,0.062492,0.546617,0.249984,0.000000,0.249984
320,0.579730,0.407118,0.546906,0.638058,-0.625000,0.013058
321,0.578780,0.278580,0.546846,0.527806,-0.125000,0.402806
322,0.577060,0.031865,0.545687,0.178509,0.125000,-0.053509
323,0.576174,0.294286,0.545677,0.542482,0.125000,-0.417482
324,0.574374,0.000384,0.544033,0.019586,0.250000,0.269586
325,0.572851,0.085409,0.543249,0.292248,-0.375000,-0.082752
326,0.571288,0.069617,0.542381,0.263851,0.000000,0.263851
327,0.569520,0.000015,0.540714,0.003827,-0.125000,-0.121173
328,0.567763,0.000456,0.539111,0.021352,0.125000,0.146352
329,0.566123,0.034834,0.538026,0.186639,-0.500000,-0.313361
330,0.564579,0.062550,0.537143,0.250099,0.125000,0.375099
331,0.562871,0.006283,0.535743,0.079263,-0.125000,-0.045737
332,0.561205,0.016257,0.534498,0.127504,0.000000,0.127504
333,0.559507,0.002710,0.533032,0.052053,0.125000,0.177053
334,0.557978,0.054901,0.532127,0.234310,-0.125000,0.109310
335,0.556417,0.041326,0.531133,0.203289,-0.125000,0.078289
336,0.556298,0.516699,0.531699,0.718818,0.750000,0.031182
337,0.554874,0.082122,0.530962,0.286570,-0.750000,-0.463430
338,0.553923,0.237238,0.530831,0.487071,0.000000,0.487071
339,0.552361,0.030828,0.529771,0.175579,-0.125000,0.050579
340,0.550745,0.009201,0.528479,0.095923,-0.125000,-0.220923
341,0.549116,0.001833,0.527038,0.042814,0.000000,-0.042814
342,0.548088,0.201494,0.526807,0.448881,0.000000,0.448881
343,0.546671,0.067840,0.526021,0.260461,-0.500000,-0.239539
344,0.545821,0.257635,0.525967,0.507578,-0.250000,0.257578
345,0.544925,0.240532,0.525863,0.490440,-0.375000,0.115440
346,0.544078,0.255232,0.525802,0.505205,0.250000,-0.255205
347,0.543657,0.399602,0.526112,0.632141,0.375000,-0.257141
348,0.542132,0.019000,0.524984,0.137841,-0.125000,0.012841
349,0.542291,0.596908,0.525701,0.772598,-0.625000,0.147598
350,0.540912,0.065156,0.524920,0.255256,0.500000,0.244744
351,0.543024,1.273849,0.526660,1.128649,0.500000,-0.628649
352,0.541671,0.072134,0.525918,0.268579,-0.125000,-0.393579
353,0.540155,0.012720,0.524734,0.112783,0.500000,0.387217
354,0.538673,0.021278,0.523652,0.145869,-0.375000,-0.229131
355,0.539318,0.765049,0.524652,0.874671,0.750000,-0.124671
356,0.537947,0.056759,0.523838,0.238241,0.000000,-0.238241
357,0.536450,0.009408,0.522629,0.096993,0.250000,0.346993
358,0.535074,0.049678,0.521782,0.222885,-0.125000,-0.347885
359,0.534171,0.214398,0.521617,0.463032,0.000000,0.463032
360,0.532747,0.027333,0.520616,0.165326,-0.250000,-0.084674
361,0.531276,0.007326,0.519397,0.085595,0.250000,0.164405
362,0.531124,0.476849,0.519876,0.690542,0.625000,-0.065542
363,0.529665,0.007595,0.518670,0.087150,-0.125000,-0.212150
364,0.528254,0.021709,0.517639,0.147341,0.250000,0.397341
365,0.531901,1.844574,0.519967,1.358151,-1.250000,0.108151
366,0.531849,0.513329,0.520510,0.716470,0.000000,0.716470
367,0.531196,0.294508,0.520571,0.542686,0.125000,-0.417686
368,0.530002,0.096815,0.519996,0.311150,0.000000,0.311150
369,0.528652,0.037246,0.519100,0.192993,0.250000,0.442993
370,0.528937,0.633079,0.519855,0.795663,-0.250000,0.545663
371,0.527804,0.112797,0.519354,0.335853,-0.125000,0.210853
372,0.526703,0.122690,0.518894,0.350272,0.250000,-0.100272
373,0.525284,0.003023,0.517637,0.054985,0.125000,0.179985
374,0.524812,0.350844,0.517839,0.592320,0.250000,-0.342320
375,0.526088,0.998342,0.519137,0.999171,-0.625000,0.374171
376,0.524737,0.023195,0.518150,0.152299,0.500000,0.347701
377,0.524299,0.361374,0.518373,0.601144,0.375000,-0.226144
378,0.522912,0.005844,0.517191,0.076448,0.125000,0.201448
379,0.522629,0.416573,0.517533,0.645424,-0.250000,0.395424
380,0.528467,2.717829,0.520541,1.648584,-1.250000,0.398584
381,0.527423,0.134891,0.520135,0.367275,0.250000,-0.117275
382,0.526846,0.309365,0.520230,0.556206,0.000000,-0.556206
383,0.525459,0.000936,0.518938,0.030590,0.000000,0.030590
384,0.526573,0.949008,0.520136,0.974171,-0.750000,0.224171
385,0.525377,0.070627,0.519469,0.265758,0.125000,0.390758
386,0.524490,0.186546,0.519239,0.431910,0.125000,-0.306910
387,0.524046,0.354529,0.519438,0.595424,0.625000,0.029576
388,0.523033,0.135138,0.519043,0.367611,-0.250000,0.117611
389,0.521850,0.067564,0.518370,0.259930,-0.125000,0.134930
390,0.520609,0.042781,0.517563,0.206837,0.000000,0.206837
391,0.519294,0.011749,0.516506,0.108394,-0.125000,-0.016606
392,0.518181,0.087416,0.515936,0.295662,0.375000,0.079338
393,0.516850,0.000473,0.514666,0.021757,-0.125000,-0.103243
394,0.515778,0.098852,0.514152,0.314408,0.000000,0.314408
395,0.514692,0.091185,0.513610,0.301968,-0.125000,0.176968
396,0.514186,0.316177,0.513734,0.562296,-0.125000,0.437296
397,0.513057,0.070379,0.513102,0.265290,0.125000,-0.140290
398,0.511948,0.076309,0.512501,0.276240,-0.250000,0.026240
399,0.510712,0.023727,0.511593,0.154035,0.000000,0.154035
400,0.509658,0.093213,0.511072,0.305308,0.250000,-0.055308
401,0.508392,0.007202,0.509999,0.084864,0.000000,-0.084864
402,0.507571,0.181670,0.509788,0.426228,-0.375000,0.051228
403,0.507753,0.580086,0.510419,0.761634,-0.500000,0.261634
404,0.506659,0.070180,0.509806,0.264916,0.250000,-0.014916
405,0.507377,0.794682,0.510757,0.891449,0.375000,-0.516449
406,0.506301,0.074689,0.510167,0.273293,-0.250000,0.023293
407,0.505257,0.085649,0.509627,0.292659,0.000000,0.292659
408,0.504283,0.111563,0.509192,0.334010,-0.375000,-0.040990
409,0.503258,0.089179,0.508672,0.298629,-0.500000,-0.201371
410,0.502025,0.002696,0.507547,0.051921,0.125000,0.073079
411,0.501036,0.099724,0.507076,0.315791,0.125000,-0.190791
412,0.499813,0.001955,0.505942,0.044212,-0.375000,-0.330788
413,0.499933,0.549006,0.506516,0.740949,-0.375000,0.365949
414,0.498816,0.041968,0.505781,0.204861,0.000000,0.204861
415,0.497606,0.001476,0.504643,0.038423,-0.250000,-0.211577
416,0.496593,0.080163,0.504106,0.283130,0.375000,0.091870
417,0.495393,0.000726,0.502950,0.026944,-0.125000,-0.098056
418,0.494228,0.013295,0.502014,0.115303,0.125000,0.009697
419,0.493343,0.127090,0.501663,0.356497,-0.375000,-0.018503
420,0.492160,0.000974,0.500533,0.031203,0.250000,0.281203
421,0.491365,0.160912,0.500294,0.401139,0.125000,-0.276139
422,0.490249,0.024669,0.499473,0.157064,-0.125000,0.032064
423,0.489218,0.058141,0.498856,0.241124,0.000000,0.241124
424,0.488397,0.144718,0.498574,0.380419,-0.375000,0.005419
425,0.487239,0.000562,0.497447,0.023709,0.000000,-0.023709
426,0.486119,0.014658,0.496555,0.121070,-0.250000,-0.128930
427,0.485480,0.215824,0.496479,0.464569,-0.375000,0.089569
428,0.484366,0.013244,0.495579,0.115083,-0.250000,-0.134917
429,0.484401,0.499421,0.496076,0.706697,0.625000,-0.081697
430,0.483817,0.235464,0.496051,0.485246,0.000000,-0.485246
431,0.482829,0.061692,0.495471,0.248379,-0.125000,0.123379
432,0.482215,0.220364,0.495410,0.469430,-0.375000,0.094430
433,0.481270,0.076599,0.494900,0.276765,-0.375000,-0.098235
434,0.481014,0.371424,0.495167,0.609445,-0.875000,-0.265555
435,0.480034,0.058491,0.494579,0.241850,0.500000,0.258150
436,0.479646,0.312535,0.494728,0.559048,-0.125000,-0.684048
437,0.478548,0.004081,0.493733,0.063880,0.000000,-0.063880
438,0.477520,0.032334,0.493010,0.179816,0.500000,0.320184
439,0.476512,0.039264,0.492332,0.198151,0.000000,-0.198151
440,0.475584,0.071846,0.491818,0.268040,-0.625000,-0.356960
441,0.474500,0.001815,0.490790,0.042601,0.250000,0.292601
442,0.473434,0.007552,0.489867,0.086901,-0.375000,-0.461901
443,0.472404,0.021442,0.489085,0.146431,-0.250000,-0.396431
444,0.471331,0.000079,0.487994,0.008863,0.375000,0.383863
445,0.470308,0.020138,0.487209,0.141908,-0.375000,-0.233092
446,0.469415,0.075796,0.486730,0.275311,0.250000,-0.025311
447,0.469026,0.296930,0.486861,0.544913,-0.250000,0.294913
448,0.468084,0.050914,0.486273,0.225641,-0.125000,0.100641
449,0.467101,0.030703,0.485574,0.175222,-0.125000,-0.300222
450,0.467782,0.770609,0.486453,0.877843,-0.625000,0.252843
451,0.467698,0.430274,0.486832,0.655953,-0.625000,0.030953
452,0.466720,0.029663,0.486130,0.172231,0.125000,-0.047231
453,0.465682,0.000529,0.485099,0.023009,-0.250000,-0.273009
454,0.464736,0.039899,0.484465,0.199748,-0.250000,-0.050252
455,0.464636,0.419805,0.484827,0.647924,-0.375000,0.272924
456,0.464524,0.413899,0.485178,0.643350,-0.875000,-0.231650
457,0.464294,0.360214,0.485432,0.600178,0.375000,-0.225178
458,0.464506,0.560557,0.486011,0.748704,0.500000,-0.248704
459,0.463631,0.066503,0.485510,0.257881,-0.125000,-0.382881
460,0.462680,0.030201,0.484826,0.173783,0.000000,0.173783
461,0.461669,0.000674,0.483822,0.025962,0.000000,-0.025962
462,0.460912,0.114717,0.483505,0.338699,-0.250000,-0.588699
463,0.459993,0.038938,0.482882,0.197327,0.125000,-0.072327
464,0.459292,0.137868,0.482639,0.371306,0.250000,-0.121306
465,0.458919,0.287096,0.482755,0.535813,0.000000,-0.535813
466,0.461333,1.574330,0.484426,1.254723,-1.250000,0.004723
467,0.466395,2.805234,0.486997,1.674883,-1.250000,0.424883
468,0.465535,0.066945,0.486505,0.258737,-0.375000,-0.116263
469,0.466193,0.771652,0.487348,0.878437,0.375000,-0.503437
470,0.465406,0.099280,0.486978,0.315088,0.250000,-0.065088
471,0.464547,0.064536,0.486479,0.254040,0.625000,0.370960
472,0.464095,0.252976,0.486515,0.502967,0.375000,-0.127967
473,0.463289,0.086134,0.486103,0.293487,-0.375000,-0.081513
474,0.462304,0.000459,0.485114,0.021430,0.125000,0.146430
475,0.461364,0.019588,0.484382,0.139956,-0.250000,-0.389956
476,0.460943,0.262575,0.484441,0.512420,0.000000,-0.512420
477,0.460411,0.209154,0.484384,0.457333,0.125000,-0.332333
478,0.459622,0.086667,0.483983,0.294393,-0.375000,-0.080607
479,0.459111,0.216559,0.483944,0.465359,0.250000,-0.215359
480,0.458781,0.302171,0.484082,0.549701,0.375000,-0.174701
481,0.457879,0.028547,0.483421,0.168957,0.000000,-0.168957
482,0.456935,0.006679,0.482581,0.081723,0.000000,-0.081723
483,0.456698,0.343171,0.482796,0.585808,0.750000,0.164192
484,0.457757,0.965103,0.483837,0.982396,0.250000,-0.732396
485,0.457441,0.305708,0.483981,0.552909,-0.750000,-0.197091
486,0.459024,1.220767,0.485269,1.104883,-0.750000,0.354883
487,0.458471,0.191937,0.485171,0.438106,0.000000,-0.438106
488,0.459447,0.930626,0.486162,0.964690,0.375000,-0.589690
489,0.458638,0.066922,0.485693,0.258693,-0.125000,0.133693
490,0.458150,0.221681,0.485662,0.470830,-0.125000,0.345830
491,0.457345,0.066277,0.485194,0.257443,0.125000,-0.132443
492,0.456797,0.189805,0.485092,0.435666,0.250000,-0.185666
493,0.455869,0.003027,0.484213,0.055021,0.000000,-0.055021
494,0.455212,0.134065,0.483972,0.366149,0.500000,0.133851
495,0.454841,0.272655,0.484050,0.522164,0.000000,-0.522164
496,0.453916,0.000030,0.483077,0.005506,-0.125000,-0.119494
497,0.453020,0.012106,0.482320,0.110028,0.125000,0.014972
498,0.452830,0.359090,0.482557,0.599241,0.500000,-0.099241
499,0.451991,0.037513,0.481973,0.193684,-0.625000,-0.431316
500,0.451687,0.301382,0.482108,0.548982,-0.125000,0.423982
501,0.450965,0.092646,0.481751,0.304378,0.250000,-0.054378
502,0.450059,0.000044,0.480797,0.006638,-0.375000,-0.381638
503,0.449214,0.028217,0.480170,0.167980,0.375000,0.207020
504,0.448316,0.000350,0.479247,0.018711,0.125000,0.106289
505,0.447742,0.160503,0.479090,0.400628,-0.500000,-0.099372
506,0.446933,0.041804,0.478543,0.204460,0.375000,0.170540
507,0.446144,0.049872,0.478036,0.223320,0.250000,0.026680
508,0.445630,0.187033,0.477945,0.432474,-0.875000,-0.442526
509,0.444761,0.006994,0.477164,0.083633,0.375000,0.458633
510,0.443900,0.009086,0.476410,0.095319,-0.125000,-0.220319
511,0.443204,0.091213,0.476066,0.302015,-0.125000,-0.427015
512,0.442355,0.011817,0.475343,0.108704,0.500000,0.391296
513,0.441667,0.092294,0.475006,0.303799,-0.250000,0.053799
514,0.442312,0.770374,0.475795,0.877710,0.625000,-0.252710
515,0.441725,0.142481,0.475603,0.377466,-0.250000,0.127466
516,0.441298,0.222812,0.475596,0.472029,-0.250000,0.222029
517,0.440443,0.002865,0.474773,0.053523,-0.250000,-0.196477
518,0.439670,0.043110,0.474253,0.207630,-0.125000,0.082630
519,0.438886,0.035987,0.473701,0.189703,-0.500000,-0.310297
520,0.438153,0.060586,0.473260,0.246143,0.500000,0.253857
521,0.437666,0.186393,0.473179,0.431732,0.125000,-0.306732
522,0.436895,0.038410,0.472644,0.195985,0.125000,-0.070985
523,0.436057,0.001953,0.471819,0.044195,0.125000,0.169195
524,0.435219,0.000378,0.470949,0.019450,0.000000,0.019450
525,0.434387,0.001564,0.470121,0.039553,-0.250000,-0.289553
526,0.433556,0.000693,0.469271,0.026326,0.000000,0.026326
527,0.432734,0.003571,0.468488,0.059760,-0.125000,-0.065240
528,0.432113,0.107401,0.468219,0.327721,-0.500000,-0.172279
529,0.431409,0.062614,0.467804,0.250228,0.000000,0.250228
530,0.430971,0.200540,0.467766,0.447817,-0.500000,-0.052183
531,0.430202,0.025984,0.467184,0.161194,-0.250000,-0.088806
532,0.430450,0.560905,0.467718,0.748936,-0.625000,0.123936
533,0.429677,0.021541,0.467111,0.146769,0.125000,0.271769
534,0.429399,0.282406,0.467232,0.531419,0.375000,-0.156419
535,0.428599,0.004498,0.466479,0.067066,0.125000,0.057934
536,0.427817,0.012718,0.465814,0.112774,0.000000,0.112774
537,0.427018,0.001971,0.465023,0.044393,0.000000,0.044393
538,0.427382,0.621273,0.465628,0.788209,0.750000,-0.038209
539,0.426988,0.216672,0.465628,0.465480,0.000000,-0.465480
540,0.426685,0.264861,0.465720,0.514647,0.625000,0.110353
541,0.425937,0.024800,0.465146,0.157480,-0.500000,-0.342520
542,0.425167,0.011922,0.464484,0.109189,0.000000,0.109189
543,0.424389,0.005782,0.463763,0.076038,-0.250000,-0.173962
544,0.423644,0.021759,0.463178,0.147509,0.000000,0.147509
545,0.423019,0.085974,0.462863,0.293212,0.125000,-0.168212
546,0.422718,0.259415,0.462949,0.509328,-0.375000,0.134328
547,0.422837,0.487754,0.463383,0.698394,-0.625000,0.073394
548,0.422161,0.054627,0.462961,0.233724,-0.125000,0.108724
549,0.421524,0.075149,0.462614,0.274133,0.125000,-0.149133
550,0.421406,0.357037,0.462861,0.597525,0.375000,-0.222525
551,0.421336,0.383343,0.463147,0.619147,-0.500000,0.119147
552,0.420679,0.061063,0.462753,0.247110,-0.125000,0.122110
553,0.420031,0.065108,0.462375,0.255162,-0.375000,-0.119838
554,0.419521,0.139648,0.462213,0.373695,-0.375000,-0.001305
555,0.418784,0.013282,0.461584,0.115248,-0.125000,-0.009752
556,0.418037,0.006397,0.460892,0.079982,-0.125000,-0.045018
557,0.417328,0.026110,0.460351,0.161584,0.000000,-0.161584
558,0.416660,0.047396,0.459913,0.217706,0.250000,0.032294
559,0.415910,0.000388,0.459120,0.019702,0.000000,0.019702
560,0.416004,0.467835,0.459524,0.683985,0.625000,-0.058985
561,0.416082,0.459476,0.459916,0.677847,0.625000,-0.052847
562,0.416017,0.380033,0.460197,0.616468,0.500000,-0.116468
563,0.415416,0.079870,0.459879,0.282612,0.250000,-0.032612
564,0.414699,0.013811,0.459268,0.117520,0.125000,0.007480
565,0.414108,0.083480,0.458964,0.288928,-0.500000,-0.211072
566,0.413441,0.039184,0.458500,0.197950,-0.250000,-0.052050
567,0.413133,0.240137,0.458556,0.490038,0.375000,-0.115038
568,0.412550,0.084202,0.458257,0.290176,0.000000,-0.290176
569,0.412240,0.237377,0.458309,0.487213,-0.250000,0.237213
570,0.411513,0.000567,0.457541,0.023811,0.375000,0.351189
571,0.411505,0.406923,0.457859,0.637905,-0.750000,-0.112095
572,0.411419,0.362962,0.458114,0.602463,-0.500000,0.102463
573,0.410799,0.058421,0.457733,0.241705,0.375000,0.133295
574,0.410085,0.003632,0.457036,0.060269,-0.250000,-0.310269
575,0.409747,0.217217,0.457052,0.466066,-0.500000,-0.033934
576,0.409426,0.226299,0.457084,0.475709,0.125000,0.600709
577,0.408804,0.053142,0.456689,0.230525,0.125000,-0.105525
578,0.408422,0.189332,0.456651,0.435123,0.125000,-0.310123
579,0.407809,0.056132,0.456269,0.236922,0.625000,0.388078
580,0.408190,0.626954,0.456852,0.791804,0.500000,-0.291804
581,0.408417,0.539134,0.457333,0.734257,0.375000,-0.359257
582,0.407711,0.000711,0.456587,0.026667,0.125000,0.151667
583,0.407130,0.071415,0.456260,0.267235,0.250000,-0.017235
584,0.406550,0.070439,0.455931,0.265403,-0.125000,-0.390403
585,0.406105,0.148003,0.455809,0.384711,0.375000,-0.009711
586,0.405408,0.000682,0.455070,0.026123,-0.250000,-0.223877
587,0.404713,0.000234,0.454316,0.015294,-0.125000,-0.109706
588,0.404044,0.013743,0.453739,0.117232,0.125000,0.007768
589,0.403375,0.012793,0.453157,0.113106,-0.125000,-0.238106
590,0.403717,0.603621,0.453709,0.776930,0.750000,-0.026930
591,0.403075,0.026853,0.453215,0.163870,-0.125000,0.038870
592,0.402929,0.317141,0.453402,0.563153,-0.375000,0.188153
593,0.402251,0.004020,0.452740,0.063400,0.125000,0.061600
594,0.401570,0.000263,0.452000,0.016220,0.000000,-0.016220
595,0.400894,0.002078,0.451313,0.045581,-0.250000,-0.204419
596,0.400364,0.086926,0.451048,0.294833,0.625000,0.330167
597,0.399723,0.020686,0.450530,0.143827,-0.375000,-0.231173
598,0.399065,0.008580,0.449928,0.092629,0.125000,0.032371
599,0.398636,0.143829,0.449809,0.379248,-0.125000,0.254248
600,0.397985,0.010813,0.449229,0.103986,0.000000,0.103986
601,0.397387,0.040707,0.448814,0.201760,0.000000,-0.201760
602,0.396723,0.000717,0.448108,0.026778,0.250000,0.276778
603,0.396075,0.008552,0.447515,0.092475,-0.125000,-0.032525
604,0.395557,0.085056,0.447255,0.291643,-0.250000,0.041643
605,0.394900,0.000475,0.446547,0.021793,0.250000,0.271793
606,0.394514,0.162485,0.446475,0.403095,0.250000,-0.153095
607,0.393967,0.064706,0.446156,0.254374,0.250000,-0.004374
608,0.394475,0.700889,0.446804,0.837191,1.000000,0.162809
609,0.393942,0.071967,0.446509,0.268268,-0.500000,-0.231732
610,0.393342,0.030224,0.446059,0.173849,0.000000,0.173849
611,0.393603,0.552022,0.446548,0.742982,0.750000,0.007018
612,0.393488,0.323715,0.446749,0.568959,0.125000,-0.443959
613,0.392843,0.000447,0.446050,0.021132,0.000000,0.021132
614,0.395216,1.840861,0.447543,1.356783,-0.875000,0.481783
615,0.395356,0.480715,0.447946,0.693336,-0.875000,-0.181664
616,0.394998,0.175855,0.447899,0.419351,0.250000,-0.169351
617,0.394543,0.116328,0.447725,0.341069,0.250000,-0.091069
618,0.394139,0.146343,0.447618,0.382548,0.375000,-0.007548
619,0.394238,0.454848,0.447987,0.674424,-0.375000,0.299424
620,0.394176,0.356524,0.448229,0.597096,-0.250000,0.347096
621,0.393627,0.055292,0.447884,0.235143,0.250000,0.014857
622,0.394150,0.716573,0.448529,0.846506,-0.750000,0.096506
623,0.393522,0.005814,0.447928,0.076249,0.125000,0.201249
624,0.392935,0.029277,0.447481,0.171107,0.000000,-0.171107
625,0.392308,0.003403,0.446854,0.058339,0.000000,-0.058339
626,0.391728,0.031687,0.446422,0.178008,0.250000,0.071992
627,0.391245,0.090668,0.446189,0.301111,0.000000,0.301111
628,0.390624,0.003876,0.445574,0.062255,-0.125000,-0.062745
629,0.390099,0.062867,0.445262,0.250733,0.250000,-0.000733
630,0.389645,0.105912,0.445070,0.325442,-0.250000,0.075442
631,0.390091,0.668784,0.445665,0.817792,0.625000,-0.192792
632,0.389949,0.300868,0.445829,0.548514,-0.625000,-0.076486
633,0.389520,0.120591,0.445672,0.347262,-0.125000,0.222262
634,0.390003,0.693439,0.446286,0.832730,-0.875000,-0.042270
635,0.389450,0.041076,0.445900,0.202673,0.000000,0.202673
636,0.389185,0.221847,0.445940,0.471006,-0.625000,-0.153994
637,0.391147,1.631116,0.447253,1.277151,-0.875000,0.402151
638,0.394368,2.433412,0.449008,1.559940,-1.375000,0.184940
639,0.393786,0.025067,0.448550,0.158327,0.000000,0.158327
640,0.393848,0.433143,0.448880,0.658136,0.250000,-0.408136
641,0.393347,0.074934,0.448605,0.273740,-0.125000,0.148740
642,0.392731,0.000117,0.447919,0.010808,0.375000,0.385808
643,0.392650,0.341147,0.448132,0.584078,0.500000,-0.084078
644,0.392308,0.173788,0.448083,0.416879,0.250000,-0.166879
645,0.391820,0.079440,0.447824,0.281851,0.000000,0.281851
646,0.391338,0.081949,0.447572,0.286268,-0.125000,0.161268
647,0.390975,0.158149,0.447494,0.397680,-0.250000,-0.647680
648,0.390427,0.037932,0.447102,0.194761,-0.250000,-0.055239
649,0.389831,0.006045,0.446529,0.077750,0.000000,0.077750
650,0.389374,0.094613,0.446314,0.307591,0.250000,-0.057591
651,0.388775,0.001833,0.445691,0.042811,0.000000,0.042811
652,0.388378,0.131360,0.445562,0.362436,-0.125000,0.237436
653,0.387781,0.001456,0.444934,0.038152,0.250000,0.211848
654,0.387869,0.444493,0.445276,0.666703,0.625000,-0.041703
655,0.387523,0.163074,0.445212,0.403825,0.250000,-0.153825
656,0.387075,0.095339,0.445003,0.308770,0.500000,0.191230
657,0.386487,0.002881,0.444403,0.053674,-0.125000,-0.071326
658,0.385988,0.060380,0.444100,0.245723,0.125000,-0.120723
659,0.385408,0.005697,0.443537,0.075481,-0.250000,-0.174519
660,0.384856,0.023834,0.443096,0.154383,-0.125000,0.029383
661,0.386031,1.156399,0.444058,1.075360,0.875000,-0.200360
662,0.385477,0.021426,0.443606,0.146377,-0.250000,-0.396377
663,0.384909,0.011449,0.443095,0.107002,0.000000,0.107002
664,0.384391,0.042752,0.442737,0.206766,0.250000,0.043234
665,0.383914,0.069101,0.442465,0.262872,0.125000,-0.137872
666,0.383550,0.143079,0.442368,0.378258,-0.625000,-0.246742
667,0.383019,0.031399,0.441968,0.177199,0.250000,0.427199
668,0.382648,0.137165,0.441860,0.370358,0.000000,-0.370358
669,0.383009,0.622407,0.442382,0.788928,0.500000,-0.288928
670,0.382473,0.025846,0.441959,0.160768,0.000000,0.160768
671,0.381932,0.022083,0.441519,0.148605,0.000000,0.148605
672,0.381554,0.129052,0.441396,0.359238,-0.500000,-0.140762
673,0.381179,0.130994,0.441278,0.361931,-0.250000,0.111931
674,0.380618,0.005312,0.440728,0.072882,-0.125000,-0.052118
675,0.380141,0.060048,0.440436,0.245046,0.125000,-0.120046
676,0.379789,0.143824,0.440345,0.379241,-0.375000,0.004241
677,0.379269,0.029627,0.439946,0.172126,0.000000,0.172126
678,0.378839,0.089562,0.439738,0.299269,-0.250000,0.049269
679,0.378295,0.011489,0.439245,0.107185,0.000000,0.107185
680,0.377797,0.042139,0.438899,0.205278,-0.125000,0.080278
681,0.377240,0.000680,0.438289,0.026083,0.125000,0.098917
682,0.376801,0.079653,0.438059,0.282229,-0.375000,-0.092771
683,0.377237,0.672753,0.438622,0.820215,0.875000,0.054785
684,0.377025,0.232842,0.438686,0.482537,0.250000,-0.232537
685,0.376484,0.008570,0.438178,0.092575,-0.125000,-0.032425
686,0.376028,0.065588,0.437911,0.256102,0.375000,0.118898
687,0.375489,0.007691,0.437398,0.087700,-0.250000,-0.162300
688,0.375263,0.221121,0.437446,0.470235,0.250000,-0.220235
689,0.375171,0.312148,0.437623,0.558702,-0.500000,0.058702
690,0.374857,0.159605,0.437568,0.399506,-0.375000,0.024506
691,0.374354,0.029519,0.437181,0.171812,-0.125000,-0.296812
692,0.373818,0.005828,0.436657,0.076342,0.000000,-0.076342
693,0.373571,0.203244,0.436677,0.450826,-0.500000,-0.049174
694,0.373547,0.356993,0.436910,0.597489,-0.375000,0.222489
695,0.373007,0.000358,0.436305,0.018932,0.125000,0.106068
696,0.373285,0.565849,0.436762,0.752230,0.625000,-0.127230
697,0.373149,0.278741,0.436893,0.527959,0.500000,-0.027959
698,0.372884,0.189235,0.436891,0.435011,-0.125000,0.310011
699,0.372675,0.228014,0.436949,0.477509,-0.250000,0.227509
700,0.372206,0.045791,0.436629,0.213988,-0.250000,-0.036012
701,0.371688,0.011404,0.436156,0.106792,-0.125000,-0.018208
702,0.371177,0.014977,0.435706,0.122379,-0.125000,-0.002621
703,0.370764,0.082290,0.435493,0.286862,-0.250000,0.036862
704,0.370235,0.000850,0.434913,0.029163,0.000000,0.029163
705,0.369935,0.159819,0.434863,0.399773,-0.250000,0.149773
706,0.369509,0.070439,0.434621,0.265403,0.250000,-0.015403
707,0.369020,0.025731,0.434231,0.160409,-0.125000,0.035409
708,0.368862,0.258272,0.434336,0.508204,-0.375000,0.133204
709,0.368347,0.005398,0.433824,0.073470,0.125000,0.051530
710,0.367873,0.033940,0.433471,0.184229,0.125000,-0.059229
711,0.367361,0.005999,0.432967,0.077456,0.000000,-0.077456
712,0.366882,0.028082,0.432592,0.167577,0.250000,0.082423
713,0.366586,0.156840,0.432541,0.396031,0.375000,-0.021031
714,0.366351,0.200259,0.432562,0.447504,0.125000,-0.322504
715,0.366046,0.149404,0.432497,0.386529,0.500000,0.113471
716,0.365535,0.001858,0.431950,0.043109,-0.125000,-0.081891
717,0.365274,0.179704,0.431939,0.423915,0.125000,-0.298915
718,0.365215,0.322732,0.432130,0.568095,0.500000,-0.068095
719,0.364704,0.000478,0.431556,0.021856,-0.125000,-0.103144
720,0.364278,0.059101,0.431293,0.243107,0.250000,0.006893
721,0.363941,0.122561,0.431179,0.350088,0.375000,0.024912
722,0.363452,0.013463,0.430740,0.116029,0.000000,-0.116029
723,0.363148,0.144485,0.430670,0.380111,-0.375000,0.005111
724,0.362708,0.046389,0.430371,0.215380,0.000000,0.215380
725,0.362657,0.325990,0.430566,0.570955,0.375000,-0.195955
726,0.362179,0.017461,0.430153,0.132139,-0.125000,-0.257139
727,0.361678,0.000028,0.429565,0.005314,0.250000,0.244686
728,0.361923,0.539010,0.429986,0.734173,0.750000,0.015827
729,0.361990,0.410940,0.430277,0.641046,0.500000,-0.141046
730,0.362695,0.873102,0.430971,0.934399,-0.750000,0.184399
731,0.362260,0.047149,0.430677,0.217138,0.250000,0.467138
732,0.363215,1.057077,0.431498,1.028142,0.750000,-0.278142
733,0.362718,0.001131,0.430952,0.033627,-0.250000,-0.283627
734,0.362296,0.054552,0.430682,0.233563,0.375000,0.608563
735,0.361929,0.093792,0.430511,0.306255,-0.250000,0.056255
736,0.361629,0.142363,0.430439,0.377311,0.250000,-0.127311
737,0.361136,0.000146,0.429868,0.012094,0.125000,0.137094
738,0.361697,0.773540,0.430481,0.879511,-0.500000,0.379511
739,0.361226,0.015220,0.430063,0.123371,0.000000,0.123371
740,0.360791,0.040756,0.429753,0.201882,0.250000,0.048118
741,0.360318,0.012784,0.429323,0.113065,0.125000,0.011935
742,0.359870,0.029706,0.428975,0.172353,0.375000,0.202647
743,0.359506,0.090277,0.428801,0.300462,0.000000,0.300462
744,0.359236,0.160191,0.428762,0.400239,-0.250000,0.150239
745,0.358752,0.000277,0.428206,0.016643,0.250000,0.233357
746,0.363878,4.162590,0.430379,2.040243,-1.875000,0.165243
747,0.363482,0.069386,0.430154,0.263413,0.625000,0.361587
748,0.363719,0.539459,0.430563,0.734479,-0.625000,0.109479
749,0.364008,0.579105,0.431007,0.760990,0.125000,0.885990
750,0.365575,1.533201,0.432089,1.238225,0.125000,1.363225
751,0.365912,0.616990,0.432562,0.785487,0.125000,0.910487
752,0.366059,0.476288,0.432906,0.690137,-0.625000,0.065137
753,0.368869,2.470362,0.434427,1.571739,-0.500000,1.071739
754,0.368410,0.024980,0.434058,0.158051,0.375000,0.216949
755,0.372129,3.161390,0.435848,1.778030,0.375000,-1.403030
756,0.372097,0.348025,0.436053,0.589936,0.750000,0.160064
757,0.371647,0.033314,0.435716,0.182521,0.250000,0.067479
758,0.371401,0.186052,0.435710,0.431337,0.625000,0.193663
759,0.371213,0.229855,0.435768,0.479432,0.375000,-0.104432
760,0.372419,1.282450,0.436690,1.132453,1.250000,0.117547
761,0.372343,0.315167,0.436854,0.561397,-0.750000,-0.188603
762,0.371868,0.011834,0.436421,0.108783,0.500000,0.391217
763,0.371405,0.020514,0.436035,0.143226,-0.250000,-0.393226
764,0.370932,0.011982,0.435605,0.109461,0.000000,-0.109461
765,0.370587,0.108515,0.435466,0.329415,-0.250000,0.079415
766,0.371133,0.787083,0.436059,0.887177,1.125000,0.237823
767,0.370964,0.242044,0.436132,0.491979,0.000000,-0.491979
768,0.370520,0.031659,0.435794,0.177930,0.375000,0.552930
769,0.370492,0.349175,0.435997,0.590910,-0.250000,0.340910
770,0.381701,8.956001,0.439335,2.992658,3.000000,0.007342
771,0.390419,7.068986,0.442228,2.658756,1.000000,-1.658756
772,0.402371,9.568984,0.445680,3.093378,-1.375000,1.718378
773,0.411474,7.402870,0.448639,2.720821,-0.625000,2.095821
774,0.411308,0.284045,0.448748,0.532959,-0.250000,-0.782959
775,0.425484,11.340399,0.452534,3.367551,1.625000,-1.742551
776,0.426613,1.297068,0.453423,1.138889,1.750000,0.611111
777,0.430875,3.721481,0.455332,1.929114,-1.000000,0.929114
778,0.432218,1.470536,0.456311,1.212656,-0.375000,0.837656
779,0.432096,0.337615,0.456471,0.581046,0.375000,0.956046
780,0.431595,0.043318,0.456151,0.208129,-0.250000,-0.458129
781,0.431391,0.272554,0.456236,0.522067,0.000000,0.522067
782,0.431429,0.461329,0.456523,0.679212,0.000000,0.679212
783,0.430951,0.058694,0.456248,0.242269,0.000000,-0.242269
784,0.430839,0.343985,0.456415,0.586502,0.000000,0.586502
785,0.435337,3.943374,0.458373,1.985793,-0.875000,1.110793
786,0.435407,0.490389,0.458682,0.700278,0.875000,0.174722
787,0.436535,1.318325,0.459563,1.148183,0.750000,-0.398183
788,0.436052,0.057988,0.459284,0.240807,0.000000,0.240807
789,0.435531,0.027532,0.458910,0.165929,0.250000,0.415929
790,0.435234,0.201496,0.458898,0.448884,0.750000,0.301116
791,0.435395,0.562301,0.459267,0.749867,0.500000,-0.249867
792,0.435796,0.751123,0.459784,0.866674,-0.500000,0.366674
793,0.436795,1.224483,0.460604,1.106564,-0.625000,0.481564
794,0.436261,0.014672,0.460174,0.121129,0.000000,-0.121129
795,0.435750,0.032058,0.459819,0.179047,0.000000,-0.179047
796,0.435275,0.059509,0.459546,0.243944,0.000000,0.243944
797,0.434739,0.010590,0.459097,0.102906,0.250000,0.352906
798,0.434353,0.127626,0.458968,0.357248,-0.125000,0.232248
799,0.433812,0.004657,0.458477,0.068245,0.250000,0.318245
800,0.433585,0.252976,0.458533,0.502967,-0.250000,0.252967
801,0.433232,0.152531,0.458447,0.390552,0.750000,0.359448
802,0.433292,0.480534,0.458742,0.693205,0.500000,-0.193205
803,0.433985,0.987495,0.459411,0.993728,1.250000,0.256272
804,0.433529,0.068933,0.459165,0.262550,-0.375000,-0.112450
805,0.433750,0.610493,0.459567,0.781341,1.250000,0.468659
806,0.433219,0.008319,0.459108,0.091210,-0.375000,-0.283790
807,0.433219,0.433212,0.459356,0.658188,-0.375000,0.283188
808,0.433279,0.480956,0.459647,0.693510,-0.750000,-0.056490
809,0.432861,0.097114,0.459463,0.311631,0.125000,0.436631
810,0.432324,0.000054,0.458902,0.007372,-0.250000,-0.242628
811,0.433270,1.195774,0.459689,1.093514,-0.250000,0.843514
812,0.433145,0.331966,0.459833,0.576165,-0.125000,0.451165
813,0.433117,0.410318,0.460056,0.640561,0.875000,0.234439
814,0.432877,0.238874,0.460092,0.488747,-0.500000,-0.011253
815,0.433054,0.577070,0.460461,0.759651,-0.125000,0.634651
816,0.432646,0.101008,0.460285,0.317817,-0.125000,0.192817
817,0.432299,0.150678,0.460197,0.388173,0.500000,0.111827
818,0.432145,0.307498,0.460313,0.554525,-0.625000,-0.070475
819,0.431679,0.051823,0.460027,0.227647,0.375000,0.602647
820,0.432423,1.038740,0.460712,1.019186,0.875000,-0.144186
821,0.432281,0.316595,0.460837,0.562668,-0.625000,-0.062332
822,0.433886,1.745337,0.461889,1.321112,-0.875000,0.446112
823,0.433650,0.240568,0.461924,0.490477,-0.125000,0.365477
824,0.433168,0.038006,0.461598,0.194952,-0.250000,-0.444952
825,0.444622,9.837047,0.464856,3.136407,-3.250000,-0.113593
826,0.454612,8.656201,0.467870,2.942142,-0.750000,2.192142
827,0.458149,3.366041,0.469531,1.834677,0.625000,-1.209677
828,0.460497,2.392627,0.470838,1.546812,0.375000,-1.171812
829,0.460323,0.316701,0.470949,0.562762,0.500000,1.062762
830,0.460146,0.314272,0.471058,0.560600,-0.125000,0.435600
831,0.459664,0.061701,0.470789,0.248397,-0.375000,-0.623397
832,0.459181,0.060161,0.470516,0.245277,-0.625000,-0.379723
833,0.458699,0.059595,0.470243,0.244121,0.125000,0.369121
834,0.458277,0.108400,0.470073,0.329241,-0.750000,-1.079241
835,0.457746,0.016895,0.469664,0.129979,0.125000,-0.004979
836,0.457666,0.391420,0.469852,0.625636,-0.375000,0.250636
837,0.457122,0.003891,0.469363,0.062382,0.000000,0.062382
838,0.456607,0.028154,0.469001,0.167792,0.250000,0.082208
839,0.457074,0.845973,0.469541,0.919768,-0.625000,0.294768
840,0.456528,0.000855,0.469014,0.029239,0.125000,0.154239
841,0.456304,0.269012,0.469073,0.518664,0.500000,-0.018664
842,0.455772,0.010756,0.468637,0.103711,0.000000,-0.103711
843,0.455302,0.060893,0.468373,0.246765,0.250000,0.003235
844,0.455211,0.378856,0.468548,0.615513,-0.375000,0.240513
845,0.454678,0.007501,0.468094,0.086611,0.125000,0.038389
846,0.454151,0.010801,0.467661,0.103929,-0.250000,-0.146071
847,0.453622,0.007999,0.467213,0.089439,0.125000,0.214439
848,0.453158,0.062229,0.466955,0.249458,0.125000,-0.124458
849,0.452631,0.007452,0.466504,0.086328,0.250000,0.163672
850,0.452514,0.353546,0.466656,0.594597,0.625000,0.030403
851,0.453398,1.201402,0.467399,1.096085,1.000000,-0.096085
852,0.453084,0.187226,0.467358,0.432696,0.500000,0.067304
853,0.452631,0.069049,0.467117,0.262772,0.125000,0.387772
854,0.452295,0.166762,0.467048,0.408365,-0.125000,0.283365
855,0.452395,0.537269,0.467360,0.732986,0.750000,0.017014
856,0.452878,0.863738,0.467903,0.929375,0.625000,-0.304375
857,0.452394,0.040383,0.467590,0.200955,-0.250000,-0.049045
858,0.452393,0.451299,0.467829,0.671788,0.750000,0.078212
859,0.451918,0.046619,0.467534,0.215913,0.000000,-0.215913
860,0.451646,0.219044,0.467535,0.468022,-0.625000,-0.156978
861,0.451180,0.052072,0.467255,0.228192,-0.125000,0.103192
862,0.450767,0.096452,0.467073,0.310568,-0.375000,-0.064432
863,0.450326,0.072430,0.466842,0.269129,-0.125000,-0.394129
864,0.449955,0.131398,0.466721,0.362488,-0.250000,0.112488
865,0.449553,0.103331,0.466552,0.321452,-0.250000,0.071452
866,0.449317,0.246255,0.466587,0.496241,0.500000,0.003759
867,0.449754,0.826479,0.467100,0.909109,-0.750000,0.159109
868,0.449244,0.009496,0.466672,0.097447,0.250000,0.347447
869,0.449172,0.386334,0.466851,0.621558,0.625000,0.003442
870,0.448775,0.105261,0.466686,0.324439,-0.375000,-0.050561
871,0.448348,0.078832,0.466472,0.280770,-0.125000,0.155770
872,0.447865,0.029103,0.466131,0.170595,0.125000,0.295595
873,0.447349,0.000019,0.465600,0.004356,-0.125000,-0.129356
874,0.447179,0.298866,0.465693,0.546686,-0.625000,-0.078314
875,0.446764,0.085702,0.465494,0.292749,0.000000,0.292749
876,0.446426,0.151836,0.465407,0.389662,0.250000,-0.139662
877,0.446223,0.269590,0.465469,0.519221,0.375000,-0.144221
878,0.446235,0.456982,0.465710,0.676004,0.750000,0.073996
879,0.446348,0.544426,0.466021,0.737852,1.000000,0.262148
880,0.445862,0.020956,0.465654,0.144763,0.000000,0.144763
881,0.445521,0.146725,0.465560,0.383047,0.125000,0.508047
882,0.445168,0.136072,0.465450,0.368879,0.375000,0.006121
883,0.446214,1.364370,0.466249,1.168062,1.000000,-0.168062
884,0.448581,2.529418,0.467527,1.590414,1.250000,-0.340414
885,0.448190,0.103766,0.467362,0.322127,-0.125000,0.197127
886,0.448748,0.940032,0.467931,0.969552,-0.750000,0.219552
887,0.448976,0.650037,0.468314,0.806249,-0.625000,0.181249
888,0.449754,1.137089,0.468991,1.066344,1.000000,-0.066344
889,0.449691,0.394035,0.469170,0.627722,0.375000,-0.252722
890,0.449253,0.062020,0.468922,0.249039,0.000000,0.249039
891,0.448794,0.041427,0.468622,0.203537,0.125000,0.328537
892,0.448307,0.016524,0.468239,0.128545,0.125000,0.253545
893,0.447804,0.001049,0.467749,0.032396,-0.250000,-0.282396
894,0.448405,0.982998,0.468338,0.991463,-0.750000,0.241463
895,0.447906,0.003556,0.467879,0.059635,0.125000,0.065365
896,0.447426,0.019447,0.467511,0.139454,-0.125000,-0.264454
897,0.446982,0.051761,0.467242,0.227511,0.500000,0.272489
898,0.446524,0.036989,0.466934,0.192325,-0.125000,0.067325
899,0.446250,0.201263,0.466914,0.448624,-0.125000,0.323624
900,0.445759,0.006822,0.466485,0.082596,0.000000,0.082596
901,0.445429,0.149198,0.466396,0.386261,-0.250000,0.136261
902,0.444933,0.000113,0.465888,0.010612,0.000000,0.010612
903,0.444440,0.002143,0.465421,0.046297,0.000000,0.046297
904,0.443995,0.043356,0.465135,0.208221,0.375000,0.166779
905,0.443727,0.203153,0.465119,0.450725,-0.375000,0.075725
906,0.443979,0.670278,0.465511,0.818705,1.125000,0.306295
907,0.443711,0.202237,0.465494,0.449707,0.375000,-0.074707
908,0.443255,0.031541,0.465176,0.177598,-0.125000,0.052598
909,0.443260,0.447955,0.465401,0.669294,-0.500000,0.169294
910,0.442772,0.001450,0.464929,0.038081,0.250000,0.211919
911,0.442611,0.296701,0.465017,0.544702,-0.875000,-0.330298
912,0.444190,1.875651,0.466014,1.369544,-1.250000,0.119544
913,0.444231,0.481694,0.466264,0.694042,-0.250000,0.444042
914,0.443907,0.149533,0.466177,0.386695,0.125000,-0.261695
915,0.443444,0.021607,0.465827,0.146992,0.125000,0.271992
916,0.443578,0.565696,0.466141,0.752128,-0.500000,0.252128
917,0.443114,0.019935,0.465785,0.141192,0.125000,0.266192
918,0.442634,0.004916,0.465352,0.070112,-0.250000,-0.179888
919,0.442268,0.107489,0.465201,0.327855,-0.375000,-0.047145
920,0.442165,0.348387,0.465338,0.590243,-0.625000,-0.034757
921,0.441691,0.007535,0.464925,0.086806,0.000000,-0.086806
922,0.441731,0.477926,0.465172,0.691322,0.500000,-0.191322
923,0.447685,5.913918,0.467312,2.431855,-2.500000,-0.068145
924,0.453691,5.972486,0.469460,2.443867,-1.500000,0.943867
925,0.453886,0.633731,0.469815,0.796072,-0.875000,-0.078928
926,0.453395,0.000748,0.469335,0.027346,-0.250000,-0.277346
927,0.452909,0.005596,0.468907,0.074808,-0.125000,-0.050192
928,0.452608,0.174490,0.468852,0.417720,0.875000,0.457280
929,0.453663,1.428039,0.469637,1.195006,0.500000,-0.695006
930,0.453222,0.045412,0.469360,0.213100,0.125000,-0.088100
931,0.453532,0.740912,0.469782,0.860762,0.875000,0.014238
932,0.455924,2.673437,0.471038,1.635065,0.750000,-0.885065
933,0.455514,0.074845,0.470825,0.273578,-0.250000,-0.523578
934,0.457240,2.061035,0.471863,1.435631,-1.000000,0.435631
935,0.457007,0.240261,0.471883,0.490164,-0.250000,0.240164
936,0.456625,0.100670,0.471717,0.317285,0.000000,-0.317285
937,0.456539,0.375991,0.471868,0.613181,-0.375000,0.238181
938,0.456530,0.448375,0.472080,0.669608,-0.125000,0.544608