# TEST CONFIGURATION BEGIN
# File Stream: filename: air_company_stock8.csv  -  n_targets: 1
# [air_company_stock8_ADE_HOMO_ABSTAIN_KNN_SIZE_4] Pipeline: Array BaseStreamModel: base_models: [<skmultiflow.lazy.knn_forecast.KNNForecast object at 0x7f22937375c0>, <skmultiflow.lazy.knn_forecast.KNNForecast object at 0x7f22936d2c88>, <skmultiflow.lazy.knn_forecast.KNNForecast object at 0x7f22936d2c18>, <skmultiflow.lazy.knn_forecast.KNNForecast object at 0x7f22936d2b00>]
 Array BaseStreamModel: base_models: [<skmultiflow.lazy.knn_forecast.KNNForecast object at 0x7f22937375c0>, <skmultiflow.lazy.knn_forecast.KNNForecast object at 0x7f22936d2c88>, <skmultiflow.lazy.knn_forecast.KNNForecast object at 0x7f22936d2c18>, <skmultiflow.lazy.knn_forecast.KNNForecast object at 0x7f22936d2b00>]
# Prequential Evaluator: n_wait: 1 - max_samples: 600000 - max_time: 10000000 - output_file: air_company_stock8_ADE_HOMO_ABSTAIN_KNN_SIZE_4_SIZE_4 - batch_size: 1 - pretrain_size: 5 - task_type: regression - show_plot: False - metrics: ['mean_square_error', 'mean_absolute_error', 'true_vs_predicted']
# TEST CONFIGURATION END
id,global_mse_[air_company_stock8_ADE_HOMO_ABSTAIN_KNN_SIZE_4],sliding_mse_[air_company_stock8_ADE_HOMO_ABSTAIN_KNN_SIZE_4],global_mae_[air_company_stock8_ADE_HOMO_ABSTAIN_KNN_SIZE_4],sliding_mae_[air_company_stock8_ADE_HOMO_ABSTAIN_KNN_SIZE_4],true_value_[air_company_stock8_ADE_HOMO_ABSTAIN_KNN_SIZE_4],predicted_value_[air_company_stock8_ADE_HOMO_ABSTAIN_KNN_SIZE_4]
5,0.000000,0.000000,0.000000,0.000000,-0.125000,-0.125000
6,0.211250,0.422500,0.325000,0.650000,0.375000,-0.275000
7,0.187708,0.140625,0.341667,0.375000,0.250000,-0.125000
8,0.146406,0.022500,0.293750,0.150000,-0.125000,0.025000
9,0.208250,0.455625,0.370000,0.675000,0.750000,0.075000
10,0.173646,0.000625,0.312500,0.025000,0.250000,0.225000
11,0.153214,0.030625,0.292857,0.175000,0.125000,0.300000
12,0.134063,0.000000,0.256250,-0.000000,0.250000,0.250000
13,0.146944,0.250000,0.283333,0.500000,-0.250000,0.250000
14,0.132313,0.000625,0.257500,0.025000,0.250000,0.225000
15,0.120284,0.000000,0.234091,-0.000000,0.125000,0.125000
16,0.170469,0.722500,0.285417,0.850000,-0.750000,0.100000
17,0.172933,0.202500,0.298077,0.450000,0.375000,-0.075000
18,0.160759,0.002500,0.280357,0.050000,0.000000,-0.050000
19,0.159417,0.140625,0.286667,0.375000,-0.375000,0.000000
20,0.173867,0.390625,0.307812,0.625000,0.500000,-0.125000
21,0.165441,0.030625,0.300000,0.175000,0.125000,-0.050000
22,0.157118,0.015625,0.290278,0.125000,0.000000,0.125000
23,0.164770,0.302500,0.303947,0.550000,-0.500000,0.050000
24,0.179313,0.455625,0.322500,0.675000,0.625000,-0.050000
25,0.176607,0.122500,0.323810,0.350000,0.500000,0.150000
26,0.175852,0.160000,0.327273,0.400000,-0.250000,0.150000
27,0.182582,0.330625,0.338043,0.575000,-0.500000,0.075000
28,0.175000,0.000625,0.325000,0.025000,0.000000,-0.025000
29,0.169225,0.030625,0.319000,0.175000,0.250000,0.075000
30,0.165120,0.062500,0.316346,0.250000,0.250000,0.000000
31,0.159583,0.015625,0.309259,0.125000,-0.250000,-0.125000
32,0.154085,0.005625,0.300893,0.075000,-0.250000,-0.175000
33,0.149547,0.022500,0.295690,0.150000,-0.125000,-0.275000
34,0.150583,0.180625,0.300000,0.425000,0.250000,-0.175000
35,0.161532,0.490000,0.312903,0.700000,0.625000,-0.075000
36,0.158066,0.050625,0.310156,0.225000,0.000000,0.225000
37,0.156989,0.122500,0.311364,0.350000,-0.125000,0.225000
38,0.152665,0.010000,0.305147,0.100000,0.125000,0.225000
39,0.148375,0.002500,0.297857,0.050000,0.125000,0.175000
40,0.144878,0.022500,0.293750,0.150000,0.375000,0.225000
41,0.141030,0.002500,0.287162,0.050000,0.375000,0.325000
42,0.137336,0.000625,0.280263,0.025000,0.250000,0.275000
43,0.133830,0.000625,0.273718,0.025000,0.125000,0.150000
44,0.132047,0.062500,0.273125,0.250000,-0.125000,0.125000
45,0.129070,0.010000,0.268902,0.100000,0.125000,0.025000
46,0.176057,2.102500,0.297024,1.450000,1.375000,-0.075000
47,0.188765,0.722500,0.309884,0.850000,-0.625000,0.225000
48,0.200895,0.722500,0.322159,0.850000,-0.750000,0.100000
49,0.199556,0.140625,0.323333,0.375000,-0.500000,-0.125000
50,0.201793,0.302500,0.328261,0.550000,0.500000,-0.050000
51,0.199109,0.075625,0.327128,0.275000,-0.125000,0.150000
52,0.195286,0.015625,0.322917,0.125000,-0.125000,0.000000
53,0.191760,0.022500,0.319388,0.150000,-0.125000,0.025000
54,0.195125,0.360000,0.325000,0.600000,-0.500000,0.100000
55,0.198358,0.360000,0.330392,0.600000,0.625000,0.025000
56,0.196575,0.105625,0.330288,0.325000,-0.125000,0.200000
57,0.192972,0.005625,0.325472,0.075000,0.125000,0.050000
58,0.194502,0.275625,0.329167,0.525000,0.375000,-0.150000
59,0.192602,0.090000,0.328636,0.300000,-0.250000,0.050000
60,0.189174,0.000625,0.323214,0.025000,-0.125000,-0.150000
61,0.186743,0.050625,0.321491,0.225000,0.125000,-0.100000
62,0.242532,3.422500,0.347845,1.850000,-1.875000,-0.025000
63,0.243549,0.302500,0.351271,0.550000,0.250000,-0.300000
64,0.242156,0.160000,0.352083,0.400000,-0.250000,0.150000
65,0.238350,0.010000,0.347951,0.100000,0.000000,0.100000
66,0.236210,0.105625,0.347581,0.325000,0.375000,0.050000
67,0.236042,0.225625,0.349603,0.475000,-0.375000,0.100000
68,0.243643,0.722500,0.357422,0.850000,1.000000,0.150000
69,0.243740,0.250000,0.359615,0.500000,-0.125000,0.375000
70,0.242472,0.160000,0.360227,0.400000,-0.125000,0.275000
71,0.239310,0.030625,0.357463,0.175000,0.000000,0.175000
72,0.236020,0.015625,0.354044,0.125000,-0.125000,0.000000
73,0.236594,0.275625,0.356522,0.525000,-0.500000,0.025000
74,0.233223,0.000625,0.351786,0.025000,0.000000,-0.025000
75,0.230651,0.050625,0.350000,0.225000,0.125000,-0.100000
76,0.228316,0.062500,0.348611,0.250000,0.000000,0.250000
77,0.227962,0.202500,0.350000,0.450000,-0.250000,0.200000
78,0.229350,0.330625,0.353041,0.575000,0.500000,-0.075000
79,0.226425,0.010000,0.349667,0.100000,0.125000,0.025000
80,0.224630,0.090000,0.349013,0.300000,-0.125000,0.175000
81,0.221745,0.002500,0.345130,0.050000,-0.125000,-0.075000
82,0.219295,0.030625,0.342949,0.175000,-0.375000,-0.200000
83,0.217160,0.050625,0.341456,0.225000,0.125000,-0.100000
84,0.216703,0.180625,0.342500,0.425000,0.375000,-0.050000
85,0.216258,0.180625,0.343519,0.425000,-0.125000,0.300000
86,0.215335,0.140625,0.343902,0.375000,-0.250000,0.125000
87,0.213494,0.062500,0.342771,0.250000,0.250000,0.000000
88,0.211019,0.005625,0.339583,0.075000,0.000000,0.075000
89,0.212772,0.360000,0.342647,0.600000,-0.500000,0.100000
90,0.213815,0.302500,0.345058,0.550000,0.500000,-0.050000
91,0.217399,0.525625,0.349425,0.725000,0.250000,-0.475000
92,0.216527,0.140625,0.349716,0.375000,0.000000,-0.375000
93,0.214544,0.040000,0.348034,0.200000,-0.125000,-0.325000
94,0.223271,1.000000,0.355278,1.000000,0.625000,-0.375000
95,0.221374,0.050625,0.353846,0.225000,0.125000,-0.100000
96,0.219647,0.062500,0.352717,0.250000,0.000000,0.250000
97,0.217392,0.010000,0.350000,0.100000,0.125000,0.025000
98,0.215505,0.040000,0.348404,0.200000,0.250000,0.050000
99,0.218395,0.490000,0.352105,0.700000,-0.500000,0.200000
100,0.216439,0.030625,0.350260,0.175000,0.250000,0.075000
101,0.214311,0.010000,0.347680,0.100000,0.250000,0.150000
102,0.212226,0.010000,0.345153,0.100000,0.250000,0.150000
103,0.210183,0.010000,0.342677,0.100000,0.250000,0.150000
104,0.210581,0.250000,0.344250,0.500000,0.625000,0.125000
105,0.208552,0.005625,0.341584,0.075000,0.250000,0.175000
106,0.225723,1.960000,0.351961,1.400000,-1.000000,0.400000
107,0.232761,0.950625,0.358010,0.975000,0.875000,-0.100000
108,0.234585,0.422500,0.360817,0.650000,-0.625000,0.025000
109,0.238833,0.680625,0.365238,0.825000,0.875000,0.050000
110,0.237429,0.090000,0.364623,0.300000,0.250000,-0.050000
111,0.236525,0.140625,0.364720,0.375000,-0.125000,0.250000
112,0.234387,0.005625,0.362037,0.075000,-0.125000,-0.050000
113,0.234306,0.225625,0.363073,0.475000,-0.500000,-0.025000
114,0.232182,0.000625,0.360000,0.025000,0.000000,-0.025000
115,0.232815,0.302500,0.361712,0.550000,-0.375000,0.175000
116,0.236451,0.640000,0.365625,0.800000,0.750000,-0.050000
117,0.234408,0.005625,0.363053,0.075000,0.125000,0.200000
118,0.234128,0.202500,0.363816,0.450000,0.500000,0.050000
119,0.234967,0.330625,0.365652,0.575000,-0.500000,0.075000
120,0.234154,0.140625,0.365733,0.375000,-0.375000,0.000000
121,0.232158,0.000625,0.362821,0.025000,0.000000,0.025000
122,0.230238,0.005625,0.360381,0.075000,0.125000,0.050000
123,0.228435,0.015625,0.358403,0.125000,-0.375000,-0.250000
124,0.228036,0.180625,0.358958,0.425000,0.500000,0.075000
125,0.226405,0.030625,0.357438,0.175000,0.000000,0.175000
126,0.224964,0.050625,0.356352,0.225000,0.375000,0.150000
127,0.224436,0.160000,0.356707,0.400000,-0.250000,0.150000
128,0.222752,0.015625,0.354839,0.125000,-0.125000,0.000000
129,0.222590,0.202500,0.355600,0.450000,0.375000,-0.075000
130,0.223224,0.302500,0.357143,0.550000,-0.500000,0.050000
131,0.227495,0.765625,0.361220,0.875000,-0.750000,0.125000
132,0.226030,0.040000,0.359961,0.200000,0.250000,0.050000
133,0.224516,0.030625,0.358527,0.175000,-0.125000,0.050000
134,0.227115,0.562500,0.361538,0.750000,-0.500000,0.250000
135,0.237791,1.625625,0.368511,1.275000,1.000000,-0.275000
136,0.243949,1.050625,0.373485,1.025000,1.000000,-0.025000
137,0.243994,0.250000,0.374436,0.500000,-0.250000,0.250000
138,0.242248,0.010000,0.372388,0.100000,-0.125000,-0.025000
139,0.244903,0.600625,0.375370,0.775000,-0.625000,0.150000
140,0.243267,0.022500,0.373713,0.150000,0.000000,0.150000
141,0.241496,0.000625,0.371168,0.025000,0.000000,0.025000
142,0.239819,0.010000,0.369203,0.100000,-0.125000,-0.225000
143,0.240076,0.275625,0.370324,0.525000,-0.625000,-0.100000
144,0.238433,0.010000,0.368393,0.100000,-0.375000,-0.275000
145,0.236782,0.005625,0.366312,0.075000,0.000000,0.075000
146,0.235185,0.010000,0.364437,0.100000,0.125000,0.025000
147,0.233894,0.050625,0.363462,0.225000,-0.250000,-0.025000
148,0.232378,0.015625,0.361806,0.125000,0.125000,0.000000
149,0.231504,0.105625,0.361552,0.325000,0.125000,-0.200000
150,0.230758,0.122500,0.361473,0.350000,0.125000,-0.225000
151,0.230723,0.225625,0.362245,0.475000,-0.500000,-0.025000
152,0.229269,0.015625,0.360642,0.125000,0.125000,0.000000
153,0.227798,0.010000,0.358893,0.100000,0.125000,0.025000
154,0.226283,0.000625,0.356667,0.025000,0.125000,0.100000
155,0.225050,0.040000,0.355629,0.200000,0.000000,0.200000
156,0.223980,0.062500,0.354934,0.250000,0.000000,0.250000
157,0.222847,0.050625,0.354085,0.225000,0.250000,0.025000
158,0.221416,0.002500,0.352110,0.050000,0.000000,0.050000
159,0.220185,0.030625,0.350968,0.175000,0.250000,0.075000
160,0.219800,0.160000,0.351282,0.400000,-0.500000,-0.100000
161,0.227958,1.500625,0.356847,1.225000,1.000000,-0.225000
162,0.227290,0.122500,0.356804,0.350000,0.125000,-0.225000
163,0.225896,0.005625,0.355031,0.075000,-0.125000,-0.200000
164,0.224734,0.040000,0.354063,0.200000,0.125000,-0.075000
165,0.223995,0.105625,0.353882,0.325000,-0.250000,0.075000
166,0.223600,0.160000,0.354167,0.400000,-0.125000,0.275000
167,0.223612,0.225625,0.354908,0.475000,-0.250000,0.225000
168,0.222283,0.005625,0.353201,0.075000,-0.125000,-0.050000
169,0.220939,0.000625,0.351212,0.025000,-0.250000,-0.275000
170,0.230587,1.822500,0.357229,1.350000,1.125000,-0.225000
171,0.229390,0.030625,0.356138,0.175000,-0.125000,0.050000
172,0.228653,0.105625,0.355952,0.325000,0.375000,0.050000
173,0.227359,0.010000,0.354438,0.100000,0.000000,-0.100000
174,0.226202,0.030625,0.353382,0.175000,0.000000,-0.175000
175,0.225702,0.140625,0.353509,0.375000,0.250000,-0.125000
176,0.224390,-0.000000,0.351453,-0.000000,0.000000,0.000000
177,0.223150,0.010000,0.350000,0.100000,0.125000,0.225000
178,0.221925,0.010000,0.348563,0.100000,0.125000,0.025000
179,0.221261,0.105625,0.348429,0.325000,-0.125000,0.200000
180,0.221030,0.180625,0.348864,0.425000,0.500000,0.075000
181,0.219838,0.010000,0.347458,0.100000,0.125000,0.025000
182,0.220625,0.360000,0.348876,0.600000,-0.500000,0.100000
183,0.219518,0.022500,0.347765,0.150000,0.125000,-0.025000
184,0.218580,0.050625,0.347083,0.225000,-0.125000,0.100000
185,0.219530,0.390625,0.348619,0.625000,0.750000,0.125000
186,0.218448,0.022500,0.347527,0.150000,0.375000,0.225000
187,0.220536,0.600625,0.349863,0.775000,-0.500000,0.275000
188,0.221135,0.330625,0.351087,0.575000,-0.625000,-0.050000
189,0.220024,0.015625,0.349865,0.125000,0.000000,-0.125000
190,0.220776,0.360000,0.351210,0.600000,-0.375000,0.225000
191,0.220000,0.075625,0.350802,0.275000,0.250000,-0.025000
192,0.218949,0.022500,0.349734,0.150000,0.250000,0.100000
193,0.223624,1.102500,0.353439,1.050000,-1.000000,0.050000
194,0.234289,2.250000,0.359474,1.500000,1.250000,-0.250000
195,0.233092,0.005625,0.357984,0.075000,0.250000,0.175000
196,0.235007,0.600625,0.360156,0.775000,-0.750000,0.025000
197,0.233802,0.002500,0.358549,0.050000,-0.125000,-0.075000
198,0.234156,0.302500,0.359536,0.550000,-0.250000,0.300000
199,0.239160,1.210000,0.363333,1.100000,-1.000000,0.100000
200,0.240265,0.455625,0.364923,0.675000,0.625000,-0.050000
201,0.241900,0.562500,0.366878,0.750000,0.750000,0.000000
202,0.240833,0.030625,0.365909,0.175000,0.250000,0.425000
203,0.240330,0.140625,0.365955,0.375000,-0.375000,0.000000
204,0.239506,0.075625,0.365500,0.275000,0.000000,-0.275000
205,0.238924,0.122500,0.365423,0.350000,-0.375000,-0.025000
206,0.239675,0.390625,0.366708,0.625000,-0.625000,0.000000
207,0.238938,0.090000,0.366379,0.300000,0.250000,-0.050000
208,0.242917,1.050625,0.369608,1.025000,-1.000000,0.025000
209,0.242247,0.105625,0.369390,0.325000,0.250000,-0.075000
210,0.250928,2.030625,0.374515,1.425000,-1.250000,0.175000
211,0.252808,0.640000,0.376570,0.800000,0.750000,-0.050000
212,0.251620,0.005625,0.375120,0.075000,-0.125000,-0.200000
213,0.251998,0.330625,0.376077,0.575000,-0.625000,-0.050000
214,0.251226,0.090000,0.375714,0.300000,0.375000,0.075000
215,0.250536,0.105625,0.375474,0.325000,0.375000,0.050000
216,0.249366,0.002500,0.373939,0.050000,0.250000,0.300000
217,0.248618,0.090000,0.373592,0.300000,-0.125000,0.175000
218,0.247748,0.062500,0.373014,0.250000,0.125000,-0.125000
219,0.247015,0.090000,0.372674,0.300000,-0.500000,-0.200000
220,0.247028,0.250000,0.373264,0.500000,0.250000,-0.250000
221,0.245962,0.015625,0.372120,0.125000,0.250000,0.125000
222,0.245396,0.122500,0.372018,0.350000,0.625000,0.275000
223,0.244458,0.040000,0.371233,0.200000,-0.125000,0.075000
224,0.243486,0.030625,0.370341,0.175000,-0.125000,0.050000
225,0.243405,0.225625,0.370814,0.475000,0.500000,0.025000
226,0.242311,0.000625,0.369257,0.025000,0.250000,0.225000
227,0.241362,0.030625,0.368386,0.175000,0.125000,-0.050000
228,0.240756,0.105625,0.368192,0.325000,-0.375000,-0.050000
229,0.239731,0.010000,0.367000,0.100000,-0.250000,-0.350000
230,0.240008,0.302500,0.367810,0.550000,0.125000,-0.425000
231,0.239174,0.050625,0.367181,0.225000,0.500000,0.275000
232,0.238742,0.140625,0.367215,0.375000,-0.125000,0.250000
233,0.238160,0.105625,0.367031,0.325000,-0.125000,0.200000
234,0.237136,0.002500,0.365652,0.050000,0.000000,-0.050000
235,0.238385,0.525625,0.367208,0.725000,0.625000,-0.100000
236,0.237360,0.000625,0.365733,0.025000,0.000000,-0.025000
237,0.237639,0.302500,0.366524,0.550000,-0.500000,0.050000
238,0.236720,0.022500,0.365598,0.150000,-0.375000,-0.225000
239,0.238436,0.640000,0.367447,0.800000,0.500000,-0.300000
240,0.237450,0.005625,0.366208,0.075000,-0.125000,-0.200000
241,0.238982,0.600625,0.367932,0.775000,0.625000,-0.150000
242,0.239136,0.275625,0.368592,0.525000,0.375000,-0.150000
243,0.239642,0.360000,0.369561,0.600000,-0.250000,0.350000
244,0.238958,0.075625,0.369167,0.275000,0.125000,-0.150000
245,0.238032,0.015625,0.368154,0.125000,0.125000,0.000000
246,0.238536,0.360000,0.369112,0.600000,-0.375000,0.225000
247,0.237647,0.022500,0.368210,0.150000,0.000000,0.150000
248,0.238540,0.455625,0.369467,0.675000,-0.750000,-0.075000
249,0.238304,0.180625,0.369694,0.425000,0.250000,-0.175000
250,0.237459,0.030625,0.368902,0.175000,0.250000,0.075000
251,0.236660,0.040000,0.368219,0.200000,0.375000,0.175000
252,0.235796,0.022500,0.367339,0.150000,0.125000,0.275000
253,0.235853,0.250000,0.367871,0.500000,-0.250000,0.250000
254,0.235333,0.105625,0.367700,0.325000,0.375000,0.050000
255,0.234554,0.040000,0.367032,0.200000,-0.125000,0.075000
256,0.233872,0.062500,0.366567,0.250000,-0.125000,0.125000
257,0.233105,0.040000,0.365909,0.200000,-0.125000,0.075000
258,0.232542,0.090000,0.365650,0.300000,-0.375000,-0.075000
259,0.233551,0.490000,0.366961,0.700000,0.500000,-0.200000
260,0.232759,0.030625,0.366211,0.175000,-0.250000,-0.075000
261,0.231853,0.000000,0.364786,-0.000000,0.125000,0.125000
262,0.230976,0.005625,0.363663,0.075000,0.000000,0.075000
263,0.230106,0.005625,0.362548,0.075000,0.000000,0.075000
264,0.229916,0.180625,0.362788,0.425000,0.375000,-0.050000
265,0.229045,0.002500,0.361590,0.050000,0.125000,0.175000
266,0.228364,0.050625,0.361069,0.225000,0.000000,0.225000
267,0.227581,0.022500,0.360266,0.150000,-0.125000,0.025000
268,0.227971,0.330625,0.361080,0.575000,0.500000,-0.075000
269,0.227573,0.122500,0.361038,0.350000,0.375000,0.025000
270,0.229124,0.640000,0.362688,0.800000,-0.625000,0.175000
271,0.229024,0.202500,0.363015,0.450000,-0.500000,-0.050000
272,0.228190,0.005625,0.361940,0.075000,0.250000,0.175000
273,0.227456,0.030625,0.361245,0.175000,0.000000,0.175000
274,0.226650,0.010000,0.360278,0.100000,-0.250000,-0.150000
275,0.226204,0.105625,0.360148,0.325000,0.250000,-0.075000
276,0.225455,0.022500,0.359375,0.150000,0.000000,-0.150000
277,0.225291,0.180625,0.359615,0.425000,0.250000,-0.175000
278,0.224615,0.040000,0.359033,0.200000,0.125000,-0.075000
279,0.225843,0.562500,0.360455,0.750000,-0.750000,0.000000
280,0.225136,0.030625,0.359783,0.175000,-0.250000,-0.075000
281,0.225318,0.275625,0.360379,0.525000,-0.375000,0.150000
282,0.224544,0.010000,0.359442,0.100000,0.125000,0.025000
283,0.224243,0.140625,0.359498,0.375000,0.375000,0.000000
284,0.223763,0.090000,0.359286,0.300000,-0.250000,0.050000
285,0.225245,0.640000,0.360854,0.800000,0.750000,-0.050000
286,0.224455,0.002500,0.359752,0.050000,0.125000,0.175000
287,0.225393,0.490000,0.360954,0.700000,0.750000,0.050000
288,0.226853,0.640000,0.362500,0.800000,-0.625000,0.175000
289,0.226059,0.000625,0.361316,0.025000,-0.250000,-0.225000
290,0.225304,0.010000,0.360402,0.100000,-0.125000,-0.025000
291,0.224887,0.105625,0.360279,0.325000,-0.250000,0.075000
292,0.224809,0.202500,0.360590,0.450000,0.500000,0.050000
293,0.224585,0.160000,0.360727,0.400000,-0.250000,0.150000
294,0.223864,0.015625,0.359914,0.125000,0.125000,0.000000
295,0.223578,0.140625,0.359966,0.375000,0.500000,0.125000
296,0.223585,0.225625,0.360360,0.475000,-0.250000,0.225000
297,0.224872,0.600625,0.361775,0.775000,-0.750000,0.025000
298,0.224126,0.005625,0.360799,0.075000,0.000000,-0.075000
299,0.223369,0.000625,0.359661,0.025000,0.000000,-0.025000
300,0.222749,0.040000,0.359122,0.200000,-0.375000,-0.175000
301,0.221999,0.000000,0.357912,-0.000000,-0.125000,-0.125000
302,0.221254,0.000000,0.356711,-0.000000,0.000000,0.000000
303,0.220548,0.010000,0.355853,0.100000,-0.125000,-0.025000
304,0.224221,1.322500,0.358500,1.150000,1.125000,-0.025000
305,0.223609,0.040000,0.357973,0.200000,0.250000,0.050000
306,0.223218,0.105625,0.357864,0.325000,-0.250000,0.075000
307,0.222490,0.002500,0.356848,0.050000,0.000000,0.050000
308,0.221963,0.062500,0.356497,0.250000,-0.250000,0.000000
309,0.221402,0.050625,0.356066,0.225000,-0.375000,-0.150000
310,0.223325,0.810000,0.357843,0.900000,0.500000,-0.400000
311,0.222598,0.000000,0.356678,-0.000000,-0.250000,-0.250000
312,0.221893,0.005625,0.355763,0.075000,-0.125000,-0.050000
313,0.221760,0.180625,0.355987,0.425000,0.375000,-0.050000
314,0.221772,0.225625,0.356371,0.475000,-0.375000,0.100000
315,0.221399,0.105625,0.356270,0.325000,0.500000,0.175000
316,0.220931,0.075625,0.356010,0.275000,-0.125000,0.150000
317,0.220387,0.050625,0.355591,0.225000,0.125000,0.350000
318,0.219693,0.002500,0.354618,0.050000,0.000000,0.050000
319,0.219046,0.015625,0.353889,0.125000,0.125000,0.000000
320,0.219310,0.302500,0.354509,0.550000,0.375000,-0.175000
321,0.219004,0.122500,0.354495,0.350000,-0.375000,-0.025000
322,0.218347,0.010000,0.353695,0.100000,-0.125000,-0.025000
323,0.217665,0.000625,0.352665,0.025000,-0.125000,-0.100000
324,0.217055,0.022500,0.352031,0.150000,-0.125000,0.025000
325,0.216760,0.122500,0.352025,0.350000,0.375000,0.025000
326,0.216135,0.015625,0.351320,0.125000,0.000000,0.125000
327,0.215468,0.000625,0.350310,0.025000,-0.125000,-0.100000
328,0.215575,0.250000,0.350772,0.500000,0.250000,-0.250000
329,0.215104,0.062500,0.350462,0.250000,-0.250000,0.000000
330,0.214452,0.002500,0.349540,0.050000,0.000000,-0.050000
331,0.213798,0.000625,0.348547,0.025000,-0.125000,-0.150000
332,0.213194,0.015625,0.347866,0.125000,0.000000,-0.125000
333,0.212563,0.005625,0.347036,0.075000,0.000000,-0.075000
334,0.212040,0.040000,0.346591,0.200000,0.000000,0.200000
335,0.211588,0.062500,0.346299,0.250000,0.250000,0.000000
336,0.210953,0.000625,0.345331,0.025000,0.125000,0.100000
337,0.210321,0.000625,0.344369,0.025000,0.000000,-0.025000
338,0.209759,0.022500,0.343787,0.150000,-0.250000,-0.100000
339,0.209319,0.062500,0.343507,0.250000,0.000000,-0.250000
340,0.208921,0.075625,0.343304,0.275000,0.125000,-0.150000
341,0.208902,0.202500,0.343620,0.450000,0.250000,-0.200000
342,0.208375,0.030625,0.343121,0.175000,-0.250000,-0.075000
343,0.207826,0.022500,0.342552,0.150000,0.125000,-0.025000
344,0.207222,0.002500,0.341691,0.050000,0.125000,0.075000
345,0.206622,0.002500,0.340836,0.050000,0.000000,0.050000
346,0.206201,0.062500,0.340570,0.250000,-0.125000,0.125000
347,0.205665,0.022500,0.340015,0.150000,0.125000,-0.025000
348,0.205074,0.002500,0.339172,0.050000,0.000000,0.050000
349,0.205205,0.250000,0.339638,0.500000,-0.375000,0.125000
350,0.204612,0.000000,0.338656,-0.000000,-0.125000,-0.125000
351,0.204375,0.122500,0.338689,0.350000,0.125000,-0.225000
352,0.203833,0.015625,0.338075,0.125000,0.000000,-0.125000
353,0.203336,0.030625,0.337607,0.175000,0.125000,-0.050000
354,0.202763,0.002500,0.336786,0.050000,0.000000,0.050000
355,0.202192,0.002500,0.335969,0.050000,0.125000,0.075000
356,0.201634,0.005625,0.335227,0.075000,0.000000,0.075000
357,0.201078,0.005625,0.334490,0.075000,0.125000,0.050000
358,0.200526,0.005625,0.333757,0.075000,-0.125000,-0.200000
359,0.200025,0.022500,0.333239,0.150000,-0.125000,0.025000
360,0.199605,0.050625,0.332935,0.225000,0.125000,-0.100000
361,0.199074,0.010000,0.332283,0.100000,-0.125000,-0.025000
362,0.198581,0.022500,0.331774,0.150000,0.125000,-0.025000
363,0.198202,0.062500,0.331546,0.250000,0.250000,0.000000
364,0.197736,0.030625,0.331111,0.175000,0.250000,0.075000
365,0.198546,0.490000,0.332133,0.700000,-0.375000,0.325000
366,0.198059,0.022500,0.331630,0.150000,0.125000,-0.025000
367,0.197598,0.030625,0.331198,0.175000,0.000000,-0.175000
368,0.197392,0.122500,0.331250,0.350000,-0.375000,-0.025000
369,0.196894,0.015625,0.330685,0.125000,-0.125000,0.000000
370,0.196371,0.005625,0.329986,0.075000,0.000000,0.075000
371,0.195838,0.000625,0.329155,0.025000,0.125000,0.100000
372,0.195389,0.030625,0.328736,0.175000,-0.125000,0.050000
373,0.194866,0.002500,0.327981,0.050000,0.000000,0.050000
374,0.194367,0.010000,0.327365,0.100000,0.250000,0.150000
375,0.194658,0.302500,0.327965,0.550000,-0.250000,0.300000
376,0.194177,0.015625,0.327419,0.125000,0.125000,0.250000
377,0.193763,0.040000,0.327078,0.200000,0.000000,0.200000
378,0.193352,0.040000,0.326738,0.200000,0.250000,0.050000
379,0.192943,0.040000,0.326400,0.200000,-0.125000,0.075000
380,0.192911,0.180625,0.326662,0.425000,-0.375000,0.050000
381,0.192772,0.140625,0.326790,0.375000,0.500000,0.125000
382,0.192343,0.030625,0.326389,0.175000,0.000000,0.175000
383,0.192000,0.062500,0.326187,0.250000,0.125000,-0.125000
384,0.191536,0.015625,0.325658,0.125000,0.125000,0.000000
385,0.191040,0.002500,0.324934,0.050000,0.125000,0.075000
386,0.190566,0.010000,0.324346,0.100000,0.000000,0.100000
387,0.190070,0.000625,0.323564,0.025000,0.125000,0.150000
388,0.189679,0.040000,0.323242,0.200000,-0.375000,-0.175000
389,0.189420,0.090000,0.323182,0.300000,0.375000,0.075000
390,0.189163,0.090000,0.323122,0.300000,-0.125000,0.175000
391,0.188681,0.002500,0.322416,0.050000,0.125000,0.175000
392,0.188209,0.005625,0.321778,0.075000,-0.125000,-0.050000
393,0.188246,0.202500,0.322108,0.450000,0.250000,-0.200000
394,0.189019,0.490000,0.323077,0.700000,0.625000,-0.075000
395,0.189309,0.302500,0.323657,0.550000,-0.375000,0.175000
396,0.189823,0.390625,0.324426,0.625000,-0.375000,0.250000
397,0.189346,0.002500,0.323728,0.050000,-0.125000,-0.075000
398,0.189438,0.225625,0.324112,0.475000,0.000000,-0.475000
399,0.189036,0.030625,0.323734,0.175000,-0.250000,-0.425000
400,0.188963,0.160000,0.323927,0.400000,0.500000,0.100000
401,0.189117,0.250000,0.324370,0.500000,-0.250000,0.250000
402,0.188656,0.005625,0.323744,0.075000,0.000000,-0.075000
403,0.188283,0.040000,0.323434,0.200000,0.250000,0.050000
404,0.189412,0.640000,0.324625,0.800000,-0.750000,0.050000
405,0.189291,0.140625,0.324751,0.375000,0.250000,-0.125000
406,0.188822,0.000625,0.324005,0.025000,0.125000,0.150000
407,0.188615,0.105625,0.324007,0.325000,0.375000,0.050000
408,0.188410,0.105625,0.324010,0.325000,-0.125000,0.200000
409,0.188502,0.225625,0.324383,0.475000,0.500000,0.025000
410,0.188191,0.062500,0.324200,0.250000,-0.125000,0.125000
411,0.187743,0.005625,0.323587,0.075000,0.250000,0.175000
412,0.187381,0.040000,0.323284,0.200000,0.125000,0.325000
413,0.187075,0.062500,0.323105,0.250000,0.250000,0.000000
414,0.186619,0.000000,0.322317,-0.000000,0.125000,0.125000
415,0.186835,0.275625,0.322810,0.525000,-0.375000,0.150000
416,0.186930,0.225625,0.323180,0.475000,0.375000,-0.100000
417,0.186774,0.122500,0.323245,0.350000,0.500000,0.150000
418,0.186709,0.160000,0.323430,0.400000,-0.250000,0.150000
419,0.186645,0.160000,0.323614,0.400000,0.250000,-0.150000
420,0.186209,0.005625,0.323017,0.075000,-0.125000,-0.050000
421,0.185884,0.050625,0.322782,0.225000,0.000000,0.225000
422,0.186163,0.302500,0.323325,0.550000,0.625000,0.075000
423,0.185743,0.010000,0.322792,0.100000,0.000000,0.100000
424,0.186307,0.422500,0.323571,0.650000,-0.375000,0.275000
425,0.185877,0.005625,0.322981,0.075000,0.000000,-0.075000
426,0.185437,0.000000,0.322216,-0.000000,-0.375000,-0.375000
427,0.185177,0.075625,0.322104,0.275000,-0.125000,-0.400000
428,0.185118,0.160000,0.322288,0.400000,-0.375000,0.025000
429,0.184684,0.000625,0.321588,0.025000,0.125000,0.100000
430,0.184397,0.062500,0.321420,0.250000,-0.125000,0.125000
431,0.184018,0.022500,0.321019,0.150000,0.000000,-0.150000
432,0.183798,0.090000,0.320970,0.300000,-0.375000,-0.075000
433,0.183546,0.075625,0.320862,0.275000,0.125000,-0.150000
434,0.184102,0.422500,0.321628,0.650000,0.875000,0.225000
435,0.183792,0.050625,0.321404,0.225000,0.125000,0.350000
436,0.183511,0.062500,0.321238,0.250000,-0.125000,0.125000
437,0.183111,0.010000,0.320727,0.100000,0.125000,0.025000
438,0.182833,0.062500,0.320565,0.250000,0.125000,-0.125000
439,0.182448,0.015625,0.320115,0.125000,0.125000,0.000000
440,0.182311,0.122500,0.320183,0.350000,-0.250000,0.100000
441,0.182067,0.075625,0.320080,0.275000,0.000000,-0.275000
442,0.190557,3.900625,0.323858,1.975000,-2.125000,-0.150000
443,0.193005,1.265625,0.325683,1.125000,1.125000,0.000000
444,0.192771,0.090000,0.325625,0.300000,-0.250000,0.050000
445,0.192370,0.015625,0.325170,0.125000,0.125000,0.000000
446,0.192049,0.050625,0.324943,0.225000,0.375000,0.150000
447,0.194224,1.155625,0.326637,1.075000,0.875000,-0.200000
448,0.193877,0.040000,0.326351,0.200000,-0.250000,-0.050000
449,0.211375,7.980625,0.331966,2.825000,2.750000,-0.075000
450,0.221753,4.840000,0.336155,2.200000,-2.125000,0.075000
451,0.221292,0.015625,0.335682,0.125000,0.125000,0.000000
452,0.220798,0.000000,0.334933,-0.000000,0.125000,0.125000
453,0.220541,0.105625,0.334911,0.325000,-0.500000,-0.175000
454,0.220553,0.225625,0.335222,0.475000,-0.500000,-0.025000
455,0.220152,0.040000,0.334922,0.200000,0.000000,-0.200000
456,0.219899,0.105625,0.334900,0.325000,-0.750000,-0.425000
457,0.219612,0.090000,0.334823,0.300000,-0.250000,0.050000
458,0.219134,0.002500,0.334196,0.050000,0.000000,0.050000
459,0.219889,0.562500,0.335110,0.750000,1.000000,0.250000
460,0.219419,0.005625,0.334539,0.075000,-0.125000,-0.050000
461,0.220011,0.490000,0.335339,0.700000,-0.625000,0.075000
462,0.221714,1.000000,0.336790,1.000000,0.875000,-0.125000
463,0.221580,0.160000,0.336928,0.400000,-0.500000,-0.100000
464,0.221364,0.122500,0.336957,0.350000,-0.250000,0.100000
465,0.221601,0.330625,0.337473,0.575000,-0.375000,0.200000
466,0.221350,0.105625,0.337446,0.325000,-0.375000,-0.050000
467,0.220884,0.005625,0.336879,0.075000,0.000000,-0.075000
468,0.225097,2.175625,0.339332,1.475000,-1.500000,-0.025000
469,0.224915,0.140625,0.339409,0.375000,-0.375000,0.000000
470,0.224541,0.050625,0.339163,0.225000,-0.125000,0.100000
471,0.225608,0.722500,0.340257,0.850000,0.250000,-0.600000
472,0.225426,0.140625,0.340331,0.375000,-0.250000,-0.625000
473,0.225917,0.455625,0.341045,0.675000,0.250000,-0.425000
474,0.225628,0.090000,0.340957,0.300000,0.000000,-0.300000
475,0.225196,0.022500,0.340552,0.150000,0.000000,0.150000
476,0.224804,0.040000,0.340254,0.200000,-0.250000,-0.050000
477,0.224376,0.022500,0.339852,0.150000,-0.125000,-0.275000
478,0.223924,0.010000,0.339346,0.100000,0.000000,-0.100000
479,0.224149,0.330625,0.339842,0.575000,-0.625000,-0.050000
480,0.223900,0.105625,0.339811,0.325000,0.125000,-0.200000
481,0.225128,0.810000,0.340985,0.900000,0.875000,-0.025000
482,0.224878,0.105625,0.340952,0.325000,-0.125000,0.200000
483,0.224410,0.000625,0.340292,0.025000,0.000000,-0.025000
484,0.224757,0.390625,0.340885,0.625000,0.500000,-0.125000
485,0.225236,0.455625,0.341580,0.675000,0.625000,-0.050000
486,0.224926,0.075625,0.341442,0.275000,0.375000,0.100000
487,0.224978,0.250000,0.341770,0.500000,0.500000,0.000000
488,0.225320,0.390625,0.342355,0.625000,-0.500000,0.125000
489,0.226918,1.000000,0.343711,1.000000,-0.750000,0.250000
490,0.226555,0.050625,0.343467,0.225000,-0.125000,0.100000
491,0.227025,0.455625,0.344148,0.675000,0.750000,0.075000
492,0.226560,-0.000000,0.343443,-0.000000,0.125000,0.125000
493,0.226558,0.225625,0.343712,0.475000,0.500000,0.025000
494,0.226142,0.022500,0.343316,0.150000,0.250000,0.100000
495,0.225784,0.050625,0.343075,0.225000,0.500000,0.275000
496,0.225940,0.302500,0.343496,0.550000,0.500000,-0.050000
497,0.227125,0.810000,0.344625,0.900000,-0.875000,0.025000
498,0.227394,0.360000,0.345142,0.600000,-0.500000,0.100000
499,0.227015,0.040000,0.344848,0.200000,0.375000,0.175000
500,0.226569,0.005625,0.344304,0.075000,0.125000,0.050000
501,0.227743,0.810000,0.345423,0.900000,-0.875000,0.025000
502,0.227411,0.062500,0.345231,0.250000,-0.250000,0.000000
503,0.229061,1.050625,0.346593,1.025000,0.375000,-0.650000
504,0.229727,0.562500,0.347400,0.750000,-0.500000,0.250000
505,0.229768,0.250000,0.347705,0.500000,-0.250000,0.250000
506,0.230507,0.600625,0.348556,0.775000,0.625000,-0.150000
507,0.230060,0.005625,0.348012,0.075000,0.000000,-0.075000
508,0.232004,1.210000,0.349504,1.100000,0.875000,-0.225000
509,0.232257,0.360000,0.350000,0.600000,0.500000,-0.100000
510,0.233489,0.855625,0.351136,0.925000,-1.000000,-0.075000
511,0.233129,0.050625,0.350888,0.225000,0.250000,0.025000
512,0.232878,0.105625,0.350837,0.325000,-0.125000,0.200000
513,0.233383,0.490000,0.351523,0.700000,-0.625000,0.075000
514,0.233691,0.390625,0.352059,0.625000,-0.375000,0.250000
515,0.233278,0.022500,0.351663,0.150000,0.250000,0.100000
516,0.232822,-0.000000,0.350977,-0.000000,0.125000,0.125000
517,0.232643,0.140625,0.351023,0.375000,0.625000,0.250000
518,0.233855,0.855625,0.352140,0.925000,-0.750000,0.175000
519,0.233547,0.075625,0.351990,0.275000,0.000000,-0.275000
520,0.233106,0.005625,0.351453,0.075000,-0.125000,-0.050000
521,0.233603,0.490000,0.352128,0.700000,-0.375000,0.325000
522,0.233298,0.075625,0.351979,0.275000,-0.250000,0.025000
523,0.233379,0.275625,0.352312,0.525000,-0.500000,0.025000
524,0.233166,0.122500,0.352308,0.350000,0.250000,-0.100000
525,0.232738,0.010000,0.351823,0.100000,-0.125000,-0.025000
526,0.232680,0.202500,0.352011,0.450000,0.375000,-0.075000
527,0.232245,0.005625,0.351482,0.075000,0.125000,0.050000
528,0.232737,0.490000,0.352147,0.700000,0.375000,-0.325000
529,0.232770,0.250000,0.352429,0.500000,-0.375000,0.125000
530,0.233012,0.360000,0.352899,0.600000,-0.500000,0.100000
531,0.232575,0.002500,0.352324,0.050000,0.125000,0.175000
532,0.232277,0.075625,0.352178,0.275000,-0.250000,0.025000
533,0.231934,0.050625,0.351938,0.225000,-0.125000,-0.350000
534,0.232120,0.330625,0.352358,0.575000,0.750000,0.175000
535,0.232253,0.302500,0.352731,0.550000,-0.250000,0.300000
536,0.231821,0.002500,0.352162,0.050000,0.250000,0.200000
537,0.231766,0.202500,0.352345,0.450000,-0.375000,0.075000
538,0.231561,0.122500,0.352341,0.350000,0.250000,-0.100000
539,0.232560,0.765625,0.353318,0.875000,-0.500000,0.375000
540,0.232743,0.330625,0.353731,0.575000,0.500000,-0.075000
541,0.233096,0.422500,0.354283,0.650000,-0.625000,0.025000
542,0.233640,0.525625,0.354972,0.725000,0.750000,0.025000
543,0.233625,0.225625,0.355195,0.475000,0.125000,-0.350000
544,0.233527,0.180625,0.355324,0.425000,-0.125000,0.300000
545,0.233113,0.010000,0.354852,0.100000,-0.125000,-0.225000
546,0.232694,0.005625,0.354336,0.075000,0.250000,0.175000
547,0.232431,0.090000,0.354236,0.300000,0.125000,-0.175000
548,0.232722,0.390625,0.354733,0.625000,0.500000,-0.125000
549,0.232305,0.005625,0.354220,0.075000,-0.125000,-0.050000
550,0.232210,0.180625,0.354350,0.425000,-0.250000,0.175000
551,0.231859,0.040000,0.354068,0.200000,-0.125000,0.075000
552,0.232395,0.525625,0.354745,0.725000,0.375000,-0.350000
553,0.232136,0.090000,0.354645,0.300000,0.000000,-0.300000
554,0.231877,0.090000,0.354545,0.300000,0.125000,-0.175000
555,0.231747,0.160000,0.354628,0.400000,0.375000,-0.025000
556,0.231617,0.160000,0.354710,0.400000,-0.250000,0.150000
557,0.231361,0.090000,0.354611,0.300000,-0.125000,0.175000
558,0.230944,0.000625,0.354016,0.025000,-0.125000,-0.150000
559,0.230556,0.015625,0.353604,0.125000,0.000000,-0.125000
560,0.230362,0.122500,0.353597,0.350000,0.250000,-0.100000
561,0.230168,0.122500,0.353591,0.350000,-0.375000,-0.025000
562,0.230043,0.160000,0.353674,0.400000,0.125000,-0.275000
563,0.229636,0.002500,0.353131,0.050000,0.000000,0.050000
564,0.229243,0.010000,0.352679,0.100000,0.000000,0.100000
565,0.228839,0.002500,0.352139,0.050000,0.250000,0.200000
566,0.228567,0.075625,0.352002,0.275000,0.375000,0.100000
567,0.228605,0.250000,0.352265,0.500000,0.500000,0.000000
568,0.228387,0.105625,0.352216,0.325000,0.250000,-0.075000
569,0.228142,0.090000,0.352124,0.300000,0.375000,0.075000
570,0.227748,0.005625,0.351634,0.075000,0.125000,0.050000
571,0.227357,0.005625,0.351146,0.075000,-0.125000,-0.200000
572,0.226996,0.022500,0.350792,0.150000,0.000000,-0.150000
573,0.226607,0.005625,0.350308,0.075000,0.000000,-0.075000
574,0.226227,0.010000,0.349868,0.100000,-0.250000,-0.150000
575,0.225848,0.010000,0.349431,0.100000,0.250000,0.150000
576,0.225458,0.002500,0.348907,0.050000,0.250000,0.300000
577,0.225380,0.180625,0.349040,0.425000,-0.250000,0.175000
578,0.225514,0.302500,0.349390,0.550000,0.625000,0.075000
579,0.225149,0.015625,0.349000,0.125000,0.250000,0.125000
580,0.224768,0.005625,0.348524,0.075000,0.125000,0.050000
581,0.224466,0.050625,0.348310,0.225000,-0.125000,0.100000
582,0.224165,0.050625,0.348097,0.225000,0.000000,-0.225000
583,0.223782,0.002500,0.347582,0.050000,0.125000,0.075000
584,0.223401,0.002500,0.347069,0.050000,0.125000,0.175000
585,0.223292,0.160000,0.347160,0.400000,-0.250000,0.150000
586,0.223476,0.330625,0.347552,0.575000,-0.250000,0.325000
587,0.223247,0.090000,0.347470,0.300000,0.375000,0.075000
588,0.223174,0.180625,0.347603,0.425000,0.375000,-0.050000
589,0.222810,0.010000,0.347179,0.100000,-0.125000,-0.025000
590,0.222447,0.010000,0.346758,0.100000,0.125000,0.025000
591,0.222154,0.050625,0.346550,0.225000,0.000000,0.225000
592,0.222121,0.202500,0.346726,0.450000,0.500000,0.050000
593,0.221811,0.040000,0.346477,0.200000,-0.125000,0.075000
594,0.221462,0.015625,0.346102,0.125000,0.000000,-0.125000
595,0.221647,0.330625,0.346489,0.575000,0.625000,0.050000
596,0.221289,0.010000,0.346073,0.100000,0.125000,0.225000
597,0.220925,0.005625,0.345616,0.075000,0.125000,0.050000
598,0.220823,0.160000,0.345707,0.400000,0.500000,0.100000
599,0.220478,0.015625,0.345336,0.125000,0.375000,0.250000
600,0.220448,0.202500,0.345512,0.450000,-0.125000,0.325000
601,0.220105,0.015625,0.345142,0.125000,0.000000,-0.125000
602,0.219753,0.010000,0.344732,0.100000,0.000000,-0.100000
603,0.219471,0.050625,0.344533,0.225000,-0.125000,0.100000
604,0.219481,0.225625,0.344750,0.475000,0.375000,-0.100000
605,0.219120,0.002500,0.344260,0.050000,0.000000,0.050000
606,0.218807,0.030625,0.343978,0.175000,0.000000,0.175000
607,0.218744,0.180625,0.344113,0.425000,-0.125000,0.300000
608,0.218448,0.040000,0.343874,0.200000,0.125000,-0.075000
609,0.218096,0.005625,0.343430,0.075000,0.250000,0.175000
610,0.217861,0.075625,0.343317,0.275000,0.000000,0.275000
611,0.217502,-0.000000,0.342751,0.000000,0.000000,0.000000
612,0.217318,0.105625,0.342722,0.325000,-0.500000,-0.175000
613,0.217044,0.050625,0.342529,0.225000,0.000000,-0.225000
614,0.216812,0.075625,0.342418,0.275000,0.125000,-0.150000
615,0.216458,-0.000000,0.341858,-0.000000,0.000000,0.000000
616,0.216692,0.360000,0.342279,0.600000,-0.625000,-0.025000
617,0.216568,0.140625,0.342333,0.375000,0.250000,-0.125000
618,0.216298,0.050625,0.342142,0.225000,-0.125000,0.100000
619,0.215950,0.002500,0.341667,0.050000,0.125000,0.175000
620,0.215798,0.122500,0.341680,0.350000,0.375000,0.025000
621,0.215485,0.022500,0.341370,0.150000,-0.125000,0.025000
622,0.215282,0.090000,0.341303,0.300000,0.250000,-0.050000
623,0.214935,0.000625,0.340792,0.025000,0.000000,-0.025000
624,0.214816,0.140625,0.340847,0.375000,-0.375000,0.000000
625,0.214760,0.180625,0.340982,0.425000,0.375000,-0.050000
626,0.214464,0.030625,0.340715,0.175000,0.000000,0.175000
627,0.214651,0.330625,0.341091,0.575000,-0.375000,0.200000
628,0.214407,0.062500,0.340946,0.250000,-0.125000,0.125000
629,0.214100,0.022500,0.340640,0.150000,0.375000,0.225000
630,0.213983,0.140625,0.340695,0.375000,0.625000,0.250000
631,0.213642,0.000625,0.340191,0.025000,0.000000,0.025000
632,0.213303,0.000625,0.339689,0.025000,0.000000,-0.025000
633,0.212973,0.005625,0.339269,0.075000,0.125000,0.050000
634,0.212660,0.015625,0.338929,0.125000,0.125000,0.250000
635,0.212576,0.160000,0.339025,0.400000,-0.375000,0.025000
636,0.212462,0.140625,0.339082,0.375000,-0.500000,-0.125000
637,0.212649,0.330625,0.339455,0.575000,-0.625000,-0.050000
638,0.212433,0.075625,0.339353,0.275000,-0.375000,-0.100000
639,0.212265,0.105625,0.339331,0.325000,-0.250000,0.075000
640,0.211979,0.030625,0.339072,0.175000,0.125000,-0.050000
641,0.211765,0.075625,0.338972,0.275000,0.250000,-0.025000
642,0.211434,0.000625,0.338480,0.025000,0.000000,0.025000
643,0.211104,0.000625,0.337989,0.025000,0.000000,-0.025000
644,0.211127,0.225625,0.338203,0.475000,0.375000,-0.100000
645,0.210833,0.022500,0.337910,0.150000,-0.250000,-0.100000
646,0.213036,1.625625,0.339369,1.275000,-1.500000,-0.225000
647,0.212986,0.180625,0.339502,0.425000,0.250000,-0.175000
648,0.212819,0.105625,0.339480,0.325000,0.500000,0.175000
649,0.212505,0.010000,0.339109,0.100000,0.125000,0.225000
650,0.212455,0.180625,0.339241,0.425000,-0.250000,0.175000
651,0.212136,0.005625,0.338833,0.075000,0.125000,0.200000
652,0.211947,0.090000,0.338773,0.300000,0.500000,0.200000
653,0.212130,0.330625,0.339137,0.575000,-0.625000,-0.050000
654,0.218269,4.202500,0.341769,2.050000,-2.000000,0.050000
655,0.218442,0.330625,0.342127,0.575000,-1.000000,-0.425000
656,0.218245,0.090000,0.342063,0.300000,-0.500000,-0.200000
657,0.220209,1.500625,0.343415,1.225000,-1.375000,-0.150000
658,0.220851,0.640000,0.344113,0.800000,0.625000,-0.175000
659,0.220651,0.090000,0.344046,0.300000,-0.125000,0.175000
660,0.220452,0.090000,0.343979,0.300000,-0.125000,0.175000
661,0.223656,2.325625,0.345776,1.525000,1.625000,0.100000
662,0.223317,0.000625,0.345289,0.025000,0.000000,-0.025000
663,0.223524,0.360000,0.345675,0.600000,0.500000,-0.100000
664,0.223262,0.050625,0.345492,0.225000,-0.125000,0.100000
665,0.223425,0.330625,0.345840,0.575000,0.500000,-0.075000
666,0.224115,0.680625,0.346563,0.825000,0.625000,-0.200000
667,0.224415,0.422500,0.347021,0.650000,-0.625000,0.025000
668,0.224171,0.062500,0.346875,0.250000,0.125000,-0.125000
669,0.224210,0.250000,0.347105,0.500000,0.625000,0.125000
670,0.223949,0.050625,0.346922,0.225000,0.250000,0.025000
671,0.223707,0.062500,0.346777,0.250000,0.375000,0.125000
672,0.223376,0.002500,0.346332,0.050000,0.250000,0.200000
673,0.223135,0.062500,0.346188,0.250000,-0.125000,0.125000
674,0.223340,0.360000,0.346567,0.600000,-0.500000,0.100000
675,0.223417,0.275625,0.346833,0.525000,0.375000,-0.150000
676,0.223118,0.022500,0.346540,0.150000,0.125000,-0.025000
677,0.222996,0.140625,0.346582,0.375000,0.125000,-0.250000
678,0.223199,0.360000,0.346958,0.600000,-0.500000,0.100000
679,0.223702,0.562500,0.347556,0.750000,0.625000,-0.125000
680,0.225871,1.690000,0.348964,1.300000,-1.125000,0.175000
681,0.225630,0.062500,0.348818,0.250000,-0.125000,0.125000
682,0.225330,0.022500,0.348525,0.150000,0.125000,-0.025000
683,0.225021,0.015625,0.348196,0.125000,-0.125000,0.000000
684,0.224926,0.160000,0.348272,0.400000,0.000000,-0.400000
685,0.226710,1.440000,0.349523,1.200000,0.625000,-0.575000
686,0.226377,-0.000000,0.349010,-0.000000,0.000000,0.000000
687,0.226225,0.122500,0.349012,0.350000,0.250000,-0.100000
688,0.225986,0.062500,0.348867,0.250000,0.125000,-0.125000
689,0.225664,0.005625,0.348467,0.075000,0.000000,0.075000
690,0.225350,0.010000,0.348105,0.100000,0.250000,0.150000
691,0.225735,0.490000,0.348617,0.700000,-0.500000,0.200000
692,0.225611,0.140625,0.348656,0.375000,-0.625000,-0.250000
693,0.225945,0.455625,0.349129,0.675000,-0.750000,-0.075000
694,0.225632,0.010000,0.348768,0.100000,-0.125000,-0.225000
695,0.225309,0.002500,0.348336,0.050000,-0.125000,-0.075000
696,0.225462,0.330625,0.348663,0.575000,-0.750000,-0.175000
697,0.225209,0.050625,0.348485,0.225000,-0.375000,-0.150000
698,0.225115,0.160000,0.348559,0.400000,0.375000,-0.025000
699,0.231442,4.622500,0.351151,2.150000,2.250000,0.100000
700,0.231239,0.090000,0.351078,0.300000,0.375000,0.075000
701,0.231167,0.180625,0.351184,0.425000,-0.375000,0.050000
702,0.230964,0.090000,0.351110,0.300000,0.125000,-0.175000
703,0.230706,0.050625,0.350930,0.225000,-0.375000,-0.150000
704,0.230380,0.002500,0.350500,0.050000,-0.250000,-0.200000
705,0.230141,0.062500,0.350357,0.250000,-0.250000,0.000000
706,0.230013,0.140625,0.350392,0.375000,0.375000,0.000000
707,0.229758,0.050625,0.350213,0.225000,0.250000,0.025000
708,0.229862,0.302500,0.350497,0.550000,0.500000,-0.050000
709,0.229579,0.030625,0.350248,0.175000,-0.125000,0.050000
710,0.229852,0.422500,0.350673,0.650000,-0.750000,-0.100000
711,0.230432,0.640000,0.351308,0.800000,0.625000,-0.175000
712,0.231251,0.810000,0.352083,0.900000,-0.750000,0.150000
713,0.230933,0.005625,0.351693,0.075000,0.000000,-0.075000
714,0.232235,1.155625,0.352711,1.075000,1.125000,0.050000
715,0.232106,0.140625,0.352743,0.375000,-0.375000,0.000000
716,0.231886,0.075625,0.352633,0.275000,-0.250000,0.025000
717,0.231562,0.000625,0.352174,0.025000,0.000000,0.025000
718,0.231241,0.002500,0.351751,0.050000,0.000000,-0.050000
719,0.233562,1.890625,0.353182,1.375000,1.500000,0.125000
720,0.233970,0.525625,0.353701,0.725000,0.750000,0.025000
721,0.234481,0.600625,0.354289,0.775000,-0.875000,-0.100000
722,0.234169,0.010000,0.353935,0.100000,-0.125000,-0.225000
723,0.233899,0.040000,0.353720,0.200000,0.000000,-0.200000
724,0.234033,0.330625,0.354028,0.575000,0.500000,-0.075000
725,0.233716,0.005625,0.353641,0.075000,-0.125000,-0.200000
726,0.233587,0.140625,0.353670,0.375000,0.250000,-0.125000
727,0.233576,0.225625,0.353838,0.475000,-0.500000,-0.025000
728,0.233254,0.000625,0.353384,0.025000,0.625000,0.650000
729,0.232934,0.000625,0.352931,0.025000,0.000000,0.025000
730,0.232782,0.122500,0.352927,0.350000,0.375000,0.025000
731,0.232461,-0.000000,0.352442,-0.000000,-0.125000,-0.125000
732,0.232390,0.180625,0.352541,0.425000,-0.500000,-0.075000
733,0.232414,0.250000,0.352743,0.500000,0.250000,-0.250000
734,0.232104,0.005625,0.352363,0.075000,0.125000,0.050000
735,0.232505,0.525625,0.352873,0.725000,-0.750000,-0.025000
736,0.232242,0.040000,0.352664,0.200000,-0.375000,-0.175000
737,0.232172,0.180625,0.352763,0.425000,-0.500000,-0.075000
738,0.234819,2.175625,0.354292,1.475000,1.250000,-0.225000
739,0.234542,0.030625,0.354048,0.175000,0.250000,0.075000
740,0.234367,0.105625,0.354008,0.325000,0.375000,0.050000
741,0.234049,0.000625,0.353562,0.025000,0.125000,0.100000
742,0.233753,0.015625,0.353252,0.125000,0.000000,0.125000
743,0.233468,0.022500,0.352977,0.150000,0.250000,0.100000
744,0.233155,0.002500,0.352568,0.050000,0.000000,-0.050000
745,0.232842,0.000625,0.352126,0.025000,0.000000,0.025000
746,0.232535,0.005625,0.351752,0.075000,0.125000,0.050000
747,0.232276,0.040000,0.351548,0.200000,0.000000,0.200000
748,0.231965,0.000625,0.351109,0.025000,0.000000,-0.025000
749,0.231989,0.250000,0.351309,0.500000,-0.500000,0.000000
750,0.232647,0.722500,0.351977,0.850000,-0.625000,0.225000
751,0.232343,0.005625,0.351606,0.075000,0.000000,0.075000
752,0.233957,1.440000,0.352741,1.200000,-1.125000,0.075000
753,0.234253,0.455625,0.353171,0.675000,-0.750000,-0.075000
754,0.235704,1.322500,0.354233,1.150000,-1.500000,-0.350000
755,0.235631,0.180625,0.354328,0.425000,0.125000,-0.300000
756,0.236518,0.902500,0.355120,0.950000,0.750000,-0.200000
757,0.236605,0.302500,0.355378,0.550000,-0.375000,0.175000
758,0.236989,0.525625,0.355869,0.725000,0.500000,-0.225000
759,0.236678,0.002500,0.355464,0.050000,0.250000,0.200000
760,0.240651,3.240000,0.357374,1.800000,1.875000,0.075000
761,0.240386,0.040000,0.357166,0.200000,0.125000,0.325000
762,0.240543,0.360000,0.357487,0.600000,0.500000,-0.100000
763,0.240872,0.490000,0.357938,0.700000,0.625000,-0.075000
764,0.240694,0.105625,0.357895,0.325000,0.125000,-0.200000
765,0.240517,0.105625,0.357852,0.325000,0.250000,-0.075000
766,0.240283,0.062500,0.357710,0.250000,-0.125000,0.125000
767,0.240106,0.105625,0.357667,0.325000,0.125000,-0.200000
768,0.240153,0.275625,0.357886,0.525000,-0.500000,0.025000
769,0.240199,0.275625,0.358105,0.525000,0.625000,0.100000
770,0.239926,0.030625,0.357866,0.175000,0.250000,0.425000
771,0.239616,0.002500,0.357464,0.050000,0.125000,0.175000
772,0.239325,0.015625,0.357161,0.125000,0.250000,0.125000
773,0.239196,0.140625,0.357185,0.375000,0.500000,0.125000
774,0.239149,0.202500,0.357305,0.450000,-0.250000,0.200000
775,0.242056,2.480625,0.358885,1.575000,-1.500000,0.075000
776,0.242099,0.275625,0.359100,0.525000,0.375000,-0.150000
777,0.241993,0.160000,0.359153,0.400000,0.125000,0.525000
778,0.241688,0.005625,0.358786,0.075000,-0.250000,-0.325000
779,0.241766,0.302500,0.359032,0.550000,0.125000,-0.425000
780,0.241494,0.030625,0.358795,0.175000,-0.250000,-0.425000
781,0.241190,0.005625,0.358430,0.075000,0.125000,0.050000
782,0.240881,0.000625,0.358001,0.025000,-0.125000,-0.150000
783,0.240601,0.022500,0.357734,0.150000,-0.250000,-0.100000
784,0.241113,0.640000,0.358301,0.800000,-0.875000,-0.075000
785,0.240817,0.010000,0.357971,0.100000,-0.250000,-0.350000
786,0.242428,1.500625,0.359079,1.225000,0.875000,-0.350000
787,0.242936,0.640000,0.359642,0.800000,-0.625000,0.175000
788,0.243494,0.680625,0.360236,0.825000,0.875000,0.050000
789,0.243340,0.122500,0.360223,0.350000,-0.250000,0.100000
790,0.243209,0.140625,0.360242,0.375000,0.375000,0.000000
791,0.242929,0.022500,0.359975,0.150000,0.125000,-0.025000
792,0.242776,0.122500,0.359962,0.350000,0.250000,-0.100000
793,0.242475,0.005625,0.359601,0.075000,0.375000,0.300000
794,0.242169,0.000625,0.359177,0.025000,0.000000,-0.025000
795,0.242018,0.122500,0.359166,0.350000,0.250000,-0.100000
796,0.241968,0.202500,0.359280,0.450000,0.375000,-0.075000
797,0.242420,0.600625,0.359805,0.775000,-0.750000,0.025000
798,0.242269,0.122500,0.359792,0.350000,-0.250000,0.100000
799,0.241977,0.010000,0.359465,0.100000,0.125000,0.225000
800,0.241874,0.160000,0.359516,0.400000,-0.125000,0.275000
801,0.241574,0.002500,0.359128,0.050000,0.000000,0.050000
802,0.241930,0.525625,0.359586,0.725000,-0.875000,-0.150000
803,0.242116,0.390625,0.359919,0.625000,0.000000,-0.625000
804,0.241833,0.015625,0.359625,0.125000,-0.125000,-0.250000
805,0.241538,0.005625,0.359270,0.075000,0.125000,0.050000
806,0.242422,0.950625,0.360037,0.975000,0.500000,-0.475000
807,0.242917,0.640000,0.360585,0.800000,0.500000,-0.300000
808,0.242678,0.050625,0.360417,0.225000,-0.125000,-0.350000
809,0.242389,0.010000,0.360093,0.100000,-0.125000,-0.025000
810,0.242464,0.302500,0.360329,0.550000,-0.625000,-0.075000
811,0.243731,1.265625,0.361276,1.125000,0.875000,-0.250000
812,0.243479,0.040000,0.361077,0.200000,-0.375000,-0.175000
813,0.243552,0.302500,0.361310,0.550000,0.250000,-0.300000
814,0.244549,1.050625,0.362130,1.025000,-1.000000,0.025000
815,0.244275,0.022500,0.361868,0.150000,0.000000,0.150000
816,0.244196,0.180625,0.361946,0.425000,-0.625000,-0.200000
817,0.244235,0.275625,0.362146,0.525000,0.625000,0.100000
818,0.244454,0.422500,0.362500,0.650000,0.625000,-0.025000
819,0.244157,0.002500,0.362117,0.050000,0.125000,0.175000
820,0.243896,0.030625,0.361887,0.175000,0.125000,0.300000
821,0.243634,0.030625,0.361659,0.175000,0.000000,0.175000
822,0.243340,0.002500,0.361278,0.050000,-0.125000,-0.075000
823,0.243152,0.090000,0.361203,0.300000,0.125000,-0.175000
824,0.243412,0.455625,0.361585,0.675000,-0.500000,0.175000
825,0.243177,0.050625,0.361419,0.225000,0.375000,0.150000
826,0.242888,0.005625,0.361071,0.075000,0.250000,0.175000
827,0.242605,0.010000,0.360753,0.100000,0.000000,-0.100000
828,0.242556,0.202500,0.360862,0.450000,-0.500000,-0.050000
829,0.242390,0.105625,0.360818,0.325000,0.250000,-0.075000
830,0.242342,0.202500,0.360926,0.450000,-0.125000,0.325000
831,0.242322,0.225625,0.361064,0.475000,-0.250000,0.225000
832,0.242539,0.422500,0.361413,0.650000,0.375000,-0.275000
833,0.242308,0.050625,0.361248,0.225000,-0.500000,-0.275000
834,0.242064,0.040000,0.361054,0.200000,-0.375000,-0.175000
835,0.241848,0.062500,0.360921,0.250000,-0.125000,0.125000
836,0.241594,0.030625,0.360697,0.175000,-0.250000,-0.075000
837,0.241547,0.202500,0.360804,0.450000,-0.500000,-0.050000
838,0.242913,1.380625,0.361781,1.175000,1.250000,0.075000
839,0.243880,1.050625,0.362575,1.025000,-0.875000,0.150000
840,0.243805,0.180625,0.362650,0.425000,0.500000,0.075000
841,0.243660,0.122500,0.362634,0.350000,-0.500000,-0.150000
842,0.243376,0.005625,0.362291,0.075000,0.125000,0.200000
843,0.243947,0.722500,0.362872,0.850000,0.375000,-0.475000
844,0.244516,0.722500,0.363452,0.850000,0.875000,0.025000
845,0.244333,0.090000,0.363377,0.300000,-0.250000,-0.550000
846,0.244803,0.640000,0.363895,0.800000,0.000000,0.800000
847,0.244586,0.062500,0.363760,0.250000,-0.250000,0.000000
848,0.245863,1.322500,0.364692,1.150000,-1.000000,0.150000
849,0.246330,0.640000,0.365207,0.800000,0.750000,-0.050000
850,0.246184,0.122500,0.365189,0.350000,0.125000,0.475000
851,0.245911,0.015625,0.364906,0.125000,0.250000,0.125000
852,0.245766,0.122500,0.364888,0.350000,0.500000,0.150000
853,0.245689,0.180625,0.364959,0.425000,0.250000,-0.175000
854,0.245403,0.002500,0.364588,0.050000,-0.250000,-0.200000
855,0.245188,0.062500,0.364454,0.250000,0.000000,-0.250000
856,0.245024,0.105625,0.364407,0.325000,-0.125000,0.200000
857,0.244773,0.030625,0.364185,0.175000,-0.125000,0.050000
858,0.245236,0.640000,0.364696,0.800000,-0.750000,0.050000
859,0.245072,0.105625,0.364649,0.325000,-0.375000,-0.050000
860,0.244787,0.000625,0.364252,0.025000,0.000000,-0.025000
861,0.244513,0.010000,0.363944,0.100000,0.000000,0.100000
862,0.244274,0.040000,0.363753,0.200000,0.125000,-0.075000
863,0.244445,0.390625,0.364057,0.625000,0.375000,-0.250000
864,0.244219,0.050625,0.363895,0.225000,-0.500000,-0.275000
865,0.244633,0.600625,0.364373,0.775000,0.500000,-0.275000
866,0.244585,0.202500,0.364472,0.450000,0.250000,-0.200000
867,0.244374,0.062500,0.364340,0.250000,0.000000,-0.250000
868,0.244109,0.015625,0.364063,0.125000,0.000000,0.125000
869,0.244035,0.180625,0.364133,0.425000,-0.250000,0.175000
870,0.243916,0.140625,0.364145,0.375000,0.250000,-0.125000
871,0.243635,-0.000000,0.363725,-0.000000,0.000000,0.000000
872,0.243672,0.275625,0.363911,0.525000,0.625000,0.100000
873,0.243426,0.030625,0.363694,0.175000,0.125000,0.300000
874,0.243172,0.022500,0.363448,0.150000,-0.250000,-0.100000
875,0.243034,0.122500,0.363433,0.350000,0.125000,-0.225000
876,0.242781,0.022500,0.363188,0.150000,-0.250000,-0.100000
877,0.243064,0.490000,0.363574,0.700000,0.250000,-0.450000
878,0.242787,0.000625,0.363186,0.025000,-0.250000,-0.275000
879,0.243030,0.455625,0.363543,0.675000,-0.625000,0.050000
880,0.242753,0.000625,0.363156,0.025000,0.000000,0.025000
881,0.242563,0.075625,0.363056,0.275000,-0.125000,0.150000
882,0.242286,-0.000000,0.362642,-0.000000,0.125000,0.125000
883,0.242131,0.105625,0.362600,0.325000,-0.125000,0.200000
884,0.242453,0.525625,0.363011,0.725000,0.500000,-0.225000
885,0.242189,0.010000,0.362713,0.100000,-0.125000,-0.025000
886,0.242017,0.090000,0.362642,0.300000,0.125000,-0.175000
887,0.241760,0.015625,0.362373,0.125000,0.125000,0.000000
888,0.241668,0.160000,0.362415,0.400000,-0.375000,0.025000
889,0.241398,0.002500,0.362062,0.050000,-0.125000,-0.175000
890,0.241170,0.040000,0.361879,0.200000,-0.250000,-0.050000
891,0.240916,0.015625,0.361612,0.125000,0.125000,0.000000
892,0.241278,0.562500,0.362050,0.750000,-0.625000,0.125000
893,0.241018,0.010000,0.361755,0.100000,0.125000,0.025000
894,0.241087,0.302500,0.361966,0.550000,0.375000,-0.175000
895,0.241291,0.422500,0.362290,0.650000,0.500000,-0.150000
896,0.241021,0.000625,0.361911,0.025000,-0.125000,-0.150000
897,0.240762,0.010000,0.361618,0.100000,0.125000,0.025000
898,0.240695,0.180625,0.361689,0.425000,0.375000,-0.050000
899,0.240483,0.050625,0.361536,0.225000,0.000000,0.225000
900,0.240552,0.302500,0.361747,0.550000,-0.500000,0.050000
901,0.240870,0.525625,0.362152,0.725000,-0.750000,-0.025000
902,0.240626,0.022500,0.361915,0.150000,0.000000,0.150000
903,0.240584,0.202500,0.362013,0.450000,0.625000,0.175000
904,0.240494,0.160000,0.362056,0.400000,0.000000,0.400000
905,0.240627,0.360000,0.362320,0.600000,-0.500000,0.100000
906,0.240394,0.030625,0.362112,0.175000,-0.125000,-0.300000
907,0.240128,-0.000000,0.361711,-0.000000,-0.125000,-0.125000
908,0.240062,0.180625,0.361781,0.425000,-0.500000,-0.075000
909,0.239822,0.022500,0.361547,0.150000,-0.125000,-0.275000
910,0.239954,0.360000,0.361810,0.600000,0.500000,-0.100000
911,0.240156,0.422500,0.362128,0.650000,0.625000,-0.025000
912,0.239947,0.050625,0.361977,0.225000,0.125000,0.350000
913,0.239717,0.030625,0.361771,0.175000,-0.250000,-0.075000
914,0.239464,0.010000,0.361484,0.100000,-0.125000,-0.025000
915,0.239202,0.000625,0.361114,0.025000,-0.125000,-0.150000
916,0.239008,0.062500,0.360992,0.250000,0.250000,0.000000
917,0.238802,0.050625,0.360843,0.225000,-0.125000,0.100000
918,0.238541,-0.000000,0.360449,-0.000000,0.000000,0.000000
919,0.238281,0.000625,0.360082,0.025000,0.000000,0.025000
920,0.238021,-0.000000,0.359689,-0.000000,0.000000,0.000000
921,0.237895,0.122500,0.359678,0.350000,0.250000,-0.100000
922,0.237734,0.090000,0.359613,0.300000,0.250000,-0.050000
923,0.237628,0.140625,0.359630,0.375000,-0.500000,-0.125000
924,0.237503,0.122500,0.359620,0.350000,0.375000,0.025000
925,0.237360,0.105625,0.359582,0.325000,0.375000,0.050000
926,0.237596,0.455625,0.359924,0.675000,-0.500000,0.175000
927,0.237472,0.122500,0.359913,0.350000,0.250000,-0.100000
928,0.237282,0.062500,0.359794,0.250000,-0.125000,0.125000
929,0.237069,0.040000,0.359622,0.200000,0.125000,-0.075000
930,0.237737,0.855625,0.360232,0.925000,-0.875000,0.050000
931,0.238506,0.950625,0.360895,0.975000,0.625000,-0.350000
932,0.238518,0.250000,0.361045,0.500000,-0.125000,0.375000
933,0.238268,0.005625,0.360737,0.075000,0.250000,0.325000
934,0.238011,-0.000000,0.360349,-0.000000,-0.125000,-0.125000
935,0.237773,0.015625,0.360097,0.125000,-0.125000,0.000000
936,0.237614,0.090000,0.360032,0.300000,0.125000,-0.175000
937,0.237392,0.030625,0.359834,0.175000,-0.125000,0.050000
938,0.237155,0.015625,0.359582,0.125000,-0.250000,-0.125000
939,0.238025,1.050625,0.360294,1.025000,-1.000000,0.025000
940,0.237781,0.010000,0.360016,0.100000,0.250000,0.150000