# TEST CONFIGURATION BEGIN
# File Stream: filename: air_company_stock8.csv  -  n_targets: 1
# [air_company_stock8_HTREE] Pipeline: RegressionHoeffdingTree: max_byte_size: 33554432 - memory_estimate_period: 1000000 - grace_period: 200 - split_criterion: variance reduction - split_confidence: 1e-07 - tie_threshold: 0.05 - binary_split: False - stop_mem_management: False - remove_poor_atts: False - no_pre_prune: False - leaf_prediction: perceptron - nb_threshold: 0 - nominal_attributes: [] - 
# Prequential Evaluator: n_wait: 1 - max_samples: 600000 - max_time: 10000000 - output_file: air_company_stock8_HTREE_SIZE_4 - batch_size: 1 - pretrain_size: 5 - task_type: regression - show_plot: False - metrics: ['mean_square_error', 'mean_absolute_error', 'true_vs_predicted']
# TEST CONFIGURATION END
id,global_mse_[air_company_stock8_HTREE],sliding_mse_[air_company_stock8_HTREE],global_mae_[air_company_stock8_HTREE],sliding_mae_[air_company_stock8_HTREE],true_value_[air_company_stock8_HTREE],predicted_value_[air_company_stock8_HTREE]
5,1.318714,1.318714,1.148353,1.148353,-0.125000,1.023353
6,0.846488,0.374263,0.880061,0.611770,0.375000,0.986770
7,0.567213,0.008663,0.617732,0.093074,0.250000,0.156926
8,1.215024,3.158457,0.907600,1.777205,-0.125000,1.652205
9,1.137614,0.827974,0.908066,0.909931,0.750000,1.659931
10,1.038349,0.542023,0.879426,0.736222,0.250000,0.986222
11,0.952117,0.434724,0.847984,0.659336,0.125000,0.784336
12,1.238240,3.241099,0.967024,1.800305,0.250000,2.050305
13,1.163368,0.564392,0.943051,0.751260,-0.250000,0.501260
14,1.063563,0.165326,0.889406,0.406603,0.250000,0.656603
15,1.021308,0.598751,0.878895,0.773790,0.125000,0.898790
16,0.961011,0.297750,0.851126,0.545665,-0.750000,-0.204335
17,0.966292,1.029667,0.863711,1.014725,0.375000,1.389725
18,0.901876,0.064467,0.820153,0.253903,0.000000,-0.253903
19,0.888745,0.704901,0.821448,0.839584,-0.375000,-1.214584
20,0.865197,0.511983,0.814828,0.715530,0.500000,1.215530
21,0.866027,0.879298,0.822057,0.937709,0.125000,-0.812709
22,0.883111,1.173554,0.836571,1.083307,0.000000,-1.083307
23,0.979911,2.722296,0.879379,1.649938,-0.500000,1.149938
24,0.943890,0.259496,0.860881,0.509408,0.625000,0.115592
25,0.944544,0.957635,0.866486,0.978588,0.500000,-0.478588
26,0.901657,0.001023,0.828554,0.031979,-0.250000,-0.218021
27,0.982845,2.768969,0.864879,1.664022,-0.500000,1.164022
28,0.941894,0.000027,0.829059,0.005220,0.000000,0.005220
29,0.996332,2.302839,0.856597,1.517511,0.250000,-1.267511
30,0.961547,0.091922,0.835312,0.303186,0.250000,-0.053186
31,0.984859,1.590972,0.851091,1.261337,-0.250000,1.011337
32,0.960530,0.303653,0.840375,0.551047,-0.250000,-0.801047
33,0.928904,0.043382,0.818579,0.208283,-0.125000,-0.333283
34,0.906534,0.257810,0.808218,0.507750,0.250000,-0.257750
35,0.886399,0.282344,0.799287,0.531361,0.625000,0.093639
36,0.864027,0.170492,0.787213,0.412907,0.000000,0.412907
37,0.851666,0.456125,0.783824,0.675370,-0.125000,0.550370
38,0.841293,0.498965,0.781546,0.706375,0.125000,0.831375
39,0.819221,0.068788,0.766709,0.262274,0.125000,-0.137274
40,0.797337,0.031376,0.750332,0.177133,0.375000,0.197867
41,0.776147,0.013307,0.733171,0.115356,0.375000,0.490356
42,0.759018,0.125274,0.723191,0.353940,0.250000,-0.103940
43,0.767889,1.104972,0.731601,1.051176,0.125000,1.176176
44,0.782135,1.337723,0.742226,1.156600,-0.125000,1.031600
45,0.785453,0.918161,0.747494,0.958207,0.125000,1.083207
46,0.779143,0.520448,0.746873,0.721421,1.375000,0.653579
47,0.916723,6.695088,0.789678,2.587487,-0.625000,1.962487
48,0.998807,4.528433,0.820095,2.128012,-0.750000,1.378012
49,1.033098,2.541889,0.837300,1.594330,-0.500000,1.094330
50,1.166633,7.175691,0.877331,2.678748,0.500000,-2.178748
51,1.172775,1.455300,0.884332,1.206358,-0.125000,-1.331358
52,1.153437,0.244580,0.876211,0.494550,-0.125000,0.369550
53,1.163103,1.627076,0.884362,1.275569,-0.125000,-1.400569
54,1.149525,0.484207,0.880591,0.695850,-0.500000,-1.195850
55,1.143511,0.842792,0.881326,0.918037,0.625000,-0.293037
56,1.122635,0.057973,0.869007,0.240777,-0.125000,0.115777
57,1.111745,0.545449,0.866546,0.738545,0.125000,-0.613545
58,1.091603,0.024077,0.853372,0.155168,0.375000,0.530168
59,1.079092,0.403501,0.849406,0.635217,-0.250000,-0.885217
60,1.059877,0.003054,0.835224,0.055261,-0.125000,-0.069739
61,1.052513,0.640101,0.834608,0.800063,0.125000,0.925063
62,1.053990,1.138207,0.838612,1.066868,-1.875000,-0.808132
63,1.065202,1.715509,0.846598,1.309774,0.250000,1.559774
64,1.068930,1.288855,0.851409,1.135278,-0.250000,-1.385278
65,1.259743,12.708541,0.895893,3.564904,0.000000,-3.564904
66,1.244968,0.343689,0.890898,0.586250,0.375000,-0.211250
67,1.258358,2.088513,0.899696,1.445169,-0.375000,-1.820169
68,1.421681,11.711022,0.939110,3.422137,1.000000,-2.422137
69,1.400311,0.032690,0.927443,0.180803,-0.125000,0.055803
70,1.379125,0.001975,0.914065,0.044442,-0.125000,-0.080558
71,1.390719,2.155933,0.922337,1.468310,0.000000,1.468310
72,1.370954,0.046746,0.911953,0.216209,-0.125000,0.091209
73,1.353984,0.200015,0.905217,0.447230,-0.500000,-0.052770
74,1.363679,2.032589,0.912653,1.425689,0.000000,1.425689
75,1.353923,0.671046,0.911336,0.819174,0.125000,-0.694174
76,1.346032,0.785739,0.910990,0.886419,0.000000,-0.886419
77,1.327636,0.003172,0.899282,0.056321,-0.250000,-0.193679
78,1.318105,0.622326,0.897790,0.788877,0.500000,-0.288877
79,1.308356,0.586951,0.896035,0.766127,0.125000,-0.641127
80,1.291328,0.014216,0.885814,0.119230,-0.125000,-0.005770
81,1.287828,1.021780,0.887437,1.010831,-0.125000,0.885831
82,1.272668,0.105403,0.880222,0.324659,-0.375000,-0.050341
83,1.257902,0.106106,0.873203,0.325740,0.125000,-0.200740
84,1.242289,0.008915,0.863469,0.094420,0.375000,0.280580
85,1.228557,0.129962,0.857259,0.360503,-0.125000,-0.485503
86,1.214780,0.098819,0.850638,0.314355,-0.250000,0.064355
87,1.200268,0.010349,0.841615,0.101731,0.250000,0.148269
88,1.193526,0.633883,0.841074,0.796167,0.000000,-0.796167
89,1.184635,0.437782,0.838964,0.661651,-0.500000,0.161651
90,1.171380,0.044758,0.831668,0.211561,0.500000,0.711561
91,1.163133,0.453830,0.829852,0.673669,0.250000,-0.423669
92,1.154979,0.445574,0.828007,0.667513,0.000000,-0.667513
93,1.154085,1.075445,0.830356,1.037037,-0.125000,0.912037
94,1.147913,0.598603,0.829726,0.773694,0.625000,-0.148694
95,1.144318,0.820744,0.830564,0.905949,0.125000,-0.780949
96,1.137885,0.552562,0.829616,0.743345,0.000000,0.743345
97,1.129629,0.370019,0.827236,0.608292,0.125000,0.733292
98,1.118315,0.066151,0.821172,0.257199,0.250000,-0.007199
99,1.109950,0.323588,0.818516,0.568848,-0.500000,0.068848
100,1.108306,0.952113,0.820154,0.975763,0.250000,1.225763
101,1.097677,0.077353,0.814566,0.278124,0.250000,-0.028124
102,1.096131,0.946131,0.816179,0.972692,0.250000,-0.722692
103,1.085092,0.003305,0.808516,0.057493,0.250000,0.192507
104,1.080828,0.658676,0.808547,0.811589,0.625000,-0.186589
105,1.085185,1.520835,0.812751,1.233221,0.250000,-0.983221
106,1.099072,2.501692,0.820290,1.581674,-1.000000,0.581674
107,1.100634,1.259980,0.823224,1.122488,0.875000,1.997488
108,1.090474,0.044028,0.817326,0.209829,-0.625000,-0.415171
109,1.093213,1.378049,0.820722,1.173903,0.875000,-0.298903
110,1.084553,0.175278,0.816929,0.418662,0.250000,0.668662
111,1.085411,1.176362,0.819430,1.084602,-0.125000,-1.209602
112,1.075398,0.003922,0.812423,0.062623,-0.125000,-0.062377
113,1.083351,1.942334,0.817755,1.393676,-0.500000,0.893676
114,1.078174,0.513827,0.816838,0.716817,0.000000,-0.716817
115,1.077543,1.008215,0.818525,1.004099,-0.375000,0.629099
116,1.073454,0.619536,0.818244,0.787106,0.750000,-0.037106
117,1.065639,0.190326,0.814864,0.436264,0.125000,-0.311264
118,1.066626,1.178173,0.817237,1.085437,0.500000,-0.585437
119,1.057448,0.011134,0.811049,0.105520,-0.500000,-0.394480
120,1.052202,0.448899,0.809833,0.669999,-0.375000,0.294999
121,1.043322,0.013282,0.803896,0.115248,0.000000,0.115248
122,1.034542,0.007227,0.797804,0.085009,0.125000,0.039991
123,1.025850,0.000197,0.791217,0.014019,-0.375000,-0.389019
124,1.017322,0.002526,0.785043,0.050261,0.500000,0.550261
125,1.014066,0.623371,0.785080,0.789538,0.000000,-0.789538
126,1.010443,0.572062,0.784844,0.756348,0.375000,-0.381348
127,1.007824,0.688257,0.785208,0.829613,-0.250000,0.579613
128,1.002640,0.365087,0.783749,0.604224,-0.125000,0.479224
129,0.994776,0.019593,0.778599,0.139975,0.375000,0.235025
130,0.991297,0.556425,0.778339,0.745939,-0.500000,0.245939
131,0.996521,1.654811,0.782340,1.286395,-0.750000,0.536395
132,0.989919,0.151399,0.779268,0.389100,0.250000,0.639100
133,0.991575,1.203546,0.781731,1.097062,-0.125000,-1.222062
134,0.983950,0.000353,0.775862,0.018790,-0.500000,-0.481210
135,0.977143,0.092212,0.772258,0.303664,1.000000,0.696336
136,1.020652,6.720293,0.786046,2.592353,1.000000,-1.592353
137,1.022948,1.326020,0.788794,1.151530,-0.250000,-1.401530
138,1.031355,2.149512,0.793849,1.466121,-0.125000,1.341121
139,1.025111,0.188372,0.791184,0.434019,-0.625000,-0.190981
140,1.020771,0.434947,0.790215,0.659505,0.000000,-0.659505
141,1.016825,0.480121,0.789505,0.692907,0.000000,0.692907
142,1.009932,0.065569,0.785640,0.256065,-0.125000,0.131065
143,1.002961,0.041026,0.781445,0.202549,-0.625000,-0.422451
144,0.997436,0.229507,0.779285,0.479069,-0.375000,0.104069
145,0.994750,0.618628,0.779336,0.786529,0.000000,-0.786529
146,0.990752,0.426983,0.778450,0.653439,0.125000,-0.528439
147,0.983824,0.000061,0.773060,0.007782,-0.250000,-0.257782
148,0.977275,0.040795,0.769095,0.201977,0.125000,-0.076977
149,0.976237,0.826751,0.770061,0.909258,0.125000,-0.784258
150,0.970182,0.092285,0.766868,0.303785,0.125000,-0.178785
151,0.966372,0.410148,0.766007,0.640428,-0.500000,0.140428
152,0.963183,0.494261,0.765582,0.703037,0.125000,0.828037
153,0.956939,0.032826,0.761660,0.181179,0.125000,-0.056179
154,0.951318,0.113827,0.758831,0.337382,0.125000,-0.212382
155,0.945029,0.001675,0.754077,0.040930,0.000000,0.040930
156,0.938845,0.005058,0.749584,0.071123,0.000000,-0.071123
157,0.935649,0.449866,0.749068,0.670720,0.250000,-0.420720
158,0.929862,0.044421,0.745573,0.210763,0.000000,0.210763
159,0.925729,0.289336,0.744233,0.537900,0.250000,0.787900
160,0.928904,1.420958,0.747104,1.192040,-0.500000,0.692040
161,0.923133,0.022845,0.743308,0.151144,1.000000,0.848856
162,0.917694,0.063779,0.740202,0.252544,0.125000,0.377544
163,0.912187,0.042139,0.736837,0.205277,-0.125000,0.080277
164,0.910795,0.689410,0.737421,0.830307,0.125000,0.955307
165,0.905343,0.033100,0.733971,0.181935,-0.250000,-0.068065
166,0.899849,0.015248,0.730203,0.123482,-0.125000,-0.248482
167,0.905529,1.825710,0.734013,1.351188,-0.250000,1.101188
168,0.900038,0.004971,0.729967,0.070508,-0.125000,-0.054492
169,0.894897,0.051762,0.726922,0.227513,-0.250000,-0.022487
170,0.894135,0.768497,0.727823,0.876640,1.125000,0.248360
171,0.892863,0.681669,0.728409,0.825632,-0.125000,0.700632
172,0.887948,0.067066,0.725615,0.258970,0.375000,0.116030
173,0.883063,0.062479,0.722800,0.249959,0.000000,0.249959
174,0.879097,0.208762,0.721236,0.456905,0.000000,-0.456905
175,0.873963,0.001318,0.717231,0.036301,0.250000,0.286301
176,0.872432,0.610554,0.717604,0.781379,0.000000,0.781379
177,0.868404,0.175592,0.715878,0.419037,0.125000,-0.294037
178,0.865145,0.301378,0.714919,0.548979,0.125000,0.673979
179,0.860322,0.021073,0.711663,0.145164,-0.125000,0.020164
180,0.855535,0.017861,0.708379,0.133643,0.500000,0.366357
181,0.851509,0.142936,0.706513,0.378069,0.125000,0.503069
182,0.849249,0.449213,0.706309,0.670233,-0.500000,0.170233
183,0.847309,0.501939,0.706321,0.708476,0.125000,0.833476
184,0.842642,0.007254,0.702870,0.085168,-0.125000,-0.210168
185,0.845632,1.383913,0.705486,1.176398,0.750000,-0.426398
186,0.841178,0.034931,0.702637,0.186899,0.375000,0.188101
187,0.836870,0.052737,0.700052,0.229645,-0.500000,-0.729645
188,0.836911,0.844471,0.701242,0.918951,-0.625000,0.293951
189,0.833088,0.129605,0.699397,0.360006,0.000000,0.360006
190,0.829101,0.091501,0.697263,0.302491,-0.375000,-0.677491
191,0.824830,0.030559,0.694470,0.174812,0.250000,0.424812
192,0.821294,0.159952,0.692903,0.399940,0.250000,-0.149940
193,0.817716,0.145155,0.691253,0.380993,-1.000000,-1.380993
194,0.815607,0.417048,0.691013,0.645792,1.250000,0.604208
195,0.814685,0.639351,0.691582,0.799595,0.250000,-0.549595
196,0.811621,0.226498,0.690459,0.475919,-0.750000,-1.225919
197,0.821764,2.769130,0.695503,1.664070,-0.125000,1.539070
198,0.818452,0.179236,0.694100,0.423363,-0.250000,-0.673363
199,0.815533,0.249259,0.693101,0.499258,-1.000000,-1.499258
200,0.814503,0.613739,0.693562,0.783415,0.625000,1.408415
201,0.829702,3.808765,0.699948,1.951606,0.750000,-1.201606
202,0.855815,5.999936,0.708784,2.449477,0.250000,-2.199477
203,0.853726,0.440202,0.708556,0.663477,-0.375000,0.288477
204,0.849703,0.049026,0.706121,0.221418,0.000000,-0.221418
205,0.848469,0.601793,0.706467,0.775753,-0.375000,-1.150753
206,0.848677,0.890328,0.707641,0.943572,-0.625000,0.318572
207,0.849279,0.970908,0.709009,0.985346,0.250000,1.235346
208,0.847912,0.570527,0.709236,0.755333,-1.000000,-0.244667
209,0.844193,0.085429,0.707202,0.292283,0.250000,-0.042283
210,0.847626,1.551417,0.709815,1.245559,-1.250000,-0.004441
211,0.851487,1.646789,0.712586,1.283273,0.750000,-0.533273
212,0.849839,0.508701,0.712589,0.713233,-0.125000,-0.838233
213,0.845870,0.020415,0.709863,0.142880,-0.625000,-0.482120
214,0.842279,0.091722,0.707925,0.302856,0.375000,0.072144
215,0.840731,0.515724,0.707973,0.718139,0.375000,-0.343139
216,0.852179,3.267643,0.713161,1.807662,0.250000,-1.557662
217,0.853473,1.127715,0.714798,1.061939,-0.125000,0.936939
218,0.850305,0.175642,0.713416,0.419096,0.125000,-0.294096
219,0.846406,0.012079,0.710609,0.109905,-0.500000,-0.609905
220,0.843113,0.135022,0.709020,0.367453,0.250000,0.617453
221,0.839258,0.006485,0.706124,0.080529,0.250000,0.169471
222,0.841217,1.266445,0.708047,1.125364,0.625000,-0.500364
223,0.837579,0.044531,0.705778,0.211023,-0.125000,-0.336023
224,0.834804,0.227068,0.704736,0.476517,-0.125000,0.351517
225,0.833000,0.436006,0.704535,0.660307,0.500000,-0.160307
226,0.829759,0.113540,0.702879,0.336957,0.250000,-0.086957
227,0.826038,0.000002,0.699733,0.001244,0.125000,0.126244
228,0.826936,1.027237,0.701133,1.013527,-0.375000,0.638527
229,0.823747,0.109293,0.699487,0.330594,-0.250000,0.080594
230,0.820199,0.022055,0.697049,0.148509,0.125000,0.273509
231,0.817300,0.162046,0.695751,0.402549,0.500000,0.097451
232,0.813927,0.048352,0.693664,0.219890,-0.125000,0.094890
233,0.811019,0.147970,0.692315,0.384668,-0.125000,0.259668
234,0.807601,0.024713,0.689988,0.157203,0.000000,-0.157203
235,0.806736,0.607816,0.690376,0.779625,0.625000,-0.154625
236,0.803258,0.000001,0.687404,0.000838,0.000000,-0.000838
237,0.804088,0.996449,0.688738,0.998223,-0.500000,0.498223
238,0.802415,0.412640,0.688540,0.642370,-0.375000,0.267370
239,0.800043,0.245106,0.687717,0.495082,0.500000,0.004918
240,0.797584,0.219564,0.686788,0.468576,-0.125000,-0.593576
241,0.795172,0.225955,0.685896,0.475348,0.625000,0.149652
242,0.795098,0.777559,0.686719,0.881793,0.375000,-0.506793
243,0.793931,0.516341,0.686852,0.718569,-0.250000,-0.968569
244,0.791210,0.140908,0.685555,0.375377,0.125000,0.500377
245,0.788813,0.213460,0.684627,0.462017,0.125000,0.587017
246,0.785682,0.031118,0.682527,0.176402,-0.375000,-0.198598
247,0.785758,0.804165,0.683409,0.896753,0.000000,0.896753
248,0.786904,1.065399,0.684838,1.032182,-0.750000,0.282182
249,0.783739,0.011391,0.682478,0.106730,0.250000,0.143270
250,0.780555,0.000485,0.679794,0.022031,0.250000,0.272031
251,0.781720,1.068358,0.681226,1.033614,0.375000,-0.658614
252,0.779818,0.309971,0.680724,0.556750,0.125000,-0.431750
253,0.776699,0.003241,0.678219,0.056934,-0.250000,-0.193066
254,0.776338,0.686391,0.678820,0.828487,0.375000,-0.453487
255,0.773594,0.087726,0.677296,0.296186,-0.125000,0.171186
256,0.771202,0.170655,0.676247,0.413104,-0.125000,0.288104
257,0.769710,0.393878,0.676055,0.627597,-0.125000,0.502597
258,0.767287,0.154132,0.674939,0.392597,-0.375000,0.017597
259,0.764611,0.084925,0.673435,0.291419,0.500000,0.208581
260,0.763167,0.395084,0.673260,0.628557,-0.250000,0.378557
261,0.760199,0.000199,0.670695,0.014104,0.125000,0.110896
262,0.757911,0.170067,0.669694,0.412392,0.000000,0.412392
263,0.755030,0.011565,0.667523,0.107541,0.000000,-0.107541
264,0.752304,0.046336,0.665784,0.215259,0.375000,0.159741
265,0.749639,0.056661,0.664145,0.238036,0.125000,0.363036
266,0.746878,0.026247,0.662228,0.162009,0.000000,-0.162009
267,0.744860,0.216133,0.661478,0.464901,-0.125000,0.339901
268,0.742852,0.214878,0.660728,0.463549,0.500000,0.036451
269,0.740116,0.017917,0.658740,0.133854,0.375000,0.241146
270,0.738492,0.307888,0.658350,0.554876,-0.625000,-0.070124
271,0.742723,1.868346,0.661003,1.366875,-0.500000,0.866875
272,0.740126,0.046691,0.659343,0.216080,0.250000,0.033920
273,0.740216,0.764233,0.660142,0.874204,0.000000,-0.874204
274,0.737978,0.136018,0.659063,0.368806,-0.250000,0.118806
275,0.735256,0.000424,0.656707,0.020601,0.250000,0.270601
276,0.734682,0.578955,0.657090,0.760891,0.000000,-0.760891
277,0.732436,0.121545,0.655960,0.348633,0.250000,-0.098633
278,0.730264,0.137395,0.654919,0.370669,0.125000,0.495669
279,0.729179,0.431799,0.654927,0.657114,-0.750000,-0.092886
280,0.729814,0.904470,0.656000,0.951036,-0.250000,0.701036
281,0.727940,0.210638,0.655288,0.458954,-0.375000,0.083954
282,0.726210,0.247207,0.654720,0.497200,0.125000,-0.372200
283,0.724599,0.276650,0.654258,0.525975,0.375000,-0.150975
284,0.722317,0.085709,0.652967,0.292760,-0.250000,-0.542760
285,0.724352,1.294018,0.654692,1.137549,0.750000,-0.387549
286,0.721887,0.029176,0.652976,0.170810,0.125000,-0.045810
287,0.723307,1.123836,0.654414,1.060111,0.750000,-0.310111
288,0.723700,0.834856,0.655327,0.913704,-0.625000,0.288704
289,0.723577,0.688815,0.655940,0.829949,-0.250000,0.579949
290,0.721111,0.018186,0.654118,0.134855,-0.125000,0.009855
291,0.718654,0.015997,0.652280,0.126478,-0.250000,-0.123522
292,0.717926,0.508846,0.652492,0.713335,0.500000,-0.213335
293,0.715527,0.024673,0.650777,0.157077,-0.250000,-0.092923
294,0.714357,0.376198,0.650648,0.613350,0.125000,-0.488350
295,0.712224,0.093698,0.649464,0.306101,0.500000,0.193899
296,0.709926,0.041292,0.647936,0.203204,-0.250000,-0.453204
297,0.712126,1.354510,0.649697,1.163834,-0.750000,0.413834
298,0.711208,0.442159,0.649749,0.664950,0.000000,0.664950
299,0.710680,0.555501,0.650073,0.745320,0.000000,-0.745320
300,0.708280,0.000192,0.647923,0.013860,-0.375000,-0.388860
301,0.706511,0.182961,0.647182,0.427739,-0.125000,0.302739
302,0.704954,0.242607,0.646663,0.492551,0.000000,-0.492551
303,0.704114,0.453691,0.646753,0.673566,-0.125000,-0.798566
304,0.704657,0.867121,0.647701,0.931193,1.125000,0.193807
305,0.703913,0.480646,0.647853,0.693287,0.250000,0.943287
306,0.701629,0.014012,0.646099,0.118373,-0.250000,-0.131627
307,0.700877,0.473859,0.646239,0.688374,0.000000,0.688374
308,0.698590,0.005810,0.644364,0.076225,-0.250000,-0.173775
309,0.696624,0.098831,0.643282,0.314375,-0.375000,-0.060625
310,0.694689,0.104661,0.642237,0.323513,0.500000,0.823513
311,0.692493,0.020487,0.640611,0.143135,-0.250000,-0.106865
312,0.690508,0.080936,0.639455,0.284492,-0.125000,0.159492
313,0.688474,0.062189,0.638192,0.249377,0.375000,0.624377
314,0.686270,0.005000,0.636362,0.070713,-0.375000,-0.445713
315,0.684124,0.019103,0.634760,0.138214,0.500000,0.361786
316,0.683032,0.343336,0.634604,0.585949,-0.125000,0.460949
317,0.681382,0.166400,0.633879,0.407922,0.125000,-0.282922
318,0.679653,0.138647,0.633047,0.372353,0.000000,0.372353
319,0.677519,0.007451,0.631311,0.086322,0.125000,0.211322
320,0.676076,0.221434,0.630802,0.470568,0.375000,-0.095568
321,0.675251,0.414640,0.630844,0.643926,-0.375000,0.268926
322,0.673998,0.276856,0.630514,0.526171,-0.125000,0.401171
323,0.672219,0.106386,0.629560,0.326169,-0.125000,0.201169
324,0.670266,0.047138,0.628272,0.217112,-0.125000,-0.342112
325,0.668507,0.105805,0.627328,0.325277,0.375000,0.049723
326,0.666492,0.019782,0.625816,0.140648,0.000000,-0.140648
327,0.664553,0.039953,0.624498,0.199883,-0.125000,-0.324883
328,0.662518,0.005229,0.622793,0.072315,0.250000,0.322315
329,0.660511,0.010268,0.621189,0.101329,-0.250000,-0.148671
330,0.658741,0.083658,0.620170,0.289237,0.000000,0.289237
331,0.657584,0.280263,0.619893,0.529399,-0.125000,0.404399
332,0.655662,0.027147,0.618505,0.164764,0.000000,-0.164764
333,0.653709,0.013166,0.616974,0.114742,0.000000,0.114742
334,0.651832,0.034222,0.615665,0.184992,0.000000,0.184992
335,0.649947,0.027845,0.614309,0.166869,0.250000,0.083131
336,0.648254,0.088038,0.613353,0.296712,0.125000,0.421712
337,0.646642,0.111281,0.612512,0.333588,0.000000,0.333588
338,0.646422,0.573333,0.612946,0.757188,-0.250000,0.507188
339,0.645223,0.244631,0.612592,0.494601,0.000000,0.494601
340,0.643304,0.000519,0.610837,0.022774,0.125000,0.147774
341,0.641632,0.079748,0.609862,0.282396,0.250000,-0.032396
342,0.640161,0.144626,0.609183,0.380297,-0.250000,0.130297
343,0.638471,0.067224,0.608151,0.259275,0.125000,0.384275
344,0.636786,0.065621,0.607116,0.256167,0.125000,-0.131167
345,0.635029,0.037692,0.605905,0.194144,0.000000,-0.194144
346,0.633444,0.092711,0.605023,0.304485,-0.125000,0.179485
347,0.631597,0.000112,0.603290,0.010599,0.125000,0.114401
348,0.629902,0.048563,0.602177,0.220371,0.000000,-0.220371
349,0.628760,0.235890,0.601840,0.485685,-0.375000,0.110685
350,0.628123,0.408110,0.601946,0.638835,-0.125000,0.513835
351,0.626502,0.065656,0.600950,0.256235,0.125000,-0.131235
352,0.625340,0.222309,0.600578,0.471496,0.000000,-0.471496
353,0.623753,0.071248,0.599622,0.266923,0.125000,-0.141923
354,0.622148,0.062190,0.598621,0.249379,0.000000,-0.249379
355,0.621252,0.307566,0.598496,0.554586,0.125000,-0.429586
356,0.619572,0.029814,0.597286,0.172666,0.000000,0.172666
357,0.617822,0.001812,0.595715,0.042563,0.125000,0.167563
358,0.616792,0.253403,0.595454,0.503391,-0.125000,0.378391
359,0.615503,0.159263,0.594901,0.399077,-0.125000,0.274077
360,0.613863,0.031481,0.593728,0.177430,0.125000,-0.052430
361,0.612147,0.001420,0.592171,0.037688,-0.125000,-0.087312
362,0.610454,0.006043,0.590734,0.077739,0.125000,0.047261
363,0.608850,0.034381,0.589605,0.185422,0.250000,0.064578
364,0.608597,0.517955,0.589966,0.719691,0.250000,-0.469691
365,0.607410,0.180198,0.589508,0.424497,-0.375000,0.049497
366,0.611058,1.927901,0.591715,1.388489,0.125000,1.513489
367,0.609598,0.080954,0.590868,0.284525,0.000000,0.284525
368,0.608627,0.256092,0.590635,0.506056,-0.375000,0.131056
369,0.607995,0.377988,0.590702,0.614807,-0.125000,0.489807
370,0.606334,0.000003,0.589093,0.001759,0.000000,0.001759
371,0.605098,0.152840,0.588553,0.390947,0.125000,-0.265947
372,0.603838,0.141567,0.587976,0.376253,-0.125000,0.251253
373,0.602210,0.002816,0.586526,0.053070,0.000000,0.053070
374,0.601136,0.205120,0.586165,0.452902,0.250000,-0.202902
375,0.600372,0.317613,0.586104,0.563572,-0.250000,0.313572
376,0.599858,0.409063,0.586248,0.639580,0.125000,0.764580
377,0.598516,0.099517,0.585522,0.315463,0.000000,0.315463
378,0.597200,0.106285,0.584828,0.326013,0.250000,-0.076013
379,0.595907,0.112049,0.584161,0.334737,-0.125000,0.209737
380,0.595643,0.496781,0.584482,0.704827,-0.375000,0.329827
381,0.594465,0.151654,0.583965,0.389428,0.500000,0.110572
382,0.592959,0.024998,0.582838,0.158108,0.000000,0.158108
383,0.591452,0.021766,0.581689,0.147533,0.125000,-0.022533
384,0.590021,0.047824,0.580734,0.218687,0.125000,0.343687
385,0.589008,0.204123,0.580396,0.451800,0.125000,-0.326800
386,0.587486,0.007644,0.579105,0.087429,0.000000,-0.087429
387,0.586288,0.128708,0.578530,0.358759,0.125000,0.483759
388,0.585634,0.335035,0.578531,0.578822,-0.375000,0.203822
389,0.585039,0.356386,0.578579,0.596981,0.375000,0.971981
390,0.583749,0.087188,0.577845,0.295276,-0.125000,0.170276
391,0.582299,0.022691,0.576741,0.150636,0.125000,-0.025636
392,0.580967,0.065393,0.575913,0.255720,-0.125000,0.130720
393,0.579630,0.060716,0.575066,0.246407,0.250000,0.003593
394,0.579939,0.700382,0.575738,0.836889,0.625000,-0.211889
395,0.578695,0.093621,0.575048,0.305975,-0.375000,-0.069025
396,0.578808,0.622895,0.575594,0.789237,-0.375000,0.414237
397,0.577825,0.192570,0.575246,0.438828,-0.125000,0.313828
398,0.576671,0.123015,0.574676,0.350735,0.000000,-0.350735
399,0.575559,0.137502,0.574160,0.370813,-0.250000,0.120813
400,0.574165,0.023395,0.573097,0.152955,0.500000,0.347045
401,0.572852,0.052887,0.572232,0.229972,-0.250000,-0.479972
402,0.571552,0.055424,0.571386,0.235423,0.000000,0.235423
403,0.570173,0.021255,0.570319,0.145790,0.250000,0.395790
404,0.569586,0.335644,0.570342,0.579348,-0.750000,-0.170652
405,0.568225,0.023559,0.569302,0.153489,0.250000,0.403489
406,0.566820,0.003406,0.568031,0.058362,0.125000,0.183362
407,0.568802,1.365812,0.569522,1.168679,0.375000,-0.793679
408,0.567419,0.009855,0.568358,0.099273,-0.125000,-0.025727
409,0.566781,0.309196,0.568328,0.556054,0.500000,-0.056054
410,0.566155,0.312559,0.568305,0.559069,-0.125000,-0.684069
411,0.564764,0.000057,0.566927,0.007536,0.250000,0.257536
412,0.563422,0.017378,0.565861,0.131827,0.125000,0.256827
413,0.562112,0.027379,0.564882,0.165466,0.250000,0.084534
414,0.560752,0.004523,0.563668,0.067255,0.125000,0.057745
415,0.560654,0.520791,0.564052,0.721659,-0.375000,0.346659
416,0.559385,0.037668,0.563154,0.194082,0.375000,0.180918
417,0.558371,0.140710,0.562699,0.375113,0.500000,0.124887
418,0.557238,0.089291,0.562062,0.298817,-0.250000,-0.548817
419,0.556041,0.060447,0.561300,0.245859,0.250000,0.495859
420,0.554706,0.000502,0.560004,0.022400,-0.125000,-0.102600
421,0.553588,0.088717,0.559376,0.297853,0.000000,-0.297853
422,0.552357,0.038790,0.558508,0.196951,0.625000,0.428049
423,0.551171,0.055740,0.557739,0.236094,0.000000,-0.236094
424,0.550126,0.111868,0.557207,0.334467,-0.375000,-0.040533
425,0.549756,0.394507,0.557376,0.628098,0.000000,0.628098
426,0.548492,0.016543,0.556360,0.128620,-0.375000,-0.246380
427,0.547346,0.063460,0.555640,0.251912,-0.125000,0.126912
428,0.547421,0.579381,0.556125,0.761171,-0.375000,0.386171
429,0.546222,0.037676,0.555273,0.194102,0.125000,-0.069102
430,0.544959,0.008307,0.554183,0.091145,-0.125000,-0.033855
431,0.543734,0.021886,0.553232,0.147938,0.000000,0.147938
432,0.542695,0.098917,0.552674,0.314510,-0.375000,-0.060490
433,0.541455,0.010691,0.551627,0.103399,0.125000,0.228399
434,0.542246,0.881738,0.552528,0.939009,0.875000,-0.064009
435,0.541257,0.115962,0.552036,0.340532,0.125000,-0.215532
436,0.540094,0.038988,0.551215,0.197453,-0.125000,0.072453
437,0.538896,0.021384,0.550280,0.146234,0.125000,0.271234
438,0.538411,0.328344,0.550332,0.573013,0.125000,-0.448013
439,0.537210,0.015796,0.549356,0.125683,0.125000,-0.000683
440,0.536851,0.380600,0.549511,0.616928,-0.250000,0.366928
441,0.535659,0.016120,0.548544,0.126963,0.000000,0.126963
442,0.544062,4.216268,0.551980,2.053355,-2.125000,-0.071645
443,0.546480,1.605359,0.553609,1.267028,1.125000,2.392028
444,0.545732,0.217631,0.553411,0.466509,-0.250000,-0.716509
445,0.547823,1.467453,0.554903,1.211385,0.125000,-1.086385
446,0.546735,0.067135,0.554233,0.259103,0.375000,0.115897
447,0.553429,3.512038,0.557213,1.874043,0.875000,-0.999043
448,0.556319,1.836890,0.559010,1.355319,-0.250000,-1.605319
449,0.561495,2.859488,0.561554,1.691002,2.750000,1.058998
450,0.562538,1.026672,0.562567,1.013248,-2.125000,-1.111752
451,0.563789,1.121536,0.563677,1.059026,0.125000,1.184026
452,0.563064,0.239379,0.563511,0.489264,0.125000,0.614264
453,0.563300,0.668742,0.564078,0.817767,-0.500000,-1.317767
454,0.562633,0.263228,0.563964,0.513057,-0.500000,0.013057
455,0.565224,1.731206,0.565631,1.315753,0.000000,1.315753
456,0.568724,2.147396,0.567622,1.465400,-0.750000,-2.215400
457,0.570195,1.234823,0.568822,1.111226,-0.250000,0.861226
458,0.568949,0.004436,0.567716,0.066604,0.000000,0.066604
459,0.571991,1.953145,0.569539,1.397549,1.000000,-0.397549
460,0.570741,0.002162,0.568392,0.046502,-0.125000,-0.171502
461,0.571065,0.718818,0.569004,0.847831,-0.625000,0.222831
462,0.571288,0.672987,0.569553,0.820358,0.875000,0.054642
463,0.570048,0.002204,0.568414,0.046950,-0.500000,-0.453050
464,0.569425,0.283704,0.568336,0.532638,-0.250000,0.282638
465,0.570745,1.177753,0.569458,1.085243,-0.375000,0.710243
466,0.569519,0.004317,0.568367,0.065702,-0.375000,-0.440702
467,0.568321,0.014806,0.567403,0.121679,0.000000,0.121679
468,0.575410,3.857842,0.570413,1.964139,-1.500000,0.464139
469,0.574997,0.383036,0.570517,0.618899,-0.375000,0.243899
470,0.573809,0.021567,0.569608,0.146856,-0.125000,0.021856
471,0.574495,0.894094,0.570413,0.945565,0.250000,-0.695565
472,0.573288,0.009627,0.569404,0.098118,-0.250000,-0.348118
473,0.572501,0.204086,0.569153,0.451759,0.250000,-0.201759
474,0.573014,0.813611,0.569861,0.902004,0.000000,-0.902004
475,0.571850,0.024865,0.568986,0.157688,0.000000,0.157688
476,0.570915,0.130489,0.568546,0.361233,-0.250000,0.111233
477,0.569954,0.116320,0.568065,0.341057,-0.125000,0.216057
478,0.568770,0.008949,0.567066,0.094597,0.000000,-0.094597
479,0.568377,0.381999,0.567173,0.618061,-0.625000,-0.006939
480,0.567417,0.111351,0.566683,0.333693,0.125000,0.458693
481,0.567709,0.706766,0.567257,0.840694,0.875000,0.034306
482,0.567148,0.299571,0.567216,0.547331,-0.125000,-0.672331
483,0.565967,0.001636,0.566116,0.040447,0.000000,0.040447
484,0.565567,0.373829,0.566210,0.611415,0.500000,-0.111415
485,0.568611,2.029893,0.567995,1.424743,0.625000,-0.799743
486,0.568166,0.354094,0.568051,0.595058,0.375000,-0.220058
487,0.567304,0.151652,0.567681,0.389425,0.500000,0.110575
488,0.566132,0.000168,0.566535,0.012958,-0.500000,-0.487042
489,0.568813,1.866419,0.568184,1.366170,-0.750000,0.616170
490,0.568594,0.462451,0.568414,0.680037,-0.125000,0.555037
491,0.568159,0.356642,0.568473,0.597195,0.750000,0.152805
492,0.567459,0.226215,0.568283,0.475621,0.125000,-0.350621
493,0.566807,0.248984,0.568141,0.498983,0.500000,0.001017
494,0.566554,0.442662,0.568340,0.665328,0.250000,-0.415328
495,0.566303,0.443284,0.568538,0.665796,0.500000,-0.165796
496,0.565817,0.327271,0.568545,0.572076,0.500000,-0.072076
497,0.566731,1.016538,0.569437,1.008235,-0.875000,0.133235
498,0.567522,0.957350,0.570265,0.978443,-0.500000,0.478443
499,0.566416,0.020071,0.569399,0.141673,0.375000,0.233327
500,0.566227,0.472471,0.569637,0.687365,0.125000,-0.562365
501,0.566165,0.535377,0.569963,0.731695,-0.875000,-0.143305
502,0.565537,0.253472,0.569830,0.503460,-0.250000,0.253460
503,0.565553,0.573902,0.570206,0.757563,0.375000,-0.382563
504,0.564440,0.008899,0.569254,0.094336,-0.500000,-0.405664
505,0.564198,0.443186,0.569447,0.665722,-0.250000,0.415722
506,0.563936,0.432497,0.569622,0.657645,0.625000,-0.032645
507,0.563719,0.454702,0.569831,0.674316,0.000000,-0.674316
508,0.564030,0.720667,0.570384,0.848921,0.875000,0.026079
509,0.563498,0.295545,0.570331,0.543641,0.500000,-0.043641
510,0.562505,0.061097,0.569693,0.247179,-1.000000,-0.752821
511,0.561516,0.060953,0.569056,0.246887,0.250000,0.496887
512,0.560429,0.009092,0.568123,0.095350,-0.125000,-0.029650
513,0.559328,0.000156,0.567032,0.012509,-0.625000,-0.637509
514,0.559266,0.527814,0.567345,0.726508,-0.375000,0.351508
515,0.558661,0.250181,0.567213,0.500181,0.250000,-0.250181
516,0.558433,0.441584,0.567403,0.664518,0.125000,-0.539518
517,0.557678,0.171284,0.567104,0.413865,0.625000,0.211135
518,0.557615,0.525253,0.567411,0.724744,-0.750000,-0.025256
519,0.556677,0.074765,0.566840,0.273433,0.000000,0.273433
520,0.555683,0.043822,0.566147,0.209337,-0.125000,0.084337
521,0.554791,0.094145,0.565645,0.306830,-0.375000,-0.068170
522,0.553942,0.115181,0.565209,0.339384,-0.250000,0.089384
523,0.553672,0.413776,0.565359,0.643254,-0.500000,0.143254
524,0.552873,0.138146,0.564986,0.371679,0.250000,-0.121679
525,0.552146,0.173927,0.564703,0.417046,-0.125000,0.292046
526,0.551502,0.216052,0.564511,0.464814,0.375000,-0.089814
527,0.550586,0.072359,0.563946,0.268996,0.125000,-0.143996
528,0.550155,0.324869,0.563958,0.569973,0.375000,-0.194973
529,0.549114,0.003524,0.562997,0.059362,-0.375000,-0.315638
530,0.549365,0.681573,0.563496,0.825574,-0.500000,0.325574
531,0.548373,0.026290,0.562734,0.162143,0.125000,-0.037143
532,0.547338,0.001841,0.561750,0.042903,-0.250000,-0.207097
533,0.546315,0.006339,0.560838,0.079615,-0.125000,-0.204615
534,0.546321,0.549454,0.561179,0.741251,0.750000,0.008749
535,0.545386,0.049960,0.560543,0.223517,-0.250000,-0.473517
536,0.544393,0.016739,0.559732,0.129378,0.250000,0.120622
537,0.544072,0.373528,0.559829,0.611169,-0.375000,0.236169
538,0.543246,0.102752,0.559381,0.320550,0.250000,-0.070550
539,0.542792,0.300707,0.559360,0.548368,-0.500000,0.048368
540,0.541874,0.050510,0.558736,0.224744,0.500000,0.275256
541,0.541097,0.124878,0.558353,0.353380,-0.625000,-0.271620
542,0.540461,0.198598,0.558144,0.445643,0.750000,0.304357
543,0.539673,0.116060,0.557740,0.340675,0.125000,-0.215675
544,0.538676,0.001287,0.556774,0.035871,-0.125000,-0.089129
545,0.537720,0.021225,0.556014,0.145689,-0.125000,0.020689
546,0.536737,0.005338,0.555123,0.073064,0.250000,0.176936
547,0.536330,0.315705,0.555136,0.561877,0.125000,-0.436877
548,0.535485,0.076695,0.554624,0.276938,0.500000,0.223062
549,0.534532,0.015669,0.553836,0.125176,-0.125000,-0.250176
550,0.533732,0.097894,0.553395,0.312880,-0.250000,0.062880
551,0.532796,0.021762,0.552653,0.147518,-0.125000,0.022518
552,0.532173,0.191395,0.552443,0.437487,0.375000,-0.062487
553,0.531355,0.083119,0.551962,0.288303,0.000000,-0.288303
554,0.530451,0.034372,0.551295,0.185397,0.125000,-0.060397
555,0.530066,0.317782,0.551318,0.563722,0.375000,-0.188722
556,0.529115,0.005480,0.550453,0.074030,-0.250000,-0.175970
557,0.528383,0.124091,0.550095,0.352266,-0.125000,0.227266
558,0.527582,0.084988,0.549628,0.291527,-0.125000,0.166527
559,0.526760,0.071096,0.549118,0.266638,0.000000,-0.266638
560,0.526050,0.131798,0.548783,0.363040,0.250000,-0.113040
561,0.525192,0.048248,0.548192,0.219654,-0.375000,-0.155346
562,0.524254,0.002161,0.547293,0.046490,0.125000,0.171490
563,0.523364,0.026380,0.546605,0.162420,0.000000,0.162420
564,0.522434,0.002744,0.545722,0.052386,0.000000,-0.052386
565,0.521530,0.015502,0.544971,0.124508,0.250000,0.125492
566,0.520910,0.172609,0.544741,0.415462,0.375000,-0.040462
567,0.521514,0.861288,0.545422,0.928056,0.500000,-0.428056
568,0.520590,0.000027,0.544464,0.005157,0.250000,0.244843
569,0.519668,0.000146,0.543522,0.012097,0.375000,0.387097
570,0.518750,0.000000,0.542562,0.000405,0.125000,0.124595
571,0.517839,0.002305,0.541690,0.048012,-0.125000,-0.076988
572,0.516989,0.034705,0.541064,0.186292,0.000000,0.186292
573,0.516210,0.073687,0.540590,0.271454,0.000000,0.271454
574,0.515629,0.185261,0.540397,0.430420,-0.250000,0.180420
575,0.514767,0.023506,0.539719,0.153315,0.250000,0.403315
576,0.513929,0.035354,0.539104,0.188026,0.250000,0.061974
577,0.513048,0.009273,0.538332,0.096298,-0.250000,-0.346298
578,0.512374,0.126208,0.538013,0.355258,0.625000,0.269742
579,0.511579,0.055114,0.537485,0.234764,0.250000,0.015236
580,0.510976,0.164193,0.537256,0.405207,0.125000,-0.280207
581,0.510237,0.084621,0.536829,0.290896,-0.125000,0.165896
582,0.509356,0.001096,0.535957,0.033102,0.000000,-0.033102
583,0.508645,0.097266,0.535570,0.311875,0.125000,-0.186875
584,0.507779,0.006675,0.534788,0.081702,0.125000,0.043298
585,0.507204,0.173363,0.534584,0.416369,-0.250000,0.166369
586,0.506663,0.192650,0.534419,0.438919,-0.250000,0.188919
587,0.505998,0.118832,0.534094,0.344720,0.375000,0.030280
588,0.505275,0.084090,0.533676,0.289983,0.375000,0.085017
589,0.504412,0.000360,0.532796,0.018976,-0.125000,-0.143976
590,0.503564,0.007358,0.532033,0.085778,0.125000,0.039222
591,0.502845,0.081309,0.531613,0.285148,0.000000,-0.285148
592,0.502802,0.477950,0.531884,0.691339,0.500000,-0.191339
593,0.501989,0.023705,0.531243,0.153963,-0.125000,0.028963
594,0.501151,0.007633,0.530490,0.087369,0.000000,0.087369
595,0.500882,0.342164,0.530583,0.584948,0.625000,0.040052
596,0.500141,0.062001,0.530107,0.249000,0.125000,-0.124000
597,0.499330,0.019284,0.529447,0.138866,0.125000,-0.013866
598,0.498646,0.093391,0.529070,0.305599,0.500000,0.194401
599,0.498707,0.534516,0.529410,0.731106,0.375000,-0.356106
600,0.497884,0.008416,0.528675,0.091740,-0.125000,-0.216740
601,0.497178,0.076084,0.528252,0.275834,0.000000,0.275834
602,0.496410,0.038201,0.527695,0.195451,0.000000,-0.195451
603,0.495596,0.008535,0.526969,0.092385,-0.125000,-0.032615
604,0.494806,0.021560,0.526335,0.146834,0.375000,0.228166
605,0.493989,0.004116,0.525566,0.064158,0.000000,0.064158
606,0.493169,0.000001,0.524694,0.000846,0.000000,0.000846
607,0.492544,0.116414,0.524390,0.341195,-0.125000,0.216195
608,0.491729,0.000720,0.523566,0.026825,0.125000,0.098175
609,0.490964,0.028946,0.522982,0.170134,0.250000,0.079866
610,0.490166,0.007098,0.522258,0.084252,0.000000,0.084252
611,0.489359,0.000218,0.521422,0.014765,0.000000,-0.014765
612,0.488972,0.254340,0.521394,0.504321,-0.500000,0.004321
613,0.488286,0.070917,0.520975,0.266302,0.000000,0.266302
614,0.487532,0.028295,0.520397,0.168212,0.125000,-0.043212
615,0.486852,0.072414,0.519986,0.269098,0.000000,-0.269098
616,0.486356,0.183004,0.519835,0.427789,-0.625000,-0.197211
617,0.485563,0.000087,0.519002,0.009346,0.250000,0.240654
618,0.484776,0.002499,0.518238,0.049985,-0.125000,-0.075015
619,0.483995,0.004477,0.517504,0.066912,0.125000,0.058088
620,0.483382,0.106563,0.517194,0.326440,0.375000,0.048560
621,0.482653,0.033665,0.516653,0.183481,-0.125000,-0.308481
622,0.482094,0.136750,0.516416,0.369798,0.250000,-0.119798
623,0.481352,0.023155,0.515827,0.152169,0.000000,0.152169
624,0.480762,0.115197,0.515543,0.339406,-0.375000,-0.035594
625,0.480057,0.043071,0.515047,0.207536,0.375000,0.167464
626,0.479285,0.000028,0.514227,0.005305,0.000000,0.005305
627,0.478603,0.054149,0.513775,0.232699,-0.375000,-0.142301
628,0.478155,0.199142,0.513667,0.446253,-0.125000,0.321253
629,0.477743,0.220481,0.513597,0.469554,0.375000,-0.094554
630,0.478266,0.805740,0.514210,0.897630,0.625000,-0.272630
631,0.477523,0.012042,0.513565,0.109738,0.000000,-0.109738
632,0.476763,0.000347,0.512777,0.018619,0.000000,0.018619
633,0.476032,0.016754,0.512167,0.129438,0.125000,-0.004438
634,0.475323,0.029560,0.511627,0.171930,0.125000,-0.046930
635,0.474689,0.075376,0.511252,0.274546,-0.375000,-0.100454
636,0.474731,0.501394,0.511563,0.708092,-0.500000,0.208092
637,0.475000,0.644660,0.512023,0.802907,-0.625000,0.177907
638,0.475427,0.745509,0.512578,0.863429,-0.375000,0.488429
639,0.475577,0.571197,0.512961,0.755775,-0.250000,0.505775
640,0.474858,0.017797,0.512364,0.133405,0.125000,0.258405
641,0.474238,0.080458,0.512005,0.283651,0.250000,-0.033651
642,0.473683,0.120094,0.511745,0.346546,0.000000,0.346546
643,0.473441,0.319031,0.511828,0.564828,0.000000,0.564828
644,0.472709,0.004799,0.511137,0.069277,0.375000,0.305723
645,0.472050,0.050031,0.510689,0.223677,-0.250000,-0.026323
646,0.475917,2.955006,0.512571,1.719013,-1.500000,0.219013
647,0.475312,0.086608,0.512231,0.294293,0.250000,0.544293
648,0.475968,0.897746,0.512907,0.947494,0.500000,-0.447494
649,0.476700,0.948167,0.513622,0.973739,0.125000,-0.848739
650,0.475963,0.000545,0.512863,0.023345,-0.250000,-0.226655
651,0.475695,0.302776,0.512920,0.550251,0.125000,-0.425251
652,0.477206,1.454495,0.513990,1.206025,0.500000,-0.706025
653,0.476908,0.283947,0.514019,0.532866,-0.625000,-0.092134
654,0.483685,4.881870,0.516627,2.209495,-2.000000,0.209495
655,0.486232,2.141762,0.518082,1.463476,-1.000000,0.463476
656,0.485739,0.164819,0.517910,0.405979,-0.500000,-0.094021
657,0.486718,1.125395,0.518741,1.060846,-1.375000,-0.314154
658,0.486552,0.378001,0.518888,0.614818,0.625000,0.010182
659,0.486103,0.192572,0.518766,0.438830,-0.125000,-0.563830
660,0.485810,0.294034,0.518802,0.542249,-0.125000,-0.667249
661,0.487651,1.694845,0.519994,1.301862,1.625000,0.323138
662,0.487737,0.544519,0.520325,0.737915,0.000000,-0.737915
663,0.488692,1.116955,0.521139,1.056861,0.500000,-0.556861
664,0.488119,0.110298,0.520853,0.332112,-0.125000,0.207112
665,0.489429,1.354220,0.521825,1.163710,0.500000,-0.663710
666,0.490141,0.961150,0.522518,0.980383,0.625000,-0.355383
667,0.489666,0.175265,0.522361,0.418647,-0.625000,-0.206353
668,0.489381,0.300228,0.522400,0.547930,0.125000,-0.422930
669,0.489518,0.580477,0.522760,0.761891,0.625000,-0.136891
670,0.490187,0.934910,0.523427,0.966907,0.250000,-0.716907
671,0.489877,0.283752,0.523441,0.532684,0.375000,-0.157684
672,0.489662,0.345814,0.523537,0.588060,0.250000,-0.338060
673,0.489140,0.140766,0.523316,0.375188,-0.125000,-0.500188
674,0.488840,0.287767,0.523335,0.536439,-0.500000,0.036439
675,0.488250,0.092931,0.523010,0.304846,0.375000,0.070154
676,0.487610,0.058571,0.522592,0.242015,0.125000,-0.117015
677,0.487247,0.243001,0.522548,0.492952,0.125000,-0.367952
678,0.486669,0.097585,0.522236,0.312387,-0.500000,-0.187613
679,0.486542,0.401300,0.522401,0.633482,0.625000,-0.008482
680,0.487413,1.075538,0.523162,1.037081,-1.125000,-0.087919
681,0.487079,0.261229,0.523144,0.511105,-0.125000,0.386105
682,0.486377,0.010647,0.522525,0.103184,0.125000,0.021816
683,0.485717,0.038469,0.522044,0.196136,-0.125000,-0.321136
684,0.485003,0.000015,0.521282,0.003885,0.000000,-0.003885
685,0.484507,0.147128,0.521080,0.383573,0.625000,0.241427
686,0.484269,0.322201,0.521148,0.567627,0.000000,-0.567627
687,0.483566,0.004274,0.520481,0.065374,0.250000,0.184626
688,0.482864,0.003286,0.519804,0.057327,0.125000,0.067673
689,0.482189,0.020480,0.519254,0.143108,0.000000,-0.143108
690,0.481563,0.052765,0.518832,0.229707,0.250000,0.020293
691,0.481369,0.348602,0.518936,0.590425,-0.500000,0.090425
692,0.481200,0.364756,0.519059,0.603951,-0.625000,-0.021049
693,0.481659,0.797786,0.519602,0.893188,-0.750000,0.143188
694,0.481034,0.050310,0.519174,0.224299,-0.125000,0.099299
695,0.480351,0.009382,0.518563,0.096861,-0.125000,-0.028139
696,0.480328,0.463854,0.518798,0.681068,-0.750000,-0.068932
697,0.479901,0.184572,0.518669,0.429618,-0.375000,0.054618
698,0.479381,0.119173,0.518419,0.345214,0.375000,0.029786
699,0.487391,6.046425,0.521212,2.458948,2.250000,-0.208948
700,0.487080,0.270758,0.521210,0.520344,0.375000,-0.145344
701,0.486544,0.113858,0.520947,0.337428,-0.375000,-0.037572
702,0.485855,0.005117,0.520303,0.071530,0.125000,0.053470
703,0.485167,0.004913,0.519659,0.070090,-0.375000,-0.445090
704,0.484484,0.007216,0.519038,0.084947,-0.250000,-0.334947
705,0.483814,0.015210,0.518473,0.123328,-0.250000,-0.126672
706,0.484569,1.013205,0.519168,1.006581,0.375000,-0.631581
707,0.484106,0.159338,0.518998,0.399171,0.250000,-0.149171
708,0.483815,0.279237,0.519011,0.528429,0.500000,-0.028429
709,0.483132,0.002299,0.518343,0.047948,-0.125000,-0.077052
710,0.483766,0.930711,0.518975,0.964734,-0.750000,0.214734
711,0.483405,0.228892,0.518918,0.478427,0.625000,0.146573
712,0.483231,0.360095,0.519033,0.600079,-0.750000,-0.149921
713,0.482567,0.012113,0.518456,0.110058,0.000000,-0.110058
714,0.483381,1.060406,0.519176,1.029760,1.125000,0.095240
715,0.482756,0.039020,0.518724,0.197534,-0.375000,-0.572534
716,0.482239,0.114830,0.518471,0.338866,-0.250000,0.088866
717,0.481834,0.193756,0.518361,0.440177,0.000000,0.440177
718,0.481408,0.177748,0.518226,0.421601,0.000000,-0.421601
719,0.483743,2.150483,0.519552,1.466452,1.500000,0.033548
720,0.484455,0.993395,0.520218,0.996692,0.750000,-0.246692
721,0.483866,0.062144,0.519840,0.249287,-0.875000,-0.625713
722,0.483493,0.216378,0.519764,0.465165,-0.125000,0.340165
723,0.482848,0.019972,0.519238,0.141321,0.000000,-0.141321
724,0.483358,0.849945,0.519797,0.921924,0.500000,-0.421924
725,0.482690,0.001310,0.519126,0.036193,-0.125000,-0.088807
726,0.482486,0.335934,0.519210,0.579598,0.250000,-0.329598
727,0.481928,0.078769,0.518880,0.280659,-0.500000,-0.219341
728,0.481519,0.185660,0.518759,0.430883,0.625000,0.194117
729,0.480878,0.017091,0.518223,0.130733,0.000000,0.130733
730,0.480359,0.104301,0.517954,0.322957,0.375000,0.052043
731,0.480148,0.326903,0.518028,0.571754,-0.125000,0.446754
732,0.481023,1.117107,0.518769,1.056933,-0.500000,0.556933
733,0.480419,0.040646,0.518334,0.201609,0.250000,0.451609
734,0.479982,0.161144,0.518173,0.401428,0.125000,0.526428
735,0.480286,0.702587,0.518611,0.838205,-0.750000,0.088205
736,0.481008,1.008464,0.519275,1.004223,-0.375000,0.629223
737,0.481207,0.626643,0.519646,0.791608,-0.500000,0.291608
738,0.481861,0.961281,0.520274,0.980449,1.250000,0.269551
739,0.481282,0.056401,0.519889,0.237489,0.250000,0.487489
740,0.480722,0.069283,0.519541,0.263216,0.375000,0.111784
741,0.480083,0.009404,0.518967,0.096972,0.125000,0.221972
742,0.479515,0.061413,0.518600,0.247817,0.000000,0.247817
743,0.478867,0.000127,0.517913,0.011252,0.250000,0.238748
744,0.478466,0.182274,0.517790,0.426936,0.000000,0.426936
745,0.477824,0.002643,0.517161,0.051411,0.000000,0.051411
746,0.477198,0.013741,0.516622,0.117222,0.125000,0.242222
747,0.476625,0.051111,0.516231,0.226077,0.000000,0.226077
748,0.476182,0.147250,0.516053,0.383732,0.000000,0.383732
749,0.476692,0.856114,0.516602,0.925264,-0.500000,0.425264
750,0.477616,1.166034,0.517357,1.079830,-0.625000,0.454830
751,0.477261,0.212722,0.517282,0.461218,0.000000,0.461218
752,0.479234,1.952643,0.518458,1.397370,-1.125000,0.272370
753,0.480271,1.256256,0.519263,1.120828,-0.750000,0.370828
754,0.483764,3.100184,0.520918,1.760734,-1.500000,0.260734
755,0.483124,0.003145,0.520299,0.056078,0.125000,0.068922
756,0.482882,0.300912,0.520337,0.548555,0.750000,0.201445
757,0.482395,0.115699,0.520097,0.340145,-0.375000,-0.034855
758,0.481979,0.169136,0.519953,0.411262,0.500000,0.088738
759,0.481342,0.001133,0.519309,0.033658,0.250000,0.216342
760,0.486343,4.262145,0.521353,2.064496,1.875000,-0.189496
761,0.485708,0.005656,0.520763,0.075208,0.125000,0.049792
762,0.485340,0.206616,0.520676,0.454550,0.500000,0.045450
763,0.485345,0.488913,0.520911,0.699223,0.625000,-0.074223
764,0.484740,0.026022,0.520438,0.161314,0.125000,-0.036314
765,0.484145,0.031321,0.519987,0.176978,0.250000,0.073022
766,0.483625,0.088437,0.519695,0.297384,-0.125000,0.172384
767,0.483240,0.189512,0.519584,0.435330,0.125000,-0.310330
768,0.482990,0.292571,0.519612,0.540898,-0.500000,0.040898
769,0.482780,0.321981,0.519675,0.567434,0.625000,0.057566
770,0.482215,0.050096,0.519288,0.223821,0.250000,0.026179
771,0.481598,0.009041,0.518735,0.095084,0.125000,0.029916
772,0.480982,0.008681,0.518181,0.093171,0.250000,0.156829
773,0.480566,0.161015,0.518029,0.401266,0.500000,0.098734
774,0.479991,0.038025,0.517610,0.194999,-0.250000,-0.055001
775,0.483795,3.412675,0.519334,1.847343,-1.500000,0.347343
776,0.483172,0.002541,0.518727,0.050406,0.375000,0.324594
777,0.482672,0.097237,0.518459,0.311828,0.125000,-0.186828
778,0.482053,0.002964,0.517860,0.054447,-0.250000,-0.304447
779,0.481434,0.002428,0.517255,0.049277,0.125000,0.075723
780,0.480832,0.014383,0.516743,0.119931,-0.250000,-0.130069
781,0.480222,0.007102,0.516186,0.084272,0.125000,0.040728
782,0.479961,0.277183,0.516200,0.526482,-0.125000,0.401482
783,0.479456,0.086169,0.515914,0.293545,-0.250000,0.043545
784,0.480578,1.354453,0.516744,1.163810,-0.875000,0.288810
785,0.480181,0.170628,0.516612,0.413071,-0.250000,0.163071
786,0.480667,0.860645,0.517137,0.927709,0.875000,-0.052709
787,0.480626,0.448117,0.517332,0.669416,-0.625000,0.044416
788,0.480477,0.363776,0.517441,0.603138,0.875000,0.271862
789,0.480079,0.168616,0.517305,0.410629,-0.250000,0.160629
790,0.479577,0.084898,0.517018,0.291372,0.375000,0.083628
791,0.479028,0.048008,0.516639,0.219108,0.125000,0.344108
792,0.478435,0.011835,0.516122,0.108790,0.250000,0.141210
793,0.478013,0.145427,0.515951,0.381349,0.375000,-0.006349
794,0.477448,0.031317,0.515522,0.176966,0.000000,0.176966
795,0.476912,0.053545,0.515163,0.231398,0.250000,0.018602
796,0.476463,0.121507,0.514952,0.348579,0.375000,0.026421
797,0.476428,0.448413,0.515147,0.669636,-0.750000,-0.080364
798,0.476162,0.265144,0.515147,0.514922,-0.250000,0.264922
799,0.475644,0.064334,0.514818,0.253642,0.125000,-0.128642
800,0.475105,0.046605,0.514443,0.215881,-0.125000,-0.340881
801,0.474512,0.002517,0.513860,0.050165,0.000000,-0.050165
802,0.474685,0.613034,0.514197,0.782965,-0.875000,-0.092035
803,0.474114,0.018342,0.513723,0.135433,0.000000,0.135433
804,0.473648,0.101461,0.513479,0.318530,-0.125000,0.193530
805,0.473125,0.054415,0.513129,0.233271,0.125000,-0.108271
806,0.473028,0.395716,0.513274,0.629059,0.500000,-0.129059
807,0.472999,0.449460,0.513470,0.670418,0.500000,-0.170418
808,0.472412,0.000664,0.512863,0.025768,-0.125000,-0.099232
809,0.472061,0.189837,0.512767,0.435702,-0.125000,0.310702
810,0.472087,0.492970,0.513002,0.702118,-0.625000,0.077118
811,0.472218,0.578519,0.513309,0.760604,0.875000,0.114396
812,0.471779,0.116795,0.513097,0.341753,-0.375000,-0.033247
813,0.471274,0.063549,0.512774,0.252090,0.250000,-0.002090
814,0.472196,1.218455,0.513504,1.103836,-1.000000,0.103836
815,0.471682,0.054913,0.513159,0.234335,0.000000,0.234335
816,0.471816,0.580756,0.513466,0.762074,-0.625000,0.137074
817,0.471427,0.155804,0.513320,0.394720,0.625000,0.230280
818,0.471722,0.710825,0.513725,0.843104,0.625000,-0.218104
819,0.471193,0.040982,0.513343,0.202439,0.125000,-0.077439
820,0.470681,0.053671,0.512998,0.231670,0.125000,-0.106670
821,0.470116,0.008438,0.512483,0.091856,0.000000,0.091856
822,0.469548,0.006061,0.511951,0.077850,-0.125000,-0.202850
823,0.468985,0.007886,0.511435,0.088803,0.125000,0.036197
824,0.468840,0.350387,0.511533,0.591935,-0.500000,0.091935
825,0.468430,0.131840,0.511352,0.363097,0.375000,0.011903
826,0.467925,0.053352,0.511011,0.230981,0.250000,0.019019
827,0.467380,0.019679,0.510560,0.140280,0.000000,-0.140280
828,0.467169,0.293191,0.510598,0.541471,-0.500000,0.041471
829,0.466638,0.029385,0.510187,0.171421,0.250000,0.078579
830,0.466073,0.000428,0.509594,0.020680,-0.125000,-0.104320
831,0.465651,0.116747,0.509391,0.341682,-0.250000,0.091682
832,0.465331,0.201022,0.509317,0.448355,0.375000,-0.073355
833,0.464969,0.164801,0.509193,0.405957,-0.500000,-0.094043
834,0.464859,0.373814,0.509316,0.611403,-0.375000,0.236403
835,0.464492,0.160005,0.509184,0.400006,-0.125000,0.275006
836,0.463966,0.026903,0.508769,0.164023,-0.250000,-0.085977
837,0.463911,0.417644,0.508934,0.646254,-0.500000,0.146254
838,0.464633,1.066090,0.509562,1.032516,1.250000,0.217484
839,0.465007,0.776764,0.510008,0.881342,-0.875000,0.006342
840,0.464451,0.000822,0.509432,0.028665,0.500000,0.471335
841,0.464475,0.484673,0.509655,0.696185,-0.500000,0.196185
842,0.463929,0.006814,0.509145,0.082546,0.125000,0.042454
843,0.463455,0.066371,0.508845,0.257625,0.375000,0.117375
844,0.463741,0.703595,0.509238,0.838806,0.875000,0.036194
845,0.463242,0.043588,0.508881,0.208776,-0.250000,-0.458776
846,0.462764,0.060994,0.508570,0.246969,0.000000,0.246969
847,0.462219,0.002936,0.508031,0.054180,-0.250000,-0.195820
848,0.462775,0.931458,0.508572,0.965121,-1.000000,-0.034879
849,0.462802,0.485822,0.508795,0.697009,0.750000,0.052991
850,0.462423,0.142658,0.508640,0.377702,0.125000,-0.252702
851,0.462230,0.298603,0.508685,0.546446,0.250000,-0.296446
852,0.461918,0.198018,0.508610,0.444992,0.500000,0.055008
853,0.461683,0.261742,0.508614,0.511607,0.250000,-0.261607
854,0.461145,0.004784,0.508097,0.069163,-0.250000,-0.180837
855,0.460640,0.031669,0.507709,0.177958,0.000000,0.177958
856,0.460112,0.010606,0.507234,0.102983,-0.125000,-0.227983
857,0.459575,0.002049,0.506692,0.045265,-0.125000,-0.079735
858,0.459733,0.594051,0.507001,0.770747,-0.750000,0.020747
859,0.459488,0.250609,0.506994,0.500609,-0.375000,0.125609
860,0.458960,0.007308,0.506501,0.085487,0.000000,-0.085487
861,0.458454,0.025281,0.506096,0.159000,0.000000,-0.159000
862,0.457989,0.059563,0.505790,0.244054,0.125000,-0.119054
863,0.457674,0.187595,0.505706,0.433122,0.375000,-0.058122
864,0.457371,0.197143,0.505634,0.444008,-0.500000,-0.055992
865,0.456843,0.002576,0.505106,0.050759,0.500000,0.550759
866,0.456364,0.043888,0.504763,0.209495,0.250000,0.040505
867,0.455856,0.018095,0.504334,0.134518,0.000000,-0.134518
868,0.455329,0.000546,0.503777,0.023376,0.000000,0.023376
869,0.454837,0.029430,0.503393,0.171550,-0.250000,-0.078450
870,0.454467,0.134371,0.503235,0.366567,0.250000,-0.116567
871,0.453943,0.000309,0.502675,0.017584,0.000000,0.017584
872,0.454159,0.641988,0.503019,0.801242,0.625000,-0.176242
873,0.453681,0.038467,0.502666,0.196130,0.125000,-0.071130
874,0.453221,0.053449,0.502354,0.231190,-0.250000,-0.018810
875,0.452711,0.009254,0.501887,0.096198,0.125000,0.028802
876,0.452242,0.043615,0.501551,0.208843,-0.250000,-0.041157
877,0.451853,0.112113,0.501360,0.334832,0.250000,-0.084832
878,0.451401,0.057282,0.501061,0.239337,-0.250000,-0.010663
879,0.451266,0.333046,0.501147,0.577101,-0.625000,-0.047899
880,0.450757,0.005187,0.500658,0.072018,0.000000,0.072018
881,0.450259,0.014110,0.500222,0.118785,-0.125000,-0.006215
882,0.449801,0.048101,0.499902,0.219319,0.125000,-0.094319
883,0.449312,0.020424,0.499496,0.142914,-0.125000,0.017914
884,0.449271,0.412878,0.499659,0.642556,0.500000,-0.142556
885,0.448766,0.004147,0.499165,0.064400,-0.125000,-0.060600
886,0.448257,0.000584,0.498626,0.024171,0.125000,0.149171
887,0.447751,0.000661,0.498090,0.025707,0.125000,0.099293
888,0.447441,0.174550,0.498000,0.417792,-0.375000,0.042792
889,0.446972,0.032177,0.497640,0.179380,-0.125000,0.054380
890,0.446549,0.072075,0.497381,0.268469,-0.250000,0.018469
891,0.446120,0.065586,0.497109,0.256097,0.125000,-0.131097
892,0.445990,0.330730,0.497197,0.575091,-0.625000,-0.049909
893,0.445489,0.000590,0.496665,0.024282,0.125000,0.100718
894,0.445163,0.156046,0.496551,0.395027,0.375000,-0.020027
895,0.445030,0.325983,0.496634,0.570949,0.500000,-0.070949
896,0.444531,0.000142,0.496091,0.011901,-0.125000,-0.113099
897,0.444059,0.023383,0.495706,0.152916,0.125000,-0.027916
898,0.444014,0.403579,0.495862,0.635279,0.375000,-0.260279
899,0.443541,0.020576,0.495469,0.143444,0.000000,-0.143444
900,0.443244,0.177733,0.495386,0.421584,-0.500000,-0.078416
901,0.443265,0.462273,0.495592,0.679907,-0.750000,-0.070093
902,0.442773,0.000974,0.495075,0.031216,0.000000,-0.031216
903,0.442753,0.424769,0.495249,0.651743,0.625000,-0.026743
904,0.442277,0.014744,0.494834,0.121426,0.000000,-0.121426
905,0.442050,0.237052,0.494825,0.486880,-0.500000,-0.013120
906,0.441617,0.051926,0.494529,0.227872,-0.125000,0.102872
907,0.441158,0.027137,0.494164,0.164734,-0.125000,0.039734
908,0.441007,0.304884,0.494228,0.552163,-0.500000,0.052163
909,0.440557,0.033604,0.493884,0.183313,-0.125000,0.058313
910,0.440467,0.358507,0.494000,0.598755,0.500000,-0.098755
911,0.440562,0.526760,0.494256,0.725782,0.625000,-0.100782
912,0.440077,0.000102,0.493722,0.010094,0.125000,0.135094
913,0.439714,0.110513,0.493545,0.332434,-0.250000,0.082434
914,0.439250,0.017399,0.493148,0.131904,-0.125000,0.006904
915,0.438784,0.014391,0.492738,0.119963,-0.125000,-0.005037
916,0.438405,0.093096,0.492532,0.305116,0.250000,-0.055116
917,0.437926,0.001263,0.492032,0.035541,-0.125000,-0.089459
918,0.437456,0.008520,0.491594,0.092301,0.000000,-0.092301
919,0.436978,0.000375,0.491078,0.019364,0.000000,-0.019364
920,0.436501,0.000002,0.490544,0.001375,0.000000,0.001375
921,0.436058,0.029938,0.490197,0.173027,0.250000,0.076973
922,0.435638,0.050973,0.489909,0.225772,0.250000,0.024228
923,0.435269,0.096312,0.489714,0.310342,-0.500000,-0.189658
924,0.434797,0.001272,0.489220,0.035667,0.375000,0.339333
925,0.434559,0.214869,0.489193,0.463539,0.375000,-0.088539
926,0.434167,0.073805,0.488957,0.271670,-0.500000,-0.228330
927,0.433730,0.030633,0.488616,0.175024,0.250000,0.074976
928,0.433261,0.000231,0.488104,0.015191,-0.125000,-0.140191
929,0.432849,0.052551,0.487824,0.229239,0.125000,-0.104239
930,0.433396,0.939391,0.488344,0.969222,-0.875000,0.094222
931,0.433367,0.406410,0.488505,0.637503,0.625000,-0.012503
932,0.432901,0.000190,0.487994,0.013798,-0.125000,-0.138798
933,0.432458,0.021531,0.487626,0.146735,0.250000,0.103265
934,0.431997,0.003801,0.487168,0.061651,-0.125000,-0.063349
935,0.431549,0.014703,0.486775,0.121255,-0.125000,-0.003745
936,0.431118,0.030253,0.486439,0.173934,0.125000,-0.048934
937,0.430705,0.046151,0.486148,0.214829,-0.125000,0.089829
938,0.430281,0.034269,0.485826,0.185119,-0.250000,-0.064881
939,0.431050,1.149447,0.486453,1.072123,-1.000000,0.072123
940,0.430600,0.009560,0.486038,0.097776,0.250000,0.152224