# TEST CONFIGURATION BEGIN
# File Stream: filename: air_company_stock8.csv  -  n_targets: 1
# [air_company_stock8_ADE_HOMO_HATREE_SIZE_4_OFFLINE_BATCH_100] Pipeline: Array BaseStreamModel: base_models: [<skmultiflow.trees.regression_hoeffding_adaptive_tree.RegressionHAT object at 0x7f2293737780>, <skmultiflow.trees.regression_hoeffding_adaptive_tree.RegressionHAT object at 0x7f2293737f98>, <skmultiflow.trees.regression_hoeffding_adaptive_tree.RegressionHAT object at 0x7f2293737748>, <skmultiflow.trees.regression_hoeffding_adaptive_tree.RegressionHAT object at 0x7f2293737eb8>]
 Array MetaStreamModel: base_models: [<skmultiflow.trees.regression_hoeffding_tree.RegressionHoeffdingTree object at 0x7f2293737f60>, <skmultiflow.trees.regression_hoeffding_tree.RegressionHoeffdingTree object at 0x7f22937377b8>, <skmultiflow.trees.regression_hoeffding_tree.RegressionHoeffdingTree object at 0x7f22937370b8>, <skmultiflow.trees.regression_hoeffding_tree.RegressionHoeffdingTree object at 0x7f2293737e80>]
# Prequential Evaluator: n_wait: 1 - max_samples: 600000 - max_time: 10000000 - output_file: air_company_stock8_ADE_HOMO_HATREE_SIZE_4_OFFLINE_BATCH_100_SIZE_4 - batch_size: 1 - pretrain_size: 5 - task_type: regression - show_plot: False - metrics: ['mean_square_error', 'mean_absolute_error', 'true_vs_predicted']
# TEST CONFIGURATION END
id,global_mse_[air_company_stock8_ADE_HOMO_HATREE_SIZE_4_OFFLINE_BATCH_100],sliding_mse_[air_company_stock8_ADE_HOMO_HATREE_SIZE_4_OFFLINE_BATCH_100],global_mae_[air_company_stock8_ADE_HOMO_HATREE_SIZE_4_OFFLINE_BATCH_100],sliding_mae_[air_company_stock8_ADE_HOMO_HATREE_SIZE_4_OFFLINE_BATCH_100],true_value_[air_company_stock8_ADE_HOMO_HATREE_SIZE_4_OFFLINE_BATCH_100],predicted_value_[air_company_stock8_ADE_HOMO_HATREE_SIZE_4_OFFLINE_BATCH_100]
5,0.142811,0.142811,0.377903,0.377903,-0.125000,-0.502903
6,0.656972,1.171133,0.730046,1.082189,0.375000,-0.707189
7,0.765852,0.983611,0.817288,0.991771,0.250000,-0.741771
8,0.574502,0.000451,0.618278,0.021248,-0.125000,-0.146248
9,0.665105,1.027520,0.697356,1.013667,0.750000,-0.263667
10,0.996968,2.656279,0.852765,1.629809,0.250000,-1.379809
11,1.441998,4.112183,1.020634,2.027852,0.125000,-1.902852
12,1.472263,1.684116,1.055272,1.297735,0.250000,-1.047735
13,1.415500,0.961394,1.046965,0.980507,-0.250000,-1.230507
14,1.362903,0.889530,1.036583,0.943149,0.250000,-0.693149
15,1.268899,0.328859,0.994481,0.573462,0.125000,-0.448462
16,1.163974,0.009798,0.919857,0.098986,-0.750000,-0.848986
17,1.076326,0.024554,0.861152,0.156698,0.375000,0.531698
18,1.023741,0.340140,0.841299,0.583215,0.000000,0.583215
19,0.959755,0.063950,0.802072,0.252884,-0.375000,-0.122116
20,0.900237,0.007467,0.757343,0.086410,0.500000,0.413590
21,0.848145,0.014675,0.719919,0.121140,0.125000,0.003860
22,0.803164,0.038482,0.690822,0.196169,0.000000,-0.196169
23,0.782555,0.411597,0.688229,0.641558,-0.500000,0.141558
24,0.784212,0.815692,0.698975,0.903156,0.625000,-0.278156
25,0.759402,0.263206,0.690121,0.513036,0.500000,-0.013036
26,0.739641,0.324652,0.684651,0.569783,-0.250000,-0.819783
27,0.707653,0.003912,0.657603,0.062546,-0.500000,-0.437454
28,0.680028,0.044660,0.639008,0.211328,0.000000,-0.211328
29,0.656564,0.093424,0.625674,0.305654,0.250000,-0.055654
30,0.641897,0.275221,0.621787,0.524615,0.250000,-0.274615
31,0.627908,0.264191,0.617795,0.513996,-0.250000,-0.763996
32,0.631353,0.724381,0.626128,0.851106,-0.250000,-1.101106
33,0.609887,0.008823,0.607776,0.093929,-0.125000,-0.218929
34,0.599837,0.308393,0.606028,0.555332,0.250000,-0.305332
35,0.618225,1.169866,0.621369,1.081604,0.625000,-0.456604
36,0.618870,0.638881,0.626929,0.799301,0.000000,-0.799301
37,0.618035,0.591318,0.631234,0.768972,-0.125000,-0.893972
38,0.611922,0.410192,0.631505,0.640463,0.125000,-0.515463
39,0.616201,0.761691,0.638398,0.872749,0.125000,-0.747749
40,0.649788,1.825305,0.658193,1.351039,0.375000,-0.976039
41,0.679708,1.756823,0.676227,1.325452,0.375000,-0.950452
42,0.698868,1.407785,0.689656,1.186501,0.250000,-0.936501
43,0.682047,0.042848,0.677280,0.206997,0.125000,-0.081997
44,0.665000,0.000173,0.660677,0.013152,-0.125000,-0.111848
45,0.649312,0.021805,0.648164,0.147665,0.125000,-0.022665
46,0.678637,1.880971,0.665386,1.371485,1.375000,0.003515
47,0.666059,0.137754,0.658543,0.371153,-0.625000,-0.996153
48,0.660800,0.434665,0.658560,0.659292,-0.750000,-1.409292
49,0.650999,0.219788,0.654344,0.468816,-0.500000,-0.031184
50,0.653515,0.766717,0.659154,0.875624,0.500000,-0.375624
51,0.639987,0.017713,0.647961,0.133092,-0.125000,0.008092
52,0.631587,0.236753,0.644599,0.486572,-0.125000,-0.611572
53,0.618883,0.009110,0.633392,0.095449,-0.125000,-0.029551
54,0.640166,1.683037,0.646671,1.297319,-0.500000,0.797319
55,0.627691,0.003938,0.635221,0.062752,0.625000,0.687752
56,0.617896,0.118334,0.629621,0.343997,-0.125000,0.218997
57,0.610657,0.234253,0.626873,0.483997,0.125000,-0.358997
58,0.599651,0.016333,0.617631,0.127802,0.375000,0.247198
59,0.588815,0.003681,0.607504,0.060671,-0.250000,-0.189329
60,0.581699,0.190324,0.604447,0.436262,-0.125000,-0.561262
61,0.576657,0.294273,0.603359,0.542469,0.125000,-0.417469
62,0.589245,1.306791,0.612666,1.143149,-1.875000,-0.731851
63,0.594211,0.882232,0.618202,0.939272,0.250000,1.189272
64,0.630075,2.746069,0.635517,1.657127,-0.250000,1.407127
65,0.619828,0.004971,0.626255,0.070506,0.000000,0.070506
66,0.620967,0.690481,0.629556,0.830952,0.375000,1.205952
67,0.614679,0.224792,0.627089,0.474123,-0.375000,0.099123
68,0.609969,0.313272,0.626036,0.559707,1.000000,0.440293
69,0.601422,0.054383,0.619993,0.233201,-0.125000,0.108201
70,0.620153,1.837639,0.631138,1.355595,-0.125000,-1.480595
71,0.615443,0.304620,0.629956,0.551924,0.000000,-0.551924
72,0.619798,0.911579,0.634732,0.954767,-0.125000,-1.079767
73,0.611125,0.021384,0.627653,0.146232,-0.500000,-0.646232
74,0.606071,0.257290,0.625932,0.507238,0.000000,-0.507238
75,0.601339,0.270101,0.624436,0.519713,0.125000,-0.394713
76,0.595483,0.179708,0.621651,0.423920,0.000000,0.423920
77,0.594909,0.553621,0.623328,0.744057,-0.250000,0.494057
78,0.587110,0.017779,0.616707,0.133339,0.500000,0.366661
79,0.579283,0.000038,0.608566,0.006171,0.125000,0.131171
80,0.571739,0.005956,0.601574,0.077173,-0.125000,-0.202173
81,0.564392,0.006066,0.594773,0.077886,-0.125000,-0.202886
82,0.557318,0.012631,0.588589,0.112386,-0.375000,-0.262614
83,0.550402,0.010886,0.582459,0.104337,0.125000,0.020663
84,0.544531,0.080785,0.578731,0.284227,0.375000,0.090773
85,0.537931,0.009882,0.572813,0.099408,-0.125000,-0.025592
86,0.532677,0.107158,0.569820,0.327350,-0.250000,0.077350
87,0.526260,0.000057,0.563046,0.007562,0.250000,0.242438
88,0.520342,0.029113,0.558374,0.170625,0.000000,0.170625
89,0.517804,0.304631,0.558298,0.551934,-0.500000,0.051934
90,0.512547,0.065688,0.554787,0.256297,0.500000,0.243703
91,0.512124,0.475752,0.556338,0.689748,0.250000,-0.439748
92,0.512338,0.530980,0.558296,0.728684,0.000000,-0.728684
93,0.507491,0.080888,0.555219,0.284408,-0.125000,-0.409408
94,0.516605,1.327800,0.561853,1.152302,0.625000,-0.527302
95,0.515178,0.386763,0.562513,0.621903,0.125000,-0.496903
96,0.515770,0.569582,0.564602,0.754706,0.000000,-0.754706
97,0.518752,0.793095,0.568107,0.890559,0.125000,-0.765559
98,0.524505,1.059526,0.573014,1.029333,0.250000,-0.779333
99,0.519120,0.012933,0.568179,0.113722,-0.500000,-0.613722
100,0.516477,0.265425,0.567627,0.515194,0.250000,-0.265194
101,0.511489,0.032603,0.563637,0.180564,0.250000,0.069436
102,0.507988,0.168445,0.562073,0.410420,0.250000,-0.160420
103,0.503304,0.044308,0.558522,0.210494,0.250000,0.039506
104,0.506148,0.787678,0.561812,0.887512,0.625000,-0.262512
105,0.504066,0.295873,0.561635,0.543942,0.250000,-0.293942
106,0.506440,0.746176,0.564598,0.863815,-1.000000,-0.136185
107,0.507850,0.651729,0.566954,0.807297,0.875000,0.067703
108,0.510566,0.790258,0.570050,0.888965,-0.625000,0.263965
109,0.525811,2.111321,0.578460,1.453039,0.875000,-0.578039
110,0.521192,0.036161,0.574796,0.190161,0.250000,0.059839
111,0.518369,0.219167,0.573800,0.468153,-0.125000,-0.593153
112,0.513864,0.031800,0.570138,0.178325,-0.125000,0.053325
113,0.511482,0.254208,0.569533,0.504190,-0.500000,0.004190
114,0.507707,0.096273,0.567176,0.310278,0.000000,0.310278
115,0.506705,0.396506,0.567739,0.629687,-0.375000,0.254687
116,0.505358,0.355785,0.567996,0.596477,0.750000,0.153523
117,0.502317,0.161718,0.566528,0.402142,0.125000,0.527142
118,0.500275,0.269547,0.566113,0.519179,0.500000,-0.019179
119,0.500601,0.537817,0.567567,0.733360,-0.500000,0.233360
120,0.497615,0.154226,0.566060,0.392716,-0.375000,0.017716
121,0.493454,0.010720,0.562107,0.103539,0.000000,-0.103539
122,0.491190,0.226300,0.561374,0.475710,0.125000,-0.350710
123,0.487065,0.000367,0.556818,0.019152,-0.375000,-0.394152
124,0.484006,0.119958,0.555064,0.346349,0.500000,0.153651
125,0.480091,0.010225,0.551312,0.101119,0.000000,-0.101119
126,0.477409,0.152992,0.550000,0.391141,0.375000,-0.016141
127,0.474417,0.109340,0.548216,0.330666,-0.250000,0.080666
128,0.470693,0.012686,0.544704,0.112634,-0.125000,-0.237634
129,0.467488,0.070010,0.542463,0.264593,0.375000,0.110407
130,0.464386,0.076656,0.540355,0.276868,-0.500000,-0.223132
131,0.463500,0.351880,0.540771,0.593194,-0.750000,-0.156806
132,0.461084,0.154247,0.539614,0.392743,0.250000,0.642743
133,0.461035,0.454699,0.540659,0.674314,-0.125000,0.549314
134,0.462669,0.673475,0.542812,0.820655,-0.500000,0.320655
135,0.459762,0.081853,0.540853,0.286099,1.000000,0.713901
136,0.468988,1.677571,0.546568,1.295211,1.000000,-0.295211
137,0.466041,0.077140,0.544546,0.277740,-0.250000,-0.527740
138,0.462883,0.042847,0.542027,0.206996,-0.125000,-0.331996
139,0.459473,0.002534,0.538385,0.050339,-0.625000,-0.675339
140,0.456194,0.013453,0.535279,0.115989,0.000000,0.115989
141,0.452872,0.001187,0.531624,0.034455,0.000000,-0.034455
142,0.449665,0.010244,0.528505,0.101212,-0.125000,-0.226212
143,0.448597,0.301213,0.528651,0.548828,-0.625000,-0.076172
144,0.457120,1.641854,0.534027,1.281349,-0.375000,0.906349
145,0.463803,1.399414,0.538630,1.182968,0.000000,1.182968
146,0.463572,0.430965,0.539460,0.656479,0.125000,0.781479
147,0.467150,0.975274,0.542593,0.987559,-0.250000,0.737559
148,0.465341,0.206667,0.541982,0.454607,0.125000,0.579607
149,0.464974,0.412081,0.542672,0.641935,0.125000,0.766935
150,0.463435,0.240255,0.542312,0.490158,0.125000,0.615158
151,0.464159,0.569852,0.543758,0.754886,-0.500000,0.254886
152,0.461023,0.000024,0.540117,0.004929,0.125000,0.129929
153,0.458079,0.022423,0.537497,0.149742,0.125000,0.274742
154,0.456078,0.157959,0.536564,0.397441,0.125000,-0.272441
155,0.453306,0.037427,0.534291,0.193462,0.000000,-0.193462
156,0.450582,0.039339,0.532081,0.198342,0.000000,-0.198342
157,0.448022,0.058855,0.530189,0.242601,0.250000,0.007399
158,0.445154,0.006347,0.527264,0.079667,0.000000,0.079667
159,0.445813,0.547315,0.528635,0.739807,0.250000,-0.489807
160,0.443022,0.010358,0.525899,0.101773,-0.500000,-0.398227
161,0.445769,0.874358,0.528505,0.935071,1.000000,0.064929
162,0.445793,0.449527,0.529403,0.670468,0.125000,-0.545468
163,0.447574,0.728935,0.531443,0.853777,-0.125000,-0.978777
164,0.446719,0.310823,0.531606,0.557515,0.125000,-0.432515
165,0.444585,0.103111,0.530299,0.321109,-0.250000,-0.571109
166,0.442214,0.060445,0.528543,0.245856,-0.125000,-0.370856
167,0.439501,0.000022,0.525329,0.004646,-0.250000,-0.254646
168,0.438063,0.203712,0.524878,0.451345,-0.125000,-0.576345
169,0.437223,0.299513,0.525014,0.547277,-0.250000,0.297277
170,0.441687,1.178179,0.528390,1.085440,1.125000,0.039560
171,0.439434,0.065410,0.526757,0.255753,-0.125000,-0.380753
172,0.443272,1.084268,0.529820,1.041282,0.375000,-0.666282
173,0.441059,0.069326,0.528243,0.263299,0.000000,-0.263299
174,0.440235,0.300898,0.528362,0.548542,0.000000,-0.548542
175,0.438955,0.221398,0.528024,0.470530,0.250000,-0.220530
176,0.438031,0.279937,0.528030,0.529091,0.000000,-0.529091
177,0.437446,0.336848,0.528333,0.580386,0.125000,-0.455386
178,0.434966,0.006010,0.525742,0.077523,0.125000,0.047477
179,0.432526,0.008023,0.523250,0.089570,-0.125000,-0.035430
180,0.430665,0.104865,0.522116,0.323829,0.500000,0.176171
181,0.428239,0.001338,0.519373,0.036572,0.125000,0.088428
182,0.425847,0.002386,0.516730,0.048848,-0.500000,-0.451152
183,0.423468,0.000105,0.513900,0.010271,0.125000,0.135271
184,0.421161,0.008178,0.511548,0.090434,-0.125000,-0.034566
185,0.422842,0.725369,0.513427,0.851686,0.750000,-0.101686
186,0.422728,0.402109,0.514090,0.634120,0.375000,-0.259120
187,0.420746,0.059973,0.512619,0.244895,-0.500000,-0.744895
188,0.420162,0.313370,0.512876,0.559794,-0.625000,-0.065206
189,0.418154,0.048727,0.511297,0.220742,0.000000,0.220742
190,0.418376,0.459356,0.512191,0.677758,-0.375000,0.302758
191,0.416326,0.035089,0.510454,0.187321,0.250000,0.062679
192,0.414339,0.042751,0.508839,0.206763,0.250000,0.043237
193,0.417081,0.932548,0.511256,0.965685,-1.000000,-0.034315
194,0.416996,0.401032,0.511898,0.633271,1.250000,0.616729
195,0.415180,0.070023,0.510604,0.264619,0.250000,-0.014619
196,0.413233,0.041379,0.509004,0.203419,-0.750000,-0.546581
197,0.411688,0.115020,0.508124,0.339146,-0.125000,0.214146
198,0.409635,0.013532,0.506104,0.116326,-0.250000,-0.133674
199,0.416442,1.736815,0.510267,1.317883,-1.000000,0.317883
200,0.414481,0.032272,0.508580,0.179645,0.625000,0.445355
201,0.417024,0.915362,0.510855,0.956746,0.750000,-0.206746
202,0.415397,0.094880,0.509831,0.308027,0.250000,-0.058027
203,0.415640,0.463723,0.510691,0.680972,-0.375000,0.305972
204,0.413562,0.000075,0.508180,0.008659,0.000000,-0.008659
205,0.412859,0.272159,0.508248,0.521689,-0.375000,0.146689
206,0.412870,0.415205,0.508922,0.644364,-0.625000,0.019364
207,0.411491,0.132861,0.508210,0.364502,0.250000,0.614502
208,0.419745,2.095351,0.512815,1.447533,-1.000000,0.447533
209,0.418706,0.206694,0.512531,0.454636,0.250000,0.704636
210,0.445542,5.947011,0.521881,2.438650,-1.250000,1.188650
211,0.443511,0.025076,0.520125,0.158355,0.750000,0.591645
212,0.447569,1.287618,0.523080,1.134733,-0.125000,1.009733
213,0.446318,0.186171,0.522641,0.431475,-0.625000,-0.193525
214,0.444435,0.050889,0.521227,0.225587,0.375000,0.149413
215,0.443602,0.268622,0.521213,0.518288,0.375000,-0.143288
216,0.443116,0.340421,0.521506,0.583456,0.250000,-0.333456
217,0.441040,0.001037,0.519209,0.032202,-0.125000,-0.092798
218,0.441321,0.501138,0.520091,0.707911,0.125000,-0.582911
219,0.439922,0.140460,0.519415,0.374779,-0.500000,-0.125221
220,0.438145,0.056231,0.518108,0.237130,0.250000,0.012870
221,0.436362,0.051202,0.516763,0.226279,0.250000,0.023721
222,0.439611,1.144538,0.519300,1.069831,0.625000,-0.444831
223,0.437670,0.014586,0.517481,0.120774,-0.125000,-0.245774
224,0.435692,0.002649,0.515362,0.051470,-0.125000,-0.176470
225,0.435348,0.359524,0.515744,0.599603,0.500000,-0.099603
226,0.434784,0.310236,0.515929,0.556988,0.250000,-0.306988
227,0.435106,0.506653,0.516808,0.711795,0.125000,-0.586795
228,0.433188,0.005437,0.514830,0.073736,-0.375000,-0.301264
229,0.431272,0.002125,0.512746,0.046093,-0.250000,-0.296093
230,0.429497,0.029938,0.511243,0.173027,0.125000,0.298027
231,0.428905,0.295199,0.511385,0.543322,0.500000,-0.043322
232,0.427352,0.074845,0.510342,0.273578,-0.125000,0.148578
233,0.425505,0.004440,0.508404,0.066635,-0.125000,-0.058365
234,0.423719,0.014530,0.506718,0.120540,0.000000,0.120540
235,0.423056,0.270581,0.506776,0.520174,0.625000,0.104826
236,0.421326,0.021754,0.505227,0.147492,0.000000,-0.147492
237,0.419568,0.011799,0.503525,0.108622,-0.500000,-0.391378
238,0.418108,0.077776,0.502565,0.278883,-0.375000,-0.096117
239,0.416429,0.023646,0.501081,0.153773,0.500000,0.346227
240,0.414957,0.068983,0.500071,0.262646,-0.125000,0.137646
241,0.415706,0.592443,0.501208,0.769703,0.625000,-0.144703
242,0.414417,0.109005,0.500490,0.330158,0.375000,0.044842
243,0.412771,0.021112,0.499003,0.145298,-0.250000,-0.104702
244,0.411473,0.101122,0.498249,0.317997,0.125000,-0.192997
245,0.410179,0.099665,0.497492,0.315698,0.125000,-0.190698
246,0.408503,0.004599,0.495716,0.067815,-0.375000,-0.307185
247,0.406858,0.008731,0.494061,0.093440,0.000000,-0.093440
248,0.406662,0.358944,0.494491,0.599120,-0.750000,-0.150880
249,0.405002,0.000122,0.492518,0.011063,0.250000,0.238937
250,0.403796,0.108272,0.491854,0.329047,0.250000,0.579047
251,0.402977,0.201438,0.491679,0.448819,0.375000,-0.073819
252,0.401354,0.000553,0.489792,0.023515,0.125000,0.148515
253,0.400096,0.088028,0.489016,0.296695,-0.250000,0.046695
254,0.398716,0.055165,0.488000,0.234871,0.375000,0.140129
255,0.397414,0.072002,0.487124,0.268332,-0.125000,0.143332
256,0.395877,0.009958,0.485587,0.099790,-0.125000,-0.224790
257,0.394439,0.032012,0.484375,0.178920,-0.125000,0.053920
258,0.393135,0.063264,0.483458,0.251523,-0.375000,-0.123477
259,0.392141,0.139715,0.483028,0.373785,0.500000,0.126215
260,0.391022,0.105678,0.482411,0.325082,-0.250000,0.075082
261,0.389752,0.064737,0.481524,0.254434,0.125000,-0.129434
262,0.388429,0.048280,0.480510,0.219726,0.000000,0.219726
263,0.386937,0.002133,0.478833,0.046179,0.000000,-0.046179
264,0.385701,0.065354,0.477974,0.255644,0.375000,0.119356
265,0.384345,0.032020,0.476829,0.178942,0.125000,-0.053942
266,0.382890,0.002953,0.475216,0.054346,0.000000,-0.054346
267,0.381805,0.097581,0.474597,0.312380,-0.125000,0.187380
268,0.381442,0.285968,0.474825,0.534759,0.500000,-0.034759
269,0.380498,0.131352,0.474401,0.362425,0.375000,0.012575
270,0.379547,0.127469,0.473959,0.357028,-0.625000,-0.267972
271,0.379506,0.368635,0.474458,0.607153,-0.500000,0.107153
272,0.378369,0.074689,0.473708,0.273292,0.250000,0.523292
273,0.377536,0.154362,0.473407,0.392890,0.000000,0.392890
274,0.376228,0.024444,0.472233,0.156347,-0.250000,-0.093653
275,0.375096,0.069340,0.471462,0.263325,0.250000,-0.013325
276,0.373725,0.002233,0.469902,0.047252,0.000000,-0.047252
277,0.372370,0.003921,0.468410,0.062616,0.250000,0.187384
278,0.371018,0.001755,0.466854,0.041889,0.125000,0.166889
279,0.370860,0.327700,0.467238,0.572451,-0.750000,-0.177549
280,0.370662,0.316249,0.467582,0.562361,-0.250000,0.312361
281,0.371189,0.516478,0.468489,0.718664,-0.375000,0.343664
282,0.369913,0.016408,0.467264,0.128094,0.125000,0.253094
283,0.368613,0.007379,0.465898,0.085900,0.375000,0.289100
284,0.367452,0.043430,0.464978,0.208398,-0.250000,-0.041602
285,0.367447,0.366006,0.465476,0.604984,0.750000,0.145016
286,0.366494,0.098669,0.464939,0.314117,0.125000,-0.189117
287,0.370620,1.534287,0.467673,1.238663,0.750000,-0.488663
288,0.369606,0.082744,0.467040,0.287652,-0.625000,-0.337348
289,0.368424,0.032669,0.466035,0.180746,-0.250000,-0.430746
290,0.367139,0.000879,0.464509,0.029644,-0.125000,-0.095356
291,0.365869,0.002701,0.463072,0.051973,-0.250000,-0.301973
292,0.366481,0.542114,0.464020,0.736284,0.500000,-0.236284
293,0.365283,0.020290,0.462908,0.142443,-0.250000,-0.107557
294,0.364032,0.002342,0.461478,0.048396,0.125000,0.076604
295,0.362817,0.010430,0.460243,0.102128,0.500000,0.397872
296,0.361643,0.020170,0.459154,0.142021,-0.250000,-0.107979
297,0.362149,0.509808,0.460023,0.714008,-0.750000,-0.035992
298,0.361093,0.051881,0.459234,0.227775,0.000000,0.227775
299,0.360380,0.150653,0.458993,0.388140,0.000000,0.388140
300,0.360361,0.354571,0.459454,0.595459,-0.375000,0.220459
301,0.359721,0.170309,0.459296,0.412685,-0.125000,0.287685
302,0.359206,0.206381,0.459279,0.454292,0.000000,0.454292
303,0.360166,0.646364,0.460432,0.803968,-0.125000,0.678968
304,0.359952,0.295848,0.460710,0.543919,1.125000,0.581081
305,0.362483,1.121725,0.462698,1.059115,0.250000,-0.809115
306,0.362688,0.424336,0.463323,0.651411,-0.250000,-0.901411
307,0.362325,0.252649,0.463453,0.502642,0.000000,-0.502642
308,0.362201,0.324673,0.463803,0.569800,-0.250000,-0.819800
309,0.361244,0.070413,0.463152,0.265354,-0.375000,-0.640354
310,0.362476,0.738385,0.464447,0.859293,0.500000,-0.359293
311,0.361399,0.031850,0.463515,0.178465,-0.250000,-0.428465
312,0.360226,0.000000,0.462011,0.000063,-0.125000,-0.124937
313,0.359214,0.047463,0.461220,0.217861,0.375000,0.157139
314,0.358230,0.054206,0.460484,0.232823,-0.375000,-0.142177
315,0.358068,0.307692,0.460787,0.554700,0.500000,-0.054700
316,0.356920,0.000093,0.459341,0.009637,-0.125000,-0.115363
317,0.356518,0.231097,0.459409,0.480725,0.125000,-0.355725
318,0.355417,0.010756,0.458276,0.103712,0.000000,0.103712
319,0.354715,0.134359,0.457985,0.366550,0.125000,-0.241550
320,0.354582,0.312635,0.458305,0.559138,0.375000,-0.184138
321,0.353666,0.064329,0.457659,0.253632,-0.375000,-0.121368
322,0.352582,0.008841,0.456516,0.094025,-0.125000,-0.030975
323,0.351774,0.094924,0.456051,0.308097,-0.125000,0.183097
324,0.350752,0.024609,0.455116,0.156872,-0.125000,0.031872
325,0.349857,0.063519,0.454483,0.252030,0.375000,0.122970
326,0.348772,0.000313,0.453127,0.017693,0.000000,0.017693
327,0.347837,0.046972,0.452395,0.216731,-0.125000,0.091731
328,0.346792,0.009249,0.451295,0.096170,0.250000,0.346170
329,0.346030,0.099124,0.450875,0.314839,-0.250000,0.064839
330,0.344991,0.007360,0.449755,0.085789,0.000000,0.085789
331,0.344095,0.051907,0.449077,0.227831,-0.125000,0.102831
332,0.343066,0.006698,0.447957,0.081840,0.000000,0.081840
333,0.342242,0.071905,0.447411,0.268151,0.000000,0.268151
334,0.341238,0.010712,0.446368,0.103499,0.000000,0.103499
335,0.340333,0.041706,0.445637,0.204220,0.250000,0.045780
336,0.339335,0.009029,0.444581,0.095021,0.125000,0.029979
337,0.338320,0.001435,0.443360,0.037879,0.000000,0.037879
338,0.337636,0.109982,0.443025,0.331635,-0.250000,0.081635
339,0.336910,0.094199,0.442619,0.306919,0.000000,0.306919
340,0.335931,0.008049,0.441568,0.089714,0.125000,0.214714
341,0.335264,0.111216,0.441248,0.333491,0.250000,-0.083491
342,0.334629,0.120489,0.440969,0.347115,-0.250000,0.097115
343,0.333651,0.003345,0.439839,0.057840,0.125000,0.067160
344,0.332670,0.000054,0.438567,0.007334,0.125000,0.132334
345,0.331723,0.009758,0.437571,0.098780,0.000000,-0.098780
346,0.330787,0.011564,0.436606,0.107538,-0.125000,-0.017462
347,0.329903,0.027642,0.435817,0.166259,0.125000,-0.041259
348,0.329004,0.020452,0.434966,0.143012,0.000000,0.143012
349,0.328568,0.178786,0.434931,0.422831,-0.375000,0.047831
350,0.327960,0.118002,0.434667,0.343514,-0.125000,0.218514
351,0.327098,0.028979,0.433905,0.170231,0.125000,0.295231
352,0.326256,0.034046,0.433188,0.184516,0.000000,0.184516
353,0.325322,0.000064,0.431970,0.007979,0.125000,0.132979
354,0.324472,0.028048,0.431214,0.167476,0.000000,0.167476
355,0.323560,0.004237,0.430171,0.065090,0.125000,0.190090
356,0.323015,0.131837,0.429980,0.363094,0.000000,0.363094
357,0.322142,0.014829,0.429107,0.121775,0.125000,0.003225
358,0.322501,0.449283,0.429789,0.670286,-0.125000,-0.795286
359,0.321737,0.051036,0.429214,0.225912,-0.125000,0.100912
360,0.320833,0.000004,0.428014,0.001895,0.125000,0.123105
361,0.320090,0.055511,0.427475,0.235608,-0.125000,0.110608
362,0.319196,0.000339,0.426332,0.018425,0.125000,0.106575
363,0.318335,0.009936,0.425422,0.099679,0.250000,0.150321
364,0.317595,0.051920,0.424874,0.227860,0.250000,0.022140
365,0.317464,0.270346,0.425137,0.519948,-0.375000,0.144948
366,0.316602,0.005571,0.424169,0.074640,0.125000,0.199640
367,0.316019,0.104632,0.423891,0.323468,0.000000,0.323468
368,0.315360,0.076414,0.423486,0.276431,-0.375000,-0.098569
369,0.314539,0.015557,0.422668,0.124727,-0.125000,-0.000273
370,0.313721,0.015298,0.421851,0.123684,0.000000,-0.123684
371,0.312876,0.003427,0.420861,0.058541,0.125000,0.066459
372,0.312246,0.080987,0.420491,0.284583,-0.125000,0.159583
373,0.311400,0.000000,0.419353,0.000543,0.000000,-0.000543
374,0.310598,0.014944,0.418550,0.122245,0.250000,0.127755
375,0.310058,0.110111,0.418316,0.331829,-0.250000,0.081829
376,0.309294,0.025723,0.417622,0.160385,0.125000,-0.035385
377,0.308464,0.000029,0.416517,0.005378,0.000000,-0.005378
378,0.308113,0.177179,0.416529,0.420926,0.250000,-0.170926
379,0.307327,0.013216,0.415725,0.114961,-0.125000,-0.010039
380,0.306621,0.041800,0.415163,0.204451,-0.375000,-0.170549
381,0.306200,0.148003,0.415082,0.384711,0.500000,0.115289
382,0.305390,0.000176,0.414019,0.013269,0.000000,-0.013269
383,0.304925,0.128938,0.413874,0.359080,0.125000,-0.234080
384,0.304180,0.021787,0.413174,0.147604,0.125000,-0.022604
385,0.303651,0.102530,0.412929,0.320203,0.125000,-0.195203
386,0.302856,0.000016,0.411859,0.003970,0.000000,-0.003970
387,0.302201,0.051931,0.411379,0.227884,0.125000,-0.102884
388,0.301416,0.000817,0.410382,0.028585,-0.375000,-0.346415
389,0.300642,0.003428,0.409468,0.058547,0.375000,0.433547
390,0.300433,0.220082,0.409622,0.469129,-0.125000,0.344129
391,0.299748,0.035407,0.409050,0.188167,0.125000,-0.063167
392,0.299231,0.099250,0.408808,0.315040,-0.125000,0.190040
393,0.298631,0.065633,0.408416,0.256190,0.250000,-0.006190
394,0.298381,0.201073,0.408518,0.448412,0.625000,0.176588
395,0.297684,0.025922,0.407885,0.161004,-0.375000,-0.213996
396,0.297077,0.059607,0.407467,0.244145,-0.375000,-0.130855
397,0.296347,0.010176,0.406687,0.100874,-0.125000,-0.225874
398,0.295793,0.078232,0.406365,0.279699,0.000000,-0.279699
399,0.295061,0.006503,0.405540,0.080643,-0.250000,-0.169357
400,0.295586,0.503083,0.406307,0.709284,0.500000,-0.209284
401,0.294841,0.000035,0.405299,0.005889,-0.250000,-0.255889
402,0.294117,0.006329,0.404480,0.079552,0.000000,-0.079552
403,0.293448,0.027367,0.403881,0.165431,0.250000,0.084569
404,0.293219,0.201664,0.403994,0.449071,-0.750000,-0.300929
405,0.292528,0.016375,0.403306,0.127965,0.250000,0.122035
406,0.291801,0.000058,0.402322,0.007647,0.125000,0.117353
407,0.291633,0.224306,0.402498,0.473610,0.375000,-0.098610
408,0.291041,0.052461,0.402069,0.229043,-0.125000,0.104043
409,0.291470,0.464848,0.402760,0.681797,0.500000,-0.181797
410,0.290791,0.015869,0.402078,0.125973,-0.125000,0.000973
411,0.290394,0.129105,0.401973,0.359312,0.250000,-0.109312
412,0.289874,0.078304,0.401674,0.279828,0.125000,-0.154828
413,0.289930,0.312680,0.402059,0.559178,0.250000,-0.309178
414,0.289519,0.121525,0.401928,0.348604,0.125000,-0.223604
415,0.288866,0.021002,0.401303,0.144921,-0.375000,-0.230079
416,0.288373,0.085672,0.401039,0.292699,0.375000,0.082301
417,0.287859,0.076272,0.400737,0.276174,0.500000,0.223826
418,0.287164,0.000156,0.399799,0.012502,-0.250000,-0.237498
419,0.286620,0.061291,0.399432,0.247571,0.250000,0.002429
420,0.285993,0.025569,0.398857,0.159904,-0.125000,0.034904
421,0.285311,0.001672,0.397998,0.040891,0.000000,0.040891
422,0.285180,0.230481,0.398195,0.480084,0.625000,0.144916
423,0.284645,0.061226,0.397835,0.247439,0.000000,-0.247439
424,0.284199,0.097414,0.397631,0.312112,-0.375000,-0.062888
425,0.283554,0.012593,0.396953,0.112221,0.000000,-0.112221
426,0.282928,0.019487,0.396343,0.139595,-0.375000,-0.235405
427,0.282264,0.001728,0.395504,0.041570,-0.125000,-0.166570
428,0.281734,0.057883,0.395139,0.240589,-0.375000,-0.134411
429,0.281351,0.118941,0.395021,0.344878,0.125000,-0.219878
430,0.281741,0.447471,0.395664,0.668933,-0.125000,0.543933
431,0.281181,0.042311,0.395219,0.205697,0.000000,0.205697
432,0.281874,0.577897,0.396071,0.760195,-0.375000,0.385195
433,0.281258,0.017839,0.395460,0.133564,0.125000,0.258564
434,0.281090,0.208958,0.395603,0.457119,0.875000,0.417881
435,0.281303,0.372948,0.396102,0.610694,0.125000,-0.485694
436,0.280935,0.122044,0.395994,0.349348,-0.125000,-0.474348
437,0.280614,0.142109,0.395950,0.376973,0.125000,-0.251973
438,0.280399,0.187472,0.396035,0.432981,0.125000,-0.307981
439,0.280152,0.172734,0.396080,0.415613,0.125000,-0.290613
440,0.279740,0.100521,0.395899,0.317051,-0.250000,-0.567051
441,0.279570,0.205667,0.396031,0.453505,0.000000,-0.453505
442,0.292833,6.088669,0.400760,2.467523,-2.125000,0.342523
443,0.292499,0.146285,0.400719,0.382472,1.125000,0.742528
444,0.293844,0.883994,0.401945,0.940210,-0.250000,0.690210
445,0.293217,0.017232,0.401331,0.131270,0.125000,-0.006270
446,0.292603,0.022202,0.400760,0.149003,0.375000,0.524003
447,0.293827,0.834861,0.401918,0.913707,0.875000,-0.038707
448,0.293267,0.044853,0.401490,0.211785,-0.250000,-0.038215
449,0.309213,7.389271,0.406696,2.718321,2.750000,0.031679
450,0.309358,0.374158,0.407156,0.611684,-2.125000,-1.513316
451,0.309525,0.383888,0.407631,0.619587,0.125000,-0.494587
452,0.309020,0.083291,0.407365,0.288602,0.125000,-0.163602
453,0.308333,0.000362,0.406500,0.019015,-0.500000,-0.480985
454,0.307986,0.152197,0.406464,0.390124,-0.500000,-0.109876
455,0.307658,0.160185,0.406450,0.400231,0.000000,0.400231
456,0.306984,0.002912,0.405670,0.053961,-0.750000,-0.696039
457,0.311202,2.217711,0.408062,1.489198,-0.250000,1.239198
458,0.310713,0.089214,0.407821,0.298687,0.000000,0.298687
459,0.311218,0.540558,0.408541,0.735227,1.000000,0.264773
460,0.310536,0.000313,0.407684,0.017681,-0.125000,-0.107319
461,0.310388,0.242909,0.407870,0.492858,-0.625000,-0.132142
462,0.311388,0.768181,0.408893,0.876459,0.875000,-0.001459
463,0.310832,0.056371,0.408520,0.237425,-0.500000,-0.262575
464,0.310156,0.000002,0.407635,0.001506,-0.250000,-0.251506
465,0.309744,0.120109,0.407502,0.346568,-0.375000,-0.028432
466,0.309113,0.018220,0.406912,0.134983,-0.375000,-0.240017
467,0.308529,0.038732,0.406459,0.196805,0.000000,0.196805
468,0.313469,2.600479,0.409058,1.612600,-1.500000,0.112600
469,0.313985,0.553781,0.409779,0.744164,-0.375000,0.369164
470,0.315936,1.222777,0.411272,1.105792,-0.125000,0.980792
471,0.315404,0.067600,0.410948,0.260000,0.250000,0.510000
472,0.315687,0.448122,0.411501,0.669419,-0.250000,0.419419
473,0.315026,0.005659,0.410784,0.075228,0.250000,0.325228
474,0.314507,0.070789,0.410476,0.266063,0.000000,0.266063
475,0.314222,0.180585,0.410506,0.424953,0.000000,0.424953
476,0.313712,0.073476,0.410211,0.271064,-0.250000,0.021064
477,0.313054,0.002374,0.409447,0.048723,-0.125000,-0.076277
478,0.312394,0.000244,0.408616,0.015631,0.000000,-0.015631
479,0.312298,0.266694,0.408843,0.516424,-0.625000,-0.108576
480,0.311642,0.000175,0.408012,0.013215,0.125000,0.138215
481,0.311608,0.295114,0.408295,0.543244,0.875000,0.331756
482,0.311022,0.031635,0.407813,0.177862,-0.125000,-0.302862
483,0.310448,0.036249,0.407359,0.190391,0.000000,-0.190391
484,0.310487,0.329204,0.407706,0.573763,0.500000,-0.073763
485,0.311393,0.746246,0.408654,0.863855,0.625000,-0.238855
486,0.312692,0.937200,0.409815,0.968091,0.375000,-0.593091
487,0.314680,1.273254,0.411303,1.128386,0.500000,-0.628386
488,0.314090,0.028696,0.410803,0.169399,-0.500000,-0.669399
489,0.314489,0.507854,0.411425,0.712639,-0.750000,-0.037361
490,0.313982,0.068173,0.411116,0.261100,-0.125000,0.136100
491,0.314265,0.451659,0.411652,0.672056,0.750000,0.077944
492,0.313971,0.170731,0.411655,0.413196,0.125000,-0.288196
493,0.314527,0.586008,0.412379,0.765512,0.500000,-0.265512
494,0.314414,0.258978,0.412575,0.508899,0.250000,-0.258899
495,0.314372,0.293877,0.412839,0.542104,0.500000,-0.042104
496,0.314512,0.383486,0.413259,0.619263,0.500000,-0.119263
497,0.314367,0.242830,0.413420,0.492778,-0.875000,-0.382222
498,0.314113,0.188951,0.413463,0.434684,-0.500000,-0.065316
499,0.313599,0.059782,0.413122,0.244503,0.375000,0.130497
500,0.313053,0.042718,0.412706,0.206684,0.125000,-0.081684
501,0.313605,0.587158,0.413417,0.766262,-0.875000,-0.108738
502,0.313164,0.094107,0.413203,0.306769,-0.250000,0.056769
503,0.312592,0.027889,0.412709,0.166999,0.375000,0.208001
504,0.312736,0.384402,0.413124,0.620002,-0.500000,0.120002
505,0.312421,0.155134,0.413086,0.393870,-0.250000,0.143870
506,0.312152,0.177000,0.413101,0.420714,0.625000,0.204286
507,0.311551,0.010291,0.412481,0.101446,0.000000,0.101446
508,0.312265,0.671022,0.413288,0.819159,0.875000,0.055841
509,0.312360,0.360526,0.413659,0.600438,0.500000,-0.100438
510,0.312779,0.524322,0.414272,0.724101,-1.000000,-0.275899
511,0.312206,0.022325,0.413750,0.149414,0.250000,0.100586
512,0.311663,0.036101,0.413309,0.190004,-0.125000,0.065004
513,0.311405,0.180593,0.413332,0.424962,-0.625000,-0.200038
514,0.311206,0.209611,0.413420,0.457833,-0.375000,0.082833
515,0.310683,0.043962,0.413021,0.209670,0.250000,0.040330
516,0.310190,0.058583,0.412687,0.242040,0.125000,0.367040
517,0.310221,0.325816,0.412995,0.570803,0.625000,0.054197
518,0.310439,0.422493,0.413456,0.649995,-0.750000,-0.100005
519,0.309850,0.007079,0.412817,0.084135,0.000000,-0.084135
520,0.309284,0.017558,0.412274,0.132506,-0.125000,0.007506
521,0.308768,0.042767,0.411876,0.206802,-0.375000,-0.168198
522,0.308214,0.021605,0.411365,0.146986,-0.250000,-0.103014
523,0.307988,0.190880,0.411414,0.436898,-0.500000,-0.063102
524,0.307632,0.123177,0.411298,0.350965,0.250000,-0.100965
525,0.307256,0.111404,0.411149,0.333772,-0.125000,0.208772
526,0.307063,0.206960,0.411233,0.454928,0.375000,-0.079928
527,0.306527,0.026261,0.410756,0.162053,0.125000,-0.037053
528,0.306322,0.199303,0.410824,0.446433,0.375000,-0.071433
529,0.305904,0.086831,0.410603,0.294671,-0.375000,-0.080329
530,0.305875,0.290868,0.410848,0.539322,-0.500000,0.039322
531,0.305328,0.017552,0.410320,0.132483,0.125000,-0.007483
532,0.304798,0.025274,0.409844,0.158979,-0.250000,-0.091021
533,0.304223,0.000603,0.409115,0.024560,-0.125000,-0.149560
534,0.304588,0.497680,0.409674,0.705464,0.750000,0.044536
535,0.304017,0.001566,0.408977,0.039572,-0.250000,-0.210428
536,0.303694,0.132211,0.408892,0.363608,0.250000,-0.113608
537,0.303442,0.169366,0.408897,0.411542,-0.375000,0.036542
538,0.303117,0.129882,0.408806,0.360391,0.250000,-0.110391
539,0.302952,0.214679,0.408908,0.463335,-0.500000,-0.036665
540,0.303011,0.334410,0.409224,0.578282,0.500000,-0.078282
541,0.303203,0.406463,0.409649,0.637544,-0.625000,0.012544
542,0.303723,0.583042,0.410307,0.763572,0.750000,-0.013572
543,0.303185,0.013487,0.409761,0.116132,0.125000,0.008868
544,0.302643,0.010354,0.409191,0.101756,-0.125000,-0.023244
545,0.302135,0.028303,0.408746,0.168234,-0.125000,0.043234
546,0.301614,0.019413,0.408249,0.139331,0.250000,0.110669
547,0.301632,0.311357,0.408524,0.557994,0.125000,-0.432994
548,0.302017,0.510961,0.409087,0.714815,0.500000,-0.214815
549,0.301799,0.183449,0.409123,0.428310,-0.125000,-0.553310
550,0.301247,0.000193,0.408399,0.013894,-0.250000,-0.236106
551,0.300698,0.001312,0.407718,0.036217,-0.125000,-0.161217
552,0.300750,0.329070,0.408021,0.573646,0.375000,-0.198646
553,0.300358,0.085440,0.407810,0.292301,0.000000,-0.292301
554,0.300021,0.114833,0.407685,0.338870,0.125000,-0.213870
555,0.300092,0.339116,0.408002,0.582337,0.375000,-0.207337
556,0.299592,0.024551,0.407547,0.156688,-0.250000,-0.093312
557,0.299078,0.015222,0.407033,0.123376,-0.125000,-0.001624
558,0.298552,0.007457,0.406454,0.086356,-0.125000,-0.038644
559,0.298055,0.023138,0.405996,0.152111,0.000000,-0.152111
560,0.297686,0.092849,0.405814,0.304711,0.250000,-0.054711
561,0.297345,0.107335,0.405673,0.327621,-0.375000,-0.047379
562,0.296832,0.011400,0.405138,0.106770,0.125000,0.018230
563,0.296396,0.052937,0.404824,0.230080,0.000000,0.230080
564,0.295887,0.011617,0.404294,0.107782,0.000000,0.107782
565,0.295379,0.010718,0.403758,0.103529,0.250000,0.146471
566,0.294983,0.072904,0.403520,0.270007,0.375000,0.104993
567,0.294880,0.236656,0.403667,0.486473,0.500000,0.013527
568,0.294361,0.002663,0.403043,0.051603,0.250000,0.198397
569,0.293869,0.016308,0.402556,0.127703,0.375000,0.247297
570,0.293351,0.000486,0.401883,0.022048,0.125000,0.102952
571,0.292835,0.000977,0.401230,0.031251,-0.125000,-0.093749
572,0.292336,0.009182,0.400692,0.095821,0.000000,0.095821
573,0.291899,0.043686,0.400355,0.209012,0.000000,0.209012
574,0.291705,0.181364,0.400400,0.425868,-0.250000,0.175868
575,0.291201,0.003772,0.399806,0.061415,0.250000,0.311415
576,0.290812,0.068677,0.399565,0.262063,0.250000,-0.012063
577,0.290576,0.155649,0.399557,0.394524,-0.250000,0.144524
578,0.290798,0.417968,0.399987,0.646505,0.625000,-0.021505
579,0.290754,0.265726,0.400188,0.515486,0.250000,-0.265486
580,0.290574,0.186979,0.400244,0.432411,0.125000,-0.307411
581,0.290072,0.000996,0.399605,0.031562,-0.125000,-0.093438
582,0.289613,0.024917,0.399186,0.157852,0.000000,-0.157852
583,0.289318,0.118480,0.399091,0.344209,0.125000,-0.219209
584,0.288959,0.081401,0.398895,0.285308,0.125000,-0.160308
585,0.288476,0.007854,0.398361,0.088622,-0.250000,-0.161378
586,0.288110,0.075488,0.398149,0.274752,-0.250000,0.024752
587,0.287684,0.039894,0.397809,0.199734,0.375000,0.175266
588,0.287469,0.162171,0.397817,0.402704,0.375000,-0.027704
589,0.286990,0.007392,0.397284,0.085975,-0.125000,-0.039025
590,0.286512,0.006525,0.396744,0.080778,0.125000,0.044222
591,0.286024,0.000321,0.396098,0.017913,0.000000,-0.017913
592,0.285961,0.248935,0.396273,0.498934,0.500000,0.001066
593,0.285493,0.010242,0.395772,0.101204,-0.125000,-0.023796
594,0.285017,0.004922,0.395220,0.070160,0.000000,-0.070160
595,0.285183,0.382832,0.395599,0.618734,0.625000,0.006266
596,0.284792,0.053632,0.395322,0.231586,0.125000,-0.106586
597,0.284407,0.056769,0.395057,0.238263,0.125000,-0.113263
598,0.284337,0.242924,0.395221,0.492873,0.500000,0.007127
599,0.284190,0.196846,0.395303,0.443673,0.375000,-0.068673
600,0.283720,0.003777,0.394743,0.061457,-0.125000,-0.063543
601,0.283247,0.001505,0.394146,0.038798,0.000000,0.038798
602,0.282781,0.004404,0.393598,0.066360,0.000000,-0.066360
603,0.282391,0.049352,0.393312,0.222152,-0.125000,0.097152
604,0.282000,0.047778,0.393021,0.218582,0.375000,0.156418
605,0.281552,0.012815,0.392555,0.113201,0.000000,0.113201
606,0.281139,0.032642,0.392203,0.180672,0.000000,0.180672
607,0.280909,0.142884,0.392180,0.378001,-0.125000,0.253001
608,0.280455,0.006654,0.391666,0.081573,0.125000,0.206573
609,0.280196,0.123522,0.391599,0.351458,0.250000,-0.101458
610,0.279736,0.001715,0.391021,0.041410,0.000000,-0.041410
611,0.279302,0.016108,0.390586,0.126918,0.000000,-0.126918
612,0.279256,0.251378,0.390768,0.501376,-0.500000,0.001376
613,0.278902,0.063792,0.390541,0.252571,0.000000,0.252571
614,0.278449,0.002521,0.389983,0.050209,0.125000,0.175209
615,0.278001,0.004421,0.389454,0.066493,0.000000,0.066493
616,0.278511,0.590341,0.390073,0.768337,-0.625000,0.143337
617,0.278063,0.004028,0.389540,0.063464,0.250000,0.313464
618,0.277915,0.186704,0.389610,0.432093,-0.125000,0.307093
619,0.277478,0.009544,0.389135,0.097695,0.125000,0.222695
620,0.277063,0.021495,0.388741,0.146610,0.375000,0.228390
621,0.276692,0.048217,0.388467,0.219583,-0.125000,0.094583
622,0.276255,0.006718,0.387971,0.081962,0.250000,0.168038
623,0.275887,0.048270,0.387699,0.219705,0.000000,0.219705
624,0.275685,0.150712,0.387700,0.388217,-0.375000,0.013217
625,0.275359,0.073428,0.387512,0.270977,0.375000,0.104023
626,0.274941,0.015306,0.387088,0.123719,0.000000,0.123719
627,0.274781,0.175300,0.387139,0.418688,-0.375000,0.043688
628,0.274495,0.096303,0.387016,0.310328,-0.125000,0.185328
629,0.274130,0.046131,0.386740,0.214782,0.375000,0.160218
630,0.274090,0.249335,0.386920,0.499335,0.625000,0.125665
631,0.273653,0.000081,0.386317,0.008981,0.000000,-0.008981
632,0.273231,0.008506,0.385849,0.092230,0.000000,0.092230
633,0.272798,0.000831,0.385281,0.028833,0.125000,0.153833
634,0.272365,0.000048,0.384681,0.006931,0.125000,0.131931
635,0.272049,0.073023,0.384499,0.270227,-0.375000,-0.104773
636,0.272079,0.291139,0.384745,0.539573,-0.500000,0.039573
637,0.272724,0.680179,0.385440,0.824730,-0.625000,0.199730
638,0.274173,1.191771,0.386554,1.091683,-0.375000,0.716683
639,0.274517,0.492678,0.387050,0.701911,-0.250000,0.451911
640,0.274120,0.021566,0.386673,0.146854,0.125000,0.271854
641,0.273736,0.029555,0.386336,0.171915,0.250000,0.078085
642,0.273481,0.111244,0.386253,0.333532,0.000000,0.333532
643,0.273316,0.167712,0.386289,0.409526,0.000000,0.409526
644,0.272901,0.007849,0.385824,0.088596,0.375000,0.286404
645,0.272541,0.042037,0.385542,0.205029,-0.250000,-0.044971
646,0.275331,2.064208,0.387179,1.436735,-1.500000,-0.063265
647,0.274924,0.013312,0.386757,0.115377,0.250000,0.134623
648,0.274756,0.166798,0.386790,0.408410,0.500000,0.091590
649,0.274446,0.074715,0.386614,0.273341,0.125000,-0.148341
650,0.274151,0.084210,0.386465,0.290189,-0.250000,0.040189
651,0.273730,0.001569,0.385929,0.039604,0.125000,0.085396
652,0.273621,0.202788,0.386028,0.450320,0.500000,0.049680
653,0.273906,0.459122,0.386478,0.677585,-0.625000,0.052585
654,0.278714,3.398842,0.388719,1.843595,-2.000000,-0.156405
655,0.280506,1.445456,0.389969,1.202271,-1.000000,0.202271
656,0.281494,0.924756,0.390846,0.961642,-0.500000,0.461642
657,0.284766,2.418160,0.392629,1.555043,-1.375000,0.180043
658,0.284878,0.357539,0.392943,0.597946,0.625000,0.027054
659,0.284487,0.029060,0.392603,0.170471,-0.125000,0.045471
660,0.284162,0.070909,0.392410,0.266287,-0.125000,0.141287
661,0.286126,1.574714,0.393723,1.254876,1.625000,0.370124
662,0.285720,0.019222,0.393336,0.138643,0.000000,-0.138643
663,0.286324,0.683790,0.393993,0.826916,0.500000,-0.326916
664,0.285908,0.011753,0.393561,0.108411,-0.125000,-0.016589
665,0.286969,0.987164,0.394469,0.993561,0.500000,-0.493561
666,0.287952,0.937926,0.395336,0.968466,0.625000,-0.343466
667,0.287559,0.027267,0.394988,0.165128,-0.625000,-0.459872
668,0.287727,0.398906,0.395345,0.631590,0.125000,-0.506590
669,0.287822,0.351260,0.395641,0.592672,0.625000,0.032328
670,0.288200,0.539438,0.396150,0.734465,0.250000,-0.484465
671,0.288484,0.477209,0.396592,0.690803,0.375000,-0.315803
672,0.288383,0.221448,0.396703,0.470583,0.250000,-0.220583
673,0.287970,0.011905,0.396273,0.109109,-0.125000,-0.234109
674,0.287781,0.161033,0.396280,0.401289,-0.500000,-0.098711
675,0.287775,0.283774,0.396484,0.532704,0.375000,-0.157704
676,0.287691,0.231343,0.396609,0.480981,0.125000,-0.355981
677,0.287483,0.148057,0.396592,0.384782,0.125000,-0.259782
678,0.287372,0.212485,0.396687,0.460961,-0.500000,-0.039039
679,0.287565,0.417942,0.397057,0.646484,0.625000,-0.021484
680,0.289031,1.278689,0.398143,1.130791,-1.125000,0.005791
681,0.288620,0.010505,0.397706,0.102494,-0.125000,-0.022506
682,0.288199,0.003411,0.397206,0.058406,0.125000,0.066594
683,0.287787,0.008036,0.396753,0.089646,-0.125000,-0.035354
684,0.287378,0.009706,0.396314,0.098520,0.000000,0.098520
685,0.287254,0.203258,0.396394,0.450842,0.625000,0.174158
686,0.286834,0.000839,0.395855,0.028973,0.000000,0.028973
687,0.286441,0.018107,0.395473,0.134562,0.250000,0.115438
688,0.286053,0.020932,0.395106,0.144679,0.125000,-0.019679
689,0.285646,0.007632,0.394657,0.087363,0.000000,-0.087363
690,0.285359,0.088253,0.394515,0.297074,0.250000,-0.047074
691,0.285212,0.184605,0.394566,0.429656,-0.500000,-0.070344
692,0.285171,0.257009,0.394729,0.506961,-0.625000,-0.118039
693,0.285904,0.790584,0.395447,0.889148,-0.750000,0.139148
694,0.285577,0.059925,0.395228,0.244795,-0.125000,0.119795
695,0.285246,0.056753,0.395001,0.238229,-0.125000,0.113229
696,0.285758,0.639687,0.395586,0.799804,-0.750000,0.049804
697,0.285614,0.186293,0.395638,0.431617,-0.375000,0.056617
698,0.285207,0.002709,0.395143,0.052046,0.375000,0.322954
699,0.291451,4.625241,0.397669,2.150637,2.250000,0.099363
700,0.292146,0.774750,0.398362,0.880199,0.375000,-0.505199
701,0.291731,0.003328,0.397874,0.057691,-0.375000,-0.432691
702,0.291629,0.219870,0.397975,0.468903,0.125000,-0.343903
703,0.291247,0.024690,0.397631,0.157130,-0.375000,-0.532130
704,0.291114,0.198119,0.397699,0.445105,-0.250000,-0.695105
705,0.290993,0.206879,0.397780,0.454839,-0.250000,-0.704839
706,0.292817,1.571291,0.398999,1.253512,0.375000,-0.878512
707,0.292542,0.099203,0.398880,0.314965,0.250000,-0.064965
708,0.292532,0.285602,0.399072,0.534418,0.500000,-0.034418
709,0.292148,0.021714,0.398715,0.147356,-0.125000,0.022356
710,0.292707,0.686843,0.399324,0.828760,-0.750000,0.078760
711,0.292732,0.310354,0.399547,0.557094,0.625000,0.067906
712,0.293063,0.527494,0.400009,0.726288,-0.750000,-0.023712
713,0.292689,0.027808,0.399680,0.166757,0.000000,-0.166757
714,0.293857,1.122003,0.400609,1.059246,1.125000,0.065754
715,0.293562,0.083655,0.400452,0.289231,-0.375000,-0.085769
716,0.293276,0.090034,0.400311,0.300057,-0.250000,0.050057
717,0.292920,0.039764,0.400029,0.199410,0.000000,0.199410
718,0.292510,0.000008,0.399473,0.002804,0.000000,-0.002804
719,0.295325,2.305452,0.401038,1.518371,1.500000,-0.018371
720,0.296242,0.951939,0.401840,0.975674,0.750000,-0.225674
721,0.296547,0.514858,0.402281,0.717536,-0.875000,-0.157464
722,0.296189,0.039302,0.401997,0.198248,-0.125000,0.073248
723,0.295777,0.000104,0.401452,0.010197,0.000000,-0.010197
724,0.295936,0.410406,0.401784,0.640629,0.500000,-0.140629
725,0.295526,0.000072,0.401238,0.008468,-0.125000,-0.116532
726,0.295391,0.197968,0.401299,0.444936,0.250000,-0.194936
727,0.295809,0.597704,0.401813,0.773113,-0.500000,0.273113
728,0.295593,0.139580,0.401774,0.373604,0.625000,0.251396
729,0.295287,0.073687,0.401594,0.271453,0.000000,0.271453
730,0.294989,0.078432,0.401427,0.280056,0.375000,0.094944
731,0.294697,0.082913,0.401271,0.287946,-0.125000,0.162946
732,0.294891,0.436296,0.401627,0.660527,-0.500000,0.160527
733,0.294492,0.003627,0.401159,0.060222,0.250000,0.189778
734,0.294089,0.000240,0.400630,0.015491,0.125000,0.140491
735,0.294280,0.433617,0.400983,0.658496,-0.750000,-0.091504
736,0.294286,0.299183,0.401183,0.546977,-0.375000,0.171977
737,0.294321,0.319994,0.401407,0.565680,-0.500000,0.065680
738,0.295660,1.277169,0.402400,1.130119,1.250000,0.119881
739,0.295326,0.049774,0.402156,0.223100,0.250000,0.026900
740,0.295219,0.217018,0.402242,0.465852,0.375000,-0.090852
741,0.294820,0.000822,0.401736,0.028668,0.125000,0.153668
742,0.294438,0.012851,0.401345,0.113362,0.000000,0.113362
743,0.294068,0.020812,0.400997,0.144262,0.250000,0.105738
744,0.293670,0.000024,0.400462,0.004879,0.000000,-0.004879
745,0.293450,0.130683,0.400409,0.361501,0.000000,-0.361501
746,0.293056,0.000924,0.399910,0.030395,0.125000,0.094605
747,0.292662,0.000541,0.399403,0.023261,0.000000,0.023261
748,0.292323,0.040191,0.399136,0.200477,0.000000,0.200477
749,0.292581,0.484256,0.399534,0.695885,-0.500000,0.195885
750,0.292902,0.531984,0.399976,0.729372,-0.625000,0.104372
751,0.292697,0.140214,0.399942,0.374451,0.000000,0.374451
752,0.294879,1.925036,0.401263,1.387457,-1.125000,0.262457
753,0.295473,0.739312,0.401875,0.859833,-0.750000,0.109833
754,0.299123,3.032897,0.403661,1.741521,-1.500000,0.241521
755,0.298743,0.013647,0.403279,0.116819,0.125000,0.008181
756,0.298646,0.225917,0.403375,0.475307,0.750000,0.274693
757,0.298545,0.222463,0.403465,0.471660,-0.375000,0.096660
758,0.298306,0.118700,0.403387,0.344529,0.500000,0.155471
759,0.297913,0.001309,0.402901,0.036185,0.250000,0.286185
760,0.301574,3.065687,0.404684,1.750910,1.875000,0.124090
761,0.301186,0.007720,0.404266,0.087862,0.125000,0.037138
762,0.301729,0.712873,0.404846,0.844318,0.500000,-0.344318
763,0.302176,0.641170,0.405368,0.800731,0.625000,-0.175731
764,0.301864,0.064774,0.405169,0.254508,0.125000,-0.129508
765,0.301680,0.162464,0.405166,0.403068,0.250000,-0.153068
766,0.301292,0.005570,0.404733,0.074629,-0.125000,-0.199629
767,0.301366,0.357553,0.404986,0.597957,0.125000,-0.472957
768,0.301330,0.274338,0.405141,0.523773,-0.500000,0.023773
769,0.301718,0.597772,0.405622,0.773157,0.625000,-0.148157
770,0.301428,0.079848,0.405462,0.282574,0.250000,-0.032574
771,0.301052,0.013286,0.405083,0.115264,0.125000,0.009736
772,0.300668,0.005576,0.404653,0.074672,0.250000,0.175328
773,0.300462,0.142733,0.404618,0.377800,0.500000,0.122200
774,0.300294,0.170712,0.404629,0.413173,-0.250000,0.163173
775,0.303505,2.776071,0.406266,1.666155,-1.500000,0.166155
776,0.303415,0.233982,0.406366,0.483717,0.375000,-0.108717
777,0.303033,0.008610,0.405960,0.092790,0.125000,0.032210
778,0.302673,0.024460,0.405638,0.156396,-0.250000,-0.093604
779,0.302289,0.004457,0.405201,0.066757,0.125000,0.058243
780,0.302053,0.119261,0.405123,0.345342,-0.250000,0.095342
781,0.301695,0.023891,0.404801,0.154568,0.125000,0.279568
782,0.301515,0.162136,0.404798,0.402661,-0.125000,0.277661
783,0.301199,0.054745,0.404579,0.233977,-0.250000,-0.016023
784,0.302154,1.046502,0.405372,1.022987,-0.875000,0.147987
785,0.301851,0.065733,0.405181,0.256384,-0.250000,0.006384
786,0.302293,0.647432,0.405692,0.804631,0.875000,0.070369
787,0.302366,0.358961,0.405939,0.599133,-0.625000,-0.025867
788,0.302866,0.694774,0.406484,0.833531,0.875000,0.041469
789,0.302768,0.225824,0.406572,0.475210,-0.250000,0.225210
790,0.302559,0.138151,0.406527,0.371686,0.375000,0.003314
791,0.302174,0.000040,0.406019,0.006303,0.125000,0.131303
792,0.302092,0.237246,0.406122,0.487079,0.250000,-0.237079
793,0.302149,0.346789,0.406353,0.588888,0.375000,-0.213888
794,0.301766,0.000041,0.405847,0.006410,0.000000,-0.006410
795,0.301538,0.121685,0.405775,0.348833,0.250000,-0.098833
796,0.301269,0.088234,0.405638,0.297042,0.375000,0.077958
797,0.301480,0.468389,0.405989,0.684390,-0.750000,-0.065610
798,0.301134,0.027185,0.405686,0.164877,-0.250000,-0.085123
799,0.300786,0.024506,0.405372,0.156543,0.125000,-0.031543
800,0.300409,0.000059,0.404873,0.007713,-0.125000,-0.132713
801,0.300034,0.001451,0.404412,0.038095,0.000000,-0.038095
802,0.300439,0.623871,0.404895,0.789855,-0.875000,-0.085145
803,0.300072,0.006809,0.404492,0.082516,0.000000,0.082516
804,0.299800,0.082505,0.404345,0.287237,-0.125000,0.162237
805,0.299463,0.030107,0.404057,0.173515,0.125000,-0.048515
806,0.299398,0.247119,0.404173,0.497110,0.500000,0.002890
807,0.299375,0.281226,0.404330,0.530307,0.500000,-0.030307
808,0.299090,0.070203,0.404157,0.264958,-0.125000,0.139958
809,0.298815,0.077508,0.404001,0.278403,-0.125000,0.153403
810,0.299192,0.602501,0.404463,0.776209,-0.625000,0.151209
811,0.299572,0.605736,0.404926,0.778290,0.875000,0.096710
812,0.299307,0.086010,0.404788,0.293274,-0.375000,-0.081726
813,0.299059,0.098089,0.404674,0.313191,0.250000,-0.063191
814,0.300383,1.371437,0.405621,1.171083,-1.000000,0.171083
815,0.300035,0.018519,0.405288,0.136085,0.000000,0.136085
816,0.300547,0.715663,0.405831,0.845968,-0.625000,0.220968
817,0.300625,0.363691,0.406074,0.603068,0.625000,0.021932
818,0.300674,0.340732,0.406292,0.583723,0.625000,0.041277
819,0.300306,0.000899,0.405830,0.029981,0.125000,0.095019
820,0.299945,0.005854,0.405426,0.076512,0.125000,0.201512
821,0.299578,0.000112,0.404943,0.010590,0.000000,-0.010590
822,0.299216,0.003307,0.404518,0.057503,-0.125000,-0.067497
823,0.298909,0.048152,0.404292,0.219437,0.125000,-0.094437
824,0.298709,0.134569,0.404247,0.366836,-0.500000,-0.133164
825,0.298989,0.528471,0.404640,0.726960,0.375000,-0.351960
826,0.298733,0.088418,0.404509,0.297351,0.250000,-0.047351
827,0.298374,0.003483,0.404090,0.059021,0.000000,-0.059021
828,0.298379,0.302884,0.404267,0.550349,-0.500000,0.050349
829,0.298096,0.064167,0.404084,0.253312,0.250000,-0.003312
830,0.297781,0.038205,0.403832,0.195462,-0.125000,0.070462
831,0.297498,0.064050,0.403649,0.253080,-0.250000,0.003080
832,0.297446,0.253921,0.403770,0.503906,0.375000,-0.128906
833,0.297357,0.223746,0.403854,0.473018,-0.500000,-0.026982
834,0.297156,0.131067,0.403803,0.362032,-0.375000,-0.012968
835,0.296832,0.027279,0.403516,0.165164,-0.125000,0.040164
836,0.296525,0.041599,0.403276,0.203958,-0.250000,-0.046042
837,0.296497,0.273233,0.403420,0.522717,-0.500000,0.022717
838,0.298211,1.725850,0.404511,1.313716,1.250000,-0.063716
839,0.298414,0.467639,0.404846,0.683841,-0.875000,-0.191159
840,0.298275,0.182897,0.404873,0.427665,0.500000,0.072335
841,0.298324,0.338548,0.405085,0.581848,-0.500000,0.081848
842,0.297975,0.006275,0.404696,0.079213,0.125000,0.045787
843,0.297735,0.096741,0.404584,0.311032,0.375000,0.063968
844,0.298376,0.836333,0.405191,0.914513,0.875000,-0.039513
845,0.298112,0.076348,0.405038,0.276312,-0.250000,0.026312
846,0.297794,0.029891,0.404762,0.172890,0.000000,0.172890
847,0.297552,0.094289,0.404646,0.307066,-0.250000,0.057066
848,0.298581,1.165907,0.405446,1.079772,-1.000000,0.079772
849,0.298905,0.572455,0.405862,0.756607,0.750000,-0.006607
850,0.298621,0.058356,0.405668,0.241569,0.125000,-0.116569
851,0.298506,0.201302,0.405718,0.448667,0.250000,-0.198667
852,0.298465,0.263394,0.405845,0.513219,0.500000,-0.013219
853,0.298270,0.132985,0.405797,0.364671,0.250000,-0.114671
854,0.297985,0.055862,0.405597,0.236351,-0.250000,-0.013649
855,0.297637,0.002047,0.405174,0.045241,0.000000,0.045241
856,0.297304,0.013898,0.404837,0.117890,-0.125000,-0.242890
857,0.296957,0.001463,0.404407,0.038250,-0.125000,-0.086750
858,0.297160,0.470251,0.404736,0.685748,-0.750000,-0.064252
859,0.296855,0.036006,0.404485,0.189752,-0.375000,-0.185248
860,0.296516,0.006771,0.404108,0.082287,0.000000,-0.082287
861,0.296176,0.005184,0.403721,0.072001,0.000000,-0.072001
862,0.295871,0.034747,0.403468,0.186405,0.125000,-0.061405
863,0.295701,0.150192,0.403449,0.387547,0.375000,-0.012547
864,0.295753,0.339621,0.403658,0.582770,-0.500000,0.082770
865,0.295886,0.410401,0.403933,0.640625,0.500000,-0.140625
866,0.295602,0.051643,0.403728,0.227251,0.250000,0.022749
867,0.295260,0.000184,0.403276,0.013559,0.000000,0.013559
868,0.294923,0.004152,0.402884,0.064438,0.000000,0.064438
869,0.294660,0.067590,0.402718,0.259981,-0.250000,0.009981
870,0.294369,0.042560,0.402492,0.206302,0.250000,0.043698
871,0.294032,0.002056,0.402080,0.045345,0.000000,0.045345
872,0.294307,0.532393,0.402457,0.729652,0.625000,-0.104652
873,0.294006,0.033263,0.402204,0.182382,0.125000,-0.057382
874,0.293783,0.099589,0.402104,0.315577,-0.250000,0.065577
875,0.293446,0.000652,0.401672,0.025537,0.125000,0.099463
876,0.293218,0.094557,0.401564,0.307502,-0.250000,0.057502
877,0.292946,0.055732,0.401374,0.236075,0.250000,0.013925
878,0.292693,0.071428,0.401221,0.267260,-0.250000,0.017260
879,0.292781,0.370356,0.401458,0.608569,-0.625000,-0.016431
880,0.292460,0.011635,0.401123,0.107867,0.000000,0.107867
881,0.292188,0.053758,0.400930,0.231857,-0.125000,0.106857
882,0.291910,0.048083,0.400723,0.219278,0.125000,-0.094278
883,0.291586,0.006666,0.400360,0.081645,-0.125000,-0.043355
884,0.291634,0.333884,0.400561,0.577827,0.500000,-0.077827
885,0.291304,0.000990,0.400143,0.031463,-0.125000,-0.093537
886,0.290989,0.013900,0.399823,0.117900,0.125000,0.007100
887,0.290693,0.029638,0.399565,0.172158,0.125000,-0.047158
888,0.290485,0.106187,0.399481,0.325863,-0.375000,-0.049137
889,0.290169,0.011507,0.399151,0.107269,-0.125000,-0.017731
890,0.289879,0.032727,0.398905,0.180906,-0.250000,-0.069094
891,0.289650,0.086819,0.398787,0.294650,0.125000,-0.169650
892,0.289716,0.347993,0.399002,0.589909,-0.625000,-0.035091
893,0.289415,0.022468,0.398722,0.149895,0.125000,-0.024895
894,0.289209,0.105728,0.398640,0.325159,0.375000,0.049841
895,0.289137,0.225132,0.398725,0.474481,0.500000,0.025519
896,0.288838,0.022654,0.398446,0.150513,-0.125000,0.025513
897,0.288521,0.006047,0.398087,0.077759,0.125000,0.047241
898,0.288346,0.132000,0.398048,0.363318,0.375000,0.011682
899,0.288024,0.000336,0.397624,0.018320,0.000000,0.018320
900,0.287925,0.199310,0.397679,0.446441,-0.500000,-0.053559
901,0.288108,0.451923,0.397985,0.672252,-0.750000,-0.077748
902,0.287789,0.001003,0.397577,0.031666,0.000000,0.031666
903,0.287853,0.345446,0.397788,0.587746,0.625000,0.037254
904,0.287533,0.000166,0.397361,0.012870,0.000000,-0.012870
905,0.287542,0.295355,0.397523,0.543465,-0.500000,0.043465
906,0.287292,0.062649,0.397360,0.250297,-0.125000,0.125297
907,0.287062,0.079156,0.397231,0.281346,-0.125000,0.156346
908,0.287118,0.337517,0.397434,0.580962,-0.500000,0.080962
909,0.286810,0.008694,0.397098,0.093243,-0.125000,-0.031757
910,0.286957,0.419745,0.397375,0.647877,0.500000,-0.147877
911,0.286992,0.318777,0.397559,0.564603,0.625000,0.060397
912,0.286700,0.022134,0.397285,0.148775,0.125000,-0.023775
913,0.286456,0.064961,0.397129,0.254874,-0.250000,0.004874
914,0.286156,0.012824,0.396817,0.113242,-0.125000,-0.011758
915,0.285851,0.008878,0.396485,0.094223,-0.125000,-0.030777
916,0.285698,0.146244,0.396469,0.382419,0.250000,-0.132419
917,0.285386,0.000884,0.396068,0.029733,-0.125000,-0.154733
918,0.285134,0.054707,0.395890,0.233894,0.000000,-0.233894
919,0.284823,0.000705,0.395486,0.026557,0.000000,-0.026557
920,0.284514,0.001479,0.395097,0.038457,0.000000,-0.038457
921,0.284301,0.089594,0.394992,0.299323,0.250000,-0.049323
922,0.284095,0.095306,0.394898,0.308716,0.250000,-0.058716
923,0.283995,0.192288,0.394946,0.438507,-0.500000,-0.061493
924,0.284040,0.325249,0.395136,0.570306,0.375000,-0.195306
925,0.283879,0.135595,0.395107,0.368233,0.375000,0.006767
926,0.283843,0.250882,0.395222,0.500881,-0.500000,0.000881
927,0.283589,0.048912,0.395033,0.221160,0.250000,0.028840
928,0.283301,0.017645,0.394750,0.132835,-0.125000,0.007835
929,0.282997,0.002283,0.394374,0.047776,0.125000,0.077224
930,0.283680,0.915528,0.394982,0.956832,-0.875000,0.081832
931,0.283779,0.375613,0.395217,0.612873,0.625000,0.012127
932,0.283514,0.037838,0.395001,0.194520,-0.125000,0.069520
933,0.283226,0.015962,0.394711,0.126340,0.250000,0.123660
934,0.282965,0.039867,0.394502,0.199667,-0.125000,0.074667
935,0.282727,0.061713,0.394345,0.248421,-0.125000,0.123421
936,0.282424,0.000223,0.393938,0.014929,0.125000,0.139929
937,0.282179,0.054287,0.393765,0.232995,-0.125000,0.107995
938,0.281922,0.041641,0.393562,0.204061,-0.250000,-0.045939
939,0.282758,1.063648,0.394244,1.031333,-1.000000,0.031333
940,0.282505,0.045868,0.394052,0.214169,0.250000,0.035831