# TEST CONFIGURATION BEGIN
# File Stream: filename: ibm_common_stock_closing_prices.csv  -  n_targets: 1
# [ibm_common_stock_closing_prices_ADE_HOMO_KNN_SIZE_12] Pipeline: Array BaseStreamModel: base_models: [<skmultiflow.lazy.knn_forecast.KNNForecast object at 0x7f227d908470>, <skmultiflow.lazy.knn_forecast.KNNForecast object at 0x7f227d9084e0>, <skmultiflow.lazy.knn_forecast.KNNForecast object at 0x7f227d908550>, <skmultiflow.lazy.knn_forecast.KNNForecast object at 0x7f227d9085c0>, <skmultiflow.lazy.knn_forecast.KNNForecast object at 0x7f227d908630>, <skmultiflow.lazy.knn_forecast.KNNForecast object at 0x7f227d9086a0>, <skmultiflow.lazy.knn_forecast.KNNForecast object at 0x7f227d908710>, <skmultiflow.lazy.knn_forecast.KNNForecast object at 0x7f227d908780>, <skmultiflow.lazy.knn_forecast.KNNForecast object at 0x7f227d9087f0>, <skmultiflow.lazy.knn_forecast.KNNForecast object at 0x7f227d908860>, <skmultiflow.lazy.knn_forecast.KNNForecast object at 0x7f227d9088d0>, <skmultiflow.lazy.knn_forecast.KNNForecast object at 0x7f227d908940>]
 Array BaseStreamModel: base_models: [<skmultiflow.lazy.knn_forecast.KNNForecast object at 0x7f227d908470>, <skmultiflow.lazy.knn_forecast.KNNForecast object at 0x7f227d9084e0>, <skmultiflow.lazy.knn_forecast.KNNForecast object at 0x7f227d908550>, <skmultiflow.lazy.knn_forecast.KNNForecast object at 0x7f227d9085c0>, <skmultiflow.lazy.knn_forecast.KNNForecast object at 0x7f227d908630>, <skmultiflow.lazy.knn_forecast.KNNForecast object at 0x7f227d9086a0>, <skmultiflow.lazy.knn_forecast.KNNForecast object at 0x7f227d908710>, <skmultiflow.lazy.knn_forecast.KNNForecast object at 0x7f227d908780>, <skmultiflow.lazy.knn_forecast.KNNForecast object at 0x7f227d9087f0>, <skmultiflow.lazy.knn_forecast.KNNForecast object at 0x7f227d908860>, <skmultiflow.lazy.knn_forecast.KNNForecast object at 0x7f227d9088d0>, <skmultiflow.lazy.knn_forecast.KNNForecast object at 0x7f227d908940>]
# Prequential Evaluator: n_wait: 1 - max_samples: 600000 - max_time: 10000000 - output_file: ibm_common_stock_closing_prices_ADE_HOMO_KNN_SIZE_12_SIZE_12 - batch_size: 1 - pretrain_size: 5 - task_type: regression - show_plot: False - metrics: ['mean_square_error', 'mean_absolute_error', 'true_vs_predicted']
# TEST CONFIGURATION END
id,global_mse_[ibm_common_stock_closing_prices_ADE_HOMO_KNN_SIZE_12],sliding_mse_[ibm_common_stock_closing_prices_ADE_HOMO_KNN_SIZE_12],global_mae_[ibm_common_stock_closing_prices_ADE_HOMO_KNN_SIZE_12],sliding_mae_[ibm_common_stock_closing_prices_ADE_HOMO_KNN_SIZE_12],true_value_[ibm_common_stock_closing_prices_ADE_HOMO_KNN_SIZE_12],predicted_value_[ibm_common_stock_closing_prices_ADE_HOMO_KNN_SIZE_12]
5,7.290000,7.290000,2.700000,2.700000,-5.500000,-2.800000
6,29.565000,51.840000,4.950000,7.200000,3.000000,-4.200000
7,25.590000,17.640000,4.700000,4.200000,-6.000000,-1.800000
8,19.418125,0.902500,3.762500,0.950000,-2.750000,-3.700000
9,26.192500,53.290000,4.470000,7.300000,-9.250000,-1.950000
10,24.427500,15.602500,4.383333,3.950000,-6.750000,-2.800000
11,84.539286,445.210000,6.771429,21.100000,16.750000,-4.350000
12,109.042187,280.562500,8.018750,16.750000,12.500000,-4.250000
13,98.748889,16.402500,7.577778,4.050000,3.500000,-0.550000
14,90.596250,17.222500,7.235000,4.150000,-7.000000,-2.850000
15,84.120227,19.360000,6.977273,4.400000,0.500000,-3.900000
16,77.251042,1.690000,6.504167,1.300000,0.500000,-0.800000
17,71.647885,4.410000,6.165385,2.100000,0.500000,-1.600000
18,70.030179,49.000000,6.225000,7.000000,4.000000,-3.000000
19,65.501667,2.102500,5.906667,1.450000,0.500000,-0.950000
20,69.890469,135.722500,6.265625,11.650000,-9.000000,2.650000
21,66.208088,7.290000,6.055882,2.700000,-1.000000,1.700000
22,62.741111,3.802500,5.827778,1.950000,-2.000000,-3.950000
23,59.628947,3.610000,5.621053,1.900000,-0.500000,-2.400000
24,56.818625,3.422500,5.432500,1.850000,-5.500000,-3.650000
25,54.663452,11.560000,5.335714,3.400000,0.250000,-3.150000
26,53.655568,32.490000,5.352273,5.700000,-4.000000,1.700000
27,52.567174,28.622500,5.352174,5.350000,1.750000,-3.600000
28,50.844479,11.222500,5.268750,3.350000,-2.000000,-5.350000
29,49.419100,15.210000,5.214000,3.900000,1.000000,-2.900000
30,47.657212,3.610000,5.086538,1.900000,1.000000,-0.900000
31,47.975463,56.250000,5.175926,7.500000,6.500000,-1.000000
32,47.747857,41.602500,5.221429,6.450000,4.500000,-1.950000
33,46.666983,16.402500,5.181034,4.050000,-2.000000,2.050000
34,45.115500,0.122500,5.020000,0.350000,0.500000,0.150000
35,43.664113,0.122500,4.869355,0.350000,1.750000,2.100000
36,42.330859,1.000000,4.748437,1.000000,1.250000,2.250000
37,41.208409,5.290000,4.674242,2.300000,3.500000,1.200000
38,40.062574,2.250000,4.580882,1.500000,-0.500000,1.000000
39,39.010500,3.240000,4.501429,1.800000,-0.500000,1.300000
40,37.993611,2.402500,4.419444,1.550000,-1.000000,0.550000
41,36.967838,0.040000,4.305405,0.200000,-1.000000,-1.200000
42,36.679474,26.010000,4.326316,5.100000,2.500000,-2.600000
43,36.026731,11.222500,4.301282,3.350000,1.500000,-1.850000
44,35.358625,9.302500,4.270000,3.050000,-3.500000,-0.450000
45,34.566707,2.890000,4.207317,1.700000,0.500000,-1.200000
46,34.517262,32.490000,4.242857,5.700000,-6.000000,-0.300000
47,33.916919,8.702500,4.212791,2.950000,2.000000,-0.950000
48,33.232500,3.802500,4.161364,1.950000,-0.250000,-2.200000
49,35.562056,138.062500,4.330000,11.750000,-10.250000,1.500000
50,34.789022,0.002500,4.236957,0.050000,3.000000,2.950000
51,34.055266,0.302500,4.158511,0.550000,-1.500000,-0.950000
52,33.856250,24.502500,4.175000,4.950000,-5.250000,-0.300000
53,35.007143,90.250000,4.283673,9.500000,-7.250000,2.250000
54,35.603050,64.802500,4.359000,8.050000,-13.000000,-4.950000
55,35.250833,17.640000,4.355882,4.200000,-2.250000,1.950000
56,35.773125,62.410000,4.424038,7.900000,10.750000,2.850000
57,35.140613,2.250000,4.368868,1.500000,-0.500000,1.000000
58,34.640278,8.122500,4.340741,2.850000,0.500000,-2.350000
59,34.755182,40.960000,4.378182,6.400000,2.000000,-4.400000
60,35.335268,67.240000,4.446429,8.200000,-7.000000,1.200000
61,35.078553,20.702500,4.448246,4.550000,-5.500000,-0.950000
62,37.061034,150.062500,4.582759,12.250000,7.500000,-4.750000
63,36.438983,0.360000,4.515254,0.600000,-0.500000,0.100000
64,36.215667,23.040000,4.520000,4.800000,2.500000,-2.300000
65,35.663934,2.560000,4.472131,1.600000,-1.000000,-2.600000
66,35.110040,1.322500,4.418548,1.150000,0.000000,-1.150000
67,34.565595,0.810000,4.362698,0.900000,-0.500000,-1.400000
68,34.025859,0.022500,4.296875,0.150000,-0.500000,-0.350000
69,33.541769,2.560000,4.255385,1.600000,-5.500000,-3.900000
70,35.307235,150.062500,4.376515,12.250000,-13.000000,-0.750000
71,40.196716,362.902500,4.595522,19.050000,-14.000000,5.050000
72,53.601507,951.722500,4.981618,30.850000,-31.500000,-0.650000
73,56.329058,241.802500,5.134783,15.550000,8.000000,-7.550000
74,55.644500,8.410000,5.102857,2.900000,10.500000,7.600000
75,55.674296,57.760000,5.138028,7.600000,9.750000,2.150000
76,55.255243,25.502500,5.136806,5.050000,3.750000,-1.300000
77,54.967123,34.222500,5.146575,5.850000,-10.750000,-4.900000
78,56.252196,150.062500,5.242568,12.250000,-15.750000,-3.500000
79,56.212700,53.290000,5.270000,7.300000,-8.500000,-1.200000
80,55.490461,1.322500,5.215789,1.150000,2.000000,0.850000
81,55.326981,42.902500,5.233117,6.550000,-7.000000,-0.450000
82,55.977788,106.090000,5.298077,10.300000,8.500000,-1.800000
83,55.283165,1.102500,5.244304,1.050000,-2.500000,-1.450000
84,55.049656,36.602500,5.254375,6.050000,5.000000,-1.050000
85,54.716821,28.090000,5.254938,5.300000,-8.000000,-2.700000
86,54.194695,11.902500,5.232927,3.450000,2.500000,-0.950000
87,53.574548,2.722500,5.189759,1.650000,-1.500000,-3.150000
88,55.171161,187.690000,5.291071,13.700000,-15.000000,-1.300000
89,57.982353,294.122500,5.430588,17.150000,-19.750000,-2.600000
90,57.699302,33.640000,5.434884,5.800000,-17.250000,-11.450000
91,57.335057,26.010000,5.431034,5.100000,0.500000,-4.600000
92,76.066364,1705.690000,5.838636,41.300000,-37.500000,3.800000
93,87.708567,1112.222500,6.147753,33.350000,22.000000,-11.350000
94,88.670028,174.240000,6.226111,13.200000,9.500000,-3.700000
95,88.794533,100.000000,6.267582,10.000000,-7.500000,2.500000
96,92.807201,457.960000,6.432065,21.400000,-25.000000,-3.600000
97,93.288768,137.592900,6.489032,11.730000,4.130000,-7.600000
98,92.755535,43.164900,6.489894,6.570000,1.370000,-5.200000
99,95.076951,313.290000,6.607895,17.700000,4.500000,-13.200000
100,94.089170,0.250000,6.544271,0.500000,1.250000,0.750000
101,94.129591,98.010000,6.578866,9.900000,-12.250000,-2.350000
102,97.528767,427.248900,6.722653,20.670000,-23.870000,-3.200000
103,96.832744,28.622500,6.708788,5.350000,-12.500000,-7.150000
104,97.875141,201.072400,6.783500,14.180000,-16.630000,-2.450000
105,112.629075,1588.022500,7.110891,39.850000,27.500000,-12.350000
106,111.574501,5.062500,7.063235,2.250000,-3.750000,-1.500000
107,110.646593,16.000000,7.033495,4.000000,6.250000,2.250000
108,109.889631,31.922500,7.020192,5.650000,-8.000000,-2.350000
109,109.853444,106.090000,7.051429,10.300000,-12.250000,-1.950000
110,109.482751,70.560000,7.064151,8.400000,4.250000,-4.150000
111,110.618800,231.040000,7.140187,15.200000,12.500000,-2.700000
112,111.087978,161.290000,7.191667,12.700000,-12.500000,0.200000
113,112.878455,306.250000,7.286239,17.500000,13.000000,-4.500000
114,112.952287,121.000000,7.320000,11.000000,11.000000,0.000000
115,111.939114,0.490000,7.260360,0.700000,-4.750000,-4.050000
116,113.043429,235.622500,7.332589,15.350000,10.750000,-4.600000
117,112.109970,7.562500,7.292035,2.750000,1.500000,-1.250000
118,111.144992,2.102500,7.240789,1.450000,-1.500000,-2.950000
119,110.491557,36.000000,7.230000,6.000000,-5.000000,1.000000
120,110.471458,108.160000,7.257328,10.400000,5.250000,-5.150000
121,110.040612,60.062500,7.261538,7.750000,8.500000,0.750000
122,111.594818,293.436900,7.345169,17.130000,15.630000,-1.500000
123,110.738848,9.734400,7.309664,3.120000,4.620000,1.500000
124,109.822045,0.722500,7.255833,0.850000,-2.750000,-1.900000
125,109.268991,42.902500,7.250000,6.550000,6.250000,-0.300000
126,109.254793,107.536900,7.275574,10.370000,-12.370000,-2.000000
127,108.638156,33.408400,7.263415,5.780000,-4.880000,0.900000
128,107.997203,29.160000,7.248387,5.400000,2.250000,-3.150000
129,107.536506,50.410000,7.247200,7.100000,4.500000,-2.600000
130,106.785898,12.960000,7.218254,3.600000,1.000000,-2.600000
131,106.611521,84.640000,7.233858,9.200000,-9.750000,-0.550000
132,106.041431,33.640000,7.222656,5.800000,4.250000,-1.550000
133,105.293901,9.610000,7.190698,3.100000,2.000000,-1.100000
134,105.139278,85.192900,7.206385,9.230000,6.380000,-2.850000
135,105.832871,196.000000,7.258244,14.000000,11.500000,-2.500000
136,105.031114,0.000900,7.203485,0.030000,-0.380000,-0.350000
137,105.102233,114.490000,7.229774,10.700000,-10.750000,-0.050000
138,104.819679,67.240000,7.237015,8.200000,9.500000,1.300000
139,104.069978,3.610000,7.197481,1.900000,-0.750000,1.150000
140,103.460346,21.160000,7.178382,4.600000,-5.000000,-0.400000
141,102.950708,33.640000,7.168321,5.800000,-6.750000,-0.950000
142,103.018891,112.360000,7.193188,10.600000,8.500000,-2.100000
143,102.373594,13.322500,7.167698,3.650000,-5.250000,-1.600000
144,101.736267,13.147876,7.142400,3.626000,-0.750000,2.876000
145,101.563953,77.440000,7.154156,8.800000,3.000000,-5.800000
146,101.155474,43.560000,7.150254,6.600000,7.250000,0.650000
147,100.554457,15.210000,7.127524,3.900000,0.500000,-3.400000
148,99.870763,2.102500,7.088097,1.450000,-0.250000,-1.700000
149,99.410016,33.062500,7.078869,5.750000,3.250000,-2.500000
150,98.955581,33.062500,7.069767,5.750000,4.250000,-1.500000
151,98.295294,1.893376,7.031034,1.376000,-1.000000,0.376000
152,99.618451,294.122500,7.099405,17.150000,16.250000,-0.900000
153,98.984637,5.180176,7.067034,2.276000,1.500000,-0.776000
154,98.333556,1.322500,7.027587,1.150000,-1.500000,-2.650000
155,97.701480,2.890000,6.992305,1.700000,-1.000000,0.700000
156,97.917611,130.553476,7.021474,11.426000,-14.500000,-3.074000
157,97.394353,17.859076,7.003203,4.226000,-2.500000,-6.726000
158,96.766078,0.640000,6.962922,0.800000,-3.250000,-4.050000
159,97.070813,144.000000,6.995419,12.000000,8.500000,-3.500000
160,96.638965,29.702500,6.985513,5.450000,-8.750000,-3.300000
161,96.023685,0.040000,6.942293,0.200000,-4.500000,-4.300000
162,95.416952,0.160000,6.900886,0.400000,5.000000,5.400000
163,95.209362,62.410000,6.907170,7.900000,-5.750000,2.150000
164,94.683359,11.048976,6.884775,3.324000,2.000000,-1.324000
165,94.154953,9.610000,6.861267,3.100000,-2.250000,0.850000
166,93.733048,25.806400,6.850272,5.080000,1.630000,-3.450000
167,93.181808,3.880900,6.820331,1.970000,-0.130000,-2.100000
168,93.003870,64.000000,6.827524,8.000000,4.750000,-3.250000
169,92.611998,28.344976,6.818412,5.324000,6.750000,1.426000
170,92.108312,9.000000,6.795410,3.000000,-3.000000,0.000000
171,91.731376,29.160000,6.787054,5.400000,-5.750000,-0.350000
172,91.372022,31.360000,6.779988,5.600000,-3.500000,2.100000
173,90.985265,26.010000,6.770047,5.100000,-6.000000,-0.900000
174,91.269116,139.240000,6.799635,11.800000,-14.750000,-2.950000
175,93.735510,513.022500,6.892327,22.650000,7.250000,-15.400000
176,93.795420,104.040000,6.911558,10.200000,-13.750000,-3.550000
177,93.412571,27.562500,6.901954,5.250000,-5.500000,-0.250000
178,92.883317,1.322500,6.868897,1.150000,3.500000,4.650000
179,92.990984,111.724900,6.890046,10.570000,-13.120000,-2.550000
180,92.786504,57.002500,6.893795,7.550000,10.000000,2.450000
181,92.383398,21.436900,6.881006,4.630000,-1.880000,2.750000
182,92.714058,151.240804,6.911438,12.298000,9.250000,-3.048000
183,92.247257,9.156676,6.889732,3.026000,2.500000,-0.526000
184,91.739016,0.763876,6.856311,0.874000,-0.500000,-1.374000
185,91.465596,42.250000,6.854343,6.500000,6.500000,0.000000
186,91.307688,62.726400,6.860198,7.920000,-7.120000,0.800000
187,90.977423,30.869136,6.853071,5.556000,-3.130000,2.426000
188,90.483035,0.010000,6.816370,0.100000,-0.750000,-0.850000
189,90.957302,178.222500,6.851686,13.350000,11.750000,-1.600000
190,91.027639,104.040000,6.869688,10.200000,-9.500000,0.700000
191,90.802893,49.000000,6.870385,7.000000,4.000000,-3.000000
192,90.423816,19.536400,6.857351,4.420000,-6.370000,-1.950000
193,90.111309,31.360000,6.850698,5.600000,-7.000000,-1.400000
194,89.772327,25.704900,6.841326,5.070000,-5.130000,-10.200000
195,89.847027,104.040000,6.858911,10.200000,-13.000000,-2.800000
196,90.574504,229.522500,6.902094,15.150000,10.000000,-5.150000
197,90.106035,0.160000,6.868404,0.400000,-1.500000,-1.900000
198,89.771780,25.260676,6.858907,5.026000,-7.000000,-1.974000
199,90.068451,147.622500,6.886041,12.150000,13.000000,0.850000
200,89.897747,56.610576,6.889296,7.524000,7.250000,-0.274000
201,89.609244,33.062500,6.883513,5.750000,-5.750000,0.000000
202,89.275472,23.522500,6.873242,4.850000,6.000000,1.150000
203,89.103965,55.145476,6.876020,7.426000,5.250000,-2.176000
204,88.736457,15.602500,6.861390,3.950000,4.250000,0.300000
205,88.331953,7.431076,6.840816,2.726000,-0.250000,2.476000
206,88.269369,75.690000,6.850020,8.700000,-6.000000,2.700000
207,87.975542,28.622500,6.842631,5.350000,6.000000,0.650000
208,88.051693,103.510276,6.858961,10.174000,12.250000,2.076000
209,88.060010,89.756676,6.871717,9.474000,-6.750000,2.724000
210,88.021381,80.102500,6.881806,8.950000,7.750000,-1.200000
211,87.647183,10.562500,6.864261,3.250000,-2.000000,1.250000
212,87.623928,82.810000,6.875010,9.100000,6.000000,-3.100000
213,87.327859,25.745476,6.866392,5.074000,-6.500000,-1.426000
214,86.957185,9.486400,6.848362,3.080000,4.380000,1.300000
215,86.628429,17.589636,6.835782,4.194000,0.870000,-3.324000
216,87.309616,231.040000,6.875236,15.200000,10.750000,-4.450000
217,86.907646,1.690000,6.849061,1.300000,0.750000,-0.550000
218,86.581086,17.023876,6.836336,4.126000,6.000000,1.874000
219,86.431294,54.375876,6.838837,7.374000,2.750000,-4.624000
220,86.031566,0.090000,6.808565,0.300000,3.500000,3.200000
221,85.647653,2.722500,6.784793,1.650000,-2.500000,-0.850000
222,85.704361,98.010000,6.799083,9.900000,-7.000000,2.900000
223,85.992652,148.840000,6.823744,12.200000,8.750000,-3.450000
224,85.734322,29.160000,6.817273,5.400000,-1.500000,3.900000
225,85.346938,0.122500,6.788009,0.350000,-0.250000,-0.600000
226,84.971321,1.960000,6.763739,1.400000,-1.000000,-2.400000
227,85.050086,102.535876,6.778816,10.126000,-8.500000,1.626000
228,84.744494,16.597476,6.766741,4.074000,-1.500000,2.574000
229,84.378529,2.402500,6.743556,1.550000,6.250000,4.700000
230,84.157949,34.527376,6.739717,5.876000,-5.750000,0.126000
231,83.787346,0.030976,6.710802,0.176000,1.500000,1.324000
232,83.426450,1.503076,6.686746,1.226000,-4.500000,-3.274000
233,83.075515,3.062500,6.665188,1.750000,-2.750000,-1.000000
234,83.507413,182.412036,6.694930,13.506000,9.880000,-3.626000
235,83.149037,0.722500,6.669628,0.850000,0.000000,-0.850000
236,83.054899,61.308900,6.674629,7.830000,-6.880000,0.950000
237,83.027034,76.562500,6.683536,8.750000,8.750000,0.000000
238,82.675305,0.722500,6.658607,0.850000,-0.250000,-1.100000
239,82.370569,11.062276,6.644426,3.326000,-2.750000,-6.076000
240,82.059677,9.000000,6.628983,3.000000,1.500000,4.500000
241,81.771197,13.690000,6.616624,3.700000,-2.500000,-6.200000
242,81.505310,18.490000,6.606891,4.300000,-5.250000,-0.950000
243,81.466585,72.250000,6.614812,8.500000,11.750000,3.250000
244,81.144651,4.202500,6.595792,2.050000,0.500000,-1.550000
245,80.827132,4.622500,6.577344,2.150000,-3.250000,-1.100000
246,80.816782,78.322500,6.586736,8.850000,9.750000,0.900000
247,80.487917,0.902500,6.563539,0.950000,0.250000,-0.700000
248,80.239206,19.802500,6.554877,4.450000,2.750000,-1.700000
249,79.928025,4.000000,6.536286,2.000000,1.250000,3.250000
250,79.971841,90.706576,6.548431,9.524000,6.500000,-3.024000
251,79.698346,12.418576,6.536186,3.524000,0.750000,4.274000
252,79.534491,39.062500,6.535032,6.250000,-6.500000,-0.250000
253,79.387375,42.902500,6.535092,6.550000,5.250000,-1.300000
254,79.082786,3.240000,6.516152,1.800000,-1.250000,0.550000
255,78.790663,5.760000,6.499753,2.400000,1.500000,-0.900000
256,78.504827,6.760000,6.484278,2.600000,0.750000,-1.850000
257,78.240223,11.560000,6.472087,3.400000,-0.500000,-3.900000
258,77.968815,9.302500,6.458614,3.050000,1.750000,-1.300000
259,77.676476,3.422500,6.440541,1.850000,2.500000,0.650000
260,77.619937,63.202500,6.446438,7.950000,6.000000,-1.950000
261,77.335073,4.410000,6.429525,2.100000,-2.750000,-0.650000
262,77.048591,3.422500,6.411775,1.850000,-2.250000,-0.400000
263,76.816009,16.810000,6.402849,4.100000,4.250000,0.150000
264,76.580573,15.602500,6.393415,3.950000,0.000000,3.950000
265,76.394785,28.090000,6.389226,5.300000,-3.500000,1.800000
266,76.103669,0.122500,6.366176,0.350000,0.750000,1.100000
267,75.867771,14.062500,6.356228,3.750000,-2.750000,1.000000
268,75.582818,0.640000,6.335182,0.800000,0.750000,-0.050000
269,75.302590,1.322500,6.315615,1.150000,1.000000,-0.150000
270,75.040259,5.522500,6.300707,2.350000,-2.250000,0.100000
271,74.760792,0.422500,6.279543,0.650000,0.750000,0.100000
272,74.483177,0.360000,6.258351,0.600000,-1.000000,-0.400000
273,74.210386,1.102500,6.238989,1.050000,0.250000,-0.800000
274,73.948903,3.610000,6.222919,1.900000,1.000000,-0.900000
275,73.676711,0.184900,6.201542,0.430000,-0.870000,-1.300000
276,73.446024,10.929636,6.190897,3.306000,-3.380000,-0.074000
277,73.190919,3.802500,6.175363,1.950000,-3.500000,-1.550000
278,72.933142,2.560000,6.158664,1.600000,-0.750000,-2.350000
279,72.774912,29.419776,6.155993,5.424000,-6.250000,-0.826000
280,72.664314,42.250000,6.157239,6.500000,2.750000,-3.750000
281,72.406356,1.210000,6.138982,1.100000,-1.500000,-2.600000
282,72.223681,21.622500,6.133626,4.650000,-5.500000,-0.850000
283,72.083318,33.062500,6.132251,5.750000,-2.500000,3.250000
284,72.071913,68.890000,6.139993,8.300000,6.250000,-2.050000
285,71.841373,7.290000,6.127751,2.700000,-1.750000,0.950000
286,71.693107,30.030400,6.125454,5.480000,3.130000,-2.350000
287,71.478723,11.022400,6.115541,3.320000,3.870000,0.550000
288,71.230215,0.902500,6.097352,0.950000,-0.250000,0.700000
289,70.980363,0.022500,6.076484,0.150000,-0.250000,-0.400000
290,70.739531,2.102500,6.060308,1.450000,-0.250000,1.200000
291,70.493087,0.010000,6.039540,0.100000,0.750000,0.650000
292,70.249370,0.302500,6.020479,0.550000,1.250000,0.700000
293,70.049263,12.418576,6.011841,3.524000,3.250000,-0.274000
294,69.838749,9.000000,6.001455,3.000000,-3.750000,-0.750000
295,69.623361,7.160976,5.990027,2.676000,0.500000,-2.176000
296,69.526253,41.267776,5.991514,6.424000,4.000000,-2.424000
297,69.289068,0.030976,5.971666,0.176000,-2.750000,-2.574000
298,69.134259,23.775376,5.967939,4.876000,3.000000,-1.876000
299,68.900211,0.090000,5.948725,0.300000,-0.750000,-0.450000
300,68.821367,45.562500,5.951432,6.750000,2.750000,-4.000000
301,68.672145,24.502500,5.948061,4.950000,4.750000,-0.200000
302,68.446534,1.440000,5.932128,1.200000,-0.250000,-1.450000
303,68.248728,9.302500,5.922488,3.050000,0.250000,3.300000
304,68.036641,4.622500,5.909913,2.150000,0.000000,2.150000
305,67.895331,25.502500,5.907056,5.050000,-3.500000,1.550000
306,67.714626,13.322500,5.899583,3.650000,4.750000,1.100000
307,67.631875,42.640900,5.901663,6.530000,6.630000,0.100000
308,67.977707,172.764736,5.925487,13.144000,13.120000,-0.024000
309,67.819173,19.624900,5.920584,4.430000,7.630000,3.200000
310,67.832543,71.910400,5.928948,8.480000,-4.880000,3.600000
311,67.618158,2.016400,5.914261,1.420000,-2.370000,-0.950000
312,67.450411,15.952036,5.908026,3.994000,3.870000,-0.124000
313,67.233492,0.422500,5.891010,0.650000,-0.250000,0.400000
314,67.146682,40.322500,5.892490,6.350000,-3.250000,3.100000
315,66.983518,16.402500,5.886566,4.050000,-2.250000,1.800000
316,66.773442,1.440000,5.871545,1.200000,0.000000,-1.200000
317,66.756986,61.622500,5.877866,7.850000,9.500000,1.650000
318,66.699278,48.636676,5.881357,6.974000,7.000000,0.026000
319,66.508177,6.502500,5.870781,2.550000,4.000000,1.450000
320,66.308539,3.422500,5.858057,1.850000,1.500000,-0.350000
321,66.122021,7.182400,5.848032,2.680000,2.130000,-0.550000
322,65.974805,19.307236,5.843459,4.394000,5.370000,0.976000
323,65.805820,12.068676,5.836031,3.474000,-1.500000,1.974000
324,65.787872,60.062500,5.842012,7.750000,-4.750000,3.000000
325,65.594171,3.610000,5.829732,1.900000,1.250000,-0.650000
326,65.426872,11.723776,5.822261,3.424000,3.750000,0.326000
327,65.297920,23.775376,5.819331,4.876000,-3.250000,1.626000
328,65.254169,51.122500,5.823438,7.150000,-7.250000,-0.100000
329,65.109751,18.318400,5.818689,4.280000,2.030000,-2.250000
330,65.190963,91.584900,5.830196,9.570000,9.720000,0.150000
331,65.007780,5.290000,5.819401,2.300000,0.500000,2.800000
332,64.911229,33.339076,5.819262,5.774000,4.500000,-1.274000
333,64.769453,18.267076,5.814565,4.274000,-3.750000,0.524000
334,64.574887,0.562500,5.799218,0.750000,-0.750000,-1.500000
335,64.380114,0.104976,5.782677,0.324000,1.500000,1.176000
336,64.191102,1.628176,5.769102,1.276000,-2.000000,-0.724000
337,64.005776,2.477476,5.756505,1.574000,-3.000000,-1.426000
338,63.820436,2.102500,5.743611,1.450000,-4.250000,-2.800000
339,63.776196,49.000000,5.747361,7.000000,4.250000,-2.750000
340,63.586862,0.160000,5.731446,0.400000,-1.000000,-0.600000
341,63.398400,0.075076,5.715252,0.274000,-1.500000,-1.774000
342,63.212175,0.454276,5.700337,0.674000,-1.500000,-0.826000
343,63.124941,33.640000,5.700631,5.800000,-5.000000,0.800000
344,62.945897,2.250000,5.688276,1.500000,2.000000,0.500000
345,63.001489,81.902500,5.698135,9.050000,10.000000,0.950000
346,62.888225,24.265476,5.695877,4.926000,7.250000,2.324000
347,62.838659,45.887076,5.699020,6.774000,-4.000000,2.774000
348,62.656400,0.141376,5.683547,0.376000,0.750000,1.126000
349,62.555411,27.815076,5.682359,5.274000,-4.000000,1.274000
350,62.375836,0.422500,5.667815,0.650000,0.000000,0.650000
351,62.247545,17.859076,5.663660,4.226000,-1.750000,2.476000
352,62.134880,23.040000,5.661178,4.800000,-6.000000,-1.200000
353,61.977639,7.257636,5.652676,2.694000,2.750000,0.056000
354,61.803106,0.891136,5.639223,0.944000,3.250000,4.194000
355,61.683446,19.802500,5.635835,4.450000,-4.750000,-0.300000
356,61.518464,3.610000,5.625222,1.900000,-0.250000,1.650000
357,61.367623,8.271376,5.617433,2.876000,-4.000000,-1.124000
358,61.200012,2.033476,5.605593,1.426000,-0.750000,-2.176000
359,61.032204,1.628176,5.593397,1.276000,-1.500000,-0.224000
360,60.861158,0.139876,5.578736,0.374000,-2.250000,-2.624000
361,60.748059,20.484676,5.575787,4.526000,0.750000,-3.776000
362,60.640076,22.090000,5.573341,4.700000,-6.500000,-1.800000
363,60.498801,9.922500,5.566591,3.150000,-2.250000,0.900000
364,60.512999,65.610000,5.573628,8.100000,-8.000000,0.100000
365,60.467873,44.222500,5.576609,6.650000,-4.500000,2.150000
366,60.304177,1.210000,5.564243,1.100000,2.000000,0.900000
367,60.531445,142.802500,5.581835,11.950000,-9.750000,2.200000
368,60.808254,161.290000,5.601390,12.700000,12.000000,-0.700000
369,60.641862,0.075076,5.586795,0.274000,3.250000,3.524000
370,60.515627,14.440000,5.581913,3.800000,3.250000,-0.550000
371,60.581361,84.640000,5.591771,9.200000,-9.000000,0.200000
372,60.564739,54.464400,5.596630,7.380000,4.880000,-2.500000
373,60.497519,35.760400,5.597669,5.980000,-3.880000,2.100000
374,60.357949,8.856576,5.590584,2.976000,-3.000000,-0.024000
375,60.219099,8.844676,5.583531,2.974000,-2.500000,0.474000
376,60.061763,1.690000,5.572016,1.300000,1.000000,2.300000
377,59.902911,0.810000,5.559491,0.900000,2.750000,1.850000
378,59.742849,0.040000,5.545160,0.200000,-2.250000,-2.050000
379,59.584139,0.226576,5.531643,0.476000,-3.500000,-3.024000
380,59.474846,18.490000,5.528367,4.300000,-0.250000,-4.550000
381,59.319482,0.902500,5.516223,0.950000,-1.250000,-2.200000
382,59.164695,0.810000,5.504011,0.900000,-1.250000,-2.150000
383,59.051866,16.402500,5.500174,4.050000,1.750000,-2.300000
384,58.934466,14.440000,5.495700,3.800000,0.500000,-3.300000
385,58.852125,27.562500,5.495055,5.250000,2.500000,-2.750000
386,58.708016,3.802500,5.485775,1.950000,1.500000,3.450000
387,58.756925,77.440000,5.494428,8.800000,10.000000,1.200000
388,58.972688,141.610000,5.511109,11.900000,-8.500000,3.400000
389,58.819571,0.022500,5.497184,0.150000,0.500000,0.350000
390,58.712324,17.422276,5.493756,4.174000,-3.000000,1.174000
391,58.631833,27.562500,5.493127,5.250000,5.750000,0.500000
392,58.515510,13.498276,5.488438,3.674000,4.000000,0.326000
393,58.452160,33.872400,5.489290,5.820000,-4.620000,1.200000
394,58.326355,9.388096,5.483072,3.064000,1.870000,-1.194000
395,58.185069,3.083536,5.473540,1.756000,4.500000,2.744000
396,58.075438,15.210000,5.469526,3.900000,2.000000,-1.900000
397,58.045323,46.240000,5.472911,6.800000,8.750000,1.950000
398,57.917530,7.695076,5.466061,2.774000,2.750000,-0.024000
399,57.774393,1.378276,5.455195,1.174000,-3.000000,-1.826000
400,57.646907,7.290000,5.448237,2.700000,-1.500000,1.200000
401,57.508980,2.890000,5.438796,1.700000,-0.500000,-2.200000
402,57.367808,1.322500,5.428020,1.150000,-5.500000,-4.350000
403,57.321930,39.062500,5.430080,6.250000,2.250000,-4.000000
404,57.206682,11.222500,5.424880,3.350000,3.750000,0.400000
405,57.109065,18.062500,5.421950,4.250000,-4.000000,0.250000
406,56.971879,1.960000,5.411945,1.400000,1.500000,0.100000
407,56.884163,21.622500,5.410055,4.650000,-8.000000,-3.350000
408,56.755341,4.840000,5.402109,2.200000,1.500000,-0.700000
409,56.633204,7.290000,5.395437,2.700000,-1.000000,1.700000
410,56.570955,31.360000,5.395941,5.600000,2.250000,-3.350000
411,56.444957,5.290000,5.388334,2.300000,2.750000,0.450000
412,56.308276,0.678976,5.377147,0.824000,0.500000,-0.324000
413,56.170628,0.010000,5.364244,0.100000,2.500000,2.600000
414,56.119974,35.402500,5.365673,5.950000,8.000000,2.050000
415,56.005326,9.000000,5.359917,3.000000,-2.000000,1.000000
416,55.898281,11.902500,5.355282,3.450000,1.500000,4.950000
417,55.763806,0.360000,5.343768,0.600000,-1.000000,-0.400000
418,55.636936,3.240000,5.335208,1.800000,-0.500000,1.300000
419,55.516179,5.522500,5.328014,2.350000,-1.000000,1.350000
420,55.382943,0.090000,5.315928,0.300000,-0.500000,-0.800000
421,55.252204,0.864900,5.305410,0.930000,0.130000,-0.800000
422,55.144214,10.112400,5.300325,3.180000,-5.130000,-1.950000
423,55.086119,30.802500,5.300921,5.550000,4.250000,-1.300000
424,55.005343,21.160000,5.299252,4.600000,2.250000,-2.350000
425,54.877308,1.102500,5.289159,1.050000,-2.000000,-0.950000
426,54.855235,45.562500,5.292621,6.750000,8.000000,1.250000
427,54.756191,12.960000,5.288619,3.600000,-4.500000,-0.900000
428,54.822356,82.810000,5.297608,9.100000,-7.750000,1.350000
429,54.741009,20.250000,5.295732,4.500000,-1.750000,2.750000
430,54.708660,40.960000,5.298324,6.400000,3.500000,-2.900000
431,54.581854,0.562500,5.287672,0.750000,-2.250000,-3.000000
432,54.468077,5.885476,5.280986,2.426000,-0.500000,1.926000
433,54.474690,57.304900,5.286322,7.570000,7.750000,0.180000
434,54.363798,6.791236,5.280088,2.606000,4.500000,1.894000
435,54.417339,77.440000,5.288255,8.800000,8.000000,-0.800000
436,54.379610,38.118276,5.290306,6.174000,-7.000000,-0.826000
437,54.254023,0.000576,5.278143,0.024000,0.000000,-0.024000
438,54.166361,16.208676,5.275258,4.026000,3.000000,-1.026000
439,54.054536,5.522500,5.268533,2.350000,3.500000,1.150000
440,53.972966,18.490000,5.266312,4.300000,7.000000,2.700000
441,53.904985,24.265476,5.265533,4.926000,2.000000,-2.926000
442,54.266849,212.401476,5.286785,14.574000,12.250000,-2.324000
443,54.160789,7.706176,5.281066,2.776000,2.000000,-0.776000
444,54.090585,23.270976,5.280027,4.824000,2.500000,-2.324000
445,54.057189,39.363076,5.282281,6.274000,-0.750000,5.524000
446,54.063852,57.002500,5.287412,7.550000,-8.000000,-0.450000
447,53.954814,5.760000,5.280894,2.400000,-3.000000,-0.600000
448,53.895372,27.562500,5.280824,5.250000,2.000000,-3.250000
449,53.794484,9.000000,5.275699,3.000000,8.500000,5.500000
450,53.847501,77.440000,5.283601,8.800000,3.750000,-5.050000
451,53.761063,15.210000,5.280506,3.900000,-6.000000,-2.100000
452,53.733924,41.602500,5.283116,6.450000,-7.000000,-0.550000
453,53.819505,92.160000,5.292731,9.600000,9.750000,0.150000
454,53.796706,43.560000,5.295636,6.600000,-5.500000,1.100000
455,53.788443,50.069776,5.299583,7.076000,-4.500000,2.576000
456,53.715364,20.757136,5.297938,4.556000,-4.000000,0.556000
457,53.599193,1.089936,5.288547,1.044000,1.500000,2.544000
458,53.506987,11.737476,5.284445,3.426000,3.000000,-0.426000
459,53.392166,1.263376,5.275301,1.124000,2.500000,1.376000
460,53.275308,0.104976,5.264443,0.324000,1.000000,0.676000
461,53.182909,11.048976,5.260197,3.324000,1.500000,4.824000
462,53.121374,25.000000,5.259629,5.000000,-2.500000,2.500000
463,53.037935,14.822500,5.256558,3.850000,-2.000000,1.850000
464,53.040075,54.022500,5.261109,7.350000,-4.500000,2.850000
465,53.035172,50.779876,5.265154,7.126000,-8.250000,-1.124000
466,52.940171,9.144576,5.260303,3.024000,-0.250000,-3.274000
467,52.952228,58.522500,5.265464,7.650000,-8.000000,-0.350000
468,52.841474,1.562500,5.256810,1.250000,1.250000,0.000000
469,52.960438,108.160000,5.267871,10.400000,6.000000,-4.400000
470,53.106446,121.000000,5.280172,11.000000,6.750000,-4.250000
471,53.090292,45.562500,5.283319,6.750000,7.250000,0.500000
472,53.086087,51.122500,5.287308,7.150000,6.750000,-0.400000
473,53.019001,21.622500,5.285949,4.650000,-2.500000,2.150000
474,53.035641,60.840000,5.291298,7.800000,-6.500000,1.300000
475,52.931112,3.802500,5.284204,1.950000,4.500000,2.550000
476,52.824738,2.722500,5.276504,1.650000,-3.000000,-1.350000
477,52.736081,10.890000,5.272326,3.300000,-0.500000,-3.800000
478,52.626532,0.810000,5.263101,0.900000,-3.000000,-3.900000
479,52.518553,1.336336,5.254455,1.156000,-1.000000,0.156000
480,52.509521,48.219136,5.258004,6.944000,-4.750000,2.194000
481,52.411513,5.760000,5.252013,2.400000,0.000000,2.400000
482,52.313165,5.400976,5.245887,2.324000,0.750000,-1.574000
483,52.428714,107.661376,5.256597,10.376000,7.500000,-2.876000
484,52.323285,1.822500,5.248458,1.350000,0.000000,1.350000
485,52.228023,6.502500,5.242848,2.550000,-0.500000,2.050000
486,52.122908,1.562500,5.234564,1.250000,0.500000,-0.750000
487,52.022467,3.610000,5.227660,1.900000,-0.500000,-2.400000
488,51.928418,6.502500,5.222128,2.550000,1.500000,-1.050000
489,51.851911,14.822500,5.219299,3.850000,6.000000,2.150000
490,51.769343,11.723776,5.215605,3.424000,3.000000,-0.424000
491,51.695894,16.000000,5.213109,4.000000,5.500000,1.500000
492,51.750457,78.322500,5.220561,8.850000,8.000000,-0.850000
493,51.772256,62.410000,5.226041,7.900000,10.000000,2.100000
494,51.854680,92.160000,5.234967,9.600000,-7.000000,2.600000
495,51.755307,3.062500,5.227870,1.750000,1.500000,-0.250000
496,51.686825,18.062500,5.225882,4.250000,-3.500000,0.750000
497,51.604747,11.222500,5.222077,3.350000,5.000000,1.650000
498,51.922962,208.802500,5.240757,14.450000,15.500000,1.050000
499,51.845366,13.512976,5.237596,3.676000,4.500000,0.824000
500,51.823471,40.985604,5.239944,6.402000,3.000000,-3.402000
501,51.759943,20.250000,5.238455,4.500000,-1.000000,3.500000
502,52.921088,630.010000,5.278337,25.100000,26.000000,0.900000
503,52.913960,49.364676,5.281840,7.026000,-11.000000,-3.974000
504,52.816953,4.410000,5.275476,2.100000,3.000000,0.900000
505,52.711849,0.160000,5.265745,0.400000,-1.000000,-1.400000
506,52.683419,38.440000,5.267606,6.200000,-10.000000,-3.800000
507,52.656987,39.388176,5.269610,6.276000,5.000000,-1.276000
508,52.602112,25.000000,5.269075,5.000000,2.500000,-2.500000
509,52.613110,58.155876,5.273743,7.626000,-3.500000,4.126000
510,52.568914,30.250000,5.274190,5.500000,-6.000000,-0.500000
511,52.510671,23.040000,5.273254,4.800000,-6.000000,-1.200000
512,52.558017,76.562500,5.280098,8.750000,-10.000000,-1.250000
513,52.606901,77.440000,5.287014,8.800000,5.000000,-3.800000
514,53.111123,309.760000,5.311157,17.600000,13.000000,-4.600000
515,53.033603,13.498276,5.307953,3.674000,-1.000000,2.674000
516,52.930847,0.422500,5.298855,0.650000,-1.500000,-0.850000
517,52.860821,17.007376,5.296565,4.124000,-3.500000,0.624000
518,52.767828,5.062500,5.290638,2.250000,0.000000,-2.250000
519,52.676550,5.760000,5.285025,2.400000,1.000000,-1.400000
520,52.584716,5.290000,5.279240,2.300000,3.000000,0.700000
521,52.506699,12.250000,5.275799,3.500000,2.000000,-1.500000
522,52.427000,11.222500,5.272081,3.350000,4.000000,0.650000
523,52.505411,93.122500,5.280516,9.650000,8.000000,-1.650000
524,52.408766,2.250000,5.273246,1.500000,1.500000,0.000000
525,52.309402,0.640000,5.264660,0.800000,-2.500000,-1.700000
526,52.227318,9.461776,5.260467,3.076000,1.000000,-2.076000
527,52.127845,0.202500,5.251270,0.450000,0.000000,0.450000
528,52.038903,5.522500,5.245733,2.350000,1.500000,-0.850000
529,51.940358,0.302500,5.236789,0.550000,1.250000,0.700000
530,52.214235,196.000000,5.253449,14.000000,13.250000,-0.750000
531,52.216277,53.290000,5.257332,7.300000,5.500000,-1.800000
532,52.221824,55.145476,5.261439,7.426000,-9.000000,-1.574000
533,52.131050,4.202500,5.255369,2.050000,2.500000,0.450000
534,52.040237,4.000000,5.249226,2.000000,-4.500000,-2.500000
535,51.951348,4.840000,5.243484,2.200000,-0.500000,1.700000
536,51.906496,28.090000,5.243590,5.300000,-6.000000,-0.700000
537,51.816570,3.976036,5.237493,1.994000,4.500000,2.506000
538,51.775280,29.767936,5.237903,5.456000,5.500000,0.044000
539,51.736620,31.091776,5.238535,5.576000,0.000000,5.576000
540,51.645641,2.972176,5.231978,1.724000,0.500000,2.224000
541,51.601776,28.090000,5.232104,5.300000,6.750000,1.450000
542,51.661480,83.722500,5.239387,9.150000,9.750000,0.600000
543,51.567586,1.052676,5.231570,1.026000,3.500000,4.526000
544,51.552757,43.560000,5.234104,6.600000,-4.000000,2.600000
545,51.459134,0.902500,5.226185,0.950000,-1.000000,-0.050000
546,51.402387,20.702500,5.224937,4.550000,-3.750000,0.800000
547,51.316236,4.622500,5.219274,2.150000,-2.500000,-0.350000
548,51.236317,7.840000,5.214827,2.800000,-2.750000,0.050000
549,51.158819,9.000000,5.210763,3.000000,5.500000,2.500000
550,51.075236,5.522500,5.205524,2.350000,2.000000,-0.350000
551,51.074020,50.410000,5.208987,7.100000,4.500000,-2.600000
552,50.980892,0.040000,5.199847,0.200000,2.000000,1.800000
553,50.891350,1.822500,5.192834,1.350000,0.500000,1.850000
554,50.801335,1.382976,5.185531,1.176000,5.250000,4.074000
555,50.712694,1.960000,5.178661,1.400000,1.000000,-0.400000
556,50.636058,8.410000,5.174533,2.900000,2.750000,-0.150000
557,50.548294,2.102500,5.167797,1.450000,0.500000,1.950000
558,50.457056,0.002500,5.158560,0.050000,-1.500000,-1.450000
559,50.520310,85.562500,5.165932,9.250000,-8.750000,0.500000
560,50.437048,4.227136,5.160338,2.056000,-3.750000,-1.694000
561,50.354175,4.276624,5.154786,2.068000,0.750000,-1.318000
562,50.431028,93.238336,5.162853,9.656000,11.500000,1.844000
563,50.509130,94.090000,5.170970,9.700000,-6.500000,3.200000
564,50.440811,12.250000,5.167986,3.500000,-4.250000,-0.750000
565,50.350899,0.000676,5.158820,0.026000,-2.000000,-1.974000
566,50.267072,3.240000,5.152843,1.800000,-1.750000,-3.550000
567,50.180449,1.498176,5.145865,1.224000,3.250000,2.026000
568,50.189885,55.502500,5.149950,7.450000,-3.500000,3.950000
569,50.222220,68.459076,5.155480,8.274000,8.000000,-0.274000
570,50.181262,27.040000,5.155558,5.200000,4.000000,-1.200000
571,50.221687,73.102500,5.161545,8.550000,-10.000000,-1.450000
572,50.161438,16.000000,5.159500,4.000000,-1.000000,3.000000
573,50.074406,0.640000,5.151838,0.800000,-2.000000,-1.200000
574,49.996661,5.760000,5.147011,2.400000,2.500000,0.100000
575,49.986549,44.222500,5.149643,6.650000,-7.000000,-0.350000
576,49.914894,9.000000,5.145885,3.000000,-6.250000,-3.250000
577,49.955361,73.102500,5.151825,8.550000,9.250000,0.700000
578,49.883554,8.737936,5.148000,2.956000,4.500000,1.544000
579,49.797778,0.562500,5.140351,0.750000,0.750000,1.500000
580,49.718980,4.410000,5.135073,2.100000,-0.750000,1.350000
581,49.634524,0.988036,5.127896,0.994000,-0.750000,-1.744000
582,49.549499,0.490000,5.120235,0.700000,1.250000,0.550000
583,49.472665,5.062500,5.115278,2.250000,-0.500000,1.750000
584,49.408488,12.250000,5.112493,3.500000,2.500000,-1.000000
585,49.323486,0.022500,5.103952,0.150000,0.750000,0.600000
586,49.275890,21.622500,5.103172,4.650000,-2.750000,1.900000
587,49.205794,8.410000,5.099393,2.900000,3.000000,0.100000
588,71.248649,12922.232976,5.285312,113.676000,-114.500000,-0.824000
589,71.167065,23.522500,5.284568,4.850000,5.000000,0.150000
590,71.378945,195.328576,5.299399,13.976000,7.250000,-6.726000
591,71.290327,19.360000,5.297867,4.400000,3.750000,-0.650000
592,71.291959,72.250000,5.303313,8.500000,2.000000,-6.500000
593,71.204934,20.034576,5.301908,4.476000,-7.500000,-3.024000
594,71.161473,45.562500,5.304363,6.750000,-1.500000,-8.250000
595,71.046855,3.422500,5.298518,1.850000,-5.500000,-7.350000
596,70.966185,23.290276,5.297720,4.826000,3.500000,-1.326000
597,71.035989,112.360000,5.306661,10.600000,-6.750000,3.850000
598,70.962802,27.562500,5.306566,5.250000,2.250000,-3.000000
599,70.987339,85.562500,5.313193,9.250000,-5.500000,3.750000
600,70.942432,44.222500,5.315436,6.650000,-8.250000,-1.600000
601,70.847788,14.440000,5.312898,3.800000,2.250000,6.050000
602,70.781754,31.360000,5.313378,5.600000,-3.000000,2.600000
603,70.798813,81.000000,5.319533,9.000000,9.000000,0.000000
604,70.716451,21.381376,5.318373,4.624000,-3.000000,1.624000
605,70.611133,7.420176,5.314057,2.724000,2.000000,-0.724000
606,70.514491,12.432676,5.311086,3.526000,3.500000,-0.026000
607,71.660835,761.760000,5.348050,27.600000,3.500000,-24.100000
608,71.580337,23.040000,5.347142,4.800000,3.250000,-1.550000
609,71.464605,1.562500,5.340370,1.250000,2.750000,4.000000
610,71.357627,6.635776,5.335809,2.576000,-4.500000,-1.924000
611,71.274566,20.939776,5.334557,4.576000,2.000000,-2.576000
612,71.165298,4.840000,5.329401,2.200000,1.250000,-0.950000
613,71.048939,0.302500,5.321553,0.550000,-2.000000,-1.450000
614,70.932875,0.250000,5.313649,0.500000,2.500000,3.000000
615,70.824704,4.840000,5.308553,2.200000,-0.250000,1.950000
616,70.726771,10.890000,5.305271,3.300000,-3.000000,0.300000
617,70.624183,7.840000,5.301184,2.800000,-0.750000,2.050000
618,70.509225,0.040000,5.292876,0.200000,-0.250000,-0.050000
619,70.394836,0.160000,5.284920,0.400000,4.000000,3.600000
620,70.283859,2.033476,5.278656,1.426000,3.000000,4.426000
621,70.173469,2.172676,5.272489,1.474000,4.000000,5.474000
622,70.062249,1.440000,5.265900,1.200000,3.000000,1.800000
623,70.028223,49.000000,5.268701,7.000000,-2.000000,5.000000
624,69.915339,0.040000,5.260526,0.200000,-1.250000,-1.050000
625,69.861695,36.602500,5.261797,6.050000,-5.250000,0.800000
626,69.749956,0.360000,5.254302,0.600000,-1.000000,-1.600000
627,69.861497,139.240000,5.264809,11.800000,-9.500000,2.300000
628,69.837296,54.760000,5.268231,7.400000,5.000000,-2.400000
629,69.744052,11.560000,5.265242,3.400000,2.000000,-1.400000
630,69.646788,8.856576,5.261585,2.976000,0.000000,-2.976000
631,69.613858,49.000000,5.264357,7.000000,-5.000000,2.000000
632,69.511802,5.522500,5.259717,2.350000,-1.750000,-4.100000
633,69.401863,0.360000,5.252308,0.600000,-0.750000,-1.350000
634,69.294384,1.690000,5.246035,1.300000,-1.500000,-2.800000
635,69.215248,19.360000,5.244694,4.400000,-6.250000,-1.850000
636,69.108832,1.960000,5.238611,1.400000,-2.250000,-3.650000
637,69.000323,0.422500,5.231362,0.650000,-1.000000,-1.650000
638,68.982114,57.456400,5.235066,7.580000,4.130000,-3.450000
639,68.999064,79.744900,5.240885,8.930000,-3.130000,5.800000
640,68.897029,4.104676,5.235830,2.026000,0.500000,2.526000
641,68.842594,34.222500,5.236794,5.850000,-2.250000,3.600000
642,69.335349,383.219776,5.259270,19.576000,-15.500000,4.076000
643,69.249440,14.440000,5.256986,3.800000,6.750000,2.950000
644,69.198430,36.602500,5.258225,6.050000,-6.250000,-0.200000
645,69.090640,0.104976,5.250527,0.324000,4.250000,3.926000
646,68.987662,2.979076,5.245037,1.726000,0.000000,-1.726000
647,68.895803,9.922500,5.241779,3.150000,-3.500000,-0.350000
648,68.792205,2.178576,5.235932,1.476000,3.000000,1.524000
649,68.707052,13.868176,5.233588,3.724000,4.000000,0.276000
650,68.683186,53.290000,5.236786,7.300000,-5.500000,1.800000
651,68.577787,0.490000,5.229774,0.700000,0.500000,-0.200000
652,68.479426,4.840000,5.225099,2.200000,0.250000,-1.950000
653,68.398564,16.000000,5.223211,4.000000,-4.250000,-0.250000
654,68.533720,156.250000,5.234406,12.500000,-9.500000,3.000000
655,68.448911,13.322500,5.231972,3.650000,5.000000,1.350000
656,68.344426,0.324900,5.224822,0.570000,-3.870000,-3.300000
657,68.305585,42.981136,5.226861,6.556000,-6.630000,-0.074000
658,68.201157,0.010000,5.219021,0.100000,-0.750000,-0.650000
659,68.142381,29.702500,5.219374,5.450000,2.250000,-3.200000
660,68.122523,55.115776,5.222735,7.424000,7.750000,0.326000
661,68.018837,0.000576,5.214822,0.024000,2.750000,2.774000
662,67.932765,11.383876,5.212024,3.374000,0.500000,3.874000
663,67.838421,5.760000,5.207757,2.400000,1.000000,3.400000
664,67.820863,56.250000,5.211230,7.500000,2.250000,-5.250000
665,67.718378,0.078400,5.203770,0.280000,-0.120000,-0.400000
666,67.659807,28.944400,5.204036,5.380000,-3.880000,1.500000
667,67.558142,0.256036,5.196950,0.506000,-5.000000,-4.494000
668,67.491387,23.232400,5.196383,4.820000,-9.120000,-4.300000
669,67.390728,0.553536,5.189687,0.744000,-0.880000,-1.624000
670,67.621727,221.235876,5.204228,14.874000,-13.250000,1.624000
671,67.534531,9.461776,5.201037,3.076000,4.500000,1.424000
672,67.664726,154.504900,5.211859,12.430000,10.130000,-2.300000
673,67.641503,52.128400,5.214861,7.220000,7.370000,0.150000
674,67.673832,89.302500,5.221182,9.450000,-8.500000,0.950000
675,67.573816,0.562500,5.214519,0.750000,1.000000,1.750000
676,67.473631,0.250000,5.207503,0.500000,-1.000000,-0.500000
677,67.479469,71.402500,5.212321,8.450000,4.500000,-3.950000
678,67.380078,0.490000,5.205626,0.700000,2.000000,1.300000
679,67.284173,2.643876,5.200323,1.626000,6.750000,5.124000
680,67.217317,22.090000,5.199583,4.700000,-3.500000,1.200000
681,67.118754,0.490000,5.192936,0.700000,2.250000,1.550000
682,67.031739,8.122500,5.189481,2.850000,-1.000000,1.850000
683,66.934878,1.263376,5.183493,1.124000,-1.750000,-0.626000
684,66.839978,2.402500,5.178150,1.550000,-1.750000,-0.200000
685,66.744028,1.498176,5.172344,1.224000,-2.750000,-3.974000
686,66.652482,4.309776,5.167804,2.076000,-5.250000,-3.174000
687,66.568515,9.302500,5.164703,3.050000,0.500000,-2.550000
688,66.553429,56.250000,5.168117,7.500000,3.000000,-4.500000
689,66.484843,19.571776,5.167031,4.424000,2.500000,6.924000
690,66.410098,15.210000,5.165184,3.900000,-3.000000,0.900000
691,66.354319,28.090000,5.165380,5.300000,-7.000000,-1.700000
692,66.273702,10.890000,5.162669,3.300000,1.000000,-2.300000
693,67.267151,750.760000,5.194943,27.400000,3.500000,-23.900000
694,67.247956,54.022500,5.198067,7.350000,5.500000,-1.850000
695,67.249135,68.062500,5.202483,8.250000,-3.000000,5.250000
696,67.194877,29.702500,5.202841,5.450000,-3.750000,1.700000
697,67.099083,0.810000,5.196632,0.900000,0.250000,-0.650000
698,67.002575,0.122500,5.189648,0.350000,-1.500000,-1.150000
699,66.911200,3.496900,5.184872,1.870000,-1.620000,0.250000
700,66.983582,117.288900,5.192983,10.830000,-6.380000,4.450000
701,66.893218,4.000000,5.188402,2.000000,1.500000,-0.500000
702,66.809216,8.259876,5.185086,2.874000,2.500000,-0.374000
703,66.717772,2.890000,5.180100,1.700000,1.500000,-0.200000
704,66.643901,15.007876,5.178234,3.874000,-0.500000,3.374000
705,66.589662,28.622500,5.178479,5.350000,-3.000000,2.350000
706,66.497213,1.690000,5.172954,1.300000,0.000000,-1.300000
707,66.411512,6.250000,5.169152,2.500000,1.750000,-0.750000
708,66.329758,8.856576,5.166037,2.976000,-0.250000,2.726000
709,66.236757,0.763876,5.159949,0.874000,0.500000,1.374000
710,66.152512,6.760000,5.156323,2.600000,0.000000,-2.600000
711,66.067092,5.760000,5.152424,2.400000,0.000000,-2.400000
712,65.975051,0.902500,5.146489,0.950000,0.500000,-0.450000
713,65.953098,50.410000,5.149244,7.100000,6.750000,-0.350000
714,65.880544,14.440000,5.147344,3.800000,5.750000,1.950000
715,65.788574,0.490000,5.141089,0.700000,-1.000000,-1.700000
716,65.783829,62.410000,5.144963,7.900000,-10.000000,-2.100000
717,65.694314,1.960000,5.139711,1.400000,0.000000,-1.400000
718,65.666119,45.562500,5.141966,6.750000,4.750000,-2.000000
719,65.574348,0.050176,5.135088,0.224000,-2.750000,-2.974000
720,65.513275,21.846276,5.134444,4.674000,-4.000000,0.674000
721,65.428654,4.840000,5.130351,2.200000,-2.000000,0.200000
722,65.339213,1.210000,5.124738,1.100000,-0.500000,0.600000
723,65.284174,25.765776,5.124670,5.076000,-4.000000,1.076000
724,65.220390,19.360000,5.123664,4.400000,-5.000000,-0.600000
725,65.132017,1.503076,5.118258,1.226000,0.500000,-0.726000
726,65.047764,4.301476,5.114042,2.074000,4.500000,2.426000
727,64.971086,9.610000,5.111256,3.100000,4.500000,1.400000
728,64.886730,3.896676,5.106923,1.974000,-0.500000,1.474000
729,64.866762,50.410000,5.109672,7.100000,-8.500000,-1.400000
730,64.796067,13.542400,5.107702,3.680000,-0.870000,-4.550000
731,64.707468,0.384400,5.101530,0.620000,1.870000,1.250000
732,64.636624,13.133376,5.099500,3.624000,4.250000,0.626000
733,64.598169,36.602500,5.100804,6.050000,-2.250000,3.800000
734,64.520836,8.145316,5.097726,2.854000,-0.370000,-3.224000
735,64.433333,0.556516,5.091773,0.746000,0.370000,-0.376000
736,64.347444,1.562500,5.086525,1.250000,2.000000,0.750000
737,64.263481,2.802276,5.081869,1.674000,2.000000,0.326000
738,64.187577,8.549776,5.078929,2.924000,0.000000,2.924000
739,64.101673,1.048576,5.073412,1.024000,-1.000000,-2.024000
740,64.030508,11.723776,5.071171,3.424000,-3.000000,0.424000
741,63.959313,11.560000,5.068904,3.400000,2.500000,-0.900000
742,63.883270,7.840000,5.065829,2.800000,-0.750000,2.050000
743,63.826717,22.090000,5.065334,4.700000,-2.250000,2.450000
744,63.740478,0.010000,5.058624,0.100000,0.750000,0.650000
745,63.654543,0.062500,5.052135,0.250000,-1.750000,-2.000000
746,63.592755,17.808400,5.051013,4.220000,-4.370000,-0.150000
747,63.507167,0.000676,5.044250,0.026000,-1.000000,-0.974000
748,63.451121,21.808900,5.043747,4.670000,4.620000,-0.050000
749,63.442952,57.365476,5.047144,7.574000,9.000000,1.426000
750,63.386893,21.622500,5.046611,4.650000,7.250000,2.600000
751,63.305465,2.560000,5.041997,1.600000,-2.750000,-1.150000
752,63.250970,22.543504,5.041604,4.748000,1.000000,-3.748000
753,63.166523,0.000004,5.034876,0.002000,0.750000,0.748000
754,63.094094,8.844676,5.032128,2.974000,4.000000,1.026000
755,63.043716,25.260676,5.032120,5.026000,6.750000,1.724000
756,62.969220,7.022500,5.028952,2.650000,5.500000,2.850000
757,62.886924,1.000000,5.023602,1.000000,3.750000,4.750000
758,62.803956,0.329476,5.017700,0.574000,-0.250000,-0.824000
759,62.726209,4.104676,5.013738,2.026000,-0.750000,1.276000
760,62.646953,2.808976,5.009323,1.676000,3.750000,2.074000
761,62.570884,5.062500,5.005678,2.250000,-1.250000,1.000000
762,62.514461,19.802500,5.004945,4.450000,-2.250000,2.200000
763,62.439373,5.522500,5.001447,2.350000,5.250000,2.900000
764,62.371114,10.562500,4.999142,3.250000,0.500000,3.750000
765,62.291549,1.822500,4.994347,1.350000,-0.500000,-1.850000
766,62.211390,1.210000,4.989236,1.100000,-3.000000,-1.900000
767,62.129936,0.062500,4.983025,0.250000,-1.000000,-0.750000
768,62.062440,10.562500,4.980757,3.250000,-2.250000,1.000000
769,62.024141,32.764176,4.981728,5.724000,6.500000,0.776000
770,62.015628,55.502500,4.984950,7.450000,-3.250000,4.200000
771,61.961174,20.250000,4.984318,4.500000,-4.500000,0.000000
772,61.914950,26.460736,4.984526,5.144000,5.500000,0.356000
773,61.991612,120.868036,4.992341,10.994000,-7.000000,3.994000
774,61.911834,0.562500,4.986831,0.750000,0.500000,1.250000
775,61.840849,7.182400,4.983839,2.680000,0.880000,-1.800000
776,61.817272,43.639236,4.985940,6.606000,-7.880000,-1.274000
777,61.747986,8.259876,4.983208,2.874000,-3.000000,-0.126000
778,61.697976,23.040000,4.982972,4.800000,2.500000,-2.300000
779,61.873151,197.458704,4.994674,14.052000,11.000000,-3.052000
780,61.845380,40.322500,4.996420,6.350000,4.000000,-2.350000
781,61.780662,11.560000,4.994366,3.400000,0.500000,-2.900000
782,61.703772,1.960000,4.989746,1.400000,1.500000,0.100000
783,61.632269,6.002500,4.986485,2.450000,5.000000,2.550000
784,61.553675,0.329476,4.980828,0.574000,1.250000,1.824000
785,61.488386,10.562500,4.978612,3.250000,-0.500000,2.750000
786,61.413899,3.240000,4.974547,1.800000,0.750000,2.550000
787,61.359632,18.922500,4.973750,4.350000,-2.500000,1.850000
788,61.301775,16.000000,4.972508,4.000000,-4.750000,-0.750000
789,61.237556,10.890000,4.970377,3.300000,3.250000,-0.050000
790,61.166517,5.400976,4.967010,2.324000,2.250000,-0.074000
791,61.126899,29.986576,4.967657,5.476000,6.000000,0.524000
792,61.073628,19.149376,4.966906,4.376000,-3.250000,1.126000
793,61.035261,30.802500,4.967645,5.550000,2.500000,-3.050000
794,60.994913,29.160000,4.968192,5.400000,5.000000,-0.400000
795,61.764153,669.463876,4.994622,25.874000,2.750000,-23.124000
796,61.703453,13.690000,4.992987,3.700000,-3.250000,0.450000
797,61.646327,16.402500,4.991798,4.050000,-1.000000,3.050000
798,61.584559,12.602500,4.989982,3.550000,1.500000,-2.050000
799,61.507226,0.104976,4.984113,0.324000,-1.500000,-1.176000
800,61.431765,1.440000,4.979359,1.200000,0.500000,1.700000
801,61.378977,19.360000,4.978632,4.400000,-2.250000,2.150000
802,61.334019,25.502500,4.978722,5.050000,-2.250000,2.800000
803,61.257706,0.360000,4.973242,0.600000,-3.000000,-2.400000
804,61.221747,32.490000,4.974150,5.700000,-7.000000,-1.300000
805,61.172893,22.090000,4.973808,4.700000,5.750000,1.050000
806,61.100658,3.240000,4.969850,1.800000,0.000000,1.800000
807,61.028166,2.890000,4.965778,1.700000,-0.500000,-2.200000
808,60.975258,18.490000,4.964950,4.300000,1.500000,-2.800000
809,60.899888,0.302500,4.959466,0.550000,1.750000,1.200000
810,60.827311,2.402500,4.955236,1.550000,2.000000,0.450000
811,60.782915,25.000000,4.955291,5.000000,-3.000000,2.000000
812,60.707766,0.062500,4.949468,0.250000,-0.500000,-0.250000
813,60.638439,4.622500,4.946007,2.150000,2.000000,-0.150000
814,60.725432,131.102500,4.954037,11.450000,12.000000,0.550000
815,60.653426,2.328676,4.949810,1.526000,-0.500000,1.026000
816,60.589447,8.702500,4.947347,2.950000,2.500000,-0.450000
817,60.515171,0.202500,4.941815,0.450000,0.500000,0.950000
818,60.442314,1.210000,4.937096,1.100000,-0.500000,0.600000
819,60.429136,49.702500,4.939688,7.050000,7.000000,-0.050000
820,60.361564,5.290000,4.936453,2.300000,-0.500000,1.800000
821,60.296777,7.431076,4.933748,2.726000,-2.000000,0.726000
822,60.236589,11.062276,4.931782,3.326000,3.000000,-0.326000
823,60.164029,0.810000,4.926860,0.900000,0.750000,-0.150000
824,60.091097,0.360000,4.921583,0.600000,-1.250000,-0.650000
825,60.017932,0.022500,4.915771,0.150000,0.000000,-0.150000
826,59.950030,4.202500,4.912285,2.050000,0.000000,2.050000
827,59.878936,1.440000,4.907774,1.200000,1.000000,-0.200000
828,59.834814,23.522500,4.907704,4.850000,5.000000,0.150000
829,59.799974,31.091776,4.908514,5.576000,-1.500000,4.076000
830,59.727880,0.250000,4.903177,0.500000,1.000000,1.500000
831,59.662622,5.760000,4.900150,2.400000,0.500000,-1.900000
832,59.606656,13.322500,4.898640,3.650000,5.000000,1.350000
833,59.576745,34.810000,4.899848,5.900000,-5.000000,0.900000
834,59.525218,16.810000,4.898884,4.100000,-6.000000,-1.900000
835,59.453944,0.295936,4.893644,0.544000,1.000000,0.456000
836,59.385320,2.359296,4.889608,1.536000,4.880000,3.344000
837,59.315303,1.060900,4.884975,1.030000,-0.880000,0.150000
838,59.249220,4.202500,4.881576,2.050000,-2.500000,-0.450000
839,59.218551,33.640000,4.882675,5.800000,-7.000000,-1.200000
840,59.151591,3.240000,4.878988,1.800000,1.500000,-0.300000
841,59.085009,3.422500,4.875369,1.850000,2.000000,0.150000
842,59.049635,29.441476,4.876026,5.426000,-5.000000,0.426000
843,58.990516,9.449476,4.873878,3.074000,-4.000000,-0.926000
844,58.972936,44.222500,4.875993,6.650000,-9.000000,-2.350000
845,59.066978,138.062500,4.884166,11.750000,11.000000,-0.750000
846,59.033410,30.802500,4.884957,5.550000,-4.000000,1.550000
847,58.965707,1.960000,4.880823,1.400000,-0.500000,-1.900000
848,58.987596,77.440000,4.885467,8.800000,11.500000,2.700000
849,59.070241,128.822500,4.893117,11.350000,-9.500000,1.850000
850,59.059168,49.702500,4.895667,7.050000,6.500000,-0.550000
851,59.000066,9.000000,4.893429,3.000000,-4.000000,-1.000000
852,58.931732,1.052676,4.888868,1.026000,3.500000,4.526000
853,58.873090,9.144576,4.886671,3.024000,-0.500000,2.524000
854,58.843759,33.942276,4.887776,5.826000,-5.500000,0.326000
855,58.897445,104.530176,4.894047,10.224000,-10.000000,0.224000
856,58.856520,24.029604,4.894056,4.902000,-5.500000,-0.598000
857,58.801281,11.737476,4.892335,3.426000,1.750000,-1.676000
858,58.745179,10.890000,4.890471,3.300000,-2.750000,0.550000
859,58.737948,52.562500,4.893230,7.250000,6.250000,-1.000000
860,58.674609,4.519876,4.889998,2.126000,-1.250000,0.876000
861,58.640169,29.160000,4.890593,5.400000,5.750000,0.350000
862,58.581291,8.122500,4.888214,2.850000,-0.250000,-3.100000
863,58.515375,1.960000,4.884154,1.400000,-2.000000,-0.600000
864,58.447988,0.562500,4.879347,0.750000,-2.000000,-1.250000
865,58.382718,2.250000,4.875422,1.500000,-1.000000,-2.500000
866,58.316949,1.690000,4.871274,1.300000,-2.000000,-0.700000
867,58.285067,30.802500,4.872060,5.550000,-8.750000,-3.200000
868,58.226045,7.290000,4.869546,2.700000,-4.250000,-1.550000
869,58.227275,59.290000,4.872818,7.700000,7.500000,-0.200000
870,58.232543,62.789776,4.876342,7.924000,8.000000,0.076000
871,58.177012,10.086976,4.874381,3.176000,3.000000,-0.176000
872,58.147418,32.490000,4.875332,5.700000,3.500000,-2.200000
873,58.085341,4.202500,4.872081,2.050000,-3.750000,-1.700000
874,58.039338,18.062500,4.871366,4.250000,-2.750000,1.500000
875,58.079042,92.621376,4.876822,9.624000,9.000000,-0.624000
876,58.017868,4.734976,4.873725,2.176000,2.750000,0.574000
877,58.025161,64.384576,4.877333,8.024000,-2.750000,5.274000
878,57.963347,4.000000,4.874041,2.000000,-1.000000,-3.000000
879,57.957174,52.562500,4.876757,7.250000,4.250000,-3.000000
880,57.895699,4.104676,4.873502,2.026000,1.500000,3.526000
881,57.844053,12.602500,4.871993,3.550000,2.750000,-0.800000
882,57.782958,4.202500,4.868779,2.050000,0.000000,-2.050000
883,57.769363,45.832900,4.870942,6.770000,-8.370000,-1.600000
884,57.709117,4.752400,4.867884,2.180000,-3.130000,-0.950000
885,57.643615,0.002500,4.862415,0.050000,-2.000000,-2.050000
886,57.697378,105.062500,4.868524,10.250000,5.000000,-5.250000
887,57.639114,6.250000,4.865841,2.500000,-0.250000,-2.750000
888,57.575043,1.000000,4.861468,1.000000,-1.750000,-2.750000
889,57.598486,78.322500,4.865975,8.850000,7.500000,-1.350000
890,57.570147,32.490000,4.866916,5.700000,4.000000,-1.700000
891,57.505617,0.331776,4.862079,0.576000,3.500000,4.076000
892,57.440915,0.050176,4.856856,0.224000,-2.750000,-2.526000
893,57.397391,18.748900,4.856263,4.330000,3.630000,-0.700000
894,57.379935,41.860900,4.858076,6.470000,4.870000,-1.600000
895,57.369747,48.302500,4.860424,6.950000,-3.250000,3.700000
896,57.335745,27.040000,4.860805,5.200000,2.000000,-3.200000
897,57.276477,4.410000,4.857713,2.100000,0.500000,-1.600000
898,57.217824,4.840000,4.854740,2.200000,-1.500000,0.700000
899,57.166061,10.890000,4.853003,3.300000,1.500000,-1.800000
900,57.125365,20.702500,4.852665,4.550000,5.500000,0.950000
901,57.063634,1.752976,4.848731,1.324000,3.000000,4.324000
902,57.005858,5.180176,4.845866,2.276000,-0.250000,-2.526000
903,56.942672,0.202500,4.840977,0.450000,-1.500000,-1.050000
904,57.705926,743.871076,4.865902,27.274000,2.000000,-25.274000
905,58.081402,396.010000,4.882588,19.900000,-2.750000,-22.650000
906,58.020603,3.240000,4.879171,1.800000,2.000000,0.200000
907,57.962728,5.760000,4.876425,2.400000,3.000000,0.600000
908,57.979476,73.102500,4.880489,8.550000,6.750000,-1.800000
909,57.990617,68.062500,4.884212,8.250000,-2.750000,5.500000
910,57.932449,5.290000,4.881360,2.300000,0.250000,-2.050000
911,57.868601,0.022500,4.876143,0.150000,1.250000,1.400000
912,57.807688,2.560000,4.872535,1.600000,-0.250000,1.350000
913,57.744841,0.678976,4.868081,0.824000,-1.250000,-2.074000
914,57.683465,1.893376,4.864244,1.376000,1.000000,-0.376000
915,57.631741,10.562500,4.862472,3.250000,1.750000,-1.500000
916,57.568647,0.090000,4.857469,0.300000,2.250000,1.950000
917,57.525376,18.062500,4.856804,4.250000,-0.750000,3.500000
918,57.475841,12.250000,4.855319,3.500000,-1.250000,2.250000
919,57.420701,7.022500,4.852909,2.650000,2.250000,-0.400000
920,57.383167,23.040000,4.852852,4.800000,-0.500000,4.300000
921,57.356021,32.490000,4.853775,5.700000,7.250000,1.550000
922,57.321322,25.502500,4.853989,5.050000,-1.500000,3.550000
923,57.259830,0.810000,4.849687,0.900000,-0.250000,0.650000
924,57.214550,15.602500,4.848709,3.950000,2.750000,-1.200000
925,57.883592,673.402500,4.871620,25.950000,2.750000,-23.200000
926,57.831918,10.240000,4.869807,3.200000,-2.750000,0.450000
927,57.769652,0.360000,4.865181,0.600000,2.500000,3.100000
928,57.710445,3.062500,4.861810,1.750000,2.000000,0.250000
929,57.653528,5.062500,4.858986,2.250000,-1.000000,1.250000
930,57.606051,13.690000,4.857734,3.700000,-3.500000,0.200000
931,57.552671,8.122500,4.855569,2.850000,3.500000,0.650000
932,57.502035,10.562500,4.853838,3.250000,-2.500000,0.750000
933,57.441164,0.952576,4.849664,0.976000,-1.500000,-0.524000
934,57.380004,0.562500,4.845256,0.750000,1.000000,0.250000
935,57.340608,20.702500,4.844939,4.550000,-5.500000,-0.950000
936,57.296892,16.597476,4.844112,4.074000,2.250000,-1.824000
937,57.235652,0.160000,4.839348,0.400000,2.250000,2.650000
938,57.174389,0.015876,4.834302,0.126000,2.000000,1.874000
939,57.130352,16.000000,4.833410,4.000000,-2.500000,1.500000
940,57.099895,28.622500,4.833962,5.350000,4.000000,-1.350000
941,57.041357,2.250000,4.830403,1.500000,4.000000,2.500000
942,57.052230,67.240000,4.833996,8.200000,-4.250000,3.950000
943,56.991738,0.250000,4.829380,0.500000,1.250000,1.750000
944,56.931324,0.202500,4.824721,0.450000,-1.000000,-1.450000
945,56.888897,17.007376,4.823977,4.124000,2.750000,-1.374000
946,56.868006,37.210000,4.825331,6.100000,2.750000,-3.350000
947,56.809930,2.102500,4.821752,1.450000,1.250000,-0.200000
948,56.816668,63.170704,4.825064,7.948000,5.750000,-2.198000
949,56.764700,7.706176,4.822895,2.776000,0.000000,-2.776000
950,56.732731,26.522500,4.823241,5.150000,1.500000,-3.650000
951,56.681102,7.840000,4.821105,2.800000,-1.500000,1.300000
952,56.642673,20.250000,4.820766,4.500000,-3.500000,1.000000
953,56.629585,44.222500,4.822693,6.650000,6.500000,-0.150000
954,56.572188,2.102500,4.819143,1.450000,1.000000,-0.450000
955,56.512743,0.040000,4.814286,0.200000,1.500000,1.700000
956,56.453644,0.250000,4.809754,0.500000,0.000000,0.500000
957,56.409798,14.668900,4.808726,3.830000,1.880000,-1.950000
958,56.360548,9.424900,4.806904,3.070000,2.620000,-0.450000
959,56.302686,1.102500,4.802970,1.050000,-1.000000,0.050000
960,56.245991,2.102500,4.799462,1.450000,2.000000,0.550000
961,56.226100,37.210000,4.800821,6.100000,-6.000000,0.100000
962,56.170889,3.334276,4.797716,1.826000,0.750000,-1.076000
963,56.119918,7.290000,4.795529,2.700000,1.250000,-1.450000
964,56.061554,0.090000,4.790846,0.300000,3.500000,3.800000
965,56.003803,0.562500,4.786641,0.750000,0.500000,1.250000
966,55.972349,25.745476,4.786940,5.074000,4.250000,-0.824000
967,55.918920,4.519876,4.784177,2.126000,3.250000,1.124000
968,55.870562,9.302500,4.782378,3.050000,-3.500000,-0.450000
969,55.820502,7.562500,4.780272,2.750000,0.000000,-2.750000
970,55.771726,8.702500,4.778377,2.950000,-2.000000,0.950000
971,55.752531,37.210000,4.779744,6.100000,-5.000000,1.100000
972,55.695028,0.090000,4.775116,0.300000,0.000000,0.300000
973,55.637987,0.422500,4.770859,0.650000,0.000000,-0.650000
974,55.638618,56.250000,4.773672,7.500000,-7.500000,0.000000
975,55.594297,12.602500,4.772412,3.550000,-3.000000,0.550000
976,55.598480,59.660176,4.775449,7.724000,-9.000000,-1.276000
977,55.815273,266.538276,4.787320,16.326000,-14.500000,1.826000
978,55.905812,144.000000,4.794725,12.000000,5.000000,-7.000000
979,55.848783,0.302500,4.790371,0.550000,-4.500000,-3.950000
980,55.806747,14.822500,4.789408,3.850000,6.500000,2.650000
981,55.754141,4.410000,4.786655,2.100000,3.000000,0.900000
982,55.725315,27.562500,4.787129,5.250000,4.250000,-1.000000
983,55.669520,1.102500,4.783312,1.050000,2.250000,1.200000
984,55.614938,2.178576,4.779937,1.476000,-1.500000,-0.024000
985,55.682713,122.102500,4.786328,11.050000,-10.000000,1.050000
986,55.719859,92.160000,4.791230,9.600000,-11.500000,-1.900000
987,55.677102,13.690000,4.790120,3.700000,4.000000,0.300000
988,55.620662,0.139876,4.785632,0.374000,-0.500000,-0.874000
989,55.575090,10.732176,4.784099,3.276000,3.250000,-0.026000
990,55.564935,45.562500,4.786093,6.750000,5.000000,-1.750000
991,55.516718,7.974976,4.784105,2.824000,-1.000000,1.824000
992,55.528584,67.240000,4.787563,8.200000,-6.750000,1.450000
993,55.488214,15.602500,4.786716,3.950000,1.000000,-2.950000
994,55.446552,14.243076,4.785693,3.774000,2.250000,-1.524000
995,55.416336,25.502500,4.785960,5.050000,-4.250000,0.800000
996,55.369546,9.000000,4.784159,3.000000,2.000000,-1.000000
997,55.314513,0.722500,4.780197,0.850000,-1.000000,-0.150000