# TEST CONFIGURATION BEGIN
# File Stream: filename: ibm_common_stock_closing_prices.csv  -  n_targets: 1
# [ibm_common_stock_closing_prices_ADE_HETERO_ABSTAIN_SIZE_8] Pipeline: Array BaseStreamModel: base_models: [<skmultiflow.lazy.knn_forecast.KNNForecast object at 0x7f228e3de630>, <skmultiflow.lazy.knn_forecast.KNNForecast object at 0x7f228e3de978>, <skmultiflow.lazy.knn_forecast.KNNForecast object at 0x7f228e3de940>, <skmultiflow.lazy.knn_forecast.KNNForecast object at 0x7f228e3deb70>, <skmultiflow.trees.regression_hoeffding_tree.RegressionHoeffdingTree object at 0x7f228e3deb00>, <skmultiflow.trees.regression_hoeffding_tree.RegressionHoeffdingTree object at 0x7f228e3deac8>, <skmultiflow.trees.regression_hoeffding_adaptive_tree.RegressionHAT object at 0x7f228e3de400>, <skmultiflow.trees.regression_hoeffding_adaptive_tree.RegressionHAT object at 0x7f228e3de3c8>]
 Array BaseStreamModel: base_models: [<skmultiflow.lazy.knn_forecast.KNNForecast object at 0x7f228e3de630>, <skmultiflow.lazy.knn_forecast.KNNForecast object at 0x7f228e3de978>, <skmultiflow.lazy.knn_forecast.KNNForecast object at 0x7f228e3de940>, <skmultiflow.lazy.knn_forecast.KNNForecast object at 0x7f228e3deb70>, <skmultiflow.trees.regression_hoeffding_tree.RegressionHoeffdingTree object at 0x7f228e3deb00>, <skmultiflow.trees.regression_hoeffding_tree.RegressionHoeffdingTree object at 0x7f228e3deac8>, <skmultiflow.trees.regression_hoeffding_adaptive_tree.RegressionHAT object at 0x7f228e3de400>, <skmultiflow.trees.regression_hoeffding_adaptive_tree.RegressionHAT object at 0x7f228e3de3c8>]
# Prequential Evaluator: n_wait: 1 - max_samples: 600000 - max_time: 10000000 - output_file: ibm_common_stock_closing_prices_ADE_HETERO_ABSTAIN_SIZE_8_SIZE_8 - batch_size: 1 - pretrain_size: 5 - task_type: regression - show_plot: False - metrics: ['mean_square_error', 'mean_absolute_error', 'true_vs_predicted']
# TEST CONFIGURATION END
id,global_mse_[ibm_common_stock_closing_prices_ADE_HETERO_ABSTAIN_SIZE_8],sliding_mse_[ibm_common_stock_closing_prices_ADE_HETERO_ABSTAIN_SIZE_8],global_mae_[ibm_common_stock_closing_prices_ADE_HETERO_ABSTAIN_SIZE_8],sliding_mae_[ibm_common_stock_closing_prices_ADE_HETERO_ABSTAIN_SIZE_8],true_value_[ibm_common_stock_closing_prices_ADE_HETERO_ABSTAIN_SIZE_8],predicted_value_[ibm_common_stock_closing_prices_ADE_HETERO_ABSTAIN_SIZE_8]
5,110.665660,110.665660,10.519775,10.519775,-5.500000,5.019775
6,90.140908,69.616155,9.431702,8.343630,3.000000,-5.343630
7,60.297957,0.612056,6.548582,0.782340,-6.000000,-5.217660
8,45.757833,2.137461,5.276938,1.462006,-2.750000,-4.212006
9,44.754030,40.738818,5.498089,6.382697,-9.250000,-2.867303
10,39.134659,11.037806,5.135461,3.322319,-6.750000,-3.427681
11,129.472163,671.497188,8.103718,25.913263,16.750000,-9.163263
12,137.194145,191.248012,8.819409,13.829245,12.500000,-1.329245
13,129.977233,72.241937,8.783867,8.499526,3.500000,11.999526
14,165.577797,485.982873,10.109982,22.045019,-7.000000,15.045019
15,199.504534,538.771910,11.301025,23.211461,0.500000,-22.711461
16,195.653040,153.286599,11.391015,12.380897,0.500000,12.880897
17,187.161513,85.263192,11.225076,9.233807,0.500000,9.733807
18,178.336628,63.613123,10.992983,7.975784,4.000000,-3.975784
19,167.272271,12.371272,10.494603,3.517282,0.500000,4.017282
20,234.923859,1249.697686,12.048132,35.351063,-9.000000,26.351063
21,226.911745,98.717915,11.923871,9.935689,-1.000000,8.935689
22,214.989066,12.303521,11.456302,3.507638,-2.000000,1.507638
23,205.082154,26.757736,11.125591,5.172788,-0.500000,4.672788
24,197.883198,61.103033,10.960153,7.816843,-5.500000,2.316843
25,189.114503,13.740619,10.614757,3.706834,0.250000,3.956834
26,180.956522,9.638922,10.273389,3.104661,-4.000000,-0.895339
27,173.515088,9.803520,9.962853,3.131057,1.750000,4.881057
28,169.592010,79.361225,9.918921,8.908492,-2.000000,6.908492
29,162.816886,0.213909,9.540665,0.462503,1.000000,1.462503
30,156.738474,4.778181,9.257789,2.185905,1.000000,3.185905
31,150.974242,1.104199,8.953827,1.050809,6.500000,5.449191
32,146.092509,14.285731,8.769035,3.779647,4.500000,0.720353
33,143.228162,63.026446,8.740410,7.938920,-2.000000,5.938920
34,139.742132,38.647248,8.656286,6.216691,0.500000,6.716691
35,135.242283,0.246834,8.393078,0.496824,1.750000,1.253176
36,131.117801,3.258850,8.187208,1.805229,1.250000,3.055229
37,127.232153,2.891426,7.990638,1.700419,3.500000,1.799581
38,123.637998,5.030882,7.821589,2.242963,-0.500000,1.742963
39,120.143177,1.319238,7.630932,1.148581,-0.500000,0.648581
40,117.785263,35.258290,7.583902,5.937869,-1.000000,4.937869
41,114.738604,5.058865,7.439721,2.249192,-1.000000,1.249192
42,111.795958,2.918061,7.288892,1.708233,2.500000,0.791767
43,108.945429,0.625327,7.122274,0.790776,1.500000,0.709224
44,107.298320,43.061077,7.108269,6.562094,-3.500000,3.062094
45,104.829448,6.074582,6.995011,2.464667,0.500000,2.964667
46,104.542039,92.758239,7.057775,9.631108,-6.000000,3.631108
47,103.032181,39.618174,7.040020,6.294297,2.000000,8.294297
48,101.124247,19.083065,6.979301,4.368417,-0.250000,4.118417
49,102.121641,146.007002,7.092724,12.083336,-10.250000,1.833336
50,99.977776,3.503835,6.979227,1.871853,3.000000,4.871853
51,97.882353,1.492892,6.856729,1.221840,-1.500000,-0.278160
52,96.010939,8.054471,6.773007,2.838040,-5.250000,-2.411960
53,95.767580,84.086340,6.821922,9.169860,-7.250000,1.919860
54,94.813590,48.068118,6.824146,6.933117,-13.000000,-6.066883
55,98.657333,290.844456,7.024735,17.054162,-2.250000,14.804162
56,98.873163,109.880498,7.091228,10.482390,10.750000,0.267610
57,97.348485,18.065241,7.037626,4.250322,-0.500000,3.750322
58,95.772415,12.240671,6.972090,3.498667,0.500000,-2.998667
59,94.857675,45.461718,6.967916,6.742531,2.000000,-4.742531
60,93.174336,0.590693,6.857213,0.768566,-7.000000,-7.768566
61,93.938607,136.737823,6.942060,11.693495,-5.500000,6.193495
62,93.671523,78.447727,6.975078,8.857072,7.500000,-1.357072
63,92.215979,7.794431,6.904176,2.791851,-0.500000,-3.291851
64,91.083758,24.282677,6.871235,4.927746,2.500000,-2.427746
65,89.681901,5.570480,6.797283,2.360186,-1.000000,1.360186
66,88.255787,1.262860,6.705775,1.123771,0.000000,-1.123771
67,86.917440,3.939940,6.630841,1.984928,-0.500000,-2.484928
68,85.583461,1.542755,6.546642,1.242077,-0.500000,0.742077
69,84.308195,2.691151,6.471162,1.640473,-5.500000,-3.859527
70,85.999907,195.961250,6.585214,13.998616,-13.000000,0.998616
71,99.556704,994.305292,6.957564,31.532607,-14.000000,17.532607
72,109.069614,746.434569,7.257025,27.320955,-31.500000,-4.179045
73,110.183364,185.918338,7.349462,13.635187,8.000000,-5.635187
74,108.646092,2.574380,7.267391,1.604488,10.500000,8.895512
75,107.503808,27.543884,7.238952,5.248227,9.750000,4.501773
76,107.233660,88.053188,7.268740,9.383666,3.750000,13.133666
77,106.095592,24.154703,7.236494,4.914743,-10.750000,-5.835257
78,105.891296,90.977663,7.267598,9.538221,-15.750000,-6.211779
79,106.155032,125.671493,7.320168,11.210330,-8.500000,2.710330
80,105.698417,71.452273,7.335073,8.452945,2.000000,-6.452945
81,105.498323,90.291182,7.363217,9.502167,-7.000000,2.502167
82,104.771242,48.785999,7.358364,6.984698,8.500000,1.515302
83,103.457217,0.963247,7.277644,0.981451,-2.500000,-1.518549
84,102.334664,13.653000,7.232860,3.694997,5.000000,1.305003
85,101.299210,18.462936,7.196613,4.296852,-8.000000,-3.703148
86,100.624856,46.002167,7.191563,6.782490,2.500000,-4.282490
87,99.650541,19.756704,7.158470,4.444851,-1.500000,-5.944851
88,101.885147,287.357414,7.275055,16.951620,-15.000000,1.951620
89,103.736219,259.226286,7.378884,16.100506,-19.750000,-3.649494
90,102.943360,35.550340,7.362414,5.962411,-17.250000,-11.287589
91,106.079718,375.806496,7.500613,19.385729,0.500000,-18.885729
92,127.060159,1952.358530,7.917486,44.185501,-37.500000,6.685501
93,126.827193,106.326202,7.944385,10.311460,22.000000,11.688540
94,125.990947,51.565016,7.935902,7.180878,9.500000,2.319122
95,127.102248,227.119328,8.014303,15.070479,-7.500000,7.570479
96,136.178218,962.091513,8.264339,31.017600,-25.000000,6.017600
97,139.468197,442.146322,8.401575,21.027276,4.130000,-16.897276
98,139.143767,108.971771,8.423249,10.438954,1.370000,-9.068954
99,138.056823,35.884013,8.397640,5.990327,4.500000,-1.490327
100,136.738468,11.494786,8.345481,3.390396,1.250000,4.640396
101,137.555901,216.029462,8.410970,14.697941,-12.250000,2.447941
102,141.432753,517.487429,8.557270,22.748350,-23.870000,-1.121650
103,141.057619,104.294459,8.573989,10.212466,-12.500000,-2.287534
104,142.228305,258.126235,8.648912,16.066307,-16.630000,-0.563693
105,155.249878,1457.407137,8.941260,38.176002,27.500000,-10.676002
106,153.743622,1.611792,8.866047,1.269564,-3.750000,-2.480436
107,152.257096,0.631406,8.787684,0.794610,6.250000,7.044610
108,151.283650,51.018739,8.771867,7.142740,-8.000000,-15.142740
109,151.434165,167.087792,8.811432,12.926244,-12.250000,0.676244
110,152.511640,265.646464,8.882067,16.298664,4.250000,-12.048664
111,155.382188,459.660313,8.999428,21.439690,12.500000,-8.939690
112,154.244883,32.553200,8.968929,5.705541,-12.500000,-6.794459
113,155.686300,311.359308,9.048529,17.645376,13.000000,-4.645376
114,154.458713,20.651819,9.007583,4.544427,11.000000,6.455573
115,153.067196,0.000260,8.926579,0.016123,-4.750000,-4.733877
116,151.883686,20.514046,8.887317,4.529243,10.750000,6.220757
117,150.935005,44.682834,8.867823,6.684522,1.500000,-5.184522
118,151.916749,262.853741,8.932252,16.212765,-1.500000,-17.712765
119,152.258711,191.242359,8.974833,13.829040,-5.000000,8.829040
120,151.248601,35.086005,8.948527,5.923344,5.250000,-0.673344
121,150.598741,75.214945,8.946169,8.672655,8.500000,-0.172655
122,151.663913,276.289025,9.011218,16.621944,15.630000,-0.991944
123,150.430805,4.924138,8.954141,2.219040,4.620000,2.400960
124,149.177909,0.083289,8.881928,0.288599,-2.750000,-3.038599
125,147.995895,6.154168,8.829026,2.480760,6.250000,3.769240
126,148.521195,212.082470,8.876026,14.563052,-12.370000,2.193052
127,149.408695,257.683708,8.934372,16.052530,-4.880000,11.172530
128,148.389205,22.991990,8.900990,4.794996,2.250000,-2.544996
129,147.366225,20.516610,8.866018,4.529526,4.500000,-0.029526
130,146.218775,2.787636,8.808904,1.669622,1.000000,2.669622
131,145.734202,84.677903,8.811999,9.202060,-9.750000,-0.547940
132,144.778111,23.354575,8.780911,4.832657,4.250000,-0.582657
133,144.384278,93.973699,8.787989,9.694003,2.000000,-7.694003
134,143.324939,6.670235,8.740256,2.582680,6.380000,3.797320
135,143.950285,225.245275,8.788102,15.008174,11.500000,-3.508174
136,142.859759,0.000844,8.721746,0.029054,-0.380000,-0.350946
137,142.466541,90.561771,8.727721,9.516395,-10.750000,-1.233605
138,142.056943,87.580323,8.732428,9.358436,9.500000,0.141564
139,141.005318,0.087665,8.669936,0.296083,-0.750000,-0.453917
140,140.268827,40.842412,8.653178,6.390807,-5.000000,1.390807
141,139.522827,38.066888,8.635051,6.169837,-6.750000,-0.580163
142,139.459031,130.718930,8.655328,11.433238,8.500000,-2.933238
143,138.461933,0.862477,8.599741,0.928697,-5.250000,-4.321303
144,137.973877,70.134071,8.598133,8.374609,-0.750000,7.624609
145,137.505308,71.905610,8.597293,8.479718,3.000000,-5.479718
146,136.648448,15.831291,8.564769,3.978855,7.250000,3.271145
147,135.806786,16.290742,8.533100,4.036179,0.500000,-3.536179
148,135.018791,22.335556,8.506662,4.726051,-0.250000,-4.976051
149,135.042135,138.403530,8.529130,11.764503,3.250000,-8.514503
150,134.401622,41.527289,8.514850,6.444167,4.250000,-2.194167
151,133.584749,14.321341,8.482669,3.784355,-1.000000,2.784355
152,134.622765,287.211077,8.539863,16.947303,16.250000,-0.697303
153,133.991959,40.632611,8.525329,6.374371,1.500000,-4.874371
154,133.168359,10.451966,8.490047,3.232950,-1.500000,-4.732950
155,132.324871,5.801783,8.449773,2.408689,-1.000000,1.408689
156,131.853139,60.621504,8.445406,7.785981,-14.500000,-6.714019
157,131.080071,13.573732,8.414287,3.684255,-2.500000,-6.184255
158,130.342138,17.438380,8.386765,4.175929,-3.250000,0.925929
159,129.965766,72.004601,8.387403,8.485552,8.500000,0.014448
160,129.462425,51.444585,8.379615,7.172488,-8.750000,-1.577512
161,128.774379,21.439088,8.355734,4.630236,-4.500000,-9.130236
162,127.981662,3.525111,8.314732,1.877528,5.000000,6.877528
163,127.368674,30.516537,8.297182,5.524177,-5.750000,-0.225823
164,126.572906,0.045933,8.246664,0.214319,2.000000,1.785681
165,125.972153,29.851555,8.229378,5.463658,-2.250000,3.213658
166,125.379495,29.961520,8.212368,5.473712,1.630000,-3.843712
167,124.670826,9.866500,8.181256,3.141098,-0.130000,-3.271098
168,123.913717,0.505048,8.135703,0.710667,4.750000,5.460667
169,123.300690,22.764203,8.115312,4.771185,6.750000,1.978815
170,122.626199,11.335226,8.086707,3.366783,-3.000000,0.366783
171,122.387373,82.742154,8.092752,9.096271,-5.750000,3.346271
172,121.658971,0.015960,8.045333,0.126333,-3.500000,-3.373667
173,121.072153,22.486716,8.025786,4.742016,-6.000000,-1.257984
174,121.300360,159.867298,8.052952,12.643864,-14.750000,-2.106136
175,121.085320,84.528534,8.059624,9.193940,7.250000,-1.943940
176,120.949799,97.775718,8.070255,9.888160,-13.750000,-3.861840
177,120.352300,17.582441,8.047844,4.193142,-5.500000,-1.306858
178,119.685632,4.351973,8.013581,2.086138,3.500000,5.586138
179,119.479454,83.604652,8.020038,9.143558,-13.120000,-3.976442
180,119.323885,92.099156,8.028997,9.596831,10.000000,0.403169
181,118.681791,5.673270,7.997093,2.381863,-1.880000,0.501863
182,118.656877,114.247126,8.012214,10.688645,9.250000,-1.438645
183,118.238976,43.852549,8.004448,6.622126,2.500000,-4.122126
184,117.705606,22.232371,7.986174,4.715122,-0.500000,4.215122
185,117.070364,2.726960,7.951175,1.651351,6.500000,4.848649
186,116.653041,41.117556,7.942719,6.412297,-7.120000,-0.707703
187,116.375484,65.860068,7.943663,8.115422,-3.130000,4.985422
188,116.000001,47.286568,7.937864,6.876523,-0.750000,-7.626523
189,115.934622,103.904988,7.950056,10.193380,11.750000,1.556620
190,115.453510,26.447631,7.934962,5.142726,-9.500000,-4.357274
191,114.836272,0.030021,7.893456,0.173267,4.000000,4.173267
192,114.348447,23.125225,7.877049,4.808869,-6.370000,-11.178869
193,114.513093,145.466520,7.899186,12.060950,-7.000000,5.060950
194,113.911020,0.119309,7.859429,0.345411,-5.130000,-5.475411
195,113.328789,2.704804,7.826891,1.644629,-13.000000,-11.355371
196,114.702168,377.017530,7.887256,19.416939,10.000000,-9.416939
197,114.117791,1.917561,7.853564,1.384760,-1.500000,-2.884760
198,113.711109,35.221356,7.843673,5.934758,-7.000000,-1.065242
199,114.293652,227.307099,7.880766,15.076707,13.000000,-2.076707
200,114.519175,158.496080,7.904790,12.589523,7.250000,-5.339523
201,113.989375,10.148646,7.880835,3.185694,-5.750000,-2.564306
202,113.675935,51.928198,7.877427,7.206122,6.000000,-1.206122
203,113.885352,155.349880,7.900475,12.463943,5.250000,-7.213943
204,113.728220,82.458894,7.906376,9.080688,4.250000,-4.830688
205,113.395648,46.881260,7.901106,6.846989,-0.250000,6.596989
206,112.925285,18.382473,7.883216,4.287479,-6.000000,-1.712521
207,112.369888,0.179630,7.846471,0.423828,6.000000,5.576172
208,112.263310,90.627994,7.854674,9.519874,12.250000,2.730126
209,112.191897,97.623681,7.864556,9.880470,-6.750000,3.130470
210,111.807072,32.917915,7.854230,5.737414,7.750000,2.012586
211,111.401730,27.901187,7.841804,5.282157,-2.000000,-7.282157
212,110.924611,12.161115,7.820869,3.487279,6.000000,2.512721
213,110.830745,91.306571,7.829168,9.555447,-6.500000,3.055447
214,110.320853,3.753327,7.801112,1.937350,4.380000,2.442650
215,109.951489,32.385147,7.791111,5.690795,0.870000,-4.820795
216,109.556477,26.208838,7.778508,5.119457,10.750000,5.630543
217,109.189382,31.365375,7.768283,5.600480,0.750000,6.350480
218,108.750303,15.226378,7.750217,3.902099,6.000000,2.097901
219,108.257463,2.789731,7.721938,1.670249,2.750000,4.420249
220,107.781351,5.417282,7.696964,2.327506,3.500000,1.172494
221,107.580853,64.273285,7.698439,8.017062,-2.500000,5.517062
222,107.657114,124.205833,7.714248,11.144767,-7.000000,4.144767
223,107.430094,57.939730,7.713780,7.611815,8.750000,1.138185
224,106.963175,4.707895,7.688580,2.169768,-1.500000,0.669768
225,106.499407,4.470363,7.663357,2.114323,-0.250000,1.864323
226,106.334418,69.871971,7.666490,8.358946,-1.000000,-9.358946
227,106.816053,213.738840,7.697671,14.619810,-8.500000,6.119810
228,106.352864,3.061829,7.671118,1.749808,-1.500000,0.249808
229,106.042321,36.480607,7.663868,6.039918,6.250000,0.210082
230,105.801753,51.673964,7.661765,7.188460,-5.750000,1.438460
231,105.348193,2.843598,7.635441,1.686297,1.500000,3.186297
232,104.941800,12.690604,7.617577,3.562387,-4.500000,-8.062387
233,104.485639,0.480996,7.587341,0.693539,-2.750000,-2.056461
234,105.145482,256.249530,7.623951,16.007796,9.880000,-6.127796
235,104.749187,13.601290,7.606913,3.687993,0.000000,-3.687993
236,104.512421,49.819589,7.604548,7.058299,-6.880000,0.178299
237,104.511646,104.331840,7.615749,10.214296,8.750000,-1.464296
238,104.090698,6.009781,7.593679,2.451485,-0.250000,-2.701485
239,103.701589,12.650053,7.576500,3.556691,-2.750000,-6.306691
240,103.263189,0.239172,7.546469,0.489052,1.500000,1.010948
241,102.916894,21.191188,7.534051,4.603389,-2.500000,-7.103389
242,102.554121,16.577055,7.519502,4.071493,-5.250000,-1.178507
243,102.465293,81.324142,7.525772,9.017990,11.750000,2.732010
244,102.112861,17.881717,7.512034,4.228678,0.500000,-3.728678
245,101.700912,2.833037,7.487848,1.683163,-3.250000,-1.566837
246,101.726834,107.974202,7.499845,10.391064,9.750000,-0.641064
247,101.363420,13.417233,7.484055,3.662954,0.250000,-3.412954
248,101.041526,22.821074,7.472961,4.777141,2.750000,-2.027141
249,100.632017,0.711897,7.445903,0.843740,1.250000,2.093740
250,100.716548,121.426576,7.460429,11.019373,6.500000,-4.519373
251,100.329204,5.042784,7.439317,2.245614,0.750000,-1.495614
252,100.114285,47.029146,7.436972,6.857780,-6.500000,0.357780
253,100.082009,92.077558,7.445641,9.595705,5.250000,-4.345705
254,99.737646,13.991271,7.430821,3.740491,-1.250000,2.490491
255,99.350651,2.601927,7.407642,1.613049,1.500000,-0.113049
256,98.973659,4.348577,7.386522,2.085324,0.750000,-1.335324
257,98.583925,0.371106,7.359734,0.609184,-0.500000,0.109184
258,98.234220,9.758890,7.343058,3.123922,1.750000,-1.373922
259,97.863009,3.575400,7.321677,1.890873,2.500000,0.609127
260,97.528066,12.117487,7.306674,3.481018,6.000000,2.518982
261,97.162452,3.565359,7.285591,1.888216,-2.750000,-0.861784
262,96.833225,12.221940,7.270902,3.495989,-2.250000,1.245989
263,96.509995,13.116573,7.256813,3.621681,4.250000,0.628319
264,96.139578,0.201610,7.230629,0.449010,0.000000,-0.449010
265,95.812569,10.790208,7.215511,3.284845,-3.500000,-0.215155
266,95.451829,1.298591,7.192320,1.139557,0.750000,-0.389557
267,95.102359,3.541243,7.172128,1.881819,-2.750000,-0.868181
268,94.747093,1.312187,7.149300,1.145507,0.750000,-0.395507
269,94.417005,7.273734,7.132499,2.696986,1.000000,-1.696986
270,94.076122,3.742134,7.112957,1.934460,-2.250000,-0.315540
271,93.726334,0.682664,7.089412,0.826235,0.750000,-0.076235
272,93.376701,0.024866,7.063547,0.157689,-1.000000,-0.842311
273,93.044605,4.042662,7.044763,2.010637,0.250000,2.260637
274,92.708173,2.207972,7.024175,1.485925,1.000000,-0.485925
275,92.370912,1.310666,7.002480,1.144843,-0.870000,0.274843
276,92.087675,15.330454,6.991130,3.915412,-3.380000,0.535412
277,91.814929,17.628036,6.980901,4.198576,-3.500000,0.698576
278,91.497986,4.972442,6.963562,2.229897,-0.750000,-2.979897
279,91.239577,20.435604,6.954678,4.520576,-6.250000,-1.729424
280,90.919290,2.840261,6.935586,1.685307,2.750000,1.064693
281,90.592357,0.358850,6.912710,0.599041,-1.500000,-0.900959
282,90.353388,24.159018,6.905525,4.915182,-5.500000,-0.584818
283,90.123652,26.256893,6.899140,5.124148,-2.500000,2.624148
284,90.312766,143.075745,6.917220,11.961427,6.250000,-5.711427
285,90.002337,3.082127,6.898851,1.755599,-1.750000,0.005599
286,89.817840,37.974122,6.896239,6.162315,3.130000,-3.032315
287,89.650494,42.458883,6.894896,6.516048,3.870000,-2.646048
288,89.348678,3.934775,6.877603,1.983627,-0.250000,1.733627
289,89.040643,1.558833,6.857851,1.248532,-0.250000,-1.498532
290,88.733425,1.176362,6.837665,1.084602,-0.250000,-1.334602
291,88.424948,0.200477,6.815401,0.447746,0.750000,0.302254
292,88.117918,0.000316,6.791798,0.017764,1.250000,1.232236
293,87.925346,32.464565,6.788012,5.697768,3.250000,-2.447768
294,87.631768,2.787788,6.770363,1.669667,-3.750000,-2.080333
295,87.352242,6.289747,6.755715,2.507937,0.500000,3.007937
296,87.152841,29.126956,6.751062,5.396940,4.000000,-1.396940
297,86.878080,6.647863,6.736821,2.578345,-2.750000,-0.171655
298,86.601442,5.546649,6.721917,2.355132,3.000000,0.644868
299,86.307923,0.013324,6.699522,0.115429,-0.750000,-0.865429
300,86.040776,7.232478,6.685974,2.689327,2.750000,0.060673
301,85.783065,9.500589,6.673841,3.082303,4.750000,1.667697
302,85.502220,2.091191,6.656298,1.446095,-0.250000,1.196095
303,85.217141,0.263675,6.635753,0.513492,0.250000,0.763492
304,84.933148,0.019009,6.614094,0.137874,0.000000,-0.137874
305,84.703787,15.895691,6.605366,3.986940,-3.500000,0.486940
306,84.520487,29.347113,6.601432,5.417298,4.750000,-0.667298
307,84.329340,26.602848,6.596667,5.157795,6.630000,1.472205
308,84.662370,185.570654,6.619778,13.622432,13.120000,-0.502432
309,84.391133,1.934913,6.602635,1.391011,7.630000,6.238989
310,84.472811,109.384806,6.615236,10.458719,-4.880000,5.578719
311,84.363358,50.870616,6.616921,7.132364,-2.370000,4.762364
312,84.172154,25.472362,6.611824,5.047015,3.870000,-1.177015
313,83.902672,0.902462,6.593500,0.949980,-0.250000,0.699980
314,83.850285,67.662454,6.598766,8.225719,-3.250000,4.975719
315,83.587715,2.191098,6.582307,1.480236,-2.250000,-0.769764
316,83.323523,1.159844,6.564662,1.076960,0.000000,-1.076960
317,83.255274,61.961652,6.568838,7.871572,9.500000,1.628428
318,83.166978,55.530183,6.571650,7.451858,7.000000,-0.451858
319,82.944827,13.189636,6.562317,3.631754,4.000000,0.368246
320,82.696578,4.498061,6.548261,2.120863,1.500000,-0.620863
321,82.578411,45.237639,6.548822,6.725893,2.130000,-4.595893
322,82.323947,1.658722,6.532278,1.287914,5.370000,4.082086
323,82.128845,20.086587,6.525850,4.481806,-1.500000,2.981806
324,82.107749,75.378181,6.532588,8.682061,-4.750000,3.932061
325,81.884039,10.296665,6.522234,3.208842,1.250000,4.458842
326,81.640215,3.372769,6.507682,1.836510,3.750000,1.913490
327,81.469275,26.426551,6.503450,5.140676,-3.250000,1.890676
328,81.457687,77.714642,6.510586,8.815591,-7.250000,1.565591
329,81.217020,3.240916,6.496093,1.800255,2.030000,0.229745
330,81.619773,212.514765,6.520884,14.577886,9.720000,-4.857886
331,81.370378,0.067507,6.501737,0.259821,0.500000,0.759821
332,81.201783,26.071159,6.497481,5.105992,4.500000,-0.605992
333,80.977506,7.414568,6.486009,2.722970,-3.750000,-1.027030
334,80.732497,0.124681,6.467424,0.353102,-0.750000,-1.103102
335,80.495234,2.198385,6.452364,1.482695,1.500000,0.017305
336,80.254737,0.650302,6.435359,0.806413,-2.000000,-1.193587
337,80.050241,12.157496,6.426504,3.486760,-3.000000,0.486760
338,79.822402,3.952070,6.413215,1.987981,-4.250000,-2.262019
339,79.702195,39.552874,6.412844,6.289108,4.250000,-2.039108
340,79.465483,0.167209,6.394976,0.408912,-1.000000,-1.408912
341,79.236117,2.169002,6.380370,1.472753,-1.500000,-2.972753
342,79.052921,17.316087,6.373804,4.161260,-1.500000,-5.661260
343,78.830713,3.724362,6.360695,1.929861,-5.000000,-3.070139
344,78.604379,1.877161,6.346017,1.370095,2.000000,0.629905
345,78.690073,107.825838,6.357858,10.383922,10.000000,-0.383922
346,78.594688,46.068341,6.359114,6.787366,7.250000,0.462634
347,78.472826,36.796110,6.358260,6.065980,-4.000000,2.065980
348,78.272111,9.426963,6.348702,3.070336,0.750000,3.820336
349,78.146602,34.971415,6.347441,5.913663,-4.000000,1.913663
350,77.937140,5.672871,6.335979,2.381779,0.000000,2.381779
351,77.764116,17.897838,6.329912,4.230584,-1.750000,2.480584
352,77.629153,30.796808,6.327669,5.549487,-6.000000,-0.450513
353,77.425485,6.549006,6.316871,2.559103,2.750000,0.190897
354,77.214503,3.581833,6.304230,1.892573,3.250000,1.357427
355,77.045318,17.830590,6.298300,4.222628,-4.750000,-0.527372
356,76.828705,0.797706,6.282944,0.893144,-0.250000,0.643144
357,76.611074,0.004755,6.265341,0.068953,-4.000000,-3.931047
358,76.403635,3.177606,6.252678,1.782584,-0.750000,1.032584
359,76.192843,1.572758,6.238597,1.254097,-1.500000,-0.245903
360,75.979955,0.404533,6.222860,0.636029,-2.250000,-2.886029
361,75.801800,12.378696,6.215284,3.518337,0.750000,-2.768337
362,75.620515,10.901873,6.207146,3.301798,-6.500000,-3.198202
363,75.430507,7.407559,6.197437,2.721683,-2.250000,0.471683
364,75.274692,19.336926,6.192437,4.397377,-8.000000,-3.602623
365,75.212154,52.698654,6.195392,7.259384,-4.500000,2.759384
366,75.173273,61.137054,6.199877,7.819019,2.000000,-5.819019
367,75.307337,123.838477,6.213454,11.128274,-9.750000,1.378274
368,75.454558,128.896036,6.227574,11.353239,12.000000,0.646761
369,75.257226,3.428407,6.215585,1.851596,3.250000,1.398404
370,75.113042,22.485672,6.211559,4.741906,3.250000,-1.491906
371,75.022154,41.757192,6.212241,6.461980,-9.000000,-2.538020
372,74.920860,37.745932,6.212055,6.143772,4.880000,-1.263772
373,74.750213,11.952348,6.204590,3.457217,-3.880000,-0.422783
374,74.613211,24.059251,6.201077,4.905023,-3.000000,1.905023
375,74.440189,10.422034,6.193064,3.228318,-2.500000,0.728318
376,74.293054,19.706005,6.188350,4.439145,1.000000,5.439145
377,74.128038,12.742097,6.181329,3.569607,2.750000,6.319607
378,73.942540,4.751955,6.170630,2.179898,-2.250000,-0.070102
379,73.745525,0.061722,6.154837,0.248439,-3.500000,-3.748439
380,73.556398,2.633878,6.142784,1.622923,-0.250000,-1.872923
381,73.380459,7.227498,6.133622,2.688401,-1.250000,-3.938401
382,73.195844,3.595916,6.122412,1.896290,-1.250000,-3.146290
383,73.125027,46.355958,6.124222,6.808521,1.750000,-5.058521
384,72.956129,8.943984,6.115976,2.990649,0.500000,-2.490649
385,72.885048,45.874249,6.117700,6.773053,2.500000,-4.273053
386,72.697252,1.146859,6.104489,1.070915,1.500000,0.429085
387,72.615490,41.382612,6.105346,6.432932,10.000000,3.567068
388,72.768149,131.236415,6.119280,11.455846,-8.500000,2.955846
389,72.612467,12.830708,6.112690,3.581998,0.500000,4.081998
390,72.426707,0.908875,6.099324,0.953349,-3.000000,-2.046651
391,72.267770,10.918323,6.092101,3.304289,5.750000,2.445711
392,72.109263,10.766862,6.084857,3.281290,4.000000,0.718710
393,71.959317,13.780489,6.078758,3.712208,-4.620000,-0.907792
394,71.775496,0.268884,6.064501,0.518540,1.870000,1.351460
395,71.770299,69.743553,6.070349,8.351261,4.500000,-3.851261
396,71.589407,0.860515,6.057230,0.927640,2.000000,1.072360
397,71.622960,84.775736,6.065246,9.207374,8.750000,-0.457374
398,71.480356,15.436969,6.059824,3.928991,2.750000,-1.178991
399,71.353568,21.399301,6.056193,4.625938,-3.000000,1.625938
400,71.206450,13.094650,6.050038,3.618653,-1.500000,2.118653
401,71.027297,0.082666,6.035523,0.287517,-0.500000,-0.212483
402,70.871828,9.150828,6.027959,3.025034,-5.500000,-2.474966
403,70.878438,73.509354,6.034339,8.573760,2.250000,-6.323760
404,70.783214,32.788495,6.033569,5.726124,3.750000,-1.976124
405,70.656197,19.849696,6.029633,4.455300,-4.000000,0.455300
406,70.483639,1.287650,6.017457,1.134747,1.500000,0.365253
407,70.346292,15.132738,6.012178,3.890082,-8.000000,-4.109918
408,70.185936,5.562767,6.003134,2.358552,1.500000,3.858552
409,70.016556,1.586877,5.991422,1.259713,-1.000000,0.259713
410,69.904545,24.539975,5.988866,4.953784,2.250000,-2.703784
411,69.857671,50.826814,5.991668,7.129293,2.750000,-4.379293
412,69.697541,4.524861,5.982196,2.127172,0.500000,-1.627172
413,69.528838,0.697875,5.969613,0.835389,2.500000,1.664611
414,69.554382,80.001863,5.976868,8.944376,8.000000,-0.944376
415,69.411096,10.663948,5.970271,3.265570,-2.000000,1.265570
416,69.260095,7.198856,5.962293,2.683068,1.500000,4.183068
417,69.112638,8.359999,5.954857,2.891366,-1.000000,-3.891366
418,68.947756,0.851583,5.942702,0.922813,-0.500000,0.422813
419,68.787826,2.576750,5.932250,1.605226,-1.000000,0.605226
420,68.634700,5.087478,5.923412,2.255544,-0.500000,-2.755544
421,68.510132,16.690078,5.919004,4.085349,0.130000,-3.955349
422,68.353012,2.833888,5.908871,1.683415,-5.130000,-3.446585
423,68.245780,23.422599,5.906320,4.839690,4.250000,-0.589690
424,68.106106,9.582815,5.899628,3.095612,2.250000,-0.845612
425,67.957936,5.726548,5.891298,2.393021,-2.000000,0.393021
426,67.943435,61.838527,5.895972,7.863748,8.000000,0.136252
427,67.792786,4.219084,5.886890,2.054041,-4.500000,-2.445959
428,67.961513,139.332627,5.900845,11.803924,-7.750000,4.053924
429,67.824664,9.800982,5.894327,3.130652,-1.750000,1.380652
430,67.726240,25.896117,5.892436,5.088823,3.500000,-1.588823
431,67.567631,0.000204,5.878670,0.014277,-2.250000,-2.235723
432,67.412641,1.231572,5.867528,1.109762,-0.500000,-1.609762
433,67.553186,127.706537,5.880192,11.300732,7.750000,-3.550732
434,67.415528,8.360282,5.873242,2.891415,4.500000,1.608585
435,67.319028,25.823885,5.871405,5.081721,8.000000,2.918279
436,67.348134,79.892935,5.878505,8.938285,-7.000000,1.938285
437,67.241433,21.146603,5.875549,4.598544,0.000000,4.598544
438,67.230789,62.621902,5.880244,7.913400,3.000000,-4.913400
439,67.083183,3.022058,5.870723,1.738407,3.500000,1.761593
440,67.017206,38.317452,5.871455,6.190109,7.000000,0.809891
441,66.885194,9.327766,5.865008,3.054139,2.000000,-1.054139
442,67.010333,121.696174,5.876804,11.031599,12.250000,1.218401
443,66.871538,6.079598,5.869034,2.465684,2.000000,-0.465684
444,66.723005,1.517015,5.858494,1.231672,2.500000,3.731672
445,66.635679,28.212090,5.857254,5.311505,-0.750000,4.561505
446,66.526701,18.467467,5.853725,4.297379,-8.000000,-3.702621
447,66.500095,54.739973,5.857212,7.398647,-3.000000,4.398647
448,66.350932,0.271826,5.845195,0.521369,2.000000,1.478631
449,66.248782,20.894238,5.842331,4.571022,8.500000,3.928978
450,66.246637,65.292003,5.847349,8.080347,3.750000,-4.330347
451,66.154092,24.879264,5.845427,4.987912,-6.000000,-1.012088
452,66.119374,50.600280,5.848257,7.113387,-7.000000,0.113387
453,66.158755,83.801252,5.855620,9.154302,9.750000,0.595698
454,66.126614,51.695307,5.858585,7.189945,-5.500000,1.689945
455,66.098810,53.587111,5.861826,7.320322,-4.500000,2.820322
456,65.952803,0.103697,5.849570,0.322020,-4.000000,-4.322020
457,65.807316,0.047403,5.837138,0.217722,1.500000,1.717722
458,65.669191,3.098592,5.828158,1.760282,3.000000,1.239718
459,65.525070,0.093800,5.816022,0.306268,2.500000,2.193732
460,65.383127,0.799104,5.805228,0.893926,1.000000,0.106074
461,65.262165,10.103557,5.799480,3.178609,1.500000,4.678609
462,65.145887,12.006787,5.794383,3.465081,-2.500000,0.965081
463,65.136682,60.921085,5.798764,7.805196,-2.000000,5.805196
464,65.091623,44.409305,5.800645,6.664031,-4.500000,2.164031
465,65.009018,27.010535,5.799336,5.197166,-8.250000,-3.052834
466,64.893752,11.756501,5.794205,3.428775,-0.250000,3.178775
467,65.038502,131.912836,5.806497,11.485331,-8.000000,3.485331
468,64.907643,4.319752,5.798462,2.078401,1.250000,3.328401
469,65.045885,129.190533,5.810436,11.366201,6.000000,-5.366201
470,65.142061,109.863585,5.820460,10.481583,6.750000,-3.731583
471,65.088218,39.997380,5.821539,6.324348,7.250000,0.925652
472,65.039193,42.144603,5.822971,6.491887,6.750000,0.258113
473,64.922416,10.271019,5.817389,3.204843,-2.500000,0.704843
474,64.925790,66.508046,5.822363,8.155247,-6.500000,1.655247
475,64.819070,14.660409,5.818131,3.828891,4.500000,0.671109
476,64.682498,0.357419,5.807071,0.597846,-3.000000,-2.402154
477,64.546078,0.155573,5.795627,0.394427,-0.500000,-0.894427
478,64.410035,0.061776,5.783925,0.248547,-3.000000,-2.751453
479,64.276753,1.100940,5.773957,1.049257,-1.000000,-2.049257
480,64.181298,18.840604,5.770946,4.340576,-4.750000,-0.409424
481,64.069453,10.830835,5.765747,3.291023,0.000000,3.291023
482,64.052621,56.024114,5.769343,7.484926,0.750000,-6.734926
483,64.118239,95.483399,5.777699,9.771561,7.500000,-2.271561
484,63.986458,0.863260,5.767597,0.929118,0.000000,-0.929118
485,63.853521,0.043705,5.756041,0.209056,-0.500000,-0.709056
486,63.721044,0.000051,5.744114,0.007117,0.500000,0.492883
487,63.606744,8.514169,5.738263,2.917905,-0.500000,-3.417905
488,63.499155,11.533477,5.733423,3.396097,1.500000,-1.896097
489,63.429582,29.756311,5.732849,5.454935,6.000000,0.545065
490,63.353162,26.289178,5.731603,5.127297,3.000000,-2.127297
491,63.264266,20.061140,5.729031,4.478966,5.500000,1.021034
492,63.253925,58.217863,5.732927,7.630063,8.000000,0.369937
493,63.279518,75.768679,5.739003,8.704521,10.000000,1.295479
494,63.492641,167.709780,5.753720,12.950281,-7.000000,5.950281
495,63.443898,39.559666,5.754812,6.289648,1.500000,7.789648
496,63.322318,3.626746,5.746986,1.904402,-3.500000,-1.595598
497,63.196670,1.377933,5.737710,1.173854,5.000000,6.173854
498,63.432837,179.863170,5.753243,13.411308,15.500000,2.088692
499,63.344377,19.645119,5.750575,4.432281,4.500000,0.067719
500,63.311896,47.233594,5.752837,6.872670,3.000000,-3.872670
501,63.188231,1.850633,5.743999,1.360380,-1.000000,-2.360380
502,64.226866,580.428496,5.780843,24.092084,26.000000,1.907916
503,64.193273,47.463626,5.783064,6.889385,-11.000000,-4.110615
504,64.082776,8.944857,5.777480,2.990795,3.000000,5.990795
505,63.992772,18.990996,5.774646,4.357866,-1.000000,-5.357866
506,64.498163,317.698965,5.798649,17.824112,-10.000000,7.824112
507,64.568450,99.852729,5.806987,9.992634,5.000000,14.992634
508,64.472891,16.406661,5.803502,4.050514,2.500000,-1.550514
509,64.448117,51.962027,5.806284,7.208469,-3.500000,3.708469
510,64.414874,47.627142,5.808448,6.901242,-6.000000,0.901242
511,64.325366,19.034024,5.805597,4.362800,-6.000000,-1.637200
512,64.318768,60.973548,5.809539,7.808556,-10.000000,-2.191444
513,64.236447,22.417521,5.807428,4.734714,5.000000,0.265286
514,64.584102,241.540412,5.826514,15.541570,13.000000,-2.541570
515,64.508039,25.716237,5.825036,5.071118,-1.000000,4.071118
516,64.447577,33.551107,5.824972,5.792332,-1.500000,4.292332
517,64.379281,29.411925,5.824189,5.423276,-3.500000,1.923276
518,64.337456,42.881436,5.825598,6.548392,0.000000,-6.548392
519,64.228036,7.985826,5.819773,2.825920,1.000000,-1.825920
520,64.126148,11.653940,5.815111,3.413787,3.000000,-0.413787
521,64.011535,4.871455,5.808132,2.207137,2.000000,-0.207137
522,63.923629,18.476038,5.805217,4.298376,4.000000,-0.298376
523,64.005146,106.231019,5.813891,10.306843,8.000000,-2.306843
524,63.882149,0.046650,5.803126,0.215986,1.500000,1.715986
525,63.767374,4.084379,5.795866,2.020985,-2.500000,-0.479015
526,63.677384,16.792646,5.792614,4.097883,1.000000,-3.097883
527,63.566774,5.828190,5.786154,2.414164,0.000000,-2.414164
528,63.457890,6.511896,5.779982,2.551842,1.500000,-1.051842
529,63.359751,11.934898,5.775552,3.454692,1.250000,-2.204692
530,63.739736,263.231420,5.795417,16.224408,13.250000,-2.974408
531,63.728055,57.583991,5.798819,7.588412,5.500000,-2.088412
532,63.774251,88.119794,5.805616,9.387214,-9.000000,0.387214
533,63.654082,0.204463,5.795496,0.452175,2.500000,2.952175
534,63.567582,17.809118,5.792523,4.220085,-4.500000,-0.279915
535,63.545339,51.756943,5.795163,7.194230,-0.500000,6.694230
536,63.490092,34.153477,5.795255,5.844098,-6.000000,-0.155902
537,63.387060,8.574062,5.789876,2.928150,4.500000,1.571850
538,63.312270,23.449336,5.788102,4.842451,5.500000,0.657549
539,63.265248,38.155515,5.788828,6.177015,0.000000,6.177015
540,63.202683,29.730402,5.788201,5.452559,0.500000,5.952559
541,63.122937,20.379235,5.785829,4.514337,6.750000,2.235663
542,63.153567,79.601858,5.791658,8.921987,9.750000,0.828013
543,63.037213,0.438924,5.782142,0.662514,3.500000,2.837486
544,62.961836,22.333144,5.780186,4.725796,-4.000000,0.725796
545,62.864051,10.060177,5.775365,3.171778,-1.000000,2.171778
546,62.775197,14.705229,5.771784,3.834740,-3.750000,0.084740
547,62.699108,21.459050,5.769686,4.632391,-2.500000,2.132391
548,62.603777,10.838829,5.765132,3.292238,-2.750000,0.542238
549,62.488908,0.000411,5.754591,0.020266,5.500000,5.520266
550,62.405249,16.811266,5.751560,4.100154,2.000000,-2.100154
551,62.362110,38.808266,5.752434,6.229628,4.500000,-1.729628
552,62.249326,0.556220,5.743298,0.745802,2.000000,1.254198
553,62.137677,0.953872,5.734616,0.976664,0.500000,1.476664
554,62.037241,6.897818,5.728964,2.626370,5.250000,2.623630
555,61.925819,0.643941,5.720023,0.802459,1.000000,0.197541
556,61.817257,1.999683,5.712223,1.414101,2.750000,1.335899
557,61.705901,0.237104,5.702774,0.486933,0.500000,0.013067
558,61.594519,0.000428,5.692517,0.020684,-1.500000,-1.479316
559,61.683809,111.150590,5.701257,10.542798,-8.750000,1.792798
560,61.682482,60.946129,5.705044,7.806800,-3.750000,4.056800
561,61.583200,6.382336,5.699337,2.526329,0.750000,-1.776329
562,61.578921,59.195362,5.702911,7.693852,11.500000,3.806148
563,61.653743,103.404498,5.710900,10.168800,-6.500000,3.668800
564,61.699537,87.298158,5.717387,9.343348,-4.250000,5.093348
565,61.608323,10.528898,5.712979,3.244826,-2.000000,-5.244826
566,61.503247,2.555375,5.705658,1.598554,-1.750000,-0.151446
567,61.433937,22.481561,5.703946,4.741472,3.250000,-1.491472
568,61.346705,12.235175,5.700034,3.497882,-3.500000,-0.002118
569,61.385603,83.324135,5.706102,9.128205,8.000000,-1.128205
570,61.319312,23.864959,5.704651,4.885177,4.000000,-0.885177
571,61.470532,147.061077,5.715978,12.126874,-10.000000,2.126874
572,61.384601,12.661626,5.712179,3.558318,-1.000000,2.558318
573,61.276742,0.013101,5.702342,0.114459,-2.000000,-1.885541
574,61.170117,0.500339,5.693578,0.707346,2.500000,3.207346
575,61.127213,36.671872,5.694213,6.055730,-7.000000,-0.944270
576,61.163462,81.861624,5.700075,9.047741,-6.250000,2.797741
577,61.156337,57.080968,5.703313,7.555195,9.250000,1.694805
578,61.063990,8.148960,5.698350,2.854638,4.500000,1.645362
579,60.975097,9.950517,5.693926,3.154444,0.750000,3.904444
580,60.872582,1.926303,5.686450,1.387913,-0.750000,0.637913
581,60.768327,0.717466,5.678063,0.847034,-0.750000,-1.597034
582,60.670480,4.212792,5.671790,2.052509,1.250000,-0.802509
583,60.572763,4.092357,5.665489,2.022957,-0.500000,1.522957
584,60.493013,14.317659,5.662244,3.783868,2.500000,-1.283868
585,60.388895,0.000397,5.652533,0.019927,0.750000,0.769927
586,60.305056,11.594637,5.648671,3.405090,-2.750000,0.655090
587,60.231606,17.483850,5.646155,4.181369,3.000000,-1.181369
588,82.258710,12924.060635,5.831151,113.684039,-114.500000,-0.815961
589,82.383038,154.990266,5.842464,12.449509,5.000000,17.449509
590,83.079383,490.441531,5.870286,22.145915,7.250000,-14.895915
591,82.945207,4.317695,5.863825,2.077907,3.750000,1.672093
592,82.860831,33.332358,5.863672,5.773418,2.000000,-3.773418
593,82.736497,9.628298,5.858984,3.102950,-7.500000,-10.602950
594,82.749386,90.340505,5.865164,9.504762,-1.500000,-11.004762
595,82.727823,70.006184,5.869397,8.366970,-5.500000,2.866970
596,82.609487,12.672348,5.865496,3.559824,3.500000,-0.059824
597,82.502636,19.247124,5.863003,4.387154,-6.750000,-2.362846
598,82.438972,44.686369,5.864386,6.684786,2.250000,-4.434786
599,82.334964,20.553878,5.862150,4.533638,-5.500000,-0.966362
600,82.280787,50.045710,5.864183,7.074299,-8.250000,-1.175701
601,82.197891,32.791645,5.863953,5.726399,2.250000,7.976399
602,82.062039,0.958432,5.855784,0.978995,-3.000000,-3.978995
603,82.040215,68.989778,5.859874,8.306009,9.000000,0.693991
604,81.903747,0.159297,5.850773,0.399120,-3.000000,-2.600880
605,81.783347,9.543210,5.846178,3.089209,2.000000,-1.089209
606,81.684579,22.324998,5.844316,4.724934,3.500000,-1.224934
607,81.749805,121.016229,5.852867,11.000738,3.500000,-7.500738
608,81.647199,19.775551,5.850539,4.446971,3.250000,-1.196971
609,81.531223,11.481544,5.846470,3.388443,2.750000,-0.638443
610,81.401256,2.771398,5.839569,1.664752,-4.500000,-2.835248
611,81.305580,23.326022,5.837905,4.829702,2.000000,-2.829702
612,81.180045,4.980356,5.831974,2.231671,1.250000,-0.981671
613,81.054991,5.021651,5.826077,2.240904,-2.000000,0.240904
614,80.930342,5.019252,5.820199,2.240369,2.500000,0.259631
615,80.798058,0.105114,5.811204,0.324213,-0.250000,0.074213
616,80.728323,38.119961,5.811797,6.174136,-3.000000,3.174136
617,80.615347,11.474236,5.807842,3.387364,-0.750000,2.637364
618,80.497609,8.323903,5.803082,2.885118,-0.250000,-3.135118
619,80.375431,5.358562,5.797410,2.314857,4.000000,1.685143
620,80.266865,13.498366,5.793963,3.674012,3.000000,-0.674012
621,80.145640,5.471131,5.788363,2.339045,4.000000,6.339045
622,80.019054,1.915892,5.781237,1.384157,3.000000,1.615843
623,79.891369,0.981864,5.773498,0.990891,-2.000000,-2.990891
624,79.762558,0.028582,5.764459,0.169062,-1.250000,-1.080938
625,79.644149,6.230218,5.759195,2.496040,-5.250000,-2.753960
626,79.518016,1.189915,5.751690,1.090832,-1.000000,-2.090832
627,79.492225,63.449728,5.755244,7.965534,-9.500000,-1.534466
628,79.421578,35.408503,5.755556,5.950504,5.000000,-0.950504
629,79.317350,14.279217,5.752394,3.778785,2.000000,-1.778785
630,79.201163,6.584457,5.747304,2.566020,0.000000,2.566020
631,79.115807,25.682964,5.746220,5.067836,-5.000000,0.067836
632,78.990928,0.691516,5.738394,0.831575,-1.750000,-2.581575
633,78.868117,1.743057,5.731370,1.320249,-0.750000,-2.070249
634,78.745446,1.585291,5.724271,1.259083,-1.500000,-0.240917
635,78.653486,20.718726,5.722413,4.551783,-6.250000,-1.698217
636,78.529199,0.103847,5.713868,0.322252,-2.250000,-1.927748
637,78.407435,1.453144,5.706746,1.205464,-1.000000,-2.205464
638,78.331218,30.085554,5.706396,5.485030,4.130000,-1.355030
639,78.231616,15.083880,5.703526,3.883797,-3.130000,0.753797
640,78.122796,9.022040,5.699281,3.003671,0.500000,3.503671
641,78.000156,0.001341,5.690392,0.036617,-2.250000,-2.213383
642,78.335099,291.693603,5.708242,17.079040,-15.500000,1.579040
643,78.237682,16.085474,5.705585,4.010670,6.750000,2.739330
644,78.138532,14.782122,5.702678,3.844752,-6.250000,-2.405248
645,78.018555,1.233189,5.695514,1.110490,4.250000,3.139510
646,77.909752,8.167038,5.691094,2.857803,0.000000,-2.857803
647,77.819685,19.996459,5.689197,4.471740,-3.500000,0.971740
648,77.699384,0.345953,5.681277,0.588178,3.000000,2.411822
649,77.610745,20.527487,5.679493,4.530727,4.000000,-0.530727
650,77.558704,43.992146,5.680968,6.632658,-5.500000,1.132658
651,77.448894,6.511635,5.676132,2.551791,0.500000,-2.051791
652,77.349367,12.955501,5.672927,3.599375,0.250000,-3.349375
653,77.276796,30.250631,5.672661,5.500057,-4.250000,1.250057
654,77.318021,104.073208,5.679628,10.201628,-9.500000,0.701628
655,77.224059,16.148591,5.677077,4.018531,5.000000,0.981469
656,77.109399,2.465340,5.670778,1.570140,-3.870000,-2.299860
657,77.077900,56.540976,5.673609,7.519373,-6.630000,0.889373
658,76.960059,0.009929,5.665086,0.099643,-0.750000,-0.849643
659,76.890885,31.651205,5.665026,5.625940,2.250000,-3.375940
660,76.875633,66.885323,5.668857,8.178345,7.750000,-0.428345
661,76.771757,8.629158,5.664700,2.937543,2.750000,-0.187543
662,76.656374,0.849384,5.657492,0.921620,0.500000,1.421620
663,76.551356,7.449650,5.653048,2.729405,1.000000,-1.729405
664,76.508098,48.001118,5.654981,6.928284,2.250000,-4.678284
665,76.399784,4.912711,5.649779,2.216464,-0.120000,-2.336464
666,76.288936,3.018548,5.643869,1.737397,-3.880000,-2.142603
667,76.177544,2.435692,5.637710,1.560670,-5.000000,-3.439330
668,76.091865,19.287027,5.635833,4.391700,-9.120000,-4.728300
669,75.977588,0.097379,5.627828,0.312056,-0.880000,-0.567944
670,76.093416,153.119262,5.637957,12.374137,-13.250000,-0.875863
671,75.981010,1.118480,5.631090,1.057582,4.500000,3.442418
672,76.139932,182.141096,5.642864,13.495966,10.130000,-3.365966
673,76.081762,37.224302,5.643549,6.101172,7.370000,1.268828
674,76.127972,107.042371,5.650568,10.346128,-8.500000,1.846128
675,76.022527,5.374452,5.645602,2.318287,1.000000,-1.318287
676,75.909534,0.091000,5.637649,0.301662,-1.000000,-1.301662
677,75.808101,7.645257,5.633381,2.765006,4.500000,1.734994
678,75.700150,3.049010,5.627614,1.746141,2.000000,0.253859
679,75.617813,20.122558,5.625922,4.485817,6.750000,2.264183
680,75.526052,13.587261,5.623052,3.686090,-3.500000,0.186090
681,75.418514,2.723194,5.617184,1.650210,2.250000,0.599790
682,75.307278,0.000385,5.608928,0.019634,-1.000000,-1.019634
683,75.199377,2.042680,5.602772,1.429224,-1.750000,-0.320776
684,75.089192,0.273538,5.595302,0.523009,-1.750000,-2.273009
685,74.980544,1.099605,5.588626,1.048620,-2.750000,-3.798620
686,74.885610,10.235886,5.585122,3.199357,-5.250000,-2.050643
687,74.792790,11.489481,5.581908,3.389614,0.500000,-2.889614
688,74.828215,99.022957,5.588295,9.951028,3.000000,-6.951028
689,74.720302,0.908477,5.581529,0.953140,2.500000,1.546860
690,74.613771,1.639500,5.575259,1.280430,-3.000000,-1.719570
691,74.543172,26.112636,5.574582,5.110052,-7.000000,-1.889948
692,74.466229,21.606424,5.573235,4.648271,1.000000,-3.648271
693,74.697341,233.702036,5.587334,15.287316,3.500000,-11.787316
694,74.666733,53.578177,5.589845,7.319712,5.500000,-1.819712
695,74.580977,15.409005,5.587436,3.925431,-3.000000,0.925431
696,74.490840,12.206593,5.584411,3.493793,-3.750000,-0.256207
697,74.383352,0.001157,5.576402,0.034008,0.250000,0.215992
698,74.276322,0.104797,5.568833,0.323724,-1.500000,-1.176276
699,74.173566,2.860934,5.563254,1.691430,-1.620000,0.071430
700,74.148052,56.415725,5.566052,7.511040,-6.380000,1.131040
701,74.047360,3.965754,5.560924,1.991420,1.500000,-0.491420
702,73.964306,16.075478,5.558701,4.009424,2.500000,-1.509424
703,73.860014,1.064688,5.552225,1.031837,1.500000,0.468163
704,73.754659,0.111410,5.544770,0.333781,-0.500000,-0.833781
705,73.660312,7.617186,5.540797,2.759925,-3.000000,-0.240075
706,73.574940,13.729174,5.538183,3.705290,0.000000,-3.705290
707,73.493952,16.640279,5.536107,4.079250,1.750000,-2.329250
708,73.389815,0.181659,5.528849,0.426215,-0.250000,0.176215
709,73.285743,0.018668,5.521200,0.136631,0.500000,0.363369
710,73.231440,34.948202,5.521753,5.911700,0.000000,-5.911700
711,73.142144,10.099018,5.518438,3.177895,0.000000,-3.177895
712,73.040087,0.886006,5.511973,0.941279,0.500000,-0.441279
713,73.006606,49.301884,5.514102,7.021530,6.750000,-0.271530
714,72.927374,16.751996,5.512101,4.092920,5.750000,1.657080
715,72.826206,0.996870,5.505752,0.998434,-1.000000,-1.998434
716,72.805858,58.338079,5.508747,7.637937,-10.000000,-2.362063
717,72.724989,15.146564,5.506479,3.891859,0.000000,-3.891859
718,72.703208,57.173188,5.509357,7.561295,4.750000,-2.811295
719,72.624464,16.401174,5.507316,4.049836,-2.750000,1.299836
720,72.554875,22.799033,5.506293,4.774833,-4.000000,0.774833
721,72.455319,1.172939,5.500124,1.083023,-2.000000,-0.916977
722,72.354995,0.423068,5.493369,0.650437,-0.500000,0.150437
723,72.311604,41.157092,5.494652,6.415379,-4.000000,2.415379
724,72.233278,15.916902,5.492561,3.989599,-5.000000,-1.010401
725,72.133871,0.560385,5.485982,0.748589,0.500000,-0.248589
726,72.061252,19.702751,5.484531,4.438778,4.500000,0.061222
727,71.981725,14.563400,5.482224,3.816202,4.500000,0.683798
728,71.882774,0.341569,5.475459,0.584439,-0.500000,-1.084439
729,71.834307,36.743744,5.476267,6.061662,-8.500000,-2.438338
730,71.738691,2.417220,5.470866,1.554741,-0.870000,-2.424741
731,71.651901,8.642162,5.467384,2.939755,1.870000,-1.069755
732,71.587751,24.950720,5.466735,4.995070,4.250000,-0.745070
733,71.504136,10.632876,5.463710,3.260809,-2.250000,1.010809
734,71.409693,2.560224,5.458417,1.600070,-0.370000,-1.970070
735,71.312808,0.586893,5.451998,0.766089,0.370000,-0.396089
736,71.215826,0.322031,5.445325,0.567478,2.000000,1.432522
737,71.119437,0.562857,5.438920,0.750238,2.000000,1.249762
738,71.024527,1.455519,5.433153,1.206449,0.000000,1.206449
739,70.929928,1.494123,5.427424,1.222343,-1.000000,-2.222343
740,70.839995,4.739646,5.423008,2.177073,-3.000000,-0.822927
741,70.756319,9.170396,5.419759,3.028266,2.500000,-0.528266
742,70.665499,3.731000,5.415032,1.931580,-0.750000,1.181580
743,70.579800,7.334484,5.411369,2.708225,-2.250000,0.458225
744,70.485883,1.080628,5.405462,1.039533,0.750000,-0.289533
745,70.392006,0.923031,5.399463,0.960745,-1.750000,-0.789255
746,70.311615,10.742492,5.396604,3.277574,-4.370000,-1.092426
747,70.217069,0.063704,5.389680,0.252397,-1.000000,-1.252397
748,70.190943,50.779294,5.392014,7.125959,4.620000,-2.505959
749,70.199301,76.417717,5.396510,8.741723,9.000000,0.258277
750,70.167368,46.377026,5.398405,6.810068,7.250000,0.439932
751,70.073439,0.002591,5.391246,0.050905,-2.750000,-2.800905
752,70.020739,30.653591,5.391441,5.536569,1.000000,-4.536569
753,69.938853,8.688598,5.388178,2.947643,0.750000,-2.197643
754,69.870540,18.704009,5.386760,4.324813,4.000000,-0.324813
755,69.813856,27.300705,5.386545,5.225008,6.750000,1.524992
756,69.770697,37.358264,5.387509,6.112141,5.500000,-0.612141
757,69.694132,12.117497,5.384978,3.481019,3.750000,0.268981
758,69.603139,1.085329,5.379217,1.041791,-0.250000,-1.291791
759,69.513291,1.767356,5.373853,1.329419,-0.750000,0.579419
760,69.452569,23.607528,5.373172,4.858758,3.750000,-1.108758
761,69.360873,0.039347,5.366336,0.198361,-1.250000,-1.448361
762,69.285124,11.942498,5.363816,3.455792,-2.250000,1.205792
763,69.209622,11.979585,5.361309,3.461154,5.250000,1.788846
764,69.119758,0.913027,5.355512,0.955524,0.500000,1.455524
765,69.029175,0.185973,5.349041,0.431246,-0.500000,-0.068754
766,68.938643,0.043957,5.342296,0.209659,-3.000000,-3.209659
767,68.848517,0.171946,5.335838,0.414663,-1.000000,-1.414663
768,68.766593,6.258621,5.332129,2.501724,-2.250000,0.251724
769,68.724617,36.655026,5.333073,6.054339,6.500000,0.445661
770,68.654494,15.010569,5.331168,3.874348,-3.250000,0.624348
771,68.603935,29.876026,5.331344,5.465897,-4.500000,0.965897
772,68.575882,47.058991,5.333334,6.859956,5.500000,-1.359956
773,68.560720,56.916156,5.336209,7.544280,-7.000000,0.544280
774,68.473534,1.427833,5.330831,1.194920,0.500000,1.694920
775,68.405197,15.785155,5.329070,3.973054,0.880000,-3.093054
776,68.379234,48.362457,5.331175,6.954312,-7.880000,-0.925688
777,68.301230,8.081839,5.327956,2.842857,-3.000000,-0.157143
778,68.253615,31.446797,5.328318,5.607744,2.500000,-3.107744
779,68.449237,219.861262,5.340575,14.827719,11.000000,-3.827719
780,68.395891,27.052332,5.340395,5.201186,4.000000,-1.201186
781,68.310103,1.738699,5.335219,1.318597,0.500000,-0.818597
782,68.232393,7.851427,5.331963,2.802040,1.500000,-1.302040
783,68.195671,39.626263,5.333200,6.294939,5.000000,-1.294939
784,68.110681,1.903658,5.328131,1.379731,1.250000,2.629731
785,68.025183,1.336687,5.322789,1.156152,-0.500000,0.656152
786,67.939492,1.014883,5.317271,1.007414,0.750000,-0.257414
787,67.870997,14.307871,5.315311,3.782575,-2.500000,1.282575
788,67.805317,16.377784,5.313693,4.046947,-4.750000,-0.703053
789,67.723525,3.598264,5.309340,1.896909,3.250000,1.353091
790,67.639452,1.642201,5.304216,1.281484,2.250000,0.968516
791,67.561877,6.588549,5.300738,2.566817,6.000000,3.433183
792,67.499591,18.480027,5.299466,4.298840,-3.250000,1.048840
793,67.431185,13.527397,5.297411,3.677961,2.500000,-1.177961
794,67.387004,32.528100,5.297925,5.703341,5.000000,-0.703341
795,67.348944,37.281948,5.298946,6.105894,2.750000,-3.355894
796,67.290153,20.786188,5.298012,4.559187,-3.250000,1.309187
797,67.209103,3.017371,5.293522,1.737058,-1.000000,0.737058
798,67.124479,0.017620,5.287022,0.132741,1.500000,1.367259
799,67.057508,13.882766,5.285058,3.725958,-1.500000,2.225958
800,66.973747,0.383544,5.279197,0.619309,0.500000,1.119309
801,66.899655,7.922750,5.276105,2.814738,-2.250000,0.564738
802,66.822270,5.146290,5.272336,2.268544,-2.250000,0.018544
803,66.739490,0.680907,5.266770,0.825171,-3.000000,-2.174829
804,66.689519,26.762969,5.266653,5.173294,-7.000000,-1.826706
805,66.629266,18.427009,5.265437,4.292669,5.750000,1.457331
806,66.546307,0.095458,5.259257,0.308962,0.000000,0.308962
807,66.463439,0.003339,5.252779,0.057783,-0.500000,-0.557783
808,66.415512,27.930250,5.252819,5.284908,1.500000,-3.784908
809,66.336634,2.919021,5.248417,1.708514,1.750000,0.041486
810,66.255098,0.618473,5.242881,0.786431,2.000000,1.213569
811,66.201402,22.922748,5.242317,4.787771,-3.000000,1.787771
812,66.119968,0.402736,5.236614,0.634615,-0.500000,0.134615
813,66.038854,0.498738,5.231014,0.706214,2.000000,1.293786
814,66.091737,108.874143,5.237438,10.434277,12.000000,1.565723
815,66.011528,1.042269,5.232239,1.020916,-0.500000,0.520916
816,65.938496,6.709036,5.228985,2.590181,2.500000,-0.090181
817,65.870881,10.967792,5.226627,3.311766,0.500000,-2.811766
818,65.793234,2.665980,5.222212,1.632783,-0.500000,1.132783
819,65.766708,44.174257,5.223959,6.646372,7.000000,0.353628
820,65.686149,0.031126,5.217773,0.176426,-0.500000,-0.323574
821,65.610372,3.776285,5.213765,1.943267,-2.000000,-0.056733
822,65.561373,25.529063,5.213568,5.052629,3.000000,-2.052629
823,65.481443,0.099043,5.207587,0.314710,0.750000,0.435290
824,65.404253,2.184984,5.203039,1.478169,-1.250000,0.228169
825,65.328358,3.094354,5.198844,1.759078,0.000000,-1.759078
826,65.248888,0.004071,5.192597,0.063808,0.000000,0.063808
827,65.170964,1.118079,5.187572,1.057393,1.000000,-0.057393
828,65.117283,20.937623,5.186830,4.575765,5.000000,0.424235
829,65.054752,13.528753,5.185001,3.678145,-1.500000,2.178145
830,64.976289,0.244575,5.179323,0.494545,1.000000,1.494545
831,64.905939,6.796745,5.176212,2.607057,0.500000,-2.107057
832,64.872330,37.078259,5.177315,6.089192,5.000000,-1.089192
833,64.831232,30.801658,5.177764,5.549924,-5.000000,0.549924
834,64.785366,26.762707,5.177759,5.173269,-6.000000,-0.826731
835,64.707463,0.047484,5.171791,0.217908,1.000000,0.782092
836,64.629734,0.037111,5.165806,0.192641,4.880000,4.687359
837,64.574688,18.776921,5.164806,4.333235,-0.880000,3.453235
838,64.519221,18.314413,5.163745,4.279534,-2.500000,1.779534
839,64.481346,32.893847,5.164430,5.735316,-7.000000,-1.264684
840,64.408571,3.641748,5.160535,1.908337,1.500000,-0.408337
841,64.333160,1.289255,5.155726,1.135454,2.000000,0.864546
842,64.291781,29.657739,5.156072,5.445892,-5.000000,0.445892
843,64.231485,13.703402,5.154339,3.701811,-4.000000,-0.298189
844,64.208206,44.677291,5.156160,6.684107,-9.000000,-2.315893
845,64.293045,135.557508,5.163873,11.642917,11.000000,-0.642917
846,64.243531,22.602624,5.163386,4.754222,-4.000000,0.754222
847,64.167662,0.285822,5.157896,0.534623,-0.500000,-1.034623
848,64.341883,211.210373,5.169004,14.533079,11.500000,-3.033079
849,64.404275,117.063085,5.175691,10.819570,-9.500000,1.319570
850,64.405153,65.147095,5.179114,8.071375,6.500000,-1.571375
851,64.333625,3.820397,5.175307,1.954583,-4.000000,-2.045417
852,64.267746,8.468447,5.172635,2.910060,3.500000,0.589940
853,64.195564,2.984917,5.168578,1.727691,-0.500000,1.227691
854,64.210908,77.238055,5.172836,8.788518,-5.500000,3.288518
855,64.297570,137.960539,5.180560,11.745660,-10.000000,1.745660
856,64.259834,32.146406,5.181134,5.669780,-5.500000,0.169780
857,64.184502,0.002002,5.175113,0.044744,1.750000,1.705256
858,64.143333,29.025612,5.175361,5.387542,-2.750000,2.637542
859,64.132123,54.559259,5.177947,7.386424,6.250000,-1.136424
860,64.057294,0.078584,5.172226,0.280329,-1.250000,-0.969671
861,64.013296,26.350860,5.172181,5.133309,5.750000,0.616691
862,63.942241,3.048385,5.168187,1.745962,-0.250000,-1.995962
863,63.868252,0.385692,5.162894,0.621041,-2.000000,-1.378959
864,63.794774,0.676430,5.157847,0.822453,-2.000000,-1.177547
865,63.721862,1.018099,5.153028,1.009009,-1.000000,-2.009009
866,63.647989,0.043231,5.147291,0.207920,-2.000000,-2.207920
867,63.589769,13.404237,5.145569,3.661180,-8.750000,-5.088820
868,63.516183,0.011520,5.139738,0.107330,-4.250000,-4.357330
869,63.513590,61.273157,5.142845,7.827717,7.500000,-0.327717
870,63.493767,46.347110,5.144768,6.807871,8.000000,1.192129
871,63.428934,7.282900,5.141947,2.698685,3.000000,0.301315
872,63.386876,26.923228,5.142001,5.188760,3.500000,-1.688760
873,63.314027,0.081045,5.136411,0.284683,-3.750000,-3.465317
874,63.253322,10.500181,5.134232,3.240398,-2.750000,0.490398
875,63.276706,83.621258,5.138836,9.144466,9.000000,-0.144466
876,63.215717,10.094342,5.136586,3.177159,2.750000,-0.427159
877,63.195530,45.592490,5.138437,6.752221,-2.750000,4.002221
878,63.126159,2.564959,5.134390,1.601549,-1.000000,-2.601549
879,63.100544,40.713379,5.135815,6.380704,4.250000,-2.130704
880,63.028803,0.254978,5.130528,0.504953,1.500000,2.004953
881,62.962504,4.884736,5.127198,2.210144,2.750000,0.539856
882,62.895681,4.291859,5.123718,2.071680,0.000000,-2.071680
883,62.898999,65.811893,5.127118,8.112453,-8.370000,-0.257547
884,62.834691,6.307814,5.124146,2.511536,-3.130000,-0.618464
885,62.764586,1.072941,5.119506,1.035829,-2.000000,-0.964171
886,62.755602,54.840161,5.122097,7.405414,5.000000,-2.405414
887,62.685665,1.001055,5.117430,1.000528,-0.250000,-1.250528
888,62.618803,3.580395,5.113781,1.892193,-1.750000,0.142193
889,62.667482,105.699717,5.119620,10.281037,7.500000,-2.781037
890,62.615251,16.390823,5.118411,4.048558,4.000000,-0.048558
891,62.544922,0.232750,5.113184,0.482442,3.500000,3.017558
892,62.475558,0.949797,5.108524,0.974575,-2.750000,-1.775425
893,62.423978,16.621315,5.107363,4.076925,3.630000,-0.446925
894,62.399669,40.789168,5.108801,6.386640,4.870000,-1.516640
895,62.368464,34.595944,5.109668,5.881832,-3.250000,2.631832
896,62.316964,16.430143,5.108484,4.053411,2.000000,-2.053411
897,62.254270,6.331272,5.105581,2.516202,0.500000,-2.016202
898,62.201621,15.185640,5.104229,3.896876,-1.500000,2.396876
899,62.134475,2.106422,5.100148,1.451352,1.500000,0.048648
900,62.110328,40.498630,5.101558,6.363853,5.500000,-0.863853
901,62.044075,2.681197,5.097696,1.637436,3.000000,1.362564
902,61.975132,0.133696,5.092427,0.365644,-0.250000,0.115644
903,61.908219,1.820252,5.088263,1.349167,-1.500000,-2.849167
904,62.657836,736.563594,5.112765,27.139705,2.000000,-25.139705
905,62.916612,295.814428,5.126179,17.199257,-2.750000,-19.949257
906,62.849727,2.586529,5.122279,1.608269,2.000000,0.391731
907,62.799446,17.446373,5.121232,4.176886,3.000000,-1.176886
908,62.781468,46.547420,5.123114,6.822567,6.750000,-0.072567
909,62.741883,26.957142,5.123190,5.192027,-2.750000,2.442027
910,62.673813,1.070414,5.118677,1.034608,0.250000,-0.784608
911,62.613494,7.963793,5.116145,2.822019,1.250000,-1.572019
912,62.545549,0.920214,5.111567,0.959278,-0.250000,0.709278
913,62.478061,1.198681,5.107148,1.094843,-1.250000,-0.155157
914,62.413737,3.942817,5.103718,1.985653,1.000000,-0.985653
915,62.359036,12.581036,5.102009,3.546976,1.750000,-1.796976
916,62.293155,2.276114,5.098069,1.508680,2.250000,0.741320
917,62.230792,5.355882,5.095020,2.314278,-0.750000,1.564278
918,62.167909,4.755511,5.091832,2.180713,-1.250000,0.930713
919,62.117593,16.128167,5.090656,4.015989,2.250000,-1.765989
920,62.053156,3.094139,5.087019,1.759016,-0.500000,1.259016
921,62.025483,36.676180,5.088076,6.056086,7.250000,1.193914
922,61.972209,13.120271,5.086479,3.622191,-1.500000,2.122191
923,61.907161,2.193343,5.082556,1.480994,-0.250000,1.230994
924,61.888869,45.078292,5.084329,6.714037,2.750000,-3.964037
925,62.274026,416.618527,5.100970,20.411235,2.750000,-17.661235
926,62.208989,2.310224,5.097086,1.519942,-2.750000,-1.230058
927,62.141861,0.249301,5.092105,0.499301,2.500000,2.999301
928,62.085806,10.347222,5.090075,3.216710,2.000000,-1.216710
929,62.037205,17.129575,5.089047,4.138789,-1.000000,3.138789
930,61.996664,24.496487,5.088896,4.949393,-3.500000,1.449393
931,61.933759,3.683777,5.085477,1.919317,3.500000,1.580683
932,61.878785,10.918401,5.083558,3.304300,-2.500000,0.804300
933,61.817032,4.510148,5.080372,2.123711,-1.500000,0.623711
934,61.755301,4.407310,5.077166,2.099359,1.000000,-1.099359
935,61.717268,26.345846,5.077226,5.132820,-5.500000,-0.367180
936,61.687239,33.730551,5.078010,5.807801,2.250000,-3.557801
937,61.625417,4.007517,5.074713,2.001878,2.250000,0.248122
938,61.560237,0.747214,5.070205,0.864415,2.000000,1.135585
939,61.501677,6.806510,5.067573,2.608929,-2.500000,0.108929
940,61.460134,22.617739,5.067240,4.755811,4.000000,-0.755811
941,61.404097,8.952747,5.065025,2.992114,4.000000,1.007886
942,61.383996,42.549482,5.066579,6.522996,-4.250000,2.272996
943,61.320552,1.810569,5.062617,1.345574,1.250000,2.595574
944,61.255569,0.236272,5.057748,0.486079,-1.000000,-0.513921
945,61.190796,0.304065,5.052959,0.551420,2.750000,2.198580
946,61.140905,14.193690,5.051594,3.767451,2.750000,-1.017451
947,61.078566,2.355312,5.047865,1.534703,1.250000,-0.284703
948,61.048066,32.286215,5.048537,5.682096,5.750000,0.067904
949,60.983574,0.103144,5.043534,0.321161,0.000000,0.321161
950,60.922133,2.860731,5.039991,1.691369,1.500000,-0.191369
951,60.861896,3.877901,5.036748,1.969239,-1.500000,0.469239
952,60.820932,22.027999,5.036386,4.693399,-3.500000,1.193399
953,60.800531,41.459777,5.037864,6.438927,6.500000,0.061073
954,60.736975,0.422477,5.033245,0.649982,1.000000,0.350018
955,60.673560,0.429214,5.028641,0.655144,1.500000,0.844856
956,60.613238,3.246792,5.025252,1.801886,0.000000,-1.801886
957,60.555157,5.262750,5.022386,2.294069,1.880000,-0.414069
958,60.497880,5.912889,5.019670,2.431643,2.620000,0.188357
959,60.436258,1.648588,5.015759,1.283974,-1.000000,0.283974
960,60.375640,2.485166,5.012161,1.576441,2.000000,0.423559
961,60.338221,24.565934,5.012103,4.956403,-6.000000,-1.043597
962,60.276740,1.439537,5.008123,1.199807,0.750000,1.949807
963,60.215056,1.121698,5.004005,1.059102,1.250000,0.190898
964,60.152656,0.310754,4.999374,0.557453,3.500000,2.942547
965,60.090376,0.301968,4.994743,0.549517,0.500000,1.049517
966,60.040128,11.751276,4.993115,3.428013,4.250000,0.821987
967,59.981632,3.709378,4.989930,1.925975,3.250000,1.324025
968,59.945943,25.576993,4.990000,5.057370,-3.500000,1.557370
969,59.883948,0.121057,4.985189,0.347933,0.000000,-0.347933
970,59.828925,6.731844,4.982714,2.594580,-2.000000,0.594580
971,59.802039,33.829919,4.983576,5.816349,-5.000000,0.816349
972,59.741577,1.274214,4.979594,1.128811,0.000000,1.128811
973,59.680122,0.192423,4.974908,0.438660,0.000000,-0.438660
974,59.678919,58.512863,4.977665,7.649370,-7.500000,0.149370
975,59.629701,11.888503,4.976090,3.447971,-3.000000,0.447971
976,59.610624,41.087119,4.977565,6.409923,-9.000000,-2.590077
977,59.772177,216.800785,4.987582,14.724157,-14.500000,0.224157
978,59.813915,100.425398,4.992750,10.021247,5.000000,-5.021247
979,59.759565,6.822790,4.990308,2.612047,-4.500000,-1.887953
980,59.706817,8.277483,4.988143,2.877062,6.500000,3.622938
981,59.664348,18.214501,4.987406,4.267845,3.000000,-1.267845
982,59.615689,12.075619,4.985859,3.474999,4.250000,0.775001
983,59.555399,0.592092,4.981553,0.769475,2.250000,1.480525
984,59.505580,10.733226,4.979812,3.276160,-1.500000,1.776160
985,59.538656,91.952321,4.984511,9.589177,-10.000000,-0.410823
986,59.570842,91.145730,4.989157,9.547027,-11.500000,-1.952973
987,59.529464,18.896219,4.988504,4.346978,4.000000,-0.346978
988,59.470892,1.894635,4.984833,1.376458,-0.500000,-1.876458
989,59.415554,4.962645,4.982034,2.227700,3.250000,1.022300
990,59.370121,14.618909,4.980859,3.823468,5.000000,1.176532
991,59.316053,6.004707,4.978295,2.450450,-1.000000,1.450450
992,59.314107,57.393402,4.980924,7.575843,-6.750000,0.825843
993,59.260082,5.883833,4.978341,2.425661,1.000000,-1.425661
994,59.216410,16.024214,4.977356,4.003026,2.250000,-1.753026
995,59.182402,25.514902,4.977430,5.051228,-4.250000,0.801228
996,59.125871,3.103822,4.974188,1.761767,2.000000,0.238233
997,59.066462,0.132993,4.969546,0.364682,-1.000000,-1.364682