# TEST CONFIGURATION BEGIN
# File Stream: filename: ibm_common_stock_closing_prices.csv  -  n_targets: 1
# [ibm_common_stock_closing_prices_ADE_HETERO_ABSTAIN_SIZE_8_OFFLINE_BATCH_100] Pipeline: Array BaseStreamModel: base_models: [<skmultiflow.lazy.knn_forecast.KNNForecast object at 0x7f228e3de0f0>, <skmultiflow.lazy.knn_forecast.KNNForecast object at 0x7f228e3de160>, <skmultiflow.lazy.knn_forecast.KNNForecast object at 0x7f228e3de198>, <skmultiflow.lazy.knn_forecast.KNNForecast object at 0x7f228e3def28>, <skmultiflow.trees.regression_hoeffding_tree.RegressionHoeffdingTree object at 0x7f228e3de470>, <skmultiflow.trees.regression_hoeffding_tree.RegressionHoeffdingTree object at 0x7f228e3de4a8>, <skmultiflow.trees.regression_hoeffding_adaptive_tree.RegressionHAT object at 0x7f228e3de668>, <skmultiflow.trees.regression_hoeffding_adaptive_tree.RegressionHAT object at 0x7f228d0a3710>]
 Array BaseStreamModel: base_models: [<skmultiflow.lazy.knn_forecast.KNNForecast object at 0x7f228e3de0f0>, <skmultiflow.lazy.knn_forecast.KNNForecast object at 0x7f228e3de160>, <skmultiflow.lazy.knn_forecast.KNNForecast object at 0x7f228e3de198>, <skmultiflow.lazy.knn_forecast.KNNForecast object at 0x7f228e3def28>, <skmultiflow.trees.regression_hoeffding_tree.RegressionHoeffdingTree object at 0x7f228e3de470>, <skmultiflow.trees.regression_hoeffding_tree.RegressionHoeffdingTree object at 0x7f228e3de4a8>, <skmultiflow.trees.regression_hoeffding_adaptive_tree.RegressionHAT object at 0x7f228e3de668>, <skmultiflow.trees.regression_hoeffding_adaptive_tree.RegressionHAT object at 0x7f228d0a3710>]
# Prequential Evaluator: n_wait: 1 - max_samples: 600000 - max_time: 10000000 - output_file: ibm_common_stock_closing_prices_ADE_HETERO_ABSTAIN_SIZE_8_OFFLINE_BATCH_100_SIZE_8 - batch_size: 1 - pretrain_size: 5 - task_type: regression - show_plot: False - metrics: ['mean_square_error', 'mean_absolute_error', 'true_vs_predicted']
# TEST CONFIGURATION END
id,global_mse_[ibm_common_stock_closing_prices_ADE_HETERO_ABSTAIN_SIZE_8_OFFLINE_BATCH_100],sliding_mse_[ibm_common_stock_closing_prices_ADE_HETERO_ABSTAIN_SIZE_8_OFFLINE_BATCH_100],global_mae_[ibm_common_stock_closing_prices_ADE_HETERO_ABSTAIN_SIZE_8_OFFLINE_BATCH_100],sliding_mae_[ibm_common_stock_closing_prices_ADE_HETERO_ABSTAIN_SIZE_8_OFFLINE_BATCH_100],true_value_[ibm_common_stock_closing_prices_ADE_HETERO_ABSTAIN_SIZE_8_OFFLINE_BATCH_100],predicted_value_[ibm_common_stock_closing_prices_ADE_HETERO_ABSTAIN_SIZE_8_OFFLINE_BATCH_100]
5,21.417948,21.417948,4.627953,4.627953,-5.500000,-0.872047
6,30.674555,39.931161,5.473532,6.319111,3.000000,-3.319111
7,36.411628,47.885774,5.955673,6.919955,-6.000000,0.919955
8,30.119001,11.241121,5.304949,3.352778,-2.750000,0.602778
9,35.486870,56.958344,5.753374,7.547075,-9.250000,-1.702925
10,36.617610,42.271310,5.878085,6.501639,-6.750000,-0.248361
11,89.416956,406.213032,7.917605,20.154727,16.750000,-3.404727
12,95.281636,136.334393,8.387434,11.676232,12.500000,0.823768
13,86.925767,20.078817,7.953379,4.480939,3.500000,-0.980939
14,78.827068,5.938779,7.401737,2.436961,-7.000000,-4.563039
15,78.825840,78.813561,7.535916,8.877700,0.500000,-8.377700
16,72.905267,7.778957,7.140346,2.789078,0.500000,-2.289078
17,69.745889,31.833361,7.025097,5.642106,0.500000,6.142106
18,73.727165,125.483753,7.323443,11.201953,4.000000,-7.201953
19,68.906565,1.418165,6.914605,1.190867,0.500000,-0.690867
20,65.905154,20.883983,6.768061,4.569900,-9.000000,-4.430100
21,63.798018,30.083846,6.692579,5.484874,-1.000000,4.484874
22,61.621128,24.614004,6.596394,4.961250,-2.000000,-6.961250
23,59.219209,15.984668,6.459641,3.998083,-0.500000,3.498083
24,56.950871,13.852441,6.322753,3.721887,-5.500000,-1.778113
25,54.249847,0.229365,6.044476,0.478921,0.250000,-0.228921
26,51.795089,0.245172,5.792234,0.495148,-4.000000,-4.495148
27,49.769170,5.198946,5.639533,2.280120,1.750000,-0.530120
28,49.619112,46.167793,5.687664,6.794689,-2.000000,-8.794689
29,47.700125,1.644439,5.511452,1.282357,1.000000,-0.282357
30,47.396488,39.805564,5.542133,6.309165,1.000000,-5.309165
31,46.890001,33.721327,5.551944,5.807007,6.500000,0.692993
32,45.821744,16.978799,5.500822,4.120534,4.500000,0.379466
33,46.949288,78.520541,5.616696,8.861182,-2.000000,6.861182
34,45.445743,1.842925,5.474724,1.357544,0.500000,1.857544
35,44.044779,2.015870,5.343921,1.419813,1.750000,3.169813
36,42.697733,0.939283,5.207210,0.969166,1.250000,2.219166
37,41.405040,0.038886,5.055391,0.197195,3.500000,3.697195
38,40.320815,4.541370,4.969381,2.131049,-0.500000,1.631049
39,39.321304,5.337947,4.893410,2.310400,-0.500000,1.810400
40,38.380787,5.462672,4.822405,2.337236,-1.000000,1.337236
41,37.544718,7.446248,4.765821,2.728781,-1.000000,-3.728781
42,37.305994,28.473219,4.780826,5.336030,2.500000,-2.836030
43,36.392314,1.672461,4.691401,1.293237,1.500000,0.206763
44,35.566861,3.374196,4.620039,1.836899,-3.500000,-1.663101
45,34.706995,0.312338,4.520986,0.558872,0.500000,1.058872
46,34.256410,15.782451,4.507932,3.972713,-6.000000,-2.027287
47,33.462694,0.126606,4.411371,0.355818,2.000000,1.644182
48,32.914188,9.328428,4.380527,3.054247,-0.250000,-3.304247
49,34.532300,105.729254,4.511681,10.282473,-10.250000,0.032473
50,33.804699,1.062647,4.436011,1.030847,3.000000,1.969153
51,33.263093,8.349192,4.403107,2.889497,-1.500000,-4.389497
52,32.629938,2.871682,4.346679,1.694604,-5.250000,-3.555396
53,33.704952,85.305620,4.446464,9.236104,-7.250000,1.986104
54,34.061548,51.534759,4.501110,7.178771,-13.000000,-5.821229
55,34.365079,49.541591,4.550864,7.038579,-2.250000,4.788579
56,34.290738,30.499371,4.569552,5.522624,10.750000,5.227376
57,33.879032,12.470337,4.549963,3.531336,-0.500000,3.031336
58,33.342579,4.910540,4.506741,2.215974,0.500000,2.715974
59,34.167294,78.701926,4.586098,8.871411,2.000000,-6.871411
60,34.209347,36.522267,4.612121,6.043366,-7.000000,-0.956634
61,35.635334,115.490609,4.719744,10.746656,-5.500000,5.246656
62,36.363043,77.842436,4.790487,8.822836,7.500000,-1.322836
63,35.980714,13.805605,4.772269,3.715590,-0.500000,-4.215590
64,35.715495,20.067607,4.767392,4.479688,2.500000,-1.979688
65,35.854717,44.208026,4.798237,6.648912,-1.000000,-7.648912
66,35.639054,22.483592,4.797325,4.741687,0.000000,-4.741687
67,35.174783,6.389981,4.761301,2.527841,-0.500000,-3.027841
68,34.650413,1.615150,4.706764,1.270885,-0.500000,0.770885
69,34.175646,3.790518,4.664305,1.946925,-5.500000,-3.553075
70,36.072440,159.364081,4.784905,12.623949,-13.000000,-0.376051
71,39.239031,248.234011,4.948645,15.755444,-14.000000,1.755444
72,51.242194,855.454135,5.305990,29.248148,-31.500000,-2.251852
73,53.814351,228.721038,5.448273,15.123526,8.000000,-7.123526
74,55.471600,169.821727,5.556606,13.031567,10.500000,-2.531567
75,55.668316,69.438447,5.595710,8.332973,9.750000,1.417027
76,56.509321,116.220728,5.667722,10.780572,3.750000,-7.030572
77,56.274629,39.376744,5.676042,6.275089,-10.750000,-4.474911
78,56.294612,57.753400,5.702036,7.599566,-15.750000,-8.150434
79,59.762121,316.357806,5.863161,17.786450,-8.500000,9.286450
80,59.199852,17.029627,5.840313,4.126697,2.000000,-2.126697
81,60.909047,190.807875,5.943858,13.813322,-7.000000,6.813322
82,62.856374,212.800588,6.054677,14.587686,8.500000,-6.087686
83,64.171340,166.738699,6.141488,12.912734,-2.500000,-15.412734
84,64.180599,64.912070,6.165429,8.056803,5.000000,-3.056803
85,63.567293,14.502809,6.136328,3.808255,-8.000000,-4.191745
86,62.812377,1.664168,6.077227,1.290026,2.500000,1.209974
87,62.332057,22.945781,6.061720,4.790175,-1.500000,-6.290175
88,64.768170,266.965595,6.184070,16.339082,-15.000000,1.339082
89,65.228016,103.855074,6.231209,10.190931,-19.750000,-9.559069
90,64.731021,22.486427,6.213893,4.741986,-17.250000,-12.508014
91,67.672784,320.664377,6.348297,17.907104,0.500000,-17.407104
92,86.632173,1736.099006,6.749641,41.666521,-37.500000,4.166521
93,90.308362,413.812993,6.902368,20.342394,22.000000,1.657606
94,97.763971,761.313221,7.132252,27.591905,9.500000,-18.091905
95,100.238195,322.918363,7.251348,17.969929,-7.500000,10.469929
96,105.511595,585.390994,7.435516,24.194855,-25.000000,-0.805145
97,104.907898,49.367740,7.431115,7.026218,4.130000,-2.896218
98,108.437619,436.701724,7.574374,20.897409,1.370000,-19.527409
99,108.765108,139.548995,7.618992,11.813086,4.500000,16.313086
100,108.728137,105.215946,7.646476,10.257482,1.250000,-9.007482
101,108.370650,74.051932,7.656361,8.605343,-12.250000,-3.644657
102,107.289334,2.401611,7.594048,1.549713,-23.870000,-22.320287
103,106.467186,25.896686,7.568744,5.088879,-12.500000,-7.411121
104,108.873306,347.079215,7.679357,18.630062,-16.630000,2.000062
105,120.087405,1241.497282,7.952184,35.234887,27.500000,-7.734887
106,120.451816,157.257318,7.997165,12.540228,-3.750000,8.790228
107,119.856978,59.183543,7.994212,7.693084,6.250000,-1.443084
108,118.812151,11.194943,7.949517,3.345884,-8.000000,-4.654116
109,120.257040,270.525551,8.030452,16.447661,-12.250000,4.197661
110,119.542510,44.516830,8.017637,6.672093,4.250000,-2.422093
111,120.271854,197.582252,8.074074,14.056395,12.500000,-1.556395
112,120.043583,95.618625,8.089855,9.778478,-12.500000,-2.721522
113,126.632341,838.218164,8.281251,28.951998,13.000000,-15.951998
114,130.330262,533.403738,8.415927,23.095535,11.000000,-12.095535
115,129.380364,24.891545,8.385055,4.989143,-4.750000,0.239143
116,130.426909,246.593388,8.450396,15.703292,10.750000,-4.953292
117,129.974871,79.346592,8.454443,8.907670,1.500000,-7.407670
118,129.102996,30.581197,8.428790,5.530027,-1.500000,-7.030027
119,128.295900,36.286884,8.407878,6.023860,-5.000000,1.023860
120,128.960854,205.430564,8.458955,14.332849,5.250000,-9.082849
121,128.495884,74.559450,8.460458,8.634781,8.500000,-0.134781
122,129.984955,304.206206,8.536568,17.441508,15.630000,-1.811508
123,129.084945,22.883822,8.505032,4.783704,4.620000,-0.163704
124,128.738304,87.487971,8.512102,9.353500,-2.750000,6.603500
125,128.454423,94.388722,8.522047,9.715386,6.250000,-3.465386
126,128.309582,110.783804,8.538467,10.525389,-12.370000,-1.844611
127,127.637002,45.582216,8.523939,6.751460,-4.880000,1.871460
128,126.710954,12.807064,8.484058,3.578696,2.250000,-1.328696
129,128.082913,298.205886,8.554335,17.268639,4.500000,-12.768639
130,127.067902,0.191452,8.489916,0.437553,1.000000,1.437553
131,126.710865,81.724271,8.494248,9.040148,-9.750000,-0.709852
132,126.745941,131.200539,8.517373,11.454280,4.250000,-7.204280
133,126.208685,57.439896,8.510099,7.578911,2.000000,-5.578911
134,125.872777,82.540642,8.514522,9.085188,6.380000,-2.705188
135,125.697132,102.863321,8.526947,10.142156,11.500000,1.357844
136,124.782619,4.981359,8.479257,2.231896,-0.380000,1.851896
137,125.392507,205.897770,8.523392,14.349138,-10.750000,3.599138
138,124.459641,0.388410,8.464435,0.623226,9.500000,10.123226
139,123.537744,0.003618,8.402181,0.060152,-0.750000,-0.689848
140,123.224905,80.991583,8.406574,8.999532,-5.000000,3.999532
141,122.624143,40.920500,8.391905,6.396913,-6.750000,-0.353087
142,122.264313,72.967618,8.392993,8.542109,8.500000,-0.042109
143,121.646681,36.413536,8.376024,6.034363,-5.250000,0.784363
144,121.016665,33.444348,8.357504,5.783109,-0.750000,5.033109
145,120.940951,110.341119,8.372729,10.504338,3.000000,-7.504338
146,120.416842,46.517470,8.361797,6.820372,7.250000,0.429628
147,119.628324,7.658689,8.322676,2.767434,0.500000,-2.267434
148,118.804751,1.033903,8.271941,1.016810,-0.250000,-1.266810
149,119.644013,240.497616,8.321844,15.507986,3.250000,-12.257986
150,120.407599,231.127668,8.368975,15.202884,4.250000,-10.952884
151,119.596694,1.204543,8.319509,1.097517,-1.000000,0.097517
152,120.389310,236.903862,8.367294,15.391682,16.250000,0.858318
153,119.900961,47.625273,8.357454,6.901107,1.500000,-5.401107
154,119.318230,32.491330,8.339738,5.700117,-1.500000,-7.200117
155,119.055316,79.618150,8.343600,8.922900,-1.000000,-9.922900
156,118.665673,59.829671,8.339596,7.734964,-14.500000,-6.765036
157,118.044799,23.671914,8.316889,4.865379,-2.500000,2.365379
158,117.292084,2.126646,8.272353,1.458302,-3.250000,-1.791698
159,116.865854,51.226432,8.265158,7.157264,8.500000,1.342736
160,116.601490,75.625107,8.267922,8.696270,-8.750000,-0.053730
161,115.887465,4.499600,8.228771,2.121226,-4.500000,-6.621226
162,115.670337,81.581264,8.233856,9.032235,5.000000,-4.032235
163,115.646028,111.805187,8.248573,10.573797,-5.750000,4.823797
164,115.377113,72.619682,8.250280,8.521718,2.000000,-6.521718
165,114.957705,47.852279,8.242002,6.917534,-2.250000,4.667534
166,114.278164,4.872124,8.204751,2.207289,1.630000,-0.577289
167,113.577375,0.049615,8.155781,0.222744,-0.130000,-0.352744
168,113.111026,37.096124,8.143189,6.090659,4.750000,-1.340659
169,112.514439,14.674208,8.117053,3.830693,6.750000,2.919307
170,112.111830,45.681246,8.108871,6.758790,-3.000000,3.758790
171,111.569459,21.535936,8.088103,4.640683,-5.750000,-1.109317
172,111.170447,44.535466,8.079683,6.673490,-3.500000,3.173490
173,110.541134,4.816569,8.044860,2.194668,-6.000000,-8.194668
174,110.144777,43.160429,8.036182,6.569660,-14.750000,-8.180340
175,113.064602,609.434744,8.133554,24.686732,7.250000,-17.436732
176,112.892895,83.531116,8.139403,9.139536,-13.750000,-4.610464
177,112.250975,1.840681,8.100197,1.356717,-5.500000,-4.143283
178,112.343275,128.311090,8.118744,11.327449,3.500000,-7.827449
179,112.406959,123.487975,8.135851,11.112514,-13.120000,-2.007486
180,112.315707,96.346633,8.145395,9.815632,10.000000,0.184368
181,111.684735,0.633683,8.103874,0.796042,-1.880000,-2.676042
182,111.404161,61.742505,8.102490,7.857640,9.250000,1.392360
183,110.860808,14.144067,8.078235,3.760860,2.500000,-1.260860
184,110.245405,0.088194,8.035006,0.296975,-0.500000,-0.796975
185,109.871753,42.614514,8.026680,6.527979,6.500000,-0.027979
186,109.514762,44.899315,8.019394,6.700695,-7.120000,-0.419305
187,108.931033,2.692320,7.984539,1.640829,-3.130000,-4.770829
188,108.441884,18.927635,7.964789,4.350590,-0.750000,3.600590
189,110.266044,445.911462,8.035880,21.116616,11.750000,-9.366616
190,109.795799,22.800584,8.018348,4.774996,-9.500000,-4.725004
191,109.780667,106.965985,8.030777,10.342436,4.000000,-6.342436
192,109.748886,103.805992,8.042254,10.188523,-6.370000,-16.558523
193,109.181800,2.569584,8.008184,1.602992,-7.000000,-5.397008
194,109.090488,91.832435,8.016472,9.582924,-5.130000,-14.712924
195,108.797353,53.101836,8.012653,7.287101,-13.000000,-5.712899
196,110.439820,424.150990,8.078186,20.594926,10.000000,-10.594926
197,110.273686,78.375900,8.082201,8.853016,-1.500000,-10.353016
198,109.752845,9.230498,8.056201,3.038173,-7.000000,-3.961827
199,110.617600,278.380190,8.100449,16.684729,13.000000,-3.684729
200,110.398047,67.585227,8.101065,8.221023,7.250000,-0.971023
201,110.392437,109.292733,8.113010,10.454316,-5.750000,4.704316
202,109.892382,11.381534,8.089074,3.373653,6.000000,2.626347
203,110.177346,166.600277,8.113286,12.907373,5.250000,-7.657373
204,109.648189,4.345945,8.083143,2.084693,4.250000,2.165307
205,109.132698,6.034491,8.055150,2.456520,-0.250000,2.206520
206,108.884519,59.000584,8.053299,7.681184,-6.000000,1.681184
207,108.348561,0.085042,8.015064,0.291620,6.000000,6.291620
208,108.267380,91.787676,8.022738,9.580589,12.250000,2.669411
209,108.131016,80.312784,8.027319,8.961740,-6.750000,2.211740
210,107.655855,10.247733,8.003891,3.201208,7.750000,4.548792
211,107.169620,7.005158,7.978011,2.646726,-2.000000,0.646726
212,107.466404,168.900773,8.002137,12.996183,6.000000,-6.996183
213,106.970295,3.779564,7.973151,1.944110,-6.500000,-8.444110
214,106.460960,0.009917,7.935658,0.099586,4.380000,4.479586
215,106.952712,210.220780,7.966764,14.498992,0.870000,-13.628992
216,107.771696,280.577183,8.008196,16.750438,10.750000,-6.000438
217,107.275919,2.171223,7.977517,1.473507,0.750000,-0.723507
218,106.907660,28.468526,7.965171,5.335591,6.000000,0.664409
219,106.456329,9.871412,7.942738,3.141880,2.750000,-0.391880
220,105.969337,1.266147,7.911175,1.125232,3.500000,4.625232
221,105.538239,12.421127,7.890959,3.524362,-2.500000,1.024362
222,106.076555,222.891037,7.923246,14.929536,-7.000000,7.929536
223,105.749176,34.380511,7.913841,5.863490,8.750000,2.886510
224,105.654593,84.941072,7.919762,9.216348,-1.500000,7.716348
225,105.179960,0.760603,7.887872,0.872125,-0.250000,-1.122125
226,104.833180,28.194888,7.876259,5.309886,-1.000000,4.309886
227,105.046914,152.495789,7.896316,12.348919,-8.500000,3.848919
228,104.685629,24.118992,7.882989,4.911109,-1.500000,3.411109
229,104.244339,5.395559,7.858277,2.322834,6.250000,3.927166
230,104.152149,83.409404,7.863917,9.132875,-5.750000,3.382875
231,103.837878,32.812633,7.854509,5.728231,1.500000,7.228231
232,103.427634,10.302248,7.834137,3.209711,-4.500000,-1.290289
233,102.976098,0.025873,7.800629,0.160850,-2.750000,-2.589150
234,103.406616,201.995152,7.828507,14.212500,9.880000,-4.332500
235,102.964664,1.315792,7.799583,1.147080,0.000000,1.147080
236,102.788570,62.110726,7.799934,7.881036,-6.880000,1.001036
237,102.802027,105.924203,7.810629,10.291948,8.750000,-1.541948
238,102.372127,2.205221,7.783597,1.484999,-0.250000,1.234999
239,101.975950,9.270624,7.763432,3.044770,-2.750000,0.294770
240,101.563214,4.570280,7.739594,2.137821,1.500000,3.637821
241,101.203362,16.278360,7.723961,4.034645,-2.500000,-6.534645
242,100.796871,4.458330,7.700380,2.111476,-5.250000,-3.138524
243,100.664026,69.046921,7.702928,8.309448,11.750000,3.440552
244,100.266869,5.346428,7.680467,2.312234,0.500000,-1.812234
245,100.013837,39.286201,7.674605,6.267871,-3.250000,3.017871
246,99.930266,79.789611,7.679803,8.932503,9.750000,0.817497
247,99.520967,0.470724,7.651023,0.686093,0.250000,-0.436093
248,99.119694,1.610313,7.624867,1.268981,2.750000,1.481019
249,98.721672,1.604168,7.598914,1.266558,1.250000,2.516558
250,98.639480,78.502497,7.604041,8.860163,6.500000,-2.360163
251,98.253565,3.318374,7.580631,1.821640,0.750000,2.571640
252,97.997227,34.681751,7.573810,5.889121,-6.500000,-0.610879
253,97.901821,74.241218,7.577997,8.616334,5.250000,13.866334
254,97.669790,39.894120,7.572950,6.316179,-1.250000,5.066179
255,97.491893,53.017669,7.571788,7.281323,1.500000,8.781323
256,97.246077,35.546222,7.565400,5.962065,0.750000,6.712065
257,96.890574,7.303803,7.546180,2.702555,-0.500000,2.202555
258,96.543311,8.685670,7.528073,2.947146,1.750000,4.697146
259,96.190519,6.581372,7.508612,2.565418,2.500000,-0.065418
260,95.934715,30.704749,7.500926,5.541187,6.000000,0.458813
261,95.718583,40.388731,7.496468,6.355213,-2.750000,3.605213
262,95.385876,9.880267,7.479596,3.143289,-2.250000,0.893289
263,95.073206,14.404243,7.465371,3.795292,4.250000,8.045292
264,94.839327,34.264864,7.459171,5.853620,0.000000,5.853620
265,94.721403,64.061026,7.461258,8.003813,-3.500000,4.503813
266,94.496627,35.830151,7.455627,5.985829,0.750000,6.735829
267,94.245873,28.548205,7.447594,5.343052,-2.750000,2.593052
268,93.949828,16.090036,7.434578,4.011239,0.750000,4.761239
269,93.595650,0.092755,7.407672,0.304557,1.000000,0.695443
270,93.355292,29.660357,7.400298,5.446132,-2.250000,3.196132
271,93.007738,0.558413,7.375380,0.747271,0.750000,1.497271
272,92.707716,12.601782,7.361106,3.549899,-1.000000,2.549899
273,92.380775,4.760649,7.341852,2.181891,0.250000,-1.931891
274,92.043891,1.422178,7.319077,1.192551,1.000000,2.192551
275,91.718773,3.936870,7.299391,1.984155,-0.870000,-2.854155
276,91.385236,0.996574,7.276225,0.998285,-3.380000,-4.378285
277,91.108131,15.735517,7.264103,3.966802,-3.500000,0.466802
278,90.775622,0.000865,7.237699,0.029410,-0.750000,-0.779410
279,90.564943,32.838736,7.232218,5.730509,-6.250000,-0.519491
280,90.245399,2.370954,7.211593,1.539790,2.750000,1.210210
281,89.921091,0.411876,7.187876,0.641776,-1.500000,-2.141776
282,89.604627,1.944153,7.167036,1.394329,-5.500000,-6.894329
283,89.348922,18.262966,7.156664,4.273519,-2.500000,1.773519
284,89.340457,86.978632,7.164413,9.326234,6.250000,-3.076234
285,89.061306,10.899220,7.150666,3.301397,-1.750000,1.551397
286,88.749859,1.233160,7.129246,1.110477,3.130000,2.019523
287,88.514858,22.244703,7.120721,4.716429,3.870000,-0.846429
288,88.221622,5.235821,7.103705,2.288192,-0.250000,2.038192
289,87.935688,6.730494,7.087882,2.594320,-0.250000,2.344320
290,87.733152,30.010279,7.082254,5.478164,-0.250000,5.228164
291,87.427595,0.038179,7.058258,0.195395,0.750000,0.945395
292,87.158450,9.913820,7.044683,3.148622,1.250000,-1.898622
293,87.179234,93.165023,7.053705,9.652203,3.250000,-6.402203
294,86.903612,7.248966,7.038666,2.692390,-3.750000,-1.057610
295,86.612221,2.108951,7.019469,1.452223,0.500000,-0.952223
296,86.521693,60.178002,7.021996,7.757448,4.000000,-3.757448
297,86.231653,1.539928,7.002266,1.240938,-2.750000,-1.509062
298,86.020187,24.060627,6.995133,4.905163,3.000000,-1.905163
299,85.755872,8.047162,6.981036,2.836752,-0.750000,-3.586752
300,85.617417,44.773399,6.980058,6.691293,2.750000,-3.941293
301,85.408703,23.629191,6.972923,4.860987,4.750000,-0.110987
302,85.123204,0.329921,6.951451,0.574387,-0.250000,-0.824387
303,84.842012,1.046821,6.931624,1.023143,0.250000,-0.773143
304,84.578727,5.856493,6.916585,2.420019,0.000000,2.420019
305,84.298855,0.337371,6.895536,0.580837,-3.500000,-2.919163
306,84.023852,1.248078,6.876403,1.117174,4.750000,5.867174
307,83.846969,30.428296,6.871913,5.516185,6.630000,1.113815
308,84.026558,138.441841,6.888013,11.766131,13.120000,1.353869
309,83.778483,8.363687,6.874911,2.892004,7.630000,4.737996
310,83.613352,33.248593,6.871288,5.766159,-4.880000,0.886159
311,83.368719,8.510982,6.858409,2.917359,-2.370000,0.547359
312,83.144184,14.211838,6.848381,3.769859,3.870000,0.100141
313,82.892844,5.480197,6.833794,2.340982,-0.250000,-2.590982
314,82.721033,29.631424,6.829309,5.443475,-3.250000,2.193475
315,82.528141,22.731594,6.822680,4.767766,-2.250000,-7.017766
316,82.723159,143.373661,6.839190,11.973874,0.000000,-11.973874
317,82.617844,49.759571,6.839877,7.054046,9.500000,2.445954
318,82.472056,36.840351,6.837424,6.069625,7.000000,0.930375
319,82.325535,36.318124,6.834849,6.026452,4.000000,-2.026452
320,82.126243,19.349252,6.827140,4.398778,1.500000,-2.898778
321,81.971236,32.989063,6.823722,5.743611,2.130000,-3.613611
322,81.986758,86.907136,6.831580,9.322400,5.370000,-3.952400
323,81.750090,6.489628,6.818150,2.547475,-1.500000,1.047475
324,81.725498,73.880713,6.823704,8.595389,-4.750000,3.845389
325,81.526692,17.908755,6.815629,4.231874,1.250000,5.481874
326,81.284924,3.677322,6.800418,1.917635,3.750000,1.832365
327,81.034374,0.357379,6.781215,0.597812,-3.250000,-2.652188
328,80.892333,35.013063,6.778548,5.917184,-7.250000,-1.332816
329,80.643726,0.094937,6.758639,0.308119,2.030000,1.721881
330,80.665836,87.851697,6.766659,9.372924,9.720000,0.347076
331,80.465940,15.299854,6.757927,3.911503,0.500000,4.411503
332,80.303541,27.199054,6.753224,5.215271,4.500000,-0.715271
333,80.166765,35.304292,6.750757,5.941742,-3.750000,2.191742
334,79.958560,11.458942,6.740559,3.385106,-0.750000,2.635106
335,79.717589,0.197290,6.721536,0.444173,1.500000,1.055827
336,79.526649,16.325663,6.713461,4.040503,-2.000000,2.040503
337,79.311855,8.000221,6.701794,2.828466,-3.000000,-0.171534
338,79.080702,2.106563,6.686074,1.451400,-4.250000,-5.701400
339,79.036837,64.385984,6.690069,8.024088,4.250000,-3.774088
340,78.801804,0.065847,6.670921,0.256607,-1.000000,-0.743393
341,78.577638,3.257831,6.656482,1.804946,-1.500000,0.304946
342,78.345778,0.209000,6.638141,0.457166,-1.500000,-1.042834
343,78.204038,30.295848,6.634796,5.504166,-5.000000,0.504166
344,77.990530,5.611394,6.622249,2.368838,2.000000,-0.368838
345,78.005153,82.976960,6.629542,9.109169,10.000000,0.890831
346,77.798282,7.255138,6.618033,2.693536,7.250000,4.556464
347,77.665918,32.397301,6.615333,5.691863,-4.000000,1.691863
348,77.440220,0.026043,6.596572,0.161380,0.750000,0.588620
349,77.234171,6.353133,6.584757,2.520542,-4.000000,-1.479458
350,77.011789,0.290256,6.567283,0.538754,0.000000,-0.538754
351,76.870047,27.827260,6.563559,5.275155,-1.750000,3.525155
352,76.851177,70.303251,6.568792,8.384703,-6.000000,2.384703
353,76.664089,11.557565,6.559712,3.399642,2.750000,-0.649642
354,76.446337,0.450649,6.542888,0.671304,3.250000,3.921304
355,76.290813,21.857618,6.537567,4.675213,-4.750000,-0.074787
356,76.132226,20.468095,6.531847,4.524168,-0.250000,4.274168
357,75.932673,5.689938,6.520100,2.385359,-4.000000,-1.614641
358,75.718852,0.240020,6.503066,0.489919,-0.750000,-1.239919
359,75.545613,14.219159,6.495370,3.770830,-1.500000,2.270830
360,75.363634,10.760840,6.486339,3.280372,-2.250000,1.030372
361,75.181569,10.366709,6.477189,3.219737,0.750000,-2.469737
362,75.017698,16.515575,6.470448,4.063936,-6.500000,-2.436064
363,74.826007,6.200796,6.459360,2.490140,-2.250000,0.240140
364,74.804612,67.123771,6.464176,8.192910,-8.000000,0.192910
365,74.597725,0.118206,6.447222,0.343811,-4.500000,-4.156189
366,74.398389,2.438268,6.433725,1.561495,2.000000,3.561495
367,74.666514,171.727869,6.452102,13.104498,-9.750000,3.354498
368,74.838108,137.126686,6.466547,11.710110,12.000000,0.289890
369,74.647847,5.392707,6.455193,2.322220,3.250000,0.927780
370,74.466922,8.429416,6.445488,2.903346,3.250000,0.346654
371,74.452128,69.037439,6.450566,8.308877,-9.000000,-0.691123
372,74.334772,31.265088,6.448231,5.591519,4.880000,-0.711519
373,74.133793,0.173669,6.431886,0.416736,-3.880000,-3.463264
374,74.066726,49.318834,6.433483,7.022737,-3.000000,4.022737
375,73.897613,11.325714,6.425213,3.365370,-2.500000,0.865370
376,73.706405,2.768270,6.412414,1.663812,1.000000,2.663812
377,73.611652,38.363517,6.411828,6.193829,2.750000,-3.443829
378,73.420052,1.953296,6.398421,1.397604,-2.250000,-3.647604
379,73.225355,0.408703,6.383063,0.639299,-3.500000,-4.139299
380,73.075710,16.959025,6.377039,4.118134,-0.250000,-4.368134
381,72.881881,0.001864,6.360238,0.043169,-1.250000,-1.206831
382,72.690432,0.514324,6.345310,0.717164,-1.250000,-1.967164
383,72.510750,4.590919,6.334221,2.142643,1.750000,-0.392643
384,72.324807,1.852547,6.321134,1.361083,0.500000,-0.861083
385,72.156597,8.236877,6.312075,2.869996,2.500000,-0.369996
386,71.974032,2.416642,6.299621,1.554555,1.500000,3.054555
387,72.064402,106.585681,6.310129,10.324034,10.000000,-0.324034
388,72.747437,334.349890,6.341314,18.285237,-8.500000,9.785237
389,72.598742,15.499796,6.335069,3.936978,0.500000,4.436978
390,72.421862,4.323132,6.324043,2.079214,-3.000000,-5.079214
391,72.334570,38.639692,6.323764,6.216083,5.750000,-0.466083
392,72.256534,42.056641,6.324180,6.485109,4.000000,-2.485109
393,72.178933,42.069722,6.324597,6.486118,-4.620000,1.866118
394,72.151239,61.378338,6.328468,7.834433,1.870000,-5.964433
395,71.972798,2.381041,6.316229,1.543062,4.500000,2.956938
396,71.874666,33.504781,6.314882,5.788331,2.000000,-3.788331
397,71.710405,7.320189,6.305698,2.705585,8.750000,6.044415
398,71.553375,9.840758,6.297656,3.136998,2.750000,-0.386998
399,71.375413,1.258213,6.284552,1.121701,-3.000000,-4.121701
400,71.197332,0.855515,6.271018,0.924941,-1.500000,-0.575059
401,71.035622,6.998439,6.261886,2.645456,-0.500000,-3.145456
402,70.875766,7.412654,6.252993,2.722619,-5.500000,-2.777381
403,70.943602,97.942298,6.262125,9.896580,2.250000,-7.646580
404,70.795421,11.671267,6.255010,3.416324,3.750000,0.333676
405,70.619419,0.218793,6.240578,0.467753,-4.000000,-3.532247
406,70.444926,0.473003,6.226765,0.687752,1.500000,0.812248
407,70.382715,45.373997,6.228029,6.736022,-8.000000,-1.263978
408,70.214289,2.338567,6.216398,1.529237,1.500000,-0.029237
409,70.072834,12.925147,6.209926,3.595156,-1.000000,2.595156
410,70.212570,126.805593,6.222367,11.260799,2.250000,-9.010799
411,70.072126,13.051721,6.215955,3.612717,2.750000,-0.862717
412,69.944107,17.840415,6.211072,4.223792,0.500000,-3.723792
413,69.907526,54.982632,6.214016,7.415027,2.500000,-4.915027
414,69.786711,20.373216,6.209868,4.513670,8.000000,3.486330
415,69.624898,3.281693,6.199167,1.811544,-2.000000,-0.188456
416,69.540862,35.002116,6.198480,5.916259,1.500000,7.416259
417,69.386033,5.596369,6.189200,2.365665,-1.000000,-3.365665
418,69.221028,1.073837,6.176753,1.036261,-0.500000,0.536261
419,69.054450,0.091325,6.162598,0.302200,-1.000000,-0.697800
420,68.888500,0.019196,6.148117,0.138551,-0.500000,-0.361449
421,68.818549,39.719041,6.148486,6.302304,0.130000,-6.172304
422,68.655812,0.794245,6.135909,0.891204,-5.130000,-6.021204
423,68.580415,37.064781,6.135795,6.088085,4.250000,-1.838085
424,68.418402,0.534688,6.122927,0.731224,2.250000,1.518776
425,68.261000,2.152462,6.111868,1.467127,-2.000000,-0.532873
426,68.221765,51.703576,6.114424,7.190520,8.000000,0.809480
427,68.084519,10.166656,6.107507,3.188519,-4.500000,-1.311481
428,68.197431,115.959343,6.118500,10.768442,-7.750000,3.018442
429,68.106991,29.760337,6.116939,5.455304,-1.750000,3.705304
430,68.017947,30.174435,6.115475,5.493126,3.500000,-1.993126
431,67.871646,5.547525,6.106669,2.355318,-2.250000,0.105318
432,67.713208,0.059922,6.092973,0.244790,-0.500000,-0.744790
433,67.678734,52.924054,6.095728,7.274892,7.750000,0.475108
434,67.532012,4.588158,6.086533,2.141998,4.500000,2.358002
435,67.512300,59.036235,6.090239,7.683504,8.000000,0.316496
436,67.411528,23.978598,6.087476,4.896795,-7.000000,-2.103205
437,67.259702,1.670960,6.076403,1.292656,0.000000,1.292656
438,67.105919,0.517831,6.064060,0.719605,3.000000,3.719605
439,66.983193,13.720212,6.058635,3.704081,3.500000,-0.204081
440,66.876419,20.429619,6.055105,4.519914,7.000000,2.480086
441,66.797938,32.580466,6.054311,5.707930,2.000000,-3.707930
442,67.785268,499.248195,6.091502,22.343863,12.250000,-10.093863
443,67.634446,1.574691,6.080484,1.254867,2.000000,0.745133
444,67.497045,7.177897,6.072754,2.679160,2.500000,-0.179160
445,67.392067,21.201774,6.069425,4.604538,-0.750000,3.854538
446,67.244365,2.107549,6.058977,1.451740,-8.000000,-6.548260
447,67.099600,3.113410,6.049283,1.764486,-3.000000,-1.235514
448,67.037832,39.674841,6.049845,6.298797,2.000000,-4.298797
449,67.060095,76.944827,6.055962,8.771820,8.500000,-0.271820
450,67.043132,59.494647,6.059678,7.713277,3.750000,-3.963277
451,66.901043,3.529109,6.050324,1.878592,-6.000000,-4.121408
452,66.845017,41.801642,6.051251,6.465419,-7.000000,-0.534581
453,66.969799,122.872218,6.062461,11.084774,9.750000,-1.334774
454,67.004123,82.415525,6.069163,9.078300,-5.500000,3.578300
455,67.119055,118.838615,6.079878,10.901313,-4.500000,6.401313
456,67.000106,13.354093,6.074511,3.654325,-4.000000,-0.345675
457,66.907191,24.909542,6.072119,4.990946,1.500000,-3.490946
458,66.781486,9.836942,6.065653,3.136390,3.000000,-0.136390
459,66.637173,1.119200,6.054647,1.057922,2.500000,3.557922
460,66.494354,1.511719,6.044066,1.229520,1.000000,2.229520
461,66.367486,8.515767,6.037226,2.918179,1.500000,4.418179
462,66.266582,20.153062,6.033846,4.489216,-2.500000,1.989216
463,66.157901,16.382261,6.029518,4.047501,-2.000000,2.047501
464,66.017914,1.763783,6.019298,1.328075,-4.500000,-3.171925
465,65.936535,28.502402,6.017821,5.338764,-8.250000,-2.911236
466,65.797058,1.498185,6.007445,1.224004,-0.250000,-1.474004
467,65.846060,88.484801,6.014787,9.406636,-8.000000,1.406636
468,65.741107,17.147879,6.010748,4.141000,1.250000,-2.891000
469,65.877557,129.190533,6.022266,11.366201,6.000000,-5.366201
470,65.925909,88.409507,6.029520,9.402633,6.750000,-2.652633
471,65.927233,66.544190,6.034076,8.157462,7.250000,-0.907462
472,65.943558,73.567363,6.039510,8.577142,6.750000,-1.827142
473,65.803299,0.162016,6.027491,0.402512,-2.500000,-2.902512
474,65.847536,86.594629,6.034466,9.305623,-6.500000,2.805623
475,65.723564,7.456676,6.027451,2.730691,4.500000,1.769309
476,65.595833,5.434522,6.019620,2.331206,-3.000000,-0.668794
477,65.469546,5.862361,6.012013,2.421231,-0.500000,-2.921231
478,65.337010,2.647141,6.002762,1.627004,-3.000000,-1.372996
479,65.324733,59.505532,6.006364,7.713983,-1.000000,-8.713983
480,65.287737,47.714508,6.008257,6.907569,-4.750000,2.157569
481,65.167981,8.164195,6.001652,2.857306,0.000000,2.857306
482,65.096961,31.220329,6.000785,5.587515,0.750000,-4.837515
483,65.123442,77.781741,6.006670,8.819396,7.500000,-1.319396
484,65.010135,10.735736,6.000982,3.276543,0.000000,3.276543
485,64.882506,3.620761,5.992462,1.902830,-0.500000,1.402830
486,64.766473,8.954383,5.986238,2.992387,0.500000,-2.492387
487,64.634004,0.784214,5.975677,0.885558,-0.500000,-1.385558
488,64.516283,7.657009,5.969048,2.767130,1.500000,-1.267130
489,64.385643,1.155879,5.958957,1.075118,6.000000,4.924882
490,64.289403,17.612960,5.955331,4.196780,3.000000,-1.196780
491,64.183559,12.743568,5.950433,3.569813,5.500000,1.930187
492,64.165543,55.391512,5.953491,7.442547,8.000000,0.557453
493,64.195561,78.844411,5.959474,8.879438,10.000000,1.120562
494,64.364560,147.005066,5.972056,12.124565,-7.000000,5.124565
495,64.233909,0.214823,5.960837,0.463490,1.500000,1.963490
496,64.122753,9.545049,5.955001,3.089506,-3.500000,-0.410494
497,64.055805,31.117614,5.954237,5.578316,5.000000,-0.578316
498,64.265744,167.765876,5.968403,12.952447,15.500000,2.547553
499,64.172179,17.950842,5.964905,4.236843,4.500000,0.263157
500,64.262253,108.849007,5.973914,10.433073,3.000000,-7.433073
501,64.175758,21.274190,5.971174,4.612395,-1.000000,3.612395
502,65.661479,804.064914,6.016124,28.356038,26.000000,-2.356038
503,65.658757,64.303054,6.020137,8.018918,-11.000000,-2.981082
504,65.527793,0.176569,6.008937,0.420202,3.000000,3.420202
505,65.909857,256.942020,6.028938,16.029411,-1.000000,-17.029411
506,65.779965,0.704267,6.018600,0.839206,-10.000000,-10.839206
507,66.166238,260.075174,6.038696,16.126846,5.000000,-11.126846
508,66.158876,62.455670,6.042395,7.902890,2.500000,-5.402890
509,66.028518,0.327946,6.031564,0.572665,-3.500000,-4.072665
510,65.900523,1.263392,6.021865,1.124007,-6.000000,-4.875993
511,65.770571,0.014475,6.010225,0.120314,-6.000000,-5.879686
512,65.871908,117.249981,6.019709,10.828203,-10.000000,0.828203
513,65.752664,5.176711,6.012353,2.275239,5.000000,2.724761
514,65.888378,134.967015,6.023343,11.617531,13.000000,1.382469
515,65.823856,32.917347,6.022783,5.737364,-1.000000,4.737364
516,65.697993,1.382153,6.013316,1.175650,-1.500000,-0.324350
517,65.615400,23.327648,6.011010,4.829870,-3.500000,1.329870
518,65.497479,5.004142,6.003667,2.236994,0.000000,-2.236994
519,65.370558,0.133172,5.992718,0.364927,1.000000,1.364927
520,65.263032,9.887296,5.987198,3.144407,3.000000,6.144407
521,65.137243,0.230053,5.976545,0.479638,2.000000,1.520362
522,65.067589,29.056113,5.975414,5.390372,4.000000,-1.390372
523,65.072309,67.517333,5.979732,8.216893,8.000000,-0.216893
524,64.947211,0.021343,5.968514,0.146091,1.500000,1.646091
525,64.824645,1.090197,5.959062,1.044125,-2.500000,-3.544125
526,64.726940,13.822731,5.954769,3.717893,1.000000,-2.717893
527,64.609503,3.307665,5.946860,1.818699,0.000000,-1.818699
528,64.493988,4.079322,5.939366,2.019733,1.500000,-0.519733
529,64.372107,0.506860,5.929409,0.711941,1.250000,0.538059
530,64.653324,212.292116,5.945836,14.570248,13.250000,-1.320248
531,64.569470,20.462142,5.943137,4.523510,5.500000,0.976490
532,64.550884,54.755981,5.945896,7.399728,-9.000000,-1.600272
533,64.431975,1.648150,5.937083,1.283803,2.500000,1.216197
534,64.328575,9.629794,5.931736,3.103191,-4.500000,-1.396809
535,64.220036,6.694734,5.925438,2.587418,-0.500000,2.087418
536,64.245475,77.753234,5.930875,8.817779,-6.000000,2.817779
537,64.166267,22.027540,5.928553,4.693351,4.500000,-0.193351
538,64.244656,106.026039,5.936733,10.296895,5.500000,-4.796895
539,64.159167,18.508439,5.933678,4.302144,0.000000,4.302144
540,64.045918,3.457350,5.926077,1.859395,0.500000,2.359395
541,63.952276,13.760275,5.921949,3.709485,6.750000,3.040515
542,63.977065,77.288624,5.927282,8.791395,9.750000,0.958605
543,63.862421,2.184340,5.919028,1.477951,3.500000,4.977951
544,63.782238,20.563574,5.916464,4.534708,-4.000000,0.534708
545,63.664366,0.013054,5.905739,0.114252,-1.000000,-0.885748
546,63.574035,14.705229,5.901918,3.834740,-3.750000,0.084740
547,63.481085,13.102386,5.897715,3.619722,-2.500000,1.119722
548,63.372545,4.435085,5.890745,2.105964,-2.750000,-0.644036
549,63.281477,13.740668,5.886738,3.706841,5.500000,1.793159
550,63.188502,12.516956,5.882436,3.537931,2.000000,-1.537931
551,63.115928,23.490265,5.880542,4.846676,4.500000,-0.346676
552,63.001678,0.507257,5.871111,0.712220,2.000000,1.287780
553,62.887975,0.578535,5.861802,0.760615,0.500000,1.260615
554,62.834811,33.647783,5.861691,5.800671,5.250000,-0.550671
555,62.720809,0.020017,5.851310,0.141480,1.000000,0.858520
556,62.611084,2.152648,5.843368,1.467190,2.750000,1.282810
557,62.499435,0.869196,5.834487,0.932307,0.500000,1.432307
558,62.386918,0.164928,5.824688,0.406113,-1.500000,-1.093887
559,62.564422,160.901523,5.837049,12.684696,-8.750000,3.934696
560,62.482384,16.951222,5.833955,4.117186,-3.750000,0.367186
561,62.370791,0.325084,5.824505,0.570161,0.750000,1.320161
562,62.492688,130.389630,5.834531,11.418828,11.500000,0.081172
563,62.566529,103.769797,5.842317,10.186746,-6.500000,3.686746
564,62.536659,45.838920,5.843974,6.770445,-4.250000,2.520445
565,62.430222,2.825758,5.836553,1.680999,-2.000000,-3.680999
566,62.319226,0.050331,5.826567,0.224346,-1.750000,-1.974346
567,62.212520,2.243597,5.818879,1.497864,3.250000,1.752136
568,62.196731,53.307976,5.821507,7.301231,-3.500000,3.801231
569,62.252395,93.646782,5.828331,9.677127,8.000000,-1.677127
570,62.331791,107.190550,5.836326,10.353287,4.000000,-6.353287
571,62.385740,92.920458,5.843033,9.639526,-10.000000,-0.360474
572,62.292524,9.439502,5.838155,3.072377,-1.000000,2.072377
573,62.183134,0.049632,5.828286,0.222782,-2.000000,-1.777218
574,62.097302,13.258855,5.824449,3.641271,2.500000,-1.141271
575,62.097900,62.438294,5.828088,7.901791,-7.000000,0.901791
576,62.120145,74.822389,5.833021,8.649994,-6.250000,2.399994
577,62.147241,77.646037,5.838219,8.811699,9.250000,0.438301
578,62.057629,10.709945,5.833750,3.272605,4.500000,1.227395
579,61.951799,1.205603,5.825514,1.098000,0.750000,1.848000
580,61.856270,6.927110,5.819969,2.631940,-0.750000,1.881940
581,61.749821,0.435167,5.811026,0.659672,-0.750000,-1.409672
582,61.647874,2.824209,5.803880,1.680538,1.250000,2.930538
583,61.546724,3.082285,5.796888,1.755644,-0.500000,1.255644
584,61.442804,1.272819,5.788838,1.128193,2.500000,1.371807
585,61.338928,1.091228,5.780673,1.044619,0.750000,1.794619
586,61.265084,18.361621,5.778103,4.285046,-2.750000,1.535046
587,61.169238,5.386563,5.772173,2.320897,3.000000,0.679103
588,84.909747,13925.626518,5.964356,118.006892,-114.500000,3.506892
589,89.985501,3054.226257,6.048630,55.265055,5.000000,60.265055
590,96.592807,3961.866693,6.145720,62.943361,7.250000,-55.693361
591,96.659364,135.661511,6.155093,11.647382,3.750000,-7.897382
592,96.580200,50.110904,6.156664,7.078906,2.000000,-5.078906
593,96.515580,58.519420,6.159199,7.649799,-7.500000,-15.149799
594,98.933355,1523.002768,6.214905,39.025668,-1.500000,-40.525668
595,99.175432,242.000469,6.230711,15.556364,-5.500000,10.056364
596,99.030860,13.588892,6.226413,3.686311,3.500000,-0.186311
597,99.223124,213.043719,6.240527,14.596017,-6.750000,7.846017
598,99.131312,44.686369,6.241275,6.684786,2.250000,-4.434786
599,99.117811,91.098597,6.246827,9.544558,-5.500000,4.044558
600,99.035476,50.045710,6.248215,7.074299,-8.250000,-1.175701
601,98.924514,32.791645,6.247341,5.726399,2.250000,7.976399
602,98.759828,0.441856,6.238006,0.664722,-3.000000,-3.664722
603,98.751896,94.008624,6.243778,9.695804,9.000000,-0.695804
604,98.641413,32.462294,6.242868,5.697569,-3.000000,2.697569
605,98.500137,13.734625,6.238647,3.706026,2.000000,-1.706026
606,98.377614,24.741004,6.236546,4.974033,3.500000,-1.474033
607,98.481646,161.109234,6.247253,12.692881,3.500000,-9.192881
608,98.349915,18.916144,6.244111,4.349269,3.250000,-1.099269
609,98.191981,2.799407,6.236556,1.673143,2.750000,4.423143
610,98.044485,8.809915,6.231162,2.968150,-4.500000,-1.531850
611,97.891220,5.012531,6.224585,2.238868,2.000000,-0.238868
612,97.734558,2.640325,6.217020,1.624908,1.250000,-0.374908
613,97.576389,1.409720,6.208761,1.187316,-2.000000,-3.187316
614,97.462174,27.905286,6.207242,5.282545,2.500000,-2.782545
615,97.322874,12.350200,6.202835,3.514285,-0.250000,-3.764285
616,97.163884,0.020857,6.192936,0.144421,-3.000000,-3.144421
617,97.024097,11.474236,6.188359,3.387364,-0.750000,2.637364
618,96.869631,2.182313,6.180686,1.477266,-0.250000,-1.727266
619,96.718004,3.618872,6.173729,1.902333,4.000000,2.097667
620,96.562541,0.952977,6.165292,0.976205,3.000000,3.976205
621,96.407933,1.168875,6.157052,1.081145,4.000000,2.918855
622,96.277203,15.617284,6.153483,3.951871,3.000000,-0.951871
623,96.131628,6.166042,6.147554,2.483152,-2.000000,-4.483152
624,95.984027,4.618773,6.141105,2.149133,-1.250000,-3.399133
625,95.835990,4.053155,6.134458,2.013245,-5.250000,-3.236755
626,95.691497,5.961782,6.128521,2.441676,-1.000000,-3.441676
627,95.590617,32.843249,6.127883,5.730903,-9.500000,-3.769097
628,95.529442,57.416897,6.130206,7.577394,5.000000,-2.577394
629,95.423577,29.364140,6.129067,5.418869,2.000000,-3.418869
630,95.302723,19.768742,6.126379,4.446205,0.000000,-4.446205
631,95.337964,117.398858,6.133889,10.835075,-5.000000,5.835075
632,95.188138,1.247615,6.125900,1.116967,-1.750000,-2.866967
633,95.036874,0.042747,6.116490,0.206753,-0.750000,-0.543247
634,94.886326,0.191718,6.107476,0.437856,-1.500000,-1.937856
635,94.777300,26.090867,6.105892,5.107922,-6.250000,-1.142078
636,94.632374,3.184402,6.099054,1.784489,-2.250000,-4.034489
637,94.495726,8.133973,6.093925,2.852012,-1.000000,-3.852012
638,94.371684,15.852803,6.090593,3.981558,4.130000,0.148442
639,94.310986,55.828997,6.092768,7.471880,-3.130000,4.341880
640,94.188386,16.337371,6.089544,4.041951,0.500000,4.541951
641,94.068884,18.065352,6.086656,4.250335,-2.250000,2.000335
642,94.451891,338.427519,6.105951,18.396400,-15.500000,2.896400
643,94.337170,21.145116,6.103591,4.598382,6.750000,2.151618
644,94.231828,26.917917,6.102161,5.188248,-6.250000,-1.061752
645,94.097435,8.086418,6.097078,2.843663,4.250000,1.406337
646,93.962630,7.552665,6.091861,2.748211,0.000000,-2.748211
647,93.816678,0.115087,6.082915,0.339245,-3.500000,-3.160755
648,93.694991,15.450303,6.079573,3.930687,3.000000,-0.930687
649,93.580991,20.164933,6.077109,4.490538,4.000000,-0.490538
650,93.463370,17.598034,6.074196,4.195001,-5.500000,-1.304999
651,93.319176,0.169567,6.065444,0.411785,0.500000,0.088215
652,93.189941,9.574881,6.060859,3.094330,0.250000,-2.844330
653,93.079941,21.800156,6.058714,4.669064,-4.250000,0.419064
654,93.096854,104.073208,6.065088,10.201628,-9.500000,0.701628
655,92.993025,25.504208,6.063529,5.050169,5.000000,-0.050169
656,92.850421,0.015286,6.054419,0.123636,-3.870000,-3.993636
657,92.794104,56.075163,6.056615,7.488335,-6.630000,0.858335
658,92.652217,0.000236,6.047377,0.015374,-0.750000,-0.734626
659,92.581616,46.408539,6.048545,6.812381,2.250000,-4.562381
660,92.540352,65.512403,6.051663,8.093973,7.750000,-0.343973
661,92.399587,0.057992,6.042819,0.240816,2.750000,2.990816
662,92.259169,0.004127,6.033733,0.064243,0.500000,0.564243
663,92.125001,3.842513,6.027552,1.960233,1.000000,2.960233
664,92.105217,79.068003,6.031892,8.892019,2.250000,-6.642019
665,92.007524,27.529642,6.030704,5.246870,-0.120000,-5.366870
666,91.896480,18.496471,6.028091,4.300752,-3.880000,0.420752
667,91.769685,7.831589,6.023220,2.798498,-5.000000,-2.201502
668,91.658275,17.793289,6.020501,4.218209,-9.120000,-4.901791
669,91.521379,0.622710,6.012635,0.789120,-0.880000,-0.090880
670,91.594894,140.482107,6.021403,11.852515,-13.250000,-1.397485
671,91.461931,2.908583,6.014932,1.705457,4.500000,2.794543
672,91.423310,65.662984,6.018059,8.103270,10.130000,2.026730
673,91.404914,79.116544,6.022359,8.894748,7.370000,-1.524748
674,91.358142,60.067641,6.024938,7.750332,-8.500000,-0.749668
675,91.224115,1.426099,6.017738,1.194194,1.000000,-0.194194
676,91.101754,8.997816,6.013247,2.999636,-1.000000,-3.999636
677,90.983109,11.253481,6.009297,3.354621,4.500000,1.145379
678,90.866879,12.644111,6.005657,3.555856,2.000000,-1.555856
679,90.761791,19.932261,6.003374,4.464556,6.750000,2.285444
680,90.627550,0.015214,5.994675,0.123346,-3.500000,-3.376654
681,90.496084,1.624739,5.987703,1.274652,2.250000,0.975348
682,90.362941,0.225150,5.979572,0.474500,-1.000000,-0.525500
683,90.240863,7.472395,5.974791,2.733568,-1.750000,0.983568
684,90.108472,0.214617,5.966686,0.463268,-1.750000,-2.213268
685,89.976475,0.218798,5.958611,0.467759,-2.750000,-2.282241
686,89.867789,15.852743,5.955712,3.981550,-5.250000,-1.268450
687,89.737302,0.745197,5.948256,0.863248,0.500000,-0.363248
688,89.673893,46.365226,5.949515,6.809202,3.000000,-3.809202
689,89.562365,13.277154,5.946149,3.643783,2.500000,6.143783
690,89.431956,0.101546,5.937946,0.318663,-3.000000,-2.681337
691,89.348127,31.841778,5.937516,5.642852,-7.000000,-1.357148
692,89.244028,17.727815,5.935006,4.210441,1.000000,-3.210441
693,90.158435,719.270759,5.965317,26.819224,3.500000,-23.319224
694,90.133588,73.013584,5.969055,8.544799,5.500000,-3.044799
695,90.096451,64.472119,5.972037,8.029453,-3.000000,5.029453
696,89.970510,2.945364,5.965887,1.716206,-3.750000,-2.033794
697,89.856482,10.949371,5.962053,3.308983,0.250000,-3.058983
698,89.727577,0.396115,5.954369,0.629377,-1.500000,-0.870623
699,89.598490,0.012231,5.945961,0.110593,-1.620000,-1.730593
700,89.597112,88.639059,5.950945,9.414832,-6.380000,3.034832
701,89.475183,4.613033,5.945488,2.147797,1.500000,-0.647797
702,89.351933,3.446840,5.939630,1.856567,2.500000,0.643433
703,89.224557,0.315709,5.931937,0.561880,1.500000,2.061880
704,89.101086,2.795170,5.925851,1.671876,-0.500000,1.171876
705,89.014594,28.469851,5.925009,5.335715,-3.000000,2.335715
706,88.889584,1.257903,5.918166,1.121563,0.000000,-1.121563
707,88.764651,1.061264,5.911213,1.030177,1.750000,0.719823
708,88.641583,2.124904,5.904887,1.457705,-0.250000,1.207705
709,88.520855,3.528279,5.899176,1.878371,0.500000,2.378371
710,88.405180,6.854245,5.894529,2.618061,0.000000,-2.618061
711,88.280153,0.011604,5.886344,0.107723,0.000000,-0.107723
712,88.165398,7.033092,5.881775,2.651998,0.500000,3.151998
713,88.069509,20.180557,5.879815,4.492277,6.750000,2.257723
714,87.945529,0.043319,5.871827,0.208131,5.750000,5.541869
715,87.833249,8.114397,5.867575,2.848578,-1.000000,-3.848578
716,87.770172,42.922526,5.868536,6.551529,-10.000000,-3.448471
717,87.658709,8.297426,5.864345,2.880525,0.000000,-2.880525
718,87.676067,100.051747,5.870141,10.002587,4.750000,-5.252587
719,87.564938,8.218764,5.865940,2.866839,-2.750000,0.116839
720,87.475198,23.311410,5.864491,4.828189,-4.000000,0.828189
721,87.358320,3.673803,5.858985,1.916717,-2.000000,-0.083283
722,87.252121,11.107245,5.855467,3.332753,-0.500000,-3.832753
723,87.177472,33.579579,5.855382,5.794789,-4.000000,1.794789
724,87.074285,12.883128,5.852235,3.589307,-5.000000,-1.410693
725,86.953599,0.059729,5.844457,0.244396,0.500000,0.255604
726,86.842004,6.381583,5.839861,2.526180,4.500000,1.973820
727,86.733640,8.494778,5.835815,2.914580,4.500000,1.585420
728,86.615324,1.072882,5.829185,1.035800,-0.500000,-1.535800
729,86.531668,25.964739,5.828173,5.095561,-8.500000,-3.404439
730,86.412790,0.226095,5.820800,0.475495,-0.870000,-0.394505
731,86.313149,13.974268,5.817936,3.738217,1.870000,-1.868217
732,86.222350,20.211298,5.816120,4.495698,4.250000,-0.245698
733,86.135628,23.001736,5.814720,4.796012,-2.250000,2.546012
734,86.045022,19.993212,5.812880,4.471377,-0.370000,-4.841377
735,85.956623,21.425855,5.811260,4.628807,0.370000,-4.258807
736,85.850242,8.085454,5.807206,2.843493,2.000000,-0.843493
737,85.737469,3.187648,5.801719,1.785399,2.000000,0.214601
738,85.623103,1.792710,5.795639,1.338921,0.000000,1.338921
739,85.507836,0.901869,5.789046,0.949668,-1.000000,-1.949668
740,85.411137,14.337480,5.786325,3.786487,-3.000000,0.786487
741,85.299290,2.980219,5.780816,1.726331,2.500000,0.773669
742,85.201019,12.774948,5.777826,3.574206,-0.750000,2.824206
743,85.109167,17.322263,5.775640,4.162002,-2.250000,1.912002
744,84.994578,0.313188,5.768591,0.559632,0.750000,1.309632
745,84.887470,5.627924,5.764008,2.372325,-1.750000,0.622325
746,84.802117,21.555640,5.762497,4.642805,-4.370000,0.272805
747,84.691055,2.282921,5.756774,1.510934,-1.000000,0.510934
748,84.609467,23.989214,5.755620,4.897879,4.620000,-0.277879
749,84.546333,37.574958,5.756122,6.129842,9.000000,2.870158
750,84.493738,45.310164,5.757430,6.731282,7.250000,0.518718
751,84.381036,0.305259,5.750462,0.552503,-2.750000,-2.197497
752,84.288168,14.915914,5.747937,3.862113,1.000000,-2.862113
753,84.209999,25.740058,5.747037,5.073466,0.750000,-4.323466
754,84.135942,28.666672,5.746513,5.354127,4.000000,-1.354127
755,84.052536,21.498671,5.745035,4.636666,6.750000,2.113334
756,84.034554,70.529846,5.748563,8.398205,5.500000,-2.898205
757,84.023171,75.462916,5.752465,8.686939,3.750000,-4.936939
758,83.934816,17.403730,5.750369,4.171778,-0.250000,-4.421778
759,83.823669,0.018500,5.742933,0.136016,-0.750000,-0.886016
760,83.783584,53.519608,5.745013,7.315710,3.750000,-3.565710
761,83.672906,0.000666,5.737458,0.025801,-1.250000,-1.224199
762,83.577653,11.470561,5.734357,3.386822,-2.250000,1.136822
763,83.518487,38.670980,5.734995,6.218600,5.250000,-0.968600
764,83.408848,0.192678,5.728026,0.438951,0.500000,0.061049
765,83.299306,0.047652,5.720786,0.218293,-0.500000,-0.718293
766,83.191406,1.079297,5.714642,1.038892,-3.000000,-1.961108
767,83.083727,1.032223,5.708484,1.015984,-1.000000,-2.015984
768,82.981456,4.949239,5.703924,2.224689,-2.250000,-0.025311
769,82.905764,25.076441,5.703014,5.007638,6.500000,1.492362
770,82.837905,30.925845,5.702829,5.561101,-3.250000,2.311101
771,82.766789,28.292232,5.702328,5.319044,-4.500000,0.819044
772,82.711437,40.256152,5.703165,6.344774,5.500000,-0.844774
773,82.706926,79.242835,5.707324,8.901844,-7.000000,1.901844
774,82.604777,4.051684,5.702526,2.012880,0.500000,2.512880
775,82.506080,6.510101,5.698439,2.551490,0.880000,-1.671490
776,82.436229,28.580728,5.697983,5.346095,-7.880000,-2.533905
777,82.329605,0.015810,5.690774,0.125736,-3.000000,-3.125736
778,82.294428,55.102710,5.693013,7.423120,2.500000,-4.923120
779,82.521015,257.899187,5.706388,16.059240,11.000000,-5.059240
780,82.449816,27.270919,5.705764,5.222157,4.000000,-1.222157
781,82.348373,3.628047,5.700872,1.904743,0.500000,-1.404743
782,82.265387,17.785460,5.698965,4.217281,1.500000,-2.717281
783,82.196540,28.634066,5.698519,5.351081,5.000000,-0.351081
784,82.110453,15.048007,5.696186,3.879176,1.250000,5.129176
785,82.017274,9.338388,5.692806,3.055878,-0.500000,2.555878
786,81.914107,1.340251,5.687006,1.157692,0.750000,-0.407692
787,81.813052,2.788108,5.681876,1.669763,-2.500000,-0.830237
788,81.733056,19.096040,5.680202,4.369902,-4.750000,-0.380098
789,81.636132,5.648169,5.675994,2.376588,3.250000,0.873412
790,81.536030,2.955847,5.670960,1.719258,2.250000,0.530742
791,81.448983,13.030026,5.668341,3.609713,6.000000,2.390287
792,81.367491,17.233004,5.666416,4.151265,-3.250000,0.901265
793,81.274813,8.244334,5.662873,2.871295,2.500000,-0.371295
794,81.195987,19.002408,5.661223,4.359175,5.000000,0.640825
795,81.207245,90.101431,5.666066,9.492177,2.750000,-6.742177
796,81.120463,12.475866,5.663371,3.532119,-3.250000,0.282119
797,81.019236,0.847494,5.657391,0.920594,-1.000000,-0.079406
798,80.936791,15.557776,5.655233,3.944335,1.500000,-2.444335
799,80.839413,3.521217,5.650480,1.876491,-1.500000,0.376491
800,80.738818,0.766146,5.644481,0.875297,0.500000,1.375297
801,80.655382,14.239992,5.642134,3.773591,-2.250000,1.523591
802,80.557974,2.923658,5.637206,1.709871,-2.250000,-0.540129
803,80.461949,3.834035,5.632601,1.958069,-3.000000,-1.041931
804,80.422369,48.797936,5.634292,6.985552,-7.000000,-0.014448
805,80.347562,20.502008,5.632911,4.527914,5.750000,1.222086
806,80.250921,2.841729,5.627990,1.685743,0.000000,1.685743
807,80.151004,0.017609,5.621146,0.132699,-0.500000,-0.367301
808,80.057030,4.595647,5.616821,2.143746,1.500000,-0.643746
809,79.960138,2.059102,5.611626,1.434957,1.750000,0.315043
810,79.860966,0.027212,5.604868,0.164962,2.000000,1.835038
811,79.809809,38.577207,5.605620,6.211055,-3.000000,3.211055
812,79.711041,0.005782,5.598776,0.076040,-0.500000,-0.423960
813,79.617759,4.245569,5.594402,2.060478,2.000000,-0.060478
814,79.634865,93.473441,5.599432,9.668166,12.000000,2.331834
815,79.546601,8.053164,5.596027,2.837810,-0.500000,2.337810
816,79.449003,0.296574,5.589806,0.544587,2.500000,1.955413
817,79.354486,2.606980,5.584916,1.614614,0.500000,-1.114614
818,79.257046,0.038476,5.578296,0.196153,-0.500000,-0.696153
819,79.248857,72.583231,5.581905,8.519579,7.000000,-1.519579
820,79.152882,0.933245,5.576248,0.966046,-0.500000,0.466046
821,79.057533,1.252730,5.570793,1.119254,-2.000000,-0.880746
822,79.061957,82.676078,5.575098,9.092639,3.000000,-6.092639
823,78.967027,1.314341,5.569691,1.146447,0.750000,-0.396447
824,78.873380,2.176420,5.564698,1.475270,-1.250000,0.225270
825,78.777663,0.289566,5.558575,0.538113,0.000000,-0.538113
826,78.681845,0.015600,5.551965,0.124899,0.000000,0.124899
827,78.587331,0.896752,5.546370,0.946970,1.000000,0.053030
828,78.510793,15.520132,5.544420,3.939560,5.000000,1.060440
829,78.448681,27.267993,5.544029,5.221876,-1.500000,3.721876
830,78.354212,0.417107,5.538099,0.645838,1.000000,1.645838
831,78.260239,0.639233,5.532369,0.799521,0.500000,-0.299521
832,78.188257,18.658390,5.530904,4.319536,5.000000,0.680464
833,78.152653,48.672634,5.532648,6.976578,-5.000000,1.976578
834,78.088673,25.049589,5.532012,5.004956,-6.000000,-0.995044
835,77.995226,0.434411,5.526148,0.659099,1.000000,1.659099
836,77.903160,1.396374,5.520926,1.181683,4.880000,3.698317
837,77.811723,1.736226,5.515880,1.317659,-0.880000,0.437659
838,77.747762,24.467758,5.515198,4.946489,-2.500000,2.446489
839,77.673590,15.813851,5.513355,3.976663,-7.000000,-3.023337
840,77.584744,3.398781,5.508966,1.843578,1.500000,-0.343578
841,77.498067,5.035742,5.505065,2.244046,2.000000,-0.244046
842,77.449300,36.631424,5.505718,6.052390,-5.000000,1.052390
843,77.376954,16.751271,5.504034,4.092832,-4.000000,0.092832
844,77.379431,79.457207,5.508093,8.913877,-9.000000,-0.086123
845,77.497800,176.928131,5.517360,13.301433,11.000000,-2.301433
846,77.448778,36.221334,5.517955,6.018416,-4.000000,2.018416
847,77.363409,5.482694,5.514187,2.341515,-0.500000,1.841515
848,77.506679,198.283474,5.524338,14.081316,11.500000,-2.581316
849,77.516076,85.446907,5.528739,9.243750,-9.500000,-0.256250
850,77.475373,43.081054,5.529963,6.563616,6.500000,-0.063616
851,77.390226,5.356082,5.526166,2.314321,-4.000000,-1.685679
852,77.308874,8.403475,5.523068,2.898875,3.500000,0.601125
853,77.224970,6.074405,5.519465,2.464631,-0.500000,-2.964631
854,77.214017,67.915553,5.522667,8.241089,-5.500000,2.741089
855,77.218876,81.348979,5.526776,9.019367,-10.000000,-0.980633
856,77.156151,23.776720,5.526013,4.876138,-5.500000,-0.623862
857,77.065704,0.004820,5.519616,0.069428,1.750000,1.680572
858,77.046157,60.372346,5.522251,7.769964,-2.750000,5.019964
859,77.019856,54.559238,5.524431,7.386423,6.250000,-1.136423
860,76.931685,1.545098,5.519429,1.243020,-1.250000,-0.006980
861,76.928474,74.179895,5.523039,8.612775,5.750000,-2.862775
862,76.852846,12.040357,5.520646,3.469922,-0.250000,-3.719922
863,76.765917,2.180525,5.515938,1.476660,-2.000000,-0.523340
864,76.677205,0.473909,5.510325,0.688411,-2.000000,-1.311589
865,76.588670,0.448608,5.504703,0.669782,-1.000000,-1.669782
866,76.501137,1.134561,5.499553,1.065158,-2.000000,-3.065158
867,76.430967,15.944261,5.497807,3.993027,-8.750000,-4.756973
868,76.343372,0.749260,5.492446,0.865598,-4.250000,-3.384402
869,76.310143,47.600084,5.494072,6.899281,7.500000,0.600719
870,76.268108,39.908496,5.495023,6.317317,8.000000,1.682683
871,76.201577,18.585646,5.493657,4.311107,3.000000,-1.311107
872,76.164496,44.014577,5.494971,6.634348,3.500000,-3.134348
873,76.077334,0.421209,5.489395,0.649006,-3.750000,-3.100994
874,75.995727,5.079286,5.485676,2.253727,-2.750000,-0.496273
875,76.006919,85.743439,5.490009,9.259775,9.000000,-0.259775
876,75.934190,12.587453,5.487781,3.547880,2.750000,-0.797880
877,75.910650,55.384226,5.490020,7.442058,-2.750000,4.692058
878,75.826314,2.200379,5.485436,1.483367,-1.000000,-2.483367
879,75.804030,56.328462,5.487744,7.505229,4.250000,-3.255229
880,75.722224,4.141645,5.483803,2.035103,1.500000,3.535103
881,75.647967,10.598848,5.481262,3.255587,2.750000,-0.505587
882,75.567680,5.155635,5.477605,2.270602,0.000000,-2.270602
883,75.534859,46.717996,5.479149,6.835056,-8.370000,-1.534944
884,75.461970,11.392835,5.476759,3.375327,-3.130000,0.245327
885,75.376910,0.524184,5.471364,0.724006,-2.000000,-2.724006
886,75.397985,93.964621,5.476151,9.693535,5.000000,-4.693535
887,75.316188,3.171400,5.471966,1.780843,-0.250000,-2.030843
888,75.234621,3.210813,5.467803,1.791874,-1.750000,-3.541874
889,75.241593,81.405002,5.471820,9.022472,7.500000,-1.522472
890,75.166883,9.048297,5.469039,3.008039,4.000000,0.991961
891,75.082852,0.632057,5.463769,0.795020,3.500000,2.704980
892,74.999084,0.696444,5.458556,0.834532,-2.750000,-1.915468
893,74.928449,12.205082,5.456346,3.493577,3.630000,0.136423
894,74.871676,24.400198,5.455765,4.939656,4.870000,-0.069656
895,74.843501,49.767669,5.457560,7.054620,-3.250000,3.804620
896,74.793256,30.025073,5.457585,5.479514,2.000000,-3.479514
897,74.709983,0.430317,5.452208,0.655986,0.500000,-0.155986
898,74.630384,3.548699,5.448216,1.883799,-1.500000,0.383799
899,74.548447,1.296886,5.443401,1.138809,1.500000,0.361191
900,74.488816,21.118484,5.442455,4.595485,5.500000,0.904515
901,74.405777,0.003179,5.436450,0.056381,3.000000,3.056381
902,74.323137,0.195260,5.430888,0.441882,-0.250000,0.191882
903,74.241959,1.343942,5.426137,1.159285,-1.500000,-2.659285
904,74.250996,82.374872,5.430192,9.076060,2.000000,-7.076060
905,74.737574,512.658537,5.449295,22.641964,-2.750000,-25.391964
906,74.657621,2.619982,5.445048,1.618636,2.000000,0.381364
907,74.584076,8.246323,5.442199,2.871641,3.000000,0.128359
908,74.554899,48.208162,5.443859,6.943210,6.750000,-0.193210
909,74.517558,40.760863,5.444898,6.384423,-2.750000,3.634423
910,74.435529,0.199746,5.439382,0.446929,0.250000,0.696929
911,74.356221,2.502804,5.435129,1.582025,1.250000,-0.332025
912,74.279398,4.600969,5.431505,2.144987,-0.250000,1.894987
913,74.197831,0.134732,5.425934,0.367059,-1.250000,-0.882941
914,74.116327,0.029091,5.420159,0.170562,1.000000,0.829438
915,74.040217,4.780679,5.416609,2.186476,1.750000,-0.436476
916,73.959284,0.229287,5.411195,0.478839,2.250000,2.728839
917,73.893481,13.881192,5.409349,3.725747,-0.750000,2.975747
918,73.832224,17.903998,5.408060,4.231312,-1.250000,2.981312
919,73.753806,2.079663,5.403726,1.442104,2.250000,0.807896
920,73.697127,21.836412,5.402928,4.672945,-0.500000,4.172945
921,73.635739,17.404301,5.401585,4.171846,7.250000,3.078154
922,73.583917,26.063259,5.401263,5.105219,-1.500000,3.605219
923,73.506436,2.378881,5.397064,1.542362,-0.250000,1.292362
924,73.472157,41.969655,5.398239,6.478399,2.750000,-3.728399
925,74.205509,748.889145,5.422091,27.365839,2.750000,-24.615839
926,74.128004,2.745625,5.418007,1.656993,-2.750000,-1.093007
927,74.047719,0.025475,5.412310,0.159610,2.500000,2.659610
928,73.972242,4.306971,5.408699,2.075324,2.000000,-0.075324
929,73.902508,9.468492,5.406178,3.077091,-1.000000,2.077091
930,73.832214,8.809890,5.403545,2.968146,-3.500000,-0.531854
931,73.756838,3.958934,5.399862,1.989707,3.500000,1.510293
932,73.684611,6.729536,5.396839,2.594135,-2.500000,0.094135
933,73.613899,7.993074,5.394073,2.827203,-1.500000,1.327203
934,73.535180,0.405495,5.388958,0.636785,1.000000,0.363215
935,73.488539,30.112850,5.389064,5.487518,-5.500000,-0.012482
936,73.416735,6.566612,5.386031,2.562540,2.250000,-0.312540
937,73.338314,0.250100,5.380794,0.500100,2.250000,2.750100
938,73.261576,1.665082,5.376415,1.290381,2.000000,0.709619
939,73.205446,20.780115,5.375540,4.558521,-2.500000,2.058521
940,73.158922,29.658563,5.375615,5.445968,4.000000,-1.445968
941,73.089534,8.142497,5.372923,2.853506,4.000000,1.146494
942,73.082804,66.777321,5.375907,8.171739,-4.250000,3.921739
943,73.006856,1.767437,5.371598,1.329450,1.250000,2.579450
944,72.930402,1.140116,5.367019,1.067762,-1.000000,0.067762
945,72.874820,20.628078,5.366142,4.541814,2.750000,-1.791814
946,72.849457,48.982588,5.367875,6.998756,2.750000,-4.248756
947,72.777629,5.115621,5.364582,2.261774,1.250000,-1.011774
948,72.754311,50.765039,5.366446,7.124959,5.750000,-1.374959
949,72.677571,0.235406,5.361281,0.485187,0.000000,-0.485187
950,72.610885,9.592213,5.358888,3.097130,1.500000,-1.597130
951,72.543041,8.362880,5.356283,2.891864,-1.500000,1.391864
952,72.487978,20.343775,5.355390,4.510407,-3.500000,1.010407
953,72.430986,18.402289,5.354267,4.289789,6.500000,2.210211
954,72.355344,0.570601,5.349426,0.755381,1.000000,0.244619
955,72.280942,1.599586,5.345131,1.264748,1.500000,0.235252
956,72.205459,0.420591,5.340198,0.648530,0.000000,-0.648530
957,72.137720,7.650897,5.337497,2.766025,1.880000,-0.886025
958,72.066760,4.441476,5.334111,2.107481,2.620000,0.512519
959,71.994622,3.174798,5.330391,1.781796,-1.000000,0.781796
960,71.921328,1.925846,5.326267,1.387749,2.000000,0.612251
961,71.887746,39.782925,5.327292,6.307371,-6.000000,0.307371
962,71.812987,0.269294,5.322273,0.518935,0.750000,0.231065
963,71.743611,5.281264,5.319120,2.298100,1.250000,-1.048100
964,71.674534,5.429257,5.316006,2.330077,3.500000,1.169923
965,71.600099,0.142636,5.310867,0.377672,0.500000,0.877672
966,71.558243,31.334757,5.311166,5.597746,4.250000,-1.347746
967,71.501904,17.304285,5.309970,4.159842,3.250000,-0.909842
968,71.453526,24.865503,5.309635,4.986532,-3.500000,1.486532
969,71.379550,0.065976,5.304399,0.256858,0.000000,-0.256858
970,71.314371,8.417328,5.301911,2.901263,-2.000000,0.901263
971,71.275367,33.596714,5.302422,5.796267,-5.000000,0.796267
972,71.205669,3.808142,5.298960,1.951446,0.000000,1.951446
973,71.132619,0.419649,5.294160,0.647803,0.000000,-0.647803
974,71.112424,51.544045,5.296104,7.179418,-7.500000,-0.320582
975,71.055967,16.293024,5.294807,4.036462,-3.000000,1.036462
976,71.044677,60.082078,5.297334,7.751263,-9.000000,-1.248737
977,71.299732,319.212360,5.310252,17.866515,-14.500000,3.366515
978,71.329635,100.425660,5.315089,10.021260,5.000000,-5.021260
979,71.256521,0.043797,5.309852,0.209277,-4.500000,-4.709277
980,71.198143,14.279723,5.308283,3.778852,6.500000,2.721148
981,71.132432,6.997893,5.305558,2.645353,3.000000,0.354647
982,71.079062,18.936659,5.304582,4.351627,4.250000,-0.101627
983,71.006612,0.150478,5.299560,0.387915,2.250000,1.862085
984,70.946008,11.615064,5.297630,3.408088,-1.500000,1.908088
985,70.955098,79.862856,5.301339,8.936602,-10.000000,-1.063398
986,71.046189,160.406287,5.308838,12.665160,-11.500000,1.165160
987,71.001700,27.314045,5.308754,5.226284,4.000000,-1.226284
988,70.936991,7.327697,5.306110,2.706972,-0.500000,-3.206972
989,70.871392,6.322097,5.303276,2.514378,3.250000,0.735622
990,70.837781,37.730663,5.304127,6.142529,5.000000,-1.142529
991,70.767412,1.383609,5.299945,1.176269,-1.000000,-2.176269
992,70.728665,32.485326,5.300349,5.699590,-6.750000,-1.050410
993,70.669838,12.548599,5.298572,3.542400,1.000000,-2.542400
994,70.619352,20.689081,5.297814,4.548525,2.250000,-2.298525
995,70.578355,29.991199,5.297995,5.476422,-4.250000,1.226422
996,70.515918,8.640717,5.295617,2.939510,2.000000,-0.939510
997,70.445004,0.098309,5.290600,0.313543,-1.000000,-1.313543