# TEST CONFIGURATION BEGIN
# File Stream: filename: avg_direct_normal.csv  -  n_targets: 1
# [avg_direct_normal_ADE_HOMO_ABSTAIN_KNN_SIZE_4] Pipeline: Array BaseStreamModel: base_models: [<skmultiflow.lazy.knn_forecast.KNNForecast object at 0x7f22182fcf98>, <skmultiflow.lazy.knn_forecast.KNNForecast object at 0x7f221278f668>, <skmultiflow.lazy.knn_forecast.KNNForecast object at 0x7f221278f710>, <skmultiflow.lazy.knn_forecast.KNNForecast object at 0x7f221278f7b8>]
 Array BaseStreamModel: base_models: [<skmultiflow.lazy.knn_forecast.KNNForecast object at 0x7f22182fcf98>, <skmultiflow.lazy.knn_forecast.KNNForecast object at 0x7f221278f668>, <skmultiflow.lazy.knn_forecast.KNNForecast object at 0x7f221278f710>, <skmultiflow.lazy.knn_forecast.KNNForecast object at 0x7f221278f7b8>]
# Prequential Evaluator: n_wait: 1 - max_samples: 600000 - max_time: 10000000 - output_file: avg_direct_normal_ADE_HOMO_ABSTAIN_KNN_SIZE_4_SIZE_4 - batch_size: 1 - pretrain_size: 5 - task_type: regression - show_plot: False - metrics: ['mean_square_error', 'mean_absolute_error', 'true_vs_predicted']
# TEST CONFIGURATION END
id,global_mse_[avg_direct_normal_ADE_HOMO_ABSTAIN_KNN_SIZE_4],sliding_mse_[avg_direct_normal_ADE_HOMO_ABSTAIN_KNN_SIZE_4],global_mae_[avg_direct_normal_ADE_HOMO_ABSTAIN_KNN_SIZE_4],sliding_mae_[avg_direct_normal_ADE_HOMO_ABSTAIN_KNN_SIZE_4],true_value_[avg_direct_normal_ADE_HOMO_ABSTAIN_KNN_SIZE_4],predicted_value_[avg_direct_normal_ADE_HOMO_ABSTAIN_KNN_SIZE_4]
5,0.365541,0.365541,0.604600,0.604600,0.867900,0.263300
6,0.183395,0.001249,0.319970,0.035340,0.258300,0.293640
7,0.453812,0.994647,0.545753,0.997320,-0.687300,0.310020
8,0.341038,0.002714,0.422340,0.052100,0.334300,0.282200
9,0.425040,0.761047,0.512348,0.872380,-0.574500,0.297880
10,1.078251,4.344306,0.774340,2.084300,-2.074900,0.009400
11,1.556798,4.428078,0.964334,2.104300,1.819800,-0.284500
12,60.462934,472.805885,3.561805,21.744100,21.756700,0.012600
13,619.107995,5088.268490,11.091838,71.332100,75.552800,4.220700
14,1047.383974,4901.867778,16.983988,70.013340,89.421400,19.408060
15,1082.889485,1437.944602,18.887284,37.920240,75.215400,37.295160
16,1222.901092,2763.028763,21.693720,52.564520,0.188700,52.753220
17,2321.967129,15510.759581,29.605142,124.542200,-72.115200,52.427000
18,2916.161617,10640.689950,34.858611,103.153720,-113.238700,-10.084980
19,2721.907502,2.349905,32.636900,1.532940,-34.303400,-32.770460
20,2558.924635,114.181620,31.264942,10.685580,-13.964300,-24.649880
21,2496.363716,1495.389008,31.700549,38.670260,-21.822700,16.847560
22,2357.787515,1.992106,30.017820,1.411420,-5.236300,-3.824880
23,2233.693479,0.000820,28.439442,0.028640,-0.806500,-0.835140
24,2122.010903,0.041976,27.027714,0.204880,0.255700,0.050820
25,2020.964798,0.042684,25.750518,0.206600,-0.035400,0.171200
26,1929.132099,0.645419,24.616557,0.803380,-0.552100,0.251280
27,1845.258192,0.032249,23.554080,0.179580,0.382000,0.202420
28,1768.373922,0.035706,22.580533,0.188960,0.026400,0.215360
29,1697.660300,0.533367,21.706525,0.730320,0.181500,-0.548820
30,1632.368677,0.078109,20.882408,0.279480,-0.284700,-0.564180
31,1571.915878,0.143111,20.122996,0.378300,0.222300,-0.156000
32,1529.491042,384.020461,20.104191,19.596440,-0.141100,19.455340
33,1506.557719,864.424681,20.424774,29.401100,23.025900,52.427000
34,1519.278308,1888.175376,21.192386,43.453140,13.541300,56.994440
35,1509.395869,1212.922715,21.632214,34.827040,-11.783000,23.044040
36,1547.045593,2714.187017,22.584265,52.097860,42.669400,-9.428460
37,1542.141733,1385.218231,23.027727,37.218520,36.286200,-0.932320
38,1540.972528,1502.388764,23.490461,38.760660,40.480400,1.719740
39,1497.431879,17.049797,22.937280,4.129140,28.368000,24.238860
40,1507.902394,1874.370436,23.502744,43.294000,-16.089800,27.204200
41,1486.051304,699.412073,23.582303,26.446400,-9.717400,16.729000
42,1565.490552,4504.742698,24.727963,67.117380,-58.844300,8.273080
43,1612.220164,3387.945421,25.586375,58.206060,-72.601800,-14.395740
44,1575.294326,135.186664,25.237390,11.626980,-15.781900,-27.408880
45,1548.061674,458.755569,25.144249,21.418580,-0.707300,-22.125880
46,1511.861965,27.673912,24.670829,5.260600,0.059000,-5.201600
47,1478.634188,83.067548,24.309045,9.114140,-0.378100,8.736040
48,1446.317543,56.701804,23.927705,7.530060,1.331000,8.861060
49,1418.490401,194.096166,23.705574,13.931840,-0.238200,13.693640
50,1391.985890,199.282913,23.497122,14.116760,-0.840300,13.276460
51,1365.832049,162.755337,23.268620,12.757560,0.585300,13.342860
52,1346.379441,432.106852,23.216924,20.787180,0.748700,21.535880
53,1320.126538,59.987194,22.901173,7.745140,-0.349900,7.395240
54,1295.446167,86.108007,22.628738,9.279440,-2.679000,6.600440
55,1270.997889,48.583967,22.321709,6.970220,1.021300,7.991520
56,1246.566521,0.566798,21.906923,0.752860,3.287600,2.534740
57,1223.771569,38.434048,21.610557,6.199520,26.670600,20.471080
58,1207.404931,339.973119,21.551813,18.438360,14.878400,33.316760
59,1185.533413,4.471449,21.198408,2.114580,27.239600,29.354180
60,1166.257270,106.069401,21.003776,10.299000,4.922000,-5.377000
61,1165.346943,1114.368606,21.220941,33.382160,10.124900,-23.257260
62,1173.109640,1615.583360,21.548068,40.194320,-31.603100,8.591220
63,1167.431749,838.114080,21.673528,28.950200,5.620300,-23.329900
64,1219.950440,4318.553226,22.407564,65.715700,-69.544800,-3.829100
65,1246.479017,2838.193660,22.913583,53.274700,-81.737700,-28.463000
66,1235.563343,569.707202,22.928985,23.868540,-10.285400,-34.153940
67,1216.080591,8.149997,22.610348,2.854820,-0.363600,-3.218420
68,1197.093201,0.887628,22.271782,0.942140,-0.968900,-0.026760
69,1178.680694,0.280201,21.937283,0.529340,-0.294500,0.234840
70,1160.836936,0.992693,21.619996,0.996340,-0.819800,0.176540
71,1143.511104,0.006194,21.298484,0.078700,0.216800,0.138100
72,1126.696065,0.088435,20.989644,0.297380,0.423500,0.126120
73,1110.369147,0.138741,20.690845,0.372480,-0.048500,0.323980
74,1094.515731,0.629991,20.406600,0.793720,-0.732900,0.060820
75,1079.101247,0.087403,20.123347,0.295640,0.189900,-0.105740
76,1067.341003,232.363683,20.055571,15.243480,0.091600,15.335080
77,1052.720301,0.029722,19.783199,0.172400,-1.103800,-0.931400
78,1038.498099,0.277350,19.522975,0.526640,0.801600,0.274960
79,1027.282067,197.295734,19.449951,14.046200,24.957400,10.911200
80,1015.626146,141.432032,19.350512,11.892520,37.040200,25.147680
81,1015.861869,1033.776826,19.516770,32.152400,68.407100,36.254700
82,1008.746620,460.872448,19.541785,21.467940,15.717900,37.185840
83,1003.966395,631.108855,19.612419,25.121880,12.195400,-12.926480
84,991.418958,0.171413,19.372439,0.414020,-13.092800,-13.506820
85,1011.752161,2638.408426,19.767414,51.365440,30.738900,-20.626540
86,1000.387068,79.814569,19.635298,8.933900,-33.660500,-24.726600
87,1056.135914,5627.541287,20.302547,75.016940,-105.345100,-30.328160
88,1046.181994,220.006616,20.237429,14.832620,-71.983000,-57.150380
89,1034.033601,13.568614,20.042677,3.683560,-23.507800,-19.824240
90,1022.028322,1.579597,19.824237,1.256820,1.003900,-0.252920
91,1010.286206,0.464197,19.604204,0.681320,0.400100,-0.281220
92,998.806618,0.082426,19.384691,0.287100,-0.322200,-0.035100
93,987.587578,0.312123,19.173163,0.558680,-0.424300,0.134380
94,976.636159,1.959888,18.975683,1.399960,1.363500,-0.036460
95,965.909295,0.491513,18.774863,0.701080,-0.503500,0.197580
96,955.415854,0.512685,18.578571,0.716020,-0.530000,0.186020
97,945.142855,0.026981,18.380568,0.164260,0.119600,-0.044660
98,935.090633,0.233946,18.190176,0.483680,0.686600,0.202920
99,925.258280,1.017113,18.009316,1.008520,0.085400,-0.923120
100,915.620371,0.019000,17.823155,0.137840,-0.944800,-0.806960
101,906.702323,50.569734,17.712723,7.111240,-0.733700,6.377540
102,901.097882,357.467086,17.724907,18.906800,41.649300,22.742500
103,935.591430,4315.959160,18.209463,65.695960,97.871800,32.175840
104,934.652895,841.737922,18.317496,29.012720,35.682300,64.695020
105,995.858984,7116.467876,18.971374,84.359160,121.712900,37.353740
106,1317.258140,33778.572959,20.587237,183.789480,-161.605000,22.184480
107,1496.486248,19777.753196,21.752734,140.633400,109.791900,-30.841500
108,1494.842320,1325.517707,21.893647,36.407660,-62.863400,-26.455740
109,1580.596655,10499.047535,22.660992,102.464860,76.172300,-26.292560
110,1652.312142,9182.438291,23.351219,95.825040,-129.685800,-33.860760
111,1636.871009,0.110956,23.136096,0.333100,-21.110900,-20.777800
112,1621.743802,3.132617,22.938261,1.769920,-0.056900,-1.826820
113,1606.866246,0.090216,22.730574,0.300360,0.219600,-0.080760
114,1592.278151,2.175743,22.537342,1.475040,-1.984900,-0.509860
115,1577.963334,3.333473,22.350751,1.825780,2.034500,0.208720
116,1563.874379,0.000376,22.151364,0.019380,0.163300,0.143920
117,1550.034809,0.002933,21.955813,0.054160,0.054700,0.000540
118,1536.438012,0.000001,21.763227,0.001000,-0.093300,-0.092300
119,1523.081404,0.428056,21.579671,0.654260,-0.602200,0.052060
120,1509.953200,0.209727,21.397587,0.457960,0.463900,0.005940
121,1497.047823,0.024149,21.216030,0.155400,-0.971800,-0.816400
122,1485.151850,93.322942,21.118101,9.660380,-1.736000,7.924380
123,1472.798572,15.111879,20.973305,3.887400,1.950600,5.838000
124,1463.801802,393.186068,20.963769,19.828920,25.168800,44.997720
125,1457.090244,651.703291,21.001494,25.528480,16.922200,42.450680
126,1464.081292,2309.998139,21.223305,48.062440,27.494100,75.556540
127,1456.030788,473.869334,21.227737,21.768540,0.013300,21.781840
128,1450.701585,795.209544,21.283961,28.199460,33.869700,5.670240
129,1439.390992,36.877442,21.162271,6.072680,28.989400,22.916720
130,1431.405376,433.203447,21.159503,20.813540,-5.236900,15.576640
131,1467.911114,6067.634141,21.606239,77.895020,-69.035000,8.860020
132,1462.962954,834.546588,21.663132,28.888520,-4.617300,-33.505820
133,1454.123458,322.667932,21.634449,17.962960,-9.180100,-27.143060
134,1443.358259,54.647578,21.524894,7.392400,-22.445700,-29.838100
135,1434.464387,278.261099,21.487919,16.681160,-24.374700,-7.693540
136,1423.701004,13.697845,21.353170,3.701060,0.007000,3.708060
137,1412.996545,0.007960,21.193291,0.089220,0.492800,0.582020
138,1402.453756,0.262718,21.038957,0.512560,0.572900,0.060340
139,1392.603615,72.684832,20.946265,8.525540,0.309000,8.834540
140,1383.687419,180.000862,20.890899,13.416440,0.087500,13.503940
141,1375.139610,212.637640,20.844849,14.582100,-1.165900,13.416200
142,1365.729862,76.594353,20.757219,8.751820,-0.002800,8.749020
143,1356.248283,47.790399,20.657620,6.913060,0.812600,7.725660
144,1346.561195,0.055904,20.511755,0.236440,-0.344500,-0.580940
145,1338.512357,211.675147,20.469466,14.549060,-0.143600,14.405460
146,1330.248260,165.010467,20.415777,12.845640,0.719300,13.564940
147,1322.212386,181.118302,20.367122,13.458020,0.965900,14.423920
148,1313.627918,86.049000,20.290102,9.276260,24.938400,15.662140
149,1308.776736,610.206590,20.320531,24.702360,36.435800,11.733440
150,1303.295468,508.511520,20.335803,22.550200,37.207800,14.657600
151,1295.957901,224.673119,20.299431,14.989100,36.552000,21.562900
152,1293.197173,887.370222,20.363548,29.788760,-15.481100,14.307660
153,1325.431582,6096.124114,20.750891,78.077680,80.074100,1.996420
154,1380.737887,9621.377374,21.266476,98.088620,113.151400,15.062780
155,1427.301643,8411.865011,21.733030,91.716220,-59.581600,32.134620
156,1420.537004,399.076534,21.721477,19.976900,-51.051900,-31.075000
157,1413.722813,377.965701,21.706574,19.441340,-29.820400,-10.379060
158,1405.131751,90.699338,21.627464,9.523620,0.234500,-9.289120
159,1396.083186,2.604092,21.498343,1.613720,0.439600,-1.174120
160,1387.133938,0.000585,21.360688,0.024180,0.018800,0.042980
161,1378.300748,0.323056,21.228253,0.568380,0.088600,0.656980
162,1369.579569,0.354477,21.097665,0.595380,0.333700,-0.261680
163,1360.966323,0.073398,20.966679,0.270920,0.021000,-0.249920
164,1352.468756,1.355641,20.842915,1.164320,1.153800,-0.010520
165,1344.068419,0.014568,20.714205,0.120700,0.024500,0.145200
166,1335.774184,0.402260,20.590255,0.634240,-0.193100,-0.827340
167,1327.588190,1.457187,20.471340,1.207140,0.483400,-0.723740
168,1319.887936,64.746484,20.395579,8.046520,0.647700,8.694220
169,1314.805794,481.334640,20.404935,21.939340,71.920800,49.981460
170,1316.997059,1678.555649,20.528822,40.970180,97.691100,56.720920
171,1311.883217,462.985592,20.534740,21.517100,56.398600,34.881500
172,1332.748156,4817.192836,20.825640,69.406000,-61.433900,7.972100
173,1324.880433,3.103094,20.712835,1.761560,-18.798800,-20.560360
174,1406.422680,15187.062402,21.315911,123.235800,90.512400,-32.723400
175,1410.029294,2023.153621,21.454295,44.979480,48.788500,3.809020
176,1468.069527,11392.949410,21.950129,106.737760,-154.588600,-47.850840
177,1459.640253,9.805040,21.841350,3.131300,-59.024300,-55.893000
178,1465.720751,2517.647032,22.004193,50.176160,-83.377800,-33.201640
179,1457.375042,5.221591,21.891513,2.285080,-22.879300,-25.164380
180,1449.688960,104.624667,21.825246,10.228620,-0.282700,-10.511320
181,1441.500892,0.400816,21.705517,0.633100,0.784900,0.151800
182,1433.402665,0.016548,21.584298,0.128640,-0.087700,0.040940
183,1425.399509,0.837774,21.468829,0.915300,-0.591400,0.323900
184,1417.482370,0.314452,21.352673,0.560760,-0.242500,0.318260
185,1409.663674,2.298377,21.243078,1.516040,-1.634300,-0.118260
186,1401.949544,5.692042,21.139467,2.385800,2.305500,-0.080300
187,1394.288619,0.000344,21.024052,0.018540,0.377800,0.396340
188,1386.713385,0.445530,20.913418,0.667480,-0.278800,0.388680
189,1379.223525,1.089226,20.806014,1.043660,0.543500,-0.500160
190,1371.808377,0.005997,20.694570,0.077440,-0.383800,-0.306360
191,1364.831656,67.161631,20.627729,8.195220,0.783600,8.978820
192,1357.804241,43.677559,20.553161,6.608900,30.829100,24.220200
193,1350.628142,1.521572,20.450940,1.233520,60.823500,59.589980
194,1373.762305,5746.119066,20.742268,75.803160,-25.686800,50.116360
195,1367.714513,218.634076,20.711085,14.786280,-9.443100,5.343180
196,1365.188870,882.791059,20.757963,29.711800,3.413000,-26.298800
197,1397.593734,7619.327622,21.102683,87.288760,-103.770900,-16.482140
198,1394.285985,755.890343,21.135625,27.493460,-29.100900,-1.607440
199,1387.135990,0.036979,21.028223,0.192300,-0.191200,0.001100
200,1380.071442,2.484596,20.928978,1.576260,1.125700,-0.450560
201,1373.067214,0.238476,20.825219,0.488340,-0.356200,0.132140
202,1366.132573,0.008405,20.720504,0.091680,0.054400,-0.037280
203,1359.271203,0.719850,20.620644,0.848440,-0.696500,0.151940
204,1352.481927,1.416052,20.523491,1.189980,1.014500,-0.175480
205,1345.762828,1.943013,20.428319,1.393920,1.248500,-0.145420
206,1339.473922,75.403867,20.370177,8.683540,-0.182400,8.501140
207,1335.591792,551.401506,20.385505,23.481940,-0.320200,23.161740
208,1329.801753,154.423867,20.346492,12.426740,-0.310800,12.115940
209,1324.546039,252.380247,20.324736,15.886480,-1.120700,14.765780
210,1318.136530,4.187344,20.236005,2.046300,1.192200,-0.854100
211,1313.530011,364.586946,20.230489,19.094160,19.940800,0.846640
212,1307.410814,40.737072,20.163913,6.382560,25.839400,19.456840
213,1301.882664,152.027420,20.126430,12.329940,52.281200,39.951260
214,1297.956825,477.456587,20.134641,21.850780,44.179300,22.328520
215,1309.466748,3726.550628,20.328531,61.045480,-27.471900,33.573580
216,1311.498082,1740.109522,20.429409,41.714620,-20.517900,21.196720
217,1330.909223,5446.071006,20.679963,73.797500,43.702800,-30.094700
218,1339.423287,3152.919079,20.845715,56.150860,-57.824200,-1.673340
219,1333.233336,8.583845,20.762385,2.929820,-20.183800,-23.113620
220,1327.244083,39.554540,20.695380,6.289240,0.190700,-6.098540
221,1321.510838,83.129900,20.642026,9.117560,-0.245700,-9.363260
222,1315.586579,30.022509,20.572472,5.479280,0.544200,-4.935080
223,1309.579790,0.099629,20.479975,0.315640,-0.447000,-0.131360
224,1303.628313,0.254843,20.389179,0.504820,-0.208800,0.296020
225,1297.731499,0.432464,20.299896,0.657620,-0.497800,0.159820
226,1291.886060,0.044192,20.209402,0.210220,-0.084100,0.126120
227,1286.092888,0.008656,20.119194,0.093040,-0.314200,-0.407240
228,1280.351476,0.016574,20.029951,0.128740,-0.215900,-0.087160
229,1274.664257,0.727131,19.944719,0.852720,-0.511500,0.341220
230,1269.306697,63.855761,19.891826,7.990980,0.740500,8.731480
231,1266.797267,699.665981,19.920722,26.451200,40.721600,14.270400
232,1262.355350,254.040245,19.903257,15.938640,58.938100,42.999460
233,1261.987944,1178.219355,19.966235,34.325200,-17.889600,16.435600
234,1260.446435,907.440917,20.010398,30.123760,53.684300,23.560540
235,1255.142490,35.235146,19.949469,5.935920,7.290300,1.354380
236,1256.471563,1563.487518,20.033915,39.540960,-39.148200,0.392760
237,1356.736304,24618.156015,20.621331,156.901740,-174.890500,-17.988760
238,1350.942126,0.898704,20.537257,0.948000,-41.939100,-40.991100
239,1345.609163,97.695828,20.491924,9.884120,-20.749100,-10.864980
240,1340.105743,46.802017,20.434082,6.841200,2.354000,-4.487200
241,1334.463949,3.000725,20.355172,1.732260,0.642300,-1.089960
242,1328.858316,0.323101,20.272034,0.568420,0.369300,-0.199120
243,1323.299317,0.257759,20.189338,0.507700,-0.279500,0.228200
244,1317.791694,1.469720,20.110267,1.212320,-1.077700,0.134620
245,1312.329896,1.498470,20.031901,1.224120,0.952300,-0.271820
246,1306.910659,0.874375,19.952989,0.935080,-0.976700,-0.041620
247,1301.534556,0.517623,19.873839,0.719460,0.703200,-0.016260
248,1296.221976,5.265006,19.801792,2.294560,2.529400,0.234840
249,1290.937955,1.636967,19.726191,1.279440,0.793900,-0.485540
250,1285.697733,1.843295,19.651522,1.357680,-1.929200,-0.571520
251,1281.051872,138.170151,19.619551,11.754580,-2.219700,9.534880
252,1276.422307,132.919686,19.586928,11.529080,11.625900,23.154980
253,1273.981494,668.659954,19.612115,25.858460,24.810000,50.668460
254,1293.282371,6099.200763,19.846056,78.097380,143.348400,65.251020
255,1300.842695,3190.923518,19.992041,56.488260,100.187600,43.699340
256,1311.127790,3892.686794,20.160292,62.391400,52.736100,-9.655300
257,1308.875226,741.228939,20.188218,27.225520,-7.516400,19.709120
258,1322.722831,4826.167043,20.382243,69.470620,-122.447500,-52.976880
259,1331.244206,3495.673391,20.534173,59.124220,-106.194100,-47.069880
260,1326.453401,104.798216,20.493950,10.237100,-29.500000,-19.262900
261,1321.292108,0.000871,20.414321,0.029520,0.289300,0.259780
262,1316.170866,0.011686,20.335615,0.108100,0.412500,0.304400
263,1311.089233,0.028009,20.257745,0.167360,-0.392700,-0.560060
264,1306.047797,0.315822,20.181993,0.561980,-0.067800,0.494180
265,1301.043979,0.051348,20.105535,0.226600,-0.003700,0.222900
266,1296.081184,0.791780,20.032193,0.889820,0.371400,-0.518420
267,1291.154524,0.369445,19.958336,0.607820,-0.016700,0.591120
268,1286.264936,0.303447,19.884823,0.550860,-0.429600,0.121260
269,1281.411106,0.000009,19.809797,0.002980,0.255300,0.258280
270,1276.594255,0.128594,19.736672,0.358600,0.287700,-0.070900
271,1271.813605,0.160641,19.664253,0.400800,-0.628300,-0.227500
272,1267.089294,5.698437,19.599786,2.387140,1.674000,-0.713140
273,1263.037304,177.103929,19.576397,13.308040,51.701200,38.393160
274,1270.633167,3313.920344,19.717101,57.566660,7.534200,65.100860
275,1269.960801,1088.421917,19.766083,32.991240,9.636900,-23.354340
276,1270.429505,1397.448316,19.830850,37.382460,-35.430200,1.952260
277,1266.055401,76.299177,19.790205,8.734940,-45.388300,-36.653360
278,1268.230136,1861.932856,19.875460,43.150120,10.411000,-32.739120
279,1269.609917,1647.669872,19.950791,40.591500,-87.003200,-46.411700
280,1265.147099,37.871962,19.900803,6.154020,-28.518100,-22.364080
281,1260.692158,31.128588,19.849101,5.579300,-10.589100,-5.009800
282,1256.159929,0.732496,19.780780,0.855860,-0.490500,0.365360
283,1251.657965,0.111984,19.711081,0.334640,-0.298400,0.036240
284,1247.195930,2.288140,19.646086,1.512660,1.129200,-0.383460
285,1242.757516,0.001603,19.576314,0.040040,0.250700,0.290740
286,1238.365874,4.314427,19.514260,2.077120,2.257800,0.180680
287,1234.014676,6.976783,19.454638,2.641360,-2.429000,0.212360
288,1229.719677,14.234925,19.399421,3.772920,-3.739000,0.033920
289,1225.454306,14.088912,19.344523,3.753520,2.992400,-0.761120
290,1221.416228,70.564032,19.306256,8.400240,0.200800,8.601040
291,1217.652004,141.084033,19.280374,11.877880,-0.504500,11.373380
292,1213.703304,80.426459,19.244567,8.968080,1.690100,10.658180
293,1210.340106,241.739060,19.231776,15.547960,0.647800,16.195760
294,1210.174949,1162.444477,19.283027,34.094640,57.352600,23.257960
295,1206.021988,1.663429,19.221195,1.289740,28.889400,30.179140
296,1202.062245,49.776976,19.179530,7.055280,33.872600,40.927880
297,1226.395476,8331.698842,19.425601,91.278140,52.281900,-38.996240
298,1294.046031,21115.658719,19.853787,145.312280,-127.151200,18.161080
299,1295.543651,1735.843899,19.927718,41.663460,-87.983500,-46.320040
300,1293.570480,711.485205,19.950508,26.673680,-1.848500,-28.522180
301,1289.279590,19.175991,19.898079,4.379040,0.109500,-4.269540
302,1284.953786,0.190061,19.832770,0.435960,-0.196300,0.239660
303,1280.656798,0.154323,19.767754,0.392840,-0.281700,0.111140
304,1276.388075,0.039872,19.702527,0.199680,0.575900,0.376220
305,1272.148210,0.188790,19.638513,0.434500,0.143100,-0.291400
306,1267.936275,0.143853,19.574741,0.379280,-0.653500,-1.032780
307,1263.752297,0.190934,19.511580,0.436960,1.111500,0.674540
308,1259.599442,1.284414,19.451125,1.133320,-0.276300,0.857020
309,1255.469878,0.082277,19.388291,0.286840,-0.285000,0.001840
310,1251.385214,5.562805,19.332639,2.358560,1.989500,-0.369060
311,1249.840196,777.064686,19.360467,27.875880,31.666900,3.791020
312,1257.838809,3713.413031,19.495458,60.937780,83.615300,22.677520
313,1254.436094,206.399770,19.478860,14.366620,62.616900,48.250280
314,1310.956521,18775.768410,19.858040,137.024700,-199.362200,-62.337500
315,1321.800095,4683.308164,20.014235,68.434700,-80.198500,-11.763800
316,1317.586254,7.081560,19.958616,2.661120,-0.876800,-3.537920
317,1313.378352,0.513172,19.897139,0.716360,0.056100,-0.660260
318,1309.195623,0.001178,19.833882,0.034320,-0.085100,-0.119420
319,1305.039606,0.050409,19.771630,0.224520,0.168500,-0.056020
320,1300.909971,0.074813,19.709927,0.273520,0.411200,0.137680
321,1296.811491,1.691820,19.651854,1.300700,-1.096600,0.204100
322,1292.734246,0.247805,19.591621,0.497800,0.498100,0.000300
323,1288.681815,0.008787,19.530499,0.093740,-0.009700,0.084040
324,1284.655136,0.144339,19.470654,0.379920,0.122700,0.502620
325,1280.653159,0.020501,19.410443,0.143180,-0.113600,-0.256780
326,1276.676633,0.211766,19.351592,0.460180,-0.082200,-0.542380
327,1272.802009,25.173099,19.307213,5.017280,-0.987000,4.030280
328,1270.426600,503.169500,19.316856,22.431440,0.139700,22.571140
329,1268.732128,719.723341,19.339966,26.827660,24.671000,51.498660
330,1265.625129,255.850262,19.329706,15.995320,1.751900,17.747220
331,1262.127754,121.983631,19.304369,11.044620,2.717900,-8.326720
332,1267.699495,3089.658874,19.414980,55.584700,-45.805200,9.779500
333,1263.854945,2.842461,19.361093,1.685960,1.029300,-0.656660
334,1260.032332,2.392590,19.307110,1.546800,0.721100,-0.825700
335,1256.472355,81.680021,19.276084,9.037700,0.578400,-8.459300
336,1252.694646,2.273039,19.222565,1.507660,-1.216200,-2.723860
337,1248.979598,15.583704,19.176694,3.947620,0.836300,-3.111320
338,1245.241405,0.422968,19.121226,0.650360,0.297600,-0.352760
339,1241.532069,2.613719,19.068974,1.616700,-0.739200,0.877500
340,1237.865392,9.528705,19.021408,3.086860,1.535900,-1.550960
341,1234.316000,41.720231,18.984131,6.459120,0.919300,7.378420
342,1231.004901,115.164663,18.959715,10.731480,-0.812600,9.918880
343,1227.556336,61.941307,18.927003,7.870280,1.578900,9.449180
344,1223.952479,2.245143,18.875742,1.498380,0.189000,-1.309380
345,1223.113330,937.802427,18.910193,30.623560,37.504800,6.881240
346,1224.828568,1809.724770,18.979289,42.540860,63.389200,20.848340
347,1234.257809,4459.058215,19.118639,66.776180,28.348500,-38.427680
348,1230.732491,21.548350,19.076555,4.642020,-18.487800,-23.129820
349,1227.165350,0.069106,19.022023,0.262880,-0.054400,0.208480
350,1223.618637,0.002436,18.967189,0.049360,0.245400,0.196040
351,1220.092745,0.134234,18.913584,0.366380,-0.136100,0.230280
352,1216.588800,0.719715,18.861672,0.848360,-0.798300,0.050060
353,1213.136126,11.605877,18.817389,3.406740,-2.421300,0.985440
354,1209.714995,15.740104,18.774960,3.967380,3.657300,-0.310080
355,1206.269890,0.483053,18.723451,0.695020,-0.071000,-0.766020
356,1202.853457,3.685478,18.675713,1.919760,-1.316300,0.603460
357,1199.451599,1.997530,18.626811,1.413340,1.558200,0.144860
358,1196.063434,0.041355,18.574767,0.203360,0.014500,-0.188860
359,1192.699135,1.737388,18.526157,1.318100,-0.157300,-1.475400
360,1189.348858,0.000572,18.474184,0.023920,0.142900,0.166820
361,1186.607304,210.613817,18.463087,14.512540,33.206700,18.694160
362,1183.365438,26.019385,18.425763,5.100920,41.487300,46.588220
363,1195.565010,5563.011727,18.582197,74.585600,53.025700,-21.559900
364,1192.350531,38.352754,18.547782,6.192960,-39.020100,-32.827140
365,1189.059984,4.462825,18.502255,2.112540,-2.121200,-4.233740
366,1185.822384,17.048971,18.462550,4.129040,-0.712900,-4.841940
367,1182.555881,0.081716,18.412477,0.285860,0.575000,0.289140
368,1179.307178,0.028143,18.362354,0.167760,-0.426500,-0.258740
369,1176.079064,1.045343,18.314847,1.022420,-0.225900,0.796520
370,1172.866079,0.126764,18.265780,0.356040,-0.105700,-0.461740
371,1169.674504,1.558053,18.219410,1.248220,0.326200,-0.922020
372,1166.498261,0.816891,18.172357,0.903820,-0.586500,0.317320
373,1163.337052,0.012294,18.123410,0.110880,0.107600,0.218480
374,1160.193058,0.059292,18.075086,0.243500,0.046700,0.290200
375,1157.115836,18.543531,18.037973,4.306220,0.091200,4.397420
376,1154.529940,195.162576,18.027038,13.970060,5.135000,19.105060
377,1151.483060,18.043805,17.990096,4.247800,39.427000,35.179200
378,1152.392960,1491.785567,18.045266,38.623640,58.169800,19.546160
379,1168.748932,7285.882320,18.224765,85.357380,120.203800,34.846420
380,1178.966722,5010.637976,18.364555,70.785860,58.595600,-12.190260
381,1175.935096,36.043933,18.331768,6.003660,-20.582300,-26.585960
382,1172.828688,1.712853,18.286733,1.308760,-1.612600,-0.303840
383,1169.741217,2.677020,18.242800,1.636160,-1.609300,0.026860
384,1166.663073,0.046725,18.195362,0.216160,0.243400,0.027240
385,1163.601394,0.163313,18.148666,0.404120,0.178200,-0.225920
386,1160.555318,0.000387,18.101207,0.019660,0.322300,0.341960
387,1157.526051,0.345885,18.055481,0.588120,0.525200,-0.062920
388,1154.511660,0.000033,18.008477,0.005760,-0.023200,-0.028960
389,1151.910267,152.975340,17.993827,12.368320,-0.314000,12.054320
390,1149.763515,323.263859,17.993790,17.979540,2.915000,20.894540
391,1159.343564,4857.242485,18.127382,69.693920,92.191600,22.497680
392,1156.738158,148.445957,18.112064,12.183840,35.957300,48.141140
393,1153.889089,48.450509,18.083397,6.960640,-10.343100,-3.382460
394,1153.056776,829.286791,18.110868,28.797340,-35.781200,-6.983860
395,1150.818674,277.958918,18.107189,16.672100,-28.939300,-12.267200
396,1147.905843,8.989083,18.068645,2.998180,-2.897600,0.100580
397,1144.985041,0.030688,18.023115,0.175180,0.041400,0.216580
398,1142.085270,2.475336,17.981364,1.573320,1.324100,-0.249220
399,1139.194047,0.052240,17.936420,0.228560,0.004600,0.233160
400,1136.318303,0.399146,17.892722,0.631780,-0.561900,0.069880
401,1133.456440,0.158946,17.848656,0.398680,-0.021100,-0.419780
402,1130.608931,0.147794,17.804776,0.384440,-0.132900,0.251540
403,1127.775771,0.177865,17.761210,0.421740,-0.098600,0.323140
404,1125.528817,228.994372,17.754638,15.132560,1.239400,16.371960
405,1122.722437,0.170519,17.711392,0.412940,0.593600,0.180660
406,1120.888286,385.393436,17.716168,19.631440,4.141300,23.772740
407,1118.115115,3.300544,17.676716,1.816740,38.392700,36.575960
408,1119.334240,1610.641636,17.732300,40.132800,76.025500,35.892700
409,1125.233914,3508.702296,17.834774,59.234300,-25.663700,33.570600
410,1122.902917,178.848897,17.823785,13.373440,-29.912000,-16.538560
411,1120.145295,0.550831,17.781816,0.742180,-0.302200,0.439980
412,1117.400175,0.136279,17.739138,0.369160,-0.029000,0.340160
413,1114.676902,3.581783,17.700393,1.892560,-1.880800,0.011760
414,1111.958311,0.054560,17.657791,0.233580,0.261500,0.027920
415,1109.257952,2.110628,17.618363,1.452800,1.208400,-0.244400
416,1106.565579,0.000444,17.575651,0.021060,0.050600,0.071660
417,1103.886374,0.053629,17.533656,0.231580,0.021400,-0.210180
418,1101.220275,0.121703,17.492147,0.348860,0.005200,0.354060
419,1098.566795,0.025992,17.450385,0.161220,0.092000,0.253220
420,1095.929778,1.567654,17.411447,1.252060,0.340300,-0.911760
421,1093.310703,3.775482,17.374353,1.943060,1.167900,-0.775160
422,1092.736070,853.114274,17.402663,29.208120,2.411000,31.619120
423,1092.937821,1177.269425,17.443018,34.311360,13.343300,47.654660
424,1091.207285,366.113017,17.447044,19.134080,13.921300,33.055380
425,1092.961878,1829.890551,17.507211,42.777220,79.087100,36.309880
426,1102.862437,5270.998131,17.637766,72.601640,99.668100,27.066460
427,1119.998307,8351.335198,17.812111,91.385640,-123.371500,-31.985860
428,1118.354283,422.932387,17.818605,20.565320,-21.436700,-0.871380
429,1117.284456,663.677553,17.837295,25.761940,-69.359600,-43.597660
430,1115.281980,264.229576,17.833581,16.255140,-25.200400,-41.455540
431,1112.764281,40.224769,17.806669,6.342300,-0.506900,-6.849200
432,1111.586920,608.853651,17.822717,24.674960,-0.315700,-24.990660
433,1109.001169,2.299651,17.784707,1.516460,-1.521800,-0.005340
434,1106.440752,8.022037,17.749934,2.832320,2.873400,0.041080
435,1103.873744,0.060094,17.709319,0.245140,0.004200,-0.240940
436,1101.319508,0.444196,17.669868,0.666480,0.148900,0.815380
437,1098.778507,1.065808,17.631445,1.032380,-0.364400,0.667980
438,1096.248346,0.688502,17.592731,0.829760,-0.412800,0.416960
439,1093.728457,0.096908,17.553004,0.311300,0.076100,-0.235200
440,1091.219931,0.011189,17.512987,0.105780,0.037100,0.142880
441,1088.823122,43.814073,17.488059,6.619220,-0.059500,6.559720
442,1086.766794,188.151700,17.479448,13.716840,2.529000,16.245840
443,1084.557517,116.894154,17.464260,10.811760,27.896300,38.708060
444,1083.105414,445.632100,17.472546,21.110000,-49.840100,-28.730100
445,1085.897140,2314.256509,17.542011,48.106720,-51.646500,-3.539780
446,1083.540262,44.157088,17.517357,6.645080,-6.386200,0.258880
447,1081.095498,0.509967,17.479427,0.714120,0.714200,0.000080
448,1078.662342,0.774013,17.442040,0.879780,0.835000,-0.044780
449,1076.238798,0.185313,17.403812,0.430480,-0.147600,0.282880
450,1073.828296,1.155238,17.367200,1.074820,0.495300,-0.579520
451,1071.426521,0.234760,17.329431,0.484520,0.465800,0.950320
452,1069.035761,0.365880,17.292100,0.604880,0.277800,-0.327080
453,1066.656656,0.817578,17.255601,0.904200,-0.501300,0.402900
454,1064.286309,0.000388,17.217299,0.019700,0.085400,0.105100
455,1061.933921,3.359669,17.183187,1.832940,1.492400,-0.340540
456,1059.584644,0.060516,17.145716,0.246000,-0.912600,-1.158600
457,1057.796638,249.617880,17.142743,15.799300,2.239700,18.039000
458,1057.856073,1084.780096,17.177530,32.936000,21.402500,54.338500
459,1067.525212,5457.314687,17.302137,73.873640,4.959300,78.832940
460,1091.149154,11840.042639,17.502816,108.811960,139.044500,30.232540
461,1093.284907,2067.188073,17.564006,45.466340,33.976900,-11.489440
462,1111.084577,9245.534024,17.735599,96.153700,-71.729300,24.424400
463,1117.045921,3847.341286,17.832094,62.026940,-61.319100,0.707840
464,1115.867827,575.122894,17.845463,23.981720,0.776600,-23.205120
465,1114.749533,600.334283,17.859902,24.501720,0.328000,-24.173720
466,1112.336698,0.019712,17.821548,0.140400,0.185100,0.325500
467,1110.011683,35.854467,17.795989,5.987860,0.237100,-5.750760
468,1107.622805,1.572315,17.760338,1.253920,0.323900,-0.930020
469,1105.240964,0.066884,17.722700,0.258620,-0.025200,0.233420
470,1102.869282,0.037118,17.685082,0.192660,0.229200,0.421860
471,1100.507854,0.082507,17.647827,0.287240,0.239800,0.527040
472,1098.224051,31.688118,17.622147,5.629220,-1.645200,3.984020
473,1095.947670,30.601033,17.596368,5.531820,1.031700,6.563520
474,1094.967562,635.297066,17.612557,25.205100,0.323800,25.528900
475,1095.263855,1234.521631,17.649761,35.135760,0.116000,35.251760
476,1093.761838,386.311949,17.654009,19.654820,9.800700,29.455520
477,1091.462336,6.097245,17.621906,2.469260,38.412400,35.943140
478,1092.967401,1804.863066,17.674357,42.483680,49.223500,6.739820
479,1092.512707,876.987811,17.699493,29.613980,90.457800,60.843820
480,1090.670959,215.840760,17.693174,14.691520,-45.770000,-31.078480
481,1088.950533,270.027714,17.690531,16.432520,-19.746600,-3.314080
482,1086.707209,16.641504,17.662055,4.079400,-0.026500,-4.105900
483,1084.467294,13.787854,17.632935,3.713200,-0.716600,-4.429800
484,1082.211473,1.673349,17.598894,1.293580,0.934700,-0.358880
485,1079.963331,0.854996,17.564229,0.924660,0.595400,-0.329260
486,1077.722922,0.086224,17.528398,0.293640,0.549400,0.843040
487,1075.492519,0.438429,17.493478,0.662140,0.371900,-0.290240
488,1073.271439,0.489944,17.458780,0.699960,0.065700,0.765660
489,1071.058772,0.127806,17.423520,0.357500,-0.177200,0.180300
490,1068.854980,0.015836,17.387928,0.125840,0.131500,0.005660
491,1068.748554,1017.025676,17.417708,31.890840,-0.075200,31.815640
492,1067.480423,449.900582,17.425481,21.210860,0.560800,21.771660
493,1066.712975,692.198209,17.443649,26.309660,9.427000,35.736660
494,1065.249760,349.737874,17.446216,18.701280,10.939300,29.640580
495,1070.560678,3672.910269,17.534115,60.604540,115.907800,55.303260
496,1105.231178,18128.446621,17.772138,134.641920,-101.429000,33.212920
497,1107.057541,2005.628152,17.826930,44.784240,-12.175100,-56.959340
498,1104.983144,82.305539,17.809208,9.072240,-35.624700,-26.552460
499,1102.760149,4.600424,17.777563,2.144860,0.419600,-1.725260
500,1100.570541,16.714687,17.749963,4.088360,-0.132900,-4.221260
501,1098.356458,0.171330,17.715082,0.413920,0.009600,-0.404320
502,1096.152433,0.751862,17.681251,0.867100,0.052600,0.919700
503,1093.955826,0.045762,17.646246,0.213920,-0.422000,-0.208080
504,1091.772889,2.487181,17.614108,1.577080,-1.291100,0.285980
505,1089.593943,0.121271,17.579645,0.348240,0.517200,0.168960
506,1087.423438,0.000119,17.544647,0.010900,-0.313700,-0.324600
507,1085.264866,1.661727,17.512330,1.289080,-0.580500,0.708580
508,1083.440102,165.583880,17.503115,12.867940,1.126000,13.993940
509,1081.498548,102.955115,17.488548,10.146680,46.817000,36.670320
510,1079.536633,88.769561,17.472606,9.421760,54.128100,44.706340
511,1077.929556,264.748695,17.470236,16.271100,-57.601300,-41.330200
512,1076.080808,138.765573,17.459034,11.779880,-2.435800,-14.215680
513,1073.968221,0.774048,17.426462,0.879800,-0.317000,-1.196800
514,1071.862458,0.029234,17.392628,0.170980,0.076800,-0.094180
515,1069.765120,0.122878,17.359277,0.350540,0.394800,0.745340
516,1067.678298,1.312216,17.327610,1.145520,-1.215200,-0.069680
517,1065.601923,2.497854,17.296914,1.580460,1.056900,-0.523560
518,1063.528770,0.001236,17.263331,0.035160,1.060100,1.024940
519,1061.463703,0.019494,17.230081,0.139620,-0.131100,0.008520
520,1059.406656,0.027034,17.197008,0.164420,-0.296800,-0.461220
521,1057.358272,0.392327,17.164956,0.626360,-0.429500,0.196860
522,1055.321637,2.381158,17.134798,1.543100,-1.444800,0.098300
523,1053.669504,197.864734,17.128886,14.066440,15.159100,1.092660
524,1053.747211,1094.077344,17.159555,33.076840,63.794000,30.717160
525,1055.148374,1783.752990,17.207684,42.234500,-9.288300,-51.522800
526,1053.408072,146.710718,17.197923,12.112420,-58.830300,-46.717880
527,1051.990905,312.229607,17.198825,17.670020,-3.391200,-21.061220
528,1050.294363,163.002928,17.190368,12.767260,1.045400,-11.721860
529,1048.299665,3.077990,17.160966,1.754420,0.314000,-1.440420
530,1046.312292,2.941499,17.131601,1.715080,-0.717900,0.997180
531,1044.326881,0.000811,17.099148,0.028480,0.006000,-0.022480
532,1042.349313,0.171082,17.067546,0.413620,0.505000,0.091380
533,1040.379034,0.071706,17.035789,0.267780,0.163200,0.430980
534,1038.416140,0.045071,17.004046,0.212300,-0.276600,-0.064300
535,1036.460554,0.000118,16.972044,0.010860,-0.006400,-0.017260
536,1034.513214,0.475438,16.941438,0.689520,0.555800,-0.133720
537,1032.765050,102.741740,16.928670,10.136160,13.537100,3.400940
538,1031.710205,469.477956,16.937544,21.667440,56.207100,34.539660
539,1085.199482,29648.473169,17.227731,172.187320,-236.065200,-63.877880
540,1083.265294,48.475014,17.208579,6.962400,-3.962600,-10.925000
541,1081.252100,2.180229,17.179283,1.476560,0.182200,-1.294360
542,1079.242712,0.201332,17.148185,0.448700,0.267000,0.715700
543,1077.245144,2.553220,17.119335,1.597880,1.380300,-0.217580
544,1075.250695,0.242694,17.088545,0.492640,-0.178800,0.313840
545,1073.263260,0.048330,17.057364,0.219840,0.152000,0.371840
546,1071.283077,0.004306,17.026014,0.065620,-0.004500,-0.070120
547,1069.310227,0.025619,16.994953,0.160060,-0.395400,-0.235340
548,1067.345190,0.329820,16.964768,0.574300,-0.748200,-0.173900
549,1065.471573,46.224225,16.946115,6.798840,-0.902600,5.896240
550,1064.123605,329.480583,16.948323,18.151600,8.726500,26.878100
551,1066.041451,2113.185736,17.001378,45.969400,88.696500,42.727100
552,1065.857728,965.361056,17.027051,31.070260,-31.110500,-0.040240
553,1064.117394,110.414281,17.015176,10.507820,-1.887600,8.620220
554,1062.287434,57.639375,16.998043,7.592060,-1.291000,-8.883060
555,1060.415433,30.814933,16.977269,5.551120,2.308600,7.859720
556,1058.910765,229.838941,16.973977,15.160440,1.548300,16.708740
557,1057.617586,343.782772,16.976812,18.541380,0.540200,19.081580
558,1056.619071,504.439921,16.986709,22.459740,0.486900,22.946640
559,1054.800131,47.107632,16.968469,6.863500,-0.121300,6.742200
560,1053.042025,77.292934,16.953762,8.791640,0.055100,8.846740
561,1051.151721,0.142748,16.924003,0.377820,-0.200000,0.177820
562,1049.288237,11.328071,16.899705,3.365720,4.119800,7.485520
563,1048.082527,375.296081,16.904128,19.372560,25.311900,5.939340
564,1046.326543,64.731358,16.888310,8.045580,0.889700,-7.155880
565,1047.618288,1770.995722,16.933220,42.083200,-56.799000,-14.715800
566,1046.337262,327.681680,16.935300,18.101980,-4.211800,-22.313780
567,1044.479038,0.156974,16.905923,0.396200,0.462300,0.066100
568,1042.627329,0.115247,16.876550,0.339480,-0.155800,0.183680
569,1040.783553,0.894159,16.848354,0.945600,0.155700,-0.789900
570,1038.948573,2.184720,16.821198,1.478080,-0.432800,1.045280
571,1037.118028,1.029454,16.793320,1.014620,0.802300,-0.212320
572,1035.293366,0.709806,16.765238,0.842500,-0.659500,0.183000
573,1033.474185,0.179623,16.736518,0.423820,0.292500,-0.131320
574,1031.661509,0.248582,16.708031,0.498580,0.197000,-0.301580
575,1029.854749,0.001799,16.678844,0.042420,0.279100,0.321520
576,1028.054318,0.008314,16.649844,0.091180,0.235800,0.144620
577,1026.428496,96.457934,16.637927,9.821300,4.091100,13.912400
578,1027.847888,1841.159968,16.683695,42.908740,49.567100,6.658360
579,1026.107553,27.155146,16.663743,5.211060,28.840700,34.051760
580,1025.707685,795.783789,16.683788,28.209640,-87.506900,-59.297260
581,1023.930307,0.160192,16.655567,0.400240,-14.100500,-14.500740
582,1022.158881,0.046122,16.627122,0.214760,-0.939500,-0.724740
583,1020.393590,0.055197,16.598811,0.234940,0.502500,0.267560
584,1018.636698,1.396226,16.572230,1.181620,1.140600,-0.041020
585,1016.883989,0.312928,16.544669,0.559400,-0.580200,-0.020800
586,1015.137509,0.432438,16.517372,0.657600,-0.144900,0.512700
587,1013.396530,0.147149,16.489698,0.383600,0.223600,-0.160000
588,1011.662042,0.455301,16.462618,0.674760,-0.310600,0.364160
589,1009.932905,0.116841,16.435061,0.341820,-0.105000,0.236820
590,1008.209470,0.000008,16.407019,0.002740,0.113000,0.115740
591,1006.491954,0.027549,16.379351,0.165980,-0.191100,-0.025120
592,1004.924654,84.919542,16.367167,9.215180,0.676000,9.891180
593,1004.116795,529.095684,16.378432,23.002080,1.875700,24.877780
594,1003.052559,376.218005,16.383547,19.396340,9.571500,28.967840
595,1006.012222,2752.213179,16.444593,52.461540,7.859700,60.321240
596,1004.631997,188.918977,16.440032,13.744780,33.221700,46.966480
597,1002.953764,9.440133,16.417490,3.072480,48.680700,51.753180
598,1003.894368,1561.672324,16.456380,39.518000,-91.040800,-51.522800
599,1002.207618,0.278003,16.429608,0.527260,-25.814200,-25.286940
600,1004.160108,2165.891552,16.480128,46.539140,-72.214900,-25.675760
601,1003.009642,317.332183,16.482362,17.813820,-7.121500,-24.935320
602,1001.412098,47.678196,16.466346,6.904940,0.212400,-6.692540
603,999.746871,3.941416,16.442170,1.985300,1.736300,-0.249000
604,998.080937,0.186365,16.415486,0.431700,0.943800,0.512100
605,996.420621,0.230919,16.388972,0.480540,-0.260800,0.219740
606,994.765574,0.082323,16.362225,0.286920,0.073700,-0.213220
607,993.115886,0.003614,16.335190,0.060120,0.343300,0.283180
608,991.471754,0.059976,16.308550,0.244900,0.592600,0.347700
609,989.834352,0.844010,16.283112,0.918700,-0.729700,0.189000
610,988.201180,0.132147,16.256842,0.363520,0.441600,0.078080
611,986.577275,2.490589,16.232660,1.578160,20.345100,18.766940
612,986.213147,765.187350,16.251458,27.662020,6.866800,34.528820
613,987.127638,1543.138376,16.289277,39.282800,1.511200,40.794000
614,987.562422,1252.345932,16.320587,35.388500,-90.920500,-55.532000
615,986.216657,165.299878,16.314918,12.856900,-19.205700,-6.348800
616,984.607071,1.150042,16.290012,1.072400,-3.718900,-4.791300
617,983.079959,48.487268,16.274797,6.963280,-0.229100,-7.192380
618,981.480570,1.054893,16.249964,1.027080,-0.866800,0.160280
619,979.885523,0.527192,16.224721,0.726080,0.623900,-0.102180
620,978.295232,0.265946,16.199220,0.515700,0.373300,-0.142400
621,976.709666,0.001365,16.173025,0.036940,0.000100,0.037040
622,975.129258,0.017282,16.147068,0.131460,0.239000,0.107540
623,973.553953,0.015680,16.121184,0.125220,-0.435400,-0.560620
624,971.983706,0.000717,16.095225,0.026780,0.093700,0.120480
625,970.418518,0.001513,16.069370,0.038900,0.078700,0.039800
626,968.860485,1.322270,16.045384,1.149900,0.162400,-0.987500
627,967.320313,9.333514,16.024532,3.055080,10.616700,7.561620
628,969.267786,2182.543493,16.073720,46.717700,72.376500,25.658800
629,969.384349,1042.119776,16.099653,32.281880,24.334500,56.616380
630,969.675300,1151.519071,16.128143,33.934040,63.396600,29.462560
631,970.348255,1391.618259,16.161917,37.304400,-41.407800,-4.103400
632,968.811585,5.319758,16.139854,2.306460,-6.378400,-4.071940
633,967.271452,0.067506,16.114607,0.259820,0.182600,-0.077220
634,965.736151,0.031984,16.089312,0.178840,-0.321400,-0.142560
635,964.206644,0.617545,16.065060,0.785840,0.948900,0.163060
636,962.681322,0.202734,16.040353,0.450260,-0.609900,-0.159640
637,961.160754,0.162055,16.015648,0.402560,0.532300,0.129740
638,959.644731,0.001897,15.990456,0.043560,0.307100,0.263540
639,958.133497,0.011651,15.965444,0.107940,0.042000,0.149940
640,956.630691,2.348311,15.942751,1.532420,-0.537500,0.994920
641,955.766168,405.929815,15.949352,20.147700,-0.229500,19.918200
642,955.692458,908.739112,15.971602,30.145300,0.427300,30.572600
643,958.234248,2579.896342,16.026096,50.792680,-74.884900,-24.092220
644,956.745161,5.218575,16.004624,2.284420,-9.876000,-12.160420
645,955.263454,6.970867,15.983775,2.640240,1.273300,-1.366940
646,953.777274,1.136313,15.960538,1.065980,-1.457500,-0.391520
647,952.294961,0.649797,15.936970,0.806100,1.580700,0.774600
648,950.816253,0.006889,15.912352,0.083000,0.312500,0.229500
649,949.342206,0.056197,15.888049,0.237060,0.561900,0.324840
650,947.873041,0.261673,15.864247,0.511540,-0.656900,-0.145360
651,946.408123,0.070543,15.840138,0.265600,-0.095600,0.170000
652,944.947640,0.015401,15.815884,0.124100,0.087400,-0.036700
653,943.491915,0.181970,15.792172,0.426580,0.187300,-0.239280
654,942.040648,0.168592,15.768508,0.410600,0.003000,0.413600
655,940.730355,89.039983,15.758781,9.436100,10.663900,1.227800
656,940.741852,948.226093,15.781840,30.793280,51.745800,20.952520
657,939.316110,9.732653,15.762449,3.119720,33.854200,30.734480
658,938.190318,203.048250,15.760136,14.249500,58.475200,44.225700
659,937.185290,279.896915,15.761617,16.730120,-35.917300,-19.187180
660,938.104159,1539.962818,15.797411,39.242360,-44.924600,-5.682240
661,936.737538,40.234156,15.783020,6.343040,-14.720300,-8.377260
662,935.358022,29.016321,15.767220,5.386680,1.215500,-4.171180
663,933.938777,0.075240,15.743711,0.274300,0.231600,-0.042700
664,932.527065,2.209326,15.722109,1.486380,1.020600,-0.465780
665,931.116325,0.027583,15.698575,0.166080,0.172700,0.338780
666,929.711773,1.303068,15.676585,1.141520,-0.797400,0.344120
667,928.311072,1.047143,15.654484,1.023300,-0.468600,0.554700
668,926.916993,2.642705,15.633356,1.625640,1.875600,0.249960
669,925.523235,0.067506,15.610238,0.259820,-0.129800,-0.389620
670,924.133656,0.063716,15.587178,0.252420,-0.322800,-0.575220
671,922.813939,43.882675,15.573741,6.624400,-1.067700,5.556700
672,921.935306,335.886993,15.577863,18.327220,16.490600,34.817820
673,920.635845,52.596145,15.565418,7.252320,50.437000,43.184680
674,930.362946,7437.792954,15.670906,86.242640,143.067000,56.824360
675,931.545887,1724.116345,15.709433,41.522480,-42.746000,-1.223520
676,930.164413,3.195871,15.688716,1.787700,-8.113900,-6.326200
677,928.784093,1.208944,15.667038,1.099520,0.773200,-0.326320
678,927.406410,0.225587,15.644498,0.474960,0.205000,-0.269960
679,926.033415,0.634954,15.622502,0.796840,-0.054200,0.742640
680,924.663543,0.000029,15.599399,0.005340,0.488600,0.483260
681,923.302948,3.540870,15.579137,1.881720,1.395600,-0.486120
682,921.945876,3.207753,15.558800,1.791020,-0.601900,1.189120
683,920.674730,58.838104,15.547183,7.670600,0.564800,8.235400
684,920.111936,537.974625,15.558429,23.194280,0.930200,24.124480
685,919.685896,629.978876,15.572439,25.099380,-0.411500,24.687880
686,918.429109,62.556710,15.561203,7.909280,-35.485200,-27.575920
687,917.116501,21.918128,15.545274,4.681680,-5.050800,-0.369120
688,915.775746,0.039920,15.522839,0.199800,0.015000,0.214800
689,914.439408,0.384028,15.501082,0.619700,-0.069200,0.550500
690,913.106466,0.041225,15.478782,0.203040,-0.000900,0.202140
691,911.777414,0.047900,15.456570,0.218860,-0.007500,0.211360
692,910.452159,0.001823,15.434166,0.042700,0.064200,0.106900
693,909.130868,0.082875,15.412183,0.287880,-0.081400,0.206480
694,907.813739,0.311587,15.390655,0.558200,-0.469900,0.088300
695,906.500048,0.053167,15.368716,0.230580,-0.157900,0.072680
696,905.190560,0.335009,15.347343,0.578800,0.610200,0.031400
697,904.219955,232.560670,15.347203,15.249940,-0.484600,14.765340
698,902.959075,29.169721,15.332871,5.400900,18.806100,13.405200
699,904.095249,1692.599983,15.370005,41.141220,-47.211300,-6.070080
700,903.141680,240.411227,15.370199,15.505200,-15.558600,-0.053400
701,901.846915,0.690195,15.349339,0.830780,0.706600,-0.124180
702,900.556480,1.123176,15.328867,1.059800,1.538600,0.478800
703,899.269014,0.618110,15.308062,0.786200,-0.490700,0.295500
704,897.984693,0.244214,15.286900,0.494180,0.207600,0.701780
705,896.704265,0.404878,15.266000,0.636300,-1.110000,-0.473700
706,895.427520,0.429313,15.245187,0.655220,0.389300,-0.265920
707,894.154004,0.145344,15.224043,0.381240,0.161500,0.542740
708,892.884431,0.375058,15.203288,0.612420,-0.567500,0.044920
709,891.687199,48.835219,15.191636,6.988220,-0.621500,6.366720
710,890.702999,196.842584,15.189990,14.030060,0.526400,14.556460
711,892.657196,2272.320214,15.235929,47.668860,-42.484200,5.184660
712,891.411918,11.000366,15.219094,3.316680,-12.090600,-8.773920
713,890.653227,353.500163,15.224147,18.801600,-1.014500,-19.816100
714,889.824476,302.239616,15.227191,17.385040,-0.603300,-17.988340
715,888.691032,83.945909,15.218660,9.162200,0.584400,-8.577800
716,887.442899,0.020209,15.197486,0.142160,-0.162400,-0.020240
717,886.198239,0.000310,15.176195,0.017600,0.004600,0.022200
718,884.957148,0.059331,15.155281,0.243580,0.439100,0.195520
719,883.720496,0.750857,15.135297,0.866520,-0.300900,0.565620
720,882.486252,0.001779,15.114217,0.042180,-0.009900,-0.052080
721,881.255776,0.234973,15.093814,0.484740,0.267000,-0.217740
722,880.030865,1.770124,15.074645,1.330460,-0.166300,1.164160
723,879.113989,220.796419,15.074345,14.859220,20.710100,5.850880
724,879.352621,1050.929317,15.098433,32.418040,-43.754300,-11.336260
725,878.251535,85.469285,15.090315,9.244960,-10.417900,-19.662860
726,877.068298,23.954564,15.076193,4.894340,0.213300,-4.681040
727,875.855344,0.103015,15.055785,0.320960,-0.369300,-0.048340
728,874.645864,0.191179,15.035593,0.437240,-0.790600,-0.353360
729,873.439668,0.154323,15.015396,0.392840,0.487300,0.094460
730,872.236605,0.015866,14.994888,0.125960,0.339200,0.213240
731,871.036936,0.077317,14.974644,0.278060,-0.329500,-0.051440
732,869.840583,0.091967,14.954491,0.303260,0.570200,0.266940
733,868.647387,0.000157,14.933995,0.012540,0.337600,0.325060
734,867.457742,0.207043,14.914161,0.455020,0.299400,-0.155620
735,866.299842,21.032864,14.900032,4.586160,-0.190600,4.395560
736,865.503069,283.061781,14.902661,16.824440,21.750100,4.925660
737,864.357169,25.558687,14.889227,5.055560,-35.966000,-30.910440
738,863.620704,323.791234,14.893457,17.994200,-10.948400,-28.942600
739,862.497252,37.883779,14.881568,6.154980,1.865700,-4.289280
740,861.330988,4.126748,14.864109,2.031440,2.368400,0.336960
741,860.169717,5.474383,14.847115,2.339740,-2.224400,0.115340
742,859.004415,0.176854,14.827567,0.420540,-0.791300,-0.370760
743,857.842208,0.133619,14.807997,0.365540,-0.307700,0.057840
744,856.684671,1.264995,14.789506,1.124720,1.005100,-0.119620
745,855.529101,0.407274,14.770409,0.638180,-0.078100,0.560080
746,854.376099,0.001527,14.750555,0.039080,0.248600,0.209520
747,853.229138,2.184129,14.732691,1.477880,1.415400,-0.062480
748,852.085512,2.370922,14.714959,1.539780,1.755200,0.215420
749,851.799175,638.764966,14.729132,25.273800,34.587600,9.313800
750,850.802442,108.236141,14.723334,10.403660,3.008400,13.412060
751,853.480055,2850.979038,14.775102,53.394560,-83.851700,-30.457140
752,852.357660,13.928869,14.760339,3.732140,-11.724500,-7.992360
753,851.234048,10.772312,14.745014,3.282120,1.400800,-1.881320
754,850.123765,18.521489,14.731093,4.303660,0.555400,-3.748260
755,849.029496,28.327942,14.718564,5.322400,0.271000,-5.051400
756,847.903996,2.653576,14.701158,1.628980,2.564100,0.935120
757,846.778461,0.376407,14.682449,0.613520,-0.399700,0.213820
758,845.750106,71.398444,14.674183,8.449760,-0.433700,8.016060
759,844.629996,0.066988,14.655090,0.258820,-0.061400,0.197420
760,843.515450,2.033533,14.637591,1.426020,-1.109400,0.316620
761,842.401615,0.342178,14.619028,0.584960,-0.584300,0.000660
762,841.299438,6.951238,14.603219,2.636520,2.480600,-0.155920
763,840.191907,0.683731,14.585069,0.826880,16.178200,15.351320
764,839.502435,316.193123,14.589275,17.781820,-37.728500,-19.946680
765,838.511357,85.292244,14.582240,9.235380,-10.477100,-19.712480
766,837.450403,30.064166,14.570299,5.483080,2.549100,-2.933980
767,836.354285,1.112392,14.552585,1.054700,0.499600,-0.555100
768,835.263571,3.048446,14.535822,1.745980,-0.529200,1.216780
769,834.171977,0.194446,14.517398,0.440960,0.083500,-0.357460
770,833.084109,0.865533,14.499660,0.930340,-0.054800,0.875540
771,831.998040,0.069169,14.481098,0.263000,-0.082800,-0.345800
772,830.914746,0.027909,14.462460,0.167060,0.148900,-0.018160
773,829.834886,0.502568,14.444575,0.708920,-0.012500,-0.721420
774,828.757819,0.493001,14.426728,0.702140,-0.075600,0.626540
775,827.683067,0.124045,14.408473,0.352200,0.386300,0.034100
776,829.907710,2545.107655,14.455158,50.449060,-64.858000,-14.408940
777,829.276450,341.943709,14.460380,18.491720,-19.605800,-1.114080
778,828.206506,1.139727,14.443076,1.067580,1.359800,0.292220
779,827.137967,0.088566,14.424824,0.297600,0.340000,0.042400
780,826.073596,1.186357,14.407639,1.089200,1.080800,-0.008400
781,825.014621,3.249727,14.391417,1.802700,1.723700,-0.079000
782,823.957396,2.493809,14.374948,1.579180,-2.014600,-0.435420
783,822.899695,0.008025,14.356610,0.089580,0.589700,0.679280
784,821.850805,4.765664,14.341003,2.183040,-1.540000,0.643040
785,820.806291,6.085793,14.325800,2.466940,2.581400,0.114460
786,819.756734,0.052313,14.307773,0.228720,-0.240100,-0.011380
787,818.713365,2.798594,14.291636,1.672900,0.678300,-0.994600
788,818.905797,969.580026,14.313124,31.138080,36.219200,5.081120
789,818.714821,668.989948,14.327839,25.864840,53.656500,27.791660
790,825.494682,6147.685876,14.409365,78.407180,-58.527300,19.879880
791,832.666942,6470.062707,14.493263,80.436700,-113.500900,-33.064200
792,832.213641,475.465875,14.502542,21.805180,-37.872600,-16.067420
793,831.181883,18.156803,14.489562,4.261080,-10.076000,-5.814920
794,830.180917,40.418823,14.479268,6.357580,-0.103100,-6.460680
795,829.131395,0.008851,14.461082,0.094080,-0.432500,-0.338420
796,828.086722,1.750276,14.444493,1.322980,0.481100,-0.841880
797,827.043356,0.698027,14.427332,0.835480,-0.271900,0.563580
798,826.005163,2.718014,14.411238,1.648640,-1.441200,0.207440
799,824.967650,1.181786,14.394478,1.087100,-0.784200,0.302900
800,823.931362,0.082461,14.376755,0.287160,0.503700,0.216540
801,822.897574,0.002289,14.358777,0.047840,-0.111100,-0.063260
802,821.981945,92.226060,14.352818,9.603440,-0.018800,9.584640
803,820.953915,0.585439,14.335812,0.765140,1.061400,0.296260
804,821.504363,1261.312384,14.362286,35.514960,35.486500,-0.028460
805,820.701006,178.015368,14.361012,13.342240,29.406800,42.749040
806,821.191942,1214.431892,14.386558,34.848700,8.855600,43.704300
807,820.473476,244.263766,14.388105,15.628940,-42.282100,-26.653160
808,819.523626,56.794009,14.379583,7.536180,-14.224600,-6.688420
809,818.505648,0.051647,14.362002,0.227260,0.009200,0.236460
810,817.490153,0.016569,14.344343,0.128720,0.383000,0.511720
811,816.481845,3.785515,14.328979,1.945640,1.183800,-0.761840
812,815.479075,6.243502,14.314338,2.498700,-2.423800,0.074900
813,814.471394,0.264957,14.297280,0.514740,0.669300,0.154560
814,813.466005,0.106589,14.280032,0.326480,0.341400,0.014920
815,812.463360,0.321058,14.263123,0.566620,0.764200,0.197580
816,811.463096,0.248961,14.246172,0.498960,-0.254100,0.244860
817,812.820052,1914.668048,14.282471,43.756920,-67.893400,-24.136480
818,811.895217,60.004544,14.274441,7.746260,-17.076700,-9.330440
819,810.899167,0.114813,14.257342,0.338840,0.697800,0.358960
820,809.906224,0.657462,14.240863,0.810840,-0.339400,0.471440
821,808.915274,0.300304,14.224104,0.548000,0.055400,-0.492600
822,807.926791,0.335913,14.207423,0.579580,0.168800,-0.410780
823,806.940314,0.002181,14.190133,0.046700,0.247300,0.200600
824,805.956372,0.107689,14.173228,0.328160,-0.119200,0.208960
825,804.974960,0.217436,14.156533,0.466300,-0.052600,0.413700
826,803.995722,0.040869,14.139557,0.202160,0.249800,0.451960
827,803.018850,0.030339,14.122588,0.174180,0.357200,0.183020
828,802.047286,2.449726,14.107348,1.565160,2.120600,0.555440
829,801.106807,26.152587,14.096447,5.113960,23.011600,17.897640
830,800.153771,13.898580,14.083894,3.728080,-29.668000,-33.396080
831,799.186838,0.500669,14.067720,0.707580,-13.126700,-12.419120
832,798.243469,18.077123,14.055865,4.251720,1.983500,-2.268220
833,797.281808,1.026655,14.040132,1.013240,-0.221700,0.791540
834,796.321502,0.227815,14.023791,0.477300,-0.296400,-0.773700
835,795.363971,0.612932,14.007857,0.782900,0.797600,0.014700
836,794.408057,0.043781,13.991273,0.209240,0.530400,0.321160
837,793.455482,0.913401,13.975624,0.955720,-0.642300,0.313420
838,792.977292,394.644447,13.982686,19.865660,1.599100,-18.266560
839,792.125091,81.389988,13.976745,9.021640,-0.282300,-9.303940
840,791.771391,496.431375,13.986678,22.280740,0.191900,-22.088840
841,790.826117,0.577661,13.970875,0.760040,1.252700,0.492660
842,789.882944,0.447186,13.955002,0.668720,0.625200,-0.043520
843,788.941570,0.069527,13.938683,0.263680,-0.384500,-0.120820
844,788.002450,0.080963,13.922428,0.284540,-0.449400,-0.164860
845,805.059663,15133.118320,14.052148,123.016740,124.057400,1.040660
846,808.752096,3914.088929,14.109761,62.562680,-16.072300,46.490380
847,807.885624,78.315774,14.103521,8.849620,-19.014900,-10.165280
848,806.934955,5.520714,14.089595,2.349620,1.465400,-0.884220
849,805.980672,0.566527,14.073812,0.752680,0.956300,0.203620
850,805.027984,0.005985,14.057267,0.077360,-0.193100,-0.115740
851,804.077552,0.011973,14.040800,0.109420,-0.394000,-0.284580
852,803.134569,4.428584,14.026724,2.104420,-1.169100,0.935320
853,802.192102,2.979697,14.012236,1.726180,1.903000,0.176820
854,801.248780,0.368449,13.996465,0.607000,-0.022000,-0.629000
855,800.307386,0.122738,13.980430,0.350340,0.508200,0.157860
856,799.368138,0.068257,13.964327,0.261260,0.125700,-0.135560
857,798.451479,17.457355,13.952855,4.178200,-1.678900,-5.857100
858,797.516554,0.025998,13.936705,0.161240,0.210300,0.371540
859,796.583858,0.061197,13.920694,0.247380,-0.088000,0.159380
860,795.653297,0.024093,13.904613,0.155220,-0.357700,-0.202480
861,794.725033,0.130364,13.888810,0.361060,-0.148000,0.213060
862,793.798833,0.045488,13.872871,0.213280,0.380800,0.167520
863,792.874749,0.010795,13.856842,0.103900,-0.071200,-0.175100
864,791.952874,0.062160,13.841019,0.249320,0.268100,0.018780
865,791.033084,0.014299,13.825083,0.119580,-0.069800,0.049780
866,790.285653,146.747058,13.823097,12.113920,1.207900,13.321820
867,789.497863,110.422688,13.819256,10.508220,17.288900,27.797120
868,790.664876,1797.797312,13.852336,42.400440,58.736800,16.336360
869,790.496439,644.966974,13.865682,25.396200,-48.471200,-23.075000
870,789.629703,39.902720,13.856965,6.316860,-13.466100,-7.149240
871,788.805984,75.466054,13.851002,8.687120,0.202800,-8.484320
872,787.903868,5.768643,13.837812,2.401800,-0.087200,-2.489000
873,786.997496,0.267248,13.822483,0.516960,-0.003800,0.513160
874,786.093017,0.100109,13.806959,0.316400,0.046600,0.363000
875,785.190510,0.009374,13.791218,0.096820,0.055700,0.152520
876,784.290069,0.005951,13.775491,0.077140,-0.005900,0.071240
877,783.391767,0.072814,13.760020,0.269840,0.159800,-0.110040
878,782.496083,0.564181,13.745136,0.751120,-0.719900,0.031220
879,781.601885,0.072889,13.729736,0.269980,-0.415500,-0.145520
880,780.714152,3.947136,13.716331,1.986740,2.666900,0.680160
881,780.509431,601.174496,13.728648,24.518860,32.031900,7.513040
882,780.213459,520.645608,13.739000,22.817660,56.216900,33.399240
883,779.340008,12.450312,13.727384,3.528500,-7.862800,-11.391300
884,778.513946,52.405438,13.720011,7.239160,0.265600,-6.973560
885,777.630564,0.253774,13.705010,0.503760,-0.005800,-0.509560
886,776.751300,2.119878,13.691122,1.455980,-1.292200,0.163780
887,775.871848,0.195806,13.676118,0.442500,0.597700,0.155200
888,774.994404,0.211159,13.661167,0.459520,0.469800,0.010280
889,774.118863,0.140370,13.646154,0.374660,0.272600,-0.102060
890,773.245488,0.308536,13.631379,0.555460,-0.146700,0.408760
891,772.373740,0.005512,13.616095,0.074240,-0.085000,-0.010760
892,771.504093,0.126793,13.601162,0.356080,-0.033800,-0.389880
893,771.433111,708.400810,13.615802,26.615800,0.408700,27.024500
894,772.659119,1862.580164,13.648995,43.157620,-79.930400,-36.772780
895,771.793495,1.388957,13.634999,1.178540,0.114200,-1.064340
896,770.930191,1.726070,13.621186,1.313800,0.874600,-0.439200
897,770.066919,0.027942,13.606120,0.167160,-0.022100,0.145060
898,769.205956,0.366243,13.591577,0.605180,-0.916200,-0.311020
899,768.348253,1.561700,13.577787,1.249680,-0.579400,0.670280
900,767.490852,0.117005,13.563015,0.342060,0.475200,0.133140
901,766.635321,0.079411,13.548209,0.281800,-0.196900,0.084900
902,765.781755,0.132758,13.533528,0.364360,0.039400,-0.324960
903,764.929947,0.006584,13.518564,0.081140,-0.060500,-0.141640
904,764.239964,143.945285,13.516874,11.997720,3.227800,15.225520
905,764.432999,938.165045,13.535867,30.629480,45.933200,15.303720
906,763.631148,41.163003,13.527974,6.415840,35.887500,42.303340
907,762.786548,0.957619,13.514076,0.978580,-0.305500,0.673080
908,761.942758,0.000391,13.499149,0.019780,0.147700,0.167480
909,761.101046,0.193530,13.484719,0.439920,-0.344600,0.095320
910,760.260979,0.000207,13.469851,0.014380,-0.288000,-0.273620
911,759.423581,0.740632,13.455949,0.860600,0.526900,-0.333700
912,758.587711,0.453333,13.441871,0.673300,-0.402600,0.270700
913,757.753230,0.045097,13.427317,0.212360,0.249200,0.036840
914,756.920924,0.354620,13.413216,0.595500,0.611600,0.016100
915,756.090312,0.233676,13.399023,0.483400,-0.112600,-0.596000
916,755.261266,0.000405,13.384353,0.020120,0.222000,0.242120
917,754.434056,0.018398,13.369842,0.135640,0.360400,0.224760
918,753.609430,0.725291,13.356146,0.851640,-0.809500,0.042140
919,752.785914,0.092307,13.341881,0.303820,0.715600,0.411780
920,751.964294,0.182397,13.327782,0.427080,-0.897100,-0.470020
921,751.144314,0.042882,13.313474,0.207080,-0.681000,-0.888080
922,750.328256,2.002791,13.300513,1.415200,1.926500,0.511300
923,749.519167,6.775505,13.288872,2.602980,-2.148100,0.454880
924,748.774898,64.791230,13.283177,8.049300,-43.030200,-34.980900
925,748.124842,150.073770,13.282056,12.250460,-24.412100,-12.161640
926,747.313430,0.003038,13.267710,0.055120,0.256300,0.311420
927,746.504246,0.436181,13.254051,0.660440,0.351800,-0.308640
928,745.696408,0.062410,13.239977,0.249820,-0.168700,-0.418520
929,744.890435,0.171413,13.226111,0.414020,0.489200,0.075180
930,744.086018,0.000424,13.211850,0.020580,0.122800,0.143380
931,743.378748,88.446501,13.207743,9.404600,-27.496000,-18.091400
932,742.609821,29.814002,13.199395,5.460220,0.506900,-4.953320
933,742.297827,452.767753,13.208091,21.278340,0.399700,-20.878640
934,741.499706,0.045284,13.194117,0.212800,0.111200,0.324000
935,740.703251,0.000246,13.179962,0.015700,-0.216400,-0.232100
936,739.908527,0.020794,13.165975,0.144200,0.049800,0.194000
937,739.136288,19.408959,13.156586,4.405560,-37.097800,-41.503360
938,738.351603,6.240404,13.145174,2.498080,-16.916800,-14.418720
939,737.562453,0.496405,13.131869,0.704560,1.316000,0.611440
940,736.775072,0.573927,13.118648,0.757580,1.164600,0.407020
941,735.988938,0.167772,13.105085,0.409600,0.230600,-0.179000
942,735.204654,0.330717,13.091727,0.575080,-0.036700,-0.611780
943,734.422611,0.866054,13.078776,0.930620,-0.691700,0.238920
944,733.641389,0.073615,13.065151,0.271320,0.587100,0.315780
945,732.861753,0.004027,13.051334,0.063460,0.434800,0.498260
946,732.083769,0.000481,13.037502,0.021940,0.296800,0.274860
947,731.567558,245.296991,13.040285,15.661960,-54.642500,-38.980540
948,731.706308,862.547559,13.057583,29.369160,-40.737100,-11.367940
949,730.932538,0.493591,13.044509,0.702560,1.180500,0.477940
950,730.159883,0.001293,13.030758,0.035960,0.599300,0.563340
951,729.389015,0.147410,13.017403,0.383940,0.014300,-0.369640
952,728.619669,0.049836,13.003907,0.223240,-0.357600,-0.134360
953,727.851917,0.022674,12.990363,0.150580,0.117300,-0.033280
954,727.085900,0.136146,12.977077,0.368980,0.617400,0.248420
955,726.321666,0.298597,12.964006,0.546440,-0.113200,0.433240
956,725.558878,0.147794,12.950792,0.384440,-0.242400,0.142040
957,724.866902,66.106006,12.945734,8.130560,8.434900,0.304340
958,724.197538,86.292952,12.941902,9.289400,1.341200,-7.948200
959,723.439242,0.025173,12.928516,0.158660,0.335900,0.177240
960,722.683341,0.798449,12.915927,0.893560,0.977500,0.083940
961,721.937788,9.189143,12.905598,3.031360,-2.461800,0.569560
962,721.184415,0.205680,12.892601,0.453520,-0.372800,0.080720
963,720.432400,0.002000,12.879203,0.044720,-0.142400,-0.097680
964,719.683867,1.841395,12.867201,1.356980,1.576000,0.219020
965,718.935112,0.130018,12.854187,0.360580,-0.194300,0.166280
966,718.187780,0.001308,12.840862,0.036160,0.400800,0.364640
967,720.666560,3105.253335,12.885394,55.724800,-86.875200,-31.150400
968,720.040824,117.457475,12.883270,10.837780,-47.515900,-36.678120
969,719.701005,392.115244,12.890440,19.801900,-23.817500,-4.015600
970,719.047059,87.988902,12.886806,9.380240,1.734100,-7.646140
971,718.317111,13.187211,12.877235,3.631420,1.291200,-2.340220
972,717.583850,8.520561,12.866947,2.919000,-2.125000,0.794000
973,716.844332,0.990542,12.854696,0.995260,1.196300,0.201040
974,716.105599,0.273843,12.841983,0.523300,0.078600,-0.444700
975,715.368153,0.045796,12.828978,0.214000,-0.085800,0.128200
976,714.637948,5.608845,12.818216,2.368300,2.316500,-0.051800
977,713.904963,1.443122,12.806276,1.201300,-1.438400,-0.237100
978,713.173265,1.231567,12.794268,1.109760,-0.855100,0.254660
979,712.446434,4.512990,12.783324,2.124380,9.859400,7.735020
980,713.487075,1728.111459,12.812819,41.570560,86.006600,44.436040
981,714.454664,1658.822116,12.841392,40.728640,80.309300,39.580660
982,718.229228,4405.977816,12.896133,66.377540,-67.370700,-0.993160
983,717.845764,342.817815,12.901873,18.515340,-19.554300,-1.038960
984,717.113552,0.278172,12.889246,0.527420,0.375300,-0.152120
985,716.383514,0.946184,12.877098,0.972720,-1.323100,-0.350380
986,715.654797,0.784039,12.864887,0.885460,1.712600,0.827140
987,714.926788,0.021287,12.851948,0.145900,0.524500,0.378600
988,714.200243,0.007022,12.838972,0.083800,-0.221800,-0.305600
989,713.475254,0.085404,12.826234,0.292240,-0.197200,0.095040
990,712.752188,0.532900,12.813966,0.730000,0.419800,-0.310200
991,712.030748,0.691093,12.801826,0.831320,-0.521700,0.309620
992,711.358064,47.418373,12.795838,6.886100,0.174900,7.061000
993,710.671835,32.678144,12.788680,5.716480,5.309300,11.025780
994,712.365188,2387.090484,12.825114,48.857860,51.584800,2.726940
995,714.138390,2469.608927,12.862319,49.695160,-49.573300,0.121860
996,713.428106,9.536732,12.852466,3.088160,-0.707000,-3.795160
997,712.710433,0.778594,12.840411,0.882380,-0.297300,0.585080
998,711.994894,1.465117,12.828711,1.210420,0.920700,-0.289720
999,711.279425,0.102298,12.816139,0.319840,-0.132200,0.187640
1000,710.565414,0.125373,12.803627,0.354080,0.452000,0.097920
1001,709.852713,0.002114,12.790831,0.045980,-0.067000,-0.021020
1002,709.141564,0.125897,12.778370,0.354820,0.444400,0.089580
1003,708.431715,0.002577,12.765630,0.050760,-0.092200,-0.142960
1004,707.723332,0.049080,12.753086,0.221540,-0.567800,-0.346260
1005,707.077245,60.990165,12.748147,7.809620,8.058200,0.248580
1006,706.640888,269.846986,12.751819,16.427020,44.740800,28.313780
1007,705.955673,19.370033,12.743493,4.401140,48.409700,44.008560
1008,705.266832,14.359856,12.734575,3.789440,-0.112000,-3.901440
1009,704.565491,0.418505,12.722547,0.646920,-0.322700,0.324220
1010,703.865151,0.023501,12.710053,0.153300,-0.277200,-0.123900
1011,703.166733,0.558846,12.698173,0.747560,0.648300,-0.099260
1012,702.469604,0.460064,12.686249,0.678280,-0.234900,0.443380
1013,701.775451,2.069915,12.675102,1.438720,-0.539100,0.899620
1014,701.080914,0.292854,12.663088,0.541160,0.572900,0.031740
1015,700.387585,0.125770,12.650913,0.354640,-0.791000,-0.436360
1016,699.696914,1.428264,12.639593,1.195100,1.421100,0.226000
1017,699.638828,640.855301,12.652106,25.315120,32.625600,7.310480
1018,698.990657,42.393902,12.646050,6.511060,31.046300,37.557360
1019,699.683949,1402.682266,12.670490,37.452400,85.516900,48.064500
1020,701.848575,2898.943735,12.711013,53.841840,-56.935700,-3.093860
1021,701.158537,0.079580,12.698792,0.282100,0.011500,-0.270600
1022,700.469834,0.058748,12.686555,0.242380,0.056900,0.299280
1023,699.783403,0.997322,12.675086,0.998660,0.881600,-0.117060
1024,699.097694,0.360264,12.663247,0.600220,-0.796500,-0.196280
1025,698.413599,0.636708,12.651626,0.797940,-0.293700,0.504240
1026,697.730452,0.236624,12.639723,0.486440,0.402500,-0.083940
1027,697.048538,0.132249,12.627723,0.363660,-0.330500,0.033160
1028,696.368258,0.442757,12.616041,0.665400,0.058800,0.724200
1029,696.282898,608.873391,12.627806,24.675360,10.990000,35.665360
1030,695.642671,39.410522,12.621617,6.277780,-45.108700,-38.830920
1031,697.592229,2697.838394,12.659902,51.940720,-70.008300,-18.067580
1032,697.108292,200.105355,12.661348,14.145860,-0.319800,-14.465660
1033,696.430882,0.052872,12.649267,0.229940,0.412300,0.642240
1034,695.754860,0.128737,12.637334,0.358800,-0.583800,-0.225000
1035,695.080030,0.005075,12.625146,0.071240,-0.556100,-0.484860
1036,694.407364,0.888193,12.613826,0.942440,-0.930000,0.012440
1037,693.735274,0.139248,12.601976,0.373160,-0.105400,0.267760
1038,693.065207,0.885330,12.590698,0.940920,1.000400,0.059480
1039,692.395633,0.056169,12.578762,0.237000,0.214500,0.451500
1040,691.727332,0.036039,12.566804,0.189840,-0.112600,0.077240
1041,691.433383,386.901819,12.573654,19.669820,19.786800,0.116980
1042,695.194510,4595.484100,12.626848,67.790000,68.584100,0.794100
1043,696.040663,1574.346858,12.652884,39.678040,-63.378800,-23.700760
1044,700.412597,5242.851849,12.710341,72.407540,-92.655300,-20.247760
1045,699.739795,0.025824,12.698285,0.160700,-0.565300,-0.726000
1046,699.068260,0.000379,12.686117,0.019460,0.487800,0.468340
1047,698.398016,0.003721,12.674013,0.061000,-0.206100,-0.267100
1048,697.729169,0.121801,12.662207,0.349000,-0.480000,-0.131000
1049,697.062165,0.710615,12.650897,0.842980,0.378400,-0.464580
1050,696.395761,0.003505,12.638859,0.059200,0.938900,0.998100
1051,695.730740,0.118487,12.627116,0.344220,-0.441900,-0.097680
1052,695.068192,1.379779,12.616188,1.174640,-1.196400,-0.021760
1053,694.458502,55.503692,12.611264,7.450080,1.773200,9.223280
1054,694.539164,779.153433,12.625837,27.913320,1.359000,29.272320
1055,693.880502,2.285600,12.615262,1.511820,-16.320200,-14.808380
1056,693.233925,13.681269,12.606787,3.698820,-0.152400,-3.851220
1057,692.576199,0.648701,12.595579,0.805420,0.032300,0.837720
1058,691.919534,0.451423,12.584266,0.671880,-0.810000,-0.138120
1059,691.263846,0.168198,12.572727,0.410120,0.042800,0.452920
1060,690.609379,0.147072,12.561184,0.383500,0.643400,0.259900
1061,689.956035,0.024473,12.549448,0.156440,0.114600,-0.041840
1062,689.304155,0.267475,12.538076,0.517180,-0.049900,-0.567080
1063,688.657101,4.074100,12.528142,2.018440,-0.092000,1.926440
1064,688.100586,98.751124,12.525698,9.937360,-0.828400,9.108960
1065,688.405388,1011.495688,12.543868,31.804020,-52.567900,-20.763880
1066,687.774124,18.002200,12.536052,4.242900,-1.083500,-5.326400
1067,687.127551,0.467528,12.524902,0.683760,0.084500,-0.599260
1068,686.482016,0.278045,12.513626,0.527300,0.748300,0.221000
1069,685.837432,0.000287,12.501892,0.016940,0.437300,0.420360
1070,685.194161,0.110397,12.490476,0.332260,0.295200,-0.037060
1071,684.552030,0.040264,12.478958,0.200660,-0.068400,0.132260
1072,683.938191,28.972167,12.472313,5.382580,-0.019400,5.363180
1073,683.400235,108.863348,12.470406,10.433760,-0.079000,10.354760
1074,682.762117,0.613778,12.459484,0.783440,-0.042000,0.741440
1075,682.124758,0.150699,12.448213,0.388200,-9.328500,-8.940300
1076,686.840674,5737.586800,12.507260,75.746860,-77.816100,-2.069240
1077,687.250006,1126.053457,12.526877,33.556720,-51.787600,-18.230880
1078,686.612108,2.147925,12.516578,1.465580,-1.857500,-0.391920
1079,685.973574,0.188165,12.505338,0.433780,-0.295000,0.138780
1080,685.336056,0.004204,12.493776,0.064840,-0.063900,0.000940
1081,684.700321,0.649733,12.482924,0.806060,0.842200,0.036140
1082,684.065396,0.251242,12.471810,0.501240,-0.016400,0.484840
1083,683.431416,0.000502,12.460272,0.022400,0.169900,0.147500
1084,682.798669,0.064831,12.448970,0.254620,-0.195300,0.059320
1085,682.191174,26.096568,12.442180,5.108480,0.287000,5.395480
1086,681.563056,2.567878,12.432161,1.602460,13.876300,12.273840
1087,681.048323,124.107175,12.430969,11.140340,34.754700,23.614360
1088,680.421710,1.799408,12.420738,1.341420,-34.310900,-35.652320
1089,679.963244,182.985681,12.421758,13.527220,-36.845600,-23.318380
1090,679.337133,0.006695,12.410395,0.081820,-0.049900,0.031920
1091,678.712356,0.204811,12.399395,0.452560,-0.213500,-0.666060
1092,678.088615,0.082668,12.388262,0.287520,-0.104400,0.183120
1093,677.466206,0.284985,12.377377,0.533840,-0.391500,0.142340
1094,676.845197,0.565895,12.366712,0.752260,0.899400,0.147140
1095,676.232881,8.809380,12.358097,2.968060,-28.668000,-31.636060
1096,675.615554,2.111732,12.348111,1.453180,-30.786200,-29.333020
1097,675.061864,70.432042,12.344492,8.392380,0.335300,-8.057080
1098,674.444882,0.083590,12.333472,0.289120,1.045900,0.756780
1099,673.830567,1.769911,12.323424,1.330380,0.898700,-0.431680
1100,673.216178,0.460009,12.312798,0.678240,0.696800,0.018560
1101,672.602925,0.477343,12.302204,0.690900,0.941900,0.251000
1102,671.990982,0.689697,12.291756,0.830480,-0.519600,0.310880
1103,671.379526,0.001345,12.280605,0.036680,0.222900,0.186220
1104,670.769246,0.071321,12.269684,0.267060,-0.004600,0.262460
1105,670.160024,0.015851,12.258654,0.125900,0.058500,0.184400
1106,669.551959,0.072006,12.247774,0.268340,0.011000,-0.257340
1107,668.945076,0.159856,12.237032,0.399820,-0.200800,0.199020
1108,668.339210,0.069453,12.226186,0.263540,0.391100,0.127560
1109,667.734383,0.005800,12.215191,0.076160,-0.337600,-0.413760
1110,667.132927,2.523396,12.205583,1.588520,0.224100,1.812620
1111,666.542291,13.298567,12.197851,3.646720,6.275100,9.921820
1112,667.201622,1397.081992,12.220576,37.377560,60.226800,22.849240
1113,667.757143,1283.274433,12.241859,35.822820,-43.897900,-8.075080
1114,667.184978,32.653682,12.235978,5.714340,-26.677300,-20.962960
1115,666.584497,0.049925,12.225166,0.223440,0.370500,0.593940
1116,665.985152,0.113394,12.214475,0.336740,-0.393100,-0.056360
1117,665.387362,0.644327,12.204222,0.802700,-0.822800,-0.020100
1118,664.790391,0.361778,12.193806,0.601480,0.147300,-0.454180
1119,664.194711,0.607184,12.183569,0.779220,0.119100,0.898320
1120,663.599566,0.013414,12.172756,0.115820,0.050400,0.166220
1121,663.005812,0.375867,12.162407,0.613080,-0.242400,0.370680
1122,662.412803,0.022446,12.151662,0.149820,0.107000,-0.042820
1123,661.820837,0.002036,12.140843,0.045120,0.024500,0.069620
1124,661.230030,0.117553,12.130309,0.342860,0.263500,-0.079360
1125,660.640526,0.395691,12.120049,0.629040,-0.310000,0.319040
1126,660.546566,555.217797,12.130248,23.563060,34.928900,11.365840
1127,660.049762,102.635540,12.128468,10.130920,-21.678000,-11.547080
1128,659.621554,178.743530,12.129572,13.369500,0.228600,-13.140900
1129,659.053147,20.163872,12.122781,4.490420,1.118200,-3.372220
1130,658.467843,0.000846,12.112041,0.029080,0.272800,0.243720
1131,657.883577,0.000186,12.101306,0.013640,-0.071300,-0.057660
1132,657.300590,0.274660,12.091042,0.524080,-0.024700,0.499380
1133,656.718527,0.151773,12.080678,0.389580,0.085100,0.474680
1134,656.137386,0.028914,12.070138,0.170040,0.135500,0.305540
1135,655.576428,21.694169,12.063584,4.657700,-0.038100,4.619600
1136,655.016384,21.605763,12.057033,4.648200,0.071100,4.719300
1137,655.202022,865.344592,12.072355,29.416740,-2.314500,27.102240
1138,654.883532,294.034013,12.076830,17.147420,40.729700,23.582280
1139,654.841077,606.697984,12.087891,24.631240,-25.797000,-1.165760
1140,654.264802,0.191809,12.077636,0.437960,-0.296300,0.141660
1141,653.689382,0.012955,12.067114,0.113820,0.094700,0.208520
1142,653.114963,0.000085,12.056518,0.009240,0.024100,0.033340
1143,652.541699,0.167608,12.046293,0.409400,0.303300,-0.106100
1144,651.969455,0.183595,12.036102,0.428480,-0.118600,0.309880
1145,651.398121,0.076818,12.025796,0.277160,0.013200,0.290360
1146,650.828078,0.408781,12.015825,0.639360,-0.287900,0.351460
1147,650.258675,0.001134,12.005342,0.033680,-0.146800,-0.180480
1148,649.691260,1.135248,11.995779,1.065480,5.583100,6.648580
1149,649.124924,1.236677,11.986274,1.112060,-0.630200,0.481860
1150,648.558517,0.022777,11.975946,0.150920,-0.443900,-0.292980
1151,647.993862,0.899159,11.966332,0.948240,-0.713500,0.234740
1152,647.429946,0.618236,11.956593,0.786280,-0.659700,0.126580
1153,646.867407,1.073337,11.947089,1.036020,0.729600,-0.306420
1154,646.306379,1.684389,11.937828,1.297840,-0.718600,0.579240
1155,645.748248,3.897387,11.929172,1.974180,1.967800,-0.006380
1156,645.198780,12.761756,11.921918,3.572360,10.492300,6.919940
1157,647.820120,3667.603229,11.964102,60.560740,106.662100,46.101360
1158,647.263595,5.590860,11.955784,2.364500,2.696600,0.332100
1159,646.704629,1.658171,11.946547,1.287700,1.017500,-0.270200
1160,646.145614,0.483220,11.936814,0.695140,-0.269700,0.425440
1161,645.588680,1.772253,11.927648,1.331260,-0.844800,0.486460
1162,645.031184,0.009014,11.917430,0.094940,0.198500,0.103560
1163,644.474658,0.016765,11.907259,0.129480,-0.134900,-0.005420
1164,643.919081,0.006247,11.897062,0.079040,-0.276500,-0.355540
1165,643.365521,1.235254,11.887772,1.111420,1.041400,-0.070020
1166,642.819499,8.887792,11.880107,2.981240,11.490400,8.509160
1167,643.222093,1111.036890,11.898553,33.332220,-47.002600,-13.670380
1168,642.671061,1.820179,11.889490,1.349140,-2.556500,-1.207360
1169,642.119412,0.000071,11.879291,0.008420,0.439500,0.447920
1170,641.568728,0.022034,11.869231,0.148440,-0.446600,-0.298160
1171,641.019044,0.087320,11.859313,0.295500,0.428800,0.133300
1172,640.470226,0.000464,11.849178,0.021540,-0.195000,-0.173460
1173,640.194651,318.322691,11.854304,17.841600,0.992800,18.834400
1174,639.647541,0.075977,11.844408,0.275640,-30.452100,-30.176460
1175,639.245301,168.624249,11.845382,12.985540,-42.742200,-29.756660
1176,638.802422,120.191316,11.844630,10.963180,-3.342700,-14.305880
1177,638.257838,0.005806,11.834597,0.076200,0.634800,0.711000
1178,637.714428,0.293417,11.824978,0.541680,0.057800,-0.483880
1179,637.171700,0.010016,11.814999,0.100080,0.108600,0.008520
1180,636.629956,0.080066,11.805193,0.282960,0.263700,-0.019260
1181,636.089072,0.009390,11.795245,0.096900,0.214200,0.117300
1182,635.549130,0.037924,11.785398,0.194740,0.398700,0.203960
1183,635.010110,0.043957,11.775579,0.209660,-0.193800,0.015860
1184,635.426828,1126.738118,11.794047,33.566920,-78.628900,-45.061980
1185,635.072908,217.447465,11.796546,14.746100,-2.192500,-16.938600
1186,634.535622,0.000167,11.786577,0.012920,0.510300,0.497380
1187,633.999244,0.000023,11.776618,0.004820,-0.017100,-0.012280
1188,633.464054,0.334778,11.767160,0.578600,0.020700,-0.557900
1189,632.987645,68.919219,11.764236,8.301760,-0.261600,-8.563360
1190,632.455592,1.973351,11.755501,1.404760,-0.076200,-1.480960
1191,631.922782,0.009378,11.745679,0.096840,0.354900,0.451740
1192,631.390908,0.056825,11.735993,0.238380,0.207600,-0.030780
1193,630.935103,89.438632,11.734076,9.457200,9.572300,0.115100
1194,630.416357,13.627172,11.727318,3.691500,-0.719300,-4.410800
1195,629.887666,0.745632,11.718196,0.863500,-0.008900,0.854600
1196,629.359418,0.215816,11.708755,0.464560,-0.271100,0.193460
1197,628.831913,0.046596,11.699121,0.215860,-0.307700,-0.091840
1198,628.305427,0.207426,11.689705,0.455440,0.111800,-0.343640
1199,627.779873,0.267806,11.680356,0.517500,0.346700,0.864200
1200,627.255023,0.059673,11.670794,0.244280,0.108900,-0.135380
1201,626.731114,0.135984,11.661352,0.368760,0.012600,-0.356160
1202,626.208411,0.533250,11.652227,0.730240,-0.365800,0.364440
1203,633.027783,8802.635236,11.720759,93.822360,163.155200,69.332840
1204,632.500441,0.217678,11.711381,0.466560,0.164000,-0.302560
1205,631.974124,0.393731,11.702152,0.627480,-0.008000,0.619480
1206,631.448518,0.195028,11.692784,0.441620,-0.185300,0.256320
1207,630.923635,0.014753,11.683165,0.121460,-0.456100,-0.577560
1208,630.399680,0.081705,11.673699,0.285840,-0.325300,-0.039460
1209,629.961696,102.628651,11.672418,10.130580,-1.586000,-11.716580
1210,629.447146,9.414342,11.665284,3.068280,0.392300,-2.675980
1211,628.925650,0.001455,11.655651,0.038140,0.128600,0.166740
1212,628.405084,0.082507,11.646240,0.287240,-0.059600,0.227640
1213,627.885312,0.000096,11.636615,0.009800,-0.064700,-0.074500
1214,627.366413,0.018301,11.627110,0.135280,0.050200,0.185480
1215,626.848359,0.002832,11.617552,0.053220,-0.321500,-0.374720
1216,626.331269,0.134939,11.608270,0.367340,-0.041800,0.325540
1217,625.867495,63.773960,11.605284,7.985860,-0.083800,7.902060
1218,635.341184,12126.925362,11.686435,110.122320,152.216100,42.093780
1219,634.818298,0.034887,11.676970,0.186780,-45.446000,-45.632780
1220,634.474930,217.282340,11.679489,14.740500,-51.224600,-36.484100
1221,633.965530,14.535156,11.673025,3.812500,-3.489400,-7.301900
1222,633.446185,1.403704,11.664414,1.184780,1.810000,0.625220
1223,632.927866,1.615238,11.655888,1.270920,-0.768900,0.502020
1224,632.409910,1.021434,11.647162,1.010660,0.297100,-0.713560
1225,631.893560,1.946695,11.638766,1.395240,-1.118000,0.277240
1226,631.376523,0.074748,11.629465,0.273400,-0.069100,-0.342500
1227,630.860284,0.015540,11.620058,0.124660,0.688300,0.563640
1228,630.345211,0.411907,11.611089,0.641800,1.153100,0.511300
1229,629.830781,0.168084,11.601945,0.409980,-0.083300,-0.493280
1230,629.481417,201.510517,11.604061,14.195440,16.134300,1.938860
1231,629.324221,436.601861,11.611633,20.895020,-31.083300,-10.188280
1232,630.892948,2555.721071,11.643345,50.554140,-50.839500,-0.285360
1233,630.383632,4.943685,11.635680,2.223440,2.582700,0.359260
1234,629.874741,4.447797,11.627935,2.108980,-1.812300,0.296680
1235,629.363096,0.039386,11.618650,0.198460,-0.070900,-0.269360
1236,628.852324,0.091409,11.609465,0.302340,-0.137000,0.165340
1237,628.401015,72.388446,11.606949,8.508140,0.022200,8.530340
1238,629.662144,2184.635078,11.635420,46.740080,0.068200,46.808280
1239,631.341233,2703.336521,11.668099,51.993620,0.295600,52.289220
1240,631.043170,262.935305,11.671778,16.215280,-39.015400,-22.800120
1241,631.544627,1251.345345,11.690939,35.374360,-48.241800,-12.867440
1242,633.100036,2557.140829,11.722343,50.568180,-52.128300,-1.560120
1243,639.180888,8167.275514,11.785822,90.372980,-90.531800,-0.158820
1244,638.665690,0.335843,11.776784,0.579520,-0.536700,-1.116220
1245,638.151418,0.454654,11.767838,0.674280,0.511600,-0.162680
1246,637.637611,0.002356,11.758402,0.048540,0.173000,0.124460
1247,637.124628,0.000120,11.748951,0.010940,-0.199700,-0.188760
1248,636.612491,0.026212,11.739637,0.161900,-0.112800,0.049100
1249,636.538333,544.286100,11.748946,23.329940,-0.323200,23.006740
1250,638.113047,2598.632099,11.780429,50.976780,-83.922500,-32.945720
1251,637.646832,56.742775,11.777023,7.532780,1.112200,-6.420580
1252,637.138487,3.231366,11.769027,1.797600,-1.866600,-0.069000
1253,636.629230,1.077361,11.760435,1.037960,0.968300,-0.069660
1254,636.119928,0.000833,11.751050,0.028860,-0.452600,-0.481460
1255,635.611712,0.342319,11.742124,0.585080,-0.168300,0.416780
1256,635.600804,621.954719,11.752665,24.939020,-0.370600,-25.309620
1257,635.269098,219.973986,11.755122,14.831520,1.055900,-13.775620
1258,634.762563,0.073984,11.745965,0.272000,0.049700,0.321700
1259,634.257235,0.575322,11.737210,0.758500,0.007400,0.765900
1260,633.752278,0.031216,11.728006,0.176680,-0.114700,0.061980
1261,633.250834,3.437316,11.720150,1.854000,1.589600,-0.264400
1262,632.747457,0.002067,11.710870,0.045460,-0.006600,-0.052060
1263,632.245301,0.533075,11.702148,0.730120,0.062600,0.792720
1264,631.744156,0.803461,11.693572,0.896360,-4.575800,-3.679440
1265,631.244758,2.003301,11.685421,1.415380,-0.891900,0.523480
1266,630.744723,0.200650,11.676517,0.447940,0.447300,-0.000640
1267,630.245883,0.709975,11.667939,0.842600,0.591900,-0.250700
1268,629.747504,0.293786,11.659137,0.542020,0.251000,-0.291020
1269,629.250545,1.095455,11.650748,1.046640,-0.487600,0.559040
1270,628.753508,0.000918,11.641569,0.030300,0.035300,0.005000
1271,628.257414,0.202734,11.632736,0.450260,0.070200,-0.380060
1272,627.763121,1.493577,11.624525,1.222120,1.407700,0.185580
1273,627.525008,325.597484,11.629584,18.044320,-57.890900,-39.846580
1274,629.228181,2790.554580,11.662022,52.825700,-82.302600,-29.476900
1275,628.733197,0.104342,11.653101,0.323020,0.171300,0.494320
1276,628.238912,0.002554,11.643979,0.050540,0.005400,-0.045140
1277,627.745421,0.024149,11.634955,0.155400,0.020800,-0.134600
1278,627.252752,0.085978,11.626052,0.293220,-0.491900,-0.198680
1279,626.760791,0.002458,11.616973,0.049580,0.288400,0.238820
1280,626.269995,0.504555,11.608425,0.710320,-0.376700,0.333620
1281,625.781979,3.073219,11.600707,1.753060,1.605700,-0.147360
1282,625.406351,145.730287,11.601076,12.071880,-0.774800,-12.846680
1283,624.960593,55.281604,11.597819,7.435160,3.363000,-4.072160
1284,624.472419,0.098470,11.589003,0.313800,-0.114200,0.199600
1285,623.985181,0.319903,11.580398,0.565600,-0.206300,0.359300
1286,623.498464,0.014462,11.571459,0.120260,0.154500,0.034240
1287,623.540533,677.472401,11.582727,26.028300,25.975800,-0.052500
1288,625.257675,2828.350651,11.615125,53.182240,-82.625400,-29.443160
1289,624.811561,52.001117,11.611698,7.211180,-4.824100,-12.035280
1290,624.326741,1.333055,11.603566,1.154580,-0.562900,0.591680
1291,623.842212,0.738568,11.595218,0.859400,0.312600,-0.546800
1292,623.357873,0.013424,11.586306,0.115860,0.091400,0.207260
1293,622.874452,0.228637,11.577688,0.478160,-0.629600,-0.151440
1294,622.391671,0.087060,11.568942,0.295060,0.396100,0.101040
1295,621.909577,0.007307,11.560047,0.085480,0.285000,0.199520
1296,621.428529,0.395666,11.551586,0.629020,0.761500,0.132480
1297,621.261801,405.849228,11.558233,20.145700,21.569000,1.423300
1298,621.279693,644.414472,11.568918,25.385320,-35.819000,-10.433680
1299,620.800158,0.281961,11.560395,0.531000,0.563000,0.032000
1300,620.324203,3.962886,11.553011,1.990700,2.235600,0.244900
1301,619.846052,0.161524,11.544413,0.401900,-0.412500,-0.010600
1302,619.368896,0.498125,11.536063,0.705780,0.721200,0.015420
1303,619.115881,290.702500,11.540308,17.050000,-40.344000,-23.294000
1304,618.641604,2.554946,11.532660,1.598420,2.058300,0.459880
1305,618.166092,0.000681,11.523816,0.026100,0.076100,0.102200
1306,617.691353,0.055630,11.515146,0.235860,0.231100,-0.004760
1307,617.221460,5.421447,11.508096,2.328400,-2.401900,-0.073500
1308,616.748382,0.327459,11.499709,0.572240,0.544000,-0.028240
1309,616.275821,0.056539,11.491079,0.237780,0.415400,0.177620
1310,615.803945,0.006003,11.482340,0.077480,-0.035100,0.042380
1311,615.334531,2.279798,11.474710,1.509900,1.786500,0.276600
1312,615.901592,1357.050032,11.494101,36.838160,41.202900,4.364740
1313,615.447364,21.316689,11.488847,4.617000,-23.628000,-28.245000
1314,615.856574,1151.512284,11.505981,33.933940,-55.238900,-21.304960
1315,615.471324,110.793729,11.505233,10.525860,-9.735800,-20.261660
1316,615.002262,0.062490,11.496655,0.249980,0.570300,0.820280
1317,614.533930,0.082737,11.488118,0.287640,0.334700,0.047060
1318,614.066278,0.039323,11.479526,0.198300,0.273500,0.075200
1319,613.599309,0.001263,11.470823,0.035540,-0.191000,-0.226540
1320,613.138791,7.558321,11.464196,2.749240,2.721000,-0.028240
1321,612.674246,1.332778,11.456368,1.154460,-0.671900,0.482560
1322,612.209540,0.192142,11.448008,0.438340,0.430800,-0.007540
1323,612.720074,1285.603972,11.466512,35.855320,-49.331800,-13.476480
1324,612.277248,28.189516,11.461848,5.309380,-8.145300,-2.835920
1325,611.813812,0.078053,11.453383,0.279380,0.610600,0.331220
1326,611.354997,5.259684,11.446454,2.293400,2.239100,-0.054300
1327,610.893055,0.206298,11.438145,0.454200,0.410100,-0.044100
1328,610.431755,0.131798,11.429780,0.363040,-0.565100,-0.202060
1329,609.971174,0.162635,11.421458,0.403280,0.333100,-0.070180
1330,609.572466,81.284289,11.419644,9.015780,-0.508600,8.507180
1331,609.113444,0.450026,11.411544,0.670840,24.440300,23.769460
1332,608.937036,374.843674,11.417530,19.360880,-30.768500,-11.407620
1333,608.574077,126.563850,11.417404,11.250060,-10.358100,0.891960
1334,608.117997,1.988100,11.409880,1.410000,1.353000,-0.057000
1335,607.661258,0.198399,11.401642,0.445420,0.074300,-0.371120
1336,607.205057,0.001729,11.393113,0.041580,0.068900,0.027320
1337,606.751902,3.149631,11.385898,1.774720,0.389600,2.164320
1338,606.297296,0.307337,11.377778,0.554380,0.181600,-0.372780
1339,605.948219,140.279862,11.378127,11.843980,0.217800,12.061780
1340,605.976318,643.487733,11.388598,25.367060,37.928300,12.561240
1341,607.173864,2207.095970,11.415218,46.979740,-55.296800,-8.317060
1342,606.720184,0.149645,11.406976,0.386840,0.727500,0.340660
1343,606.268173,1.476662,11.399364,1.215180,1.126600,-0.088580
1344,605.815856,0.164301,11.391160,0.405340,-0.550100,-0.144760
1345,605.364560,0.627264,11.383256,0.792000,0.271000,-0.521000
1346,605.417340,676.195534,11.394151,26.003760,-41.700500,-15.696740
1347,605.041383,100.507041,11.393131,10.025320,-3.633700,-13.659020
1348,604.591464,0.350772,11.385095,0.592260,0.014600,0.606860
1349,604.142054,0.134674,11.376903,0.366980,-0.159800,-0.526780
1350,603.693224,0.017015,11.368548,0.130440,0.167900,0.037460
1351,603.245136,0.119191,11.360364,0.345240,-0.174500,0.170740
1352,603.036555,322.077580,11.365250,17.946520,1.468000,-16.478520
1353,602.589536,0.007635,11.356890,0.087380,0.350000,0.437380
1354,602.143252,0.106511,11.348719,0.326360,0.244700,-0.081660
1355,601.697594,0.059302,11.340499,0.243520,0.070300,-0.173220
1356,601.252802,0.337793,11.332541,0.581200,-0.481400,0.099800
1357,600.808440,0.031528,11.324296,0.177560,-0.249100,-0.426660
1358,600.649171,385.157895,11.330427,19.625440,-19.634300,-0.008860
1359,602.457411,3050.814640,11.362828,55.234180,-56.220000,-0.985820
1360,602.014148,1.392966,11.355319,1.180240,1.389700,0.209460
1361,601.571337,1.119025,11.347731,1.057840,0.338700,-0.719140
1362,601.128359,0.008427,11.339442,0.091800,0.461400,0.553200
1363,600.686064,0.049098,11.331261,0.221580,0.197000,-0.024580
1364,600.244395,0.015625,11.323021,0.125000,-0.377500,-0.252500
1365,599.803477,0.155567,11.314991,0.394420,0.503800,0.109380
1366,599.363229,0.185847,11.307000,0.431100,-0.298700,0.132400
1367,598.923570,0.107939,11.298946,0.328540,0.153500,-0.175040
1368,598.484485,0.010725,11.290738,0.103560,0.273700,0.377260
1369,598.046273,0.325813,11.282884,0.570800,-0.283500,0.287300
1370,597.608917,0.618079,11.275200,0.786180,0.722800,-0.063380
1371,597.172019,0.369105,11.267397,0.607540,0.401400,-0.206140
1372,596.735893,0.551782,11.259703,0.742820,-0.513900,0.228920
1373,596.426701,173.452588,11.261099,13.170140,22.302200,9.132060
1374,595.995248,5.335638,11.254565,2.309900,-26.228000,-23.918100
1375,595.560580,0.064872,11.246542,0.254700,0.153700,-0.101000
1376,595.127191,0.951405,11.239055,0.975400,0.736300,-0.239100
1377,594.700058,8.673732,11.233015,2.945120,-0.070400,2.874720
1378,594.280145,17.739259,11.227905,4.211800,-3.845500,0.366300
1379,593.848023,0.111743,11.219982,0.334280,-0.001900,0.332380
1380,593.416451,0.006247,11.211885,0.079040,-0.213900,-0.134860
1381,592.985548,0.062931,11.203925,0.250860,0.482900,0.232040
1382,592.555249,0.032979,11.195926,0.181600,-0.167300,0.014300
1383,592.125709,0.219061,11.188147,0.468040,-0.340400,0.127640
1384,591.696634,0.003136,11.180080,0.056000,0.022200,0.078200
1385,591.268226,0.065250,11.172170,0.255440,-0.213500,-0.468940
1386,590.840392,0.001105,11.164110,0.033240,0.187800,0.221040
1387,590.413182,0.008832,11.156105,0.093980,-0.014400,-0.108380
1388,589.986597,0.019690,11.148146,0.140320,-0.080200,0.060120
1389,589.560875,0.362091,11.140531,0.601740,-0.388600,0.213140
1390,589.138192,3.721581,11.133885,1.929140,1.930600,0.001460
1391,588.714114,0.942491,11.126558,0.970820,-1.119300,-0.148480
1392,588.290425,0.633425,11.119115,0.795880,-0.369700,0.426180
1393,587.866944,0.075438,11.111307,0.274660,-0.521800,-0.247140
1394,587.444063,0.062031,11.103493,0.249060,-0.034700,0.214360
1395,587.024148,3.342096,11.096825,1.828140,2.156100,3.984240
1396,587.032878,599.176400,11.106438,24.478080,33.972700,9.494620
1397,586.727172,161.184353,11.107579,12.695840,-12.632300,-25.328140
1398,586.755032,625.564127,11.117553,25.011280,-46.834300,-21.823020
1399,586.335879,2.036557,11.110606,1.427080,-0.739500,0.687580
1400,585.915875,0.010088,11.102719,0.100440,0.297800,0.197360
1401,585.504351,11.018151,11.097148,3.319360,-30.297400,-26.978040
1402,585.150386,90.661247,11.096021,9.521620,-14.217800,-4.696180
1403,584.732129,0.007864,11.088153,0.088680,0.434000,0.522680
1404,584.314472,0.013230,11.080315,0.115020,0.213800,0.098780
1405,583.897480,0.108821,11.072641,0.329880,-0.246200,0.083680
1406,583.481431,0.595397,11.065294,0.771620,-0.686100,0.085520
1407,583.187814,171.537696,11.066742,13.097240,-19.336300,-32.433540
1408,583.071657,420.103233,11.073458,20.496420,-53.222300,-32.725880
1409,582.735504,110.776467,11.073068,10.525040,-15.981200,-5.456160
1410,582.321230,0.266545,11.065560,0.516280,1.043300,0.527020
1411,581.907490,0.188790,11.058004,0.434500,0.692800,0.258300
1412,581.494206,0.003404,11.050192,0.058340,0.204000,0.145660
1413,581.087138,7.936165,11.044348,2.817120,2.605900,-0.211220
1414,580.676137,1.574975,11.037406,1.254980,-0.410800,0.844180
1415,580.264646,0.062871,11.029761,0.250740,0.114100,-0.136640
1416,580.044469,269.374752,11.033573,16.412640,-18.797000,-2.384360
1417,579.650488,23.349384,11.029184,4.832120,-0.452900,-5.285020
1418,579.240652,0.141782,11.021651,0.376540,0.275700,0.652240
1419,578.831299,0.006442,11.013918,0.080260,0.508100,0.588360
1420,578.422522,0.002832,11.006178,0.053220,-0.085200,-0.138420
1421,578.014571,0.355598,10.998831,0.596320,0.588700,-0.007620
1422,577.607822,1.245411,10.991862,1.115980,0.995300,-0.120680
1423,577.201161,0.555144,10.984641,0.745080,0.895000,0.149920
1424,577.959392,1653.889477,11.005544,40.668040,-50.128000,-9.459960
1425,577.554670,2.850222,10.998987,1.688260,1.208200,-0.480060
1426,577.148837,0.459955,10.991730,0.678200,-0.891700,-0.213500
1427,576.743353,0.144750,10.984273,0.380460,-0.432500,-0.052040
1428,576.338559,0.316721,10.976954,0.562780,0.791300,0.228520
1429,575.935523,2.012029,10.970246,1.418460,1.367500,-0.050960
1430,575.532099,0.652864,10.963120,0.808000,1.216800,0.408800
1431,576.707745,2253.178746,10.988701,47.467660,-62.035200,-14.567540
1432,578.322211,2882.165122,11.018601,53.685800,-64.939300,-11.253500
1433,577.918025,0.740426,11.011493,0.860480,0.224900,-0.635580
1434,577.514367,0.688070,11.004372,0.829500,0.889400,0.059900
1435,577.111058,0.378274,10.997112,0.615040,-0.465900,0.149140
1436,576.708299,0.360768,10.989852,0.600640,-0.021100,0.579540
1437,576.305851,0.000008,10.982185,0.002800,0.129700,0.126900
1438,575.906446,3.559712,10.975842,1.886720,0.036400,1.923120
1439,575.866188,518.135959,10.984056,22.762600,-22.648000,0.114600
1440,575.465190,0.033299,10.976534,0.182480,0.034400,0.216880
1441,575.065263,0.769690,10.969506,0.877320,1.073300,0.195980
1442,574.665700,0.493984,10.962366,0.702840,-0.657800,0.045040
1443,574.268917,3.693930,10.956084,1.921960,1.924800,0.002840
1444,573.871400,1.844925,10.949419,1.358280,-1.457900,-0.099620
1445,573.473466,0.448686,10.942285,0.669840,-0.807600,-0.137760
1446,573.077357,2.283605,10.935745,1.511160,1.305800,-0.205360
1447,572.691059,15.649778,10.930908,3.955980,4.437300,0.481320
1448,572.444596,216.798532,10.933535,14.724080,-9.342200,-24.066280
1449,572.136062,126.612455,10.933755,11.252220,-42.484000,-31.231780
1450,571.834170,135.601367,10.934247,11.644800,-14.030100,-25.674900
1451,571.443975,7.221044,10.928548,2.687200,0.561700,3.248900
1452,571.050398,1.544204,10.921859,1.242660,0.686100,-0.556560
1453,570.704259,69.495898,10.920074,8.336420,-0.597900,7.738520
1454,570.310839,0.245263,10.912885,0.495240,0.814500,0.319260
1455,570.003261,124.015396,10.913039,11.136220,-45.955900,-34.819680
1456,569.612554,2.696689,10.906654,1.642160,-16.002700,-14.360540
1457,569.259855,57.140598,10.904350,7.559140,-0.833100,-8.392240