# TEST CONFIGURATION BEGIN
# File Stream: filename: pt08_s2_nmhc_.csv  -  n_targets: 1
# [pt08_s2_nmhc__ADE_HETERO_SIZE_4_OFFLINE_BATCH_100] Pipeline: Array BaseStreamModel: base_models: [<skmultiflow.lazy.knn_forecast.KNNForecast object at 0x7f225e54a1d0>, <skmultiflow.lazy.knn_forecast.KNNForecast object at 0x7f225e54a208>, <skmultiflow.trees.regression_hoeffding_tree.RegressionHoeffdingTree object at 0x7f225e54a518>, <skmultiflow.trees.regression_hoeffding_adaptive_tree.RegressionHAT object at 0x7f225e54a550>]
 Array MetaStreamModel: base_models: [<skmultiflow.trees.regression_hoeffding_tree.RegressionHoeffdingTree object at 0x7f225e54a390>, <skmultiflow.trees.regression_hoeffding_tree.RegressionHoeffdingTree object at 0x7f225e54aa20>, <skmultiflow.trees.regression_hoeffding_tree.RegressionHoeffdingTree object at 0x7f225e54a588>, <skmultiflow.trees.regression_hoeffding_tree.RegressionHoeffdingTree object at 0x7f225e54a908>]
# Prequential Evaluator: n_wait: 1 - max_samples: 600000 - max_time: 10000000 - output_file: pt08_s2_nmhc__ADE_HETERO_SIZE_4_OFFLINE_BATCH_100_SIZE_4 - batch_size: 1 - pretrain_size: 5 - task_type: regression - show_plot: False - metrics: ['mean_square_error', 'mean_absolute_error', 'true_vs_predicted']
# TEST CONFIGURATION END
id,global_mse_[pt08_s2_nmhc__ADE_HETERO_SIZE_4_OFFLINE_BATCH_100],sliding_mse_[pt08_s2_nmhc__ADE_HETERO_SIZE_4_OFFLINE_BATCH_100],global_mae_[pt08_s2_nmhc__ADE_HETERO_SIZE_4_OFFLINE_BATCH_100],sliding_mae_[pt08_s2_nmhc__ADE_HETERO_SIZE_4_OFFLINE_BATCH_100],true_value_[pt08_s2_nmhc__ADE_HETERO_SIZE_4_OFFLINE_BATCH_100],predicted_value_[pt08_s2_nmhc__ADE_HETERO_SIZE_4_OFFLINE_BATCH_100]
5,21991.806392,21991.806392,148.296347,148.296347,667.000000,518.703653
6,25058.505777,28125.205163,158.001028,167.705710,900.000000,732.294290
7,16740.188092,103.552720,108.726047,10.176086,960.000000,949.823914
8,21688.129266,36531.952787,129.327870,191.133338,827.000000,635.866662
9,23689.359400,31694.279940,139.068071,178.028874,762.000000,583.971126
10,24415.095103,28043.773617,143.800518,167.462753,774.000000,606.537247
11,29920.375097,62952.055062,159.100798,250.902481,869.000000,618.097519
12,31109.321525,39431.946517,164.035047,198.574788,1034.000000,835.425212
13,38082.991929,93872.355165,179.851815,306.385958,933.000000,1239.385958
14,36708.286488,24335.937522,177.466613,155.999800,912.000000,756.000200
15,41854.577659,93317.489360,189.104113,305.479114,1020.000000,714.520886
16,61167.932807,273614.839440,216.935609,523.082058,1319.000000,795.917942
17,75961.227665,253480.765962,238.976618,503.468734,1488.000000,984.531266
18,76151.205207,78620.913255,241.935018,280.394210,1404.000000,1123.605790
19,71080.943395,97.278017,226.463547,9.862962,1076.000000,1085.862962
20,66708.147675,1116.211883,214.397686,33.409757,749.000000,782.409757
21,62820.147481,612.144370,203.241442,24.741551,629.000000,653.741551
22,60717.282047,24968.569681,200.728832,158.014460,805.000000,646.985540
23,57621.717511,1901.555848,192.459253,43.606833,829.000000,872.606833
24,55063.625111,6459.869524,186.854956,80.373314,718.000000,798.373314
25,52950.819072,10694.698280,182.881633,103.415174,574.000000,677.415174
26,51137.161328,13050.348720,179.761474,114.238123,506.000000,620.238123
27,49515.401424,13836.683523,177.060081,117.629433,501.000000,618.629433
28,47648.982100,4721.337657,172.545577,68.711991,571.000000,502.288009
29,46294.417371,13784.863869,170.340112,117.408960,730.000000,612.591040
30,50764.507038,162516.748723,179.293710,403.133661,1236.000000,832.866339
31,51936.704173,82413.829686,183.285724,287.078090,1353.000000,1065.921910
32,52749.104275,74683.907023,186.499933,273.283565,1118.000000,844.716435
33,52087.708749,33568.634012,186.386744,183.217450,1037.000000,853.782550
34,50639.931193,8654.382065,183.274817,93.028931,986.000000,892.971069
35,50325.312237,40886.743559,183.885458,202.204707,1016.000000,813.795293
36,48841.141992,2831.864408,179.802015,53.215265,1078.000000,1024.784735
37,51876.637667,149012.499260,186.051086,386.021372,1122.000000,1508.021372
38,50750.122058,13575.106957,184.005827,116.512261,1073.000000,956.487739
39,49423.665367,4324.137878,180.627323,65.758177,1041.000000,975.241823
40,50199.043037,77337.261497,183.334780,278.095778,1277.000000,998.904222
41,48937.762678,3531.669761,179.985944,59.427853,1246.000000,1305.427853
42,54894.735329,275302.723387,189.057182,524.692980,1610.000000,1085.307020
43,53544.347767,2229.620411,185.420301,47.218857,1299.000000,1251.781143
44,52353.049259,5892.407457,182.703844,76.762018,1127.000000,1050.237982
45,56710.821234,231021.700230,189.970755,480.647168,1346.000000,865.352832
46,58373.972463,126563.172855,193.918051,355.757182,964.000000,1319.757182
47,58597.529800,67986.937959,195.472120,260.743050,873.000000,1133.743050
48,58275.124928,44411.715426,195.819137,210.740873,782.000000,992.740873
49,58455.244122,66380.488679,197.193026,257.644112,783.000000,1040.644112
50,58377.683294,54887.446020,197.999280,234.280699,821.000000,586.719301
51,57378.040177,11394.456795,196.057695,106.744821,625.000000,731.744821
52,56255.792964,3510.173973,193.207467,59.246721,646.000000,705.246721
53,55898.641349,38755.363790,193.282086,196.863820,770.000000,573.136180
54,56077.626147,64847.881281,194.509494,254.652472,1043.000000,788.347528
55,55001.562172,1198.363433,191.374354,34.617386,1153.000000,1118.382614
56,53949.959193,318.207264,188.037124,17.838365,1081.000000,1063.161635
57,53524.542789,31402.889741,187.832812,177.208605,1184.000000,1006.791395
58,52823.780989,15683.405622,186.673564,125.233405,1117.000000,991.766595
59,52048.137173,10163.371111,185.112473,100.813546,1059.000000,958.186454
60,51469.824726,19662.640141,184.310885,140.223536,924.000000,1064.223536
61,52110.578594,87992.795166,186.281497,296.635795,947.000000,1243.635795
62,51308.652657,5598.874258,184.359844,74.825626,987.000000,1061.825626
63,50492.261535,3141.576458,182.185097,56.049768,1000.000000,943.950232
64,50342.488207,41505.861892,182.544177,203.729875,1163.000000,959.270125
65,50321.165663,49041.813011,183.182040,221.453862,1286.000000,1064.546138
66,49982.544152,29326.631966,182.989591,171.250203,1274.000000,1102.749797
67,50006.444441,51488.262349,183.686745,226.910252,1247.000000,1020.089748
68,49239.475544,920.435054,181.290681,30.338673,1089.000000,1058.661327
69,48525.288980,2817.348866,179.318189,53.078704,1010.000000,956.921296
70,48079.830240,19125.012166,178.696599,138.293211,1013.000000,874.706789
71,47451.112107,5955.715317,177.181325,77.173281,1045.000000,967.826719
72,46763.032828,661.721153,174.954011,25.723941,925.000000,950.723941
73,46100.004083,1014.049366,172.879955,31.844142,968.000000,936.155858
74,45891.878341,31531.202153,172.946959,177.570274,773.000000,950.570274
75,45953.808337,50288.908070,173.669564,224.251885,691.000000,915.251885
76,45549.032869,16809.974628,173.058227,129.653286,618.000000,747.653286
77,45005.440919,5866.820566,171.736815,76.595173,615.000000,691.595173
78,44497.637433,7427.982928,170.580719,86.185747,722.000000,808.185747
79,43907.992392,274.259359,168.527120,16.560778,828.000000,811.439222
80,43432.370132,7760.700666,167.468801,88.094839,923.000000,1011.094839
81,42868.607991,22.685272,165.355737,4.762906,1009.000000,1004.237094
82,42335.724272,1303.677913,163.698695,36.106480,1002.000000,965.893520
83,41838.302700,3039.420087,162.324420,55.130936,880.000000,935.130936
84,41318.410641,246.937973,160.491793,15.714260,879.000000,894.714260
85,40831.859566,1907.773565,159.049648,43.678067,906.000000,949.678067
86,40368.198663,2811.665506,157.756666,53.025140,1045.000000,991.974860
87,40426.155394,45178.607357,158.416858,212.552599,1051.000000,1263.552599
88,40022.278718,6500.514549,157.490774,80.625769,1055.000000,1135.625769
89,40686.343391,96467.775975,159.291972,310.592621,1312.000000,1001.407379
90,40676.485470,39838.562192,159.760624,199.595997,1381.000000,1181.404003
91,40210.781173,160.211607,158.069783,12.657472,1140.000000,1127.342528
92,39864.149994,9707.237436,157.393141,98.525314,940.000000,1038.525314
93,39507.579877,8129.409568,156.637749,90.163238,933.000000,1023.163238
94,39068.876076,24.237759,154.952032,4.923186,872.000000,876.923186
95,38642.147795,236.602522,153.418294,15.381889,853.000000,868.381889
96,38384.720126,14958.802269,153.080119,122.306182,855.000000,977.306182
97,38152.985062,16833.359176,152.829186,129.743436,734.000000,863.743436
98,37747.109135,0.647855,151.211907,0.804894,711.000000,710.195106
99,37349.819995,4.640837,149.642879,2.154260,703.000000,700.845740
100,37175.507532,20615.823544,149.579746,143.582114,830.000000,686.417886
101,37023.590482,22439.553707,149.582000,149.798377,966.000000,816.201623
102,37805.440822,113644.923810,151.495578,337.112628,1451.000000,1113.887372
103,39347.917727,190510.654406,154.374160,436.475262,1701.000000,1264.524738
104,39114.868517,16042.996712,154.097028,126.660952,1470.000000,1343.339048
105,38940.543294,21508.021071,154.023356,146.656132,1300.000000,1153.343868
106,38804.638057,25078.209086,154.065882,158.361009,1120.000000,961.638991
107,38757.567277,33956.347669,154.359150,184.272482,1146.000000,961.727518
108,38533.945064,15500.857120,154.072066,124.502438,1162.000000,1037.497562
109,38244.510169,8143.281181,153.464143,90.240131,1053.000000,1143.240131
110,37886.474692,292.749546,152.177783,17.109925,1033.000000,1015.890075
111,37562.921130,3266.243560,151.289682,57.151059,1141.000000,1083.848941
112,39801.738051,279355.148620,154.782746,528.540584,1601.000000,1072.459416
113,39856.334604,45752.762298,155.325097,213.898953,1754.000000,1540.101047
114,39843.373348,38430.596441,155.695207,196.037232,1573.000000,1376.962768
115,39530.872834,5155.816274,154.939431,71.804013,1294.000000,1222.195987
116,39257.851478,8952.481001,154.400842,94.617551,1159.000000,1064.382449
117,39076.086361,18718.393249,154.245217,136.815179,852.000000,988.815179
118,38733.336221,2.570378,152.906252,1.603240,1019.000000,1020.603240
119,39708.315970,150856.007348,154.954040,388.401863,784.000000,1172.401863
120,40170.304710,93299.009843,156.251409,305.448866,640.000000,945.448866
121,40100.042736,31949.653788,156.443659,178.744661,608.000000,786.744661
122,39806.295691,5437.891435,155.742798,73.742060,626.000000,699.742060
123,39517.091465,5390.992727,155.051039,73.423380,585.000000,511.576620
124,39238.384477,6072.252969,154.408319,77.924662,681.000000,758.924662
125,38975.321952,7407.818908,153.843528,86.068687,770.000000,856.068687
126,38810.071473,18814.763578,153.706835,137.166919,1185.000000,1047.833081
127,38495.735135,146.701870,152.555658,12.112055,1287.000000,1274.887945
128,38809.287213,77376.192839,153.568643,278.165765,1431.000000,1152.834235
129,38570.589230,8972.039264,153.097860,94.720849,1297.000000,1202.279151
130,38413.108613,18728.031463,152.968912,136.850398,1250.000000,1113.149602
131,38474.599022,46222.390578,153.457298,214.993931,1359.000000,1144.006069
132,38427.531406,32449.944149,153.665746,180.138680,1309.000000,1128.861320
133,38189.379397,7705.922288,153.155030,87.783383,1136.000000,1223.783383
134,38104.447026,27148.171235,153.244353,164.767021,1197.000000,1361.767021
135,38107.565577,38512.977158,153.572620,196.247235,1173.000000,1369.247235
136,37831.569102,1676.030914,152.719337,40.939357,1235.000000,1194.060643
137,37560.667765,1801.691276,151.890217,42.446334,1271.000000,1228.553666
138,37455.837124,23513.361802,151.901041,153.340672,1173.000000,1326.340672
139,37262.905212,11410.029098,151.567091,106.817738,1426.000000,1319.182262
140,37297.888099,42020.577841,151.959901,204.989214,1101.000000,1305.989214
141,37772.100677,102265.011256,153.184931,319.789011,943.000000,1262.789011
142,38249.074653,103594.509271,154.407221,321.861009,925.000000,1246.861009
143,38609.167619,88301.996958,155.434194,297.156519,784.000000,1081.156519
144,38341.723506,1166.991881,154.567959,34.161263,714.000000,679.838737
145,38190.846167,17068.018634,154.398290,130.644627,625.000000,755.644627
146,38193.091500,38509.683473,154.692942,196.238843,577.000000,773.238843
147,37931.675020,810.534911,153.810263,28.469895,554.000000,582.469895
148,37736.530664,9830.887743,153.430684,99.150833,576.000000,675.150833
149,37832.236929,51613.939120,153.939348,227.187014,878.000000,650.812986
150,37638.043330,9479.971352,153.551854,97.365144,1334.000000,1236.634856
151,38002.359764,91192.559224,154.561576,301.981058,1696.000000,1394.018942
152,37806.215305,8972.979764,154.157281,94.725814,1331.000000,1425.725814
153,37632.598210,11937.268206,153.855942,109.257806,1161.000000,1270.257806
154,37454.798545,10962.648490,153.528253,104.702667,1067.000000,1171.702667
155,37214.319163,1142.411806,152.735348,33.799583,1152.000000,1118.200417
156,37062.091160,14075.662651,152.511043,118.640898,1108.000000,1226.640898
157,37255.917775,66717.563318,153.202457,258.297432,994.000000,1252.297432
158,37034.097594,3095.609906,152.568923,55.638205,1154.000000,1098.361795
159,36875.163596,12399.327882,152.303009,111.352269,1060.000000,1171.352269
160,37062.135651,66042.804136,152.974066,256.987946,1478.000000,1221.012054
161,37444.245546,97053.389156,153.984002,311.533929,1737.000000,1425.466071
162,37398.661087,30241.901132,154.110065,173.901987,1667.000000,1493.098013
163,37530.012553,58283.544165,154.659183,241.419850,1485.000000,1243.580150
164,37297.554467,336.718710,153.807250,18.349897,1150.000000,1168.349897
165,37281.847050,34768.660357,154.010084,186.463563,1171.000000,984.536437
166,37351.843460,48621.265452,154.420530,220.502303,1083.000000,862.497697
167,37404.485742,45932.535415,154.788004,214.318771,904.000000,1118.318771
168,37331.588196,25449.288195,154.816908,159.528330,787.000000,946.528330
169,37237.090452,21739.460482,154.772218,147.443075,687.000000,834.443075
170,37024.031582,1869.318007,154.100311,43.235610,645.000000,688.235610
171,36828.124954,4307.624721,153.570564,65.632497,623.000000,557.367503
172,36652.407180,7307.538902,153.165287,85.484144,650.000000,735.484144
173,36699.229573,44565.391574,153.508127,211.105167,885.000000,673.894833
174,37093.268690,103685.879527,154.499273,322.002919,1384.000000,1061.997081
175,36967.578949,15600.323033,154.326185,124.901253,1682.000000,1557.098747
176,36772.396188,3396.143940,153.767756,58.276444,1333.000000,1391.276444
177,36610.760997,8809.508238,153.421463,93.858981,1127.000000,1220.858981
178,36475.792757,13126.287272,153.198178,114.570010,1068.000000,1182.570010
179,36319.665586,9153.537727,152.869470,95.674123,1056.000000,1151.674123
180,36165.526053,9191.107744,152.545610,95.870265,1087.000000,1182.870265
181,36012.799748,9132.970143,152.223695,95.566574,1129.000000,1224.566574
182,35812.663957,388.628992,151.479257,19.713675,1205.000000,1185.286325
183,35612.621828,5.122840,150.645648,2.263369,1131.000000,1133.263369
184,35604.743334,34194.492802,150.836048,184.917530,1338.000000,1153.082470
185,35557.760415,27100.835052,150.912220,164.623313,1464.000000,1299.376687
186,35410.373496,8733.341197,150.596507,93.452347,1453.000000,1359.547653
187,35387.610513,31244.747521,150.739487,176.761838,1121.000000,1297.761838
188,35265.480065,12915.608216,150.537896,113.646857,989.000000,1102.646857
189,35148.135684,13556.769445,150.353549,116.433541,911.000000,1027.433541
190,35070.254714,20662.275313,150.318012,143.743784,936.000000,792.256216
191,34934.619385,9706.448224,150.041025,98.521308,840.000000,938.521308
192,34891.275547,26785.977880,150.113488,163.664223,688.000000,851.664223
193,34788.457829,15458.726793,149.977084,124.333128,622.000000,746.333128
194,34651.404221,8748.272250,149.680006,93.532199,569.000000,662.532199
195,34563.120537,17789.220699,149.594646,133.376237,525.000000,658.376237
196,34398.534883,2962.674993,149.098999,54.430460,607.000000,661.430460
197,34235.566249,2945.588422,148.607674,54.273275,845.000000,790.726725
198,34157.014208,18996.470290,148.552107,137.827683,1372.000000,1234.172317