# TEST CONFIGURATION BEGIN
# File Stream: filename: air_company_stock1.csv  -  n_targets: 1
# [air_company_stock1_ADE_HETERO_ABSTAIN_SIZE_4] Pipeline: Array BaseStreamModel: base_models: [<skmultiflow.lazy.knn_forecast.KNNForecast object at 0x7f22850ea7f0>, <skmultiflow.lazy.knn_forecast.KNNForecast object at 0x7f22850ea550>, <skmultiflow.trees.regression_hoeffding_tree.RegressionHoeffdingTree object at 0x7f22850eab70>, <skmultiflow.trees.regression_hoeffding_adaptive_tree.RegressionHAT object at 0x7f22850eab38>]
 Array BaseStreamModel: base_models: [<skmultiflow.lazy.knn_forecast.KNNForecast object at 0x7f22850ea7f0>, <skmultiflow.lazy.knn_forecast.KNNForecast object at 0x7f22850ea550>, <skmultiflow.trees.regression_hoeffding_tree.RegressionHoeffdingTree object at 0x7f22850eab70>, <skmultiflow.trees.regression_hoeffding_adaptive_tree.RegressionHAT object at 0x7f22850eab38>]
# Prequential Evaluator: n_wait: 1 - max_samples: 600000 - max_time: 10000000 - output_file: air_company_stock1_ADE_HETERO_ABSTAIN_SIZE_4_SIZE_4 - batch_size: 1 - pretrain_size: 5 - task_type: regression - show_plot: False - metrics: ['mean_square_error', 'mean_absolute_error', 'true_vs_predicted']
# TEST CONFIGURATION END
id,global_mse_[air_company_stock1_ADE_HETERO_ABSTAIN_SIZE_4],sliding_mse_[air_company_stock1_ADE_HETERO_ABSTAIN_SIZE_4],global_mae_[air_company_stock1_ADE_HETERO_ABSTAIN_SIZE_4],sliding_mae_[air_company_stock1_ADE_HETERO_ABSTAIN_SIZE_4],true_value_[air_company_stock1_ADE_HETERO_ABSTAIN_SIZE_4],predicted_value_[air_company_stock1_ADE_HETERO_ABSTAIN_SIZE_4]
5,0.476314,0.476314,0.690155,0.690155,0.625000,-0.065155
6,0.659220,0.842126,0.803915,0.917674,0.937000,0.019326
7,0.439564,0.000252,0.541238,0.015886,-0.109000,-0.093114
8,0.332944,0.013082,0.434524,0.114379,-0.328000,-0.213621
9,0.457676,0.956607,0.543231,0.978063,0.328000,-0.650063
10,0.430998,0.297605,0.543615,0.545532,0.437000,-0.108532
11,0.381093,0.081666,0.506780,0.285772,0.235000,0.520772
12,0.337994,0.036300,0.467248,0.190526,-0.125000,0.065526
13,0.311693,0.101286,0.450694,0.318255,0.062000,-0.256255
14,0.280581,0.000573,0.408018,0.023935,0.063000,0.039065
15,0.287614,0.357942,0.425314,0.598283,-0.235000,0.363283
16,0.278170,0.174291,0.424662,0.417482,-0.437000,-0.019518
17,0.305948,0.639279,0.453499,0.799549,0.500000,-0.299549
18,0.320681,0.512216,0.472227,0.715693,0.500000,-0.215693
19,0.302503,0.047999,0.455351,0.219088,0.000000,0.219088
20,0.285827,0.035692,0.438700,0.188924,0.172000,-0.016924
21,0.275521,0.110618,0.432458,0.332593,0.218000,-0.114593
22,0.260991,0.013983,0.415002,0.118248,-0.062000,0.056248
23,0.266280,0.361485,0.424804,0.601236,-0.328000,0.273236
24,0.263949,0.219658,0.426997,0.468676,0.390000,-0.078676
25,0.254063,0.056352,0.417968,0.237386,0.047000,-0.190386
26,0.253381,0.239054,0.421194,0.488931,-0.109000,0.379931
27,0.242450,0.001964,0.404808,0.044315,0.062000,0.106315
28,0.233174,0.019843,0.393810,0.140864,0.047000,-0.093864
29,0.228232,0.109604,0.391300,0.331065,-0.219000,0.112065
30,0.226777,0.190398,0.393033,0.436347,0.000000,0.436347
31,0.219274,0.024212,0.384239,0.155601,-0.218000,-0.062399
32,0.211799,0.009978,0.374084,0.099888,-0.453000,-0.552888
33,0.220477,0.463442,0.384659,0.680766,0.234000,-0.446766
34,0.230326,0.515964,0.395781,0.718306,0.156000,-0.562306
35,0.232141,0.286601,0.400283,0.535351,0.235000,-0.300351
36,0.224893,0.000190,0.388205,0.013790,0.000000,-0.013790
37,0.219420,0.044278,0.382818,0.210424,0.046000,-0.164424
38,0.216393,0.116510,0.381598,0.341336,0.063000,-0.278336
39,0.212095,0.065963,0.378033,0.256833,-0.063000,-0.319833
40,0.207558,0.048759,0.373666,0.220815,0.172000,-0.048815
41,0.207741,0.214317,0.376079,0.462944,0.391000,-0.071944
42,0.202605,0.012588,0.369134,0.112195,-0.109000,0.003195
43,0.199093,0.065647,0.366239,0.256216,0.156000,-0.100216
44,0.200984,0.274708,0.370186,0.524126,0.281000,-0.243126
45,0.196339,0.010571,0.363665,0.102817,-0.328000,-0.225183
46,0.192024,0.015091,0.357931,0.122845,-0.109000,0.013845
47,0.189780,0.095535,0.356795,0.309087,-0.500000,-0.190913
48,0.188716,0.142954,0.357279,0.378093,-0.454000,-0.075907
49,0.184948,0.019145,0.352415,0.138364,0.282000,0.143636
50,0.183332,0.110618,0.351984,0.332593,-0.110000,0.222593
51,0.179432,0.000067,0.344669,0.008189,0.157000,0.165189
52,0.177911,0.106391,0.344284,0.326177,-0.266000,0.060177
53,0.174954,0.033032,0.340967,0.181747,0.000000,-0.181747
54,0.178649,0.359691,0.346142,0.599742,-0.734000,-0.134258
55,0.175186,0.002049,0.340242,0.045264,0.500000,0.454736
56,0.191924,1.045534,0.353363,1.022513,0.562000,-0.460513
57,0.189870,0.083080,0.352134,0.288237,-0.219000,0.069237
58,0.190425,0.219843,0.354296,0.468874,0.282000,-0.186874
59,0.188406,0.079386,0.352977,0.281756,0.000000,-0.281756
60,0.199572,0.813676,0.362782,0.902040,0.000000,-0.902040
61,0.196685,0.035018,0.359700,0.187130,0.000000,-0.187130
62,0.194299,0.058294,0.357661,0.241442,-0.625000,-0.383558
63,0.193551,0.150176,0.358168,0.387526,0.062000,-0.325526
64,0.190394,0.004119,0.353268,0.064182,-0.328000,-0.263818
65,0.187555,0.017223,0.349628,0.131235,-0.172000,-0.040765
66,0.185057,0.032678,0.346904,0.180772,0.000000,-0.180772
67,0.185322,0.201769,0.348528,0.449188,0.172000,-0.277188
68,0.185090,0.170468,0.349533,0.412878,0.109000,-0.303878
69,0.185490,0.211086,0.351224,0.459441,0.610000,0.150559
70,0.183128,0.029596,0.348509,0.172036,-0.063000,-0.235036
71,0.182019,0.108829,0.348231,0.329893,0.110000,-0.219893
72,0.185641,0.428351,0.352735,0.654486,0.500000,-0.154486
73,0.183151,0.013790,0.349325,0.117432,-0.110000,-0.227432
74,0.180547,0.000866,0.344755,0.029421,0.110000,0.080579
75,0.184803,0.482704,0.349685,0.694769,0.562000,-0.132769
76,0.184196,0.141157,0.350046,0.375709,-0.172000,-0.547709
77,0.183504,0.133659,0.350259,0.365594,-0.156000,0.209594
78,0.181834,0.059948,0.348835,0.244843,0.109000,-0.135843
79,0.179613,0.015210,0.345828,0.123328,-0.172000,-0.295328
80,0.177385,0.010305,0.342613,0.101514,0.110000,0.008486
81,0.176420,0.103103,0.342334,0.321097,-0.219000,0.102097
82,0.174520,0.028201,0.340098,0.167931,0.000000,-0.167931
83,0.174436,0.167921,0.340980,0.409782,0.609000,0.199218
84,0.172350,0.007525,0.337802,0.086748,0.172000,0.085252
85,0.170251,0.002319,0.334226,0.048158,0.157000,0.108842
86,0.171008,0.232309,0.336028,0.481984,-0.438000,0.043984
87,0.168969,0.001803,0.332491,0.042466,-0.219000,-0.261466
88,0.173592,0.557257,0.337420,0.746496,0.657000,-0.089496
89,0.173237,0.143418,0.337906,0.378705,0.562000,0.183295
90,0.183641,1.067970,0.345993,1.033426,0.938000,-0.095426
91,0.186780,0.456754,0.349784,0.675835,-0.110000,-0.785835
92,0.189663,0.440472,0.353351,0.663681,-0.047000,-0.710681
93,0.191768,0.377027,0.356280,0.614025,0.157000,-0.457025
94,0.193982,0.391038,0.359270,0.625331,0.500000,-0.125331
95,0.192871,0.092867,0.358670,0.304742,0.062000,-0.242742
96,0.190917,0.013101,0.356016,0.114461,-0.062000,0.052461
97,0.191635,0.257707,0.357646,0.507649,0.062000,-0.445649
98,0.189662,0.006190,0.354679,0.078675,0.172000,0.093325
99,0.195082,0.704520,0.359781,0.839357,-0.563000,0.276357
100,0.193079,0.002838,0.356588,0.053270,0.282000,0.228730
101,0.193897,0.272379,0.358292,0.521899,0.218000,-0.303899
102,0.192112,0.018952,0.356041,0.137666,0.219000,0.081334
103,0.190203,0.003216,0.353017,0.056711,-0.047000,0.009711
104,0.190351,0.204953,0.354014,0.452718,0.282000,-0.170718
105,0.192494,0.406783,0.356824,0.637796,0.156000,-0.481796
106,0.207498,1.722924,0.366194,1.312602,-1.110000,0.202602
107,0.210230,0.488863,0.369427,0.699188,0.282000,-0.417188
108,0.210129,0.199732,0.370172,0.446914,-0.110000,-0.556914
109,0.209615,0.156130,0.370410,0.395133,0.657000,0.261867
110,0.212532,0.518894,0.373711,0.720343,0.781000,0.060657
111,0.210557,0.001165,0.370538,0.034127,-0.047000,-0.081127
112,0.210055,0.156309,0.370767,0.395360,0.000000,-0.395360
113,0.208133,0.000611,0.367593,0.024727,0.000000,-0.024727
114,0.206549,0.033931,0.365926,0.184203,0.000000,-0.184203
115,0.204884,0.021732,0.363957,0.147417,0.156000,0.303417
116,0.203246,0.021391,0.362013,0.146258,0.281000,0.134742
117,0.202933,0.167907,0.362436,0.409765,0.110000,-0.299765
118,0.201162,0.000973,0.359530,0.031192,0.062000,0.093192
119,0.200237,0.094807,0.359081,0.307908,-0.109000,0.198908
120,0.199488,0.113371,0.358888,0.336706,0.047000,0.383706
121,0.197958,0.020514,0.357045,0.143227,-0.110000,0.033227
122,0.196425,0.017047,0.355126,0.130565,0.110000,-0.020565
123,0.195324,0.065344,0.354290,0.255626,-0.156000,0.099626
124,0.193864,0.020184,0.352521,0.142071,0.375000,0.232929
125,0.192723,0.055811,0.351560,0.236244,-0.157000,0.079244
126,0.192463,0.160928,0.351967,0.401158,0.000000,0.401158
127,0.193742,0.349766,0.353913,0.591410,-0.500000,0.091410
128,0.192503,0.040181,0.352676,0.200451,-0.109000,0.091451
129,0.191069,0.013181,0.350773,0.114811,0.156000,0.041189
130,0.191863,0.291210,0.352272,0.539638,-0.219000,0.320638
131,0.190706,0.044846,0.351166,0.211769,-0.046000,0.165769
132,0.189621,0.051886,0.350202,0.227784,0.328000,0.100216
133,0.188679,0.068126,0.349510,0.261009,0.328000,0.066991
134,0.189932,0.351552,0.351383,0.592918,-0.391000,0.201918
135,0.192546,0.532388,0.354270,0.729649,0.672000,-0.057649
136,0.193778,0.355174,0.356101,0.595964,0.391000,-0.204964
137,0.196728,0.586094,0.359180,0.765568,0.828000,0.062432
138,0.195275,0.001994,0.356833,0.044650,0.062000,0.106650
139,0.193829,0.000002,0.354201,0.001563,0.000000,-0.001563
140,0.192987,0.079442,0.353669,0.281855,0.000000,-0.281855
141,0.192572,0.136096,0.353780,0.368912,-0.109000,0.259912
142,0.196824,0.779326,0.357614,0.882795,-0.781000,0.101795
143,0.195430,0.003051,0.355438,0.055235,0.218000,0.273235
144,0.194732,0.097683,0.355132,0.312542,-0.609000,-0.296458
145,0.196527,0.447827,0.357359,0.669198,0.000000,0.669198
146,0.195549,0.057723,0.356535,0.240255,-0.062000,0.178255
147,0.196990,0.401568,0.358473,0.633694,-0.375000,0.258694
148,0.195928,0.044099,0.357442,0.209998,-0.063000,0.146998
149,0.194584,0.001051,0.355200,0.032427,0.281000,0.248573
150,0.193578,0.047656,0.354263,0.218302,-0.218000,0.000302
151,0.193987,0.253695,0.355279,0.503682,-0.125000,0.378682
152,0.193465,0.116686,0.355187,0.341593,-0.375000,-0.033407
153,0.193046,0.131173,0.355234,0.362178,-0.391000,-0.028822
154,0.196445,0.702831,0.358454,0.838350,0.937000,0.098650
155,0.195157,0.001972,0.356375,0.044409,-0.046000,-0.001591
156,0.193881,0.001142,0.354252,0.033796,0.156000,0.122204
157,0.194449,0.280761,0.355400,0.529869,0.281000,-0.248869
158,0.193436,0.038473,0.354366,0.196145,-0.062000,-0.258145
159,0.192308,0.018577,0.352959,0.136297,-0.219000,-0.082703
160,0.192170,0.170801,0.353346,0.413281,-0.281000,0.132281
161,0.196589,0.886062,0.357091,0.941309,0.500000,-0.441309
162,0.195468,0.019466,0.355714,0.139521,0.000000,0.139521
163,0.194297,0.009236,0.354081,0.096105,0.125000,0.221105
164,0.193185,0.016405,0.352668,0.128083,0.109000,-0.019083
165,0.192005,0.003222,0.350831,0.056763,0.156000,0.099237
166,0.190833,0.002119,0.348949,0.046032,0.172000,0.125968
167,0.190297,0.103457,0.348782,0.321648,0.672000,0.350352
168,0.189353,0.035438,0.347803,0.188250,0.109000,-0.079250
169,0.189196,0.163515,0.348146,0.404370,-0.218000,0.186370
170,0.188293,0.039267,0.347242,0.198159,-0.235000,-0.036841
171,0.187196,0.005119,0.345591,0.071544,-0.047000,-0.118544
172,0.186277,0.032691,0.344610,0.180805,-0.172000,0.008805
173,0.185317,0.024092,0.343490,0.155216,-0.046000,0.109216
174,0.184247,0.003339,0.341809,0.057782,-0.282000,-0.224218
175,0.184285,0.190813,0.342365,0.436821,0.500000,0.063179
176,0.184058,0.145183,0.342589,0.381029,0.282000,-0.099029
177,0.183726,0.126654,0.342666,0.355885,-0.125000,0.230885
178,0.183068,0.069334,0.342210,0.263313,0.234000,-0.029313
179,0.183880,0.325179,0.343513,0.570245,0.609000,0.038755
180,0.183124,0.050687,0.342841,0.225138,0.219000,-0.006138
181,0.183624,0.271731,0.343849,0.521278,-0.328000,0.193278
182,0.184234,0.292227,0.344954,0.540580,0.156000,-0.384580
183,0.184417,0.216985,0.345629,0.465817,0.235000,-0.230817
184,0.183710,0.057033,0.345036,0.238816,-0.063000,0.175816
185,0.184363,0.302016,0.346166,0.549560,0.719000,0.169440
186,0.184288,0.170597,0.346533,0.413033,0.172000,-0.241033
187,0.183283,0.000376,0.344746,0.019392,-0.063000,-0.082392
188,0.184148,0.342454,0.346052,0.585195,-0.656000,-0.070805
189,0.183212,0.011096,0.344751,0.105336,-0.063000,-0.168336
190,0.183032,0.149709,0.344978,0.386923,0.282000,-0.104923
191,0.182119,0.012252,0.343725,0.110690,0.218000,0.328690
192,0.183778,0.493996,0.345635,0.702848,0.672000,-0.030848
193,0.183218,0.077900,0.345283,0.279105,-0.281000,-0.001895
194,0.184199,0.369754,0.346666,0.608074,0.500000,-0.108074
195,0.183507,0.051955,0.346045,0.227937,-0.219000,0.008937
196,0.183961,0.270613,0.346952,0.520205,-0.218000,0.302205
197,0.183899,0.172146,0.347304,0.414904,-0.282000,0.132904
198,0.183857,0.175599,0.347674,0.419046,-0.109000,0.310046
199,0.183185,0.052849,0.347070,0.229888,-0.344000,-0.114112
200,0.182794,0.106647,0.346965,0.326568,-0.047000,0.279568
201,0.182009,0.028064,0.346054,0.167522,0.047000,-0.120522
202,0.181553,0.091734,0.345836,0.302876,0.000000,0.302876
203,0.182700,0.409848,0.347315,0.640194,-0.500000,0.140194
204,0.182758,0.194189,0.347782,0.440669,0.563000,0.122331
205,0.182366,0.104030,0.347656,0.322537,-0.391000,-0.068463
206,0.183494,0.410133,0.349106,0.640416,-0.172000,0.468416
207,0.182599,0.001874,0.347599,0.043285,0.110000,0.066715
208,0.182019,0.064307,0.347138,0.253588,-0.219000,0.034588
209,0.181448,0.065023,0.346689,0.254995,-0.156000,0.098995
210,0.184448,0.799301,0.349346,0.894036,-0.672000,0.222036
211,0.183651,0.019612,0.348335,0.140044,-0.219000,-0.359044
212,0.182787,0.003848,0.346958,0.062030,0.219000,0.281030
213,0.182857,0.197383,0.347424,0.444279,-0.328000,0.116279
214,0.183075,0.228752,0.348047,0.478280,0.437000,-0.041280
215,0.182290,0.017500,0.347025,0.132287,0.172000,0.039713
216,0.181721,0.061498,0.346557,0.247987,-0.172000,0.075987
217,0.180916,0.010369,0.345408,0.101827,0.000000,0.101827
218,0.181392,0.282755,0.346279,0.531747,0.391000,-0.140747
219,0.180548,0.000003,0.344677,0.001727,-0.328000,-0.326273
220,0.181396,0.363711,0.345873,0.603084,-0.500000,0.103084
221,0.181706,0.248548,0.346577,0.498546,0.375000,-0.123546
222,0.181025,0.033181,0.345822,0.182156,0.125000,-0.057156
223,0.180836,0.139754,0.345950,0.373837,-0.125000,0.248837
224,0.180097,0.018269,0.344992,0.135162,0.281000,0.145838
225,0.183066,0.836238,0.347569,0.914460,0.781000,-0.133460
226,0.182447,0.045596,0.346965,0.213531,-0.219000,-0.005469
227,0.181772,0.032015,0.346212,0.178928,-0.218000,-0.039072
228,0.180965,0.000879,0.344798,0.029650,-0.172000,-0.201650
229,0.180298,0.030887,0.344047,0.175746,0.000000,-0.175746
230,0.180341,0.190123,0.344454,0.436031,-0.328000,0.108031
231,0.179914,0.083445,0.344209,0.288868,-0.172000,0.116868
232,0.179718,0.135206,0.344312,0.367704,0.000000,-0.367704
233,0.179114,0.041375,0.343697,0.203409,-0.063000,0.140409
234,0.178776,0.101301,0.343586,0.318279,-0.156000,0.162279
235,0.178055,0.012326,0.342580,0.111020,0.000000,0.111020
236,0.178377,0.252618,0.343269,0.502612,-0.453000,0.049612
237,0.179742,0.496610,0.344821,0.704706,-0.719000,-0.014294
238,0.179916,0.220328,0.345353,0.469391,0.281000,-0.188391
239,0.179484,0.078487,0.345076,0.280155,0.282000,0.001845
240,0.179979,0.296156,0.345919,0.544203,-0.391000,0.153203
241,0.180336,0.264674,0.346630,0.514465,0.391000,-0.123465
242,0.182089,0.597519,0.348422,0.772994,0.546000,-0.226994
243,0.181415,0.020945,0.347570,0.144724,-0.171000,-0.026276
244,0.181759,0.264053,0.348263,0.513861,-0.438000,0.075861
245,0.181216,0.050943,0.347754,0.225705,0.109000,-0.116705
246,0.181262,0.192257,0.348129,0.438471,0.110000,-0.328471
247,0.180517,0.000206,0.346755,0.014348,0.281000,0.295348
248,0.180149,0.090722,0.346569,0.301202,-0.328000,-0.026798
249,0.179414,0.000035,0.345178,0.005903,-0.172000,-0.177903
250,0.179280,0.146443,0.345331,0.382679,0.219000,-0.163679
251,0.179424,0.215033,0.345810,0.463716,0.609000,0.145284
252,0.178848,0.036426,0.345185,0.190855,-0.156000,0.034855
253,0.178149,0.004886,0.344079,0.069900,0.000000,0.069900
254,0.177567,0.032595,0.343425,0.180541,-0.281000,-0.100459
255,0.177380,0.130560,0.343497,0.361330,0.390000,0.028670
256,0.176775,0.025014,0.342761,0.158157,-0.062000,0.096157
257,0.178570,0.630929,0.344546,0.794310,-0.610000,0.184310
258,0.178522,0.166487,0.344796,0.408029,-0.609000,-0.200971
259,0.178850,0.262058,0.345451,0.511916,0.438000,-0.073916
260,0.180584,0.622879,0.347185,0.789227,0.734000,-0.055227
261,0.181889,0.515807,0.348628,0.718197,0.828000,0.109803
262,0.181363,0.046197,0.348110,0.214936,0.109000,-0.105936
263,0.180789,0.032601,0.347463,0.180558,-0.171000,-0.351558
264,0.181517,0.370274,0.348467,0.608501,0.234000,-0.374501
265,0.180899,0.020053,0.347675,0.141607,0.219000,0.077393
266,0.180384,0.045986,0.347166,0.214444,-0.172000,0.042444
267,0.179707,0.002449,0.346034,0.049491,0.062000,0.012509
268,0.179105,0.020802,0.345270,0.144229,-0.172000,-0.316229
269,0.178522,0.024504,0.344558,0.156536,0.172000,0.015464
270,0.178609,0.201682,0.344951,0.449090,-0.218000,0.231090
271,0.178414,0.126537,0.344991,0.355720,-0.172000,0.183720
272,0.177759,0.002781,0.343900,0.052730,-0.110000,-0.057270
273,0.177866,0.206645,0.344312,0.454583,-0.281000,0.173583
274,0.177523,0.085195,0.344118,0.291882,0.281000,-0.010882
275,0.176954,0.023312,0.343411,0.152684,-0.062000,0.090684
276,0.176397,0.025636,0.342737,0.160113,-0.110000,0.050113
277,0.176153,0.109802,0.342696,0.331363,0.329000,-0.002363
278,0.175902,0.107267,0.342640,0.327516,0.343000,0.015484
279,0.176453,0.327403,0.343475,0.572191,-0.500000,0.072191
280,0.175814,0.000159,0.342276,0.012621,0.000000,0.012621
281,0.175739,0.155073,0.342462,0.393794,-0.609000,-0.215206
282,0.175227,0.033228,0.341886,0.182285,-0.063000,0.119285
283,0.174974,0.104854,0.341821,0.323812,0.391000,0.067188
284,0.174352,0.000777,0.340700,0.027876,0.063000,0.035124
285,0.175660,0.541808,0.342107,0.736076,0.656000,-0.080076
286,0.176238,0.338646,0.342958,0.581933,0.719000,0.137067
287,0.175856,0.068267,0.342669,0.261280,0.125000,-0.136280
288,0.175300,0.017933,0.341934,0.133915,0.000000,-0.133915
289,0.174939,0.072303,0.341678,0.268892,-0.172000,0.096892
290,0.174360,0.009279,0.340820,0.096326,0.047000,-0.049326
291,0.174351,0.171734,0.341076,0.414408,0.625000,0.210592
292,0.173746,0.000202,0.339941,0.014229,0.156000,0.141771
293,0.173145,0.000175,0.338811,0.013243,0.062000,0.048757
294,0.173423,0.253555,0.339379,0.503542,0.500000,-0.003542
295,0.173435,0.177089,0.339659,0.420820,0.500000,0.079180
296,0.175239,0.700219,0.341361,0.836791,-0.672000,0.164791
297,0.176556,0.561062,0.342753,0.749040,-0.718000,0.031040
298,0.176038,0.024284,0.342117,0.155834,-0.063000,-0.218834
299,0.175802,0.106496,0.342063,0.326337,-0.219000,0.107337
300,0.176417,0.357742,0.342928,0.598115,-0.218000,0.380115
301,0.175877,0.015896,0.342198,0.126081,-0.063000,0.063081
302,0.179309,1.198674,0.344724,1.094840,0.953000,-0.141840
303,0.178805,0.028671,0.344137,0.169326,0.157000,-0.012326
304,0.178284,0.022626,0.343492,0.150418,0.281000,0.130582
305,0.177888,0.058971,0.343157,0.242840,0.109000,-0.133840
306,0.177533,0.070661,0.342901,0.265821,-0.265000,0.000821
307,0.177885,0.284195,0.343529,0.533099,0.437000,-0.096099
308,0.177547,0.075223,0.343301,0.274268,0.391000,0.116732
309,0.176965,0.000088,0.342206,0.009397,-0.110000,-0.100603
310,0.176390,0.000969,0.341190,0.031128,-0.062000,-0.093128
311,0.175872,0.017187,0.340505,0.131099,0.062000,-0.069099
312,0.175554,0.077897,0.340306,0.279100,0.282000,0.002900
313,0.175118,0.040819,0.339859,0.202036,0.109000,0.311036
314,0.174857,0.094486,0.339754,0.307386,-0.234000,0.073386
315,0.176679,0.741262,0.341430,0.860965,0.843000,-0.017965
316,0.176117,0.001277,0.340450,0.035729,0.110000,0.145729
317,0.175886,0.104058,0.340393,0.322580,0.609000,0.286420
318,0.175328,0.000529,0.339382,0.022994,0.063000,0.040006
319,0.174891,0.037585,0.338920,0.193869,-0.235000,-0.041131
320,0.174464,0.040186,0.338482,0.200464,0.110000,-0.090464
321,0.174743,0.262665,0.339031,0.512508,-0.219000,0.293508
322,0.174319,0.039980,0.338594,0.199951,-0.110000,0.089951
323,0.174439,0.212638,0.338978,0.461127,0.782000,0.320873
324,0.175470,0.504568,0.340138,0.710329,0.781000,0.070671
325,0.174973,0.015817,0.339470,0.125766,0.047000,0.172766
326,0.175156,0.233819,0.339918,0.483549,0.562000,0.078451
327,0.175920,0.421968,0.340876,0.649591,0.547000,-0.102591
328,0.175575,0.064266,0.340607,0.253508,-0.265000,-0.011492
329,0.176227,0.387272,0.341474,0.622312,-0.563000,0.059312
330,0.175841,0.050433,0.341115,0.224572,0.063000,-0.161572
331,0.175460,0.051408,0.340765,0.226733,-0.344000,-0.117267
332,0.175844,0.301399,0.341400,0.548999,-0.110000,0.438999
333,0.175600,0.095550,0.341302,0.309112,-0.109000,0.200112
334,0.177213,0.707923,0.342817,0.841382,1.000000,0.158618
335,0.179896,1.065085,0.344900,1.032030,1.063000,0.030970
336,0.180164,0.268944,0.345423,0.518598,0.718000,0.199402
337,0.179940,0.105618,0.345361,0.324989,0.328000,0.003011
338,0.181182,0.594713,0.346636,0.771177,-0.671000,0.100177
339,0.180651,0.003162,0.345769,0.056234,-0.157000,-0.213234
340,0.180113,0.000188,0.344781,0.013722,-0.062000,-0.048278
341,0.179670,0.030615,0.344277,0.174972,-0.156000,0.018972
342,0.180173,0.349615,0.345008,0.591282,-0.500000,0.091282
343,0.179644,0.000833,0.344075,0.028857,0.109000,0.137857
344,0.179123,0.002647,0.343215,0.051448,0.047000,-0.004448
345,0.178608,0.003373,0.342379,0.058080,0.344000,0.402080
346,0.178101,0.005478,0.341594,0.074016,0.437000,0.511016
347,0.178597,0.348217,0.342318,0.590099,-0.281000,0.309099
348,0.178235,0.053916,0.341998,0.232199,-0.156000,0.076199
349,0.179253,0.529629,0.343116,0.727756,-0.563000,0.164756
350,0.184036,1.834142,0.346039,1.354305,-1.391000,-0.036695
351,0.185004,0.519693,0.347119,0.720897,0.500000,-0.220897
352,0.184586,0.039506,0.346693,0.198762,0.329000,0.130238
353,0.184602,0.190317,0.346950,0.436254,-0.047000,0.389254
354,0.186553,0.867406,0.348619,0.931346,-0.610000,0.321346
355,0.187752,0.607469,0.349847,0.779403,0.891000,0.111597
356,0.188220,0.352343,0.350539,0.593585,-0.500000,0.093585
357,0.187743,0.019983,0.349946,0.141360,0.328000,0.186640
358,0.188191,0.346474,0.350621,0.588620,-0.828000,-0.239380
359,0.187664,0.001001,0.349722,0.031632,-0.172000,-0.140368
360,0.188785,0.586548,0.350891,0.765864,0.422000,-0.343864
361,0.189294,0.370500,0.351613,0.608687,-0.344000,0.264687
362,0.189147,0.136851,0.351664,0.369934,-0.406000,-0.036066
363,0.189964,0.482450,0.352620,0.694586,0.828000,0.133414
364,0.189806,0.132889,0.352653,0.364540,0.500000,0.135460
365,0.190445,0.420704,0.353472,0.648617,-0.172000,0.476617
366,0.190015,0.034658,0.353010,0.186165,-0.156000,0.030165
367,0.191298,0.655698,0.354269,0.809752,-1.250000,-0.440248
368,0.190773,0.000263,0.353340,0.016217,-0.500000,-0.516217
369,0.190399,0.054447,0.353011,0.233339,-0.422000,-0.188661
370,0.192287,0.881201,0.354611,0.938723,0.672000,-0.266723
371,0.192059,0.108780,0.354544,0.329818,-0.094000,0.235818
372,0.191859,0.118496,0.354516,0.344233,-0.156000,0.188233
373,0.193523,0.805761,0.355988,0.897642,0.656000,-0.241642
374,0.193007,0.002623,0.355164,0.051216,0.094000,0.145216
375,0.192999,0.189896,0.355381,0.435771,0.406000,-0.029771
376,0.192503,0.008532,0.354674,0.092369,0.172000,0.264369
377,0.192127,0.052445,0.354337,0.229009,0.000000,-0.229009
378,0.191621,0.002897,0.353534,0.053825,0.000000,0.053825
379,0.191140,0.011191,0.352873,0.105786,0.328000,0.222214
380,0.191294,0.249037,0.353262,0.499036,-0.500000,-0.000964
381,0.191277,0.184703,0.353465,0.429770,0.344000,-0.085770
382,0.193724,1.116155,0.355325,1.056482,0.828000,-0.228482
383,0.193213,0.000109,0.354415,0.010460,0.250000,0.239540
384,0.192851,0.055696,0.354103,0.235999,0.000000,0.235999
385,0.192811,0.177660,0.354280,0.421497,-0.250000,0.171497
386,0.192709,0.154022,0.354380,0.392456,-0.500000,-0.107544
387,0.192616,0.157033,0.354489,0.396274,0.422000,0.025726
388,0.192192,0.029677,0.354015,0.172271,0.328000,0.155729
389,0.191724,0.012071,0.353381,0.109868,-0.078000,0.031868
390,0.194366,1.211321,0.355316,1.100600,-0.922000,0.178600
391,0.194117,0.098192,0.355208,0.313356,-0.328000,-0.014644
392,0.193826,0.081318,0.355027,0.285162,-0.250000,0.035162
393,0.193388,0.023382,0.354508,0.152911,0.078000,0.230911
394,0.194041,0.448012,0.355315,0.669337,0.750000,0.080663
395,0.199597,2.366354,0.358341,1.538296,1.672000,0.133704
396,0.200307,0.477865,0.359190,0.691278,-0.422000,0.269278
397,0.199996,0.078198,0.358988,0.279640,-0.078000,-0.357640
398,0.199514,0.010111,0.358332,0.100554,-0.594000,-0.493446
399,0.199301,0.115423,0.358285,0.339739,0.000000,-0.339739
400,0.199377,0.229473,0.358590,0.479033,0.500000,0.020967
401,0.199107,0.091941,0.358450,0.303217,0.094000,0.397217
402,0.198623,0.006760,0.357756,0.082218,-0.094000,-0.176218
403,0.198168,0.017089,0.357187,0.130724,0.344000,0.213276
404,0.197673,0.000103,0.356319,0.010145,0.156000,0.166145
405,0.199371,0.878414,0.357768,0.937237,-0.656000,0.281237
406,0.198905,0.011980,0.357150,0.109454,0.250000,0.140546
407,0.204015,2.258517,0.359993,1.502836,1.406000,-0.096836
408,0.203582,0.028918,0.359523,0.170054,-0.078000,0.092054
409,0.203094,0.005908,0.358825,0.076862,0.078000,0.154862
410,0.206414,1.550973,0.361009,1.245381,-1.156000,0.089381
411,0.207577,0.679946,0.362148,0.824588,0.500000,-0.324588
412,0.207433,0.148844,0.362206,0.385803,0.328000,-0.057803
413,0.208176,0.511254,0.363068,0.715020,1.078000,0.362980
414,0.207866,0.080946,0.362877,0.284510,0.094000,-0.190510
415,0.208565,0.494993,0.363706,0.703558,-0.672000,0.031558
416,0.208065,0.002717,0.362949,0.052123,-0.328000,-0.275877
417,0.207664,0.042403,0.362569,0.205920,0.406000,0.200080
418,0.209847,1.111433,0.364240,1.054245,-1.000000,0.054245
419,0.210170,0.343853,0.364775,0.586390,0.922000,0.335610
420,0.210560,0.372448,0.365365,0.610285,0.422000,-0.188285
421,0.210187,0.054988,0.365052,0.234495,-0.344000,-0.109505
422,0.210503,0.342452,0.365578,0.585194,0.594000,0.008806
423,0.210348,0.145447,0.365616,0.381376,0.406000,0.024624
424,0.212299,1.029754,0.367162,1.014768,0.672000,-0.342768
425,0.212027,0.097981,0.367033,0.313020,0.328000,0.014980
426,0.211663,0.058206,0.366735,0.241259,-0.078000,-0.319259
427,0.211647,0.204881,0.366938,0.452638,0.250000,-0.202638
428,0.212410,0.535416,0.367798,0.731721,-0.578000,0.153721
429,0.212051,0.059798,0.367508,0.244536,-0.344000,-0.099464
430,0.211611,0.024546,0.367013,0.156671,0.094000,-0.062671
431,0.211355,0.102083,0.366902,0.319504,-0.172000,0.147504
432,0.211260,0.170688,0.367010,0.413145,-0.250000,0.163145
433,0.211474,0.303447,0.367439,0.550860,-0.250000,0.300860
434,0.220105,3.922490,0.371190,1.980528,2.078000,0.097472
435,0.219601,0.002809,0.370452,0.052999,-0.156000,-0.103001
436,0.220291,0.517987,0.371260,0.719713,-0.500000,0.219713
437,0.219912,0.055920,0.370949,0.236474,0.000000,-0.236474
438,0.219423,0.007862,0.370299,0.088670,-0.172000,-0.083330
439,0.218939,0.008954,0.369665,0.094624,-0.078000,0.016624
440,0.218519,0.035718,0.369250,0.188993,0.750000,0.561007
441,0.223167,2.249637,0.371838,1.499879,1.250000,-0.249879
442,0.238993,7.154912,0.377096,2.674867,-2.672000,0.002867
443,0.242916,1.961463,0.379427,1.400522,1.250000,-0.150522
444,0.242589,0.098858,0.379279,0.314417,-0.500000,-0.185583
445,0.243073,0.456019,0.379951,0.675292,-0.500000,0.175292
446,0.242654,0.057838,0.379635,0.240496,0.578000,0.337504
447,0.242241,0.059580,0.379329,0.244089,-0.078000,0.166089
448,0.241712,0.007387,0.378668,0.085950,-0.578000,-0.492050
449,0.241856,0.305747,0.379060,0.552944,0.000000,0.552944
450,0.241326,0.005817,0.378381,0.076270,-0.094000,-0.017730
451,0.244702,1.750264,0.380494,1.322976,-1.250000,0.072976
452,0.245950,0.803717,0.381646,0.896503,-0.656000,0.240503
453,0.245570,0.075263,0.381407,0.274341,-0.094000,0.180341
454,0.246831,0.813316,0.382564,0.901841,1.172000,0.270159
455,0.247580,0.584612,0.383411,0.764599,-0.078000,0.686599
456,0.247065,0.014460,0.382828,0.120251,0.156000,0.035749
457,0.246783,0.119460,0.382746,0.345630,0.250000,-0.095630
458,0.251149,2.229183,0.385192,1.493045,-1.500000,-0.006955
459,0.251384,0.357872,0.385660,0.598224,-0.578000,0.020224
460,0.251634,0.365573,0.386140,0.604627,0.750000,0.145373
461,0.251658,0.262623,0.386417,0.512468,0.422000,-0.090468
462,0.251426,0.145035,0.386405,0.380835,0.406000,0.025165
463,0.250903,0.011378,0.385795,0.106670,-0.078000,0.028670
464,0.250661,0.139702,0.385769,0.373767,-0.328000,0.045767
465,0.250215,0.044961,0.385392,0.212039,0.500000,0.287961
466,0.249674,0.000465,0.384605,0.021567,0.250000,0.228433
467,0.250897,0.815654,0.385725,0.903136,1.000000,0.096864
468,0.251498,0.529946,0.386462,0.727974,1.000000,0.272026
469,0.254372,1.587892,0.388341,1.260116,-1.172000,0.088116
470,0.254407,0.270659,0.388624,0.520249,0.422000,-0.098249
471,0.254317,0.212615,0.388779,0.461101,0.406000,-0.055101
472,0.253774,0.000012,0.387956,0.003502,-0.156000,-0.159502
473,0.253552,0.149704,0.387954,0.386916,0.656000,0.269084
474,0.253039,0.012512,0.387366,0.111858,0.000000,0.111858
475,0.252764,0.123267,0.387289,0.351095,0.172000,-0.179095
476,0.253597,0.646265,0.388172,0.803906,1.000000,0.196094
477,0.253457,0.187393,0.388267,0.432890,-0.578000,-0.145110
478,0.253369,0.211618,0.388418,0.460020,0.406000,-0.054020
479,0.253383,0.259835,0.388673,0.509740,-0.328000,0.181740
480,0.252913,0.030003,0.388221,0.173213,-0.172000,0.001213
481,0.252539,0.074140,0.387978,0.272286,-0.328000,-0.055714
482,0.253200,0.568554,0.388743,0.754025,-0.750000,0.004025
483,0.252703,0.014991,0.388187,0.122437,-0.078000,-0.200437
484,0.252268,0.044173,0.387817,0.210174,0.078000,0.288174
485,0.252804,0.510096,0.388495,0.714210,-0.328000,0.386210
486,0.252393,0.054546,0.388174,0.233552,0.406000,0.172448
487,0.255638,1.819994,0.390163,1.349072,-1.156000,0.193072
488,0.255367,0.124503,0.390086,0.352850,0.156000,-0.196850
489,0.255280,0.213022,0.390233,0.461543,-0.328000,0.133543
490,0.256733,0.961596,0.391448,0.980610,1.000000,0.019390
491,0.256950,0.362184,0.391880,0.601817,-0.672000,-0.070183
492,0.257156,0.357421,0.392302,0.597847,0.594000,-0.003847
493,0.257175,0.266363,0.392555,0.516104,-0.922000,-0.405896
494,0.257411,0.373024,0.393001,0.610757,0.672000,0.061243
495,0.259775,1.417943,0.394625,1.190774,0.906000,-0.284774
496,0.262060,1.384279,0.396215,1.176554,1.422000,0.245446
497,0.263205,0.826427,0.397255,0.909080,1.000000,0.090920
498,0.262755,0.041010,0.396861,0.202510,-0.172000,0.030510
499,0.262489,0.131180,0.396791,0.362188,-0.578000,-0.215812
500,0.262193,0.115273,0.396675,0.339518,0.500000,0.160482
501,0.262875,0.601369,0.397437,0.775480,-0.500000,0.275480
502,0.262382,0.017143,0.396902,0.130933,0.172000,0.302933
503,0.263141,0.641179,0.397712,0.800736,-0.594000,0.206736
504,0.263740,0.562888,0.398417,0.750259,-0.828000,-0.077741
505,0.263417,0.101690,0.398258,0.318889,-0.422000,-0.103111
506,0.262982,0.045145,0.397888,0.212473,0.344000,0.131527
507,0.262628,0.084985,0.397676,0.291522,0.250000,-0.041522
508,0.262526,0.211395,0.397800,0.459777,-0.172000,0.287777
509,0.262665,0.332328,0.398153,0.576479,0.578000,0.001521
510,0.264778,1.332132,0.399648,1.154180,-1.078000,0.076180
511,0.264257,0.000652,0.398910,0.025527,-0.172000,-0.146473
512,0.264141,0.205057,0.399016,0.452833,0.344000,-0.108833
513,0.266525,1.477732,0.400620,1.215620,-1.000000,0.215620
514,0.266056,0.027420,0.400159,0.165589,-0.094000,0.071589
515,0.265845,0.158020,0.400154,0.397517,-0.328000,0.069517
516,0.266272,0.484506,0.400732,0.696064,0.578000,-0.118064
517,0.266830,0.552708,0.401400,0.743444,0.672000,-0.071444
518,0.269981,1.886495,0.403291,1.373497,1.328000,-0.045497
519,0.270723,0.652068,0.404076,0.807507,0.672000,-0.135507
520,0.270526,0.168816,0.404089,0.410873,0.578000,0.167127
521,0.270073,0.036367,0.403677,0.190701,0.250000,0.059299
522,0.269556,0.002405,0.402992,0.049036,0.000000,0.049036
523,0.269562,0.272561,0.403221,0.522073,-0.656000,-0.133927
524,0.269044,0.000333,0.402481,0.018253,-0.094000,-0.112253
525,0.268529,0.000711,0.401760,0.026664,-0.078000,-0.051336
526,0.268154,0.072572,0.401506,0.269391,-0.078000,0.191391
527,0.268617,0.510618,0.402105,0.714575,0.906000,0.191425
528,0.268191,0.045287,0.401744,0.212808,0.000000,0.212808
529,0.268274,0.311834,0.402042,0.558421,-0.406000,0.152421
530,0.269936,1.142181,0.403309,1.068729,-0.922000,0.146729
531,0.270259,0.440474,0.403804,0.663682,-0.672000,-0.008318
532,0.269786,0.020394,0.403309,0.142807,0.094000,-0.048807
533,0.270213,0.495595,0.403878,0.703985,-0.422000,0.281985
534,0.271331,0.863024,0.404868,0.928991,0.750000,-0.178991
535,0.270926,0.056096,0.404552,0.236846,0.328000,0.091154
536,0.275090,2.486087,0.406755,1.576733,1.500000,-0.076733
537,0.275220,0.344555,0.407093,0.586988,0.750000,0.163012
538,0.274875,0.090790,0.406895,0.301314,-0.078000,0.223314
539,0.274488,0.067837,0.406622,0.260455,0.078000,-0.182455
540,0.274095,0.063769,0.406334,0.252525,0.172000,-0.080525
541,0.274477,0.479653,0.406867,0.692570,0.578000,-0.114570
542,0.274304,0.181103,0.406902,0.425562,0.672000,0.246438
543,0.273907,0.060594,0.406604,0.246158,0.422000,0.175842
544,0.274148,0.403939,0.407028,0.635562,-0.500000,0.135562
545,0.273867,0.122117,0.406921,0.349452,-0.344000,0.005452
546,0.274459,0.594395,0.407593,0.770970,0.672000,-0.098970
547,0.274047,0.050769,0.407257,0.225320,-0.078000,0.147320
548,0.276489,1.602871,0.408836,1.266046,1.578000,0.311954
549,0.277192,0.659653,0.409576,0.812190,1.172000,0.359810
550,0.278311,0.888061,0.410552,0.942370,-0.672000,0.270370
551,0.277973,0.093084,0.410359,0.305096,0.422000,0.116904
552,0.277481,0.008854,0.409782,0.094095,0.078000,-0.016095
553,0.281001,2.209806,0.411743,1.486541,1.328000,-0.158541
554,0.282267,0.977037,0.412792,0.988452,-0.828000,0.160452
555,0.281937,0.100548,0.412618,0.317093,0.500000,0.182907
556,0.281426,0.000124,0.411891,0.011132,0.078000,0.089132
557,0.281563,0.357088,0.412227,0.597569,-0.328000,0.269569
558,0.281996,0.521232,0.412786,0.721964,-0.422000,0.299964
559,0.282060,0.317866,0.413058,0.563796,-0.250000,0.313796
560,0.285028,1.931993,0.414815,1.389962,1.250000,-0.139962
561,0.286131,0.899588,0.415773,0.948466,-0.828000,0.120466
562,0.285985,0.204632,0.415838,0.452363,0.578000,0.125637
563,0.285506,0.018344,0.415337,0.135442,0.000000,-0.135442
564,0.285104,0.060119,0.415033,0.245192,-0.328000,-0.082808
565,0.284600,0.002205,0.414377,0.046954,-0.172000,-0.125046
566,0.284152,0.032842,0.413962,0.181223,0.250000,0.068777
567,0.284173,0.296103,0.414193,0.544153,0.422000,-0.122153
568,0.283679,0.005521,0.413591,0.074306,0.078000,0.152306
569,0.283377,0.113276,0.413454,0.336566,-0.156000,0.180566
570,0.284788,1.081630,0.414561,1.040015,-1.000000,0.040015
571,0.284286,0.000442,0.413867,0.021020,-0.250000,-0.228980
572,0.284155,0.210039,0.413945,0.458300,-0.422000,0.036300
573,0.283892,0.134509,0.413863,0.366754,-0.328000,0.038754
574,0.283439,0.025528,0.413417,0.159775,-0.094000,0.065775
575,0.282975,0.018230,0.412929,0.135020,0.000000,0.135020
576,0.282480,0.000000,0.412208,0.000505,0.094000,0.094505
577,0.283810,1.044745,0.413273,1.022127,-0.844000,0.178127
578,0.283900,0.335513,0.413562,0.579235,0.672000,0.092765
579,0.287916,2.592646,0.415643,1.610170,1.672000,0.061830
580,0.287643,0.130792,0.415549,0.361652,0.500000,0.138348
581,0.287225,0.046744,0.415204,0.216204,0.328000,0.111796
582,0.286816,0.050626,0.414874,0.225002,0.328000,0.102998
583,0.286679,0.207464,0.414945,0.455482,-0.406000,0.049482
584,0.286265,0.046352,0.414600,0.215294,0.250000,0.034706
585,0.285772,0.000010,0.413892,0.003206,0.000000,-0.003206
586,0.286714,0.834085,0.414750,0.913282,1.078000,0.164718
587,0.290760,2.645554,0.416829,1.626516,1.750000,0.123484
588,0.290524,0.152858,0.416785,0.390971,0.000000,0.390971
589,0.290951,0.540414,0.417329,0.735129,-0.672000,0.063129
590,0.290498,0.025646,0.416890,0.160144,-0.328000,-0.167856
591,0.290491,0.286288,0.417091,0.535059,0.422000,-0.113059
592,0.290445,0.263589,0.417255,0.513409,0.500000,-0.013409
593,0.290496,0.320202,0.417507,0.565864,0.828000,0.262136
594,0.290027,0.013584,0.416997,0.116551,0.328000,0.211449
595,0.291099,0.923999,0.417918,0.961249,1.000000,0.038751
596,0.291471,0.511032,0.418420,0.714865,1.000000,0.285135
597,0.292751,1.050680,0.419443,1.025027,-0.578000,0.447027
598,0.292272,0.008181,0.418889,0.090451,0.078000,-0.012451
599,0.291788,0.004033,0.418292,0.063504,0.094000,0.157504
600,0.291420,0.072607,0.418042,0.269456,0.406000,0.136544
601,0.293236,1.375640,0.419306,1.172877,1.422000,0.249123
602,0.293700,0.570621,0.419868,0.755394,1.078000,0.322606
603,0.294876,0.998552,0.420835,0.999276,-0.750000,0.249276
604,0.294450,0.038716,0.420462,0.196763,-0.156000,0.040763
605,0.294759,0.480429,0.420916,0.693130,-0.750000,-0.056870
606,0.295616,0.810834,0.421712,0.900463,-0.922000,-0.021537
607,0.314110,11.447290,0.426624,3.383384,3.500000,0.116616
608,0.313599,0.005370,0.426039,0.073282,0.375000,0.301718
609,0.313272,0.115698,0.425897,0.340144,0.875000,0.534856
610,0.312764,0.005934,0.425321,0.077032,0.375000,0.297968
611,0.312374,0.075902,0.425074,0.275504,0.000000,-0.275504
612,0.314375,1.528534,0.426409,1.236339,-1.125000,0.111339
613,0.315264,0.855969,0.427228,0.925186,-0.375000,0.550186
614,0.315754,0.614543,0.427812,0.783928,-0.500000,0.283928
615,0.315962,0.442416,0.428201,0.665144,0.875000,0.209856
616,0.322921,4.574977,0.430996,2.138920,-1.625000,0.513920
617,0.322666,0.166887,0.430960,0.408518,-0.125000,0.283518
618,0.322313,0.105661,0.430787,0.325055,0.375000,0.049945
619,0.323439,1.015076,0.431725,1.007510,1.125000,0.117490
620,0.322923,0.005296,0.431142,0.072773,0.250000,0.322773
621,0.323561,0.716704,0.431815,0.846584,-0.500000,0.346584
622,0.323939,0.557193,0.432325,0.746454,0.625000,-0.121454
623,0.323950,0.330379,0.432555,0.574786,0.625000,0.050214
624,0.324397,0.601060,0.433107,0.775280,-0.500000,0.275280
625,0.325778,1.182195,0.434161,1.087288,1.250000,0.162712
626,0.325494,0.149048,0.434084,0.386067,-0.125000,0.261067
627,0.325456,0.302073,0.434269,0.549612,-0.375000,0.174612
628,0.327937,1.873683,0.435767,1.368826,1.500000,0.131174
629,0.327681,0.167683,0.435725,0.409491,-0.375000,0.034491
630,0.327158,0.000113,0.435046,0.010624,0.000000,-0.010624
631,0.326757,0.075846,0.434791,0.275402,0.000000,0.275402
632,0.327260,0.643054,0.435376,0.801906,-0.875000,-0.073094
633,0.328138,0.879041,0.436174,0.937572,-0.750000,0.187572
634,0.328173,0.350127,0.436421,0.591715,-0.500000,0.091715
635,0.329280,1.027241,0.437335,1.013529,-1.000000,0.013529
636,0.336284,4.755405,0.440094,2.180689,-2.125000,0.055689
637,0.338323,1.627373,0.441414,1.275685,1.000000,-0.275685
638,0.340085,1.455366,0.442621,1.206385,1.375000,0.168615
639,0.339987,0.277697,0.442753,0.526970,0.875000,0.348030
640,0.339498,0.029159,0.442326,0.170761,0.125000,0.295761
641,0.339384,0.266849,0.442442,0.516574,-0.625000,-0.108426
642,0.339361,0.324451,0.442642,0.569606,-0.875000,-0.305394
643,0.345531,4.282045,0.445187,2.069310,-2.000000,0.069310
644,0.353879,5.688086,0.448218,2.384971,-2.250000,0.134971
645,0.356555,2.069034,0.449763,1.438414,0.500000,-0.938414
646,0.373775,11.411851,0.454324,3.378143,-3.500000,-0.121857
647,0.376328,2.015436,0.455826,1.419661,1.500000,0.080339
648,0.378666,1.882223,0.457248,1.371941,1.000000,-0.371941
649,0.379966,1.216944,0.458250,1.103152,1.500000,0.396848
650,0.383600,2.727589,0.460097,1.651541,-1.250000,0.401541
651,0.383561,0.358461,0.460311,0.598716,-0.625000,-0.026284
652,0.383025,0.036265,0.459894,0.190434,-0.625000,-0.434566
653,0.382557,0.079014,0.459619,0.281094,0.375000,0.093906
654,0.388320,4.128847,0.462038,2.031957,-1.750000,0.281957
655,0.397872,6.606784,0.465277,2.570366,-2.125000,0.445366
656,0.397396,0.087239,0.465016,0.295362,0.000000,-0.295362
657,0.409063,8.015735,0.468640,2.831207,-2.375000,0.456207
658,0.409452,0.663955,0.469169,0.814834,-1.125000,-0.310166
659,0.415777,4.552264,0.471710,2.133604,-2.500000,-0.366396
660,0.443830,18.818531,0.477604,4.338033,3.375000,-0.963033
661,0.458002,9.754508,0.481631,3.123221,2.500000,-0.623221
662,0.458527,0.803529,0.482261,0.896398,-0.500000,0.396398
663,0.460317,1.638422,0.483471,1.280009,0.875000,-0.405009
664,0.459636,0.010880,0.482897,0.104305,-0.500000,-0.395695
665,0.459802,0.568924,0.483308,0.754270,0.000000,-0.754270
666,0.459237,0.085899,0.483020,0.293084,0.375000,0.081916
667,0.458903,0.237767,0.483027,0.487614,0.125000,-0.362614
668,0.462020,2.528833,0.484695,1.590231,-1.500000,0.090231
669,0.461665,0.226107,0.484681,0.475507,-0.250000,0.225507
670,0.461238,0.176770,0.484584,0.420441,0.375000,-0.045441
671,0.460560,0.009207,0.484002,0.095955,0.250000,0.154045
672,0.459911,0.026946,0.483523,0.164154,0.000000,0.164154
673,0.459814,0.395063,0.483740,0.628540,-0.750000,-0.121460
674,0.459501,0.249930,0.483764,0.499930,-0.750000,-0.250070
675,0.458833,0.011386,0.483202,0.106707,-0.500000,-0.393293
676,0.458362,0.142432,0.483044,0.377401,-0.375000,0.002401
677,0.459464,1.199824,0.483954,1.095365,-1.250000,-0.154635
678,0.458787,0.003391,0.483323,0.058236,-0.125000,-0.183236
679,0.458877,0.519408,0.483674,0.720699,-0.625000,0.095699
680,0.471737,9.152701,0.487434,3.025343,-2.875000,0.150343
681,0.472132,0.738902,0.487984,0.859594,0.375000,-0.484594
682,0.471854,0.283942,0.488050,0.532862,0.125000,-0.407862
683,0.472519,0.922958,0.488746,0.960707,-1.250000,-0.289293
684,0.477936,4.156371,0.491026,2.038718,2.000000,-0.038718
685,0.488046,7.362357,0.494289,2.713366,2.625000,-0.088366
686,0.488666,0.910846,0.494964,0.954382,-1.000000,-0.045618
687,0.489864,1.307366,0.495913,1.143401,-0.625000,0.518401
688,0.489481,0.227594,0.495885,0.477068,0.375000,-0.102068
689,0.489858,0.747969,0.496424,0.864852,0.500000,-0.364852
690,0.489300,0.106794,0.496177,0.326793,0.375000,0.048207
691,0.488745,0.108325,0.495934,0.329128,0.500000,0.170872
692,0.488245,0.144855,0.495766,0.380599,-0.500000,-0.119401
693,0.487898,0.248800,0.495770,0.498798,-0.875000,-0.376202
694,0.492370,3.573812,0.497792,1.890453,1.500000,-0.390453
695,0.496028,3.020062,0.499586,1.737833,1.500000,-0.237833
696,0.495951,0.442947,0.499826,0.665543,-0.625000,0.040543
697,0.495835,0.414961,0.500034,0.644174,0.625000,-0.019174
698,0.500363,3.638346,0.502062,1.907445,2.250000,0.342555
699,0.499646,0.002499,0.501412,0.049990,0.250000,0.200010
700,0.498930,0.000853,0.500733,0.029205,0.000000,0.029205
701,0.499991,1.238935,0.501612,1.113074,-1.125000,-0.011926
702,0.499276,0.000327,0.500919,0.018095,-0.250000,-0.231905
703,0.499873,0.917181,0.501573,0.957696,0.750000,-0.207696
704,0.503435,2.993150,0.503328,1.730072,-1.750000,-0.019928
705,0.502809,0.064275,0.502971,0.253525,0.000000,-0.253525
706,0.505204,2.184624,0.504360,1.478047,-1.625000,-0.146953
707,0.504737,0.176466,0.504240,0.420079,0.250000,-0.170079
708,0.504283,0.185490,0.504136,0.430685,-0.500000,-0.069315
709,0.510008,4.540203,0.506443,2.130775,1.750000,-0.380775
710,0.509286,0.000028,0.505733,0.005264,0.125000,0.130264
711,0.509516,0.672111,0.506178,0.819824,-0.750000,0.069824
712,0.509969,0.829867,0.506749,0.910971,-0.875000,0.035971
713,0.509250,0.000212,0.506055,0.014547,-0.250000,-0.264547
714,0.509731,0.850850,0.506642,0.922415,0.625000,-0.297415
715,0.510268,0.891877,0.507257,0.944392,0.875000,-0.069392
716,0.510564,0.720742,0.507737,0.848965,0.625000,-0.223965
717,0.510196,0.248217,0.507724,0.498214,0.500000,0.001786
718,0.509789,0.219383,0.507669,0.468384,-0.375000,0.093384
719,0.509079,0.002368,0.507027,0.048665,-0.125000,-0.076335
720,0.509418,0.751701,0.507529,0.867007,0.875000,0.007993
721,0.539822,22.309337,0.513409,4.723276,-4.625000,0.098276
722,0.544300,3.754780,0.515393,1.937725,1.625000,-0.312725
723,0.544560,0.731769,0.515866,0.855435,0.375000,-0.480435
724,0.545002,0.862776,0.516439,0.928858,-1.000000,-0.071142
725,0.544250,0.002526,0.515793,0.050259,0.250000,0.300259
726,0.546328,2.044882,0.517059,1.429994,-1.000000,0.429994
727,0.545641,0.049121,0.516650,0.221632,0.125000,-0.096632
728,0.546275,1.005018,0.517322,1.002506,1.250000,0.247494
729,0.545858,0.243739,0.517289,0.493699,0.750000,0.256301
730,0.545181,0.054260,0.516897,0.232938,0.500000,0.267062
731,0.545623,0.866763,0.517467,0.931001,0.750000,-0.181001
732,0.544892,0.013493,0.516916,0.116160,-0.125000,-0.241160
733,0.544478,0.242676,0.516882,0.492622,-0.625000,-0.132378
734,0.543898,0.121689,0.516652,0.348840,-0.625000,-0.276160
735,0.543563,0.298543,0.516693,0.546391,0.250000,-0.296391
736,0.543323,0.367823,0.516815,0.606484,0.625000,0.018516
737,0.543487,0.663737,0.517222,0.814701,-0.625000,0.189701
738,0.542963,0.158529,0.517060,0.398157,-0.250000,0.148157
739,0.542716,0.361469,0.517174,0.601223,-0.375000,0.226223
740,0.542109,0.096043,0.516893,0.309909,0.375000,0.065091
741,0.541415,0.031106,0.516431,0.176370,0.375000,0.198630
742,0.540998,0.233237,0.516385,0.482946,0.625000,0.142054
743,0.540610,0.254293,0.516369,0.504275,0.625000,0.120725
744,0.540090,0.156265,0.516205,0.395304,-0.375000,0.020304
745,0.539401,0.029113,0.515739,0.170627,0.125000,-0.045627
746,0.539153,0.355379,0.515847,0.596137,-0.375000,0.221137
747,0.538434,0.004772,0.515246,0.069078,0.000000,0.069078
748,0.538379,0.497648,0.515501,0.705442,-0.500000,0.205442
749,0.537993,0.251281,0.515482,0.501279,-0.500000,0.001279
750,0.537275,0.002209,0.514854,0.047002,-0.125000,-0.172002
751,0.539955,2.539354,0.516298,1.593535,1.625000,0.031465
752,0.544229,3.736224,0.518192,1.932932,-1.750000,0.182932
753,0.544320,0.613004,0.518546,0.782946,-0.625000,0.157946
754,0.543635,0.030346,0.518087,0.174200,-0.250000,-0.075800
755,0.545311,1.802205,0.519184,1.342462,1.250000,-0.092462
756,0.544625,0.029845,0.518724,0.172756,0.125000,-0.047756
757,0.544791,0.669244,0.519121,0.818073,-0.750000,0.068073
758,0.544106,0.028604,0.518657,0.169126,-0.125000,0.044126
759,0.544510,0.848790,0.519190,0.921298,1.125000,0.203702
760,0.553094,7.033967,0.522012,2.652163,2.875000,0.222837
761,0.552600,0.179334,0.521882,0.423478,1.000000,0.576522
762,0.552387,0.391137,0.522018,0.625410,-0.750000,-0.124590
763,0.553038,1.046180,0.522678,1.022829,-1.375000,-0.352171
764,0.552553,0.184335,0.522555,0.429343,0.000000,-0.429343
765,0.555744,2.981349,0.524137,1.726658,1.625000,-0.101658
766,0.555095,0.060972,0.523774,0.246924,0.375000,0.128076
767,0.559915,4.233033,0.525784,2.057434,-2.250000,-0.192566
768,0.559340,0.120446,0.525550,0.347053,0.375000,0.027947
769,0.558780,0.130688,0.525335,0.361507,0.625000,0.263493
770,0.560103,1.572656,0.526287,1.254056,1.500000,0.245944
771,0.559410,0.028378,0.525820,0.168459,0.375000,0.206541
772,0.562553,2.973358,0.527381,1.724343,1.875000,0.150657
773,0.562450,0.482925,0.527599,0.694928,-0.500000,0.194928
774,0.562483,0.588178,0.527909,0.766928,0.875000,0.108072
775,0.562441,0.530132,0.528169,0.728102,-1.000000,-0.271898
776,0.563383,1.289921,0.528956,1.135747,1.250000,0.114253
777,0.563392,0.570193,0.529249,0.755111,-0.875000,-0.119889
778,0.578624,12.352656,0.533106,3.514635,-3.125000,0.389635
779,0.579163,0.996630,0.533706,0.998313,-1.125000,-0.126687
780,0.578642,0.175106,0.533557,0.418456,0.875000,0.456544
781,0.578659,0.591863,0.533861,0.769326,1.000000,0.230674
782,0.578012,0.074556,0.533526,0.273049,0.375000,0.648049
783,0.579648,1.852835,0.534588,1.361189,-1.375000,-0.013811
784,0.578998,0.072703,0.534248,0.269634,-0.500000,-0.230366
785,0.578331,0.058055,0.533873,0.240946,0.375000,0.134054
786,0.580048,1.921057,0.534963,1.386022,-1.000000,0.386022
787,0.579725,0.327225,0.535010,0.572035,-0.750000,-0.177965
788,0.581059,1.625640,0.535954,1.275006,1.125000,-0.150006
789,0.581695,1.079903,0.536595,1.039184,1.000000,-0.039184
790,0.581802,0.666293,0.536951,0.816267,1.000000,0.183733
791,0.581087,0.018520,0.536441,0.136089,0.250000,0.113911
792,0.581749,1.102994,0.537093,1.050235,0.750000,-0.300235
793,0.581132,0.095165,0.536804,0.308488,0.000000,-0.308488
794,0.580453,0.044459,0.536391,0.210853,0.000000,-0.210853
795,0.580226,0.400740,0.536513,0.633040,-0.750000,-0.116960
796,0.580360,0.686538,0.536882,0.828576,-1.125000,-0.296424
797,0.579713,0.067508,0.536533,0.259823,-0.625000,-0.365177
798,0.579468,0.385014,0.536638,0.620495,0.625000,0.004505
799,0.579038,0.237325,0.536576,0.487160,0.000000,0.487160
800,0.579233,0.734420,0.536979,0.856983,-0.375000,0.481983
801,0.578617,0.088628,0.536678,0.297705,0.000000,0.297705
802,0.579030,0.908114,0.537200,0.952950,-0.875000,0.077950
803,0.578306,0.000616,0.536559,0.024811,0.125000,0.149811
804,0.577747,0.130756,0.536340,0.361602,-0.125000,0.236602
805,0.577348,0.258151,0.536305,0.508086,0.625000,0.116914
806,0.576639,0.009028,0.535755,0.095016,-0.125000,-0.220016
807,0.576801,0.706168,0.536134,0.840338,0.500000,-0.340338
808,0.576354,0.217659,0.536047,0.466539,-0.500000,-0.033461
809,0.576302,0.534786,0.536290,0.731291,-0.625000,0.106291
810,0.575587,0.000032,0.535632,0.005692,-0.125000,-0.119308
811,0.575096,0.179486,0.535493,0.423657,0.375000,-0.048657
812,0.574450,0.053195,0.535115,0.230639,0.375000,0.144361
813,0.575972,1.805228,0.536115,1.343588,1.500000,0.156412
814,0.575519,0.209514,0.536018,0.457727,-0.250000,0.207727
815,0.574850,0.032477,0.535579,0.180214,0.000000,-0.180214
816,0.575448,1.060445,0.536188,1.029779,-1.125000,-0.095221
817,0.574741,0.000473,0.535555,0.021756,-0.375000,-0.353244
818,0.574226,0.156249,0.535383,0.395283,-0.375000,0.020283
819,0.573545,0.018644,0.534893,0.136542,-0.125000,0.011542
820,0.572922,0.065034,0.534551,0.255017,-0.250000,0.005017
821,0.572228,0.006244,0.533993,0.079021,-0.125000,-0.045979
822,0.572019,0.401661,0.534115,0.633767,0.500000,-0.133767
823,0.571655,0.273694,0.534102,0.523158,0.250000,-0.273158
824,0.571013,0.044706,0.533708,0.211438,-0.500000,-0.288562
825,0.570317,0.000000,0.533058,0.000294,-0.125000,-0.124706
826,0.570501,0.721154,0.533443,0.849208,0.875000,0.025792
827,0.569829,0.018031,0.532958,0.134279,0.250000,0.115721
828,0.569169,0.025349,0.532504,0.159213,-0.125000,0.034213
829,0.571457,2.457446,0.533759,1.567624,-1.500000,0.067624
830,0.570860,0.078361,0.533452,0.279930,-0.250000,0.029930
831,0.570432,0.216442,0.533369,0.465234,-0.125000,0.340234
832,0.569977,0.193908,0.533257,0.440350,-0.250000,0.190350
833,0.569348,0.048563,0.532879,0.220371,0.375000,0.154629
834,0.569266,0.500822,0.533090,0.707688,0.750000,0.042312
835,0.568722,0.117203,0.532861,0.342349,0.375000,0.032651
836,0.568049,0.009410,0.532337,0.097008,0.000000,-0.097008
837,0.567597,0.191444,0.532223,0.437543,0.125000,-0.312543
838,0.569204,1.908043,0.533241,1.381319,1.000000,-0.381319
839,0.569654,0.944247,0.533766,0.971724,-1.125000,-0.153276
840,0.568978,0.004831,0.533211,0.069507,0.000000,-0.069507
841,0.568366,0.056895,0.532859,0.238526,-0.250000,-0.011474
842,0.568256,0.476275,0.533046,0.690127,-0.625000,0.065127
843,0.567663,0.070092,0.532727,0.264750,0.500000,0.235250
844,0.567957,0.815209,0.533167,0.902889,-0.625000,0.277889
845,0.567285,0.002449,0.532592,0.049489,0.000000,-0.049489
846,0.566843,0.195387,0.532485,0.442026,0.250000,-0.192026
847,0.567130,0.808970,0.532920,0.899428,0.500000,-0.399428
848,0.567000,0.457452,0.533090,0.676352,-0.750000,-0.073648
849,0.566768,0.370316,0.533179,0.608536,0.375000,-0.233536
850,0.566366,0.227115,0.533112,0.476566,0.375000,-0.101566
851,0.565698,0.000045,0.532491,0.006743,0.125000,0.118257
852,0.568231,2.714248,0.533806,1.647497,1.500000,-0.147497
853,0.567663,0.086152,0.533523,0.293517,0.500000,0.206483
854,0.567226,0.196063,0.533416,0.442790,-0.500000,-0.057210
855,0.566622,0.052886,0.533059,0.229970,-0.125000,0.104970
856,0.565976,0.016773,0.532586,0.129509,-0.125000,0.004509
857,0.565584,0.231214,0.532525,0.480847,-0.375000,0.105847
858,0.565322,0.341617,0.532586,0.584480,0.250000,-0.334480
859,0.564661,0.000511,0.531989,0.022602,-0.250000,-0.227398
860,0.564080,0.067070,0.531670,0.258978,0.375000,0.116022
861,0.563715,0.251540,0.531635,0.501537,-0.250000,0.251537
862,0.563290,0.198942,0.531535,0.446029,0.500000,0.053971
863,0.563431,0.684322,0.531880,0.827238,1.000000,0.172762
864,0.563016,0.206203,0.531789,0.454096,-0.375000,0.079096
865,0.562836,0.408882,0.531914,0.639439,0.500000,-0.139439
866,0.564035,1.596354,0.532763,1.263469,-1.000000,0.263469
867,0.563388,0.005083,0.532228,0.071297,0.250000,0.178703
868,0.566912,3.608437,0.533811,1.899589,-1.875000,0.024589
869,0.568065,1.564273,0.534640,1.250709,-1.250000,0.000709
870,0.567531,0.105328,0.534397,0.324543,0.125000,-0.199543
871,0.567215,0.293371,0.534405,0.541638,-0.375000,0.166638
872,0.566561,0.000231,0.533807,0.015197,0.125000,0.140197
873,0.565910,0.000612,0.533221,0.024731,0.250000,0.274731
874,0.565319,0.051673,0.532870,0.227317,0.250000,0.022683
875,0.564719,0.042397,0.532494,0.205904,-0.250000,-0.044096
876,0.564607,0.467627,0.532668,0.683832,-0.750000,-0.066168
877,0.564026,0.057526,0.532332,0.239846,-0.375000,-0.135154
878,0.563391,0.008696,0.531830,0.093255,-0.375000,-0.281745
879,0.562973,0.197349,0.531730,0.444239,0.125000,-0.319239
880,0.563079,0.655902,0.532048,0.809878,0.750000,-0.059878
881,0.562484,0.041806,0.531674,0.204465,0.375000,0.170535
882,0.561847,0.002369,0.531124,0.048675,0.125000,0.076325
883,0.561210,0.002673,0.530578,0.051701,0.000000,0.051701
884,0.560578,0.004981,0.530056,0.070573,0.000000,-0.070573
885,0.560006,0.056364,0.529724,0.237411,-0.375000,-0.137589
886,0.559422,0.044994,0.529363,0.212118,-0.375000,-0.162882
887,0.559430,0.566177,0.529616,0.752447,-1.125000,-0.372553
888,0.558799,0.001852,0.529066,0.043030,-0.500000,-0.456970
889,0.558917,0.663093,0.529388,0.814305,0.500000,-0.314305
890,0.558298,0.010445,0.528906,0.102203,0.125000,0.227203
891,0.557669,0.000788,0.528341,0.028071,0.125000,0.153071
892,0.557343,0.268234,0.528329,0.517913,-0.375000,0.142913
893,0.557523,0.717372,0.528688,0.846978,0.750000,-0.096978
894,0.560990,3.642605,0.530238,1.908561,2.125000,0.216439
895,0.560369,0.007647,0.529741,0.087446,-0.125000,-0.037554
896,0.560661,0.820912,0.530163,0.906042,-1.125000,-0.218958
897,0.560427,0.351757,0.530234,0.593091,0.250000,-0.343091
898,0.559802,0.001894,0.529689,0.043516,0.000000,-0.043516
899,0.560193,0.909791,0.530163,0.953830,0.750000,-0.203830
900,0.559868,0.268486,0.530150,0.518156,0.250000,-0.268156
901,0.559299,0.049652,0.529807,0.222828,0.250000,0.027172
902,0.559056,0.341025,0.529867,0.583973,-0.375000,0.208973
903,0.558683,0.224372,0.529805,0.473680,-0.375000,0.098680
904,0.558290,0.205002,0.529719,0.452771,0.250000,-0.202771
905,0.557939,0.241313,0.529677,0.491236,0.500000,0.008764
906,0.557719,0.359709,0.529754,0.599757,0.750000,0.150243
907,0.558875,1.601503,0.530569,1.265505,-1.250000,0.015505
908,0.558540,0.256407,0.530542,0.506367,-0.875000,-0.368633
909,0.558284,0.326848,0.530588,0.571707,0.500000,-0.071707
910,0.563193,5.005989,0.532472,2.237407,2.375000,0.137593
911,0.562578,0.005344,0.531965,0.073102,0.375000,0.448102
912,0.562005,0.041652,0.531604,0.204089,0.000000,0.204089
913,0.561430,0.039848,0.531239,0.199620,0.125000,-0.074620
914,0.560885,0.065253,0.530936,0.255447,0.250000,-0.005447
915,0.561872,1.460065,0.531679,1.208332,1.125000,-0.083332
916,0.561330,0.067833,0.531382,0.260447,-0.125000,0.135447
917,0.560743,0.024804,0.530973,0.157493,-0.250000,-0.407493
918,0.560130,0.000604,0.530418,0.024568,-0.125000,-0.100432
919,0.559914,0.362607,0.530497,0.602169,0.875000,0.272831
920,0.561063,1.613002,0.531304,1.270040,1.625000,0.354960
921,0.560505,0.048860,0.530966,0.221044,0.250000,0.471044
922,0.560167,0.250330,0.530933,0.500330,-0.625000,-0.124670
923,0.559739,0.166727,0.530799,0.408323,-0.625000,-0.216677
924,0.560340,1.112358,0.531369,1.054684,-1.125000,-0.070316
925,0.559731,0.000069,0.530801,0.008296,-0.125000,-0.133296
926,0.561028,1.754929,0.531662,1.324737,-1.250000,0.074737
927,0.560581,0.148406,0.531503,0.385235,0.375000,-0.010235
928,0.560015,0.038376,0.531140,0.195897,0.375000,0.179103
929,0.560246,0.773350,0.531516,0.879403,-0.375000,0.504403
930,0.560054,0.382331,0.531610,0.618329,1.000000,0.381671
931,0.560193,0.688591,0.531932,0.829814,-0.250000,0.579814
932,0.559614,0.023502,0.531524,0.153305,0.000000,0.153305
933,0.559291,0.259575,0.531500,0.509485,0.500000,-0.009485
934,0.559216,0.489011,0.531681,0.699293,0.625000,-0.074293
935,0.558787,0.160314,0.531540,0.400392,-0.250000,0.150392
936,0.558192,0.003819,0.531035,0.061802,-0.250000,-0.188198
937,0.557831,0.221281,0.530971,0.470406,0.375000,-0.095406
938,0.557234,0.000660,0.530430,0.025692,-0.125000,-0.099308
939,0.556848,0.196253,0.530336,0.443005,-0.500000,-0.056995
940,0.557258,0.941023,0.530806,0.970063,-1.125000,-0.154937