# TEST CONFIGURATION BEGIN
# File Stream: filename: air_company_stock1.csv  -  n_targets: 1
# [air_company_stock1_ADE_HOMO_HATREE_SIZE_4_OFFLINE_BATCH_100] Pipeline: Array BaseStreamModel: base_models: [<skmultiflow.trees.regression_hoeffding_adaptive_tree.RegressionHAT object at 0x7f22843f3cf8>, <skmultiflow.trees.regression_hoeffding_adaptive_tree.RegressionHAT object at 0x7f22843f3080>, <skmultiflow.trees.regression_hoeffding_adaptive_tree.RegressionHAT object at 0x7f22843f3e10>, <skmultiflow.trees.regression_hoeffding_adaptive_tree.RegressionHAT object at 0x7f22843f3160>]
 Array MetaStreamModel: base_models: [<skmultiflow.trees.regression_hoeffding_tree.RegressionHoeffdingTree object at 0x7f22843f3d30>, <skmultiflow.trees.regression_hoeffding_tree.RegressionHoeffdingTree object at 0x7f22843f30b8>, <skmultiflow.trees.regression_hoeffding_tree.RegressionHoeffdingTree object at 0x7f22843f3828>, <skmultiflow.trees.regression_hoeffding_tree.RegressionHoeffdingTree object at 0x7f22843f30f0>]
# Prequential Evaluator: n_wait: 1 - max_samples: 600000 - max_time: 10000000 - output_file: air_company_stock1_ADE_HOMO_HATREE_SIZE_4_OFFLINE_BATCH_100_SIZE_4 - batch_size: 1 - pretrain_size: 5 - task_type: regression - show_plot: False - metrics: ['mean_square_error', 'mean_absolute_error', 'true_vs_predicted']
# TEST CONFIGURATION END
id,global_mse_[air_company_stock1_ADE_HOMO_HATREE_SIZE_4_OFFLINE_BATCH_100],sliding_mse_[air_company_stock1_ADE_HOMO_HATREE_SIZE_4_OFFLINE_BATCH_100],global_mae_[air_company_stock1_ADE_HOMO_HATREE_SIZE_4_OFFLINE_BATCH_100],sliding_mae_[air_company_stock1_ADE_HOMO_HATREE_SIZE_4_OFFLINE_BATCH_100],true_value_[air_company_stock1_ADE_HOMO_HATREE_SIZE_4_OFFLINE_BATCH_100],predicted_value_[air_company_stock1_ADE_HOMO_HATREE_SIZE_4_OFFLINE_BATCH_100]
5,2.369692,2.369692,1.539380,1.539380,0.625000,-0.914380
6,1.845718,1.321744,1.344526,1.149671,0.937000,-0.212671
7,1.338173,0.323084,1.085819,0.568404,-0.109000,-0.677404
8,1.026972,0.093369,0.890755,0.305564,-0.328000,-0.633564
9,1.102814,1.406183,0.949769,1.185826,0.328000,-0.857826
10,1.019310,0.601791,0.920766,0.775752,0.437000,-0.338752
11,0.922904,0.344469,0.873073,0.586915,0.235000,-0.351915
12,0.850882,0.346724,0.837543,0.588833,-0.125000,-0.713833
13,0.783894,0.247995,0.799815,0.497991,0.062000,-0.435991
14,0.724215,0.187096,0.763088,0.432546,0.063000,-0.369546
15,0.659471,0.012035,0.703690,0.109706,-0.235000,-0.125294
16,0.604518,0.000030,0.645509,0.005517,-0.437000,-0.442517
17,0.593505,0.461357,0.648103,0.679233,0.500000,-0.179233
18,0.556113,0.070016,0.620710,0.264605,0.500000,0.235395
19,0.519244,0.003081,0.583030,0.055507,0.000000,-0.055507
20,0.496085,0.148696,0.570691,0.385611,0.172000,-0.213611
21,0.471857,0.084204,0.554191,0.290179,0.218000,-0.072179
22,0.445858,0.003885,0.526865,0.062331,-0.062000,0.000331
23,0.423433,0.019783,0.506538,0.140651,-0.328000,-0.187349
24,0.437332,0.701411,0.523086,0.837503,0.390000,-0.447503
25,0.416509,0.000045,0.498496,0.006692,0.047000,0.040308
26,0.397664,0.001913,0.477825,0.043738,-0.109000,-0.152738
27,0.383860,0.080185,0.469362,0.283170,0.062000,-0.221170
28,0.369437,0.037696,0.457895,0.194154,0.047000,-0.147154
29,0.354675,0.000380,0.440359,0.019500,-0.219000,-0.238500
30,0.344491,0.089889,0.434954,0.299815,0.000000,-0.299815
31,0.344364,0.341076,0.440475,0.584017,-0.218000,0.366017
32,0.374192,1.179551,0.463532,1.086071,-0.453000,0.633071
33,0.369353,0.233869,0.464224,0.483600,0.234000,0.717600
34,0.368297,0.337673,0.468119,0.581097,0.156000,0.737097
35,0.359953,0.109632,0.463700,0.331108,0.235000,0.566108
36,0.356192,0.239590,0.464505,0.489480,0.000000,0.489480
37,0.350363,0.163848,0.462695,0.404781,0.046000,0.450781
38,0.343734,0.124958,0.459484,0.353495,0.063000,0.416495
39,0.344431,0.368117,0.463691,0.606727,-0.063000,0.543727
40,0.338656,0.136539,0.461075,0.369512,0.172000,-0.197512
41,0.333469,0.146749,0.458966,0.383078,0.391000,0.007922
42,0.324722,0.001075,0.447751,0.032780,-0.109000,-0.076220
43,0.319667,0.127581,0.445429,0.357184,0.156000,-0.201184
44,0.318480,0.272190,0.447336,0.521718,0.281000,-0.240718
45,0.312777,0.084671,0.443523,0.290983,-0.328000,-0.037017
46,0.305445,0.004814,0.434615,0.069385,-0.109000,-0.039615
47,0.304756,0.275832,0.436721,0.525197,-0.500000,0.025197
48,0.304791,0.306274,0.439373,0.553420,-0.454000,0.099420
49,0.302184,0.187479,0.439231,0.432988,0.282000,-0.150988
50,0.299606,0.183609,0.438998,0.428496,-0.110000,0.318496
51,0.293653,0.019804,0.432652,0.140727,0.157000,0.016273
52,0.292409,0.233946,0.433715,0.483680,-0.266000,0.217680
53,0.286609,0.008213,0.426713,0.090627,0.000000,0.090627
54,0.295852,0.748748,0.435485,0.865302,-0.734000,0.131302
55,0.293956,0.199141,0.435696,0.446252,0.500000,0.053748
56,0.290730,0.126240,0.434150,0.355303,0.562000,0.206697
57,0.288844,0.190772,0.434200,0.436774,-0.219000,0.217774
58,0.285957,0.132948,0.432911,0.364621,0.282000,-0.082621
59,0.281160,0.022130,0.427745,0.148760,0.000000,0.148760
60,0.281551,0.303042,0.429937,0.550492,0.000000,0.550492
61,0.279905,0.187737,0.429995,0.433286,0.000000,0.433286
62,0.279921,0.280829,0.431718,0.529933,-0.625000,-0.095067
63,0.275350,0.010208,0.426114,0.101035,0.062000,0.163035
64,0.282282,0.691280,0.432869,0.831433,-0.328000,0.503433
65,0.281039,0.206485,0.433222,0.454406,-0.172000,0.282406
66,0.278007,0.093054,0.431155,0.305047,0.000000,0.305047
67,0.274156,0.035344,0.427295,0.187999,0.172000,0.359999
68,0.270519,0.041420,0.423799,0.203519,0.109000,0.312519
69,0.266556,0.012910,0.419027,0.113622,0.610000,0.496378
70,0.262565,0.003175,0.413532,0.056351,-0.063000,-0.006649
71,0.258816,0.011348,0.408949,0.106529,0.110000,0.003471
72,0.271013,1.088227,0.418276,1.043181,0.500000,-0.543181
73,0.268107,0.070507,0.416063,0.265532,-0.110000,-0.375532
74,0.270631,0.444781,0.419646,0.666919,0.110000,-0.556919
75,0.282488,1.112499,0.428591,1.054751,0.562000,-0.492751
76,0.278634,0.004984,0.423619,0.070594,-0.172000,-0.101406
77,0.275520,0.051340,0.420920,0.226583,-0.156000,-0.382583
78,0.275301,0.259291,0.422113,0.509207,0.109000,-0.400207
79,0.271849,0.016400,0.418193,0.128062,-0.172000,-0.300062
80,0.273389,0.388859,0.420895,0.623586,0.110000,-0.513586
81,0.270299,0.035506,0.417876,0.188431,-0.219000,-0.407431
82,0.268769,0.150910,0.417499,0.388472,0.000000,-0.388472
83,0.272826,0.589276,0.421931,0.767643,0.609000,-0.158643
84,0.270184,0.061505,0.419757,0.248002,0.172000,-0.076002
85,0.269158,0.187026,0.419914,0.432465,0.157000,-0.275465
86,0.266252,0.030860,0.416935,0.175671,-0.438000,-0.262329
87,0.263080,0.002980,0.412570,0.054592,-0.219000,-0.164408
88,0.272387,1.044871,0.419827,1.022190,0.657000,-0.365190
89,0.272764,0.304460,0.421380,0.551779,0.562000,0.010221
90,0.283692,1.212532,0.429284,1.101150,0.938000,-0.163150
91,0.285505,0.441480,0.431987,0.664440,-0.110000,0.554440
92,0.284438,0.191606,0.432052,0.437728,-0.047000,0.390728
93,0.281288,0.004103,0.427917,0.064052,0.157000,0.221052
94,0.280166,0.180280,0.427880,0.424594,0.500000,0.075406
95,0.277285,0.018033,0.424654,0.134288,0.062000,-0.072288
96,0.274273,0.000147,0.420170,0.012121,-0.062000,-0.074121
97,0.271507,0.017030,0.417055,0.130498,0.062000,-0.068498
98,0.269866,0.117270,0.416262,0.342447,0.172000,-0.170447
99,0.269115,0.198465,0.416569,0.445494,-0.563000,-0.117506
100,0.266461,0.014340,0.413477,0.119749,0.282000,0.401749
101,0.264743,0.099865,0.412473,0.316014,0.218000,0.534014
102,0.262876,0.081723,0.411181,0.285873,0.219000,0.504873
103,0.262218,0.197754,0.411519,0.444695,-0.047000,0.397695
104,0.259708,0.011280,0.408466,0.106209,0.282000,0.388209
105,0.257650,0.051766,0.406675,0.227521,0.156000,0.383521
106,0.278124,2.346046,0.417704,1.531681,-1.110000,0.421681
107,0.277717,0.236150,0.418367,0.485952,0.282000,0.767952
108,0.279097,0.421320,0.420585,0.649092,-0.110000,0.539092
109,0.276667,0.023942,0.418053,0.154731,0.657000,0.502269
110,0.275212,0.122386,0.417410,0.349837,0.781000,0.431163
111,0.278614,0.639221,0.420981,0.799513,-0.047000,0.752513
112,0.276502,0.050566,0.419165,0.224868,0.000000,0.224868
113,0.275856,0.206080,0.419484,0.453960,0.000000,0.453960
114,0.274774,0.156868,0.419271,0.396065,0.000000,-0.396065
115,0.276826,0.502472,0.421880,0.708852,0.156000,-0.552852
116,0.281772,0.830856,0.426252,0.911513,0.281000,-0.630513
117,0.280848,0.177347,0.426207,0.421125,0.110000,-0.311125
118,0.278430,0.005174,0.423099,0.071933,0.062000,-0.009933
119,0.276733,0.083251,0.421929,0.288532,-0.109000,-0.397532
120,0.274941,0.068825,0.420553,0.262346,0.047000,-0.215346
121,0.272802,0.024763,0.418303,0.157362,-0.110000,0.047362
122,0.270549,0.006928,0.415464,0.083235,0.110000,0.026765
123,0.270012,0.206589,0.415792,0.454520,-0.156000,0.298520
124,0.268003,0.028944,0.413745,0.170131,0.375000,0.204869
125,0.267122,0.161407,0.413646,0.401755,-0.157000,0.244755
126,0.264949,0.002089,0.410630,0.045703,0.000000,0.045703
127,0.265183,0.293640,0.411697,0.541885,-0.500000,0.041885
128,0.264112,0.132414,0.411311,0.363888,-0.109000,0.254888
129,0.262047,0.006028,0.408642,0.077642,0.156000,0.233642
130,0.261743,0.223728,0.409153,0.472999,-0.219000,0.253999
131,0.259941,0.032925,0.407360,0.181452,-0.046000,0.135452
132,0.257916,0.000645,0.404376,0.025391,0.328000,0.353391
133,0.256019,0.013247,0.402133,0.115094,0.328000,0.212906
134,0.259039,0.648591,0.405235,0.805352,-0.391000,0.414352
135,0.260016,0.387006,0.406890,0.622098,0.672000,0.049902
136,0.258059,0.001769,0.404127,0.042062,0.391000,0.348938
137,0.259382,0.433968,0.406041,0.658763,0.828000,0.169237
138,0.257713,0.035694,0.404421,0.188929,0.062000,0.250929
139,0.255807,0.000489,0.401589,0.022119,0.000000,-0.022119
140,0.254367,0.059936,0.400436,0.244818,0.000000,-0.244818
141,0.252515,0.000653,0.397700,0.025560,-0.109000,-0.134560
142,0.251169,0.066703,0.396690,0.258269,-0.781000,-0.522731
143,0.250587,0.170322,0.396805,0.412701,0.218000,-0.194701
144,0.255301,0.910479,0.400786,0.954190,-0.609000,0.345190
145,0.254595,0.155782,0.400743,0.394692,0.000000,0.394692
146,0.253828,0.145792,0.400610,0.381828,-0.062000,0.319828
147,0.253355,0.186183,0.400826,0.431489,-0.375000,0.056489
148,0.252934,0.192603,0.401090,0.438865,-0.063000,0.375865
149,0.251240,0.007410,0.398917,0.086079,0.281000,0.194921
150,0.249524,0.000733,0.396370,0.027078,-0.218000,-0.190922
151,0.248427,0.088215,0.395695,0.297011,-0.125000,0.172011
152,0.249629,0.426365,0.397433,0.652966,-0.375000,0.277966
153,0.250758,0.417722,0.399103,0.646314,-0.391000,0.255314
154,0.252956,0.580493,0.401522,0.761901,0.937000,0.175099
155,0.254217,0.443357,0.403272,0.665851,-0.046000,0.619851
156,0.252611,0.010199,0.401284,0.100989,0.156000,0.256989
157,0.250977,0.002485,0.398987,0.049848,0.281000,0.231152
158,0.250078,0.112675,0.398576,0.335671,-0.062000,0.273671
159,0.248868,0.062531,0.397617,0.250061,-0.219000,0.031061
160,0.247278,0.000748,0.395244,0.027348,-0.281000,-0.308348
161,0.247092,0.218130,0.395701,0.467044,0.500000,0.032956
162,0.246354,0.130381,0.395482,0.361082,0.000000,0.361082
163,0.244880,0.011989,0.393683,0.109494,0.125000,0.015506
164,0.243495,0.023328,0.392178,0.152736,0.109000,-0.043736
165,0.242443,0.074096,0.391432,0.272205,0.156000,-0.116205
166,0.241228,0.045674,0.390335,0.213716,0.172000,-0.041716
167,0.243727,0.648498,0.392881,0.805294,0.672000,-0.133294
168,0.242255,0.002437,0.390787,0.049367,0.109000,0.158367
169,0.240790,0.000373,0.388535,0.019324,-0.218000,-0.237324
170,0.239360,0.003424,0.386547,0.058513,-0.235000,-0.293513
171,0.238046,0.019964,0.385079,0.141295,-0.047000,-0.188295
172,0.236638,0.001503,0.383017,0.038772,-0.172000,-0.210772
173,0.235912,0.113941,0.382748,0.337551,-0.046000,-0.383551
174,0.234527,0.000499,0.380628,0.022338,-0.282000,-0.304338
175,0.237549,0.751303,0.383471,0.866777,0.500000,-0.366777
176,0.236175,0.001210,0.381444,0.034787,0.282000,0.247213
177,0.234810,0.000007,0.379255,0.002686,-0.125000,-0.122314
178,0.235237,0.309153,0.380270,0.556015,0.234000,-0.322015
179,0.237561,0.641983,0.382676,0.801239,0.609000,-0.192239
180,0.236339,0.022351,0.381351,0.149503,0.219000,0.069497
181,0.235261,0.045554,0.380402,0.213434,-0.328000,-0.114566
182,0.234336,0.070665,0.379759,0.265828,0.156000,0.421828
183,0.233195,0.030155,0.378607,0.173651,0.235000,0.408651
184,0.232516,0.110822,0.378353,0.332900,-0.063000,0.269900
185,0.233303,0.375080,0.379647,0.612438,0.719000,0.106562
186,0.232807,0.142980,0.379638,0.378127,0.172000,0.550127
187,0.231907,0.068190,0.378991,0.261131,-0.063000,0.198131
188,0.233660,0.554319,0.380977,0.744526,-0.656000,0.088526
189,0.233294,0.165994,0.381120,0.407424,-0.063000,0.344424
190,0.232080,0.007549,0.379538,0.086887,0.282000,0.195113
191,0.230844,0.000925,0.377671,0.030410,0.218000,0.187590
192,0.230970,0.254431,0.378346,0.504411,0.672000,0.167589
193,0.232436,0.508104,0.380115,0.712814,-0.281000,0.431814
194,0.231552,0.064469,0.379451,0.253908,0.500000,0.246092
195,0.232565,0.425140,0.380878,0.652028,-0.219000,0.433028
196,0.231393,0.007509,0.379346,0.086653,-0.218000,-0.131347
197,0.230215,0.003916,0.377704,0.062579,-0.282000,-0.219421
198,0.229032,0.000715,0.375895,0.026743,-0.109000,-0.082257
199,0.228120,0.051330,0.375129,0.226561,-0.344000,-0.117439
200,0.227167,0.041178,0.374251,0.202924,-0.047000,-0.249924
201,0.226476,0.091121,0.373883,0.301862,0.047000,-0.254862
202,0.225532,0.039499,0.372999,0.198743,0.000000,-0.198743
203,0.226166,0.351759,0.374105,0.593092,-0.500000,0.093092
204,0.225699,0.132878,0.374057,0.364524,0.563000,0.198476
205,0.226762,0.439212,0.375493,0.662731,-0.391000,0.271731
206,0.225818,0.036051,0.374574,0.189871,-0.172000,0.017871
207,0.224950,0.049705,0.373827,0.222947,0.110000,-0.112947
208,0.223934,0.017731,0.372648,0.133159,-0.219000,-0.085841
209,0.222889,0.009743,0.371311,0.098709,-0.156000,-0.057291
210,0.222782,0.200832,0.371684,0.448143,-0.672000,-0.223857
211,0.221708,0.000480,0.369995,0.021916,-0.219000,-0.197084
212,0.220650,0.001534,0.368404,0.039165,0.219000,0.179835
213,0.224285,0.980437,0.371379,0.990170,-0.328000,0.662170
214,0.223222,0.000965,0.369758,0.031064,0.437000,0.405936
215,0.222623,0.096789,0.369480,0.311110,0.172000,0.483110
216,0.223546,0.418317,0.370788,0.646774,-0.172000,0.474774
217,0.223007,0.108755,0.370596,0.329780,0.000000,0.329780
218,0.222706,0.158658,0.370725,0.398319,0.391000,-0.007319
219,0.222587,0.197010,0.371066,0.443859,-0.328000,0.115859
220,0.222378,0.177525,0.371298,0.421338,-0.500000,-0.078662
221,0.221692,0.073584,0.370837,0.271264,0.375000,0.103736
222,0.220693,0.003874,0.369422,0.062239,0.125000,0.187239
223,0.219882,0.043064,0.368683,0.207519,-0.125000,0.082519
224,0.219098,0.047344,0.367996,0.217588,0.281000,0.063412
225,0.219982,0.414584,0.369244,0.643882,0.781000,0.137118
226,0.220145,0.256161,0.369861,0.506123,-0.219000,0.287123
227,0.219299,0.031392,0.368997,0.177179,-0.218000,-0.040821
228,0.218340,0.004519,0.367649,0.067225,-0.172000,-0.104775
229,0.217476,0.023939,0.366703,0.154723,0.000000,-0.154723
230,0.216520,0.001375,0.365245,0.037076,-0.328000,-0.290924
231,0.215657,0.020756,0.364270,0.144068,-0.172000,-0.316068
232,0.214952,0.054809,0.363699,0.234113,0.000000,-0.234113
233,0.214051,0.008646,0.362517,0.092982,-0.063000,-0.155982
234,0.213132,0.002644,0.361165,0.051425,-0.156000,-0.104575
235,0.212247,0.008762,0.360006,0.093608,0.000000,-0.093608
236,0.211757,0.098566,0.359808,0.313953,-0.453000,-0.139047
237,0.214894,0.942657,0.362431,0.970905,-0.719000,0.251905
238,0.214027,0.011956,0.361349,0.109342,0.281000,0.171658
239,0.213152,0.008399,0.360201,0.091647,0.282000,0.373647
240,0.212872,0.147165,0.360301,0.383621,-0.391000,-0.007379
241,0.212799,0.195539,0.360646,0.442198,0.391000,-0.051198
242,0.213235,0.316626,0.361495,0.562695,0.546000,-0.016695
243,0.212708,0.087310,0.361219,0.295483,-0.171000,0.124483
244,0.213558,0.416532,0.362403,0.645393,-0.438000,0.207393
245,0.212873,0.048469,0.361813,0.220157,0.109000,0.329157
246,0.212072,0.019190,0.360890,0.138529,0.110000,0.248529
247,0.211348,0.036180,0.360188,0.190210,0.281000,0.090790
248,0.211032,0.134009,0.360212,0.366073,-0.328000,0.038073
249,0.210673,0.123164,0.360174,0.350947,-0.172000,0.178947
250,0.209822,0.001235,0.358853,0.035147,0.219000,0.183853
251,0.209919,0.233810,0.359357,0.483539,0.609000,0.125461
252,0.209231,0.039466,0.358710,0.198662,-0.156000,0.042662
253,0.208391,0.000044,0.357295,0.006607,0.000000,0.006607
254,0.207827,0.067283,0.356904,0.259390,-0.281000,-0.021610
255,0.207811,0.203788,0.357280,0.451429,0.390000,-0.061429
256,0.207031,0.011388,0.356286,0.106715,-0.062000,-0.168715
257,0.206662,0.113564,0.356210,0.336993,-0.610000,-0.273007
258,0.207224,0.349470,0.357135,0.591160,-0.609000,-0.017840
259,0.206803,0.099947,0.356974,0.316144,0.438000,0.121856
260,0.207162,0.298494,0.357714,0.546346,0.734000,0.187654
261,0.208744,0.613979,0.359371,0.783568,0.828000,0.044432
262,0.207970,0.008961,0.358345,0.094665,0.109000,0.203665
263,0.207754,0.152005,0.358467,0.389878,-0.171000,0.218878
264,0.206955,0.000101,0.357127,0.010044,0.234000,0.223956
265,0.206444,0.073446,0.356797,0.271010,0.219000,-0.052010
266,0.206200,0.142481,0.356875,0.377466,-0.172000,-0.549466
267,0.206485,0.281353,0.357535,0.530427,0.062000,-0.468427
268,0.205704,0.000263,0.356243,0.016232,-0.172000,-0.188232
269,0.205823,0.237236,0.356736,0.487069,0.172000,-0.315069
270,0.205069,0.005297,0.355669,0.072779,-0.218000,-0.145221
271,0.204343,0.011000,0.354729,0.104882,-0.172000,-0.276882
272,0.203771,0.051157,0.354250,0.226180,-0.110000,-0.336180
273,0.203113,0.026646,0.353540,0.163237,-0.281000,-0.444237
274,0.202686,0.087938,0.353329,0.296543,0.281000,-0.015543
275,0.202065,0.034304,0.352708,0.185214,-0.062000,0.123214
276,0.201380,0.015917,0.351875,0.126162,-0.110000,0.016162
277,0.201204,0.153313,0.352021,0.391551,0.329000,-0.062551
278,0.200590,0.033022,0.351399,0.181720,0.343000,0.161280
279,0.201617,0.482855,0.352648,0.694878,-0.500000,0.194878
280,0.200914,0.007661,0.351688,0.087529,0.000000,0.087529
281,0.202723,0.702058,0.353443,0.837889,-0.609000,0.228889
282,0.202324,0.091624,0.353260,0.302695,-0.063000,0.239695
283,0.201868,0.075115,0.352976,0.274072,0.391000,0.116928
284,0.201451,0.085289,0.352759,0.292043,0.063000,0.355043
285,0.201921,0.333475,0.353559,0.577473,0.656000,0.078527
286,0.201587,0.107766,0.353469,0.328278,0.719000,0.390722
287,0.200888,0.003762,0.352437,0.061334,0.125000,0.186334
288,0.200365,0.052349,0.352001,0.228800,0.000000,0.228800
289,0.199670,0.002111,0.350927,0.045943,-0.172000,-0.217943
290,0.199435,0.132555,0.350973,0.364081,0.047000,-0.317081
291,0.201998,0.934960,0.353120,0.966933,0.625000,-0.341933
292,0.201331,0.009976,0.352240,0.099878,0.156000,0.056122
293,0.200705,0.020565,0.351518,0.143405,0.062000,-0.081405
294,0.202712,0.782686,0.353356,0.884695,0.500000,-0.384695
295,0.203031,0.295525,0.354010,0.543622,0.500000,-0.043622
296,0.203854,0.443353,0.355078,0.665848,-0.672000,-0.006152
297,0.204500,0.393059,0.356006,0.626944,-0.718000,-0.091056
298,0.203835,0.009005,0.355118,0.094896,-0.063000,0.031896
299,0.203828,0.201835,0.355437,0.449261,-0.219000,0.230261
300,0.203296,0.046247,0.354963,0.215051,-0.218000,-0.002949
301,0.202614,0.000850,0.353866,0.029155,-0.063000,-0.033845
302,0.205580,1.086505,0.356176,1.042356,0.953000,-0.089356
303,0.205795,0.269649,0.356721,0.519278,0.157000,0.676278
304,0.205220,0.033316,0.356141,0.182526,0.281000,0.098474
305,0.204582,0.013228,0.355340,0.115015,0.109000,0.224015
306,0.204697,0.239278,0.355783,0.489160,-0.265000,0.224160
307,0.204723,0.212506,0.356130,0.460984,0.437000,-0.023984
308,0.204847,0.242643,0.356579,0.492588,0.391000,-0.101588
309,0.204606,0.131266,0.356598,0.362307,-0.110000,0.252307
310,0.203942,0.001542,0.355561,0.039265,-0.062000,-0.022735
311,0.203303,0.007579,0.354686,0.087058,0.062000,0.149058
312,0.202811,0.051934,0.354274,0.227891,0.282000,0.054109
313,0.202166,0.003491,0.353319,0.059085,0.109000,0.049915
314,0.201603,0.027689,0.352716,0.166399,-0.234000,-0.067601
315,0.203103,0.667833,0.354210,0.817210,0.843000,0.025790
316,0.202854,0.125668,0.354211,0.354497,0.110000,0.464497
317,0.204005,0.563140,0.355476,0.750427,0.609000,-0.141427
318,0.203359,0.001054,0.354448,0.032473,0.063000,0.030527
319,0.202767,0.016855,0.353735,0.129827,-0.235000,-0.105173
320,0.202304,0.056584,0.353368,0.237873,0.110000,-0.127873
321,0.201682,0.004980,0.352476,0.070566,-0.219000,-0.148434
322,0.201096,0.015307,0.351757,0.123723,-0.110000,0.013723
323,0.203113,0.844495,0.353535,0.918964,0.782000,-0.136964
324,0.203084,0.193906,0.353806,0.440347,0.781000,0.340653
325,0.202457,0.001707,0.352832,0.041321,0.047000,0.088321
326,0.202567,0.238114,0.353252,0.487970,0.562000,0.074030
327,0.202861,0.297288,0.353847,0.545241,0.547000,0.001759
328,0.202573,0.109713,0.353777,0.331230,-0.265000,0.066230
329,0.202274,0.105470,0.353687,0.324762,-0.563000,-0.238238
330,0.201776,0.039860,0.353215,0.199651,0.063000,-0.136651
331,0.201656,0.162321,0.353367,0.402891,-0.344000,0.058891
332,0.201063,0.007438,0.352552,0.086245,-0.110000,-0.023755
333,0.200469,0.005576,0.351708,0.074675,-0.109000,-0.034325
334,0.203557,1.219439,0.353988,1.104282,1.000000,-0.104282
335,0.203089,0.048709,0.353586,0.220702,1.063000,0.842298
336,0.202515,0.012366,0.352856,0.111201,0.718000,0.606799
337,0.201930,0.007797,0.352061,0.088303,0.328000,0.416303
338,0.204460,1.047047,0.354071,1.023253,-0.671000,0.352253
339,0.204052,0.067693,0.353790,0.260179,-0.157000,0.103179
340,0.203445,0.000114,0.352769,0.010682,-0.062000,-0.051318
341,0.202844,0.000843,0.351809,0.029037,-0.156000,-0.126963
342,0.203035,0.267406,0.352298,0.517113,-0.500000,0.017113
343,0.202763,0.110691,0.352240,0.332703,0.109000,0.441703
344,0.202627,0.156625,0.352368,0.395758,0.047000,0.442758
345,0.202179,0.049854,0.351989,0.223281,0.344000,0.567281
346,0.201644,0.019322,0.351367,0.139005,0.437000,0.297995
347,0.201940,0.303072,0.351947,0.550519,-0.281000,0.269519
348,0.201660,0.105515,0.351868,0.324830,-0.156000,0.168830
349,0.202924,0.638069,0.353164,0.798792,-0.563000,0.235792
350,0.208466,2.120394,0.356352,1.456157,-1.391000,0.065157
351,0.208084,0.075668,0.356117,0.275079,0.500000,0.224921
352,0.207945,0.159839,0.356243,0.399799,0.329000,0.728799
353,0.208875,0.532468,0.357313,0.729704,-0.047000,0.682704
354,0.212486,1.472695,0.359759,1.213546,-0.610000,0.603546
355,0.212211,0.115964,0.359705,0.340535,0.891000,0.550465
356,0.215047,1.210531,0.361808,1.100241,-0.500000,0.600241
357,0.214575,0.048599,0.361408,0.220451,0.328000,0.107549
358,0.215882,0.677107,0.362712,0.822865,-0.828000,-0.005135
359,0.215336,0.022092,0.362109,0.148635,-0.172000,-0.023365
360,0.215540,0.288044,0.362599,0.536697,0.422000,-0.114697
361,0.215168,0.082513,0.362388,0.287250,-0.344000,-0.056750
362,0.214683,0.041767,0.361947,0.204370,-0.406000,-0.201630
363,0.216167,0.747500,0.363347,0.864581,0.828000,-0.036581
364,0.216165,0.215104,0.363626,0.463793,0.500000,0.036207
365,0.215725,0.057645,0.363283,0.240095,-0.172000,0.068095
366,0.215954,0.298548,0.363789,0.546396,-0.156000,0.390396
367,0.220980,2.040269,0.366722,1.428380,-1.250000,0.178380
368,0.220388,0.005375,0.365916,0.073317,-0.500000,-0.426683
369,0.219786,0.000977,0.364999,0.031252,-0.422000,-0.390748
370,0.221737,0.933801,0.366642,0.966334,0.672000,-0.294334
371,0.221562,0.157292,0.366724,0.396601,-0.094000,0.302601
372,0.221046,0.031959,0.366213,0.178770,-0.156000,0.022770
373,0.222397,0.719432,0.367519,0.848193,0.656000,-0.192193
374,0.222015,0.081121,0.367296,0.284817,0.094000,0.378817
375,0.222457,0.386033,0.367980,0.621316,0.406000,-0.215316
376,0.222050,0.070891,0.367707,0.266254,0.172000,-0.094254
377,0.221527,0.026864,0.367160,0.163902,0.000000,-0.163902
378,0.221426,0.184056,0.367326,0.429018,0.000000,-0.429018
379,0.222093,0.471306,0.368177,0.686518,0.328000,-0.358518
380,0.221903,0.150542,0.368230,0.387997,-0.500000,-0.112003
381,0.221817,0.189790,0.368409,0.435649,0.344000,-0.091649
382,0.222491,0.476604,0.369260,0.690365,0.828000,0.137635
383,0.221926,0.008028,0.368522,0.089600,0.250000,0.160400
384,0.221373,0.012046,0.367841,0.109754,0.000000,-0.109754
385,0.220889,0.036979,0.367381,0.192299,-0.250000,-0.057701
386,0.220755,0.169585,0.367497,0.411807,-0.500000,-0.088193
387,0.220875,0.266615,0.367886,0.516348,0.422000,-0.094348
388,0.220577,0.106672,0.367778,0.326607,0.328000,0.001393
389,0.220006,0.000464,0.366879,0.021545,-0.078000,-0.099545
390,0.221202,0.681710,0.368067,0.825658,-0.922000,-0.096342
391,0.221254,0.241328,0.368386,0.491252,-0.328000,0.163252
392,0.221186,0.194848,0.368574,0.441416,-0.250000,0.191416
393,0.220618,0.000404,0.367678,0.020096,0.078000,0.098096
394,0.221518,0.571546,0.368674,0.756007,0.750000,-0.006007
395,0.227311,2.486742,0.371764,1.576941,1.672000,0.095059
396,0.228665,0.758048,0.373037,0.870660,-0.422000,0.448660
397,0.229175,0.428862,0.373754,0.654875,-0.078000,0.576875
398,0.229762,0.460806,0.374528,0.678827,-0.594000,0.084827
399,0.229213,0.012556,0.373864,0.112051,0.000000,0.112051
400,0.229609,0.386258,0.374489,0.621497,0.500000,-0.121497
401,0.229074,0.016967,0.373874,0.130257,0.094000,0.224257
402,0.228706,0.082677,0.373657,0.287536,-0.094000,0.193536
403,0.228157,0.009798,0.372968,0.098986,0.344000,0.245014
404,0.227605,0.007209,0.372248,0.084904,0.156000,0.240904
405,0.228705,0.668660,0.373359,0.817716,-0.656000,0.161716
406,0.228289,0.061804,0.373049,0.248604,0.250000,0.001396
407,0.230958,1.303657,0.374956,1.141778,1.406000,0.264222
408,0.230828,0.178485,0.375074,0.422474,-0.078000,0.344474
409,0.230399,0.057039,0.374738,0.238829,0.078000,-0.160829
410,0.232913,1.251106,0.376570,1.118528,-1.156000,-0.037472
411,0.232653,0.127270,0.376521,0.356749,0.500000,0.143251
412,0.232123,0.016333,0.375911,0.127801,0.328000,0.200199
413,0.233550,0.815634,0.377200,0.903124,1.078000,0.174876
414,0.233027,0.019364,0.376620,0.139154,0.094000,0.233154
415,0.234207,0.717791,0.377765,0.847225,-0.672000,0.175225
416,0.233829,0.078377,0.377527,0.279958,-0.328000,-0.048042
417,0.233384,0.050000,0.377155,0.223608,0.406000,0.182392
418,0.235239,1.001358,0.378661,1.000679,-1.000000,0.000679
419,0.236720,0.850218,0.379970,0.922073,0.922000,-0.000073
420,0.236188,0.015339,0.379354,0.123849,0.422000,0.298151
421,0.236274,0.271813,0.379695,0.521357,-0.344000,0.177357
422,0.236491,0.327224,0.380155,0.572035,0.594000,0.021965
423,0.236032,0.044093,0.379749,0.209983,0.406000,0.196017
424,0.236642,0.492319,0.380515,0.701654,0.672000,-0.029654
425,0.236080,0.000095,0.379635,0.009751,0.328000,0.337751
426,0.235649,0.053856,0.379285,0.232070,-0.078000,0.154070
427,0.235396,0.128738,0.379237,0.358800,0.250000,-0.108800
428,0.235850,0.428038,0.379885,0.654246,-0.578000,0.076246
429,0.235590,0.125317,0.379824,0.354001,-0.344000,0.010001
430,0.235037,0.000000,0.378934,0.000403,0.094000,0.093597
431,0.234865,0.161460,0.378987,0.401820,-0.172000,0.229820
432,0.234835,0.222202,0.379203,0.471383,-0.250000,0.221383
433,0.234935,0.277567,0.379547,0.526846,-0.250000,0.276846
434,0.242550,3.509417,0.383021,1.873344,2.078000,0.204656
435,0.245593,1.554175,0.385025,1.246665,-0.156000,1.090665
436,0.245207,0.078645,0.384783,0.280438,-0.500000,-0.219562
437,0.244828,0.081140,0.384552,0.284851,0.000000,-0.284851
438,0.244330,0.028711,0.384057,0.169444,-0.172000,-0.002556
439,0.243784,0.006814,0.383363,0.082545,-0.078000,-0.160545
440,0.245372,0.936240,0.384703,0.967595,0.750000,-0.217595
441,0.248078,1.427998,0.386558,1.194989,1.250000,0.055011
442,0.264310,7.357713,0.391868,2.712511,-2.672000,0.040511
443,0.265737,0.890622,0.393125,0.943728,1.250000,0.306272
444,0.269115,1.752221,0.395240,1.323715,-0.500000,0.823715
445,0.271463,1.304588,0.396934,1.142186,-0.500000,0.642186
446,0.271018,0.074609,0.396654,0.273146,0.578000,0.304854
447,0.271400,0.440177,0.397256,0.663458,-0.078000,0.585458
448,0.272312,0.676255,0.398213,0.822347,-0.578000,0.244347
449,0.272445,0.331644,0.398613,0.575886,0.000000,0.575886
450,0.271871,0.016339,0.398006,0.127825,-0.094000,-0.221825
451,0.274126,1.279776,0.399646,1.131272,-1.250000,-0.118728
452,0.274972,0.653532,0.400558,0.808413,-0.656000,0.152413
453,0.274428,0.030680,0.400056,0.175157,-0.094000,0.081157
454,0.276149,1.048676,0.401443,1.024049,1.172000,0.147951
455,0.275540,0.001701,0.400644,0.041243,-0.078000,-0.036757
456,0.274931,0.000299,0.399796,0.017302,0.156000,0.173302
457,0.274570,0.111286,0.399650,0.333596,0.250000,-0.083596
458,0.279137,2.347927,0.402145,1.532295,-1.500000,0.032295
459,0.279342,0.372582,0.402603,0.610395,-0.578000,0.032395
460,0.279213,0.220172,0.402749,0.469225,0.750000,0.280775
461,0.278603,0.000473,0.401915,0.021758,0.422000,0.400242
462,0.278063,0.031304,0.401424,0.176929,0.406000,0.229071
463,0.277688,0.106101,0.401259,0.325731,-0.078000,0.247731
464,0.277242,0.072525,0.400972,0.269305,-0.328000,-0.058695
465,0.277311,0.309188,0.401308,0.556047,0.500000,-0.056047
466,0.276980,0.124137,0.401202,0.352330,0.250000,-0.102330
467,0.279719,1.545388,0.403021,1.243136,1.000000,-0.243136
468,0.281800,1.245314,0.404557,1.115936,1.000000,-0.115936
469,0.282316,0.521299,0.405240,0.722010,-1.172000,-0.449990
470,0.282750,0.484980,0.405865,0.696405,0.422000,-0.274405
471,0.282661,0.241097,0.406047,0.491016,0.406000,-0.085016
472,0.282057,0.000036,0.405192,0.005966,-0.156000,-0.150034
473,0.282695,0.581003,0.405954,0.762236,0.656000,-0.106236
474,0.282139,0.021527,0.405402,0.146721,0.000000,0.146721
475,0.281694,0.072400,0.405113,0.269073,0.172000,-0.097073
476,0.282886,0.844285,0.406201,0.918850,1.000000,0.081150
477,0.282700,0.195134,0.406276,0.441740,-0.578000,-0.136260
478,0.283026,0.437254,0.406814,0.661252,0.406000,-0.255252
479,0.282603,0.081868,0.406560,0.286126,-0.328000,-0.041874
480,0.282025,0.007446,0.405887,0.086292,-0.172000,-0.258292
481,0.281509,0.035952,0.405434,0.189609,-0.328000,-0.138391
482,0.281532,0.292438,0.405717,0.540775,-0.750000,-0.209225
483,0.280960,0.007823,0.405055,0.088447,-0.078000,-0.166447
484,0.280375,0.000003,0.404214,0.001683,0.078000,0.079683
485,0.279899,0.051368,0.403845,0.226646,-0.328000,-0.101354
486,0.279401,0.039939,0.403422,0.199847,0.406000,0.605847
487,0.283660,2.336586,0.405751,1.528590,-1.156000,0.372590
488,0.283147,0.035215,0.405301,0.187656,0.156000,0.343656
489,0.283723,0.562731,0.406012,0.750154,-0.328000,0.422154
490,0.284131,0.481768,0.406605,0.694095,1.000000,0.305905
491,0.285061,0.737210,0.407533,0.858609,-0.672000,0.186609
492,0.284968,0.239613,0.407701,0.489503,0.594000,0.104497
493,0.286263,0.918183,0.408826,0.958219,-0.922000,0.036219
494,0.286481,0.393175,0.409272,0.627037,0.672000,0.044963
495,0.287524,0.798449,0.410258,0.893560,0.906000,0.012440
496,0.290711,1.855692,0.412193,1.362238,1.422000,0.059762
497,0.292698,1.270472,0.413643,1.127152,1.000000,-0.127152
498,0.292111,0.002408,0.412905,0.049070,-0.172000,-0.122930
499,0.291620,0.049373,0.412520,0.222200,-0.578000,-0.355800
500,0.292165,0.561767,0.413199,0.749511,0.500000,-0.249511
501,0.291784,0.102703,0.413013,0.320473,-0.500000,-0.179527
502,0.291344,0.072931,0.412726,0.270057,0.172000,-0.098057
503,0.291423,0.330494,0.413051,0.574886,-0.594000,-0.019114
504,0.292223,0.691499,0.413888,0.831564,-0.828000,0.003564
505,0.292082,0.221434,0.414001,0.470568,-0.422000,0.048568
506,0.291670,0.085539,0.413759,0.292470,0.344000,0.051530
507,0.291184,0.046988,0.413367,0.216766,0.250000,0.033234
508,0.290684,0.039201,0.412940,0.197992,-0.172000,0.025992
509,0.290851,0.375098,0.413335,0.612452,0.578000,-0.034452
510,0.292168,0.957114,0.414451,0.978322,-1.078000,-0.099678
511,0.291653,0.030977,0.413981,0.176003,-0.172000,0.004003
512,0.291258,0.091097,0.413760,0.301823,0.344000,0.042177
513,0.292868,1.110785,0.415018,1.053938,-1.000000,0.053938
514,0.292347,0.027018,0.414527,0.164371,-0.094000,0.070371
515,0.292027,0.128927,0.414418,0.359064,-0.328000,0.031064
516,0.292438,0.502617,0.414993,0.708955,0.578000,-0.130955
517,0.291981,0.057929,0.414654,0.240685,0.672000,0.431315
518,0.293162,0.898805,0.415691,0.948053,1.328000,0.379947
519,0.293816,0.630333,0.416426,0.793935,0.672000,-0.121935
520,0.293878,0.325838,0.416725,0.570822,0.578000,0.007178
521,0.293878,0.293551,0.416967,0.541804,0.250000,-0.291804
522,0.293395,0.043946,0.416567,0.209634,0.000000,-0.209634
523,0.293011,0.094236,0.416356,0.306979,-0.656000,-0.349021
524,0.292449,0.000645,0.415604,0.025393,-0.094000,-0.068607
525,0.291971,0.043330,0.415205,0.208158,-0.078000,0.130158
526,0.291455,0.022751,0.414699,0.150835,-0.078000,0.072835
527,0.292104,0.630516,0.415424,0.794050,0.906000,0.111950
528,0.291587,0.021562,0.414912,0.146840,0.000000,0.146840
529,0.291297,0.138933,0.414831,0.372738,-0.406000,-0.033262
530,0.292083,0.704709,0.415639,0.839469,-0.922000,-0.082531
531,0.292210,0.359513,0.415988,0.599594,-0.672000,-0.072406
532,0.291689,0.016673,0.415445,0.129125,0.094000,-0.035125
533,0.291596,0.242639,0.415590,0.492584,-0.422000,0.070584
534,0.292125,0.572141,0.416233,0.756400,0.750000,-0.006400
535,0.291669,0.049918,0.415870,0.223423,0.328000,0.104577
536,0.296040,2.616908,0.418129,1.617686,1.500000,-0.117686
537,0.296688,0.641380,0.418847,0.800862,0.750000,-0.050862
538,0.296169,0.019900,0.418327,0.141066,-0.078000,-0.219066
539,0.296210,0.317963,0.418599,0.563882,0.078000,-0.485882
540,0.296278,0.332327,0.418894,0.576478,0.172000,-0.404478
541,0.297983,1.212252,0.420164,1.101023,0.578000,-0.523023
542,0.299224,0.965393,0.421209,0.982544,0.672000,-0.310544
543,0.299407,0.398118,0.421599,0.630966,0.422000,-0.208966
544,0.299057,0.110287,0.421433,0.332095,-0.500000,-0.167905
545,0.298706,0.109235,0.421265,0.330508,-0.344000,-0.013492
546,0.299303,0.622391,0.421943,0.788918,0.672000,-0.116918
547,0.299248,0.268993,0.422121,0.518645,-0.078000,0.440645
548,0.300885,1.189806,0.423350,1.090782,1.578000,0.487218
549,0.301044,0.387835,0.423716,0.622764,1.172000,0.549236
550,0.302117,0.886691,0.424665,0.941643,-0.672000,0.269643
551,0.301651,0.047436,0.424287,0.217798,0.422000,0.204202
552,0.301110,0.004896,0.423640,0.069968,0.078000,0.147968
553,0.303031,1.355766,0.424989,1.164374,1.328000,0.163626
554,0.305554,1.690668,0.426581,1.300257,-0.828000,0.472257
555,0.305002,0.001573,0.425878,0.039659,0.500000,0.460341
556,0.304508,0.032468,0.425433,0.180187,0.078000,0.258187
557,0.304449,0.271552,0.425606,0.521106,-0.328000,0.193106
558,0.304523,0.345760,0.425900,0.588013,-0.422000,0.166013
559,0.304247,0.150922,0.425832,0.388487,-0.250000,0.138487
560,0.306103,1.336429,0.427145,1.156040,1.250000,0.093960
561,0.307849,1.278617,0.428409,1.130760,-0.828000,0.302760
562,0.307563,0.148266,0.428331,0.385054,0.578000,0.192946
563,0.307013,0.000277,0.427595,0.016656,0.000000,0.016656
564,0.306646,0.101315,0.427399,0.318300,-0.328000,-0.009700
565,0.306169,0.038815,0.426989,0.197015,-0.172000,0.025015
566,0.305737,0.063397,0.426677,0.251789,0.250000,-0.001789
567,0.305395,0.113671,0.426518,0.337151,0.422000,0.084849
568,0.304886,0.018018,0.426000,0.134232,0.078000,0.212232
569,0.304359,0.007176,0.425396,0.084712,-0.156000,-0.071288
570,0.305073,0.708622,0.426131,0.841797,-1.000000,-0.158203
571,0.304848,0.177623,0.426123,0.421454,-0.250000,0.171454
572,0.304937,0.355034,0.426422,0.595847,-0.422000,0.173847
573,0.304825,0.241563,0.426536,0.491491,-0.328000,0.163491
574,0.304328,0.021161,0.426043,0.145468,-0.094000,0.051468
575,0.303810,0.008583,0.425459,0.092644,0.000000,0.092644
576,0.303279,0.000167,0.424738,0.012916,0.094000,0.081084
577,0.304353,0.918679,0.425670,0.958477,-0.844000,0.114477
578,0.303826,0.002178,0.425009,0.046673,0.672000,0.718673
579,0.306413,1.791197,0.426598,1.338356,1.672000,0.333644
580,0.305932,0.028974,0.426153,0.170218,0.500000,0.329782
581,0.305448,0.026675,0.425697,0.163324,0.328000,0.164676
582,0.305103,0.106386,0.425525,0.326168,0.328000,0.001832
583,0.304793,0.125381,0.425402,0.354092,-0.406000,-0.051908
584,0.304329,0.035869,0.424995,0.189390,0.250000,0.060610
585,0.303806,0.000302,0.424293,0.017389,0.000000,-0.017389
586,0.304742,0.848903,0.425147,0.921360,1.078000,0.156640
587,0.307901,2.146112,0.426931,1.464961,1.750000,0.285039
588,0.307405,0.018214,0.426431,0.134957,0.000000,0.134957
589,0.307671,0.463267,0.426865,0.680638,-0.672000,0.008638
590,0.307196,0.029431,0.426430,0.171555,-0.328000,-0.156445
591,0.307208,0.313954,0.426658,0.560316,0.422000,-0.138316
592,0.306925,0.140896,0.426570,0.375361,0.500000,0.124639
593,0.307040,0.374391,0.426885,0.611875,0.828000,0.216125
594,0.306526,0.003886,0.426267,0.062340,0.328000,0.265660
595,0.307738,1.023142,0.427257,1.011505,1.000000,-0.011505
596,0.308423,0.713284,0.427962,0.844561,1.000000,0.155439
597,0.308741,0.496878,0.428429,0.704896,-0.578000,0.126896
598,0.308228,0.003983,0.427814,0.063112,0.078000,0.141112
599,0.307710,0.000015,0.427102,0.003874,0.094000,0.090126
600,0.307313,0.070924,0.426832,0.266315,0.406000,0.139685
601,0.309405,1.556363,0.428207,1.247543,1.422000,0.174457
602,0.309780,0.533835,0.428712,0.730640,1.078000,0.347360
603,0.310451,0.711750,0.429405,0.843653,-0.750000,0.093653
604,0.309968,0.020644,0.428929,0.143679,-0.156000,-0.012321
605,0.309991,0.323759,0.429162,0.568998,-0.750000,-0.181002
606,0.310848,0.825474,0.429958,0.908556,-0.922000,-0.013444
607,0.328742,11.101122,0.434771,3.331835,3.500000,0.168165
608,0.328892,0.419425,0.435123,0.647630,0.375000,1.022630
609,0.328365,0.010056,0.434570,0.100278,0.875000,0.774722
610,0.327825,0.001196,0.433910,0.034579,0.375000,0.409579
611,0.327286,0.000293,0.433223,0.017130,0.000000,0.017130
612,0.329950,1.946909,0.434805,1.395317,-1.125000,0.270317
613,0.330700,0.786754,0.435548,0.886991,-0.375000,0.511991
614,0.332844,1.638505,0.436932,1.280041,-0.500000,0.780041
615,0.332508,0.127928,0.436803,0.357670,0.875000,0.517330
616,0.341097,5.589003,0.439952,2.364107,-1.625000,0.739107
617,0.341519,0.599875,0.440498,0.774516,-0.125000,0.649516
618,0.340963,0.000106,0.439797,0.010277,0.375000,0.364723
619,0.341303,0.550178,0.440288,0.741740,1.125000,0.383260
620,0.340847,0.059933,0.439971,0.244813,0.250000,0.494813
621,0.341651,0.837369,0.440741,0.915079,-0.500000,0.415079
622,0.341538,0.271615,0.440871,0.521167,0.625000,0.103833
623,0.341332,0.213707,0.440905,0.462285,0.625000,0.162715
624,0.341401,0.384550,0.441194,0.620121,-0.500000,0.120121
625,0.342808,1.214909,0.442259,1.102229,1.250000,0.147771
626,0.342455,0.123332,0.442112,0.351186,-0.125000,0.226186
627,0.342148,0.151048,0.442027,0.388648,-0.375000,0.013648
628,0.345301,2.309873,0.443754,1.519827,1.500000,-0.019827
629,0.345188,0.274544,0.443882,0.523969,-0.375000,0.148969
630,0.344654,0.011119,0.443342,0.105444,0.000000,0.105444
631,0.344109,0.002998,0.442722,0.054757,0.000000,0.054757
632,0.344350,0.495074,0.443137,0.703615,-0.875000,-0.171385
633,0.344371,0.357791,0.443384,0.598157,-0.750000,-0.151843
634,0.344251,0.268756,0.443503,0.518417,-0.500000,0.018417
635,0.345109,0.885503,0.444291,0.941012,-1.000000,-0.058988
636,0.352877,5.254648,0.447215,2.292302,-2.125000,0.167302
637,0.353065,0.471600,0.447594,0.686731,1.000000,0.313269
638,0.354523,1.277313,0.448670,1.130183,1.375000,0.244817
639,0.354056,0.057930,0.448343,0.240687,0.875000,0.634313
640,0.353781,0.179761,0.448305,0.423982,0.125000,0.548982
641,0.354034,0.514793,0.448727,0.717491,-0.625000,0.092491
642,0.354498,0.649822,0.449287,0.806115,-0.875000,-0.068885
643,0.361766,4.999072,0.452083,2.235860,-2.000000,0.235860
644,0.372916,7.497832,0.455655,2.738217,-2.250000,0.488217
645,0.372509,0.111960,0.455466,0.334604,0.500000,0.165396
646,0.399474,17.683997,0.461307,4.205234,-3.500000,0.705234
647,0.401932,1.980059,0.462778,1.407146,1.500000,0.092854
648,0.402018,0.457091,0.463109,0.676085,1.000000,0.323915
649,0.403533,1.378905,0.464212,1.174268,1.500000,0.325732
650,0.408482,3.600525,0.466431,1.897505,-1.250000,0.647505
651,0.408494,0.416301,0.466707,0.645214,-0.625000,0.020214
652,0.407880,0.010833,0.466147,0.104079,-0.625000,-0.520921
653,0.408127,0.568082,0.466590,0.753712,0.375000,-0.378712
654,0.411127,2.358352,0.468235,1.535693,-1.750000,-0.214307
655,0.417821,4.768841,0.470870,2.183768,-2.125000,0.058768
656,0.417403,0.145454,0.470733,0.381385,0.000000,-0.381385
657,0.425056,5.414469,0.473576,2.326901,-2.375000,-0.048099
658,0.425778,0.897440,0.474300,0.947333,-1.125000,-0.177667
659,0.432304,4.700229,0.476886,2.168001,-2.500000,-0.331999
660,0.459666,18.381664,0.482695,4.287384,3.375000,-0.912384
661,0.473557,9.586492,0.486673,3.096206,2.500000,-0.596206
662,0.473850,0.666010,0.487173,0.816095,-0.500000,0.316095
663,0.476367,2.132931,0.488650,1.460456,0.875000,-0.585456
664,0.475710,0.042705,0.488223,0.206652,-0.500000,-0.706652
665,0.476098,0.731740,0.488778,0.855418,0.000000,-0.855418
666,0.478305,1.937286,0.490143,1.391864,0.375000,-1.016864
667,0.479349,1.170582,0.491035,1.081934,0.125000,-0.956934
668,0.480727,1.394148,0.492074,1.180741,-1.500000,-0.319259
669,0.480004,0.000033,0.491343,0.005739,-0.250000,-0.244261
670,0.479320,0.024528,0.490840,0.156614,0.375000,0.218386
671,0.478631,0.019819,0.490315,0.140781,0.250000,0.390781
672,0.478104,0.126775,0.490114,0.356054,0.000000,0.356054
673,0.479076,1.128052,0.490969,1.062098,-0.750000,0.312098
674,0.479620,0.843334,0.491607,0.918332,-0.750000,0.168332
675,0.479134,0.153526,0.491458,0.391824,-0.500000,-0.108176
676,0.478423,0.001261,0.490780,0.035515,-0.375000,-0.339485
677,0.478890,0.792730,0.491373,0.890354,-1.250000,-0.359646
678,0.478179,0.000281,0.490669,0.016772,-0.125000,-0.141772
679,0.478155,0.461943,0.490949,0.679664,-0.625000,0.054664
680,0.491703,9.636448,0.494815,3.104263,-2.875000,0.229263
681,0.491187,0.142141,0.494641,0.377016,0.375000,-0.002016
682,0.490463,0.000232,0.493934,0.015215,0.125000,0.109785
683,0.492899,2.144665,0.495363,1.464468,-1.250000,0.214468
684,0.497715,3.767797,0.497489,1.941081,2.000000,0.058919
685,0.506748,6.649504,0.500545,2.578663,2.625000,0.046337
686,0.507640,1.114636,0.501360,1.055763,-1.000000,0.055763
687,0.507125,0.155719,0.501203,0.394613,-0.625000,-0.230387
688,0.507505,0.767494,0.501751,0.876067,0.375000,-0.501067
689,0.508865,1.439197,0.502770,1.199665,0.500000,-0.699665
690,0.509285,0.796455,0.503338,0.892443,0.375000,-0.517443
691,0.509658,0.765807,0.503879,0.875104,0.500000,-0.375104
692,0.509036,0.081872,0.503563,0.286133,-0.500000,-0.213867
693,0.508378,0.055445,0.503174,0.235467,-0.875000,-0.639533
694,0.514068,4.434869,0.505497,2.105913,1.500000,-0.605913
695,0.517885,3.151573,0.507334,1.775267,1.500000,-0.275267
696,0.517310,0.119891,0.507101,0.346253,-0.625000,-0.278747
697,0.517788,0.848663,0.507699,0.921229,0.625000,-0.296229
698,0.525704,6.011404,0.510500,2.451817,2.250000,-0.201817
699,0.525169,0.153773,0.510330,0.392139,0.250000,-0.142139
700,0.524422,0.005169,0.509700,0.071897,0.000000,-0.071897
701,0.526473,1.953664,0.510974,1.397735,-1.125000,0.272735
702,0.525745,0.018787,0.510438,0.137064,-0.250000,-0.112936
703,0.526654,1.160835,0.511250,1.077421,0.750000,-0.327421
704,0.529844,2.759703,0.512892,1.661235,-1.750000,-0.088765
705,0.529092,0.002748,0.512236,0.052426,0.000000,0.052426
706,0.534639,4.423218,0.514502,2.103145,-1.625000,0.478145
707,0.533914,0.024970,0.513995,0.158019,0.250000,0.091981
708,0.534128,0.684346,0.514440,0.827252,-0.500000,0.327252
709,0.537085,2.619182,0.516006,1.618389,1.750000,0.131611
710,0.536346,0.015275,0.515450,0.123592,0.125000,0.248592
711,0.536625,0.733810,0.515932,0.856627,-0.750000,0.106627
712,0.536675,0.571766,0.516272,0.756152,-0.875000,-0.118848
713,0.535922,0.002951,0.515620,0.054325,-0.250000,-0.195675
714,0.536491,0.939635,0.516259,0.969348,0.625000,-0.344348
715,0.537147,1.002838,0.516941,1.001418,0.875000,-0.126418
716,0.537421,0.732115,0.517417,0.855637,0.625000,-0.230637
717,0.537669,0.714600,0.517877,0.845340,0.500000,-0.345340
718,0.536918,0.001583,0.517208,0.039793,-0.375000,-0.414793
719,0.536327,0.114344,0.516957,0.338148,-0.125000,-0.463148
720,0.537776,1.573604,0.517987,1.254434,0.875000,-0.379434
721,0.564620,19.784567,0.523468,4.447985,-4.625000,-0.177015
722,0.568337,3.233678,0.525244,1.798243,1.625000,-0.173243
723,0.567627,0.058221,0.524849,0.241291,0.375000,0.616291
724,0.569754,2.098595,0.526132,1.448653,-1.000000,0.448653
725,0.569121,0.113433,0.525869,0.336799,0.250000,0.586799
726,0.571774,2.484396,0.527324,1.576197,-1.000000,0.576197
727,0.570984,0.000884,0.526636,0.029733,0.125000,0.154733
728,0.571619,1.030653,0.527311,1.015211,1.250000,0.234789
729,0.572339,1.093762,0.528026,1.045831,0.750000,-0.295831
730,0.572281,0.529898,0.528301,0.727941,0.500000,-0.227941
731,0.571842,0.253718,0.528267,0.503705,0.750000,0.246295
732,0.571057,0.000356,0.527568,0.018863,-0.125000,-0.106137
733,0.570690,0.303113,0.527599,0.550557,-0.625000,-0.074443
734,0.570246,0.246753,0.527557,0.496742,-0.625000,-0.128258
735,0.569960,0.361339,0.527657,0.601115,0.250000,-0.351115
736,0.570020,0.613545,0.528007,0.783291,0.625000,-0.158291
737,0.569810,0.415871,0.528166,0.644881,-0.625000,0.019881
738,0.569546,0.376519,0.528283,0.613611,-0.250000,0.363611
739,0.569393,0.457165,0.528484,0.676140,-0.375000,0.301140
740,0.568735,0.084805,0.528161,0.291213,0.375000,0.083787
741,0.568026,0.045922,0.527735,0.214294,0.375000,0.160706
742,0.567511,0.187944,0.527608,0.433525,0.625000,0.191475
743,0.567140,0.293580,0.527627,0.541830,0.625000,0.083170
744,0.566425,0.038404,0.527179,0.195969,-0.375000,-0.179031
745,0.565769,0.079709,0.526848,0.282328,0.125000,-0.157328
746,0.565244,0.176563,0.526705,0.420194,-0.375000,0.045194
747,0.564507,0.017354,0.526173,0.131733,0.000000,-0.131733
748,0.564034,0.213260,0.526087,0.461801,-0.500000,-0.038199
749,0.563690,0.307464,0.526125,0.554495,-0.500000,0.054495
750,0.562950,0.011222,0.525561,0.105933,-0.125000,-0.019067
751,0.565941,2.797804,0.527097,1.672664,1.625000,-0.047664
752,0.569412,3.162249,0.528770,1.778271,-1.750000,0.028271
753,0.569416,0.571889,0.529073,0.756234,-0.625000,0.131234
754,0.568913,0.192138,0.528952,0.438335,-0.250000,0.188335
755,0.570422,1.702202,0.529985,1.304685,1.250000,-0.054685
756,0.569664,0.000949,0.529322,0.030800,0.125000,0.155800
757,0.569935,0.773714,0.529787,0.879610,-0.750000,0.129610
758,0.569235,0.041877,0.529356,0.204640,-0.125000,0.079640
759,0.570302,1.375200,0.530208,1.172689,1.125000,-0.047689
760,0.580694,8.426612,0.533346,2.902863,2.875000,-0.027863
761,0.581478,1.173584,0.534073,1.083321,1.000000,-0.083321
762,0.581139,0.325063,0.534120,0.570143,-0.750000,-0.179857
763,0.582226,1.406120,0.534979,1.185799,-1.375000,-0.189201
764,0.581508,0.036013,0.534525,0.189771,0.000000,-0.189771
765,0.584323,2.724274,0.535991,1.650537,1.625000,-0.025537
766,0.583606,0.037765,0.535543,0.194332,0.375000,0.180668
767,0.589806,5.314476,0.537862,2.305315,-2.250000,0.055315
768,0.589037,0.002180,0.537219,0.046686,0.375000,0.328314
769,0.588279,0.008996,0.536641,0.094848,0.625000,0.719848
770,0.588408,0.687164,0.537023,0.828954,1.500000,0.671046
771,0.587649,0.006544,0.536428,0.080894,0.375000,0.455894
772,0.590817,3.020082,0.537992,1.737838,1.875000,0.137162
773,0.591293,0.957462,0.538565,0.978500,-0.500000,0.478500
774,0.590967,0.339906,0.538623,0.583015,0.875000,0.291985
775,0.591548,1.038775,0.539246,1.019203,-1.000000,0.019203
776,0.592997,1.710441,0.540242,1.307838,1.250000,-0.057838
777,0.593593,1.053234,0.540871,1.026272,-0.875000,0.151272
778,0.606845,10.851361,0.544428,3.294140,-3.125000,0.169140
779,0.608871,2.176827,0.545629,1.475408,-1.125000,0.350408
780,0.608111,0.018928,0.545103,0.137580,0.875000,0.737420
781,0.607428,0.077270,0.544759,0.277974,1.000000,0.722026
782,0.606664,0.013195,0.544207,0.114870,0.375000,0.489870
783,0.608307,1.886711,0.545271,1.373576,-1.375000,-0.001424
784,0.608026,0.389009,0.545372,0.623706,-0.500000,0.123706
785,0.607273,0.019644,0.544853,0.140159,0.375000,0.515159
786,0.608694,1.718775,0.545833,1.311020,-1.000000,0.311020
787,0.608226,0.242220,0.545764,0.492159,-0.750000,-0.257841
788,0.609331,1.474475,0.546617,1.214280,1.125000,-0.089280
789,0.609667,0.873032,0.547111,0.934362,1.000000,0.065638
790,0.609632,0.582011,0.547386,0.762897,1.000000,0.237103
791,0.609023,0.130280,0.547149,0.360943,0.250000,-0.110943
792,0.609602,1.065200,0.547764,1.032085,0.750000,-0.282085
793,0.608829,0.000000,0.547070,0.000503,0.000000,-0.000503
794,0.608059,0.000657,0.546410,0.025634,0.000000,-0.025634
795,0.607428,0.108596,0.546136,0.329539,-0.750000,-0.420461
796,0.607506,0.669619,0.546480,0.818302,-1.125000,-0.306698
797,0.606904,0.130153,0.546246,0.360767,-0.625000,-0.264233
798,0.607029,0.706398,0.546616,0.840475,0.625000,-0.215475
799,0.606266,0.000278,0.545950,0.016679,0.000000,0.016679
800,0.605660,0.123987,0.545706,0.352118,-0.375000,-0.022882
801,0.604902,0.000996,0.545061,0.031560,0.000000,-0.031560
802,0.605293,0.917177,0.545578,0.957694,-0.875000,0.082694
803,0.604557,0.016926,0.545058,0.130101,0.125000,0.255101
804,0.603873,0.057314,0.544676,0.239403,-0.125000,0.114403
805,0.603639,0.416367,0.544802,0.645265,0.625000,-0.020265
806,0.602916,0.024015,0.544316,0.154969,-0.125000,0.029969
807,0.602534,0.296617,0.544316,0.544626,0.500000,-0.044626
808,0.602118,0.267456,0.544282,0.517162,-0.500000,0.017162
809,0.601788,0.336601,0.544327,0.580173,-0.625000,-0.044827
810,0.601042,0.000320,0.543674,0.017897,-0.125000,-0.107103
811,0.600477,0.145562,0.543473,0.381526,0.375000,-0.006526
812,0.599914,0.145212,0.543272,0.381066,0.375000,-0.006066
813,0.602399,2.610925,0.544597,1.615836,1.500000,-0.115836
814,0.601659,0.002573,0.543988,0.050720,-0.250000,-0.300720
815,0.601080,0.131820,0.543765,0.363070,0.000000,-0.363070
816,0.601499,0.941473,0.544290,0.970295,-1.125000,-0.154705
817,0.600826,0.054825,0.543908,0.234148,-0.375000,-0.140852
818,0.600126,0.031077,0.543457,0.176287,-0.375000,-0.198713
819,0.599403,0.010144,0.542914,0.100720,-0.125000,-0.225720
820,0.598680,0.010206,0.542372,0.101026,-0.250000,-0.148974
821,0.598185,0.193460,0.542247,0.439841,-0.125000,0.314841
822,0.597552,0.081066,0.541932,0.284721,0.500000,0.215279
823,0.596831,0.006674,0.541370,0.081695,0.250000,0.331695
824,0.596150,0.038308,0.540948,0.195725,-0.500000,-0.304275
825,0.595438,0.011454,0.540420,0.107024,-0.125000,-0.017976
826,0.595576,0.709095,0.540787,0.842078,0.875000,0.032922
827,0.594854,0.001241,0.540172,0.035228,0.250000,0.214772
828,0.594166,0.028019,0.539720,0.167389,-0.125000,0.042389
829,0.596154,2.234430,0.540878,1.494801,-1.500000,-0.005199
830,0.595519,0.071389,0.540546,0.267188,-0.250000,0.017188
831,0.594901,0.084591,0.540244,0.290846,-0.125000,0.165846
832,0.594361,0.147723,0.540056,0.384347,-0.250000,0.134347
833,0.593860,0.179465,0.539916,0.423633,0.375000,-0.048633
834,0.593443,0.247283,0.539864,0.497276,0.750000,0.252724
835,0.592813,0.070056,0.539533,0.264680,0.375000,0.110320
836,0.592101,0.000370,0.538908,0.019233,0.000000,0.019233
837,0.591831,0.366957,0.538988,0.605769,0.125000,-0.480769
838,0.593349,1.857892,0.539976,1.363045,1.000000,-0.363045
839,0.594223,1.323778,0.540707,1.150555,-1.125000,0.025555
840,0.593581,0.057367,0.540347,0.239515,0.000000,-0.239515
841,0.592902,0.024871,0.539890,0.157707,-0.250000,-0.092293
842,0.592631,0.366059,0.539968,0.605028,-0.625000,-0.019972
843,0.592317,0.329400,0.540008,0.573934,0.500000,-0.073934
844,0.592069,0.383723,0.540103,0.619454,-0.625000,-0.005546
845,0.591374,0.007764,0.539565,0.088116,0.000000,-0.088116
846,0.590674,0.001676,0.538973,0.040937,0.250000,0.209063
847,0.590301,0.276760,0.538958,0.526080,0.500000,-0.026080
848,0.590259,0.554723,0.539202,0.744797,-0.750000,-0.005203
849,0.589862,0.254089,0.539160,0.504072,0.375000,-0.129072
850,0.589352,0.158707,0.538994,0.398380,0.375000,-0.023380
851,0.588675,0.016196,0.538508,0.127262,0.125000,0.252262
852,0.590433,2.078946,0.539573,1.441855,1.500000,0.058145
853,0.589899,0.137283,0.539374,0.370517,0.500000,0.129483
854,0.589489,0.241937,0.539318,0.491870,-0.500000,-0.008130
855,0.588802,0.004470,0.538763,0.066859,-0.125000,-0.058141
856,0.588113,0.002086,0.538184,0.045676,-0.125000,-0.170676
857,0.587470,0.039270,0.537785,0.198166,-0.375000,-0.176834
858,0.587083,0.256598,0.537749,0.506555,0.250000,-0.256555
859,0.586398,0.001694,0.537168,0.041163,-0.250000,-0.291163
860,0.585909,0.167665,0.537019,0.409469,0.375000,-0.034469
861,0.585378,0.130783,0.536814,0.361639,-0.250000,0.111639
862,0.585030,0.287497,0.536813,0.536187,0.500000,-0.036187
863,0.585381,0.886088,0.537284,0.941322,1.000000,0.058678
864,0.584967,0.229025,0.537216,0.478565,-0.375000,0.103565
865,0.584847,0.481847,0.537398,0.694152,0.500000,-0.194152
866,0.585258,0.938960,0.537899,0.969000,-1.000000,-0.031000
867,0.584707,0.110196,0.537660,0.331957,0.250000,-0.081957
868,0.588488,3.851023,0.539309,1.962402,-1.875000,0.087402
869,0.589778,1.704374,0.540195,1.305517,-1.250000,0.055517
870,0.589097,0.000444,0.539596,0.021070,0.125000,0.146070
871,0.589012,0.515600,0.539802,0.718053,-0.375000,0.343053
872,0.588337,0.002965,0.539242,0.054449,0.125000,0.179449
873,0.587660,0.000011,0.538626,0.003355,0.250000,0.253355
874,0.586990,0.004399,0.538083,0.066322,0.250000,0.183678
875,0.586514,0.173072,0.537943,0.416020,-0.250000,0.166020
876,0.586655,0.708842,0.538291,0.841928,-0.750000,0.091928
877,0.586002,0.017098,0.537825,0.130760,-0.375000,-0.244240
878,0.585339,0.006187,0.537299,0.078660,-0.375000,-0.296340
879,0.584985,0.275498,0.537285,0.524879,0.125000,-0.399879
880,0.585649,1.166373,0.537904,1.079987,0.750000,-0.329987
881,0.585553,0.501940,0.538099,0.708477,0.375000,-0.333477
882,0.585045,0.139840,0.537912,0.373951,0.125000,-0.248951
883,0.584434,0.047668,0.537548,0.218330,0.000000,-0.218330
884,0.583860,0.079204,0.537257,0.281432,0.000000,-0.281432
885,0.583241,0.038959,0.536872,0.197380,-0.375000,-0.177620
886,0.582586,0.005114,0.536344,0.071510,-0.375000,-0.303490
887,0.582613,0.606428,0.536619,0.778735,-1.125000,-0.346265
888,0.582065,0.098122,0.536366,0.313244,-0.500000,-0.186756
889,0.581744,0.297775,0.536376,0.545687,0.500000,-0.045687
890,0.581090,0.002912,0.535832,0.053967,0.125000,0.178967
891,0.580442,0.006387,0.535318,0.079917,0.125000,0.045083
892,0.579933,0.127727,0.535118,0.357390,-0.375000,-0.017610
893,0.579963,0.607017,0.535392,0.779113,0.750000,-0.029113
894,0.583195,3.456533,0.536879,1.859175,2.125000,0.265825
895,0.582550,0.008159,0.536378,0.090326,-0.125000,-0.034674
896,0.582440,0.484689,0.536557,0.696196,-1.125000,-0.428804
897,0.582217,0.382859,0.536649,0.618756,0.250000,-0.368756
898,0.581568,0.002557,0.536106,0.050570,0.000000,-0.050570
899,0.581641,0.646489,0.536405,0.804046,0.750000,-0.054046
900,0.581218,0.202619,0.536309,0.450132,0.250000,-0.200132
901,0.580791,0.198101,0.536207,0.445085,0.250000,-0.195085
902,0.580416,0.244219,0.536160,0.494185,-0.375000,0.119185
903,0.580021,0.225727,0.536092,0.475107,-0.375000,0.100107
904,0.579656,0.251269,0.536054,0.501267,0.250000,-0.251267
905,0.579450,0.393730,0.536155,0.627479,0.500000,-0.127479
906,0.579820,0.913080,0.536620,0.955552,0.750000,-0.205552
907,0.580351,1.059306,0.537166,1.029226,-1.250000,-0.220774
908,0.580448,0.668524,0.537476,0.817633,-0.875000,-0.057367
909,0.580163,0.322891,0.537510,0.568235,0.500000,-0.068235
910,0.584336,4.360027,0.539221,2.088068,2.375000,0.286932
911,0.583783,0.083457,0.538945,0.288890,0.375000,0.086110
912,0.583174,0.030660,0.538545,0.175099,0.000000,-0.175099
913,0.582622,0.081497,0.538266,0.285477,0.125000,-0.160477
914,0.582037,0.050219,0.537921,0.224096,0.250000,0.025904
915,0.582408,0.920047,0.538383,0.959191,1.125000,0.165809
916,0.581783,0.012660,0.537916,0.112516,-0.125000,-0.012484
917,0.581148,0.001887,0.537375,0.043438,-0.250000,-0.206562
918,0.580517,0.003965,0.536856,0.062965,-0.125000,-0.062035
919,0.580621,0.675918,0.537168,0.822142,0.875000,0.052858
920,0.582111,1.945331,0.538104,1.394751,1.625000,0.230249
921,0.581517,0.037538,0.537728,0.193748,0.250000,0.056252
922,0.581058,0.159848,0.537578,0.399810,-0.625000,-0.225190
923,0.580613,0.172390,0.537445,0.415199,-0.625000,-0.209801
924,0.581122,1.048579,0.537974,1.024001,-1.125000,-0.100999
925,0.580492,0.000711,0.537419,0.026660,-0.125000,-0.098340
926,0.581153,1.190224,0.538019,1.090974,-1.250000,-0.159026
927,0.580729,0.190140,0.537908,0.436050,0.375000,-0.061050
928,0.580109,0.007409,0.537419,0.086077,0.375000,0.288923
929,0.580272,0.731494,0.537763,0.855274,-0.375000,0.480274
930,0.580154,0.470494,0.537923,0.685925,1.000000,0.314075
931,0.579974,0.413830,0.538037,0.643296,-0.250000,0.393296
932,0.579367,0.015937,0.537593,0.126242,0.000000,0.126242
933,0.578852,0.101602,0.537357,0.318750,0.500000,0.181250
934,0.578492,0.243887,0.537311,0.493849,0.625000,0.131151
935,0.578000,0.120068,0.537106,0.346509,-0.250000,0.096509
936,0.577387,0.006603,0.536617,0.081261,-0.250000,-0.168739
937,0.576997,0.213713,0.536537,0.462291,0.375000,-0.087291
938,0.576443,0.059390,0.536223,0.243701,-0.125000,0.118701
939,0.576093,0.249359,0.536184,0.499359,-0.500000,-0.000641
940,0.576525,0.980911,0.536669,0.990410,-1.125000,-0.134590