# TEST CONFIGURATION BEGIN
# File Stream: filename: air_company_stock1.csv  -  n_targets: 1
# [air_company_stock1_ADE_HOMO_HTREE_SIZE_8] Pipeline: Array BaseStreamModel: base_models: [<skmultiflow.trees.regression_hoeffding_tree.RegressionHoeffdingTree object at 0x7f22468b6630>, <skmultiflow.trees.regression_hoeffding_tree.RegressionHoeffdingTree object at 0x7f22468b65f8>, <skmultiflow.trees.regression_hoeffding_tree.RegressionHoeffdingTree object at 0x7f22468b62e8>, <skmultiflow.trees.regression_hoeffding_tree.RegressionHoeffdingTree object at 0x7f22468b62b0>, <skmultiflow.trees.regression_hoeffding_tree.RegressionHoeffdingTree object at 0x7f22468b6278>, <skmultiflow.trees.regression_hoeffding_tree.RegressionHoeffdingTree object at 0x7f22468b6240>, <skmultiflow.trees.regression_hoeffding_tree.RegressionHoeffdingTree object at 0x7f22468b6208>, <skmultiflow.trees.regression_hoeffding_tree.RegressionHoeffdingTree object at 0x7f22468b61d0>]
 Array BaseStreamModel: base_models: [<skmultiflow.trees.regression_hoeffding_tree.RegressionHoeffdingTree object at 0x7f22468b6630>, <skmultiflow.trees.regression_hoeffding_tree.RegressionHoeffdingTree object at 0x7f22468b65f8>, <skmultiflow.trees.regression_hoeffding_tree.RegressionHoeffdingTree object at 0x7f22468b62e8>, <skmultiflow.trees.regression_hoeffding_tree.RegressionHoeffdingTree object at 0x7f22468b62b0>, <skmultiflow.trees.regression_hoeffding_tree.RegressionHoeffdingTree object at 0x7f22468b6278>, <skmultiflow.trees.regression_hoeffding_tree.RegressionHoeffdingTree object at 0x7f22468b6240>, <skmultiflow.trees.regression_hoeffding_tree.RegressionHoeffdingTree object at 0x7f22468b6208>, <skmultiflow.trees.regression_hoeffding_tree.RegressionHoeffdingTree object at 0x7f22468b61d0>]
# Prequential Evaluator: n_wait: 1 - max_samples: 600000 - max_time: 10000000 - output_file: air_company_stock1_ADE_HOMO_HTREE_SIZE_8_SIZE_8 - batch_size: 1 - pretrain_size: 5 - task_type: regression - show_plot: False - metrics: ['mean_square_error', 'mean_absolute_error', 'true_vs_predicted']
# TEST CONFIGURATION END
id,global_mse_[air_company_stock1_ADE_HOMO_HTREE_SIZE_8],sliding_mse_[air_company_stock1_ADE_HOMO_HTREE_SIZE_8],global_mae_[air_company_stock1_ADE_HOMO_HTREE_SIZE_8],sliding_mae_[air_company_stock1_ADE_HOMO_HTREE_SIZE_8],true_value_[air_company_stock1_ADE_HOMO_HTREE_SIZE_8],predicted_value_[air_company_stock1_ADE_HOMO_HTREE_SIZE_8]
5,0.296295,0.296295,0.544330,0.544330,0.625000,0.080670
6,0.415460,0.534625,0.637755,0.731181,0.937000,0.205819
7,0.448501,0.514584,0.664285,0.717345,-0.109000,0.608345
8,0.384848,0.193886,0.608295,0.440325,-0.328000,0.112325
9,0.307881,0.000015,0.487404,0.003838,0.328000,0.331838
10,0.282443,0.155252,0.471840,0.394020,0.437000,0.831020
11,0.246592,0.031488,0.429784,0.177450,0.235000,0.412450
12,0.219886,0.032944,0.398749,0.181506,-0.125000,-0.306506
13,0.198954,0.031499,0.374164,0.177480,0.062000,-0.115480
14,0.187456,0.083970,0.365725,0.289776,0.063000,0.352776
15,0.202134,0.348916,0.386176,0.590691,-0.235000,0.355691
16,0.200874,0.187014,0.390033,0.432451,-0.437000,-0.004549
17,0.214746,0.381205,0.407524,0.617418,0.500000,-0.117418
18,0.214992,0.218200,0.411781,0.467119,0.500000,0.032881
19,0.201998,0.020069,0.393773,0.141666,0.000000,0.141666
20,0.195830,0.103319,0.389252,0.321433,0.172000,-0.149433
21,0.184421,0.001874,0.368901,0.043294,0.218000,0.261294
22,0.190352,0.291182,0.378385,0.539613,-0.062000,0.477613
23,0.185908,0.105912,0.375599,0.325441,-0.328000,-0.002559
24,0.189724,0.262231,0.382423,0.512085,0.390000,-0.122085
25,0.180767,0.001630,0.366135,0.040377,0.047000,0.006623
26,0.173148,0.013147,0.354704,0.114661,-0.109000,-0.223661
27,0.185835,0.464947,0.368929,0.681870,0.062000,-0.619870
28,0.181252,0.075848,0.365032,0.275406,0.047000,-0.228406
29,0.175242,0.030987,0.357472,0.176030,-0.219000,-0.042970
30,0.176594,0.210397,0.361365,0.458691,0.000000,-0.458691
31,0.170171,0.003191,0.350073,0.056488,-0.218000,-0.161512
32,0.164777,0.019122,0.342509,0.138281,-0.453000,-0.591281
33,0.172524,0.389456,0.352218,0.624064,0.234000,-0.390064
34,0.172466,0.170784,0.354253,0.413260,0.156000,-0.257260
35,0.170767,0.119773,0.353989,0.346082,0.235000,-0.111082
36,0.166797,0.043729,0.349462,0.209115,0.000000,-0.209115
37,0.161793,0.001692,0.340119,0.041130,0.046000,0.087130
38,0.157314,0.009494,0.332981,0.097435,0.063000,0.160435
39,0.153874,0.036926,0.328957,0.192161,-0.063000,0.129161
40,0.151513,0.068871,0.327110,0.262434,0.172000,-0.090434
41,0.156329,0.329711,0.333788,0.574204,0.391000,-0.183204
42,0.152237,0.000832,0.325763,0.028839,-0.109000,-0.080161
43,0.150408,0.080880,0.324702,0.284395,0.156000,-0.128395
44,0.152649,0.240044,0.328833,0.489943,0.281000,-0.208943
45,0.152716,0.155433,0.330429,0.394250,-0.328000,0.066250
46,0.149809,0.030604,0.326727,0.174941,-0.109000,-0.283941
47,0.151445,0.220170,0.330040,0.469223,-0.500000,-0.030777
48,0.153311,0.233536,0.333523,0.483255,-0.454000,0.029255
49,0.154317,0.198586,0.336014,0.445630,0.282000,-0.163630
50,0.152048,0.049940,0.333567,0.223472,-0.110000,0.113472
51,0.151647,0.133186,0.334235,0.364947,0.157000,-0.207947
52,0.148516,0.001363,0.328041,0.036926,-0.266000,-0.229074
53,0.145663,0.008720,0.323252,0.093382,0.000000,0.093382
54,0.154583,0.591655,0.332171,0.769191,-0.734000,0.035191
55,0.164481,0.659407,0.341580,0.812039,0.500000,-0.312039
56,0.172060,0.558553,0.349384,0.747364,0.562000,-0.185364
57,0.172982,0.220949,0.351660,0.470053,-0.219000,0.251053
58,0.177071,0.393812,0.356769,0.627544,0.282000,-0.345544
59,0.174180,0.018065,0.352726,0.134407,0.000000,0.134407
60,0.171905,0.046741,0.350288,0.216196,0.000000,0.216196
61,0.169449,0.031943,0.347278,0.178726,0.000000,-0.178726
62,0.169476,0.171021,0.348421,0.413546,-0.625000,-0.211454
63,0.170950,0.256429,0.351098,0.506388,0.062000,-0.444388
64,0.169170,0.064156,0.349468,0.253291,-0.328000,-0.074709
65,0.166588,0.011668,0.345510,0.108018,-0.172000,-0.063982
66,0.166764,0.177503,0.346733,0.421311,0.000000,-0.421311
67,0.165904,0.112568,0.346555,0.335512,0.172000,-0.163512
68,0.163372,0.003865,0.342111,0.062166,0.109000,0.046834
69,0.166671,0.377789,0.346304,0.614645,0.610000,-0.004645
70,0.164155,0.000610,0.341431,0.024695,-0.063000,-0.038305
71,0.161816,0.007441,0.337622,0.086259,0.110000,0.196259
72,0.163951,0.306987,0.340805,0.554064,0.500000,-0.054064
73,0.161800,0.015564,0.337674,0.124755,-0.110000,0.014755
74,0.163136,0.255304,0.340069,0.505276,0.110000,-0.395276
75,0.175734,1.057606,0.349763,1.028400,0.562000,-0.466400
76,0.173299,0.000408,0.345186,0.020202,-0.172000,-0.151798
77,0.171000,0.005505,0.341474,0.074197,-0.156000,-0.230197
78,0.169832,0.084515,0.340788,0.290714,0.109000,-0.181714
79,0.168513,0.070953,0.339796,0.266370,-0.172000,0.094370
80,0.166442,0.011073,0.336709,0.105228,0.110000,0.004772
81,0.164302,0.001707,0.332873,0.041319,-0.219000,-0.177681
82,0.162829,0.049416,0.331455,0.222298,0.000000,-0.222298
83,0.172550,0.930729,0.339472,0.964743,0.609000,-0.355743
84,0.170446,0.004267,0.336045,0.065321,0.172000,0.106679
85,0.168493,0.012262,0.333263,0.110735,0.157000,0.046265
86,0.169894,0.283380,0.335691,0.532335,-0.438000,0.094335
87,0.170902,0.253513,0.337713,0.503501,-0.219000,0.284501
88,0.172210,0.280836,0.340001,0.529940,0.657000,0.127060
89,0.170804,0.052659,0.338701,0.229474,0.562000,0.332526
90,0.176287,0.642381,0.344082,0.801487,0.938000,0.136513
91,0.174547,0.024869,0.341940,0.157699,-0.110000,0.047699
92,0.174127,0.137580,0.342269,0.370917,-0.047000,0.323917
93,0.172254,0.007439,0.339392,0.086247,0.157000,0.243247
94,0.170363,0.002030,0.336122,0.045055,0.500000,0.545055
95,0.168560,0.006303,0.333301,0.079389,0.062000,-0.017389
96,0.167581,0.078480,0.332723,0.280143,-0.062000,-0.342143
97,0.167748,0.183169,0.333747,0.427982,0.062000,-0.365982
98,0.166277,0.029448,0.332022,0.171603,0.172000,0.343603
99,0.170969,0.612028,0.336762,0.782322,-0.563000,0.219322
100,0.169968,0.074894,0.336105,0.273668,0.282000,0.008332
101,0.168665,0.043532,0.334791,0.208643,0.218000,0.009357
102,0.167005,0.005977,0.332164,0.077314,0.219000,0.296314
103,0.165449,0.012945,0.329958,0.113776,-0.047000,0.066776
104,0.164031,0.023731,0.328199,0.154048,0.282000,0.127952
105,0.162610,0.020517,0.326367,0.143237,0.156000,0.299237
106,0.182012,2.141557,0.337515,1.463406,-1.110000,0.353406
107,0.180469,0.023111,0.335714,0.152025,0.282000,0.129975
108,0.180308,0.163714,0.336376,0.404616,-0.110000,0.294616
109,0.179185,0.062431,0.335553,0.249861,0.657000,0.407139
110,0.184613,0.754537,0.340582,0.868641,0.781000,-0.087641
111,0.183978,0.116583,0.340590,0.341443,-0.047000,0.294443
112,0.183844,0.169562,0.341249,0.411780,0.000000,0.411780
113,0.183940,0.194286,0.342162,0.440779,0.000000,0.440779
114,0.183464,0.131593,0.342349,0.362757,0.000000,0.362757
115,0.181858,0.005244,0.339917,0.072417,0.156000,0.083583
116,0.181278,0.116821,0.339934,0.341791,0.281000,-0.060791
117,0.180473,0.090397,0.339587,0.300660,0.110000,-0.190660
118,0.178976,0.009807,0.337476,0.099032,0.062000,0.161032
119,0.177765,0.039695,0.336274,0.199236,-0.109000,0.090236
120,0.176362,0.014941,0.334429,0.122235,0.047000,0.169235
121,0.175514,0.077229,0.333946,0.277900,-0.110000,0.167900
122,0.174027,0.000059,0.331181,0.007678,0.110000,0.117678
123,0.172574,0.001053,0.328671,0.032456,-0.156000,-0.123544
124,0.173372,0.268303,0.330248,0.517979,0.375000,-0.142979
125,0.171965,0.003242,0.327990,0.056934,-0.157000,-0.100066
126,0.170688,0.016054,0.326340,0.126705,0.000000,-0.126705
127,0.169955,0.080569,0.325994,0.283847,-0.500000,-0.216153
128,0.168797,0.026330,0.324674,0.162264,-0.109000,0.053264
129,0.167587,0.017628,0.323139,0.132770,0.156000,0.023230
130,0.167287,0.129726,0.323432,0.360175,-0.219000,0.141175
131,0.166107,0.017419,0.321925,0.131982,-0.046000,-0.177982
132,0.166410,0.204983,0.322947,0.452750,0.328000,-0.124750
133,0.165470,0.045050,0.322089,0.212249,0.328000,0.115751
134,0.167050,0.370934,0.324296,0.609043,-0.391000,0.218043
135,0.170188,0.578121,0.327625,0.760343,0.672000,-0.088343
136,0.169802,0.119167,0.327758,0.345206,0.391000,0.045794
137,0.170311,0.237540,0.328958,0.487381,0.828000,0.340619
138,0.169052,0.001599,0.326802,0.039994,0.062000,0.022006
139,0.167990,0.025665,0.325568,0.160204,0.000000,0.160204
140,0.166865,0.015006,0.324075,0.122499,0.000000,0.122499
141,0.167234,0.217498,0.325113,0.466367,-0.109000,0.357367
142,0.170043,0.554871,0.328155,0.744896,-0.781000,-0.036104
143,0.169786,0.134223,0.328430,0.366364,0.218000,-0.148364
144,0.171830,0.455937,0.330907,0.675231,-0.609000,0.066231
145,0.170620,0.001232,0.328809,0.035100,0.000000,0.035100
146,0.169530,0.015861,0.327381,0.125941,-0.062000,-0.187941
147,0.170377,0.290637,0.328861,0.539108,-0.375000,0.164108
148,0.169281,0.012535,0.327355,0.111959,-0.063000,-0.174959
149,0.169648,0.222590,0.328351,0.471794,0.281000,-0.190794
150,0.170005,0.221694,0.329327,0.470844,-0.218000,0.252844
151,0.168920,0.010501,0.327784,0.102473,-0.125000,-0.022527
152,0.168037,0.038220,0.326890,0.195499,-0.375000,-0.179501
153,0.168226,0.196188,0.327669,0.442932,-0.391000,0.051932
154,0.172717,0.841937,0.331601,0.917571,0.937000,0.019429
155,0.171664,0.013718,0.330181,0.117123,-0.046000,0.071123
156,0.171110,0.087447,0.329954,0.295714,0.156000,-0.139714
157,0.171483,0.228189,0.330920,0.477691,0.281000,-0.196691
158,0.171198,0.127668,0.331091,0.357306,-0.062000,0.295306
159,0.170812,0.111332,0.331108,0.333664,-0.219000,0.114664
160,0.169772,0.008488,0.329576,0.092132,-0.281000,-0.188868
161,0.171904,0.504624,0.332001,0.710369,0.500000,-0.210369
162,0.170930,0.017875,0.330746,0.133698,0.000000,0.133698
163,0.170133,0.044331,0.329990,0.210549,0.125000,-0.085549
164,0.169601,0.084882,0.329749,0.291345,0.109000,-0.182345
165,0.168549,0.000375,0.327821,0.019354,0.156000,0.136646
166,0.167513,0.000672,0.325957,0.025929,0.172000,0.146071
167,0.170080,0.585923,0.328654,0.765456,0.672000,-0.093456
168,0.169475,0.070793,0.328272,0.266070,0.109000,-0.157070
169,0.168988,0.089149,0.328092,0.298579,-0.218000,0.080579
170,0.168358,0.064387,0.327644,0.253746,-0.235000,0.018746
171,0.167569,0.036570,0.326827,0.191232,-0.047000,0.144232
172,0.167075,0.084651,0.326614,0.290949,-0.172000,0.118949
173,0.166087,0.000042,0.324720,0.006471,-0.046000,-0.052471
174,0.165215,0.017970,0.323598,0.134054,-0.282000,-0.147946
175,0.166105,0.317261,0.325000,0.563260,0.500000,-0.063260
176,0.165372,0.040069,0.324274,0.200173,0.282000,0.081827
177,0.164808,0.067749,0.323904,0.260286,-0.125000,0.135286
178,0.164291,0.074891,0.323615,0.273662,0.234000,-0.039662
179,0.164665,0.229730,0.324505,0.479302,0.609000,0.129698
180,0.163767,0.006590,0.323122,0.081180,0.219000,0.300180
181,0.163632,0.139883,0.323410,0.374009,-0.328000,0.046009
182,0.163013,0.053463,0.322892,0.231220,0.156000,-0.075220
183,0.162170,0.012233,0.321706,0.110602,0.235000,0.124398
184,0.161947,0.122026,0.321859,0.349322,-0.063000,0.286322
185,0.164898,0.695943,0.324690,0.834232,0.719000,-0.115232
186,0.164533,0.098512,0.324631,0.313866,0.172000,-0.141866
187,0.164019,0.070560,0.324308,0.265631,-0.063000,0.202631
188,0.165783,0.488564,0.326344,0.698974,-0.656000,0.042974
189,0.165141,0.046942,0.325752,0.216660,-0.063000,0.153660
190,0.164344,0.016895,0.324699,0.129979,0.282000,0.152021
191,0.163504,0.007294,0.323419,0.085403,0.218000,0.303403
192,0.165067,0.457313,0.325296,0.676249,0.672000,-0.004249
193,0.165424,0.232594,0.326127,0.482280,-0.281000,0.201280
194,0.164859,0.058036,0.325678,0.240906,0.500000,0.259094
195,0.165173,0.224815,0.326455,0.474147,-0.219000,0.255147
196,0.164798,0.093146,0.326345,0.305199,-0.218000,0.087199
197,0.163961,0.003429,0.324957,0.058556,-0.282000,-0.223444
198,0.163256,0.027194,0.324132,0.164906,-0.109000,0.055906
199,0.162895,0.092771,0.324032,0.304583,-0.344000,-0.039417
200,0.162122,0.011299,0.322921,0.106297,-0.047000,-0.153297
201,0.161460,0.031747,0.322186,0.178176,0.047000,-0.131176
202,0.160684,0.007944,0.321009,0.089129,0.000000,0.089129
203,0.161906,0.403732,0.322589,0.635399,-0.500000,0.135399
204,0.162686,0.318035,0.323796,0.563946,0.563000,-0.000946
205,0.163135,0.252879,0.324687,0.502871,-0.391000,0.111871
206,0.162328,0.000049,0.323114,0.006977,-0.172000,-0.165023
207,0.162809,0.259997,0.324034,0.509899,0.110000,-0.399899
208,0.162329,0.064952,0.323695,0.254856,-0.219000,0.035856
209,0.161538,0.000229,0.322190,0.015123,-0.156000,-0.171123
210,0.161391,0.131196,0.322384,0.362210,-0.672000,-0.309790
211,0.160740,0.026614,0.321615,0.163138,-0.219000,-0.055862
212,0.160034,0.013958,0.320637,0.118144,0.219000,0.100856
213,0.160455,0.247884,0.321485,0.497880,-0.328000,0.169880
214,0.160937,0.261819,0.322390,0.511683,0.437000,-0.074683
215,0.160406,0.048893,0.321910,0.221116,0.172000,-0.049116
216,0.160388,0.156528,0.322258,0.395637,-0.172000,0.223637
217,0.159663,0.005907,0.321106,0.076857,0.000000,0.076857
218,0.159744,0.176982,0.321571,0.420692,0.391000,-0.029692
219,0.159736,0.158116,0.321925,0.397638,-0.328000,0.069638
220,0.159632,0.137290,0.322150,0.370526,-0.500000,-0.129474
221,0.159983,0.235634,0.322903,0.485421,0.375000,-0.110421
222,0.159249,0.000010,0.321436,0.003209,0.125000,0.121791
223,0.158788,0.058411,0.321072,0.241684,-0.125000,0.116684
224,0.159135,0.235117,0.321817,0.484888,0.281000,-0.203888
225,0.161007,0.572829,0.323785,0.756854,0.781000,0.024146
226,0.161413,0.251082,0.324584,0.501081,-0.219000,0.282081
227,0.160792,0.022902,0.323807,0.151333,-0.218000,-0.066667
228,0.160129,0.012347,0.322857,0.111117,-0.172000,-0.060883
229,0.159614,0.044213,0.322357,0.210268,0.000000,0.210268
230,0.159372,0.104846,0.322363,0.323799,-0.328000,-0.004201
231,0.158670,0.000197,0.321005,0.014025,-0.172000,-0.186025
232,0.158229,0.058005,0.320653,0.240843,0.000000,-0.240843
233,0.157602,0.014678,0.319782,0.121154,-0.063000,0.058154
234,0.157017,0.023111,0.319053,0.152023,-0.156000,-0.003977
235,0.156353,0.003645,0.317933,0.060376,0.000000,-0.060376
236,0.156809,0.261976,0.318769,0.511836,-0.453000,0.058836
237,0.158710,0.599901,0.320725,0.774533,-0.719000,0.055533
238,0.158320,0.067471,0.320464,0.259753,0.281000,0.021247
239,0.157674,0.006479,0.319443,0.080493,0.282000,0.201507
240,0.158460,0.343145,0.320572,0.585785,-0.391000,0.194785
241,0.159280,0.352832,0.321725,0.593997,0.391000,-0.202997
242,0.159397,0.187010,0.322191,0.432447,0.546000,0.113553
243,0.159907,0.281382,0.323062,0.530455,-0.171000,0.359455
244,0.159875,0.152312,0.323342,0.390272,-0.438000,-0.047728
245,0.159283,0.017024,0.322542,0.130476,0.109000,-0.021476
246,0.158625,0.000053,0.321239,0.007304,0.110000,0.102696
247,0.158140,0.040907,0.320749,0.202254,0.281000,0.078746
248,0.157680,0.045750,0.320312,0.213893,-0.328000,-0.114107
249,0.157043,0.001727,0.319174,0.041562,-0.172000,-0.130438
250,0.156528,0.030316,0.318584,0.174114,0.219000,0.044886
251,0.156768,0.215806,0.319175,0.464549,0.609000,0.144451
252,0.156210,0.018456,0.318436,0.135854,-0.156000,-0.020146
253,0.155678,0.023765,0.317776,0.154160,0.000000,-0.154160
254,0.155328,0.067999,0.317548,0.260766,-0.281000,-0.020234
255,0.154888,0.045041,0.317128,0.212229,0.390000,0.177771
256,0.154274,0.000210,0.315927,0.014478,-0.062000,-0.047522
257,0.154559,0.226168,0.316558,0.475571,-0.610000,-0.134429
258,0.154379,0.108848,0.316611,0.329922,-0.609000,-0.279078
259,0.154200,0.108841,0.316663,0.329911,0.438000,0.108089
260,0.154700,0.282270,0.317502,0.531291,0.734000,0.202709
261,0.156050,0.501505,0.319022,0.708170,0.828000,0.119830
262,0.155446,0.000316,0.317854,0.017765,0.109000,0.091235
263,0.155567,0.186800,0.318296,0.432204,-0.171000,0.261204
264,0.154982,0.003432,0.317297,0.058583,0.234000,0.175417
265,0.154389,0.000279,0.316145,0.016696,0.219000,0.235696
266,0.153812,0.003079,0.315150,0.055490,-0.172000,-0.116510
267,0.153925,0.183602,0.315581,0.428489,0.062000,-0.366489
268,0.153370,0.007408,0.314712,0.086071,-0.172000,-0.258071
269,0.152902,0.029339,0.314170,0.171288,0.172000,0.000712
270,0.152368,0.010887,0.313382,0.104340,-0.218000,-0.113660
271,0.151812,0.003910,0.312442,0.062533,-0.172000,-0.109467
272,0.151293,0.012796,0.311698,0.113121,-0.110000,-0.223121
273,0.150866,0.036309,0.311248,0.190549,-0.281000,-0.090451
274,0.150745,0.118222,0.311369,0.343835,0.281000,-0.062835
275,0.150189,0.000089,0.310255,0.009439,-0.062000,-0.052561
276,0.149657,0.005346,0.309383,0.073114,-0.110000,-0.036886
277,0.149713,0.164926,0.309737,0.406111,0.329000,-0.077111
278,0.149512,0.094879,0.309731,0.308024,0.343000,0.034976
279,0.150159,0.327199,0.310685,0.572013,-0.500000,0.072013
280,0.149637,0.006147,0.309843,0.078405,0.000000,-0.078405
281,0.150473,0.381357,0.310954,0.617541,-0.609000,0.008541
282,0.150054,0.033982,0.310498,0.184343,-0.063000,0.121343
283,0.150081,0.157535,0.310808,0.396907,0.391000,-0.005907
284,0.149549,0.001154,0.309819,0.033974,0.063000,0.096974
285,0.150493,0.414749,0.311009,0.644010,0.656000,0.011990
286,0.151391,0.403802,0.312159,0.635455,0.719000,0.083545
287,0.150973,0.033135,0.311699,0.182031,0.125000,0.307031
288,0.150538,0.027332,0.311184,0.165324,0.000000,0.165324
289,0.150195,0.052740,0.310898,0.229651,-0.172000,0.057651
290,0.149673,0.000997,0.309921,0.031576,0.047000,0.015424
291,0.150810,0.475846,0.311245,0.689816,0.625000,-0.064816
292,0.150389,0.029710,0.310763,0.172366,0.156000,-0.016366
293,0.150119,0.072141,0.310617,0.268591,0.062000,-0.206591
294,0.150645,0.302905,0.311443,0.550368,0.500000,-0.050368
295,0.150617,0.142509,0.311670,0.377504,0.500000,0.122496
296,0.152552,0.715462,0.313500,0.845850,-0.672000,0.173850
297,0.153345,0.385066,0.314548,0.620537,-0.718000,-0.097463
298,0.152855,0.009128,0.313803,0.095543,-0.063000,0.032543
299,0.153574,0.364951,0.314787,0.604112,-0.219000,0.385112
300,0.153325,0.080057,0.314679,0.282943,-0.218000,0.064943
301,0.152814,0.001396,0.313746,0.037364,-0.063000,-0.100364
302,0.154779,0.738314,0.315576,0.859252,0.953000,0.093748
303,0.154402,0.042290,0.315209,0.205645,0.157000,0.362645
304,0.154035,0.044316,0.314860,0.210514,0.281000,0.070486
305,0.153547,0.006984,0.314091,0.083569,0.109000,0.025431
306,0.153962,0.278797,0.314800,0.528012,-0.265000,0.263012
307,0.154051,0.180985,0.315165,0.425423,0.437000,0.011577
308,0.154212,0.203031,0.315610,0.450590,0.391000,-0.059590
309,0.153711,0.001393,0.314698,0.037322,-0.110000,-0.147322
310,0.153220,0.003513,0.313863,0.059267,-0.062000,-0.121267
311,0.152735,0.004386,0.313056,0.066224,0.062000,-0.004224
312,0.152286,0.014315,0.312428,0.119644,0.282000,0.162356
313,0.151795,0.000711,0.311504,0.026674,0.109000,0.082326
314,0.151399,0.028927,0.311047,0.170080,-0.234000,-0.063920
315,0.153360,0.761316,0.312853,0.872534,0.843000,-0.029534
316,0.152870,0.000397,0.311914,0.019928,0.110000,0.129928
317,0.153566,0.370850,0.312863,0.608975,0.609000,0.000025
318,0.153214,0.042946,0.312527,0.207235,0.063000,-0.144235
319,0.153052,0.102331,0.312550,0.319893,-0.235000,0.084893
320,0.152634,0.020712,0.312016,0.143917,0.110000,-0.033917
321,0.152420,0.084845,0.311951,0.291282,-0.219000,0.072282
322,0.151949,0.002789,0.311136,0.052809,-0.110000,-0.057191
323,0.153546,0.661254,0.312710,0.813175,0.782000,-0.031175
324,0.154788,0.550982,0.314052,0.742282,0.781000,0.038718
325,0.154440,0.043246,0.313722,0.207958,0.047000,0.254958
326,0.154766,0.259318,0.314329,0.509233,0.562000,0.052767
327,0.154593,0.099013,0.314330,0.314663,0.547000,0.232337
328,0.155244,0.365430,0.315226,0.604508,-0.265000,0.339508
329,0.155426,0.214295,0.315680,0.462920,-0.563000,-0.100080
330,0.154977,0.009236,0.315006,0.096103,0.063000,-0.033103
331,0.155398,0.292451,0.315697,0.540787,-0.344000,0.196787
332,0.155026,0.033486,0.315292,0.182993,-0.110000,0.072993
333,0.154581,0.008543,0.314615,0.092427,-0.109000,-0.016573
334,0.156452,0.772189,0.316324,0.878743,1.000000,0.121257
335,0.157803,0.603493,0.317716,0.776848,1.063000,0.286152
336,0.157665,0.111843,0.317766,0.334429,0.718000,0.383571
337,0.157217,0.008620,0.317091,0.092844,0.328000,0.235156
338,0.159505,0.921282,0.319015,0.959834,-0.671000,0.288834
339,0.159134,0.035178,0.318623,0.187558,-0.157000,0.030558
340,0.158661,0.000246,0.317721,0.015675,-0.062000,-0.046325
341,0.158268,0.026432,0.317261,0.162579,-0.156000,0.006579
342,0.158139,0.114604,0.317323,0.338531,-0.500000,-0.161469
343,0.157712,0.013277,0.316727,0.115224,0.109000,-0.006224
344,0.157374,0.042866,0.316405,0.207042,0.047000,0.254042
345,0.156915,0.000892,0.315564,0.029867,0.344000,0.314133
346,0.156652,0.066951,0.315398,0.258749,0.437000,0.178251
347,0.157050,0.293105,0.316057,0.541392,-0.281000,0.260392
348,0.156953,0.123748,0.316161,0.351778,-0.156000,0.195778
349,0.158113,0.557098,0.317408,0.746390,-0.563000,0.183390
350,0.164232,2.275215,0.320850,1.508382,-1.391000,0.117382
351,0.164989,0.426995,0.321809,0.653449,0.500000,-0.153449
352,0.164515,0.000093,0.320912,0.009644,0.329000,0.338644
353,0.164565,0.181777,0.321214,0.426353,-0.047000,0.379353
354,0.165495,0.490352,0.322297,0.700252,-0.610000,0.090252
355,0.166279,0.440693,0.323270,0.663847,0.891000,0.227153
356,0.168682,1.012145,0.325210,1.006054,-0.500000,0.506054
357,0.168702,0.175602,0.325475,0.419049,0.328000,-0.091049
358,0.168931,0.249881,0.325968,0.499881,-0.828000,-0.328119
359,0.168504,0.017346,0.325421,0.131706,-0.172000,-0.040294
360,0.169053,0.363925,0.326201,0.603262,0.422000,-0.181262
361,0.169213,0.225929,0.326619,0.475320,-0.344000,0.131320
362,0.168838,0.035176,0.326231,0.187553,-0.406000,-0.218447
363,0.170874,0.899613,0.327964,0.948479,0.828000,-0.120479
364,0.170644,0.088029,0.327877,0.296696,0.500000,0.203304
365,0.170447,0.099769,0.327844,0.315862,-0.172000,0.143862
366,0.170352,0.135917,0.327956,0.368669,-0.156000,0.212669
367,0.172187,0.836611,0.329573,0.914665,-1.250000,-0.335335
368,0.171732,0.006560,0.328890,0.080991,-0.500000,-0.580991
369,0.171285,0.008520,0.328242,0.092306,-0.422000,-0.329694
370,0.173046,0.815812,0.329813,0.903223,0.672000,-0.231223
371,0.172612,0.013777,0.329234,0.117375,-0.094000,0.023375
372,0.172296,0.056393,0.328984,0.237473,-0.156000,0.081473
373,0.172726,0.330661,0.329651,0.575031,0.656000,0.080969
374,0.172417,0.058582,0.329414,0.242038,0.094000,0.336038
375,0.172355,0.149541,0.329569,0.386706,0.406000,0.019294
376,0.172207,0.117179,0.329603,0.342314,0.172000,-0.170314
377,0.171788,0.016027,0.329059,0.126596,0.000000,-0.126596
378,0.171329,0.000042,0.328196,0.006517,0.000000,0.006517
379,0.171197,0.121921,0.328252,0.349171,0.328000,-0.021171
380,0.171311,0.213988,0.328610,0.462589,-0.500000,-0.037411
381,0.171147,0.109425,0.328615,0.330794,0.344000,0.013206
382,0.172493,0.679956,0.329928,0.824594,0.828000,0.003406
383,0.172055,0.006577,0.329271,0.081096,0.250000,0.168904
384,0.171620,0.006502,0.328617,0.080637,0.000000,0.080637
385,0.171539,0.140874,0.328739,0.375331,-0.250000,0.125331
386,0.172143,0.402453,0.329539,0.634392,-0.500000,0.134392
387,0.171984,0.111223,0.329550,0.333502,0.422000,0.088498
388,0.171628,0.035177,0.329180,0.187556,0.328000,0.140444
389,0.171268,0.032787,0.328795,0.181072,-0.078000,0.103072
390,0.173444,1.011288,0.330549,1.005628,-0.922000,0.083628
391,0.173567,0.221272,0.330910,0.470396,-0.328000,0.142396
392,0.173732,0.237293,0.331313,0.487128,-0.250000,0.237128
393,0.173379,0.036761,0.330954,0.191732,0.078000,0.269732
394,0.173959,0.399208,0.331725,0.631829,0.750000,0.118171
395,0.178636,2.003049,0.334497,1.415291,1.672000,0.256709
396,0.180163,0.776979,0.335892,0.881464,-0.422000,0.459464
397,0.179768,0.024851,0.335438,0.157642,-0.078000,0.079642
398,0.180251,0.370074,0.336131,0.608337,-0.594000,0.014337
399,0.179823,0.011323,0.335550,0.106409,0.000000,0.106409
400,0.180441,0.424694,0.336348,0.651686,0.500000,-0.151686
401,0.180000,0.005069,0.335680,0.071198,0.094000,0.022802
402,0.179564,0.006754,0.335043,0.082181,-0.094000,-0.176181
403,0.179148,0.013244,0.334492,0.115084,0.344000,0.228916
404,0.178704,0.001825,0.333762,0.042721,0.156000,0.198721
405,0.180183,0.771503,0.335120,0.878352,-0.656000,0.222352
406,0.179878,0.057889,0.334885,0.240602,0.250000,0.009398
407,0.183653,1.700909,0.337291,1.304189,1.406000,0.101811
408,0.183377,0.072219,0.337121,0.268736,-0.078000,0.190736
409,0.183115,0.077246,0.336975,0.277931,0.078000,-0.199931
410,0.185759,1.256572,0.338906,1.120969,-1.156000,-0.035031
411,0.185802,0.203402,0.339181,0.451001,0.500000,0.048999
412,0.185403,0.022970,0.338721,0.151560,0.328000,0.176440
413,0.186859,0.781018,0.340054,0.883752,1.078000,0.194248
414,0.186445,0.016924,0.339542,0.130092,0.094000,-0.036092
415,0.187845,0.762126,0.340840,0.872998,-0.672000,0.200998
416,0.187668,0.114623,0.340834,0.338561,-0.328000,0.010561
417,0.187254,0.016987,0.340324,0.130334,0.406000,0.275666
418,0.190507,1.534029,0.342494,1.238559,-1.000000,0.238559
419,0.192659,1.083489,0.344177,1.040908,0.922000,-0.118908
420,0.192433,0.098337,0.344104,0.313587,0.422000,0.108413
421,0.193111,0.475435,0.344932,0.689518,-0.344000,0.345518
422,0.193624,0.407335,0.345634,0.638228,0.594000,-0.044228
423,0.193295,0.055868,0.345373,0.236364,0.406000,0.169636
424,0.193740,0.380361,0.346019,0.616734,0.672000,0.055266
425,0.193327,0.019895,0.345532,0.141048,0.328000,0.186952
426,0.192876,0.003005,0.344843,0.054820,-0.078000,-0.132820
427,0.192567,0.062114,0.344617,0.249226,0.250000,0.000774
428,0.193490,0.583865,0.345606,0.764111,-0.578000,0.186111
429,0.193435,0.170186,0.345764,0.412536,-0.344000,0.068536
430,0.192985,0.001486,0.345043,0.038550,0.094000,0.132550
431,0.192999,0.198930,0.345279,0.446016,-0.172000,0.274016
432,0.193069,0.223115,0.345576,0.472351,-0.250000,0.222351
433,0.193185,0.242909,0.345919,0.492858,-0.250000,0.242858
434,0.200634,3.396106,0.349401,1.842853,2.078000,0.235147
435,0.200751,0.251036,0.349752,0.501035,-0.156000,0.345035
436,0.200729,0.191403,0.349956,0.437496,-0.500000,-0.062504
437,0.200396,0.056613,0.349697,0.237935,0.000000,-0.237935
438,0.200393,0.198975,0.349919,0.446066,-0.172000,0.274066
439,0.199946,0.006145,0.349295,0.078390,-0.078000,0.000390
440,0.200939,0.632729,0.350318,0.795443,0.750000,-0.045443
441,0.204805,1.890205,0.352662,1.374847,1.250000,-0.124847
442,0.223419,8.357984,0.358458,2.891018,-2.672000,0.219018
443,0.227851,2.169122,0.360996,1.472794,1.250000,-0.222794
444,0.229366,0.894394,0.362325,0.945724,-0.500000,0.445724
445,0.231166,1.023173,0.363797,1.011520,-0.500000,0.511520
446,0.231341,0.308298,0.364230,0.555246,0.578000,0.022754
447,0.231351,0.235760,0.364504,0.485551,-0.078000,0.407551
448,0.231870,0.461750,0.365214,0.679522,-0.578000,0.101522
449,0.231817,0.208494,0.365419,0.456612,0.000000,0.456612
450,0.231322,0.011082,0.364836,0.105271,-0.094000,0.011271
451,0.235329,2.022361,0.367201,1.422097,-1.250000,0.172097
452,0.236590,0.800272,0.368378,0.894579,-0.656000,0.238579
453,0.236381,0.142618,0.368399,0.377647,-0.094000,0.283647
454,0.237533,0.754798,0.369511,0.868791,1.172000,0.303209
455,0.237161,0.069766,0.369277,0.264132,-0.078000,0.186132
456,0.236636,0.000122,0.368485,0.011057,0.156000,0.167057
457,0.236177,0.028657,0.368045,0.169284,0.250000,0.080716
458,0.241474,2.640707,0.370814,1.625025,-1.500000,0.125025
459,0.241591,0.294801,0.371192,0.542956,-0.578000,-0.035044
460,0.241764,0.320409,0.371619,0.566047,0.750000,0.183953
461,0.241477,0.110958,0.371535,0.333104,0.422000,0.088896
462,0.241124,0.079661,0.371340,0.282243,0.406000,0.123757
463,0.240694,0.043564,0.370986,0.208721,-0.078000,0.130721
464,0.240380,0.096270,0.370854,0.310274,-0.328000,-0.017726
465,0.240520,0.305174,0.371248,0.552425,0.500000,-0.052425
466,0.240177,0.081870,0.371063,0.286129,0.250000,-0.036129
467,0.242312,1.228966,0.372656,1.108587,1.000000,-0.108587
468,0.244647,1.325398,0.374334,1.151259,1.000000,-0.151259
469,0.246243,0.986987,0.375666,0.993472,-1.172000,-0.178528
470,0.246551,0.389636,0.376199,0.624209,0.422000,-0.202209
471,0.246504,0.224584,0.376408,0.473903,0.406000,-0.067903
472,0.245993,0.007328,0.375787,0.085605,-0.156000,-0.070395
473,0.246508,0.487753,0.376475,0.698393,0.656000,-0.042393
474,0.245984,0.000002,0.375677,0.001365,0.000000,-0.001365
475,0.245751,0.136551,0.375664,0.369528,0.172000,-0.197528
476,0.247061,0.863658,0.376837,0.929332,1.000000,0.070668
477,0.246880,0.161481,0.376890,0.401847,-0.578000,-0.176153
478,0.247135,0.367714,0.377374,0.606395,0.406000,-0.200395
479,0.246752,0.065510,0.377118,0.255948,-0.328000,-0.072052
480,0.246243,0.004289,0.376463,0.065487,-0.172000,-0.106513
481,0.245938,0.100910,0.376340,0.317663,-0.328000,-0.010337
482,0.246910,0.710482,0.377316,0.842901,-0.750000,0.092901
483,0.246412,0.008199,0.376718,0.090547,-0.078000,0.012547
484,0.245936,0.018366,0.376215,0.135522,0.078000,0.213522
485,0.246043,0.297324,0.376567,0.545274,-0.328000,0.217274
486,0.245554,0.010430,0.375997,0.102127,0.406000,0.303873
487,0.248863,1.843713,0.378030,1.357834,-1.156000,0.201834
488,0.248355,0.002674,0.377356,0.051706,0.156000,0.104294
489,0.248431,0.285558,0.377679,0.534376,-0.328000,0.206376
490,0.249460,0.748215,0.378682,0.864994,1.000000,0.135006
491,0.250095,0.559080,0.379440,0.747716,-0.672000,0.075716
492,0.250206,0.304175,0.379793,0.551520,0.594000,0.042480
493,0.251066,0.670460,0.380690,0.818816,-0.922000,-0.103184
494,0.251275,0.353592,0.381127,0.594636,0.672000,0.077364
495,0.253062,1.128889,0.382515,1.062492,0.906000,-0.156492
496,0.256448,1.918932,0.384553,1.385255,1.422000,0.036745
497,0.258831,1.431256,0.386199,1.196351,1.000000,-0.196351
498,0.258347,0.019803,0.385703,0.140722,-0.172000,-0.031278
499,0.258174,0.172744,0.385763,0.415625,-0.578000,-0.162375
500,0.258330,0.335381,0.386153,0.579121,0.500000,-0.079121
501,0.258360,0.273091,0.386427,0.522581,-0.500000,0.022581
502,0.257852,0.005360,0.385798,0.073209,0.172000,0.098791
503,0.258139,0.401314,0.386295,0.633493,-0.594000,0.039493
504,0.259177,0.776964,0.387285,0.881455,-0.828000,0.053455
505,0.259207,0.274002,0.387557,0.523452,-0.422000,0.101452
506,0.258710,0.009709,0.386981,0.098534,0.344000,0.245466
507,0.258213,0.008803,0.386398,0.093822,0.250000,0.156178
508,0.258044,0.172975,0.386457,0.415903,-0.172000,0.243903
509,0.257987,0.229427,0.386640,0.478985,0.578000,0.099015
510,0.259860,1.205892,0.388046,1.098131,-1.078000,0.020131
511,0.259436,0.044702,0.387698,0.211428,-0.172000,0.039428
512,0.259067,0.072145,0.387463,0.268599,0.344000,0.075401
513,0.261108,1.297813,0.388940,1.139216,-1.000000,0.139216
514,0.260633,0.019105,0.388449,0.138222,-0.094000,0.044222
515,0.260441,0.162398,0.388477,0.402986,-0.328000,0.074986
516,0.260703,0.394447,0.388945,0.628050,0.578000,-0.050050
517,0.260629,0.222568,0.389106,0.471771,0.672000,0.200229
518,0.262997,1.478192,0.390715,1.215809,1.328000,0.112191
519,0.263553,0.549154,0.391395,0.741050,0.672000,-0.069050
520,0.263719,0.348992,0.391781,0.590756,0.578000,-0.012756
521,0.263537,0.169904,0.391821,0.412194,0.250000,-0.162194
522,0.263031,0.001406,0.391137,0.037492,0.000000,-0.037492
523,0.263057,0.276227,0.391396,0.525573,-0.656000,-0.130427
524,0.262565,0.007494,0.390810,0.086569,-0.094000,-0.007431
525,0.262064,0.001488,0.390134,0.038569,-0.078000,-0.039431
526,0.261692,0.067991,0.389886,0.260750,-0.078000,0.182750
527,0.262257,0.557336,0.390568,0.746549,0.906000,0.159451
528,0.261761,0.002355,0.389915,0.048529,0.000000,0.048529
529,0.261574,0.163505,0.389943,0.404358,-0.406000,-0.001642
530,0.262675,0.840736,0.390944,0.916916,-0.922000,-0.005084
531,0.263115,0.494626,0.391537,0.703297,-0.672000,0.031297
532,0.262620,0.001299,0.390864,0.036035,0.094000,0.057965
533,0.263027,0.478381,0.391432,0.691651,-0.422000,0.269651
534,0.263285,0.399402,0.391886,0.631983,0.750000,0.118017
535,0.262916,0.067261,0.391637,0.259347,0.328000,0.068653
536,0.266050,1.930353,0.393512,1.389372,1.500000,0.110628
537,0.266657,0.589603,0.394214,0.767856,0.750000,-0.017856
538,0.266161,0.001917,0.393558,0.043788,-0.078000,-0.034212
539,0.265863,0.106445,0.393432,0.326260,0.078000,-0.248260
540,0.265657,0.155872,0.393435,0.394806,0.172000,-0.222806
541,0.266392,0.660360,0.394216,0.812625,0.578000,-0.234625
542,0.266948,0.565280,0.394880,0.751851,0.672000,-0.079851
543,0.266980,0.284162,0.395137,0.533069,0.422000,-0.111069
544,0.266883,0.214641,0.395263,0.463294,-0.500000,-0.036706
545,0.266626,0.127622,0.395193,0.357243,-0.344000,0.013243
546,0.267013,0.476495,0.395737,0.690286,0.672000,-0.018286
547,0.266729,0.112663,0.395626,0.335654,-0.078000,0.257654
548,0.269692,1.878909,0.397419,1.370733,1.578000,0.207267
549,0.271264,1.126624,0.398637,1.061425,1.172000,0.110575
550,0.272181,0.771467,0.399516,0.878332,-0.672000,0.206332
551,0.271970,0.157046,0.399510,0.396291,0.422000,0.025709
552,0.271477,0.001929,0.398861,0.043917,0.078000,0.034083
553,0.273937,1.621660,0.400454,1.273444,1.328000,0.054556
554,0.275839,1.319962,0.401815,1.148896,-0.828000,0.320896
555,0.275620,0.155674,0.401802,0.394555,0.500000,0.105445
556,0.275141,0.010764,0.401262,0.103751,0.078000,-0.025751
557,0.275141,0.275445,0.401485,0.524828,-0.328000,0.196828
558,0.275085,0.244188,0.401652,0.494154,-0.422000,0.072154
559,0.274856,0.147899,0.401622,0.384577,-0.250000,0.134577
560,0.277061,1.500841,0.403103,1.225088,1.250000,0.024912
561,0.278510,1.083988,0.404248,1.041148,-0.828000,0.213148
562,0.278412,0.223804,0.404372,0.473079,0.578000,0.104921
563,0.277914,0.000212,0.403674,0.014546,0.000000,-0.014546
564,0.277719,0.168809,0.403687,0.410864,-0.328000,0.082864
565,0.277275,0.028554,0.403269,0.168979,-0.172000,-0.003021
566,0.276887,0.059266,0.402984,0.243447,0.250000,0.006553
567,0.276645,0.140615,0.402935,0.374987,0.422000,0.047013
568,0.276167,0.006767,0.402366,0.082260,0.078000,0.160260
569,0.275815,0.077460,0.402146,0.278315,-0.156000,0.122315
570,0.277324,1.129953,0.403314,1.062993,-1.000000,0.062993
571,0.277128,0.166204,0.403322,0.407681,-0.250000,0.157681
572,0.277301,0.375045,0.403690,0.612409,-0.422000,0.190409
573,0.277476,0.377070,0.404060,0.614061,-0.328000,0.286061
574,0.277162,0.098585,0.403902,0.313982,-0.094000,0.219982
575,0.276755,0.044930,0.403565,0.211967,0.000000,0.211967
576,0.276280,0.004737,0.402980,0.068829,0.094000,0.162829
577,0.277269,0.842880,0.403879,0.918085,-0.844000,0.074085
578,0.277218,0.248411,0.404044,0.498408,0.672000,0.173592
579,0.281162,2.544849,0.406116,1.595258,1.672000,0.076742
580,0.280806,0.075853,0.405889,0.275415,0.500000,0.224585
581,0.280357,0.021918,0.405442,0.148048,0.328000,0.179952
582,0.280005,0.076979,0.405220,0.277451,0.328000,0.050549
583,0.279858,0.195095,0.405283,0.441696,-0.406000,0.035696
584,0.279434,0.033877,0.404902,0.184056,0.250000,0.065944
585,0.278970,0.009440,0.404372,0.097161,0.000000,0.097161
586,0.280135,0.957537,0.405359,0.978538,1.078000,0.099462
587,0.284119,2.602424,0.407431,1.613203,1.750000,0.136797
588,0.283718,0.050239,0.407117,0.224140,0.000000,0.224140
589,0.284250,0.594705,0.407739,0.771171,-0.672000,0.099171
590,0.283857,0.053978,0.407440,0.232332,-0.328000,-0.095668
591,0.283675,0.176802,0.407462,0.420478,0.422000,0.001522
592,0.283319,0.074606,0.407233,0.273141,0.500000,0.226859
593,0.283241,0.237433,0.407369,0.487271,0.828000,0.340729
594,0.282780,0.011366,0.406860,0.106613,0.328000,0.221387
595,0.283656,0.800334,0.407685,0.894614,1.000000,0.105386
596,0.284606,0.846074,0.408550,0.919823,1.000000,0.080177
597,0.284978,0.505369,0.409060,0.710893,-0.578000,0.132893
598,0.284501,0.001400,0.408434,0.037419,0.078000,0.115419
599,0.284023,0.000006,0.407752,0.002510,0.094000,0.096510
600,0.283642,0.057188,0.407469,0.239140,0.406000,0.166860
601,0.285678,1.498800,0.408837,1.224255,1.422000,0.197745
602,0.286301,0.658574,0.409511,0.811526,1.078000,0.266474
603,0.287525,1.019231,0.410512,1.009570,-0.750000,0.259570
604,0.287068,0.013391,0.410021,0.115718,-0.156000,-0.040282
605,0.287586,0.598642,0.410626,0.773719,-0.750000,0.023719
606,0.288970,1.120809,0.411703,1.058683,-0.922000,0.136683
607,0.306658,10.954664,0.416509,3.309783,3.500000,0.190217
608,0.306253,0.062019,0.416232,0.249037,0.375000,0.624037
609,0.306054,0.185595,0.416256,0.430807,0.875000,0.444193
610,0.305618,0.041948,0.415907,0.204812,0.375000,0.170188
611,0.305121,0.003883,0.415324,0.062316,0.000000,-0.062316
612,0.307472,1.734769,0.416807,1.317106,-1.125000,0.192106
613,0.308074,0.674203,0.417471,0.821099,-0.375000,0.446099
614,0.308899,0.811172,0.418263,0.900651,-0.500000,0.400651
615,0.308544,0.091947,0.418075,0.303228,0.875000,0.571772
616,0.316121,4.945482,0.421026,2.223844,-1.625000,0.598844
617,0.316005,0.245339,0.421147,0.495317,-0.125000,0.370317
618,0.315572,0.049941,0.420825,0.223475,0.375000,0.151525
619,0.316243,0.728419,0.421528,0.853474,1.125000,0.271526
620,0.315755,0.015368,0.421045,0.123967,0.250000,0.373967
621,0.316355,0.685805,0.421705,0.828134,-0.500000,0.328134
622,0.316468,0.386743,0.422029,0.621887,0.625000,0.003113
623,0.316455,0.308136,0.422244,0.555100,0.625000,0.069900
624,0.316523,0.358320,0.422528,0.598598,-0.500000,0.098598
625,0.318097,1.294218,0.423680,1.137637,1.250000,0.112363
626,0.317625,0.024315,0.423250,0.155931,-0.125000,0.030931
627,0.317335,0.137032,0.423164,0.370179,-0.375000,-0.004821
628,0.320363,2.207130,0.424867,1.485641,1.500000,0.014359
629,0.320072,0.138442,0.424783,0.372078,-0.375000,-0.002922
630,0.319561,0.000033,0.424113,0.005742,0.000000,-0.005742
631,0.319054,0.001992,0.423508,0.044629,0.000000,0.044629
632,0.319515,0.608386,0.424076,0.779991,-0.875000,-0.095009
633,0.319999,0.623716,0.424657,0.789757,-0.750000,0.039757
634,0.320155,0.418207,0.425009,0.646689,-0.500000,0.146689
635,0.321450,1.137443,0.426026,1.066510,-1.000000,0.066510
636,0.330146,5.817353,0.429168,2.411919,-2.125000,0.286919
637,0.330683,0.669861,0.429783,0.818450,1.000000,0.181550
638,0.332441,1.445714,0.431002,1.202379,1.375000,0.172621
639,0.332052,0.085115,0.430783,0.291744,0.875000,0.583256
640,0.331863,0.211625,0.430829,0.460027,0.125000,0.585027
641,0.332422,0.688251,0.431455,0.829609,-0.625000,0.204609
642,0.332848,0.604268,0.431997,0.777347,-0.875000,-0.097653
643,0.339078,4.313973,0.434571,2.077011,-2.000000,0.077011
644,0.348070,6.093720,0.437749,2.468546,-2.250000,0.218546
645,0.348418,0.570878,0.438245,0.755565,0.500000,-0.255565
646,0.372174,15.600270,0.443715,3.949718,-3.500000,0.449718
647,0.375911,2.774685,0.445615,1.665738,1.500000,-0.165738
648,0.376361,0.666073,0.446190,0.816133,1.000000,0.183867
649,0.377840,1.330237,0.447287,1.153359,1.500000,0.346641
650,0.382181,3.182090,0.449356,1.783841,-1.250000,0.533841
651,0.382183,0.383691,0.449619,0.619428,-0.625000,-0.005572
652,0.381597,0.002097,0.448995,0.045789,-0.625000,-0.579211
653,0.382030,0.662967,0.449558,0.814228,0.375000,-0.439228
654,0.385588,2.694577,0.451392,1.641517,-1.750000,-0.108483
655,0.391724,4.380245,0.453914,2.092904,-2.125000,-0.032096
656,0.391358,0.152954,0.453817,0.391094,0.000000,-0.391094
657,0.399505,5.711279,0.456782,2.389828,-2.375000,0.014828
658,0.400415,0.994735,0.457609,0.997364,-1.125000,-0.127636
659,0.407396,4.972634,0.460314,2.229940,-2.500000,-0.270060
660,0.432198,16.677506,0.465838,4.083810,3.375000,-0.708810
661,0.445001,8.844149,0.469655,2.973911,2.500000,-0.473911
662,0.446023,1.117022,0.470548,1.056893,-0.500000,0.556893
663,0.447679,1.537283,0.471715,1.239872,0.875000,-0.364872
664,0.447000,0.000045,0.471011,0.006682,-0.500000,-0.506682
665,0.447112,0.521037,0.471390,0.721829,0.000000,-0.721829
666,0.449241,1.856307,0.472736,1.362463,0.375000,-0.987463
667,0.449627,0.704920,0.473290,0.839595,0.125000,-0.714595
668,0.451441,1.654466,0.474514,1.286261,-1.500000,-0.213739
669,0.450763,0.000328,0.473828,0.018116,-0.250000,-0.231884
670,0.450441,0.236140,0.473846,0.485943,0.375000,-0.110943
671,0.449796,0.020297,0.473349,0.142468,0.250000,0.107532
672,0.449144,0.014745,0.472822,0.121430,0.000000,0.121430
673,0.449466,0.664110,0.473334,0.814929,-0.750000,0.064929
674,0.449614,0.548643,0.473733,0.740704,-0.750000,-0.009296
675,0.449185,0.162082,0.473627,0.402594,-0.500000,-0.097406
676,0.448623,0.071421,0.473319,0.267248,-0.375000,-0.107752
677,0.449850,1.274613,0.474294,1.128988,-1.250000,-0.121012
678,0.449191,0.005523,0.473700,0.074320,-0.125000,-0.199320
679,0.449207,0.459560,0.474003,0.677908,-0.625000,0.052908
680,0.462234,9.255711,0.477802,3.042320,-2.875000,0.167320
681,0.462263,0.481722,0.478122,0.694062,0.375000,-0.319062
682,0.461619,0.025923,0.477654,0.161005,0.125000,-0.036005
683,0.463935,2.033937,0.479051,1.426162,-1.250000,0.176162
684,0.469401,4.181143,0.481353,2.044784,2.000000,-0.044784
685,0.478895,6.934882,0.484513,2.633416,2.625000,-0.008416
686,0.479985,1.222135,0.485424,1.105502,-1.000000,0.105502
687,0.479445,0.111115,0.485201,0.333340,-0.625000,-0.291660
688,0.479810,0.728865,0.485740,0.853736,0.375000,-0.478736
689,0.481083,1.352374,0.486729,1.162916,0.500000,-0.662916
690,0.481520,0.780499,0.487307,0.883459,0.375000,-0.508459
691,0.481737,0.630481,0.487753,0.794028,0.500000,-0.294028
692,0.481159,0.084423,0.487467,0.290556,-0.500000,-0.209444
693,0.480658,0.135449,0.487293,0.368033,-0.875000,-0.506967
694,0.485098,3.544435,0.489316,1.882667,1.500000,-0.382667
695,0.489761,3.707388,0.491394,1.925458,1.500000,-0.425458
696,0.489351,0.205817,0.491340,0.453670,-0.625000,-0.171330
697,0.489797,0.798554,0.491920,0.893618,0.625000,-0.268618
698,0.497102,5.559468,0.494609,2.357852,2.250000,-0.107852
699,0.496639,0.175435,0.494500,0.418849,0.250000,-0.168849
700,0.495991,0.045264,0.494095,0.212753,0.000000,-0.212753
701,0.497058,1.239803,0.494984,1.113465,-1.125000,-0.011535
702,0.496352,0.004644,0.494372,0.068144,-0.250000,-0.318144
703,0.496995,0.945881,0.495056,0.972564,0.750000,-0.222564
704,0.500544,2.980812,0.496815,1.726503,-1.750000,-0.023497
705,0.499900,0.049593,0.496424,0.222695,0.000000,-0.222695
706,0.504337,3.614182,0.498425,1.901100,-1.625000,0.276100
707,0.503720,0.070897,0.498095,0.266265,0.250000,-0.016265
708,0.503687,0.480100,0.498372,0.692893,-0.500000,0.192893
709,0.506905,2.773037,0.500027,1.665244,1.750000,0.084756
710,0.506202,0.010501,0.499464,0.102476,0.125000,0.227476
711,0.506588,0.779170,0.500006,0.882706,-0.750000,0.132706
712,0.506801,0.657313,0.500445,0.810748,-0.875000,-0.064252
713,0.506109,0.015785,0.499916,0.125637,-0.250000,-0.124363
714,0.506486,0.773641,0.500451,0.879569,0.625000,-0.254569
715,0.507090,0.935976,0.501108,0.967459,0.875000,-0.092459
716,0.507054,0.481529,0.501378,0.693923,0.625000,-0.068923
717,0.506861,0.369879,0.501528,0.608177,0.500000,-0.108177
718,0.506164,0.009172,0.500960,0.095769,-0.375000,-0.279231
719,0.505548,0.065781,0.500618,0.256478,-0.125000,-0.381478
720,0.506631,1.280554,0.501499,1.131616,0.875000,-0.256616
721,0.533378,19.684372,0.506988,4.436707,-4.625000,-0.188293
722,0.539220,4.728129,0.509310,2.174426,1.625000,-0.549426
723,0.538474,0.002714,0.508674,0.052098,0.375000,0.427098
724,0.540427,1.944240,0.509904,1.394360,-1.000000,0.394360
725,0.539789,0.080857,0.509591,0.284354,0.250000,0.534354
726,0.542166,2.256210,0.510966,1.502069,-1.000000,0.502069
727,0.541418,0.000829,0.510299,0.028800,0.125000,0.153800
728,0.542226,1.126734,0.511060,1.061477,1.250000,0.188523
729,0.542896,1.027564,0.511754,1.013688,0.750000,-0.263688
730,0.542654,0.367729,0.511884,0.606407,0.500000,-0.106407
731,0.542143,0.170975,0.511749,0.413491,0.750000,0.336509
732,0.541513,0.083722,0.511443,0.289348,-0.125000,0.164348
733,0.541503,0.533896,0.511744,0.730682,-0.625000,0.105682
734,0.541324,0.410731,0.511921,0.640883,-0.625000,0.015883
735,0.540825,0.176489,0.511795,0.420106,0.250000,-0.170106
736,0.540563,0.349089,0.511903,0.590837,0.625000,0.034163
737,0.540787,0.705254,0.512351,0.839794,-0.625000,0.214794
738,0.540377,0.239583,0.512319,0.489472,-0.250000,0.239472
739,0.540182,0.396692,0.512479,0.629835,-0.375000,0.254835
740,0.539525,0.057277,0.512108,0.239326,0.375000,0.135674
741,0.538833,0.028959,0.511644,0.170172,0.375000,0.204828
742,0.538399,0.218770,0.511585,0.467729,0.625000,0.157271
743,0.537926,0.188818,0.511481,0.434532,0.625000,0.190468
744,0.537435,0.174945,0.511355,0.418264,-0.375000,0.043264
745,0.536731,0.015351,0.510832,0.123897,0.125000,0.001103
746,0.536287,0.207404,0.510757,0.455417,-0.375000,0.080417
747,0.535565,0.000016,0.510075,0.004007,0.000000,-0.004007
748,0.535317,0.350694,0.510185,0.592194,-0.500000,0.092194
749,0.535028,0.320324,0.510260,0.565972,-0.500000,0.065972
750,0.534397,0.064422,0.509916,0.253814,-0.125000,0.128814
751,0.536629,2.201501,0.511220,1.483746,1.625000,0.141254
752,0.540351,3.320315,0.512973,1.822173,-1.750000,0.072173
753,0.540478,0.635715,0.513352,0.797317,-0.625000,0.172317
754,0.540142,0.288244,0.513384,0.536884,-0.250000,0.286884
755,0.541200,1.335051,0.514239,1.155444,1.250000,0.094556
756,0.540505,0.018298,0.513735,0.135270,0.125000,0.260270
757,0.541030,0.936008,0.514337,0.967475,-0.750000,0.217475
758,0.540439,0.095468,0.514065,0.308980,-0.125000,0.183980
759,0.541003,0.965845,0.514686,0.982774,1.125000,0.142226
760,0.551102,8.175867,0.517787,2.859347,2.875000,0.015653
761,0.551628,0.949794,0.518391,0.974574,1.000000,0.025426
762,0.551394,0.373894,0.518513,0.611469,-0.750000,-0.138531
763,0.552666,1.516702,0.519453,1.231545,-1.375000,-0.143455
764,0.551973,0.026433,0.518983,0.162583,0.000000,-0.162583
765,0.554631,2.574337,0.520410,1.604474,1.625000,0.020526
766,0.553957,0.041446,0.519994,0.203582,0.375000,0.171418
767,0.559694,4.931287,0.522223,2.220650,-2.250000,-0.029350
768,0.559135,0.132267,0.522015,0.363685,0.375000,0.011315
769,0.558419,0.011528,0.521473,0.107366,0.625000,0.517634
770,0.558968,0.979034,0.522084,0.989461,1.500000,0.510539
771,0.558257,0.013856,0.521557,0.117713,0.375000,0.257287
772,0.562626,3.913787,0.523454,1.978329,1.875000,-0.103329
773,0.562705,0.623135,0.523800,0.789389,-0.500000,0.289389
774,0.562505,0.408757,0.523950,0.639341,0.875000,0.235659
775,0.562983,0.930796,0.524521,0.964777,-1.000000,-0.035223
776,0.564429,1.679363,0.525521,1.295902,1.250000,-0.045902
777,0.564868,0.903537,0.526070,0.950546,-0.875000,0.075546
778,0.578108,10.812935,0.529639,3.288303,-3.125000,0.163303
779,0.579626,1.754587,0.530665,1.324608,-1.125000,0.199608
780,0.578929,0.038644,0.530234,0.196580,0.875000,0.678420
781,0.578308,0.096637,0.529952,0.310864,1.000000,0.689136
782,0.577643,0.060960,0.529588,0.246901,0.375000,0.621901
783,0.580021,2.430007,0.530910,1.558848,-1.375000,0.183848
784,0.580085,0.629877,0.531246,0.793648,-0.500000,0.293648
785,0.579412,0.054129,0.530864,0.232656,0.375000,0.607656
786,0.581068,1.874569,0.531936,1.369149,-1.000000,0.369149
787,0.580848,0.409247,0.532074,0.639724,-0.750000,-0.110276
788,0.581834,1.353303,0.532879,1.163316,1.125000,-0.038316
789,0.581978,0.695493,0.533262,0.833962,1.000000,0.166038
790,0.582087,0.667671,0.533624,0.817111,1.000000,0.182889
791,0.581525,0.139421,0.533420,0.373392,0.250000,-0.123392
792,0.582082,1.020354,0.534025,1.010126,0.750000,-0.260126
793,0.581346,0.001335,0.533394,0.036538,0.000000,-0.036538
794,0.580624,0.011415,0.532854,0.106841,0.000000,-0.106841
795,0.580065,0.137865,0.532650,0.371302,-0.750000,-0.378698
796,0.580174,0.666351,0.533008,0.816303,-1.125000,-0.308697
797,0.579645,0.160609,0.532842,0.400760,-0.625000,-0.224240
798,0.579461,0.434300,0.533001,0.659015,0.625000,-0.034015
799,0.578737,0.003385,0.532403,0.058183,0.000000,0.058183
800,0.578301,0.232187,0.532340,0.481858,-0.375000,0.106858
801,0.577583,0.005922,0.531768,0.076957,0.000000,0.076957
802,0.578290,1.141601,0.532441,1.068457,-0.875000,0.193457
803,0.577578,0.009041,0.531894,0.095082,0.125000,0.220082
804,0.576910,0.043151,0.531488,0.207728,-0.125000,0.082728
805,0.576716,0.421828,0.531636,0.649483,0.625000,-0.024483
806,0.576032,0.028298,0.531183,0.168221,-0.125000,0.043221
807,0.575647,0.266422,0.531164,0.516161,0.500000,-0.016161
808,0.575255,0.260968,0.531139,0.510850,-0.500000,0.010850
809,0.574978,0.351920,0.531216,0.593228,-0.625000,-0.031772
810,0.574270,0.004723,0.530642,0.068722,-0.125000,-0.056278
811,0.573684,0.101034,0.530378,0.317859,0.375000,0.057141
812,0.573132,0.127800,0.530164,0.357492,0.375000,0.017508
813,0.575211,2.254841,0.531365,1.501613,1.500000,-0.001613
814,0.574510,0.007575,0.530816,0.087036,-0.250000,-0.162964
815,0.573867,0.053199,0.530446,0.230649,0.000000,-0.230649
816,0.574750,1.290702,0.531192,1.136091,-1.125000,0.011091
817,0.574180,0.110943,0.530949,0.333081,-0.375000,-0.041919
818,0.573627,0.124558,0.530730,0.352928,-0.375000,-0.022072
819,0.572947,0.019058,0.530248,0.138049,-0.125000,0.013049
820,0.572299,0.044394,0.529856,0.210699,-0.250000,-0.039301
821,0.571710,0.091236,0.529578,0.302053,-0.125000,0.177053
822,0.571176,0.134679,0.529379,0.366987,0.500000,0.133013
823,0.570505,0.021571,0.528912,0.146869,0.250000,0.103131
824,0.569943,0.110024,0.528671,0.331699,-0.500000,-0.168301
825,0.569249,0.000063,0.528037,0.007926,-0.125000,-0.117074
826,0.569532,0.801488,0.528484,0.895258,0.875000,-0.020258
827,0.568886,0.037843,0.528078,0.194532,0.250000,0.055468
828,0.568200,0.003947,0.527513,0.062825,-0.125000,-0.062175
829,0.569691,1.797968,0.528499,1.340883,-1.500000,-0.159117
830,0.569025,0.019793,0.528030,0.140688,-0.250000,-0.109312
831,0.568422,0.070023,0.527711,0.264618,-0.125000,0.139618
832,0.567917,0.150489,0.527542,0.387929,-0.250000,0.137929
833,0.567452,0.182281,0.527421,0.426944,0.375000,-0.051944
834,0.567217,0.372680,0.527521,0.610475,0.750000,0.139525
835,0.566617,0.068758,0.527202,0.262217,0.375000,0.112783
836,0.565936,0.000078,0.526579,0.008847,0.000000,-0.008847
837,0.565479,0.185334,0.526463,0.430504,0.125000,-0.305504
838,0.566568,1.473297,0.527288,1.213794,1.000000,-0.213794
839,0.567149,1.052035,0.527885,1.025688,-1.125000,-0.099312
840,0.566641,0.142281,0.527704,0.377201,0.000000,-0.377201
841,0.565978,0.011565,0.527202,0.107543,-0.250000,-0.142457
842,0.565732,0.359932,0.527289,0.599943,-0.625000,-0.025057
843,0.565399,0.286131,0.527298,0.534912,0.500000,-0.034912
844,0.565205,0.402450,0.527426,0.634390,-0.625000,0.009390
845,0.564552,0.016143,0.526950,0.127054,0.000000,-0.127054
846,0.563900,0.015383,0.526471,0.124027,0.250000,0.125973
847,0.563550,0.269582,0.526462,0.519213,0.500000,-0.019213
848,0.563621,0.623221,0.526774,0.789444,-0.750000,0.039444
849,0.563242,0.243422,0.526735,0.493378,0.375000,-0.118378
850,0.562817,0.203512,0.526645,0.451123,0.375000,-0.076123
851,0.562158,0.004265,0.526100,0.065307,0.125000,0.059693
852,0.564466,2.519732,0.527352,1.587366,1.500000,-0.087366
853,0.564272,0.399394,0.527475,0.631976,0.500000,-0.131976
854,0.563726,0.100600,0.527228,0.317174,-0.500000,-0.182826
855,0.563065,0.001140,0.526648,0.033768,-0.125000,-0.158768
856,0.562410,0.004870,0.526112,0.069786,-0.125000,-0.194786
857,0.561825,0.063831,0.525791,0.252649,-0.375000,-0.122351
858,0.561344,0.150636,0.525630,0.388119,0.250000,-0.138119
859,0.560687,0.000024,0.525021,0.004876,-0.250000,-0.254876
860,0.560235,0.173727,0.524894,0.416806,0.375000,-0.041806
861,0.559715,0.114385,0.524677,0.338208,-0.250000,0.088208
862,0.559395,0.285058,0.524687,0.533908,0.500000,-0.033908
863,0.559857,0.956375,0.525215,0.977944,1.000000,0.022056
864,0.559404,0.169972,0.525084,0.412277,-0.375000,0.037277
865,0.559307,0.476480,0.525276,0.690275,0.500000,-0.190275
866,0.559727,0.920602,0.525779,0.959480,-1.000000,-0.040520
867,0.559213,0.116370,0.525565,0.341131,0.250000,-0.091131
868,0.562992,3.824659,0.527221,1.955673,-1.875000,0.080673
869,0.564159,1.572026,0.528060,1.253804,-1.250000,0.003804
870,0.563508,0.000320,0.527471,0.017884,0.125000,0.107116
871,0.563535,0.587397,0.527747,0.766418,-0.375000,0.391418
872,0.562903,0.015088,0.527280,0.122833,0.125000,0.247833
873,0.562260,0.003840,0.526745,0.061968,0.250000,0.311968
874,0.561614,0.000372,0.526162,0.019279,0.250000,0.230721
875,0.561178,0.181809,0.526047,0.426390,-0.250000,0.176390
876,0.561264,0.636029,0.526359,0.797514,-0.750000,0.047514
877,0.560687,0.057284,0.526030,0.239342,-0.375000,-0.135658
878,0.560120,0.065168,0.525720,0.255279,-0.375000,-0.119721
879,0.559579,0.087185,0.525457,0.295270,0.125000,-0.170270
880,0.559823,0.772863,0.525860,0.879127,0.750000,-0.129127
881,0.559440,0.224089,0.525800,0.473380,0.375000,-0.098380
882,0.558878,0.066194,0.525495,0.257282,0.125000,-0.132282
883,0.558282,0.034555,0.525108,0.185890,0.000000,-0.185890
884,0.557683,0.031252,0.524712,0.176783,0.000000,-0.176783
885,0.557108,0.051163,0.524374,0.226192,-0.375000,-0.148808
886,0.556494,0.015694,0.523921,0.125276,-0.375000,-0.249724
887,0.556316,0.399184,0.524043,0.631810,-1.125000,-0.493190
888,0.555690,0.003573,0.523518,0.059775,-0.500000,-0.440225
889,0.555426,0.321871,0.523568,0.567337,0.500000,-0.067337
890,0.554800,0.000609,0.523005,0.024679,0.125000,0.100321
891,0.554178,0.002748,0.522474,0.052419,0.125000,0.072581
892,0.553738,0.163850,0.522341,0.404783,-0.375000,0.029783
893,0.553750,0.564697,0.522599,0.751463,0.750000,-0.001463
894,0.557753,4.116191,0.524292,2.028840,2.125000,0.096160
895,0.557128,0.000504,0.523728,0.022454,-0.125000,-0.102546
896,0.557024,0.464406,0.523905,0.681473,-1.125000,-0.443527
897,0.556787,0.345906,0.523977,0.588138,0.250000,-0.338138
898,0.556167,0.002364,0.523445,0.048622,0.000000,-0.048622
899,0.556232,0.613853,0.523736,0.783487,0.750000,-0.033487
900,0.555850,0.213789,0.523668,0.462373,0.250000,-0.212373
901,0.555536,0.274849,0.523668,0.524261,0.250000,-0.274261
902,0.555170,0.226417,0.523615,0.475833,-0.375000,0.100833
903,0.554751,0.178565,0.523503,0.422570,-0.375000,0.047570
904,0.554285,0.135383,0.523330,0.367944,0.250000,-0.117944
905,0.553987,0.285591,0.523342,0.534407,0.500000,-0.034407
906,0.554195,0.742086,0.523717,0.861444,0.750000,-0.111444
907,0.555040,1.317439,0.524408,1.147797,-1.250000,-0.102203
908,0.554848,0.380845,0.524510,0.617127,-0.875000,-0.257873
909,0.554439,0.184698,0.524406,0.429765,0.500000,0.070235
910,0.558798,4.503813,0.526169,2.122219,2.375000,0.252781
911,0.558254,0.065213,0.525871,0.255368,0.375000,0.119632
912,0.557718,0.071735,0.525587,0.267835,0.000000,-0.267835
913,0.557238,0.121854,0.525392,0.349076,0.125000,-0.224076
914,0.556651,0.022786,0.524981,0.150951,0.250000,0.099049
915,0.557225,1.079735,0.525545,1.039103,1.125000,0.085897
916,0.556615,0.000553,0.524995,0.023515,-0.125000,-0.148515
917,0.556037,0.029489,0.524608,0.171725,-0.250000,-0.421725
918,0.555432,0.002934,0.524093,0.054169,-0.125000,-0.070831
919,0.555491,0.609546,0.524374,0.780734,0.875000,0.094266
920,0.557320,2.230303,0.525432,1.493420,1.625000,0.131580
921,0.556770,0.053100,0.525110,0.230434,0.250000,0.019566
922,0.556347,0.168592,0.524985,0.410600,-0.625000,-0.214400
923,0.556003,0.240305,0.524947,0.490209,-0.625000,-0.134791
924,0.556870,1.353654,0.525641,1.163467,-1.125000,0.038467
925,0.556288,0.020447,0.525226,0.142993,-0.125000,0.017993
926,0.557301,1.490024,0.525980,1.220665,-1.250000,-0.029335
927,0.556887,0.175874,0.525865,0.419373,0.375000,-0.044373
928,0.556296,0.010467,0.525406,0.102309,0.375000,0.272691
929,0.556459,0.707009,0.525747,0.840838,-0.375000,0.465838
930,0.556410,0.511021,0.525952,0.714858,1.000000,0.285142
931,0.556126,0.292946,0.525968,0.541245,-0.250000,0.291245
932,0.555535,0.007651,0.525495,0.087470,0.000000,0.087470
933,0.555099,0.151309,0.525349,0.388985,0.500000,0.111015
934,0.555102,0.557158,0.525586,0.746430,0.625000,-0.121430
935,0.554565,0.055002,0.525274,0.234525,-0.250000,-0.015475
936,0.553978,0.007575,0.524803,0.087036,-0.250000,-0.162964
937,0.553622,0.222275,0.524746,0.471460,0.375000,-0.096460
938,0.553117,0.081610,0.524490,0.285675,-0.125000,0.160675
939,0.552851,0.304281,0.524519,0.551616,-0.500000,0.051616
940,0.553411,1.077195,0.525068,1.037880,-1.125000,-0.087120