# TEST CONFIGURATION BEGIN
# File Stream: filename: hourly_bikesharing_count.csv  -  n_targets: 1
# [hourly_bikesharing_count_ADE_HOMO_ABSTAIN_HTREE_SIZE_4] Pipeline: Array BaseStreamModel: base_models: [<skmultiflow.trees.regression_hoeffding_tree.RegressionHoeffdingTree object at 0x7f2266950fd0>, <skmultiflow.trees.regression_hoeffding_tree.RegressionHoeffdingTree object at 0x7f2266953048>, <skmultiflow.trees.regression_hoeffding_tree.RegressionHoeffdingTree object at 0x7f2266953080>, <skmultiflow.trees.regression_hoeffding_tree.RegressionHoeffdingTree object at 0x7f22669530b8>]
 Array BaseStreamModel: base_models: [<skmultiflow.trees.regression_hoeffding_tree.RegressionHoeffdingTree object at 0x7f2266950fd0>, <skmultiflow.trees.regression_hoeffding_tree.RegressionHoeffdingTree object at 0x7f2266953048>, <skmultiflow.trees.regression_hoeffding_tree.RegressionHoeffdingTree object at 0x7f2266953080>, <skmultiflow.trees.regression_hoeffding_tree.RegressionHoeffdingTree object at 0x7f22669530b8>]
# Prequential Evaluator: n_wait: 1 - max_samples: 600000 - max_time: 10000000 - output_file: hourly_bikesharing_count_ADE_HOMO_ABSTAIN_HTREE_SIZE_4_SIZE_4 - batch_size: 1 - pretrain_size: 5 - task_type: regression - show_plot: False - metrics: ['mean_square_error', 'mean_absolute_error', 'true_vs_predicted']
# TEST CONFIGURATION END
id,global_mse_[hourly_bikesharing_count_ADE_HOMO_ABSTAIN_HTREE_SIZE_4],sliding_mse_[hourly_bikesharing_count_ADE_HOMO_ABSTAIN_HTREE_SIZE_4],global_mae_[hourly_bikesharing_count_ADE_HOMO_ABSTAIN_HTREE_SIZE_4],sliding_mae_[hourly_bikesharing_count_ADE_HOMO_ABSTAIN_HTREE_SIZE_4],true_value_[hourly_bikesharing_count_ADE_HOMO_ABSTAIN_HTREE_SIZE_4],predicted_value_[hourly_bikesharing_count_ADE_HOMO_ABSTAIN_HTREE_SIZE_4]
5,798.812931,798.812931,28.263279,28.263279,10.000000,-18.263279
6,504.656631,210.500331,21.385954,14.508630,12.000000,-2.508630
7,658.246250,965.425489,24.614402,31.071297,4.000000,-27.071297
8,497.986515,17.207310,19.497844,4.148170,-17.000000,-12.851830
9,607.621896,1046.163417,22.067165,32.344450,-26.000000,6.344450
10,506.383860,0.193680,18.462652,0.440090,-32.000000,-31.559910
11,678.175312,1708.924029,21.730721,41.339134,2.000000,-39.339134
12,622.312534,231.273085,20.915339,15.207665,-1.000000,14.207665
13,562.450991,83.558647,19.607084,9.141042,-2.000000,7.141042
14,509.466245,32.603530,18.217371,5.709950,-6.000000,-11.709950
15,486.802359,260.163502,18.027572,16.129585,11.000000,-5.129585
16,738.503792,3507.219552,21.460423,59.221783,-22.000000,37.221783
17,687.584978,76.559204,20.482684,8.749812,0.000000,-8.749812
18,661.689294,325.045412,20.307422,18.029016,-8.000000,10.029016
19,633.955191,245.677752,19.998534,15.674111,-3.000000,12.674111
20,666.193714,1149.771548,20.867893,33.908281,-3.000000,30.908281
21,629.505018,42.485878,20.023789,6.518119,-1.000000,-7.518119
22,651.490034,1025.235321,20.690206,32.019296,-1.000000,31.019296
23,623.553813,120.701835,20.179481,10.986439,7.000000,17.986439
24,652.665240,1205.782345,20.906726,34.724377,12.000000,-22.724377
25,631.482873,207.835541,20.597668,14.416502,33.000000,47.416502
26,767.649728,3627.153684,22.398949,60.225856,17.000000,77.225856
27,749.997124,361.639820,22.251901,19.016830,23.000000,3.983170
28,729.394255,255.528269,21.990790,15.985252,-18.000000,-33.985252
29,700.781953,14.086703,21.261288,3.753226,-16.000000,-19.753226
30,737.715807,1661.062162,22.011089,40.756130,15.000000,-25.756130
31,748.111804,1018.407734,22.377808,31.912501,2.000000,-29.912501
32,724.288099,81.048058,21.900125,9.002670,-11.000000,-20.002670
33,699.394616,2.377107,21.198113,1.541787,-12.000000,-13.541787
34,686.516584,313.053655,21.081287,17.693322,-23.000000,-5.306678
35,694.772081,942.436964,21.391540,30.699136,-8.000000,22.699136
36,674.010621,30.405382,20.895370,5.514108,9.000000,14.514108
37,656.286819,89.125143,20.548256,9.440611,-22.000000,-12.559389
38,637.741346,25.740748,20.093117,5.073534,-1.000000,-6.073534
39,619.538367,0.637092,19.541833,0.798180,-3.000000,-3.798180
40,605.994994,131.976936,19.318119,11.488122,-3.000000,8.488122
41,589.786476,6.279820,18.863736,2.505957,-1.000000,-3.505957
42,582.960370,330.394445,18.845658,18.176756,2.000000,-16.176756
43,633.107097,2538.682716,19.654368,50.385342,27.000000,-23.385342
44,636.525962,769.861702,19.856668,27.746382,34.000000,6.253618
45,811.390077,7805.954677,21.527269,88.351314,90.000000,1.648686
46,848.295516,2361.418509,22.171725,48.594429,-44.000000,-92.594429
47,1669.214230,36147.800226,26.077633,190.125748,7.000000,-183.125748
48,1743.707753,4946.929257,27.083469,70.334410,10.000000,-60.334410
49,1789.772668,3816.628897,27.854478,61.778871,0.000000,-61.778871
50,1877.375147,5819.486709,28.907327,76.285560,16.000000,-60.285560
51,2001.758616,7723.398197,30.162126,87.882866,-5.000000,82.882866
52,1974.504509,693.561489,30.082406,26.335556,4.000000,30.335556
53,2020.324238,4219.671246,30.794173,64.958997,81.000000,16.041003
54,2001.004463,1054.335456,30.827700,32.470532,0.000000,32.470532
55,1962.904651,57.914044,30.372454,7.610128,-58.000000,-65.610128
56,1987.027661,3217.301196,30.879161,56.721259,0.000000,-56.721259
57,2060.601754,5886.454580,31.744144,76.723234,-32.000000,44.723234
58,2029.973809,406.692700,31.529745,20.166623,-8.000000,-28.166623
59,1993.862590,43.856802,31.076885,6.622447,-7.000000,-0.377553
60,1965.531678,407.331530,30.882342,20.182456,-3.000000,17.182456
61,1933.078510,115.701072,30.529256,10.756443,-1.000000,9.756443
62,1913.983608,825.574219,30.498283,28.732807,1.000000,-27.732807
63,1882.290486,44.089369,30.093905,6.639983,2.000000,-4.639983
64,1858.654434,464.127401,29.951400,21.543616,32.000000,10.456384
65,3508.145695,102477.621352,34.708283,320.121260,58.000000,378.121260
66,3529.220631,4814.791720,35.267645,69.388700,85.000000,15.611300
67,3798.322881,20482.662350,36.979550,143.117652,-58.000000,85.117652
68,3881.498213,9121.544170,37.894037,95.506776,15.000000,-80.506776
69,3854.984963,2158.136970,38.025756,46.455753,21.000000,-25.455753
70,3882.739209,5686.765179,38.592194,75.410644,19.000000,-56.410644
71,3825.081139,19.648489,38.082350,4.432662,-34.000000,-38.432662
72,3779.401562,718.869930,37.916606,26.811750,2.000000,28.811750
73,3724.694351,4.604012,37.398187,2.145696,18.000000,20.145696
74,3809.346771,9650.363759,38.267302,98.236265,129.000000,30.763735
75,3862.757097,7601.479913,38.956305,87.186466,-58.000000,-145.186466
76,3814.463851,385.643342,38.687992,19.637804,-6.000000,13.637804
77,3860.814718,7198.077146,39.320232,84.841482,-13.000000,71.841482
78,3824.450964,1169.896946,39.251090,34.203756,-24.000000,-58.203756
79,3774.609925,86.373065,38.851658,9.293711,-5.000000,4.293711
80,3725.012272,5.188308,38.370423,2.277786,0.000000,-2.277786
81,3683.545035,532.035015,38.171663,23.065884,-4.000000,19.065884
82,3636.334815,1.147841,37.696018,1.071374,0.000000,-1.071374
83,3590.307211,0.154119,37.223823,0.392580,1.000000,0.607420
84,3579.749595,2745.697953,37.413518,52.399408,30.000000,-22.399408
85,3536.175006,50.207834,37.039101,7.085749,55.000000,62.085749
86,3545.868347,4331.028965,37.389972,65.810554,107.000000,41.189446
87,3727.437482,18616.106605,38.583356,136.440854,-58.000000,78.440854
88,3691.698753,725.384202,38.444661,26.932958,-11.000000,15.932958
89,3665.376313,1454.291351,38.441020,38.135172,33.000000,-5.135172
90,3661.889226,3365.486864,38.668599,58.012816,-8.000000,-66.012816
91,3625.911170,531.798367,38.489199,23.060754,-9.000000,-32.060754
92,3603.441303,1648.562807,38.513213,40.602498,0.000000,40.602498
93,3564.016803,94.660841,38.189799,9.729380,27.000000,36.729380
94,3622.498968,8827.411662,38.809405,93.954306,101.000000,7.045694
95,3617.673625,3183.392782,39.002945,56.421563,-46.000000,10.421563
96,3620.669453,3893.289731,39.257220,62.396232,-1.000000,61.396232
97,3583.059606,122.953702,38.954330,11.088449,-23.000000,-11.911551
98,3553.749735,827.931751,38.846027,28.773803,-8.000000,20.773803
99,3518.532151,208.079245,38.588963,14.424952,-7.000000,7.424952
100,3481.917737,3.548428,38.206616,1.883727,-2.000000,-0.116273
101,3447.850472,177.393061,37.950042,13.318899,-1.000000,12.318899
102,3416.832248,408.064519,37.768925,20.200607,3.000000,-17.200607
103,3439.072736,5618.640491,38.144568,74.957591,32.000000,-42.957591
104,3438.382576,3370.056736,38.343645,58.052190,59.000000,117.052190
105,3459.298680,5550.909132,38.701672,74.504424,124.000000,49.495576
106,3611.402916,18973.930684,39.672694,137.745892,14.000000,-123.745892
107,3592.997067,1715.600493,39.689656,41.419808,25.000000,-16.419808
108,3568.787954,1075.249282,39.623323,32.790994,-17.000000,-49.790994
109,3568.251260,3512.435089,39.810394,59.265800,3.000000,-56.265800
110,3590.041951,5878.064563,40.158112,76.668537,-8.000000,68.668537
111,3556.744338,27.197372,39.831542,5.215110,24.000000,29.215110
112,3655.423743,14214.120100,40.566648,119.222985,86.000000,-33.222985
113,3627.197715,578.786662,40.415193,24.057985,-21.000000,3.057985
114,3606.397405,1339.163589,40.380460,36.594584,4.000000,40.594584
115,3574.050519,15.893096,40.052587,3.986615,-6.000000,-9.986615
116,3547.341350,582.623597,39.910489,24.137597,-10.000000,14.137597
117,3525.026727,1025.788871,39.840732,32.027939,-6.000000,26.027939
118,3495.077638,110.830667,39.583600,10.527614,0.000000,-10.527614
119,3464.888630,23.341689,39.281406,4.831324,4.000000,-0.831324
120,3446.929276,1381.603585,39.263203,37.169929,29.000000,-8.169929
121,3434.190945,1956.544476,39.305679,44.232844,50.000000,94.232844
122,3446.192930,4850.425224,39.562792,69.644994,126.000000,56.355006
123,3420.406646,377.625068,39.393630,19.432577,4.000000,23.432577
124,3391.963833,7.269168,39.087818,2.696139,-8.000000,-5.303861
125,3389.825160,3133.184317,39.227380,55.974854,14.000000,-41.974854
126,3365.732524,450.523606,39.079824,21.225541,-23.000000,-44.225541
127,3343.368495,614.956944,38.963714,24.798325,22.000000,46.798325
128,3326.836794,1293.437550,38.939526,35.964393,15.000000,50.964393
129,3314.980695,1844.824414,38.971622,42.951419,100.000000,57.048581
130,3294.588093,745.512850,38.879022,27.304081,-12.000000,15.304081
131,3268.677844,3.986586,38.588610,1.996644,-21.000000,-19.003356
132,3243.385284,31.230040,38.330795,5.588384,10.000000,4.411616
133,3220.409968,279.569544,38.163272,16.720333,-9.000000,7.720333
134,3196.215417,75.118317,37.936379,8.667082,0.000000,-8.667082
135,3171.907855,11.924855,37.673149,3.453238,-9.000000,-5.546762
136,3159.241890,1500.000471,37.681154,38.729840,-6.000000,32.729840
137,3145.833922,1375.982194,37.676741,37.094234,4.000000,41.094234
138,3232.104144,14706.043632,38.300560,121.268477,-3.000000,118.268477
139,3247.339224,5288.839956,38.555551,72.724411,7.000000,79.724411
140,3230.626168,974.363578,38.501575,31.214797,6.000000,37.214797
141,3207.047843,0.395715,38.225133,0.629059,5.000000,4.370941
142,3185.769573,270.646557,38.067352,16.451339,41.000000,24.548661
143,3233.117783,9767.170780,38.504486,98.828998,1.000000,99.828998
144,3213.794223,527.819361,38.393557,22.974320,2.000000,-20.974320
145,3222.850177,4490.683696,38.596528,67.012564,-7.000000,-74.012564
146,3202.142293,282.330665,38.443051,16.802698,-14.000000,-30.802698
147,3181.390332,234.611864,38.281330,15.317045,-2.000000,13.317045
148,3160.116442,117.950118,38.090908,10.860484,9.000000,19.860484
149,3139.330692,146.182777,37.911595,12.090607,-3.000000,-15.090607
150,3119.056243,179.261089,37.743631,13.388842,-12.000000,1.388842
151,3098.496269,96.740125,37.553781,9.835656,-13.000000,-22.835656
152,3077.650177,13.274672,37.324657,3.643442,-1.000000,-4.643442
153,3058.288513,192.762108,37.167337,13.883879,0.000000,13.883879
154,3068.995377,4664.318249,37.374860,68.295814,0.000000,68.295814
155,3066.175955,2643.262577,37.467825,51.412669,5.000000,56.412669
156,3046.366501,55.138938,37.270179,7.425560,4.000000,11.425560
157,3027.966908,231.228775,37.125970,15.206208,9.000000,24.206208
158,3008.773074,72.116546,36.940036,8.492146,30.000000,38.492146
159,3071.876205,12789.758389,37.431338,113.091814,0.000000,113.091814
160,3109.590260,8955.268674,37.798011,94.632281,34.000000,-60.632281
161,3089.845083,9.597592,37.576991,3.097998,-14.000000,-10.902002
162,3080.625713,1633.184475,37.594939,40.412677,-7.000000,-47.412677
163,3061.681766,68.538229,37.410560,8.278782,-3.000000,-11.278782
164,3043.316614,123.257432,37.246133,11.102136,-18.000000,-6.897864
165,3024.426899,2.072461,37.023732,1.439604,-5.000000,-6.439604
166,3005.820249,10.149710,36.814856,3.185861,-9.000000,-5.814139
167,2987.433587,8.794298,36.607192,2.965518,-1.000000,1.965518
168,2969.227122,1.573221,36.391625,1.254281,-4.000000,-5.254281
169,2951.388634,25.876697,36.201899,5.086914,2.000000,7.086914
170,2934.821877,201.306926,36.069287,14.188267,-2.000000,-16.188267
171,2918.609266,227.315812,35.943585,15.076996,2.000000,-13.076996
172,2913.814463,2113.082340,36.003256,45.968275,0.000000,-45.968275
173,2898.677983,355.749337,35.901824,18.861319,28.000000,46.861319
174,2911.520298,5081.871572,36.109974,71.287247,46.000000,117.287247
175,2895.541413,179.131048,35.977073,13.383985,-63.000000,-49.616015
176,2900.639646,3772.437490,36.124998,61.420172,-1.000000,-62.420172
177,2891.900091,1388.696562,36.131589,37.265219,22.000000,-15.265219
178,2887.396679,2108.306410,36.187823,45.916298,2.000000,-43.916298
179,2881.703687,1891.123094,36.229533,43.487045,-7.000000,-50.487045
180,2868.181467,501.793027,36.150960,22.400737,-2.000000,20.400737
181,2866.329226,2540.334695,36.231473,50.401733,29.000000,-21.401733
182,2893.100084,7631.542067,36.518705,87.358698,104.000000,16.641302
183,2881.546811,825.064142,36.475158,28.723930,-21.000000,-49.723930
184,2866.898360,244.825627,36.359446,15.646905,-36.000000,-20.353095
185,2857.674265,1197.337267,36.349739,34.602562,-6.000000,-40.602562
186,2841.988247,2.818914,36.159240,1.678962,-6.000000,-4.321038
187,2828.040026,289.463851,36.054620,17.013637,-9.000000,8.013637
188,2813.136802,85.846776,35.909026,9.265354,0.000000,-9.265354
189,2802.924524,923.865358,35.879221,30.395154,21.000000,-9.395154
190,2796.404974,1590.288299,35.900722,39.878419,118.000000,78.121581
191,2788.676318,1351.146135,35.905306,36.757940,22.000000,-14.757940
192,2782.252428,1580.985045,35.925818,39.761603,11.000000,-28.761603
193,2782.094945,2752.488163,36.013323,52.464161,-16.000000,36.464161
194,2785.569189,3442.201261,36.132570,58.670276,29.000000,-29.670276
195,2780.165374,1753.440536,36.162630,41.874103,60.000000,18.125897
196,2765.793527,20.770874,35.998020,4.557507,-19.000000,-14.442493
197,2752.407904,182.368181,35.881473,13.504376,-12.000000,1.504376
198,2738.237269,3.304776,35.705888,1.817904,-10.000000,-11.817904
199,2724.944370,146.121849,35.584771,12.088087,-12.000000,0.088087
200,2715.408150,855.845339,35.552475,29.254834,-1.000000,-30.254834
201,2701.981492,70.356581,35.414584,8.387883,-5.000000,3.387883
202,2693.102056,943.853010,35.390885,30.722191,4.000000,34.722191
203,2679.793234,44.646606,35.246618,6.681812,11.000000,4.318188
204,2710.878946,8896.935639,35.542003,94.323569,38.000000,-56.323569
205,2698.697363,262.380648,35.445765,16.198168,74.000000,90.198168
206,2688.587723,656.550122,35.397138,25.623234,-4.000000,21.623234
207,2676.172297,168.256361,35.286667,12.971367,20.000000,7.028633
208,2663.741328,140.254459,35.171746,11.842908,-6.000000,-17.842908
209,2650.895344,30.314713,35.027035,5.505880,-5.000000,-10.505880
210,2639.088870,218.761599,34.928800,14.790592,5.000000,19.790592
211,2626.610710,56.109736,34.796248,7.490643,19.000000,11.509357
212,2632.380407,3826.707686,34.926364,61.860389,71.000000,9.139611
213,2619.910435,26.156384,34.783723,5.114331,-27.000000,-21.885669
214,2609.391658,410.967330,34.714621,20.272329,1.000000,-19.272329
215,2599.649673,553.832813,34.661631,23.533653,-24.000000,-0.466347
216,2587.816171,90.947059,34.543116,9.536617,-13.000000,-22.536617
217,2575.687035,4.310320,34.390689,2.076131,-13.000000,-15.076131
218,2566.877324,690.408963,34.352768,26.275634,-5.000000,21.275634
219,2554.945162,1.462401,34.198613,1.209298,0.000000,-1.209298
220,2543.308298,41.382535,34.070068,6.432926,1.000000,-5.432926
221,2539.374067,1689.580169,34.102485,41.104503,1.000000,-40.104503
222,2529.233255,328.677025,34.029214,18.129452,25.000000,43.129452
223,2550.728025,7236.587917,34.262268,85.068137,44.000000,129.068137
224,2574.585236,7799.314430,34.507957,88.313727,130.000000,41.686273
225,2571.194751,1825.288014,34.545131,42.723390,-1.000000,-43.723390
226,2563.771058,923.134915,34.526383,30.383135,15.000000,-15.383135
227,2561.657120,2092.362848,34.576679,45.742353,31.000000,-14.742353
228,2550.815436,133.119916,34.473826,11.537760,-41.000000,-52.537760
229,2539.482593,0.925853,34.324886,0.962212,18.000000,17.037788
230,2528.656720,92.835256,34.215639,9.635105,18.000000,8.364895
231,2527.656238,2301.547227,34.276251,47.974443,84.000000,36.025557
232,2520.350654,861.983084,34.254686,29.359548,-24.000000,5.359548
233,2514.348162,1145.780055,34.252916,33.849373,-10.000000,23.849373
234,2503.753519,77.580267,34.142286,8.807966,-15.000000,-23.807966
235,2494.267222,312.419007,34.071001,17.675379,-1.000000,-18.675379
236,2485.002296,344.804216,34.004181,18.568905,-9.000000,-27.568905
237,2474.894530,129.893036,33.907155,11.397063,-4.000000,7.397063
238,2464.445094,29.726416,33.785553,5.452194,0.000000,-5.452194
239,2455.702406,409.913297,33.727939,20.246316,7.000000,-13.246316
240,2445.604364,72.564645,33.621119,8.518488,53.000000,44.481512
241,2440.272182,1181.877165,33.624315,34.378440,88.000000,122.378440
242,2431.182222,276.861763,33.552948,16.639164,9.000000,25.639164
243,2421.374190,87.062451,33.451600,9.330726,8.000000,-1.330726
244,2412.421661,272.767311,33.381034,16.515669,16.000000,-0.515669
245,2402.429140,4.224100,33.251051,2.055262,-13.000000,-15.055262
246,2399.375416,1663.427973,33.282184,40.785144,4.000000,44.785144
247,2389.529981,6.934651,33.156057,2.633373,22.000000,24.633373
248,2381.554947,443.621727,33.106493,21.062330,69.000000,47.937670
249,2372.022374,46.074612,32.999070,6.787828,-24.000000,-30.787828
250,2363.183984,197.778369,32.922095,14.063370,-16.000000,-1.936630
251,2358.540292,1216.192057,32.929997,34.873945,-16.000000,18.873945
252,2349.723374,171.944637,32.850089,13.112766,-9.000000,-22.112766
253,2340.603648,78.911650,32.753837,8.883223,1.000000,-7.883223
254,2331.505502,66.067165,32.655334,8.128171,-8.000000,0.128171
255,2322.238142,5.398051,32.534490,2.323371,-8.000000,-10.323371
256,2313.056705,8.515950,32.416965,2.918210,-4.000000,-6.918210
257,2304.064273,37.971381,32.313191,6.162092,-3.000000,-9.162092
258,2296.846050,470.635831,32.271383,21.694143,-4.000000,-25.694143
259,2302.499979,3738.597808,32.384609,61.144074,2.000000,63.144074
260,2293.537599,8.130856,32.269246,2.851466,7.000000,4.148534
261,2296.880816,3152.744122,32.362164,56.149302,13.000000,69.149302
262,2300.677899,3276.528322,32.458594,57.240967,10.000000,67.240967
263,2293.145814,349.868030,32.405490,18.704760,17.000000,-1.704760
264,2293.416059,2363.409373,32.467834,48.614909,12.000000,-36.614909
265,2296.918984,3207.679605,32.560434,56.636381,17.000000,-39.636381
266,2288.425910,71.733537,32.468484,8.469565,11.000000,19.469565
267,2280.122751,104.694974,32.383935,10.232056,-45.000000,-34.767944
268,2273.015059,403.692145,32.337375,20.092092,1.000000,21.092092
269,2268.581315,1098.072937,32.340393,33.137184,-10.000000,23.137184
270,2268.087707,2137.281499,32.392612,46.230742,-33.000000,13.230742
271,2261.216402,433.449285,32.349267,20.819445,16.000000,-4.819445
272,2254.016306,331.590658,32.296507,18.209631,-31.000000,-12.790369
273,2245.784554,39.675054,32.199861,6.298814,18.000000,24.298814
274,2237.690844,60.482964,32.109407,7.777079,-5.000000,2.777079
275,2229.578955,39.368927,32.014075,6.274466,-7.000000,-13.274466
276,2222.859460,401.876239,31.970078,20.046851,-1.000000,-21.046851
277,2220.388198,1548.204828,31.997100,39.347234,1.000000,-38.347234
278,2213.946649,455.403890,31.958206,21.340194,-1.000000,20.340194
279,2210.694768,1319.679337,31.974094,36.327391,2.000000,38.327391
280,2203.180143,136.658230,31.900602,11.690091,15.000000,26.690091
281,2195.533325,85.011579,31.818723,9.220172,14.000000,4.779828
282,2192.973134,1483.800296,31.842829,38.520128,47.000000,8.479872
283,2206.676895,6016.322437,32.006707,77.564956,14.000000,-63.564956
284,2202.960528,1166.094150,32.014355,34.148121,-27.000000,-61.148121
285,2204.698229,2691.254587,32.085042,51.877303,22.000000,-29.877303
286,2198.074185,336.717669,32.036335,18.349868,-14.000000,4.349868
287,2191.069376,215.713378,31.975031,14.687184,-6.000000,8.687184
288,2184.809854,413.365128,31.934032,20.331383,-4.000000,16.331383
289,2180.478855,950.475016,31.930158,30.829775,-29.000000,1.829775
290,2172.872611,5.093074,31.826405,2.256784,-7.000000,-4.743216
291,2165.341399,11.414798,31.727283,3.378579,-3.000000,-6.378579
292,2160.677741,822.207957,31.716682,28.674169,-1.000000,27.674169
293,2153.733768,153.869321,31.649858,12.404407,-1.000000,-13.404407
294,2146.309189,0.605981,31.543405,0.778448,-8.000000,-7.221552
295,2139.281777,101.332411,31.469600,10.066400,-6.000000,-16.066400
296,2132.171497,63.079839,31.389027,7.942282,1.000000,-6.942282
297,2125.558003,194.417889,31.329486,13.943382,4.000000,17.943382
298,2118.336005,2.290445,31.228071,1.513422,8.000000,9.513422
299,2111.315103,47.170078,31.145494,6.868048,20.000000,13.131952
300,2117.419766,3918.295374,31.251747,62.596289,14.000000,76.596289
301,2111.743787,431.653823,31.216476,20.776280,16.000000,-4.776280
302,2113.947344,2768.403721,31.288285,52.615622,13.000000,-39.615622
303,2107.744428,259.275686,31.237495,16.102040,-7.000000,-23.102040
304,2100.965128,73.954386,31.162036,8.599674,7.000000,-1.599674
305,2093.990727,1.670409,31.062801,1.292443,-11.000000,-9.707557
306,2087.211457,46.651184,30.982561,6.830167,-11.000000,-17.830167
307,2083.348741,916.808523,30.980238,30.278846,21.000000,-9.278846
308,2077.617468,341.041790,30.939077,18.467317,-27.000000,-8.532683
309,2071.122151,96.545569,30.869853,9.825760,-6.000000,-15.825760
310,2065.136389,239.479134,30.819544,15.475113,-14.000000,1.475113
311,2058.506553,29.776803,30.736929,5.456813,-9.000000,-3.543187
312,2053.407976,488.144608,30.708868,22.093995,-1.000000,-23.093995
313,2050.073477,1023.047803,30.712998,31.985118,19.000000,-12.985118
314,2044.540058,334.713570,30.672940,18.295179,-16.000000,-34.295179
315,2037.976137,3.160677,30.580030,1.777829,-42.000000,-43.777829
316,2031.479696,11.086565,30.492689,3.329649,-8.000000,-4.670351
317,2025.361977,116.633598,30.429772,10.799704,-13.000000,-23.799704
318,2018.951067,12.336478,30.344048,3.512332,-17.000000,-20.512332
319,2013.643499,347.066900,30.306860,18.629732,4.000000,-14.629732
320,2007.318160,14.836656,30.223141,3.851838,-4.000000,-7.851838
321,2001.982827,316.017363,30.183878,17.776877,-1.000000,-18.776877
322,1998.122593,774.428549,30.176472,27.828556,5.000000,-22.828556
323,1992.041731,58.327558,30.105816,7.637248,58.000000,65.637248
324,1985.817394,0.253817,30.013310,0.503803,-62.000000,-62.503803
325,1985.609693,1919.145485,30.056284,43.808053,5.000000,-38.808053
326,1984.954706,1774.703989,30.093771,42.127236,18.000000,-24.127236
327,1980.049473,400.564201,30.062565,20.014100,8.000000,-12.014100
328,1979.905770,1933.489903,30.105494,43.971467,-3.000000,-46.971467
329,1975.625864,588.936255,30.087532,24.268009,7.000000,31.268009
330,1974.623046,1648.707074,30.119792,40.604274,22.000000,-18.604274
331,1982.474700,4542.114005,30.233784,67.395208,93.000000,25.604792
332,1976.929267,163.572619,30.180601,12.789551,-36.000000,-48.789551
333,1970.941148,6.838103,30.096814,2.614977,-17.000000,-14.385023
334,1967.154206,721.250308,30.086994,26.856104,0.000000,26.856104
335,1961.292319,26.869567,30.011757,5.183586,-31.000000,-36.183586
336,1955.392319,2.492542,29.926116,1.578779,-15.000000,-16.578779
337,1949.953231,144.175774,29.872306,12.007322,-8.000000,-20.007322
338,1944.170118,18.393493,29.795708,4.288764,-3.000000,1.288764
339,1939.247125,294.967586,29.758033,17.174620,-1.000000,-18.174620
340,1933.739946,88.834841,29.697519,9.425224,0.000000,-9.425224
341,1930.404042,809.540381,29.693824,28.452423,5.000000,-23.452423
342,1924.744638,17.525663,29.618358,4.186366,29.000000,24.813634
343,1919.578829,173.535364,29.569848,13.173282,-86.000000,-72.826718
344,1928.368894,4908.200757,29.688932,70.058552,11.000000,-59.058552
345,1928.828351,2085.043932,29.735775,45.662281,16.000000,-29.662281
346,1926.562074,1153.761400,29.748147,33.967063,14.000000,-19.967063
347,1928.743280,2674.715721,29.812198,51.717654,-17.000000,-68.717654
348,1928.349241,1793.193817,29.848634,42.346119,-11.000000,31.346119
349,1928.655362,2033.960937,29.892839,45.099456,21.000000,-24.099456
350,1963.740131,14067.985637,30.149243,118.608539,124.000000,5.391461
351,1970.022016,4143.554252,30.247863,64.370445,-69.000000,-4.629555
352,1969.391833,1750.718382,30.281178,41.841587,-1.000000,-42.841587
353,1964.920221,408.799248,30.252346,20.218785,-25.000000,-45.218785
354,1960.242544,327.733199,30.217635,18.103403,-10.000000,8.103403
355,1954.661073,1.146287,30.134595,1.070648,-15.000000,-16.070648
356,1949.150854,15.063881,30.060012,3.881222,-4.000000,-0.118778
357,1944.324822,245.561653,30.019248,15.670407,-1.000000,14.670407
358,1941.048354,784.455033,30.013567,28.008124,0.000000,-28.008124
359,1944.547518,3183.251470,30.087952,56.420311,4.000000,-52.420311
360,1939.345887,92.766960,30.030490,9.631561,22.000000,31.631561
361,1938.361947,1588.079198,30.057998,39.850711,41.000000,80.850711
362,1940.807978,2814.041304,30.122215,53.047538,-4.000000,-57.047538
363,1939.793071,1576.456354,30.148907,39.704614,19.000000,-20.704614
364,1934.859115,163.569001,30.100686,12.789410,-5.000000,-17.789410
365,1937.355884,2836.192451,30.164828,53.255915,-11.000000,-64.255915
366,1932.949184,342.130527,30.132595,18.496771,3.000000,21.496771
367,1929.105259,537.604441,30.113460,23.186299,32.000000,8.813701
368,1935.376523,4211.845219,30.209024,64.898730,64.000000,-0.898730
369,1930.076537,0.881738,30.128832,0.939009,-12.000000,-11.060991
370,1926.176506,502.665094,30.107770,22.420194,-7.000000,15.420194
371,1920.928151,0.030497,30.026208,0.174634,-7.000000,-7.174634
372,1916.023500,116.016624,29.973885,10.771101,-14.000000,-3.228899
373,1910.954984,45.740931,29.910983,6.763204,-1.000000,-7.763204
374,1905.865950,28.012331,29.844447,5.292668,-1.000000,-6.292668
375,1900.734347,2.041167,29.767855,1.428694,-4.000000,-5.428694
376,1899.585987,1473.544554,29.791024,38.386776,-4.000000,-42.386776
377,1896.404230,712.790756,29.782732,26.698141,-1.000000,-27.698141
378,1893.138081,674.864234,29.772559,25.978149,6.000000,31.978149
379,1888.111998,8.357051,29.700875,2.890856,19.000000,16.109144
380,1897.377813,5372.058440,29.816815,73.294327,13.000000,86.294327
381,1892.411616,25.121660,29.751020,5.012151,13.000000,18.012151
382,1887.405550,0.118756,29.673225,0.344610,7.000000,7.344610
383,1885.992181,1351.738622,29.691940,36.765998,14.000000,-22.765998
384,1881.213220,69.986740,29.635818,8.365808,-9.000000,-17.365808
385,1877.183095,345.735594,29.606837,18.593967,28.000000,9.406033
386,1872.311613,16.277282,29.539894,4.034511,5.000000,9.034511
387,1870.857437,1315.362080,29.557460,36.267921,-14.000000,22.267921
388,1868.225791,860.305492,29.556870,29.330965,-6.000000,23.330965
389,1865.470816,807.560342,29.553911,28.417606,-9.000000,19.417606
390,1862.390430,676.441666,29.544726,26.008492,3.000000,29.008492
391,1860.065303,962.566496,29.548552,31.025256,-11.000000,20.025256
392,1857.306281,789.564803,29.544816,28.099196,-9.000000,19.099196
393,1852.594312,24.350049,29.481551,4.934577,5.000000,0.065423
394,1848.401980,217.585020,29.443780,14.750763,-13.000000,1.750763
395,1845.528564,724.896275,29.437335,26.923898,-2.000000,24.923898
396,1840.825666,1.992689,29.365841,1.411627,-2.000000,-0.588373
397,1838.763282,1030.308551,29.372794,32.098420,1.000000,33.098420
398,1834.613705,203.830142,29.334480,14.276909,17.000000,31.276909
399,1830.416602,176.757824,29.293873,13.295030,9.000000,22.295030
400,1827.616265,721.483039,29.287728,26.860436,30.000000,3.139564
401,1824.570565,618.473424,29.276598,24.869126,23.000000,-1.869126
402,1821.987815,796.636259,29.273956,28.224746,-33.000000,-4.775254
403,1817.672329,100.108921,29.225664,10.005445,-12.000000,-1.994555
404,1813.155026,10.751103,29.160797,3.278887,-10.000000,-13.278887
405,1809.089026,182.689120,29.121783,13.516254,1.000000,14.516254
406,1804.591811,1.208577,29.052075,1.099353,-15.000000,-16.099353
407,1800.153137,15.806147,28.989851,3.975695,-10.000000,-6.024305
408,1795.697507,0.078446,28.918787,0.280082,3.000000,3.280082
409,1791.952931,279.144240,28.888636,16.707610,-7.000000,9.707610
410,1787.611118,29.176951,28.830786,5.401569,-6.000000,-11.401569
411,1783.564044,140.451905,28.789067,11.851241,0.000000,-11.851241
412,1781.593043,979.395860,28.795210,31.295301,0.000000,-31.295301
413,1779.595963,964.787333,28.800750,31.061026,4.000000,-27.061026
414,1783.921974,3553.260504,28.875893,59.609232,69.000000,9.390768
415,1780.166651,240.483820,28.843366,15.507541,-62.000000,-46.492459
416,1776.642856,328.363283,28.817341,18.120797,6.000000,-12.120797
417,1773.073818,302.630015,28.789687,17.396264,17.000000,-0.396264
418,1769.488319,288.677568,28.761186,16.990514,-3.000000,13.990514
419,1765.425891,83.580425,28.713912,9.142233,-15.000000,-24.142233
420,1761.184096,0.839107,28.647090,0.916028,12.000000,12.916028
421,1758.085750,469.173943,28.630335,21.660423,13.000000,-8.660423
422,1781.842195,11688.279783,28.820484,108.112348,114.000000,5.887652
423,1778.013182,177.485570,28.783495,13.322371,-22.000000,-8.677629
424,1776.874975,1299.966510,28.800809,36.055048,-24.000000,-60.055048
425,1774.873668,934.324473,28.805003,30.566722,-11.000000,-41.566722
426,1770.980539,131.973597,28.763968,11.487976,-15.000000,-3.512024
427,1766.854538,25.681935,28.707948,5.067735,-4.000000,1.067735
428,1762.687434,0.002560,28.640360,0.050599,-3.000000,-3.050599
429,1759.011497,200.413938,28.606281,14.156763,-1.000000,-15.156763
430,1754.955444,31.132898,28.552228,5.579686,72.000000,77.579686
431,1752.665492,777.146274,28.550647,27.877343,-89.000000,-61.122657
432,1751.983967,1460.972589,28.573246,38.222671,6.000000,-32.222671
433,1757.034767,3918.777330,28.652562,62.600138,45.000000,-17.600138
434,1753.941750,427.037417,28.633986,20.664884,-25.000000,-45.664884
435,1749.931028,25.320397,28.579225,5.031938,16.000000,10.968062
436,1752.298469,2772.665676,28.634959,52.656108,32.000000,-20.656108
437,1748.837803,253.830087,28.605622,15.932046,-27.000000,-42.932046
438,1749.508036,2039.718798,28.643773,45.163246,-74.000000,-28.836754
439,1746.213930,316.572193,28.618827,17.792476,8.000000,-9.792476
440,1743.083581,381.381497,28.597979,19.528991,-13.000000,-32.528991
441,1741.693092,1135.440087,28.609646,33.696292,-23.000000,10.696292
442,1737.718500,0.821526,28.546396,0.906381,-12.000000,-12.906381
443,1734.741851,430.969552,28.528659,20.759806,5.000000,-15.759806
444,1733.771522,1307.797124,28.546011,36.163478,7.000000,-29.163478
445,1742.611157,5632.050731,28.651455,75.046990,22.000000,-53.046990
446,1738.901255,102.834503,28.609576,10.140735,42.000000,31.859265
447,1735.728693,333.456137,28.586215,18.260781,-30.000000,-11.739219
448,1732.642931,365.650690,28.564899,19.121995,13.000000,-6.121995
449,1729.142969,175.159719,28.530450,13.234792,7.000000,-6.234792
450,1726.036012,343.440024,28.508032,18.532135,-1.000000,-19.532135
451,1722.175030,0.177262,28.445198,0.421025,-11.000000,-11.421025
452,1718.412435,36.532489,28.395195,6.044211,-7.000000,-13.044211
453,1715.688135,495.201332,28.381516,22.253120,-2.000000,-24.253120
454,1718.750470,3093.739141,28.442049,55.621391,60.000000,4.378609
455,1714.947031,3.399302,28.383073,1.843720,-21.000000,-22.843720
456,1711.298345,65.740992,28.338216,8.108082,-11.000000,-2.891918
457,1707.552501,14.430924,28.284046,3.798806,-11.000000,-14.798806
458,1704.285787,224.464498,28.254746,14.982139,-7.000000,-21.982139
459,1700.578951,17.675587,28.201888,4.204234,-6.000000,-1.795766
460,1702.151221,2417.533735,28.247867,49.168422,44.000000,93.168422
461,1698.724644,136.205841,28.211593,11.670726,-19.000000,-7.329274
462,1695.067045,23.544211,28.160590,4.852238,-1.000000,3.852238
463,1691.376697,1.197368,28.101622,1.094243,2.000000,3.094243
464,1688.593008,410.879476,28.084597,20.270162,7.000000,-13.270162
465,1686.196987,584.027730,28.076099,24.166666,3.000000,27.166666
466,1683.623956,497.456339,28.063604,22.303729,-4.000000,-26.303729
467,1680.099562,51.829597,28.018541,7.199278,-3.000000,-10.199278
468,1676.515663,17.170336,27.967087,4.143710,5.000000,0.856290
469,1673.163135,117.590105,27.930263,10.843897,-8.000000,2.843897
470,1669.660648,41.004310,27.884068,6.403461,-5.000000,-11.403461
471,1666.086293,0.436853,27.825774,0.660949,-7.000000,-6.339051
472,1662.574658,22.641209,27.776485,4.758278,-5.000000,-0.241722
473,1659.140347,51.882798,27.732618,7.202971,-1.000000,-8.202971
474,1656.210021,281.886938,27.709335,16.789489,3.000000,19.789489
475,1653.388214,327.139068,27.688905,18.086986,29.000000,10.913014
476,1651.228615,634.057437,27.683591,25.180497,21.000000,46.180497
477,1649.421150,796.297683,27.684722,28.218747,9.000000,-19.218747
478,1646.040740,47.106851,27.640795,6.863443,-23.000000,-16.136557
479,1643.041668,221.481418,27.613935,14.882252,-10.000000,-24.882252
480,1640.095897,240.854654,27.588527,15.519493,-15.000000,0.519493
481,1636.772702,54.932273,27.546227,7.411631,-7.000000,-14.411631
482,1633.362523,6.707056,27.494017,2.589798,-4.000000,-6.589798
483,1629.953189,0.291605,27.437746,0.540005,1.000000,0.459995
484,1626.643302,41.207239,27.393957,6.419287,-3.000000,-9.419287
485,1623.264985,1.672987,27.339694,1.293440,-7.000000,-8.293440
486,1620.233084,161.888564,27.309370,12.723544,2.000000,-10.723544
487,1619.721466,1373.121444,27.329549,37.055653,0.000000,37.055653
488,1617.641891,613.207268,27.324246,24.763022,9.000000,33.763022
489,1614.452035,70.561525,27.285227,8.400091,26.000000,17.599909
490,1611.298957,82.056273,27.247724,9.058492,-12.000000,-2.941508
491,1608.234389,118.854369,27.214159,10.902035,-10.000000,0.902035
492,1605.890368,464.352302,27.202550,21.548835,-22.000000,-0.451165
493,1602.646444,19.611201,27.155977,4.428454,-5.000000,-0.571546
494,1599.377170,0.702227,27.102267,0.837990,-7.000000,-6.162010
495,1596.471205,172.548510,27.073822,13.135772,0.000000,13.135772
496,1593.350690,61.178050,27.034692,7.821640,-14.000000,-6.178360
497,1590.128860,4.988303,26.984385,2.233451,0.000000,-2.233451
498,1587.140862,114.057881,26.951380,10.679788,1.000000,-9.679788
499,1583.934571,0.026522,26.897262,0.162857,29.000000,28.837143
500,1581.283449,268.978381,26.876099,16.400560,-21.000000,-37.400560
501,1578.443687,169.921785,26.848250,13.035405,20.000000,6.964595
502,1576.521329,621.109177,26.844382,24.922062,-14.000000,-38.922062
503,1580.884790,3753.888609,26.913370,61.268986,32.000000,-29.268986
504,1591.825635,7051.307074,27.027487,83.972061,-42.000000,41.972061
505,1595.929151,3647.687356,27.094091,60.396087,42.000000,-18.396087
506,1596.527274,1896.186761,27.126862,43.545227,75.000000,31.454773
507,1593.409787,28.431421,27.083533,5.332112,-33.000000,-38.332112
508,1590.580242,167.319183,27.055461,12.935192,-22.000000,-34.935192
509,1587.860253,216.985440,27.031055,14.730426,-22.000000,-7.269574
510,1584.744841,11.462143,26.984324,3.385579,-17.000000,-13.614421
511,1581.648789,15.046193,26.938752,3.878942,-9.000000,-12.878942
512,1578.569929,17.587885,26.893978,4.193791,-5.000000,-0.806209
513,1575.470953,1.191061,26.843285,1.091357,83.000000,84.091357
514,1575.182492,1428.356223,26.864757,37.793600,-19.000000,18.793600
515,1584.899309,6540.475792,26.970448,80.873208,-69.000000,11.873208
516,1598.883016,8744.557156,27.100413,93.512337,4.000000,-89.512337
517,1604.004910,4226.415034,27.174312,65.010884,12.000000,77.010884
518,1602.959496,1066.661901,27.184985,32.659790,-10.000000,-42.659790
519,1610.657672,5567.520337,27.277083,74.615818,-20.000000,-94.615818
520,1607.596036,30.853052,27.234985,5.554552,-14.000000,-8.445448
521,1605.735702,645.803697,27.231461,25.412668,1.000000,26.412668
522,1602.986993,181.904503,27.204927,13.487198,31.000000,17.512802
523,1599.934217,18.595949,27.160818,4.312302,-9.000000,-4.687698
524,1597.383181,273.395549,27.140383,16.534677,11.000000,-5.534677
525,1594.576445,135.073964,27.110598,11.622133,-16.000000,-4.377867
526,1591.521842,0.073679,27.059182,0.271439,-12.000000,-12.271439
527,1590.283054,943.635659,27.066179,30.718653,-23.000000,7.718653
528,1590.655972,1785.691939,27.095170,42.257448,-8.000000,-50.257448
529,1589.303715,880.720989,27.100087,29.676944,-7.000000,22.676944
530,1589.072246,1467.551149,27.121396,38.308630,-3.000000,-41.308630
531,1587.590515,808.199797,27.123877,28.428855,1.000000,-27.428855
532,1584.740237,82.643649,27.089724,9.090855,12.000000,2.909145
533,1581.941065,103.978558,27.057791,10.196988,-18.000000,-7.803012
534,1579.010552,28.769024,27.016858,5.363676,13.000000,7.636324
535,1577.584278,821.659233,27.019961,28.664599,-13.000000,-41.664599
536,1578.351020,1985.491085,27.052929,44.558850,-3.000000,-47.558850
537,1575.647710,137.486521,27.024172,11.725465,-6.000000,5.725465
538,1572.722946,13.823689,26.980528,3.718022,6.000000,9.718022
539,1572.689737,1554.956501,27.003803,39.432937,21.000000,-18.432937
540,1569.797649,22.530367,26.962279,4.746616,13.000000,8.253384
541,1568.581522,916.737364,26.968453,30.277671,-28.000000,2.277671
542,1565.953873,154.906377,26.941459,12.446139,3.000000,-9.446139
543,1563.737051,371.086839,26.927215,19.263614,-15.000000,-34.263614
544,1561.311029,253.685459,26.906845,15.927506,8.000000,-7.927506
545,1561.279089,1544.031232,26.929742,39.294163,0.000000,39.294163
546,1562.161426,2039.505889,26.963379,45.160889,6.000000,51.160889
547,1559.717417,235.064639,26.941958,15.331818,10.000000,-5.331818
548,1556.869385,10.387781,26.898357,3.223008,11.000000,14.223008
549,1554.179248,90.744871,26.866481,9.526010,-13.000000,-3.473990
550,1552.248629,500.060915,26.858231,22.362042,-11.000000,11.362042
551,1550.040672,344.496559,26.843062,18.560618,0.000000,18.560618
552,1547.434381,121.792890,26.814217,11.035982,7.000000,-4.035982
553,1544.641918,14.372240,26.772280,3.791074,15.000000,11.208926
554,1543.628747,987.398074,26.780736,31.422891,-21.000000,-52.422891
555,1547.275451,3552.962475,26.840311,59.606732,21.000000,-38.606732
556,1544.501801,16.220893,26.798984,4.027517,-36.000000,-31.972483
557,1543.923926,1224.936610,26.813812,34.999094,-43.000000,-8.000906
558,1544.801763,2030.245978,26.846744,45.058251,-57.000000,-11.941749
559,1542.130029,61.989368,26.812558,7.873333,5.000000,-2.873333
560,1539.364449,4.467322,26.768135,2.113604,1.000000,3.113604
561,1541.845827,2921.491958,26.817117,54.050828,35.000000,-19.050828
562,1540.653388,876.464940,26.822113,29.605151,-4.000000,-33.605151
563,1539.671784,991.936813,26.830473,31.495028,-10.000000,21.495028
564,1537.048352,70.549801,26.797560,8.399393,-12.000000,-20.399393
565,1534.616668,172.873739,26.773230,13.148146,-15.000000,-1.851854
566,1531.890124,2.298601,26.728288,1.516114,-6.000000,-7.516114
567,1529.386801,122.519559,26.700474,11.068855,-2.000000,-13.068855
568,1527.053955,213.661501,26.679050,14.617165,-1.000000,-15.617165
569,1524.887795,303.173597,26.662648,17.411881,2.000000,-15.411881
570,1523.629122,812.478860,26.665901,28.504015,2.000000,-26.504015
571,1525.057110,2333.298325,26.704064,48.304227,14.000000,-34.304227
572,1526.242352,2198.274542,26.739595,46.885761,-13.000000,33.885761
573,1524.039879,273.035463,26.721641,16.523785,-2.000000,-18.523785
574,1521.380285,8.071114,26.679745,2.840971,-17.000000,-19.840971
575,1519.728940,578.462131,26.675142,24.051240,-1.000000,-25.051240
576,1518.512357,823.843440,26.678686,28.702673,5.000000,-23.702673
577,1516.631085,440.543403,26.668757,20.989126,-18.000000,2.989126
578,1513.998974,5.799370,26.626491,2.408188,6.000000,8.408188
579,1512.235070,499.754326,26.619063,22.355186,-4.000000,-26.355186
580,1509.886463,159.437738,26.594771,12.626866,-37.000000,-24.373134
581,1507.735125,268.564318,26.577081,16.387932,-9.000000,-25.387932
582,1506.022549,517.866013,26.570472,22.756670,-9.000000,13.756670
583,1504.541171,648.304538,26.568557,25.461825,-4.000000,-29.461825
584,1502.176899,133.263940,26.542652,11.544000,-2.000000,9.544000
585,1499.643615,30.338602,26.506448,5.508049,10.000000,15.508049
586,1498.282944,707.733071,26.506615,26.603253,24.000000,-2.603253
587,1495.874220,93.997101,26.477779,9.695210,2.000000,11.695210
588,1493.401322,51.701712,26.444752,7.190390,-25.000000,-17.809610
589,1490.890575,24.614345,26.408028,4.961285,-17.000000,-21.961285
590,1489.316928,568.733014,26.403660,23.848124,-20.000000,3.848124
591,1486.796015,9.541393,26.363941,3.088915,-7.000000,-3.911085
592,1484.311936,26.157707,26.327803,5.114461,-4.000000,-9.114461
593,1482.165428,220.018413,26.308287,14.833018,1.000000,-13.833018
594,1481.465657,1069.300505,26.319121,32.700161,20.000000,-12.700161
595,1478.958978,0.018201,26.274816,0.134912,7.000000,6.865088
596,1484.557854,4793.493778,26.347384,69.235062,39.000000,-30.235062
597,1485.666343,2141.892011,26.380998,46.280579,-26.000000,-72.280579
598,1484.418867,744.665198,26.382526,27.288554,-10.000000,17.288554
599,1482.212865,171.847942,26.360217,13.109079,-38.000000,-24.890921
600,1479.955243,136.670308,26.335604,11.690608,-16.000000,-4.309392
601,1477.561019,50.603638,26.303406,7.113623,-4.000000,3.113623
602,1476.292347,718.895067,26.304257,26.812219,10.000000,-16.812219
603,1476.129237,1378.589225,26.322329,37.129358,-6.000000,-43.129358
604,1473.838837,101.889312,26.295282,10.094024,-9.000000,-19.094024
605,1471.602368,129.721238,26.270480,11.389523,-5.000000,-16.389523
606,1470.082354,556.553497,26.266030,23.591386,1.000000,24.591386
607,1468.353830,427.782513,26.256771,20.682904,9.000000,29.682904
608,1468.684152,1667.868578,26.280915,40.839547,19.000000,59.839547
609,1471.397870,3110.483089,26.329660,55.771705,15.000000,-40.771705
610,1470.691936,1043.601802,26.339520,32.304826,-15.000000,-47.304826
611,1479.599964,6877.865030,26.432755,82.932895,54.000000,-28.932895
612,1478.865321,1032.936989,26.442140,32.139337,-23.000000,9.139337
613,1476.623110,113.359221,26.416204,10.647029,-1.000000,9.647029
614,1474.368747,101.461776,26.389412,10.072824,11.000000,0.927176
615,1472.049073,57.047530,26.358583,7.552982,-6.000000,1.552982
616,1470.032771,238.072646,26.340725,15.429603,-13.000000,2.429603
617,1468.040839,248.978484,26.323496,15.779052,7.000000,-8.779052
618,1465.706319,34.645160,26.290210,5.886014,3.000000,8.886014
619,1465.552050,1370.830745,26.307664,37.024732,-2.000000,35.024732
620,1463.182565,5.949558,26.268917,2.439172,9.000000,11.439172
621,1462.242138,882.938838,26.274501,29.714287,35.000000,5.285713
622,1462.689618,1738.784735,26.299459,41.698738,7.000000,-34.698738
623,1460.331408,2.957780,26.259751,1.719820,-28.000000,-29.719820
624,1459.255584,793.320878,26.262825,28.165952,-9.000000,-37.165952
625,1457.689016,486.416645,26.256049,22.054855,-34.000000,-11.945145
626,1455.735359,242.514441,26.238873,15.572875,-14.000000,1.572875
627,1453.398706,0.000685,26.196799,0.026170,4.000000,4.026170
628,1451.114799,28.240508,26.163333,5.314180,-15.000000,-9.685820
629,1448.802891,6.172356,26.125447,2.484423,-6.000000,-8.484423
630,1446.612617,77.691392,26.097793,8.814272,-19.000000,-10.185728
631,1444.590756,178.905540,26.077502,13.375558,-5.000000,-18.375558
632,1443.093185,504.116428,26.071730,22.452537,1.000000,-21.452537
633,1440.823720,15.599496,26.036560,3.949620,23.000000,26.949620
634,1440.140274,1010.252869,26.045683,31.784475,-75.000000,-43.215525
635,1438.435962,364.719327,26.034672,19.097626,-2.000000,-21.097626
636,1436.227710,42.820878,26.003832,6.543766,-30.000000,-36.543766
637,1434.224794,168.381463,25.983251,12.976188,0.000000,12.976188
638,1431.963711,0.698282,25.943586,0.835632,-28.000000,-28.835632
639,1429.904963,124.658819,25.920313,11.165071,-27.000000,-15.834929
640,1427.736687,50.881211,25.890773,7.133107,2.000000,-5.133107
641,1425.667208,109.479099,25.866554,10.463226,-25.000000,-35.463226
642,1423.436507,2.479999,25.828480,1.574801,-1.000000,-2.574801
643,1421.547655,216.459640,25.811084,14.712567,-14.000000,0.712567
644,1419.853557,337.325248,25.799451,18.366416,-2.000000,-20.366416
645,1417.934745,189.894728,25.780701,13.780230,5.000000,-8.780230
646,1416.606226,565.025933,25.777569,23.770274,11.000000,34.770274
647,1414.625844,143.220151,25.756092,11.967462,-3.000000,-14.967462
648,1412.834460,260.974814,25.741183,16.154715,6.000000,22.154715
649,1410.660026,10.324639,25.706256,3.213198,-35.000000,-31.786802
650,1409.008484,343.763616,25.695164,18.540863,-25.000000,-6.459137
651,1406.836766,3.906988,25.658504,1.976610,-21.000000,-19.023390
652,1404.746324,52.230667,25.630061,7.227079,-5.000000,-12.227079
653,1402.588593,4.378599,25.593793,2.092510,-6.000000,-3.907490
654,1400.440331,6.218179,25.558255,2.493628,-11.000000,-13.493628
655,1398.829190,351.587978,25.547798,18.750679,35.000000,16.249321
656,1428.193799,20544.554075,25.728451,143.333716,133.000000,-10.333716
657,1426.946317,613.588244,25.726984,24.770713,-19.000000,-43.770713
658,1425.040105,180.283482,25.708177,13.426968,-40.000000,-26.573032
659,1423.178504,205.691077,25.690824,14.341934,-16.000000,-1.658066
660,1421.397888,255.094422,25.676008,15.971676,-11.000000,4.971676
661,1419.241965,4.957040,25.640316,2.226441,0.000000,-2.226441
662,1417.869466,516.137151,25.635876,22.718652,2.000000,-20.718652
663,1416.120524,265.316936,25.621692,16.288552,22.000000,38.288552
664,1414.090769,76.482108,25.596122,8.745405,-42.000000,-50.745405
665,1412.438808,322.144538,25.584552,17.948385,25.000000,7.051615
666,1410.724798,277.764051,25.571080,16.666255,-32.000000,-15.333745
667,1408.922385,215.725122,25.554664,14.687584,-12.000000,2.687584
668,1407.916773,741.196223,25.557180,27.224919,-24.000000,3.224919
669,1405.889566,59.823742,25.530379,7.734581,-1.000000,-8.734581
670,1403.938806,106.683751,25.507554,10.328783,1.000000,-9.328783
671,1402.097054,175.490090,25.489172,13.247267,43.000000,29.752733
672,1402.411585,1612.203703,25.511123,40.152257,15.000000,-25.152257
673,1403.585639,2187.853769,25.542907,46.774499,-62.000000,-15.225501
674,1402.312911,550.858210,25.539814,23.470369,-38.000000,-14.529631
675,1405.558110,3579.841207,25.590919,59.831774,-52.000000,7.831774
676,1407.792625,2907.151869,25.633073,53.918011,35.000000,-18.918011
677,1405.966685,178.935128,25.614861,13.376664,-30.000000,-16.623336
678,1406.028475,1447.613191,25.633307,38.047512,-48.000000,-9.952488
679,1405.325863,931.765649,25.640554,30.524837,2.000000,-28.524837
680,1403.384072,92.674943,25.616865,9.626783,-14.000000,-4.373217
681,1403.256362,1316.924233,25.632629,36.289451,-4.000000,-40.289451
682,1402.000218,551.590726,25.629463,23.485969,3.000000,26.485969
683,1400.921062,669.253294,25.629817,25.869930,16.000000,41.869930
684,1399.182022,218.374208,25.613858,14.777490,-29.000000,-14.222510
685,1397.211437,57.213331,25.587353,7.563949,-12.000000,-4.436051
686,1395.195208,22.143569,25.556735,4.705695,-14.000000,-9.294305
687,1393.509100,243.583410,25.542167,15.607159,11.000000,-4.607159
688,1391.878902,278.453388,25.529221,16.686923,-12.000000,-28.686923
689,1390.258989,282.238922,25.516478,16.799968,0.000000,16.799968
690,1388.264682,22.164046,25.486144,4.707871,22.000000,26.707871
691,1390.755422,3099.403094,25.530084,55.672283,-59.000000,-3.327717
692,1388.740728,4.646240,25.496109,2.155514,0.000000,-2.155514
693,1386.962472,163.522000,25.477664,12.787572,14.000000,1.212428
694,1385.313076,248.878997,25.463603,15.775899,7.000000,-8.775899
695,1383.391429,57.455655,25.437723,7.579951,-9.000000,-16.579951
696,1384.048871,1838.341060,25.462922,42.875880,-4.000000,-46.875880
697,1382.162810,77.008789,25.438842,8.775465,5.000000,13.775465
698,1380.171349,0.088282,25.402615,0.297123,-17.000000,-17.297123
699,1378.700796,358.137550,25.393294,18.924522,5.000000,-13.924522
700,1377.913324,830.620160,25.398218,28.820482,-23.000000,5.820482
701,1375.936856,0.315182,25.362584,0.561410,-9.000000,-8.438590
702,1374.397200,301.256610,25.351115,17.356745,5.000000,-12.356745
703,1373.252194,574.038343,25.349123,23.959097,0.000000,23.959097
704,1371.306106,10.990168,25.317646,3.315142,3.000000,6.315142
705,1369.983952,444.476711,25.311605,21.082616,17.000000,-4.082616
706,1383.262422,10691.469847,25.422841,103.399564,110.000000,6.600436
707,1382.611024,925.329079,25.429948,30.419222,-56.000000,-25.580778
708,1380.662517,10.862120,25.398508,3.295773,-15.000000,-11.704227
709,1378.728381,17.096851,25.368346,4.134834,-2.000000,-6.134834
710,1376.785272,6.893248,25.336133,2.625500,-3.000000,-5.625500
711,1374.902820,45.891784,25.309878,6.774348,1.000000,-5.774348
712,1373.166363,145.491447,25.291167,12.061984,6.000000,-6.061984
713,1372.956280,1224.217533,25.304845,34.988820,18.000000,-16.988820
714,1371.122395,70.897805,25.281063,8.420083,20.000000,28.420083
715,1370.427181,876.825204,25.287154,29.611234,-9.000000,-38.611234
716,1369.340117,596.437796,25.285939,24.422076,-6.000000,18.422076
717,1368.181372,543.154844,25.283161,23.305683,-18.000000,-41.305683
718,1366.268459,2.361826,25.249903,1.536823,-22.000000,-23.536823
719,1364.574212,154.881602,25.231994,12.445144,-28.000000,-15.554856
720,1362.946782,199.334520,25.216473,14.118588,-4.000000,10.118588
721,1361.103469,41.291004,25.190265,6.425808,-3.000000,-9.425808
722,1360.659959,1042.663405,25.200154,32.290299,22.000000,-10.290299
723,1364.079190,3819.086792,25.251056,61.798760,-7.000000,54.798760
724,1362.192632,5.757736,25.219318,2.399528,-19.000000,-21.399528
725,1361.069578,552.470762,25.216940,23.504697,-6.000000,17.504697
726,1376.193356,12280.437121,25.335500,110.817134,106.000000,-4.817134
727,1374.563268,197.639707,25.319902,14.058439,-5.000000,-19.058439
728,1373.959112,937.154231,25.327213,30.612975,-41.000000,-10.387025
729,1372.196049,95.738609,25.305775,9.784611,1.000000,-8.784611
730,1370.392569,62.869635,25.281840,7.929037,24.000000,31.929037
731,1368.708779,146.277560,25.263701,12.094526,-28.000000,-15.905474
732,1368.226157,1017.359840,25.272811,31.896079,1.000000,-30.896079
733,1366.349598,0.214312,25.238778,0.462938,-11.000000,-11.462938
734,1364.654300,128.781850,25.219750,11.348209,-4.000000,-15.348209
735,1363.710529,674.757731,25.220785,25.976099,-3.000000,22.976099
736,1361.905321,42.298556,25.195215,6.503734,15.000000,8.496266
737,1361.748703,1247.104512,25.209020,35.314367,-46.000000,-10.685633
738,1361.927445,1492.944810,25.227317,38.638644,-43.000000,-4.361356
739,1361.000950,680.954184,25.228497,26.095099,-26.000000,0.095099
740,1359.153725,1.443062,25.195852,1.201275,0.000000,-1.201275
741,1357.782079,348.250702,25.186985,18.661476,-22.000000,-3.338524
742,1355.967782,18.831155,25.158737,4.339488,-12.000000,-7.660512
743,1354.411732,206.046458,25.144116,14.354318,0.000000,-14.354318
744,1352.582384,0.694205,25.111264,0.833190,11.000000,10.166810
745,1355.880396,3796.409247,25.160527,61.615008,-60.000000,1.615008
746,1354.197229,106.970839,25.140556,10.342671,-25.000000,-14.657329
747,1352.747979,277.404400,25.129136,16.655462,-21.000000,-4.344538
748,1351.117476,139.653565,25.111244,11.817511,-12.000000,-0.182489
749,1349.304444,0.408922,25.078396,0.639470,0.000000,-0.639470
750,1347.740798,182.824204,25.062904,13.521250,-10.000000,3.521250
751,1346.022738,64.350033,25.040092,8.021847,-22.000000,-13.978153
752,1344.570901,260.048465,25.028174,16.126018,-7.000000,-23.126018
753,1342.775917,0.128268,24.995237,0.358145,-4.000000,-3.641855
754,1341.209503,167.964973,24.979190,12.960130,-7.000000,-19.960130
755,1339.520063,72.440273,24.957262,8.511185,10.000000,1.488815
756,1337.916982,134.003303,24.939468,11.575980,-31.000000,-42.575980
757,1336.440112,225.833481,24.926305,15.027757,-38.000000,-22.972243
758,1335.580857,688.561798,24.928048,26.240461,-4.000000,-30.240461