# TEST CONFIGURATION BEGIN
# File Stream: filename: preciosa_mar.csv  -  n_targets: 1
# [preciosa_mar_ADE_HOMO_ABSTAIN_HATREE_SIZE_4] Pipeline: Array BaseStreamModel: base_models: [<skmultiflow.trees.regression_hoeffding_adaptive_tree.RegressionHAT object at 0x7f227ebd7390>, <skmultiflow.trees.regression_hoeffding_adaptive_tree.RegressionHAT object at 0x7f227ebd7cc0>, <skmultiflow.trees.regression_hoeffding_adaptive_tree.RegressionHAT object at 0x7f227ebd7588>, <skmultiflow.trees.regression_hoeffding_adaptive_tree.RegressionHAT object at 0x7f227ebd7cf8>]
 Array BaseStreamModel: base_models: [<skmultiflow.trees.regression_hoeffding_adaptive_tree.RegressionHAT object at 0x7f227ebd7390>, <skmultiflow.trees.regression_hoeffding_adaptive_tree.RegressionHAT object at 0x7f227ebd7cc0>, <skmultiflow.trees.regression_hoeffding_adaptive_tree.RegressionHAT object at 0x7f227ebd7588>, <skmultiflow.trees.regression_hoeffding_adaptive_tree.RegressionHAT object at 0x7f227ebd7cf8>]
# Prequential Evaluator: n_wait: 1 - max_samples: 600000 - max_time: 10000000 - output_file: preciosa_mar_ADE_HOMO_ABSTAIN_HATREE_SIZE_4_SIZE_4 - batch_size: 1 - pretrain_size: 5 - task_type: regression - show_plot: False - metrics: ['mean_square_error', 'mean_absolute_error', 'true_vs_predicted']
# TEST CONFIGURATION END
id,global_mse_[preciosa_mar_ADE_HOMO_ABSTAIN_HATREE_SIZE_4],sliding_mse_[preciosa_mar_ADE_HOMO_ABSTAIN_HATREE_SIZE_4],global_mae_[preciosa_mar_ADE_HOMO_ABSTAIN_HATREE_SIZE_4],sliding_mae_[preciosa_mar_ADE_HOMO_ABSTAIN_HATREE_SIZE_4],true_value_[preciosa_mar_ADE_HOMO_ABSTAIN_HATREE_SIZE_4],predicted_value_[preciosa_mar_ADE_HOMO_ABSTAIN_HATREE_SIZE_4]
5,12.562203,12.562203,3.544320,3.544320,7.000000,10.544320
6,155.382856,298.203509,10.406445,17.268570,10.000000,27.268570
7,433.970547,991.145929,17.431787,31.482470,19.000000,50.482470
8,1467.049741,4566.287325,29.967417,67.574310,5.000000,72.574310
9,1433.569106,1299.646565,31.184056,36.050611,-1.000000,35.050611
10,1305.266835,663.755478,30.280622,25.763452,-3.000000,22.763452
11,1331.498073,1488.885504,31.467116,38.586079,-1.000000,37.586079
12,1186.335408,170.196753,29.164470,13.045948,2.000000,15.045948
13,1057.189800,24.024933,26.468587,4.901524,0.000000,4.901524
14,955.271264,38.004446,24.438206,6.164775,1.000000,7.164775
15,926.345281,637.085446,24.511146,25.240552,0.000000,-25.240552
16,875.549297,316.793475,23.951775,17.798693,0.000000,-17.798693
17,814.635490,83.669804,22.812956,9.147120,2.000000,-7.147120
18,761.684525,73.321974,21.795089,8.562825,-1.000000,-9.562825
19,752.882515,629.654383,22.014944,25.092915,0.000000,25.092915
20,707.883039,32.890903,20.997451,5.735059,-2.000000,3.735059
21,666.256201,0.226784,19.790320,0.476218,-5.000000,-5.476218
22,634.849885,100.942523,19.249025,10.047016,-1.000000,-11.047016
23,601.624852,3.574257,18.335422,1.890571,-2.000000,-3.890571
24,577.479020,118.708206,17.963418,10.895330,1.000000,-9.895330
25,550.090318,2.316270,17.180490,1.521930,4.000000,2.478070
26,525.574126,10.734105,16.548481,3.276294,1.000000,4.276294
27,519.599803,388.164703,16.685586,19.701896,-5.000000,14.701896
28,499.031790,25.967484,16.202679,5.095830,1.000000,-4.095830
29,484.195386,128.121681,16.007336,11.319085,0.000000,-11.319085
30,466.201514,16.354713,15.547211,4.044096,4.000000,-0.044096
31,449.505245,15.402258,15.116743,3.924571,2.000000,-1.924571
32,433.460818,0.261300,14.595115,0.511176,-3.000000,-2.488824
33,423.639170,148.633029,14.512233,12.191515,-2.000000,10.191515
34,410.390816,26.188525,14.199074,5.117473,-4.000000,1.117473
35,397.180812,0.880713,13.771312,0.938463,-2.000000,-2.938463
36,385.861525,34.963630,13.525740,5.913005,-1.000000,4.913005
37,376.281499,69.720645,13.368896,8.349889,-5.000000,3.349889
38,366.021188,27.430926,13.129736,5.237454,-7.000000,-1.762546
39,361.217126,197.879035,13.156514,14.066948,-1.000000,-15.066948
40,353.367415,78.627531,13.037367,8.867217,-3.000000,-11.867217
41,346.278164,91.065114,12.942919,9.542804,-5.000000,-14.542804
42,337.191982,1.003263,12.628675,1.001630,0.000000,-1.001630
43,328.983716,17.069619,12.410799,4.131540,-3.000000,-7.131540
44,320.955463,7.853578,12.170590,2.802424,1.000000,-1.802424
45,328.834481,643.995203,12.492699,25.377061,-1.000000,-26.377061
46,324.062504,128.411459,12.465060,11.331878,-1.000000,-12.331878
47,318.669019,92.142653,12.398410,9.599096,1.000000,-8.599096
48,312.433678,44.314000,12.267921,6.656876,-1.000000,-7.656876
49,305.608484,5.299955,12.046459,2.302163,0.000000,-2.302163
50,298.977531,0.584614,11.801202,0.764600,6.000000,6.764600
51,292.654680,1.803537,11.578686,1.342958,2.000000,0.657042
52,288.394580,88.169907,11.533086,9.389883,17.000000,7.610117
53,282.509004,0.001340,11.298464,0.036613,15.000000,15.036613
54,281.197976,216.957624,11.367084,14.729481,2.000000,16.729481
55,278.630378,150.250487,11.384547,12.257671,1.000000,13.257671
56,274.537155,65.782768,11.321587,8.110658,2.000000,-6.110658
57,277.539805,433.677601,11.500895,20.824927,-1.000000,19.824927
58,273.145322,40.237720,11.405385,6.343321,-1.000000,5.343321
59,268.915596,40.510374,11.313737,6.364776,1.000000,7.364776
60,271.491867,413.186773,11.474688,20.326996,1.000000,21.326996
61,266.791514,3.571737,11.306534,1.889904,2.000000,0.110096
62,264.283209,121.309838,11.301492,11.014075,-1.000000,10.014075
63,264.340461,267.661085,11.387235,16.360351,-1.000000,15.360351
64,259.936166,0.082745,11.202242,0.287654,1.000000,0.712346
65,257.753034,126.765123,11.203173,11.259002,-2.000000,9.259002
66,260.659842,437.975169,11.360023,20.927856,-5.000000,15.927856
67,256.735179,13.406027,11.237823,3.661424,-2.000000,-5.661424
68,252.973290,15.974299,11.124681,3.996786,-3.000000,-6.996786
69,249.084649,0.211619,10.960610,0.460020,-1.000000,-0.539980
70,245.694562,25.338936,10.870809,5.033780,-2.000000,-7.033780
71,242.048982,1.440700,10.726473,1.200292,2.000000,0.799708
72,238.890437,27.267877,10.645523,5.221865,1.000000,-4.221865
73,235.500373,4.976022,10.523569,2.230700,-1.000000,-3.230700
74,232.980923,59.138913,10.483092,7.690183,3.000000,-4.690183
75,229.759516,4.261021,10.364516,2.064224,2.000000,-0.064224
76,226.838892,19.474611,10.281857,4.413005,-1.000000,3.413005
77,223.780004,3.540025,10.166783,1.881495,0.000000,1.881495
78,221.905414,85.060330,10.154027,9.222816,-8.000000,1.222816
79,221.023000,155.724366,10.185026,12.478957,3.000000,-9.478957
80,218.115887,0.082429,10.054790,0.287105,-4.000000,-3.712895
81,219.109788,294.646268,10.147134,17.165263,-5.000000,12.165263
82,216.354954,4.232759,10.043419,2.057367,-1.000000,-3.057367
83,215.256345,129.564835,10.060371,11.382655,-8.000000,3.382655
84,212.588441,1.823999,9.951499,1.350555,0.000000,-1.350555
85,209.989121,2.043531,9.846289,1.429521,-4.000000,-2.570479
86,208.000903,46.955269,9.809778,6.852391,-3.000000,3.852391
87,205.634962,11.627755,9.732672,3.409949,-3.000000,-6.409949
88,204.122534,78.591028,9.722344,8.865158,-1.000000,7.865158
89,201.791074,5.948480,9.636657,2.438951,1.000000,-1.438951
90,199.532712,7.571912,9.556600,2.751711,-2.000000,-4.751711
91,197.332303,8.097098,9.479461,2.845540,-1.000000,-3.845540
92,195.443717,31.136775,9.435149,5.580034,0.000000,-5.580034
93,193.282057,3.055983,9.348778,1.748137,0.000000,-1.748137
94,191.274909,12.638701,9.284404,3.555095,1.000000,-2.555095
95,189.707836,48.671258,9.259042,6.976479,4.000000,-2.976479
96,187.681643,3.298083,9.178140,1.816062,6.000000,4.183938
97,186.107084,41.247709,9.148509,6.422438,12.000000,18.422438
98,184.133358,0.576802,9.059264,0.759475,16.000000,16.759475
99,189.245112,669.750021,9.236320,25.879529,5.000000,30.879529
100,187.893635,59.503258,9.220460,7.713835,6.000000,13.713835
101,186.002600,4.463264,9.147184,2.112644,-6.000000,-3.887356
102,185.843383,170.399367,9.187046,13.053711,-1.000000,12.053711
103,184.130590,16.276880,9.135000,4.034462,-3.000000,1.034462
104,182.315421,2.613691,9.059817,1.616691,0.000000,1.616691
105,180.576065,6.640427,8.995630,2.576903,1.000000,3.576903
106,180.577746,180.747548,9.039244,13.444238,1.000000,14.444238
107,179.712424,91.449557,9.044328,9.562926,5.000000,-4.562926
108,178.109838,13.043518,8.992090,3.611581,3.000000,6.611581
109,178.800643,250.644352,9.057230,15.831751,-11.000000,4.831751
110,179.301292,231.869432,9.115437,15.227259,1.000000,-14.227259
111,178.601063,104.376764,9.125728,10.216495,2.000000,-8.216495
112,178.297158,145.779281,9.153026,12.073909,-4.000000,8.073909
113,176.818417,17.114438,9.107007,4.136960,-3.000000,1.136960
114,175.226474,1.704642,9.036085,1.305619,1.000000,-0.305619
115,173.741013,10.340313,8.983648,3.215636,0.000000,-3.215636
116,172.336963,16.487502,8.939692,4.060480,0.000000,4.060480
117,171.060069,28.047896,8.907447,5.296026,5.000000,-0.296026
118,169.726176,18.996306,8.867544,4.358475,-3.000000,1.358475
119,168.913440,76.261450,8.866372,8.732780,3.000000,-5.732780
120,167.479040,2.523120,8.803631,1.588433,2.000000,3.588433
121,166.132467,9.929984,8.755319,3.151188,0.000000,-3.151188
122,165.189567,54.870291,8.743897,7.407448,5.000000,12.407448
123,163.950445,17.734041,8.705807,4.211180,-3.000000,-7.211180
124,162.989831,48.676747,8.691399,6.976872,-2.000000,4.976872
125,161.642828,0.002421,8.619976,0.049201,-3.000000,-3.049201
126,160.325706,0.954012,8.557326,0.976735,-4.000000,-3.023265
127,159.307938,35.140243,8.535949,5.927921,-3.000000,2.927921
128,158.023757,0.069429,8.469236,0.263495,-2.000000,-2.263495
129,156.771829,1.532818,8.411386,1.238070,-2.000000,-0.761930
130,156.454802,116.826394,8.430412,10.808626,-4.000000,-14.808626
131,155.275020,6.622529,8.384294,2.573427,-3.000000,-5.573427
132,154.259416,25.277723,8.358071,5.027696,-3.000000,-8.027696
133,153.139808,9.829963,8.317584,3.135277,-3.000000,-6.135277
134,151.964576,0.359633,8.258215,0.599694,-1.000000,-0.400306
135,150.829751,3.302455,8.209048,1.817266,0.000000,1.817266
136,150.144599,60.389732,8.205730,7.771083,-1.000000,6.771083
137,149.017028,0.177619,8.147202,0.421449,-1.000000,-0.578551
138,147.905369,0.054671,8.088146,0.233818,-1.000000,-0.766182
139,146.907134,13.143686,8.055089,3.625422,1.000000,-2.625422
140,145.958364,17.874379,8.026947,4.227810,2.000000,6.227810
141,144.903799,1.483003,7.977246,1.217786,5.000000,3.782214
142,144.560465,97.523753,7.991000,9.875412,4.000000,13.875412
143,143.797569,38.517839,7.978161,6.206274,4.000000,10.206274
144,142.891147,16.898505,7.950536,4.110779,4.000000,8.110779
145,141.888568,1.527523,7.902915,1.235930,7.000000,5.764070
146,140.922953,4.771211,7.862643,2.184310,5.000000,7.184310
147,140.575100,91.180003,7.874435,9.548822,7.000000,16.548822
148,140.910155,188.823010,7.915177,13.741288,-1.000000,12.741288
149,142.175192,324.340528,7.984792,18.009457,2.000000,20.009457
150,141.204187,0.408505,7.934480,0.639144,1.000000,1.639144
151,141.549788,192.007450,7.974767,13.856675,1.000000,14.856675
152,140.596336,0.438979,7.925360,0.662555,3.000000,2.337445
153,139.975908,48.152504,7.918742,6.939201,3.000000,-3.939201
154,139.617486,86.212639,7.927850,9.285076,-1.000000,8.285076
155,139.722334,155.449591,7.957917,12.467943,-3.000000,9.467943
156,138.899767,14.692105,7.930780,3.833028,-3.000000,0.833028
157,137.992187,0.040085,7.880253,0.200213,-2.000000,-2.200213
158,137.124598,4.383347,7.842678,2.093644,-4.000000,-1.906356
159,136.241672,0.271100,7.795439,0.520673,-3.000000,-3.520673
160,135.379563,1.752661,7.753955,1.323881,-1.000000,0.323881
161,134.540351,3.623266,7.716691,1.903488,-3.000000,-4.903488
162,133.692187,0.530448,7.672460,0.728318,0.000000,0.728318
163,132.860459,1.447456,7.631773,1.203103,1.000000,2.203103
164,132.068663,6.173131,7.599603,2.484579,1.000000,3.484579
165,131.257839,1.526063,7.560073,1.235339,0.000000,1.235339
166,130.633828,30.168044,7.547311,5.492544,-2.000000,3.492544
167,131.183394,220.212972,7.592048,14.839575,-6.000000,8.839575
168,130.565016,29.769499,7.579025,5.456143,-2.000000,3.456143
169,129.840076,10.949902,7.553146,3.309064,-2.000000,-5.309064
170,129.073526,2.592724,7.517345,1.610194,0.000000,1.610194
171,128.346408,7.644828,7.488888,2.764928,-4.000000,-1.235072
172,127.698261,19.457673,7.470567,4.411085,-2.000000,2.411085
173,126.944283,0.275999,7.429471,0.525356,-2.000000,-2.525356
174,126.337439,23.780900,7.414454,4.876566,-4.000000,0.876566
175,125.625326,4.566055,7.383591,2.136833,-3.000000,-0.863167
176,124.895005,0.010167,7.341249,0.100833,-2.000000,-1.899167
177,124.373328,34.644809,7.332837,5.885984,-1.000000,-6.885984
178,123.836539,30.971982,7.322679,5.565248,4.000000,-1.565248
179,123.224912,16.801976,7.304258,4.099021,-4.000000,0.099021
180,122.580094,9.736788,7.280486,3.120383,-1.000000,2.120383
181,121.894917,1.303788,7.245804,1.141835,-1.000000,-2.141835
182,121.211596,0.263839,7.207983,0.513653,0.000000,-0.513653
183,120.538212,0.675814,7.172308,0.822079,0.000000,0.822079
184,119.956080,15.754551,7.154513,3.969200,1.000000,4.969200
185,119.294597,0.227601,7.117621,0.477075,4.000000,3.522925
186,118.652788,2.485443,7.087175,1.576529,3.000000,1.423471
187,118.004513,0.018315,7.049187,0.135334,3.000000,3.135334
188,117.712240,64.226421,7.054431,8.014139,3.000000,11.014139
189,117.088714,2.359861,7.024603,1.536184,4.000000,2.463816
190,116.508356,9.142074,7.003092,3.023586,5.000000,1.976414
191,116.583333,130.529126,7.026738,11.424934,0.000000,11.424934
192,115.989004,4.849393,7.001076,2.202134,7.000000,4.797866
193,115.887021,96.714346,7.016066,9.834345,4.000000,13.834345
194,117.244656,373.837602,7.080902,19.334880,-1.000000,18.334880
195,116.654578,4.539725,7.054985,2.130663,3.000000,5.130663
196,116.061699,2.821829,7.026989,1.679830,3.000000,4.679830
197,116.419717,185.159171,7.061084,13.607320,1.000000,14.607320
198,116.180505,70.012640,7.067818,8.367356,-2.000000,6.367356
199,115.587541,0.552554,7.035384,0.743340,-2.000000,-2.743340
200,115.030198,6.348170,7.012344,2.519558,-1.000000,-3.519558
201,114.448543,0.444268,6.980132,0.666534,-4.000000,-3.333466
202,113.989976,23.652242,6.969441,4.863357,-3.000000,1.863357
203,113.424971,1.553960,6.940683,1.246579,-1.000000,0.246579
204,112.858862,0.203137,6.908233,0.450708,-1.000000,-0.549292
205,112.313250,3.190980,6.882751,1.786332,-3.000000,-4.786332
206,111.763645,1.293048,6.854308,1.137123,-1.000000,0.137123
207,111.214273,0.241066,6.822961,0.490985,-2.000000,-1.509015
208,110.669186,0.016510,6.790145,0.128491,-1.000000,-0.871509
209,110.505089,77.029297,6.799835,8.776634,3.000000,-5.776634
210,110.082507,23.453122,6.790335,4.842842,3.000000,-1.842842
211,109.552092,0.286667,6.760118,0.535413,-1.000000,-0.464587
212,109.364785,70.592277,6.768012,8.401921,-1.000000,7.401921
213,109.119429,58.085268,6.772095,7.621369,-5.000000,2.621369
214,108.762009,34.061356,6.767638,5.836211,2.000000,-3.836211
215,108.248056,0.317814,6.738236,0.563750,-5.000000,-4.436250
216,108.172519,92.234228,6.751753,9.603865,-1.000000,8.603865
217,107.856781,40.920324,6.750087,6.396900,-4.000000,2.396900
218,107.479352,27.087019,6.742865,5.204519,0.000000,5.204519
219,106.980466,0.218908,6.713679,0.467876,-3.000000,-2.532124
220,107.047950,121.556963,6.733640,11.025287,-2.000000,9.025287
221,106.617321,13.601440,6.719605,3.688013,-3.000000,0.688013
222,106.202409,16.166553,6.707225,4.020765,0.000000,4.020765
223,105.718963,0.327663,6.679212,0.572419,-1.000000,-0.427581
224,105.242822,0.967974,6.653324,0.983857,-1.000000,-0.016143
225,104.771998,1.190786,6.628156,1.091231,0.000000,1.091231
226,104.349028,10.872695,6.613153,3.297377,0.000000,-3.297377
227,103.882384,0.287356,6.585901,0.536056,-1.000000,-1.536056
228,103.474734,12.568689,6.572327,3.545235,0.000000,-3.545235
229,103.076368,13.842403,6.559652,3.720538,4.000000,0.279462
230,102.652673,7.321304,6.542599,2.705791,3.000000,0.294209
231,102.210247,2.222059,6.520344,1.490657,8.000000,9.490657
232,101.794555,7.432376,6.503703,2.726238,10.000000,7.273762
233,101.403079,12.146566,6.490522,3.485192,5.000000,8.485192
234,101.045516,19.163550,6.481336,4.377619,6.000000,1.622381
235,101.025222,96.357721,6.495772,9.816197,-1.000000,8.816197
236,100.700923,25.787711,6.489662,5.078160,0.000000,5.078160
237,100.328854,14.009007,6.477873,3.742861,3.000000,-0.742861
238,99.908754,2.025329,6.456272,1.423140,4.000000,5.423140
239,99.608540,29.358499,6.451855,5.418348,1.000000,6.418348
240,99.622769,102.966625,6.467513,10.147247,0.000000,10.147247
241,99.247542,10.693933,6.454022,3.270158,-2.000000,-5.270158
242,98.906221,18.013116,6.444737,4.244186,0.000000,-4.244186
243,98.780483,68.854979,6.452491,8.297890,-3.000000,5.297890
244,98.370987,0.501341,6.428556,0.708054,2.000000,1.291946
245,98.036326,17.717758,6.419347,4.209247,-5.000000,-0.790753
246,97.694882,15.406892,6.409041,3.925161,-3.000000,0.925161
247,97.298406,1.351165,6.387450,1.162396,-4.000000,-2.837604
248,96.905789,1.499809,6.366291,1.224667,-1.000000,0.224667
249,96.511439,0.290055,6.342504,0.538568,-1.000000,-0.461432
250,96.307757,46.405779,6.344413,6.812179,-3.000000,3.812179
251,95.932993,3.741064,6.326558,1.934183,-1.000000,0.934183
252,95.594473,11.979994,6.315004,3.461213,0.000000,-3.461213
253,95.230106,4.867062,6.298503,2.206142,3.000000,0.793858
254,94.852032,0.711540,6.276683,0.843528,0.000000,0.843528
255,94.483141,2.260297,6.257666,1.503428,2.000000,0.496572
256,94.127144,4.772082,6.241503,2.184509,0.000000,-2.184509
257,93.779811,6.251895,6.226716,2.500379,0.000000,-2.500379
258,93.427175,4.210234,6.210279,2.051885,-4.000000,-1.948115
259,93.065246,1.135267,6.190104,1.065489,-5.000000,-6.065489
260,92.793767,23.566498,6.184886,4.854534,-2.000000,2.854534
261,92.434192,0.383139,6.163229,0.618982,-3.000000,-3.618982
262,92.359675,73.208765,6.172504,8.556212,-5.000000,3.556212
263,92.006438,0.871380,6.152276,0.933477,0.000000,-0.933477
264,91.663861,2.936259,6.135204,1.713552,-3.000000,-4.713552
265,91.312718,0.015635,6.112177,0.125040,-1.000000,-0.874960
266,90.966623,0.635891,6.091892,0.797428,-2.000000,-2.797428
267,90.626955,1.633827,6.073589,1.278212,1.000000,-0.278212
268,90.296141,3.291995,6.057455,1.814386,-1.000000,-2.814386
269,89.957012,0.427172,6.037063,0.653584,0.000000,0.653584
270,89.629105,2.733505,6.020583,1.653331,-1.000000,-2.653331
271,89.297804,1.171798,6.002089,1.082496,-1.000000,-2.082496
272,88.992819,7.561826,5.989953,2.749877,2.000000,-0.749877
273,88.668865,1.849146,5.972741,1.359833,0.000000,1.359833
274,88.340463,0.000531,5.950705,0.023038,4.000000,4.023038
275,88.053189,10.489168,5.940698,3.238698,7.000000,3.761302
276,87.729778,0.085320,5.919931,0.292095,5.000000,4.707905
277,87.836960,116.990417,5.937866,10.816211,2.000000,12.816211
278,87.520685,1.177667,5.920155,1.085204,6.000000,4.914796
279,87.228338,7.125310,5.908334,2.669328,4.000000,1.330672
280,87.676308,210.868058,5.939541,14.521297,-2.000000,12.521297
281,87.422329,17.323947,5.933124,4.162205,3.000000,-1.162205
282,87.233242,34.856384,5.933019,5.903930,4.000000,-1.903930
283,87.016034,26.632069,5.930251,5.160627,3.000000,8.160627
284,86.966808,73.232812,5.939634,8.557617,2.000000,10.557617
285,86.751583,26.488469,5.936812,5.146695,1.000000,6.146695
286,86.477927,9.580730,5.926736,3.095275,1.000000,4.095275
287,86.272980,28.477761,5.924650,5.336456,0.000000,5.336456
288,85.980730,3.274024,5.910160,1.809426,-1.000000,0.809426
289,85.983498,86.769549,5.922107,9.315017,-5.000000,4.315017
290,85.842616,45.691374,5.925035,6.759539,-2.000000,-8.759539
291,85.595415,14.895843,5.917838,3.859513,-5.000000,-1.140487
292,85.316455,5.255077,5.905250,2.292395,-5.000000,-2.707605
293,85.066489,13.076173,5.897329,3.616099,3.000000,-0.616099
294,84.790392,4.998463,5.884703,2.235724,-4.000000,-6.235724
295,84.510233,3.264175,5.870689,1.806703,0.000000,-1.806703
296,84.241399,6.010640,5.858980,2.451661,-1.000000,1.451661
297,83.956971,0.903860,5.842228,0.950716,1.000000,0.049284
298,83.677674,1.843887,5.826975,1.357898,0.000000,-1.357898
299,83.656686,77.486000,5.837062,8.802613,7.000000,-1.802613
300,83.427731,15.886075,5.830808,3.985734,-1.000000,2.985734
301,83.229544,24.566106,5.827864,4.956421,-1.000000,3.956421
302,82.952245,0.594498,5.810894,0.771037,1.000000,0.228963
303,82.752499,23.228192,5.807579,4.819563,0.000000,-4.819563
304,82.653273,52.984662,5.812484,7.279056,-4.000000,3.279056
305,82.437719,17.771665,5.807179,4.215645,-4.000000,0.215645
306,82.170376,1.700213,5.792267,1.303922,-2.000000,-3.303922
307,82.032395,40.361846,5.794118,6.353097,-2.000000,-8.353097
308,81.787281,7.517731,5.784078,2.741848,-2.000000,-4.741848
309,81.583229,19.551525,5.779611,4.421711,-4.000000,0.421711
310,81.317856,0.378989,5.762735,0.615621,0.000000,-0.615621
311,81.093766,12.522313,5.755491,3.538688,0.000000,-3.538688
312,80.872517,12.949232,5.748488,3.598504,-1.000000,2.598504
313,80.615233,1.371511,5.733674,1.171115,0.000000,1.171115
314,80.378648,7.273989,5.723878,2.697033,1.000000,-1.697033
315,80.124664,1.389776,5.709264,1.178888,-1.000000,0.178888
316,79.992204,38.797170,5.710929,6.228737,3.000000,-3.228737
317,79.802819,20.714447,5.707224,4.551313,7.000000,2.448687
318,79.591011,13.295178,5.700661,3.646255,6.000000,2.353745
319,79.340494,0.678156,5.685178,0.823503,10.000000,9.176497
320,79.166627,24.398478,5.682818,4.939482,10.000000,14.939482
321,78.917041,0.047900,5.665582,0.218860,8.000000,7.781140
322,78.771468,32.624734,5.665727,5.711807,-3.000000,2.711807
323,78.576108,16.451866,5.660681,4.056090,2.000000,-2.056090
324,78.355948,8.124796,5.651899,2.850403,3.000000,0.149597
325,78.239416,40.949146,5.654227,6.399152,-1.000000,5.399152
326,78.053313,18.314460,5.649958,4.279540,-1.000000,3.279540
327,77.820117,2.730805,5.637582,1.652515,8.000000,6.347485
328,77.887360,99.606797,5.650985,9.980321,5.000000,-4.980321
329,78.279933,205.473725,5.677703,14.334355,-1.000000,13.334355
330,78.478968,143.165317,5.696990,11.965171,-7.000000,4.965171
331,78.256447,5.714462,5.686878,2.390494,-3.000000,-5.390494
332,78.126134,35.513937,5.687709,5.959357,1.000000,-4.959357
333,77.891537,0.943786,5.673374,0.971487,-4.000000,-3.028513
334,77.703645,15.886946,5.668260,3.985843,-1.000000,2.985843
335,77.922246,150.060643,5.688144,12.249924,-6.000000,6.249924
336,77.690211,0.886698,5.673848,0.941646,-4.000000,-4.941646
337,77.586678,43.213620,5.676550,6.573707,2.000000,-4.573707
338,77.354400,0.006023,5.659787,0.077610,-3.000000,-2.922390
339,77.240307,39.133049,5.661565,6.255641,-4.000000,2.255641
340,77.018086,2.573977,5.649490,1.604362,2.000000,3.604362
341,76.802058,4.216774,5.638820,2.053479,2.000000,-0.053479
342,80.213606,1229.905234,5.725894,35.070005,-39.000000,-3.929995
343,112.216873,10929.321187,6.017391,104.543394,81.000000,-23.543394
344,111.889219,0.814386,6.002347,0.902433,-39.000000,-39.902433
345,158.674629,16065.714304,6.356448,126.750599,-2.000000,124.750599
346,170.843363,4320.381629,6.530054,65.729610,1.000000,66.729610
347,170.347056,0.610021,6.513293,0.781039,0.000000,0.781039
348,171.438553,545.822030,6.562274,23.362834,-6.000000,-29.362834
349,174.120428,1096.685534,6.639242,33.116243,-2.000000,-35.116243
350,176.770785,1091.143808,6.715523,33.032466,-3.000000,30.032466
351,177.069569,280.448793,6.744431,16.746605,-4.000000,12.746605
352,176.862985,105.178282,6.754521,10.255646,-4.000000,6.255646
353,176.627873,94.808804,6.763066,9.736981,-4.000000,5.736981
354,176.130006,2.374711,6.748146,1.541010,0.000000,-1.541010
355,175.664667,12.795765,6.739112,3.577117,-1.000000,2.577117
356,175.316460,53.095891,6.740667,7.286693,0.000000,7.286693
357,174.822858,1.075081,6.724509,1.036861,1.000000,2.036861
358,174.338285,3.283853,6.710633,1.812140,-2.000000,-0.187860
359,173.873046,9.178458,6.700263,3.029597,1.000000,-2.029597
360,173.412002,9.741593,6.690210,3.121153,3.000000,6.121153
361,173.109718,65.496545,6.694139,8.092994,5.000000,-3.092994
362,172.653756,9.875317,6.684218,3.142502,10.000000,6.857498
363,172.480130,110.321867,6.694857,10.503422,18.000000,7.496578
364,172.516517,185.579391,6.714101,13.622753,3.000000,16.622753
365,172.624789,211.602741,6.735798,14.546571,0.000000,14.546571
366,172.170600,8.208330,6.725105,2.865018,2.000000,-0.865018
367,171.708066,4.270933,6.712272,2.066624,1.000000,3.066624
368,171.247945,4.223813,6.699477,2.055192,-2.000000,0.055192
369,170.778776,0.001351,6.681223,0.036751,0.000000,0.036751
370,170.328554,5.997666,6.669660,2.449013,2.000000,-0.449013
371,169.921251,20.848214,6.663928,4.565984,-2.000000,2.565984
372,169.459551,0.015776,6.646161,0.125602,2.000000,2.125602
373,169.070864,26.034047,6.641977,5.102357,-3.000000,2.102357
374,168.636599,8.392788,6.631855,2.897031,5.000000,2.102969
375,168.205637,8.749532,6.621953,2.957961,1.000000,3.957961
376,167.793696,14.963766,6.614550,3.868303,10.000000,6.131697
377,167.345068,0.455399,6.598626,0.674833,0.000000,0.674833
378,166.914684,6.381513,6.587737,2.526166,0.000000,2.526166
379,166.488218,6.990043,6.577220,2.643869,0.000000,2.643869
380,166.161965,43.817017,6.577333,6.619442,0.000000,6.619442
381,165.725720,1.697605,6.563342,1.302922,0.000000,1.302922
382,165.299630,4.663767,6.551692,2.159576,2.000000,4.159576
383,164.885543,8.360691,6.542034,2.891486,7.000000,4.108514
384,164.466339,5.587848,6.531039,2.363863,10.000000,7.636137
385,164.118748,32.034236,6.528753,5.659879,15.000000,9.340121
386,163.973127,108.491459,6.538929,10.415923,7.000000,17.415923
387,164.027870,184.939494,6.557363,13.599246,1.000000,14.599246
388,163.608807,3.107800,6.544877,1.762895,-3.000000,-1.237105
389,163.250577,25.690254,6.541043,5.068555,5.000000,-0.068555
390,162.827725,0.029809,6.524544,0.172652,2.000000,2.172652
391,162.739248,128.587006,6.536986,11.339621,-5.000000,6.339621
392,162.603807,110.188387,6.547193,10.497066,1.000000,11.497066
393,162.211132,9.853018,6.538431,3.138952,0.000000,3.138952
394,162.002903,81.002040,6.544743,9.000113,0.000000,9.000113
395,161.684352,37.449420,6.543656,6.119593,-3.000000,3.119593
396,161.411787,54.838697,6.545854,7.405315,-1.000000,6.405315
397,161.161544,63.066266,6.549405,7.941427,-1.000000,6.941427
398,160.899176,57.788769,6.552076,7.601892,-4.000000,3.601892
399,160.495504,1.448537,6.538536,1.203552,3.000000,4.203552
400,160.124371,13.526790,6.531312,3.677878,1.000000,4.677878
401,159.736333,6.073425,6.521068,2.464432,-1.000000,-3.464432
402,159.371446,14.511418,6.514255,3.809386,0.000000,3.809386
403,158.973142,0.448027,6.499606,0.669348,0.000000,0.669348
404,158.580868,2.063709,6.486948,1.436562,1.000000,-0.436562
405,158.252439,26.880825,6.483700,5.184672,0.000000,5.184672
406,157.879486,8.325290,6.474749,2.885358,-3.000000,-0.114642
407,157.489631,0.767764,6.460857,0.876222,3.000000,2.123778
408,157.185366,34.566473,6.459418,5.879326,4.000000,-1.879326
409,156.812321,6.102337,6.449568,2.470291,6.000000,3.529709
410,156.470812,18.159485,6.444179,4.261395,4.000000,-0.261395
411,156.087420,0.430366,6.429957,0.656023,4.000000,3.343977
412,155.881210,71.953834,6.434988,8.482561,9.000000,0.517439
413,155.786152,117.002252,6.445701,10.816758,1.000000,11.816758
414,155.422037,6.499022,6.436198,2.549318,2.000000,4.549318
415,155.302193,106.166175,6.445608,10.303697,7.000000,-3.303697
416,155.256307,136.397322,6.458310,11.678926,-4.000000,7.678926
417,155.045553,68.214892,6.462671,8.259231,-2.000000,6.259231
418,154.673414,0.979784,6.449451,0.989841,1.000000,0.010159
419,154.325038,10.097612,6.441567,3.177674,-3.000000,0.177674
420,153.963741,4.025370,6.430906,2.006332,0.000000,2.006332
421,153.695561,42.132864,6.431050,6.490983,-8.000000,-1.509017
422,153.384165,23.531834,6.427270,4.850962,-4.000000,0.850962
423,153.023267,2.168005,6.415444,1.472415,-1.000000,0.472415
424,152.698725,16.715672,6.409904,4.088480,-1.000000,3.088480
425,152.381066,18.964173,6.405022,4.354787,3.000000,-1.354787
426,152.038534,7.832557,6.396477,2.798671,1.000000,3.798671
427,151.682752,1.542839,6.384291,1.242111,1.000000,-0.242111
428,151.357903,13.946606,6.378042,3.734515,-4.000000,-0.265485
429,151.062304,25.728459,6.374970,5.072323,-2.000000,3.072323
430,150.711257,1.516258,6.362895,1.231364,0.000000,1.231364
431,150.359564,0.538411,6.349712,0.733765,1.000000,1.733765
432,150.029192,8.960307,6.341871,2.993377,-2.000000,0.993377
433,149.717952,16.507081,6.336558,4.062891,-1.000000,3.062891
434,149.370173,0.173172,6.322790,0.416139,2.000000,1.583861
435,149.048276,10.632528,6.315685,3.260756,4.000000,0.739244
436,148.704811,0.671310,6.302962,0.819335,2.000000,1.180665
437,148.370383,3.897664,6.292965,1.974250,6.000000,4.025750
438,148.035532,3.045071,6.282486,1.745013,4.000000,2.254987
439,147.727803,14.173309,6.276698,3.764746,3.000000,6.764746
440,147.410921,9.567199,6.269396,3.093089,5.000000,8.093089
441,147.354491,122.750912,6.280403,11.079301,2.000000,13.079301
442,147.020222,0.944754,6.268283,0.971985,5.000000,5.971985
443,146.889226,89.512849,6.275556,9.461123,3.000000,12.461123
444,146.599051,19.212542,6.271256,4.383211,0.000000,4.383211
445,146.270856,1.865115,6.260132,1.365692,0.000000,-1.365692
446,145.970134,13.351424,6.254235,3.653960,-2.000000,1.653960
447,145.641036,0.179734,6.241075,0.423950,0.000000,-0.423950
448,145.318495,2.432984,6.230531,1.559802,-5.000000,-3.440198
449,145.003667,5.219944,6.221664,2.284720,-5.000000,-7.284720
450,144.699593,9.386925,6.214584,3.063809,-1.000000,-4.063809
451,144.436005,26.875624,6.212279,5.184171,3.000000,-2.184171
452,144.237808,55.643633,6.215062,7.459466,-4.000000,3.459466
453,143.916674,0.048839,6.201713,0.220996,1.000000,1.220996
454,143.597785,0.416671,6.189366,0.645501,0.000000,-0.645501
455,143.279753,0.165063,6.176543,0.406279,-1.000000,-1.406279
456,142.969806,3.183648,6.166825,1.784278,0.000000,1.784278
457,142.658159,1.793782,6.156169,1.339322,5.000000,3.660678
458,142.365901,9.973150,6.149565,3.158029,5.000000,1.841971
459,142.428458,170.829091,6.164775,13.070160,16.000000,2.929840
460,142.209257,42.472989,6.165548,6.517130,11.000000,4.482870
461,142.137726,109.519419,6.174956,10.465153,6.000000,16.465153
462,141.883680,25.784903,6.172561,5.077884,4.000000,9.077884
463,141.584938,4.760988,6.163866,2.181969,-3.000000,-0.818031
464,141.344502,30.984337,6.162568,5.566358,0.000000,5.566358
465,141.078898,18.901014,6.158630,4.347530,0.000000,4.347530
466,140.780027,3.000607,6.149049,1.732226,0.000000,1.732226
467,140.678172,93.621309,6.156667,9.675810,0.000000,9.675810
468,140.414051,18.125778,6.152573,4.257438,2.000000,6.257438
469,140.203847,42.669168,6.153390,6.532164,-1.000000,5.532164
470,139.909212,2.903920,6.143842,1.704089,3.000000,1.295911
471,139.634443,11.592236,6.137977,3.404737,-1.000000,2.404737
472,139.336178,0.046529,6.125322,0.215705,-1.000000,-1.215705
473,139.055053,7.488458,6.118097,2.736505,-1.000000,1.736505
474,138.760038,0.398187,6.106422,0.631020,-3.000000,-2.368980
475,138.635140,79.933113,6.112439,8.940532,4.000000,-4.940532
476,138.572781,109.201430,6.121629,10.449949,2.000000,-8.449949
477,138.392913,53.495365,6.124150,7.314053,-4.000000,3.314053
478,138.117275,7.740602,6.117099,2.782194,-2.000000,0.782194
479,137.875214,23.138235,6.114348,4.810222,-2.000000,2.810222
480,137.596199,5.064175,6.106230,2.250372,0.000000,2.250372
481,137.323300,7.423089,6.099141,2.724535,-1.000000,1.724535
482,137.047959,5.710458,6.091380,2.389656,0.000000,2.389656
483,136.763633,0.855710,6.080595,0.925046,0.000000,-0.925046
484,136.515688,17.749888,6.076704,4.213062,0.000000,4.213062
485,136.235594,1.790774,6.066853,1.338198,0.000000,1.338198
486,135.960953,3.858606,6.058341,1.964333,3.000000,1.035667
487,135.963988,137.426701,6.070069,11.722914,10.000000,-1.722914
488,135.700042,8.214256,6.063449,2.866052,8.000000,5.133948
489,135.458777,18.686405,6.059860,4.322777,14.000000,9.677223
490,135.327226,71.525126,6.064793,8.457253,4.000000,12.457253
491,135.084145,16.946867,6.060793,4.116657,-4.000000,0.116657
492,134.821750,7.035296,6.053808,2.652413,1.000000,3.652413
493,134.548509,1.206887,6.043675,1.098584,-1.000000,0.098584
494,134.273966,0.022528,6.031647,0.150094,0.000000,0.150094
495,134.187413,91.776387,6.038874,9.579999,-2.000000,7.579999
496,133.940020,12.469872,6.033777,3.531271,2.000000,5.531271
497,133.794863,62.377634,6.037559,7.897951,-3.000000,4.897951
498,133.530888,3.391039,6.029065,1.841477,5.000000,3.158523
499,133.285915,12.269317,6.023961,3.502758,0.000000,3.502758
500,133.035394,9.027738,6.017873,3.004619,-4.000000,-0.995381
501,132.800092,16.090006,6.013836,4.011235,-3.000000,1.011235
502,132.544369,5.450055,6.006448,2.334535,-2.000000,-4.334535
503,132.286072,3.654453,5.998242,1.911662,-3.000000,-1.088338
504,132.025994,2.246924,5.989243,1.498974,-3.000000,-1.501026
505,131.770239,3.892843,5.981227,1.973029,1.000000,2.973029
506,131.507895,0.073612,5.969853,0.271314,1.000000,1.271314
507,131.423282,88.947246,5.976734,9.431185,-6.000000,3.431185
508,131.164261,0.876706,5.966733,0.936326,0.000000,0.936326
509,130.910178,2.852604,5.958262,1.688965,0.000000,-1.688965
510,130.702244,25.695261,5.956505,5.069049,0.000000,5.069049
511,130.444786,0.171360,5.945573,0.413957,1.000000,0.586043
512,130.247069,30.004425,5.944652,5.477630,-1.000000,4.477630
513,130.014214,11.723704,5.939700,3.423990,-1.000000,2.423990
514,129.761917,1.342883,5.930325,1.158828,3.000000,1.841172
515,129.586113,39.926208,5.931085,6.318719,6.000000,-0.318719
516,129.559911,116.170585,5.940553,10.778246,14.000000,3.221754
517,129.386864,40.786572,5.941422,6.386437,13.000000,6.613563
518,129.380119,125.920046,5.951694,11.221410,5.000000,16.221410
519,129.384856,131.819707,5.962431,11.481276,0.000000,11.481276
520,129.134116,0.003158,5.950985,0.056197,-1.000000,-1.056197
521,128.903220,9.760662,5.945517,3.124206,0.000000,3.124206
522,128.659544,2.679133,5.937199,1.636806,3.000000,1.363194
523,128.415663,2.085223,5.928542,1.444030,-1.000000,0.444030
524,128.406762,123.787366,5.938537,11.125977,-1.000000,10.125977
525,128.213889,27.919962,5.937281,5.283934,0.000000,5.283934
526,128.023900,29.039526,5.936230,5.388833,0.000000,-5.388833
527,127.797978,9.866711,5.930886,3.141132,0.000000,3.141132
528,127.554115,0.014029,5.919793,0.118442,-1.000000,-0.881558
529,127.311804,0.340665,5.909629,0.583666,2.000000,1.416334
530,127.157403,46.096930,5.911302,6.789472,-1.000000,5.789472
531,127.174356,136.091285,5.922221,11.665817,-5.000000,6.665817
532,126.980931,25.046249,5.920483,5.004623,-5.000000,0.004623
533,126.741189,0.157362,5.910041,0.396689,-2.000000,-2.396689
534,126.502937,0.467478,5.900180,0.683724,0.000000,0.683724
535,126.283644,10.058519,5.895042,3.171517,-4.000000,-0.828483
536,126.085103,20.659905,5.892505,4.545317,-1.000000,-5.545317
537,125.849841,0.690244,5.883008,0.830809,0.000000,0.830809
538,125.614169,0.000888,5.872047,0.029807,-2.000000,-1.970193
539,125.379503,0.067910,5.861558,0.260596,1.000000,1.260596
540,125.151707,3.280812,5.854002,1.811301,0.000000,-1.811301
541,124.918783,0.071960,5.843600,0.268254,-1.000000,-0.731746
542,124.692401,3.124924,5.836024,1.767746,-1.000000,-2.767746
543,124.474304,7.138369,5.830153,2.671773,4.000000,1.328227
544,124.296986,28.722209,5.829281,5.359311,6.000000,0.640689
545,124.349213,152.552095,5.841337,12.351198,15.000000,2.648802
546,124.210103,48.951686,5.843468,6.996548,13.000000,6.003452
547,124.267816,155.548097,5.855675,12.471892,3.000000,15.471892
548,124.230538,103.988567,5.863656,10.197478,-2.000000,8.197478
549,124.006920,2.358558,5.855715,1.535760,0.000000,-1.535760
550,123.789735,5.424018,5.849256,2.328952,0.000000,2.328952
551,123.566375,1.612098,5.840884,1.269684,2.000000,0.730316
552,123.341442,0.302902,5.831230,0.550366,1.000000,1.550366
553,123.117275,0.273483,5.821561,0.522956,9.000000,9.522956
554,122.955945,34.385950,5.821638,5.863953,13.000000,7.136047
555,122.747641,8.180750,5.816263,2.860201,3.000000,5.860201
556,122.554917,16.363596,5.813055,4.045194,-3.000000,1.045194
557,122.476640,79.267629,5.818643,8.903237,-2.000000,6.903237
558,122.263534,4.416249,5.811933,2.101487,0.000000,2.101487
559,122.180531,76.196715,5.817189,8.729073,-4.000000,4.729073
560,121.962465,0.936167,5.808467,0.967557,-1.000000,-1.967557
561,121.764594,11.748035,5.804192,3.427541,-2.000000,1.427541
562,121.550207,2.136435,5.796410,1.461655,-3.000000,-4.461655
563,121.415694,46.357514,5.798221,6.808635,7.000000,0.191365
564,121.224428,14.306694,5.794621,3.782419,-6.000000,-2.217581
565,121.126237,66.139385,5.798789,8.132612,2.000000,-6.132612
566,121.056538,81.955786,5.804579,9.052943,2.000000,-7.052943
567,120.859988,10.398510,5.799996,3.224672,4.000000,0.775328
568,120.645834,0.077030,5.790205,0.277543,-4.000000,-4.277543
569,120.432614,0.176795,5.780701,0.420470,0.000000,0.420470
570,120.240304,11.584849,5.776501,3.403652,-2.000000,1.403652
571,120.029917,0.950881,5.768033,0.975131,2.000000,2.975131
572,119.820829,1.268100,5.759861,1.126099,-1.000000,0.126099
573,119.612080,1.042524,5.751532,1.021041,1.000000,2.021041
574,119.405551,1.890555,5.743854,1.374975,-2.000000,-0.625025
575,119.201318,2.788941,5.736720,1.670012,3.000000,1.329988
576,119.005119,6.975188,5.731308,2.641058,6.000000,3.358942
577,119.056828,148.634228,5.742582,12.191564,12.000000,-0.191564
578,119.118401,154.400114,5.754225,12.425784,17.000000,4.574216
579,119.198806,165.351115,5.766581,12.858892,0.000000,12.858892
580,118.997859,3.453081,5.759796,1.858247,-2.000000,-0.141753
581,118.819878,16.303279,5.756811,4.037732,6.000000,1.962268
582,118.630131,9.146159,5.752084,3.024262,-3.000000,0.024262
583,118.433334,4.684239,5.745887,2.164310,0.000000,2.164310
584,118.243000,8.040059,5.740869,2.835500,4.000000,6.835500
585,118.040596,0.645953,5.732372,0.803712,4.000000,3.196288
586,117.876146,22.330763,5.730642,4.725544,1.000000,5.725544
587,117.702651,16.728706,5.727828,4.090074,-2.000000,2.090074
588,117.524824,13.851727,5.724393,3.721791,1.000000,4.721791
589,117.343943,11.709050,5.720457,3.421849,-1.000000,2.421849
590,117.152445,5.126532,5.714559,2.264185,-1.000000,1.264185
591,116.952869,0.000830,5.704873,0.028813,1.000000,0.971187
592,116.778987,14.710662,5.701693,3.835448,-1.000000,2.835448
593,116.605099,14.358678,5.698446,3.789285,1.000000,4.789285
594,116.414531,4.170062,5.692249,2.042073,-1.000000,1.042073
595,116.217691,0.082145,5.683103,0.286609,1.000000,1.286609
596,116.029453,4.780842,5.677196,2.186514,5.000000,2.813486
597,115.854979,12.566570,5.673601,3.544936,4.000000,0.455064
598,115.662124,1.298727,5.665968,1.139617,5.000000,3.860383
599,115.540292,43.172356,5.667488,6.570567,7.000000,0.429433
600,115.346563,0.077564,5.658446,0.278503,5.000000,5.278503
601,115.167432,8.405648,5.653824,2.899250,5.000000,2.100750
602,114.992936,10.818845,5.649870,3.289201,3.000000,6.289201
603,114.863358,37.375724,5.650644,6.113569,-1.000000,5.113569
604,114.676747,2.896414,5.644063,1.701886,4.000000,2.298114
605,114.509261,14.018016,5.640901,3.744064,2.000000,5.744064
606,114.320304,0.756762,5.632976,0.869921,1.000000,1.869921
607,114.234300,62.460166,5.636741,7.903174,6.000000,-1.903174
608,114.205451,96.809388,5.643699,9.839176,-5.000000,4.839176
609,114.023776,4.292379,5.637795,2.071806,0.000000,-2.071806
610,113.837071,0.880029,5.630040,0.938098,-5.000000,-4.061902
611,113.674501,15.157346,5.627178,3.893244,-3.000000,0.893244
612,113.488337,0.487037,5.619071,0.697880,1.000000,0.302120
613,113.315906,8.477349,5.614625,2.911589,-3.000000,-0.088411
614,113.250175,73.220359,5.619448,8.556890,6.000000,-2.556890
615,113.184917,73.377582,5.624271,8.566072,5.000000,-3.566072
616,113.001200,0.750151,5.616496,0.866113,-2.000000,-1.133887
617,112.816956,0.059185,5.607731,0.243280,0.000000,-0.243280
618,112.645379,7.469026,5.603049,2.732952,0.000000,2.732952
619,112.465239,1.859115,5.596155,1.363494,0.000000,1.363494
620,112.293825,6.874131,5.591327,2.621856,-2.000000,0.621856
621,112.113158,0.822435,5.583735,0.906882,0.000000,-0.906882
622,111.932728,0.607678,5.575961,0.779537,2.000000,2.779537
623,111.761476,5.927300,5.570886,2.434605,3.000000,0.565395
624,111.610903,18.406637,5.568820,4.290296,8.000000,3.709704
625,111.487010,34.673025,5.569335,5.888380,0.000000,5.888380
626,111.315724,4.946888,5.563957,2.224160,4.000000,6.224160
627,111.139181,1.329521,5.556877,1.153048,2.000000,3.153048
628,111.003038,26.186390,5.556172,5.117264,5.000000,-0.117264
629,110.839199,8.603380,5.551975,2.933152,6.000000,3.066848
630,110.669787,4.787480,5.546602,2.188031,7.000000,4.811969
631,110.566014,45.603705,5.548526,6.753052,1.000000,7.753052
632,110.393523,2.241602,5.542075,1.497198,3.000000,4.497198
633,110.218773,0.475846,5.534360,0.689816,0.000000,-0.689816
634,110.065010,13.348373,5.531375,3.653543,0.000000,3.653543
635,109.902506,7.525060,5.526956,2.743184,1.000000,3.743184
636,109.739533,6.903598,5.522369,2.627470,-5.000000,-2.372530
637,109.585994,12.549492,5.519241,3.542526,-3.000000,0.542526
638,109.413194,0.030491,5.510811,0.174618,-1.000000,-0.825382
639,109.240890,0.000322,5.502161,0.017956,0.000000,0.017956
640,109.076605,4.755774,5.496938,2.180774,1.000000,3.180774
641,108.929276,15.228005,5.494435,3.902308,-1.000000,2.902308
642,108.759813,0.811758,5.487235,0.900976,1.000000,0.099024
643,108.589791,0.115677,5.479180,0.340113,-1.000000,-0.659887
644,108.424515,2.813314,5.473240,1.677294,3.000000,1.322706
645,108.300041,28.636701,5.473050,5.351327,8.000000,2.648673
646,108.283164,97.464484,5.479902,9.872410,13.000000,3.127590
647,108.198848,54.068269,5.482815,7.353113,14.000000,6.646887
648,108.083772,34.089894,5.483368,5.838655,8.000000,13.838655
649,108.018094,65.721137,5.487435,8.106857,-6.000000,2.106857
650,107.850886,0.002136,5.479013,0.046215,0.000000,-0.046215
651,107.684197,0.002713,5.470625,0.052085,1.000000,1.052085
652,107.518690,0.435801,5.463201,0.660152,1.000000,0.339848
653,107.491761,90.041940,5.469404,9.489043,-1.000000,8.489043
654,107.444176,76.561474,5.474451,8.749941,0.000000,8.749941
655,107.311072,20.793325,5.473046,4.559970,-2.000000,2.559970
656,107.163991,11.414630,5.469834,3.378554,-1.000000,2.378554
657,107.000732,0.555838,5.462599,0.745546,-1.000000,-0.254454
658,106.873366,23.703479,5.461691,4.868622,-3.000000,1.868622
659,106.728027,11.675886,5.458569,3.417000,-4.000000,-0.583000
660,106.583774,12.098274,5.455551,3.478257,-2.000000,1.478257
661,106.421549,0.001644,5.447309,0.040547,0.000000,0.040547
662,106.261979,1.425005,5.440844,1.193736,0.000000,1.193736
663,106.103230,1.646136,5.434535,1.283018,-1.000000,0.283018
664,105.942894,0.281472,5.427105,0.530540,1.000000,1.530540
665,105.785148,1.672797,5.420851,1.293366,-1.000000,0.293366
666,105.632556,4.769253,5.415961,2.183862,3.000000,0.816138
667,105.604708,87.169076,5.421874,9.336438,11.000000,1.663562
668,105.513229,44.862937,5.423796,6.697980,10.000000,3.302020
669,105.420122,43.596701,5.425569,6.602780,15.000000,8.397220
670,105.351336,59.608860,5.429015,7.720677,1.000000,8.720677
671,105.206318,8.624621,5.425279,2.936770,-3.000000,-0.063230
672,105.066291,11.668016,5.422271,3.415848,-1.000000,2.415848
673,104.929517,13.564642,5.419671,3.683021,4.000000,0.316979
674,104.777521,3.091895,5.414206,1.758379,-2.000000,-0.241621
675,104.717960,64.812024,5.418135,8.050592,0.000000,8.050592
676,104.612174,33.630010,5.418702,5.799139,-1.000000,4.799139
677,104.458121,0.934747,5.412087,0.966823,0.000000,-0.966823
678,104.304502,0.918550,5.405479,0.958410,1.000000,1.958410
679,104.150121,0.097223,5.397933,0.311805,1.000000,0.688195
680,103.998633,1.744400,5.391902,1.320757,-2.000000,-0.679243
681,103.879380,23.264560,5.391062,4.823335,0.000000,-4.823335
682,103.733695,5.104712,5.386443,2.259361,-1.000000,1.259361
683,103.584480,2.416861,5.380800,1.554626,0.000000,1.554626
684,103.433566,0.962894,5.374330,0.981272,0.000000,0.981272
685,103.282883,0.818222,5.367766,0.904556,0.000000,-0.904556
686,103.132390,0.646630,5.361075,0.804133,0.000000,0.804133
687,102.982329,0.640716,5.354397,0.800447,3.000000,2.199553
688,102.881762,34.194730,5.355119,5.847626,8.000000,2.152374
689,102.794981,43.436584,5.356922,6.590644,12.000000,5.409356
690,102.717725,49.797628,5.359400,7.056743,15.000000,7.943257
691,102.625156,39.122714,5.360703,6.254815,-4.000000,2.254815
692,102.476510,0.356529,5.353780,0.597101,0.000000,0.597101
693,102.329068,0.889544,5.347378,0.943156,-1.000000,-0.056844
694,102.183133,1.633552,5.341481,1.278105,1.000000,-0.278105
695,102.063037,19.197111,5.340091,4.381451,4.000000,8.381451
696,101.924174,5.969365,5.335905,2.443228,0.000000,2.443228
697,101.869800,64.243095,5.339771,8.015179,-4.000000,4.015179
698,101.731876,6.150573,5.335651,2.480035,-2.000000,0.480035
699,101.630882,31.540799,5.336054,5.616120,0.000000,5.616120
700,101.516094,21.738794,5.335086,4.662488,-5.000000,-0.337512
701,101.371723,0.889519,5.328785,0.943143,0.000000,-0.943143
702,101.254396,19.477303,5.327474,4.413310,3.000000,-1.413310
703,101.183724,51.854616,5.330154,7.201015,-9.000000,-1.798985
704,101.077939,27.134206,5.329981,5.209050,-5.000000,-10.209050
705,100.953305,13.709662,5.327660,3.702656,-2.000000,1.702656
706,100.809509,0.008589,5.320202,0.092677,0.000000,-0.092677
707,100.677686,8.137757,5.316692,2.852675,-2.000000,0.852675
708,100.561121,18.616411,5.315269,4.314674,1.000000,5.314674
709,100.424624,4.330719,5.310681,2.081038,1.000000,-1.081038
710,100.345034,44.233540,5.312580,6.650830,10.000000,3.349170
711,101.973647,1251.774765,5.355108,35.380429,-32.000000,3.380429
712,101.830699,0.766086,5.348781,0.875263,6.000000,5.124737
713,101.836867,106.203831,5.355772,10.305524,8.000000,-2.305524
714,102.127751,308.364519,5.372962,17.560311,14.000000,-3.560311
715,102.162252,126.658019,5.381233,11.254244,13.000000,1.745756
716,102.169314,107.190722,5.388217,10.353295,6.000000,16.353295
717,102.060760,24.770072,5.387640,4.976954,0.000000,4.976954
718,101.926678,6.326099,5.383617,2.515174,-4.000000,-1.484826
719,101.785068,0.675545,5.377237,0.821915,5.000000,5.821915
720,101.670167,19.516289,5.375897,4.417724,-3.000000,1.417724
721,101.528538,0.121989,5.368886,0.349269,2.000000,2.349269
722,101.439190,37.376614,5.369923,6.113642,1.000000,7.113642
723,101.334778,26.367036,5.369596,5.134884,-3.000000,2.134884
724,101.196397,1.700724,5.363950,1.304118,0.000000,1.304118
725,101.071756,11.329964,5.361179,3.366001,-3.000000,0.366001
726,100.934054,1.650943,5.355533,1.284890,3.000000,1.715110
727,100.808387,10.076872,5.352516,3.174409,-1.000000,2.174409
728,100.728140,42.709537,5.354150,6.535253,-5.000000,1.535253
729,100.589434,0.166225,5.347327,0.407707,-1.000000,-1.407707
730,100.452172,0.937469,5.341295,0.968230,-1.000000,-0.031770
731,100.314009,0.007569,5.334068,0.087000,-2.000000,-1.913000
732,100.213227,26.944615,5.333871,5.190820,3.000000,-2.190820
733,100.138061,45.416860,5.335799,6.739203,3.000000,-3.739203
734,100.000886,0.000530,5.328521,0.023019,1.000000,1.023019
735,99.907691,31.875332,5.328955,5.645824,1.000000,6.645824
736,102.372440,1904.104203,5.381287,43.636042,16.000000,59.636042
737,102.307039,54.433244,5.384011,7.377889,14.000000,21.377889
738,102.457373,212.652464,5.396543,14.582608,2.000000,16.582608
739,102.384557,48.937760,5.398719,6.995553,0.000000,6.995553
740,102.246852,1.033762,5.392765,1.016741,1.000000,-0.016741
741,102.118384,7.565539,5.389180,2.750552,-1.000000,1.750552
742,101.980245,0.171631,5.382439,0.414283,2.000000,2.414283
743,101.909250,49.515484,5.384678,7.036724,-1.000000,6.036724
744,102.069438,220.447991,5.397465,14.847491,15.000000,0.152509
745,102.025489,69.503262,5.401432,8.336862,1.000000,9.336862
746,101.920474,24.104510,5.400769,4.909634,-2.000000,2.909634
747,101.789461,4.577832,5.396380,2.139587,3.000000,0.860413
748,101.663312,7.934222,5.392913,2.816775,-1.000000,1.816775
749,101.590331,47.292597,5.394905,6.876961,-1.000000,5.876961
750,101.477358,17.312848,5.393251,4.160871,-4.000000,0.160871
751,101.342956,1.078955,5.387421,1.038728,-3.000000,-1.961272
752,101.230150,16.963554,5.385725,4.118684,-5.000000,-0.881316
753,101.100052,3.786922,5.381133,1.946001,-2.000000,-3.946001
754,100.965414,0.121635,5.374423,0.348762,1.000000,1.348762
755,100.831048,0.056485,5.367583,0.237666,-1.000000,-0.762334
756,100.775124,58.776636,5.370640,7.666592,-2.000000,5.666592
757,100.672021,23.138300,5.369896,4.810229,0.000000,4.810229
758,100.544979,4.882612,5.365705,2.209663,1.000000,3.209663
759,100.459906,36.314412,5.366579,6.026144,-1.000000,5.026144
760,100.341259,10.763206,5.363820,3.280733,-1.000000,2.280733
761,100.222672,10.570303,5.361029,3.251200,4.000000,0.748800
762,100.139906,37.486679,5.362034,6.122637,7.000000,0.877363
763,100.008942,0.737622,5.356101,0.858849,2.000000,2.858849
764,99.877373,0.016738,5.349224,0.129375,4.000000,4.129375
765,99.751450,4.049697,5.344839,2.012386,4.000000,1.987614
766,99.641228,15.762414,5.343035,3.970191,6.000000,2.029809
767,99.532472,16.660536,5.341382,4.081732,6.000000,1.918268
768,99.402349,0.118363,5.334841,0.344039,3.000000,2.655961
769,99.273384,0.743985,5.328995,0.862546,3.000000,3.862546
770,99.148040,3.260228,5.324395,1.805610,0.000000,1.805610
771,99.018842,0.053288,5.317754,0.230842,2.000000,1.769158
772,98.897945,6.169606,5.314064,2.483869,0.000000,2.483869
773,98.777034,5.917463,5.310317,2.432584,0.000000,2.432584
774,98.648841,0.068471,5.303761,0.261670,3.000000,2.738330
775,98.527466,5.068770,5.299802,2.251393,0.000000,2.251393
776,98.419276,15.004504,5.297954,3.873565,-2.000000,1.873565
777,98.292020,0.051089,5.291393,0.226028,1.000000,0.773972
778,98.227862,48.633049,5.293566,6.973740,-5.000000,1.973740
779,98.126361,19.564643,5.292443,4.423194,-4.000000,0.423194
780,98.002288,1.845944,5.287374,1.358655,1.000000,2.358655
781,97.908939,25.469901,5.287064,5.046771,1.000000,6.046771
782,97.783184,0.071618,5.280613,0.267615,0.000000,-0.267615
783,97.762239,81.467074,5.285420,9.025911,-8.000000,1.025911
784,97.655168,14.247337,5.283483,3.774564,7.000000,3.225436
785,97.539403,7.242151,5.280164,2.691124,-1.000000,1.691124
786,97.418196,2.755443,5.275535,1.659953,1.000000,2.659953
787,97.294633,0.668958,5.269842,0.817899,4.000000,3.182101
788,97.171112,0.453520,5.263979,0.673439,3.000000,2.326561
789,97.051576,3.335497,5.259600,1.826334,3.000000,1.173666
790,96.928137,0.028648,5.253124,0.169257,2.000000,1.830743
791,96.832828,21.920160,5.252398,4.681897,7.000000,2.318103
792,96.751667,32.877518,5.253009,5.733892,7.000000,1.266108
793,96.629041,0.000095,5.246363,0.009721,3.000000,3.009721
794,96.508738,1.589884,5.241318,1.260906,4.000000,2.739094
795,96.403085,12.937315,5.239239,3.596848,4.000000,0.403152
796,96.291953,8.386224,5.236281,2.895898,3.000000,0.104102
797,96.174448,3.110287,5.231901,1.763601,1.000000,-0.763601
798,96.061037,6.126361,5.228429,2.475149,-1.000000,1.475149
799,95.943407,2.545483,5.223860,1.595457,4.000000,2.404543
800,95.823403,0.420105,5.218111,0.648155,-2.000000,-1.351845
801,95.719500,13.012778,5.216090,3.607323,-3.000000,0.607323
802,95.599705,0.122406,5.209992,0.349865,1.000000,1.349865
803,95.482288,1.783949,5.205143,1.335646,-2.000000,-0.664354
804,95.407172,35.389165,5.206073,5.948879,-6.000000,-0.051121
805,95.356098,54.497118,5.208790,7.382216,-6.000000,1.382216
806,95.237231,0.024564,5.202490,0.156728,-1.000000,-0.843272
807,95.122274,2.926762,5.198142,1.710778,1.000000,-0.710778
808,95.011017,5.671723,5.194639,2.381538,-1.000000,-3.381538
809,94.900144,5.758786,5.191167,2.399747,-2.000000,0.399747
810,94.802768,16.415094,5.189753,4.051555,0.000000,-4.051555
811,94.715579,24.440645,5.189448,4.943748,-4.000000,0.943748
812,94.653334,44.421753,5.191274,6.664965,-7.000000,-0.335035
813,94.545532,7.441418,5.188229,2.727896,-2.000000,-4.727896
814,94.435711,5.591091,5.184743,2.364549,-2.000000,0.364549
815,94.320912,1.333231,5.179774,1.154656,0.000000,1.154656
816,94.214261,7.720512,5.176817,2.778581,1.000000,3.778581
817,94.099912,1.248826,5.171824,1.117509,-1.000000,0.117509
818,93.990118,4.726955,5.168141,2.174156,1.000000,-1.174156
819,93.876501,1.392824,5.163248,1.180180,-1.000000,0.180180
820,93.767056,4.569101,5.159540,2.137546,4.000000,1.862454
821,93.666499,11.612214,5.157396,3.407670,5.000000,1.592330
822,93.695017,116.993831,5.164314,10.816369,13.000000,2.183631
823,93.717126,111.802476,5.170919,10.573669,14.000000,3.426331
824,93.604514,1.374934,5.166043,1.172576,7.000000,8.172576
825,93.537921,38.932258,5.167350,6.239572,1.000000,7.239572
826,93.457764,27.648423,5.167461,5.258177,7.000000,1.741823
827,93.366265,18.153910,5.166359,4.260741,-4.000000,0.260741
828,93.266642,11.277469,5.164165,3.358194,-4.000000,-0.641806
829,93.155516,1.587644,5.159432,1.260018,1.000000,-0.260018
830,93.044081,1.109942,5.154461,1.053538,-1.000000,0.053538
831,92.942923,9.386761,5.151933,3.063782,2.000000,-1.063782
832,92.833187,2.081053,5.147454,1.442586,3.000000,1.557414
833,92.723829,2.175912,5.143024,1.475097,-2.000000,-0.524903
834,92.615259,2.610816,5.138774,1.615802,-1.000000,0.615802
835,92.505578,1.470290,5.134049,1.212555,2.000000,3.212555
836,92.434520,33.384697,5.134823,5.777949,-5.000000,0.777949
837,92.328292,3.946910,5.131044,1.986683,-1.000000,0.986683
838,92.291039,61.258863,5.134276,7.826804,-8.000000,-0.173196
839,92.182992,2.072247,5.129851,1.439530,-3.000000,-1.560470
840,92.082630,8.280091,5.127157,2.877515,-3.000000,-0.122485
841,91.975286,2.235517,5.122818,1.495165,0.000000,-1.495165
842,91.875028,7.959284,5.120071,2.821220,0.000000,-2.821220
843,91.778252,10.680449,5.117864,3.268096,3.000000,-0.268096
844,91.669351,0.300920,5.112424,0.548562,0.000000,0.548562
845,91.561915,1.315695,5.107709,1.147038,2.000000,0.852962
846,91.493518,33.971607,5.108565,5.828517,5.000000,-0.828517
847,91.386706,1.451288,5.103934,1.204694,-6.000000,-4.795306
848,91.278745,0.267606,5.098500,0.517307,0.000000,-0.517307
849,91.222909,44.097130,5.100325,6.640567,-4.000000,2.640567
850,91.116931,1.565448,5.095775,1.251179,-3.000000,-4.251179
851,91.013841,3.799725,5.092060,1.949288,-1.000000,0.949288
852,90.908297,1.512874,5.087506,1.229989,0.000000,1.229989
853,90.811487,8.716617,5.084991,2.952392,-1.000000,1.952392
854,90.704940,0.246479,5.079593,0.496467,1.000000,0.503533
855,90.598582,0.194452,5.074142,0.440967,1.000000,0.559033
856,90.504835,10.725829,5.072030,3.275031,-2.000000,1.275031
857,90.398860,0.108404,5.066470,0.329247,2.000000,1.670753
858,90.311278,15.603420,5.065163,3.950116,6.000000,2.049884
859,90.375244,145.002131,5.073323,12.041683,13.000000,0.958317
860,90.382528,96.610954,5.078879,9.829087,14.000000,4.170913
861,90.300263,19.880790,5.078155,4.458788,6.000000,10.458788
862,90.264280,59.427308,5.081221,7.708911,1.000000,8.708911
863,90.173009,11.862425,5.079315,3.444187,-2.000000,1.444187
864,90.073044,4.202667,5.075793,2.050041,2.000000,-0.050041
865,89.973932,4.737971,5.072426,2.176688,2.000000,-0.176688
866,89.876213,5.739997,5.069321,2.395829,-1.000000,1.395829
867,89.868013,82.800020,5.073991,9.099452,-2.000000,7.099452
868,89.767763,3.251415,5.070205,1.803168,0.000000,1.803168
869,89.664087,0.088558,5.064688,0.297588,-1.000000,-1.297588
870,89.566155,4.854496,5.061383,2.203292,-2.000000,0.203292
871,89.471654,7.633872,5.058732,2.762946,3.000000,0.237054
872,89.371162,2.244727,5.054630,1.498241,-4.000000,-2.501759
873,89.269108,0.686706,5.049767,0.828677,0.000000,-0.828677
874,89.209119,37.078650,5.050962,6.089224,-4.000000,2.089224
875,89.107379,0.592791,5.046047,0.769929,-2.000000,-1.230071
876,89.035448,26.384363,5.046151,5.136571,2.000000,-3.136571
877,88.939839,5.568534,5.043074,2.359774,1.000000,-1.359774
878,88.839903,1.595352,5.038749,1.263073,1.000000,-0.263073
879,88.756971,16.274945,5.037601,4.034222,-5.000000,-0.965778
880,88.658530,2.522100,5.033663,1.588112,0.000000,1.588112
881,88.567295,8.645670,5.031276,2.940352,-5.000000,-2.059648
882,88.466421,0.000112,5.025558,0.010575,0.000000,-0.010575
883,88.376809,9.697326,5.023383,3.114053,-2.000000,1.114053
884,88.282093,5.026398,5.020222,2.241963,-1.000000,1.241963
885,88.181939,0.046928,5.014770,0.216628,1.000000,0.783372
886,88.085152,2.815759,5.010987,1.678022,0.000000,1.678022
887,87.996910,10.167189,5.008923,3.188603,0.000000,3.188603
888,87.901997,4.093646,5.005546,2.023276,-1.000000,1.023276
889,87.802678,0.005289,4.999972,0.072723,3.000000,2.927277
890,87.714737,9.886467,4.997877,3.144275,5.000000,1.855725
891,87.735027,105.711946,5.003834,10.281632,13.000000,2.718368
892,87.824358,167.060964,5.012755,12.925207,17.000000,4.074793
893,87.776685,45.443058,5.014699,6.741147,2.000000,8.741147
894,87.744029,58.712812,5.017674,7.662429,0.000000,7.662429
895,87.645694,0.127855,5.012444,0.357569,1.000000,0.642431
896,87.547637,0.178991,5.007299,0.423074,0.000000,0.423074
897,87.464871,13.637694,5.005827,3.692925,-4.000000,-0.307075
898,87.367197,0.144373,5.000652,0.379964,2.000000,1.620036
899,87.271225,1.471775,4.996421,1.213167,1.000000,2.213167
900,87.177324,3.135858,4.992821,1.770835,1.000000,-0.770835
901,87.083640,3.143312,4.989231,1.772939,3.000000,1.227061
902,87.025121,34.533433,4.990219,5.876515,-3.000000,2.876515
903,86.948768,18.383221,4.989437,4.287566,-4.000000,0.287566
904,86.867665,13.956863,4.988045,3.735889,3.000000,-0.735889
905,86.774457,2.886758,4.984394,1.699046,-1.000000,0.699046
906,86.679220,0.871099,4.979903,0.933327,-2.000000,-1.066673
907,86.596000,11.531289,4.978149,3.395775,-3.000000,0.395775
908,86.514948,13.324810,4.976680,3.650316,0.000000,-3.650316
909,86.438744,17.549986,4.975810,4.189270,-5.000000,-0.810730
910,86.375251,28.914386,4.976253,5.377210,-3.000000,2.377210
911,86.333700,48.688533,4.978460,6.977717,6.000000,-0.977717
912,86.295917,52.026580,4.980920,7.212945,-5.000000,2.212945
913,86.204948,3.605459,4.977530,1.898805,2.000000,0.101195
914,86.118419,7.463699,4.975062,2.731977,1.000000,-1.731977
915,86.031357,6.804341,4.972464,2.608513,2.000000,-0.608513
916,85.938103,0.983974,4.968100,0.991955,-4.000000,-3.008045
917,85.870115,23.865587,4.968009,4.885242,-4.000000,0.885242
918,85.782478,5.769004,4.965201,2.401875,-2.000000,0.401875
919,85.690166,1.317538,4.961029,1.147840,-3.000000,-1.852160
920,85.604866,7.554893,4.958614,2.748616,-1.000000,-3.748616
921,85.516524,4.595768,4.955545,2.143774,-1.000000,1.143774
922,85.431574,7.532325,4.953136,2.744508,-1.000000,1.744508
923,85.339144,0.488279,4.948507,0.698770,1.000000,1.698770
924,85.247551,1.074112,4.944254,1.036394,0.000000,1.036394
925,85.157143,1.981619,4.940414,1.407700,0.000000,1.407700
926,85.073496,8.033965,4.938130,2.834425,6.000000,3.165575
927,85.025509,40.781965,4.939699,6.386076,11.000000,4.613924
928,85.077420,132.990846,4.946834,11.532166,17.000000,5.467834
929,85.021614,33.457513,4.947739,5.784247,2.000000,7.784247
930,84.966443,33.933400,4.948687,5.825238,1.000000,6.825238
931,84.877067,2.114006,4.944917,1.453962,-1.000000,0.453962
932,84.785604,0.000248,4.939605,0.015759,-1.000000,-1.015759
933,84.695750,1.310747,4.935520,1.144879,0.000000,-1.144879
934,84.604695,0.015137,4.930346,0.123034,1.000000,0.876966
935,84.514096,0.256499,4.925594,0.506457,2.000000,2.506457
936,84.423421,0.005208,4.920386,0.072165,0.000000,-0.072165
937,84.334403,1.369506,4.916367,1.170259,-1.000000,0.170259
938,84.245301,1.113567,4.912233,1.055257,-1.000000,0.055257
939,84.158253,2.854983,4.908786,1.689670,0.000000,-1.689670
940,84.071746,3.187804,4.905450,1.785442,-1.000000,0.785442
941,83.982060,0.035499,4.900415,0.188412,1.000000,1.188412
942,83.947871,51.913497,4.902872,7.205102,-4.000000,3.205102
943,83.866840,7.858959,4.900636,2.803384,0.000000,-2.803384
944,83.780034,2.269429,4.897026,1.506463,-1.000000,-2.506463
945,83.780640,84.350223,4.901582,9.184238,8.000000,-1.184238
946,83.692065,0.342991,4.897000,0.585655,0.000000,-0.585655
947,83.603321,0.006730,4.891894,0.082039,-2.000000,-1.917961
948,83.525440,10.083768,4.890076,3.175495,0.000000,-3.175495
949,83.441263,3.978508,4.887012,1.994620,-1.000000,0.994620
950,83.358925,5.549356,4.884336,2.355707,-3.000000,-0.644293
951,83.294049,21.921323,4.884122,4.682021,-6.000000,-1.317979
952,83.206759,0.543273,4.879748,0.737071,-3.000000,-2.262929
953,83.237352,112.239160,4.885769,10.594298,-3.000000,7.594298
954,83.154019,4.071184,4.882750,2.017718,-1.000000,-3.017718
955,83.069186,2.477323,4.879271,1.573951,-4.000000,-2.426049
956,82.982383,0.433122,4.874837,0.658120,1.000000,0.341880
957,82.903242,7.560982,4.872607,2.749724,-3.000000,-0.250276
958,82.829299,12.361785,4.871185,3.515933,3.000000,-0.515933
959,82.752416,9.405624,4.869296,3.066859,-1.000000,2.066859
960,82.673740,7.538012,4.867074,2.745544,-1.000000,1.745544
961,82.592762,5.178557,4.864367,2.275644,-1.000000,1.275644
962,82.515116,8.207270,4.862279,2.864833,4.000000,1.135167
963,82.445834,16.073589,4.861390,4.009188,6.000000,1.990812
964,82.585043,216.086940,4.871638,14.699896,16.000000,1.300104
965,82.575828,73.729179,4.875504,8.586570,13.000000,4.413430
966,82.509353,18.627286,4.874922,4.315934,2.000000,6.315934
967,82.452598,27.854373,4.875340,5.277724,0.000000,5.277724
968,82.369121,1.980349,4.871743,1.407249,2.000000,0.592751
969,82.285006,1.197901,4.867829,1.094487,0.000000,1.094487
970,82.202851,2.923841,4.864560,1.709924,-1.000000,0.709924
971,82.117847,0.003893,4.859594,0.062392,2.000000,2.062392
972,82.052066,18.441229,4.859010,4.294325,0.000000,4.294325
973,81.967413,0.023191,4.854152,0.152286,0.000000,-0.152286
974,81.882967,0.055236,4.849390,0.235023,2.000000,1.764977
975,81.809642,10.684741,4.847762,3.268752,0.000000,3.268752
976,81.746003,19.952501,4.847371,4.466822,-3.000000,1.466822
977,81.677493,15.085939,4.846380,3.884062,-2.000000,1.884062
978,81.608414,14.393964,4.845300,3.793938,-3.000000,0.793938
979,81.542686,17.523944,4.844624,4.186161,-4.000000,0.186161
980,81.459249,0.108471,4.839998,0.329350,1.000000,0.670650
981,81.384800,8.722222,4.838067,2.953341,-2.000000,0.953341
982,81.303822,2.188483,4.834632,1.479352,0.000000,1.479352
983,81.221652,0.858713,4.830640,0.926668,1.000000,0.073332
984,81.140575,1.766983,4.827068,1.329279,-1.000000,0.329279
985,81.060033,2.128063,4.823634,1.458788,2.000000,0.541212
986,80.988389,10.705542,4.822054,3.271932,6.000000,2.728068
987,80.910546,4.468788,4.819299,2.113951,4.000000,1.886049
988,80.829084,0.752529,4.815283,0.867484,4.000000,4.867484
989,80.790334,42.660404,4.817025,6.531493,8.000000,1.468507
990,80.709586,1.172611,4.813238,1.082872,3.000000,4.082872
991,80.633244,5.359786,4.810707,2.315121,4.000000,1.684879
992,80.564821,13.031150,4.809492,3.609868,4.000000,0.390132
993,80.483836,0.471078,4.805323,0.686351,3.000000,2.313649
994,80.402724,0.183392,4.800901,0.428243,2.000000,1.571757
995,80.323115,1.510108,4.797297,1.228865,0.000000,1.228865
996,80.242199,0.053569,4.792694,0.231450,0.000000,0.231450
997,80.161878,0.484035,4.788568,0.695726,2.000000,2.695726
998,80.099563,18.221014,4.788045,4.268608,-2.000000,2.268608
999,80.020051,0.984561,4.784230,0.992250,0.000000,0.992250
1000,80.007678,67.696545,4.787688,8.227791,-6.000000,2.227791
1001,79.941037,13.566369,4.786580,3.683255,-4.000000,-0.316745
1002,79.862767,1.828263,4.783139,1.352133,-4.000000,-2.647867
1003,79.791836,9.002936,4.781354,3.000489,2.000000,-1.000489
1004,79.714708,2.663255,4.778205,1.631948,0.000000,1.631948
1005,79.648304,13.244403,4.777067,3.639286,1.000000,-2.639286
1006,79.580522,11.730478,4.775718,3.424979,2.000000,-1.424979
1007,79.510844,9.693431,4.774060,3.113427,2.000000,-1.113427
1008,79.432790,1.145433,4.770371,1.070249,-1.000000,-2.070249
1009,79.358211,4.479948,4.767731,2.116589,-1.000000,1.116589
1010,79.287341,8.063802,4.765814,2.839683,-1.000000,1.839683
1011,79.209635,1.036813,4.762093,1.018240,1.000000,2.018240
1012,79.140438,9.459108,4.760420,3.075566,-2.000000,1.075566
1013,79.075087,13.201361,4.759303,3.633368,-2.000000,1.633368
1014,79.002922,6.188697,4.757053,2.487709,4.000000,1.512291
1015,78.924779,0.000019,4.752353,0.004389,2.000000,2.004389
1016,78.852054,5.326907,4.749937,2.308009,4.000000,1.691991
1017,78.778868,4.715126,4.747392,2.171434,3.000000,0.828566
1018,78.703563,2.419921,4.744244,1.555609,3.000000,1.444391
1019,78.672341,47.012461,4.746325,6.856563,8.000000,1.143437
1020,78.594923,0.016234,4.741779,0.127414,5.000000,4.872586
1021,78.517648,0.006092,4.737193,0.078054,1.000000,1.078054
1022,78.447596,7.204931,4.735177,2.684200,5.000000,2.315800
1023,78.374418,3.878788,4.732462,1.969464,4.000000,2.030536
1024,78.297621,0.042019,4.728024,0.204985,2.000000,1.795015
1025,78.224275,3.411153,4.725202,1.846931,3.000000,1.153069
1026,78.151019,3.356173,4.722371,1.831986,0.000000,1.831986
1027,78.074666,0.042504,4.717956,0.206166,0.000000,-0.206166
1028,77.998829,0.416924,4.713979,0.645696,2.000000,2.645696
1029,77.923055,0.330294,4.709941,0.574712,0.000000,-0.574712
1030,77.849168,2.115880,4.706768,1.454606,-3.000000,-1.545394
1031,77.793430,20.606051,4.706605,4.539389,0.000000,4.539389
1032,77.720332,2.648771,4.703610,1.627504,1.000000,-0.627504
1033,77.941787,305.597422,4.716028,17.481345,-15.000000,2.481345
1034,77.879242,13.520674,4.715019,3.677047,0.000000,-3.677047
1035,181.880213,107302.879613,5.028168,327.571183,326.000000,-1.571183
1036,217.665008,37111.789233,5.209966,192.644204,-266.000000,-73.355796
1037,230.377439,13349.605669,5.316772,115.540494,0.000000,115.540494
1038,230.164044,9.727166,5.314646,3.118841,2.000000,5.118841
1039,243.881745,14427.984466,5.425566,120.116545,-1.000000,-121.116545
1040,244.436664,818.778017,5.447949,28.614297,3.000000,31.614297
1041,270.896241,27683.017817,5.603141,166.382144,0.000000,166.382144
1042,295.858206,26181.416405,5.753626,161.806725,-1.000000,160.806725
1043,315.385034,20584.232180,5.886175,143.472061,-1.000000,142.472061
1044,315.097697,16.554910,5.884428,4.068773,-1.000000,3.068773
1045,314.796199,1.238018,5.879844,1.112663,-3.000000,-1.887337
1046,314.669322,182.590322,5.887169,13.512599,4.000000,-9.512599
1047,314.375454,8.164543,5.884264,2.857366,2.000000,-0.857366
1048,314.083526,9.603060,5.881596,3.098880,-1.000000,2.098880
1049,313.812813,31.188792,5.881312,5.584693,-6.000000,-0.415307
1050,313.618613,110.679019,5.885747,10.520410,-1.000000,9.520410
1051,313.360778,43.666116,5.886437,6.608034,14.000000,7.391966
1052,313.069930,8.552033,5.883611,2.924386,0.000000,2.924386
1053,312.771595,0.115603,5.878326,0.340005,4.000000,4.340005
1054,312.499177,26.733419,5.877652,5.170437,2.000000,7.170437
1055,312.216547,15.454519,5.875800,3.931224,0.000000,3.931224
1056,311.945807,27.398602,5.875190,5.234367,-3.000000,2.234367
1057,311.650095,0.561003,5.870322,0.749001,3.000000,3.749001
1058,311.387463,34.835598,5.870352,5.902169,-1.000000,-6.902169
1059,311.158160,69.473177,5.872688,8.335057,0.000000,-8.335057
1060,310.867765,4.500419,5.869136,2.121419,-2.000000,-4.121419
1061,311.423657,898.446520,5.891941,29.974097,17.000000,-12.974097
1062,311.143036,14.526592,5.889974,3.811377,0.000000,3.811377
1063,310.874093,26.332405,5.889258,5.131511,-2.000000,3.131511
1064,310.642433,65.314341,5.891327,8.081729,-1.000000,7.081729
1065,310.354050,4.667857,5.887810,2.160522,-2.000000,0.160522
1066,310.074849,13.842073,5.885770,3.720494,0.000000,3.720494
1067,309.802911,21.005665,5.884544,4.583194,-5.000000,-0.416806
1068,309.534279,23.978399,5.883616,4.896774,-2.000000,-6.896774
1069,309.284987,44.037788,5.884322,6.636097,-4.000000,-10.636097
1070,309.048061,56.721565,5.885867,7.531372,-2.000000,-9.531372
1071,308.920710,173.164949,5.892684,13.159215,1.000000,-12.159215
1072,308.811587,192.377425,5.900153,13.870019,0.000000,13.870019
1073,308.575656,56.601301,5.901672,7.523384,3.000000,10.523384
1074,308.302921,16.749028,5.899981,4.092558,-2.000000,2.092558
1075,308.042902,29.822904,5.899571,5.461035,-3.000000,2.461035
1076,307.779647,25.833459,5.898809,5.082663,-1.000000,4.082663
1077,307.521785,31.093445,5.898509,5.576150,-1.000000,4.576150
1078,307.238537,3.313136,5.894711,1.820202,-2.000000,-0.179798
1079,306.976209,25.236167,5.893901,5.023561,-1.000000,-6.023561
1080,306.704509,14.627474,5.891978,3.824588,-1.000000,2.824588
1081,306.512399,99.801319,5.895783,9.990061,9.000000,-0.990061
1082,306.239429,12.251345,5.893561,3.500192,-3.000000,0.500192
1083,305.956509,0.968154,5.889010,0.983948,1.000000,1.983948
1084,305.679180,6.442152,5.885908,2.538139,0.000000,2.538139
1085,305.408490,13.063060,5.883806,3.614285,-3.000000,-6.614285
1086,305.149122,24.771953,5.882968,4.977143,-3.000000,-7.977143
1087,304.895262,30.219103,5.882612,5.497191,2.000000,7.497191
1088,304.633675,21.334417,5.881446,4.618920,-2.000000,2.618920
1089,304.353196,0.314111,5.876542,0.560456,3.000000,2.439544
1090,304.078472,6.003491,5.873387,2.450202,3.000000,5.450202
1091,303.799152,0.456949,5.868606,0.675980,3.000000,3.675980
1092,303.569283,53.701437,5.869947,7.328126,-2.000000,-9.328126
1093,303.367136,83.431178,5.872945,9.134067,-3.000000,-12.134067
1094,303.091318,2.725631,5.869071,1.650949,0.000000,1.650949
1095,302.814109,0.656764,5.864435,0.810410,-1.000000,-0.189590
1096,302.538015,1.319704,5.860116,1.148784,1.000000,2.148784
1097,302.267955,7.362394,5.857237,2.713373,0.000000,2.713373
1098,302.008884,18.844213,5.855851,4.340992,-2.000000,2.340992
1099,301.750340,18.902926,5.854474,4.347750,0.000000,-4.347750
1100,301.475073,0.058185,5.849352,0.241215,-4.000000,-3.758785
1101,301.219553,21.169065,5.848214,4.600985,5.000000,0.399015
1102,300.998173,58.144901,5.849833,7.625280,6.000000,-1.625280
1103,300.724290,0.000297,5.844526,0.017241,1.000000,0.982759
1104,300.475032,26.540799,5.843896,5.151776,-1.000000,4.151776
1105,300.209226,7.821870,5.841128,2.796761,-1.000000,1.796761
1106,299.985132,53.258240,5.842450,7.297824,-2.000000,-9.297824
1107,299.726794,15.037887,5.840669,3.877871,-2.000000,1.877871
1108,299.523550,75.346158,5.843241,8.680216,3.000000,-5.680216
1109,299.258460,6.598229,5.840278,2.568702,-3.000000,-5.568702
1110,298.990028,2.373386,5.836390,1.540580,0.000000,-1.540580
1111,298.806794,96.149850,5.839976,9.805603,-2.000000,7.805603
1112,298.580222,47.764448,5.840942,6.911183,2.000000,8.911183
1113,298.342742,35.215612,5.841027,5.934274,0.000000,5.934274
1114,298.099439,28.276559,5.840555,5.317571,0.000000,-5.317571
1115,297.834409,3.650887,5.837018,1.910729,3.000000,1.089271
1116,297.567547,1.083678,5.832705,1.040998,-2.000000,-0.959002
1117,297.311082,12.121854,5.830593,3.481645,1.000000,-2.481645
1118,297.049621,6.043923,5.827565,2.458439,-1.000000,-3.458439
1119,297.554067,859.507130,5.848633,29.317352,-1.000000,-30.317352
1120,297.547254,289.949803,5.858650,17.027912,4.000000,-13.027912
1121,297.299474,20.777286,5.857486,4.558211,2.000000,-2.558211
1122,297.039278,6.400226,5.854509,2.529867,2.000000,4.529867
1123,296.830036,62.897411,5.856365,7.930789,-2.000000,-9.930789
1124,296.575421,11.661803,5.854185,3.414938,-1.000000,-4.414938
1125,296.321476,11.903313,5.852040,3.450118,-6.000000,-2.549882
1126,296.057457,0.091952,5.847095,0.303236,-3.000000,-2.696764
1127,295.839590,51.392488,5.848272,7.168855,-2.000000,5.168855
1128,295.600198,26.762968,5.847671,5.173294,1.000000,6.173294
1129,295.348143,12.038960,5.845558,3.469720,0.000000,3.469720
1130,295.123363,42.244797,5.846138,6.499600,-1.000000,5.499600
1131,294.862123,0.706720,5.841697,0.840666,0.000000,0.840666
1132,294.624662,27.006340,5.841125,5.196762,2.000000,7.196762
1133,294.374973,12.725181,5.839111,3.567237,-4.000000,-0.432763
1134,294.114838,0.422009,5.834519,0.649622,2.000000,1.350378
1135,293.890932,40.877278,5.835013,6.393534,-2.000000,4.393534
1136,293.632090,0.881747,5.830688,0.939014,2.000000,2.939014
1137,293.386717,15.625361,5.829030,3.952893,-3.000000,0.952893
1138,293.152257,27.508599,5.828515,5.244864,-5.000000,0.244864
1139,292.913673,22.358937,5.827546,4.728524,-1.000000,-5.728524
1140,292.699602,49.728923,5.828624,7.051874,-1.000000,-8.051874
1141,292.456889,16.734972,5.827096,4.090840,5.000000,0.909160
1142,292.200936,1.182407,5.822931,1.087386,-3.000000,-4.087386
1143,291.947712,3.779109,5.819525,1.943993,-3.000000,-1.056007
1144,291.691969,0.400663,5.814975,0.632979,-4.000000,-4.632979
1145,291.453526,19.629211,5.813762,4.430487,-5.000000,-9.430487
1146,291.203273,5.664054,5.810755,2.379927,-2.000000,-4.379927
1147,290.983318,39.794532,5.811190,6.308291,-1.000000,-7.308291
1148,290.730644,1.924408,5.807323,1.387230,1.000000,2.387230
1149,290.478006,1.460281,5.803307,1.208421,1.000000,2.208421
1150,290.279159,62.599466,5.805147,7.911982,-1.000000,6.911982
1151,290.028690,2.991385,5.801594,1.729562,3.000000,4.729562
1152,289.817640,47.742856,5.802559,6.909621,7.000000,0.090379
1153,289.565996,0.678485,5.798226,0.823702,0.000000,0.823702
1154,289.315371,1.347136,5.794193,1.160662,1.000000,-0.160662
1155,289.099017,40.291959,5.794674,6.347595,-4.000000,2.347595
1156,288.867433,22.314050,5.793744,4.723775,-1.000000,-5.723775
1157,288.639233,25.753810,5.793121,5.074821,0.000000,5.074821
1158,288.396926,9.016911,5.790703,3.002817,0.000000,3.002817
1159,288.166304,22.027570,5.789753,4.693354,-5.000000,-0.306646
1160,287.975072,67.102888,5.791830,8.191635,3.000000,-5.191635
1161,287.729671,4.045672,5.788563,2.011386,3.000000,0.988614
1162,287.504879,27.421236,5.788086,5.236529,-1.000000,-6.236529
1163,287.257144,0.379136,5.783623,0.615741,-4.000000,-3.384259
1164,287.027629,21.020592,5.782590,4.584822,-1.000000,-5.584822
1165,286.790943,12.234356,5.780622,3.497764,0.000000,3.497764
1166,286.546300,2.515824,5.777012,1.586135,0.000000,1.586135
1167,286.313803,16.152752,5.775501,4.019049,2.000000,-2.019049
1168,286.068464,0.739086,5.771277,0.859701,-3.000000,-3.859701
1169,285.825113,2.565062,5.767698,1.601581,-3.000000,-1.398419
1170,285.600925,24.421138,5.766990,4.941775,0.000000,-4.941775
1171,285.362413,7.257540,5.764357,2.693982,0.000000,-2.693982
1172,285.142819,28.876447,5.764022,5.373681,-2.000000,3.373681
1173,284.905004,7.137957,5.761377,2.671696,-1.000000,1.671696
1174,284.662078,0.681538,5.757158,0.825553,3.000000,2.174447
1175,284.432369,15.672037,5.755623,3.958792,-1.000000,2.958792
1176,284.229912,47.153087,5.756571,6.866811,3.000000,-3.866811
1177,283.997458,11.561838,5.754562,3.400270,5.000000,1.599730
1178,283.832463,90.293348,5.757754,9.502281,7.000000,-2.502281
1179,283.606287,18.075556,5.756472,4.251536,1.000000,-3.251536
1180,283.365807,0.801735,5.752339,0.895396,1.000000,0.104604
1181,283.127517,2.898484,5.748898,1.702493,-4.000000,-5.702493
1182,282.888520,1.588473,5.745088,1.260346,-1.000000,-2.260346
1183,282.652960,5.163766,5.742142,2.272392,-1.000000,1.272392
1184,282.413895,0.556422,5.737908,0.745937,4.000000,3.254063
1185,282.520560,408.385001,5.750161,20.208538,2.000000,-18.208538
1186,282.284896,3.964965,5.746981,1.991222,-1.000000,-2.991222
1187,282.046541,0.311465,5.742595,0.558091,-1.000000,-1.558091
1188,281.809059,0.867872,5.738531,0.931596,-2.000000,-2.931596
1189,281.571899,0.774407,5.734431,0.880004,-5.000000,-4.119996
1190,281.335581,1.298392,5.730557,1.139470,0.000000,1.139470
1191,281.103133,5.420191,5.727690,2.328130,3.000000,0.671870
1192,280.871182,5.545746,5.724851,2.354941,1.000000,3.354941
1193,280.638152,3.797882,5.721676,1.948816,3.000000,1.051184
1194,280.404212,2.250324,5.718128,1.500108,-2.000000,-3.500108
1195,280.217472,57.995894,5.719721,7.615504,2.000000,-5.615504
1196,280.198599,257.721649,5.728391,16.053711,11.000000,-5.053711
1197,279.973677,11.866190,5.726476,3.444734,-17.000000,-13.555266
1198,279.739550,0.426229,5.722227,0.652862,-2.000000,-1.347138
1199,279.630195,149.059739,5.727655,12.209002,1.000000,-11.209002
1200,279.418744,26.735397,5.727190,5.170628,2.000000,-3.170628
1201,279.194293,10.750484,5.725144,3.278793,1.000000,4.278793
1202,278.985722,29.327100,5.724886,5.415450,-1.000000,4.415450
1203,278.770606,21.061464,5.723939,4.589277,0.000000,4.589277
1204,278.539229,1.117318,5.720050,1.057033,1.000000,2.057033
1205,278.327380,24.109396,5.719375,4.910132,0.000000,4.910132
1206,278.101301,6.580119,5.716751,2.565174,0.000000,2.565174
1207,277.880037,11.921274,5.714869,3.452720,0.000000,3.452720
1208,277.659948,12.892324,5.713105,3.590588,-1.000000,-4.590588
1209,277.430457,1.123426,5.709243,1.059918,-1.000000,0.059918
1210,277.200434,0.022973,5.704635,0.151568,-3.000000,-2.848432
1211,277.023406,63.527578,5.706512,7.970419,-9.000000,-1.029581
1212,276.798488,5.322544,5.703698,2.307064,0.000000,-2.307064
1213,276.587794,22.069191,5.702866,4.697786,1.000000,-3.697786
1214,276.364846,6.820440,5.700311,2.611597,0.000000,2.611597
1215,276.166980,36.749533,5.700610,6.062139,-2.000000,4.062139
1216,275.959757,25.012912,5.700033,5.001291,5.000000,-0.001291
1217,275.795138,76.277029,5.702534,8.733672,-5.000000,3.733672
1218,275.572250,5.208703,5.699716,2.282258,2.000000,-0.282258
1219,275.346754,1.594499,5.696065,1.262735,2.000000,3.262735
1220,275.128655,10.137986,5.693999,3.184020,-2.000000,1.184020
1221,274.916960,17.496175,5.692757,4.182843,5.000000,0.817157
1222,274.692865,1.969463,5.689235,1.403376,-2.000000,-0.596624
1223,274.492830,30.849517,5.689125,5.554234,0.000000,-5.554234
1224,274.267837,0.001504,5.684493,0.038785,-2.000000,-1.961215
1225,274.127127,102.460819,5.688128,10.122293,9.000000,-1.122293
1226,273.916991,17.341626,5.686881,4.164328,-2.000000,2.164328
1227,273.731789,47.414728,5.687861,6.885835,-4.000000,2.885835
1228,277.651005,5070.852316,5.741392,71.209917,-73.000000,-1.790083
1229,277.719341,361.362500,5.752223,19.009537,5.000000,24.009537
1230,277.493401,0.717258,5.748222,0.846911,5.000000,4.153089
1231,277.267246,0.001351,5.743568,0.036760,2.000000,1.963240
1232,277.047863,7.864599,5.741174,2.804389,7.000000,4.195611
1233,276.822438,0.000486,5.736521,0.022057,-2.000000,-2.022057
1234,276.600034,3.265427,5.733326,1.807049,-2.000000,-0.192951
1235,276.375429,0.111198,5.728939,0.333464,0.000000,0.333464
1236,276.152561,1.801634,5.725379,1.342250,1.000000,2.342250
1237,275.973237,55.046652,5.726753,7.419343,5.000000,-2.419343
1238,275.754301,5.805840,5.724064,2.409531,2.000000,-0.409531
1239,275.531036,0.021906,5.719549,0.148007,-1.000000,-1.148007
1240,275.331676,29.122652,5.719288,5.396541,2.000000,-3.396541
1241,275.111386,2.832710,5.716025,1.683066,-1.000000,0.683066
1242,274.889179,0.019188,5.711520,0.138523,-1.000000,-1.138523
1243,274.673618,7.808889,5.709165,2.794439,1.000000,-1.794439
1244,274.454943,3.516260,5.706074,1.875169,-3.000000,-4.875169
1245,274.240924,8.858389,5.703874,2.976305,-1.000000,-3.976305
1246,274.021555,1.783470,5.700357,1.335466,-2.000000,-0.664534
1247,273.820671,24.323076,5.699738,4.931843,1.000000,-3.931843
1248,273.601173,0.764794,5.695860,0.874525,0.000000,-0.874525
1249,273.392614,13.945625,5.694284,3.734384,2.000000,-1.734384
1250,273.173251,0.067021,5.689922,0.258885,2.000000,1.741115
1251,272.954210,0.029043,5.685496,0.170421,-2.000000,-1.829579
1252,272.779642,55.093119,5.686887,7.422474,4.000000,-3.422474
1253,272.828915,334.321388,5.696974,18.284458,14.000000,-4.284458
1254,273.317922,884.088323,5.716203,29.733623,8.000000,-21.733623
1255,273.213020,142.085220,5.721162,11.919951,7.000000,-4.919951
1256,273.002618,9.789670,5.719091,3.128845,-1.000000,2.128845
1257,272.785776,1.299850,5.715437,1.140110,2.000000,3.140110
1258,272.568346,0.128179,5.711165,0.358020,2.000000,1.641980
1259,272.459685,136.198687,5.715913,11.670419,5.000000,-6.670419
1260,272.243055,0.371972,5.711848,0.609895,-1.000000,-1.609895
1261,272.046268,24.882062,5.711272,4.988192,0.000000,4.988192
1262,271.833027,3.788590,5.708279,1.946430,3.000000,1.053570
1263,271.655879,48.804865,5.709294,6.986048,-4.000000,2.986048
1264,271.457716,21.970030,5.708483,4.687220,-4.000000,0.687220
1265,271.268084,32.331859,5.708465,5.686111,-4.000000,1.686111
1266,271.053742,0.768771,5.704637,0.876796,-1.000000,-1.876796
1267,270.849650,13.284977,5.703006,3.644856,-4.000000,-0.355144
1268,270.635393,0.029121,5.698629,0.170650,-3.000000,-3.170650
1269,270.421910,0.578687,5.694726,0.760715,-2.000000,-2.760715
1270,270.211432,3.957262,5.691799,1.989287,-1.000000,-2.989287
1271,269.999419,1.590949,5.688302,1.261328,4.000000,2.738672
1272,269.817304,39.078076,5.688746,6.251246,3.000000,-3.251246
1273,269.604694,0.014586,5.684358,0.120774,0.000000,0.120774
1274,269.409026,21.106879,5.683500,4.594222,2.000000,-2.594222
1275,269.264380,85.563229,5.686306,9.250039,-1.000000,8.250039
1276,269.081289,36.373285,5.686577,6.031027,-3.000000,3.031027
1277,268.884092,18.049242,5.685447,4.248440,-1.000000,3.248440
1278,268.683623,13.486341,5.683867,3.672375,-5.000000,-1.327625
1279,268.472974,0.106413,5.679665,0.326210,-1.000000,-1.326210
1280,268.264178,2.049346,5.676336,1.431554,-2.000000,-3.431554
1281,268.065695,14.801765,5.674903,3.847306,-3.000000,0.847306
1282,267.856488,0.698887,5.671117,0.835995,-2.000000,-1.164005
1283,267.654518,9.536816,5.669098,3.088174,-2.000000,1.088174
1284,267.451811,8.189645,5.666904,2.861756,-2.000000,0.861756
1285,267.244879,2.372111,5.663683,1.540166,0.000000,1.540166
1286,267.054834,23.606533,5.663055,4.858655,0.000000,4.858655
1287,266.855091,10.784753,5.661201,3.284015,-1.000000,2.284015
1288,266.673205,33.312805,5.661287,5.771725,-1.000000,4.771725
1289,266.465967,0.372766,5.657356,0.610546,1.000000,1.610546
1290,266.281436,29.158734,5.657156,5.399883,-1.000000,4.399883
1291,266.074796,0.335932,5.653211,0.579596,2.000000,1.420404
1292,265.872811,5.918814,5.650710,2.432861,0.000000,2.432861
1293,265.666709,0.207055,5.646680,0.455032,2.000000,1.544968
1294,265.576690,149.541997,5.651782,12.228737,14.000000,1.771263
1295,266.615574,1606.776628,5.678453,40.084618,14.000000,-26.084618
1296,266.425675,21.265874,5.677628,4.611494,-2.000000,2.611494
1297,266.220096,0.611516,5.673841,0.781995,1.000000,0.218005
1298,266.036563,28.729217,5.673599,5.359964,1.000000,-4.359964
1299,265.836185,6.546395,5.671193,2.558592,2.000000,-0.558592
1300,265.697835,86.534882,5.673995,9.302413,-2.000000,7.302413
1301,265.494080,1.426984,5.670542,1.194564,0.000000,1.194564
1302,265.303290,17.848860,5.669428,4.224791,1.000000,5.224791
1303,265.107455,10.914418,5.667607,3.303698,0.000000,3.303698
1304,264.939979,47.387974,5.668542,6.883892,-4.000000,2.883892
1305,264.738505,2.821769,5.665476,1.679812,-2.000000,-0.320188
1306,264.539060,5.061792,5.662853,2.249843,1.000000,-1.249843
1307,264.336090,0.068458,5.658708,0.261644,-1.000000,-0.738356
1308,264.140991,9.927634,5.656784,3.150815,2.000000,-1.150815
1309,263.940858,2.967750,5.653770,1.722716,1.000000,-0.722716
1310,263.738789,0.038654,5.649591,0.196607,-1.000000,-0.803393
1311,263.612993,99.322613,5.652894,9.966073,-7.000000,2.966073
1312,263.471354,78.349712,5.655339,8.851537,-2.000000,6.851537
1313,263.270322,0.320935,5.651452,0.566511,-1.000000,-0.433489
1314,263.070048,0.910704,5.647866,0.954308,-1.000000,-0.045692
1315,262.885637,21.306860,5.647079,4.615935,-3.000000,1.615935
1316,262.686031,1.002606,5.643538,1.001302,-1.000000,0.001302
1317,262.501501,20.398820,5.642680,4.516505,-1.000000,3.516505
1318,262.314437,16.698770,5.641495,4.086413,-1.000000,3.086413
1319,262.123378,11.072092,5.639736,3.327475,2.000000,5.327475
1320,261.925340,1.505828,5.636383,1.227122,-1.000000,0.227122
1321,261.740869,18.977013,5.635411,4.356261,-3.000000,1.356261
1322,261.542811,0.700638,5.631770,0.837041,1.000000,0.162959
1323,261.394158,65.469241,5.633635,8.091307,-5.000000,3.091307
1324,261.198046,2.526651,5.630571,1.589544,-1.000000,0.589544
1325,261.100152,131.879785,5.635002,11.483892,12.000000,0.516108
1326,261.475763,757.658231,5.651561,27.525592,17.000000,-10.525592
1327,261.278622,0.657844,5.647902,0.811076,-2.000000,-1.188924
1328,261.081375,0.122883,5.643901,0.350547,0.000000,-0.350547
1329,260.889166,6.405257,5.641551,2.530861,2.000000,-0.530861
1330,260.835700,189.992438,5.647692,13.783774,3.000000,-10.783774
1331,260.641335,2.914090,5.644722,1.707071,-2.000000,-0.292929
1332,260.445076,0.008970,5.640543,0.094709,1.000000,1.094709
1333,260.251907,3.723891,5.637751,1.929739,2.000000,0.070261
1334,260.058547,3.082804,5.634832,1.755792,-5.000000,-3.244208
1335,259.863640,0.638014,5.631199,0.798758,-4.000000,-3.201242
1336,259.669523,1.298608,5.627827,1.139565,1.000000,-0.139565
1337,259.474722,0.000853,5.623626,0.029211,-2.000000,-2.029211
1338,259.281382,1.558869,5.620347,1.248547,0.000000,-1.248547
1339,259.098154,14.671697,5.619006,3.830365,3.000000,-0.830365
1340,258.904679,0.615764,5.615388,0.784706,-2.000000,-1.215294
1341,258.725648,19.540704,5.614494,4.420487,-5.000000,-0.579513
1342,258.532323,0.055827,5.610474,0.236278,-4.000000,-3.763722
1343,258.339247,0.003849,5.606331,0.062038,-3.000000,-2.937962
1344,258.164938,24.765805,5.605861,4.976525,-1.000000,-5.976525
1345,257.973299,1.176705,5.602489,1.084760,-3.000000,-4.084760
1346,257.782222,1.548077,5.599241,1.244217,-4.000000,-2.755783
1347,257.592681,3.228796,5.596410,1.796885,-3.000000,-1.203115
1348,257.401397,0.505966,5.592775,0.711313,-3.000000,-2.288687
1349,257.210149,0.173023,5.588927,0.415960,0.000000,-0.415960
1350,257.019329,0.366388,5.585224,0.605300,-3.000000,-3.605300
1351,256.829604,1.459666,5.581975,1.208167,0.000000,1.208167
1352,256.640280,1.622040,5.578778,1.273593,-1.000000,0.273593
1353,256.457196,9.659448,5.576947,3.107965,0.000000,3.107965
1354,256.272157,6.654411,5.574727,2.579615,-1.000000,1.579615
1355,256.083713,1.683733,5.571561,1.297587,2.000000,3.297587
1356,255.896741,3.298887,5.568783,1.816284,0.000000,1.816284
1357,255.707880,0.367366,5.565115,0.606108,2.000000,1.393892
1358,255.521160,2.888876,5.562260,1.699669,2.000000,3.699669
1359,255.442175,148.496305,5.567149,12.185906,12.000000,-0.185906
1360,256.293253,1409.504658,5.590730,37.543370,18.000000,-19.543370
1361,256.105745,1.844161,5.587611,1.357999,1.000000,2.357999
1362,255.923428,8.519300,5.585645,2.918784,-3.000000,-0.081216
1363,255.736771,2.256491,5.582641,1.502162,-3.000000,-4.502162
1364,255.574672,35.282920,5.582903,5.939943,2.000000,-3.939943
1365,255.416279,40.000867,5.583448,6.324624,4.000000,-2.324624
1366,255.228887,0.188215,5.579667,0.433838,0.000000,0.433838
1367,255.053024,15.527679,5.578465,3.940518,-1.000000,2.940518
1368,254.871933,8.045004,5.576455,2.836372,-3.000000,-0.163628
1369,254.687063,2.525023,5.573533,1.589032,-2.000000,-0.410968
1370,254.502493,2.564265,5.570625,1.601332,-4.000000,-2.398668
1371,254.351865,48.593954,5.571650,6.970936,-9.000000,-2.029064
1372,254.165939,0.005400,5.567631,0.073482,-3.000000,-2.926518
1373,253.981056,1.061173,5.564316,1.030132,-4.000000,-5.030132
1374,253.831681,49.336941,5.565382,7.024026,6.000000,-1.024026
1375,254.978359,1825.927424,5.592490,42.730872,39.000000,-3.730872
1376,254.792657,0.194341,5.588735,0.440842,-3.000000,-2.559158
1377,254.609476,3.285945,5.585985,1.812718,-1.000000,0.812718
1378,254.437787,18.707924,5.585067,4.325266,-3.000000,1.325266
1379,254.253913,1.611327,5.581929,1.269380,-3.000000,-4.269380
1380,254.069136,0.001403,5.577899,0.037459,0.000000,-0.037459
1381,253.911987,37.675087,5.578306,6.138004,-4.000000,2.138004
1382,253.750724,31.691200,5.578343,5.629494,-4.000000,1.629494
1383,253.574521,10.766497,5.576677,3.281234,-1.000000,2.281234
1384,253.392371,2.207990,5.573713,1.485931,1.000000,2.485931
1385,253.219881,15.183228,5.572499,3.896566,0.000000,3.896566
1386,253.041730,7.015943,5.570383,2.648763,2.000000,-0.648763
1387,252.879578,28.785352,5.570235,5.365198,0.000000,5.365198
1388,252.775252,108.491630,5.573736,10.415932,13.000000,2.584068
1389,254.075745,2053.958891,5.602434,45.320623,21.000000,-24.320623
1390,253.892754,0.450186,5.598876,0.670959,1.000000,1.670959
1391,253.710507,1.116427,5.595601,1.056611,1.000000,2.056611
1392,253.528760,1.444480,5.592436,1.201865,2.000000,0.798135
1393,253.351688,7.576080,5.590391,2.752468,-3.000000,-0.247532
1394,253.180674,15.642870,5.589215,3.955107,-2.000000,1.955107
1395,253.003270,6.411660,5.587017,2.532126,0.000000,2.532126
1396,252.822232,0.997565,5.583721,0.998782,-1.000000,-1.998782
1397,252.641036,0.416759,5.580176,0.645568,-2.000000,-1.354432
1398,252.470339,14.688708,5.578922,3.832585,0.000000,-3.832585
1399,252.295372,8.391616,5.576999,2.896829,-3.000000,-0.103171
1400,252.118903,5.944614,5.574751,2.438158,0.000000,2.438158
1401,251.995886,80.264468,5.577173,8.959044,-5.000000,3.959044
1402,251.817882,3.146538,5.574453,1.773848,0.000000,1.773848
1403,251.662710,34.731487,5.574681,5.893343,-4.000000,1.893343
1404,251.494733,16.495835,5.573600,4.061506,-3.000000,1.061506
1405,251.322375,10.021031,5.571881,3.165601,3.000000,-0.165601
1406,251.144972,2.603765,5.569058,1.613618,1.000000,-0.613618
1407,250.978890,18.131751,5.568124,4.258139,7.000000,2.741861
1408,250.854012,75.649401,5.570353,8.697666,-7.000000,1.697666
1409,250.691577,22.632654,5.569774,4.757379,3.000000,-1.757379
1410,250.515766,3.502085,5.567144,1.871386,0.000000,-1.871386
1411,250.338258,0.761578,5.563807,0.872684,-2.000000,-1.127316
1412,250.163133,3.762157,5.561233,1.939628,-1.000000,0.939628
1413,249.999919,20.194224,5.560475,4.493798,-4.000000,0.493798
1414,249.838630,22.582934,5.559902,4.752150,-4.000000,0.752150
1415,249.677685,22.744857,5.559342,4.769157,-3.000000,1.769157
1416,249.500895,0.051435,5.555565,0.226792,1.000000,1.226792
1417,249.324948,0.886660,5.552300,0.941626,1.000000,1.941626
1418,249.154063,7.694551,5.550335,2.773905,0.000000,2.773905
1419,249.003822,36.562990,5.550686,6.046734,-2.000000,4.046734
1420,248.829421,2.050919,5.547777,1.432103,2.000000,0.567897
1421,248.662281,11.992687,5.546306,3.463046,2.000000,5.463046
1422,248.507072,28.575721,5.546164,5.345626,-3.000000,2.345626
1423,248.377648,64.854724,5.547931,8.053243,8.000000,-0.053243
1424,248.212490,13.853482,5.546645,3.722027,3.000000,-0.722027
1425,248.066817,41.210561,5.547260,6.419545,6.000000,-0.419545
1426,247.946895,77.537272,5.549551,8.805525,7.000000,-1.805525
1427,247.793088,29.080044,5.549441,5.392592,2.000000,7.392592
1428,247.638736,27.995338,5.549259,5.291062,-5.000000,0.291062
1429,247.467320,3.371192,5.546653,1.836081,-3.000000,-1.163919
1430,247.441382,210.480371,5.552938,14.507942,-2.000000,12.507942
1431,247.377599,156.422974,5.557811,12.506917,-1.000000,11.506917
1432,247.210109,8.201253,5.555924,2.863783,-4.000000,-1.136217
1433,247.049365,17.507809,5.554964,4.184233,4.000000,-0.184233
1434,246.876902,0.426655,5.551537,0.653189,-3.000000,-2.346811
1435,246.711407,10.054093,5.549873,3.170819,4.000000,0.829181
1436,246.539372,0.357423,5.546415,0.597848,-1.000000,-0.402152
1437,246.379711,17.744122,5.545484,4.212377,-2.000000,2.212377
1438,246.219479,16.607261,5.544458,4.075201,2.000000,-2.075201
1439,246.055305,10.630057,5.542867,3.260377,-3.000000,0.260377
1440,245.884447,0.703645,5.539591,0.838835,-3.000000,-2.161165
1441,245.714804,2.107140,5.536746,1.451599,-2.000000,-0.548401
1442,245.543938,0.009290,5.532963,0.096386,-3.000000,-2.903614
1443,245.386099,18.414059,5.532100,4.291161,1.000000,-3.291161
1444,245.215775,0.118864,5.528498,0.344767,-1.000000,-1.344767
1445,245.046434,1.195783,5.525420,1.093519,-1.000000,0.093519
1446,244.891476,21.597542,5.524811,4.647316,-5.000000,-0.352684
1447,244.721928,0.233656,5.521317,0.483380,-1.000000,-0.516620
1448,244.561467,13.016247,5.519992,3.607804,-4.000000,-0.392196
1449,244.399500,10.518052,5.518416,3.243155,-1.000000,2.243155
1450,244.230949,0.674968,5.515168,0.821565,0.000000,0.821565
1451,244.064916,3.980973,5.512736,1.995238,1.000000,2.995238
1452,243.897341,1.417143,5.509751,1.190438,0.000000,1.190438
1453,243.735192,8.943211,5.508012,2.990520,0.000000,2.990520
1454,243.578843,17.028658,5.507059,4.126579,-2.000000,2.126579
1455,243.425423,20.966505,5.506420,4.578920,6.000000,1.421080
1456,243.279737,31.890410,5.506517,5.647159,5.000000,-0.647159
1457,243.126785,21.040491,5.505884,4.586991,5.000000,0.413009
1458,242.975561,23.247013,5.505413,4.821516,4.000000,-0.821516
1459,242.809771,1.749832,5.502538,1.322812,0.000000,1.322812
1460,242.649661,9.690459,5.500897,3.112950,7.000000,3.887050
1461,242.485174,2.992158,5.498309,1.729786,6.000000,7.729786
1462,242.322735,5.648367,5.496168,2.376629,3.000000,0.623371
1463,242.236726,116.835798,5.499809,10.809061,-7.000000,3.809061
1464,242.072475,2.430887,5.497110,1.559130,2.000000,0.440870
1465,241.924968,26.565074,5.496876,5.154132,-5.000000,0.154132
1466,241.761773,3.333323,5.494365,1.825739,-3.000000,-1.174261
1467,241.598906,3.487269,5.491885,1.867423,-4.000000,-2.132577
1468,241.439501,8.230758,5.490094,2.868930,2.000000,-0.868930
1469,241.277341,3.874125,5.487690,1.968280,-4.000000,-2.031720
1470,241.119521,9.912992,5.486094,3.148490,2.000000,-1.148490
1471,240.955220,0.090920,5.482560,0.301530,-2.000000,-2.301530
1472,240.791309,0.332762,5.479218,0.576855,2.000000,1.423145
1473,240.661484,50.079174,5.480306,7.076664,6.000000,-1.076664
1474,240.497888,0.175264,5.476862,0.418645,-1.000000,-1.418645
1475,240.366353,47.010102,5.477800,6.856391,-6.000000,0.856391
1476,240.204841,2.620897,5.475179,1.618919,-4.000000,-2.381081
1477,240.043697,2.838775,5.472606,1.684866,-1.000000,-2.684866
1478,239.882333,2.194349,5.469898,1.481334,-2.000000,-0.518666
1479,239.736315,24.504407,5.469545,4.950193,-5.000000,-0.049807
1480,239.576421,3.733187,5.467149,1.932146,-2.000000,-3.932146
1481,239.422494,12.226541,5.465815,3.496647,-4.000000,-0.503353
1482,239.260526,0.034376,5.462242,0.185408,0.000000,-0.185408
1483,239.111588,18.980912,5.461494,4.356709,-2.000000,2.356709
1484,238.950252,0.333566,5.458195,0.577552,0.000000,0.577552
1485,238.794235,7.888823,5.456406,2.808705,1.000000,3.808705
1486,238.634521,2.099309,5.453701,1.448899,3.000000,1.551101
1487,238.476600,4.437458,5.451444,2.106528,3.000000,0.893472
1488,238.317979,3.083186,5.448954,1.755900,-1.000000,0.755900
1489,238.159004,2.239642,5.446293,1.496543,-1.000000,0.496543
1490,238.024520,38.316358,5.446793,6.190021,5.000000,-1.190021
1491,237.864539,0.132012,5.443374,0.363335,0.000000,-0.363335
1492,237.712605,11.786484,5.442024,3.433145,3.000000,-0.433145
1493,237.564682,17.455224,5.441175,4.177945,-4.000000,0.177945
1494,237.405768,0.783390,5.438117,0.885093,0.000000,-0.885093
1495,237.246881,0.504809,5.434946,0.710499,-1.000000,-0.289501
1496,237.091819,5.894049,5.432930,2.427766,-2.000000,0.427766
1497,236.943568,15.754163,5.431950,3.969151,3.000000,-0.969151
1498,236.873306,131.971152,5.436004,11.487870,-8.000000,3.487870
1499,236.732278,26.037091,5.435781,5.102655,-6.000000,-0.897345
1500,236.582110,12.080930,5.434470,3.475763,-1.000000,-4.475763
1501,236.424551,0.716576,5.431406,0.846508,-1.000000,-1.846508
1502,236.266745,0.031536,5.427898,0.177584,0.000000,-0.177584
1503,236.109407,0.416280,5.424708,0.645198,-3.000000,-3.645198
1504,235.952053,0.078003,5.421278,0.279289,-2.000000,-2.279289
1505,235.795621,1.148284,5.418380,1.071580,-4.000000,-2.928420
1506,235.638897,0.395576,5.415191,0.628948,0.000000,-0.628948
1507,235.518947,55.354087,5.416538,7.440033,-6.000000,1.440033
1508,235.362354,0.002732,5.412971,0.052269,0.000000,-0.052269
1509,235.208909,4.428013,5.410773,2.104284,0.000000,2.104284
1510,235.055862,4.720909,5.408623,2.172765,-2.000000,0.172765
1511,234.900315,0.645385,5.405567,0.803358,3.000000,3.803358
1512,234.744548,0.004793,5.402028,0.069229,1.000000,1.069229
1513,234.661189,108.955839,5.405366,10.438191,15.000000,4.561809
1514,235.375830,1313.769332,5.425790,36.245956,17.000000,-19.245956
1515,235.226182,9.257457,5.424213,3.042607,-2.000000,1.042607
1516,235.076061,8.242535,5.422524,2.870982,2.000000,-0.870982
1517,234.927425,10.190233,5.421050,3.192214,2.000000,-1.192214