# TEST CONFIGURATION BEGIN
# File Stream: filename: hourly_bikesharing_humidity.csv  -  n_targets: 1
# [hourly_bikesharing_humidity_ADE_HETERO_ABSTAIN_SIZE_8_OFFLINE_BATCH_100] Pipeline: Array BaseStreamModel: base_models: [<skmultiflow.lazy.knn_forecast.KNNForecast object at 0x7f2232e71128>, <skmultiflow.lazy.knn_forecast.KNNForecast object at 0x7f2232e71198>, <skmultiflow.lazy.knn_forecast.KNNForecast object at 0x7f2232e71208>, <skmultiflow.lazy.knn_forecast.KNNForecast object at 0x7f2232e71278>, <skmultiflow.trees.regression_hoeffding_tree.RegressionHoeffdingTree object at 0x7f2232e712e8>, <skmultiflow.trees.regression_hoeffding_tree.RegressionHoeffdingTree object at 0x7f2232e71320>, <skmultiflow.trees.regression_hoeffding_adaptive_tree.RegressionHAT object at 0x7f2232e71358>, <skmultiflow.trees.regression_hoeffding_adaptive_tree.RegressionHAT object at 0x7f2232e71390>]
 Array BaseStreamModel: base_models: [<skmultiflow.lazy.knn_forecast.KNNForecast object at 0x7f2232e71128>, <skmultiflow.lazy.knn_forecast.KNNForecast object at 0x7f2232e71198>, <skmultiflow.lazy.knn_forecast.KNNForecast object at 0x7f2232e71208>, <skmultiflow.lazy.knn_forecast.KNNForecast object at 0x7f2232e71278>, <skmultiflow.trees.regression_hoeffding_tree.RegressionHoeffdingTree object at 0x7f2232e712e8>, <skmultiflow.trees.regression_hoeffding_tree.RegressionHoeffdingTree object at 0x7f2232e71320>, <skmultiflow.trees.regression_hoeffding_adaptive_tree.RegressionHAT object at 0x7f2232e71358>, <skmultiflow.trees.regression_hoeffding_adaptive_tree.RegressionHAT object at 0x7f2232e71390>]
# Prequential Evaluator: n_wait: 1 - max_samples: 600000 - max_time: 10000000 - output_file: hourly_bikesharing_humidity_ADE_HETERO_ABSTAIN_SIZE_8_OFFLINE_BATCH_100_SIZE_8 - batch_size: 1 - pretrain_size: 5 - task_type: regression - show_plot: False - metrics: ['mean_square_error', 'mean_absolute_error', 'true_vs_predicted']
# TEST CONFIGURATION END
id,global_mse_[hourly_bikesharing_humidity_ADE_HETERO_ABSTAIN_SIZE_8_OFFLINE_BATCH_100],sliding_mse_[hourly_bikesharing_humidity_ADE_HETERO_ABSTAIN_SIZE_8_OFFLINE_BATCH_100],global_mae_[hourly_bikesharing_humidity_ADE_HETERO_ABSTAIN_SIZE_8_OFFLINE_BATCH_100],sliding_mae_[hourly_bikesharing_humidity_ADE_HETERO_ABSTAIN_SIZE_8_OFFLINE_BATCH_100],true_value_[hourly_bikesharing_humidity_ADE_HETERO_ABSTAIN_SIZE_8_OFFLINE_BATCH_100],predicted_value_[hourly_bikesharing_humidity_ADE_HETERO_ABSTAIN_SIZE_8_OFFLINE_BATCH_100]
5,0.000479,0.000479,0.021881,0.021881,0.050000,0.028119
6,0.001866,0.003253,0.039460,0.057038,0.000000,0.057038
7,0.011161,0.029752,0.083803,0.172488,0.060000,0.232488
8,0.009341,0.003879,0.078423,0.062283,0.000000,0.062283
9,0.008967,0.007472,0.080026,0.086441,-0.010000,0.076441
10,0.007564,0.000550,0.070596,0.023447,0.000000,0.023447
11,0.006636,0.001068,0.065180,0.032685,0.070000,0.037315
12,0.007245,0.011503,0.070439,0.107252,-0.060000,0.047252
13,0.006561,0.001089,0.066279,0.032992,0.000000,-0.032992
14,0.007689,0.017850,0.073011,0.133602,0.060000,-0.073602
15,0.007118,0.001401,0.069776,0.037423,0.060000,0.022577
16,0.007128,0.007244,0.071053,0.085109,-0.060000,0.025109
17,0.006619,0.000509,0.067324,0.022569,0.000000,-0.022569
18,0.008149,0.028044,0.074477,0.167463,-0.170000,-0.002537
19,0.009430,0.027361,0.080539,0.165412,-0.010000,0.155412
20,0.008935,0.001515,0.077938,0.038921,-0.050000,-0.011079
21,0.008410,0.000000,0.073388,0.000583,0.050000,0.050583
22,0.008123,0.003241,0.072473,0.056931,0.050000,-0.006931
23,0.008761,0.020251,0.076149,0.142307,-0.100000,0.042307
24,0.008500,0.003549,0.075320,0.059575,-0.050000,0.009575
25,0.008176,0.001685,0.073688,0.041049,0.000000,0.041049
26,0.007941,0.002999,0.072828,0.054765,0.100000,0.045235
27,0.007655,0.001365,0.071268,0.036949,0.050000,0.086949
28,0.008063,0.017454,0.073803,0.132113,-0.100000,0.032113
29,0.008636,0.022397,0.076837,0.149658,-0.140000,0.009658
30,0.009210,0.023555,0.079785,0.153476,-0.110000,0.043476
31,0.009277,0.011000,0.080715,0.104883,-0.040000,0.064883
32,0.009063,0.003296,0.079882,0.057407,-0.030000,0.027407
33,0.008940,0.005504,0.079686,0.074189,0.050000,-0.024189
34,0.008643,0.000027,0.077202,0.005178,0.000000,0.005178
35,0.008373,0.000284,0.075256,0.016863,0.030000,0.046863
36,0.008273,0.005150,0.075147,0.071765,-0.030000,0.041765
37,0.008258,0.007785,0.075543,0.088232,0.000000,0.088232
38,0.008084,0.002332,0.074742,0.048287,0.030000,0.078287
39,0.007999,0.005137,0.074654,0.071670,0.000000,0.071670
40,0.007810,0.001194,0.073540,0.034555,0.030000,-0.004555
41,0.007671,0.002645,0.072942,0.051432,0.000000,-0.051432
42,0.007599,0.004946,0.072874,0.070326,0.000000,-0.070326
43,0.007444,0.001540,0.072011,0.039243,-0.070000,-0.030757
44,0.007258,0.000000,0.070213,0.000092,0.000000,0.000092
45,0.007081,0.000019,0.068606,0.004313,-0.030000,-0.034313
46,0.006948,0.001484,0.067890,0.038528,-0.050000,-0.011472
47,0.006911,0.005381,0.068017,0.073354,0.000000,-0.073354
48,0.006796,0.001849,0.067448,0.043004,-0.050000,-0.006996
49,0.006657,0.000526,0.066459,0.022927,0.000000,-0.022927
50,0.006601,0.004105,0.066407,0.064069,0.000000,-0.064069
51,0.006554,0.004363,0.066400,0.066050,0.000000,-0.066050
52,0.006512,0.004568,0.066424,0.067583,0.020000,-0.047583
53,0.007050,0.032873,0.068769,0.181309,0.150000,-0.031309
54,0.006911,0.000085,0.067577,0.009202,0.000000,0.009202
55,0.007237,0.023508,0.069259,0.153323,0.170000,0.016677
56,0.007205,0.005619,0.069368,0.074960,0.050000,-0.024960
57,0.008029,0.050831,0.072313,0.225457,-0.140000,0.085457
58,0.007904,0.001316,0.071646,0.036279,0.000000,-0.036279
59,0.007823,0.003445,0.071411,0.058691,0.040000,-0.018691
60,0.007684,0.000047,0.070258,0.006856,0.040000,0.046856
61,0.007569,0.001108,0.069609,0.033284,0.000000,-0.033284
62,0.007851,0.023946,0.071077,0.154744,0.050000,-0.104744
63,0.007738,0.001179,0.070454,0.034333,0.060000,0.025667
64,0.007653,0.002647,0.070137,0.051448,0.000000,0.051448
65,0.007552,0.001449,0.069612,0.038066,-0.050000,-0.011934
66,0.007510,0.004958,0.069625,0.070413,-0.050000,0.020413
67,0.007424,0.002128,0.069252,0.046132,0.050000,0.003868
68,0.007801,0.031511,0.070943,0.177513,-0.180000,-0.002487
69,0.007721,0.002624,0.070640,0.051222,0.000000,-0.051222
70,0.007947,0.022648,0.071850,0.150493,0.050000,-0.100493
71,0.007960,0.008772,0.072175,0.093657,-0.040000,0.053657
72,0.007875,0.002203,0.071804,0.046933,0.000000,-0.046933
73,0.007791,0.002063,0.071422,0.045418,-0.030000,-0.075418
74,0.007684,0.000302,0.070650,0.017381,-0.010000,0.007381
75,0.007592,0.001150,0.070132,0.033912,0.000000,0.033912
76,0.007497,0.000791,0.069549,0.028117,0.000000,-0.028117
77,0.007401,0.000460,0.068890,0.021459,0.000000,0.021459
78,0.007493,0.014218,0.069570,0.119240,0.160000,0.040760
79,0.007394,0.000039,0.068726,0.006222,0.000000,0.006222
80,0.007310,0.001007,0.068239,0.031740,0.050000,0.018260
81,0.007215,0.000001,0.067367,0.001087,-0.050000,-0.048913
82,0.007174,0.004034,0.067317,0.063511,0.100000,0.036489
83,0.007084,0.000052,0.066556,0.007198,0.000000,0.007198
84,0.007835,0.067174,0.068964,0.259179,-0.260000,-0.000821
85,0.007744,0.000454,0.068376,0.021309,-0.010000,-0.031309
86,0.007656,0.000551,0.067828,0.023473,0.000000,0.023473
87,0.007709,0.012068,0.068335,0.109852,-0.040000,0.069852
88,0.007628,0.000861,0.067870,0.029341,-0.030000,-0.059341
89,0.007562,0.002022,0.067601,0.044965,-0.030000,-0.074965
90,0.007484,0.000871,0.067158,0.029510,0.000000,0.029510
91,0.007438,0.003470,0.067063,0.058907,-0.040000,0.018907
92,0.007365,0.001059,0.066671,0.032541,0.000000,-0.032541
93,0.007332,0.004367,0.066664,0.066083,-0.030000,0.036083
94,0.007281,0.002817,0.066513,0.053074,-0.020000,0.033074
95,0.007223,0.001958,0.066269,0.044245,0.000000,-0.044245
96,0.007149,0.000413,0.065769,0.020333,0.000000,-0.020333
97,0.007199,0.011830,0.066232,0.108767,0.100000,-0.008767
98,0.007143,0.001884,0.065989,0.043402,0.000000,0.043402
99,0.007085,0.001660,0.065723,0.040737,0.000000,0.040737
100,0.007088,0.007401,0.065934,0.086029,0.090000,0.003971
101,0.007024,0.000869,0.065559,0.029485,0.040000,0.069485
102,0.006953,0.000057,0.064967,0.007574,0.040000,0.047574
103,0.006904,0.002064,0.064770,0.045437,-0.080000,-0.034563
104,0.006916,0.008189,0.065027,0.090493,0.080000,-0.010493
105,0.006954,0.010709,0.065408,0.103484,0.090000,-0.013484
106,0.006888,0.000268,0.064927,0.016381,0.000000,0.016381
107,0.006874,0.005349,0.065007,0.073140,0.000000,-0.073140
108,0.006873,0.006767,0.065173,0.082264,0.050000,-0.032264
109,0.006857,0.005204,0.065239,0.072139,-0.060000,0.012139
110,0.006808,0.001725,0.065015,0.041530,-0.040000,0.001530
111,0.006789,0.004709,0.065049,0.068621,0.000000,-0.068621
112,0.006810,0.009140,0.065332,0.095601,-0.080000,0.015601
113,0.006748,0.000002,0.064744,0.001254,-0.040000,-0.038746
114,0.006709,0.002454,0.064606,0.049534,-0.030000,-0.079534
115,0.006675,0.002924,0.064511,0.054072,-0.090000,-0.035928
116,0.006617,0.000227,0.064070,0.015071,0.000000,-0.015071
117,0.006584,0.002873,0.063977,0.053596,0.010000,-0.043596
118,0.006529,0.000346,0.063579,0.018606,0.000000,0.018606
119,0.006474,0.000168,0.063139,0.012966,0.020000,0.032966
120,0.006496,0.009075,0.063416,0.095262,0.130000,0.034738
121,0.006485,0.005126,0.063486,0.071594,0.000000,0.071594
122,0.006436,0.000713,0.063174,0.026693,0.040000,0.066693
123,0.006386,0.000539,0.062838,0.023223,-0.040000,-0.016777
124,0.006339,0.000737,0.062541,0.027145,0.040000,0.067145
125,0.006299,0.001475,0.062341,0.038411,-0.040000,-0.001589
126,0.006330,0.010063,0.062652,0.100313,0.080000,-0.020313
127,0.006355,0.009395,0.062931,0.096926,0.050000,-0.046926
128,0.006312,0.001046,0.062684,0.032348,0.050000,0.017652
129,0.006268,0.000775,0.062406,0.027831,0.000000,-0.027831
130,0.006222,0.000468,0.062082,0.021622,0.000000,-0.021622
131,0.006333,0.020326,0.062716,0.142569,-0.140000,0.002569
132,0.006390,0.013701,0.063140,0.117051,0.140000,0.022949
133,0.006383,0.005431,0.063222,0.073696,0.000000,-0.073696
134,0.006573,0.031134,0.064093,0.176448,-0.180000,-0.003552
135,0.006540,0.002192,0.063961,0.046817,-0.040000,-0.086817
136,0.006516,0.003418,0.063919,0.058464,-0.100000,-0.041536
137,0.006478,0.001431,0.063723,0.037829,0.030000,-0.007829
138,0.006441,0.001490,0.063536,0.038601,-0.030000,-0.068601
139,0.006431,0.005170,0.063598,0.071905,0.000000,-0.071905
140,0.006385,0.000141,0.063218,0.011877,0.030000,0.018123
141,0.006375,0.004993,0.063272,0.070661,-0.030000,0.040661
142,0.006337,0.001110,0.063055,0.033314,0.000000,0.033314
143,0.006319,0.003923,0.063052,0.062634,0.000000,0.062634
144,0.006280,0.000810,0.062805,0.028465,0.030000,0.058465
145,0.006318,0.011679,0.063126,0.108071,0.150000,0.041929
146,0.006327,0.007619,0.063296,0.087285,-0.080000,0.007285
147,0.006284,0.000082,0.062917,0.009067,0.000000,-0.009067
148,0.006240,0.000030,0.062518,0.005460,-0.040000,-0.045460
149,0.006216,0.002691,0.062444,0.051879,0.080000,0.028121
150,0.006174,0.000172,0.062106,0.013096,0.000000,0.013096
151,0.006148,0.002263,0.062007,0.047572,0.040000,-0.007572
152,0.006124,0.002557,0.061930,0.050562,0.000000,-0.050562
153,0.006083,0.000075,0.061573,0.008678,0.000000,-0.008678
154,0.006055,0.001846,0.061449,0.042962,0.000000,-0.042962
155,0.006305,0.043777,0.062427,0.209229,0.190000,-0.019229
156,0.006265,0.000354,0.062140,0.018816,0.000000,0.018816
157,0.006226,0.000272,0.061842,0.016486,0.000000,0.016486
158,0.006660,0.073017,0.063195,0.270217,0.190000,-0.080217
159,0.006619,0.000350,0.062908,0.018703,0.000000,-0.018703
160,0.006693,0.018205,0.063370,0.134925,-0.130000,0.004925
161,0.006653,0.000376,0.063090,0.019402,-0.110000,-0.090598
162,0.006650,0.006152,0.063187,0.078434,-0.100000,-0.021566
163,0.006789,0.028807,0.063857,0.169728,-0.150000,0.019728
164,0.006751,0.000607,0.063612,0.024630,-0.120000,-0.095370
165,0.006753,0.007094,0.063740,0.084226,0.000000,-0.084226
166,0.006717,0.000928,0.063534,0.030461,-0.030000,0.000461
167,0.006706,0.004855,0.063572,0.069675,0.080000,0.010325
168,0.006667,0.000326,0.063294,0.018061,0.020000,0.001939
169,0.006733,0.017686,0.063717,0.132990,-0.030000,0.102990
170,0.006709,0.002725,0.063647,0.052203,0.000000,0.052203
171,0.006671,0.000308,0.063371,0.017556,0.030000,0.047556
172,0.006705,0.012352,0.063656,0.111140,-0.030000,0.081140
173,0.006665,0.000004,0.063290,0.001916,0.030000,0.031916
174,0.006629,0.000503,0.063050,0.022428,0.030000,0.007572
175,0.006593,0.000495,0.062812,0.022255,0.000000,0.022255
176,0.006566,0.002020,0.062708,0.044945,0.040000,-0.004945
177,0.006532,0.000611,0.062488,0.024724,0.000000,0.024724
178,0.006514,0.003350,0.062462,0.057879,0.070000,0.012121
179,0.006479,0.000398,0.062219,0.019943,0.000000,0.019943
180,0.006462,0.003544,0.062203,0.059535,-0.040000,0.019535
181,0.006446,0.003703,0.062196,0.060855,0.040000,-0.020855
182,0.006431,0.003666,0.062187,0.060551,-0.040000,0.020551
183,0.006399,0.000772,0.061994,0.027779,-0.030000,-0.057779
184,0.006375,0.002049,0.061901,0.045270,-0.030000,-0.075270
185,0.006347,0.001270,0.061756,0.035633,-0.030000,-0.065633
186,0.006313,0.000204,0.061495,0.014280,-0.030000,-0.044280
187,0.006284,0.001027,0.061334,0.032039,-0.030000,-0.062039
188,0.006256,0.001026,0.061175,0.032032,-0.020000,-0.052032
189,0.006251,0.005310,0.061238,0.072867,0.030000,-0.042867
190,0.006217,0.000000,0.060910,0.000199,-0.010000,-0.010199
191,0.006184,0.000021,0.060609,0.004636,0.030000,0.034636
192,0.006152,0.000213,0.060365,0.014592,0.030000,0.015408
193,0.006122,0.000397,0.060151,0.019925,0.030000,0.049925
194,0.006092,0.000495,0.059951,0.022254,0.030000,0.052254
195,0.006077,0.003191,0.059933,0.056491,0.000000,0.056491
196,0.006055,0.001868,0.059846,0.043218,0.000000,0.043218
197,0.006024,0.000062,0.059577,0.007880,0.040000,0.032120
198,0.005996,0.000554,0.059391,0.023539,0.000000,0.023539
199,0.005966,0.000239,0.059166,0.015463,0.000000,0.015463
200,0.005936,0.000120,0.058920,0.010971,0.000000,0.010971
201,0.005911,0.000972,0.058779,0.031171,0.000000,0.031171
202,0.005882,0.000128,0.058539,0.011332,0.040000,0.028668
203,0.005855,0.000602,0.058368,0.024528,0.000000,0.024528
204,0.005833,0.001419,0.058265,0.037675,-0.040000,-0.002325
205,0.005805,0.000188,0.058043,0.013722,0.000000,0.013722
206,0.005783,0.001287,0.057934,0.035872,0.000000,0.035872
207,0.005755,0.000157,0.057710,0.012542,0.000000,-0.012542
208,0.005729,0.000501,0.057537,0.022380,0.000000,-0.022380
209,0.005702,0.000124,0.057310,0.011115,-0.030000,-0.018885
210,0.005694,0.004021,0.057340,0.063409,-0.070000,-0.006591
211,0.005667,0.000215,0.057134,0.014649,0.000000,-0.014649
212,0.005640,0.000007,0.056872,0.002633,0.000000,-0.002633
213,0.005615,0.000308,0.056683,0.017543,0.000000,0.017543
214,0.005588,0.000014,0.056431,0.003713,0.000000,-0.003713
215,0.005562,0.000057,0.056200,0.007545,0.000000,0.007545
216,0.005539,0.000806,0.056068,0.028398,0.000000,0.028398
217,0.005518,0.001095,0.055961,0.033093,0.070000,0.036907
218,0.005496,0.000696,0.055822,0.026379,0.030000,0.003621
219,0.005485,0.003168,0.055824,0.056285,0.090000,0.033715
220,0.005460,0.000020,0.055587,0.004469,0.000000,0.004469
221,0.005440,0.001277,0.055495,0.035728,0.000000,0.035728
222,0.005416,0.000078,0.055281,0.008814,0.000000,0.008814
223,0.005392,0.000273,0.055104,0.016521,0.000000,0.016521
224,0.005377,0.002106,0.055062,0.045892,-0.040000,0.005892
225,0.005353,0.000012,0.054829,0.003524,0.000000,-0.003524
226,0.005331,0.000342,0.054665,0.018499,0.000000,-0.018499
227,0.005307,0.000069,0.054457,0.008284,0.000000,0.008284
228,0.005287,0.000773,0.054338,0.027802,-0.040000,-0.012198
229,0.005264,0.000176,0.054156,0.013280,0.000000,-0.013280
230,0.005242,0.000310,0.053994,0.017605,0.000000,0.017605
231,0.005222,0.000747,0.053877,0.027339,-0.040000,-0.012661
232,0.005239,0.009039,0.054057,0.095071,0.040000,-0.055071
233,0.005306,0.020465,0.054446,0.143056,0.080000,-0.063056
234,0.005282,0.000001,0.054214,0.001085,0.000000,-0.001085
235,0.005449,0.043672,0.054884,0.208979,0.210000,0.001021
236,0.005448,0.005280,0.054961,0.072662,0.060000,-0.012662
237,0.005442,0.004026,0.054997,0.063450,0.000000,0.063450
238,0.005438,0.004642,0.055053,0.068133,0.070000,0.001867
239,0.005417,0.000509,0.054915,0.022567,0.000000,0.022567
240,0.005403,0.002017,0.054873,0.044914,0.000000,0.044914
241,0.005388,0.001901,0.054825,0.043604,-0.070000,-0.026396
242,0.005421,0.013241,0.055078,0.115070,0.070000,-0.045070
243,0.005399,0.000081,0.054885,0.009028,0.000000,0.009028
244,0.005399,0.005428,0.054964,0.073675,-0.070000,0.003675
245,0.005388,0.002739,0.054953,0.052336,0.000000,-0.052336
246,0.005366,0.000028,0.054748,0.005277,0.000000,-0.005277
247,0.005344,0.000148,0.054572,0.012153,0.000000,0.012153
248,0.005345,0.005622,0.054656,0.074980,0.070000,-0.004980
249,0.005545,0.054250,0.055384,0.232915,-0.240000,-0.007085
250,0.005571,0.011975,0.055603,0.109429,-0.100000,0.009429
251,0.005555,0.001516,0.055536,0.038935,0.000000,-0.038935
252,0.005570,0.009325,0.055701,0.096564,-0.040000,0.056564
253,0.005553,0.001343,0.055625,0.036646,-0.040000,-0.003354
254,0.005532,0.000263,0.055467,0.016229,-0.040000,-0.056229
255,0.005511,0.000266,0.055311,0.016318,-0.030000,-0.013682
256,0.005491,0.000564,0.055186,0.023750,0.030000,0.053750
257,0.005470,0.000061,0.054999,0.007836,0.000000,0.007836
258,0.005466,0.004550,0.055048,0.067454,-0.030000,0.037454
259,0.005446,0.000332,0.054903,0.018227,0.030000,0.011773
260,0.005425,0.000034,0.054712,0.005864,0.000000,0.005864
261,0.005408,0.001147,0.054631,0.033863,0.000000,0.033863
262,0.005393,0.001519,0.054570,0.038973,0.030000,-0.008973
263,0.005377,0.001124,0.054489,0.033528,0.050000,0.016472
264,0.005359,0.000755,0.054385,0.027480,0.000000,0.027480
265,0.005343,0.001322,0.054316,0.036366,0.040000,0.003634
266,0.005324,0.000185,0.054160,0.013609,0.000000,-0.013609
267,0.005345,0.010959,0.054353,0.104686,-0.090000,0.014686
268,0.005325,0.000081,0.054181,0.008974,0.000000,0.008974
269,0.005306,0.000274,0.054039,0.016567,0.000000,0.016567
270,0.005287,0.000086,0.053871,0.009291,0.000000,0.009291
271,0.005270,0.000959,0.053785,0.030973,0.000000,-0.030973
272,0.005274,0.006124,0.053876,0.078255,0.040000,-0.038255
273,0.005255,0.000248,0.053734,0.015760,0.000000,0.015760
274,0.005255,0.005255,0.053804,0.072494,-0.040000,0.032494
275,0.005237,0.000454,0.053684,0.021297,0.000000,-0.021297
276,0.005218,0.000005,0.053495,0.002266,0.000000,-0.002266
277,0.005213,0.003882,0.053527,0.062309,-0.060000,0.002309
278,0.005197,0.000725,0.053430,0.026928,0.000000,-0.026928
279,0.005178,0.000017,0.053251,0.004154,-0.030000,-0.025846
280,0.005160,0.000164,0.053104,0.012793,0.000000,-0.012793
281,0.005142,0.000232,0.052968,0.015239,-0.030000,-0.014761
282,0.005128,0.001271,0.052905,0.035649,0.000000,-0.035649
283,0.005123,0.003831,0.052938,0.061893,0.020000,-0.041893
284,0.005105,0.000041,0.052771,0.006405,0.000000,-0.006405
285,0.005107,0.005661,0.052851,0.075242,0.070000,-0.005242
286,0.005091,0.000466,0.052740,0.021591,0.000000,0.021591
287,0.005075,0.000622,0.052642,0.024941,-0.010000,0.014941
288,0.005058,0.000374,0.052525,0.019342,0.000000,0.019342
289,0.005043,0.000734,0.052436,0.027096,0.040000,0.012904
290,0.005026,0.000007,0.052262,0.002680,0.000000,0.002680
291,0.005018,0.002726,0.052262,0.052210,0.040000,-0.012210
292,0.005004,0.001187,0.052200,0.034446,0.000000,-0.034446
293,0.004987,0.000003,0.052025,0.001671,0.000000,0.001671
294,0.004972,0.000618,0.051931,0.024857,0.000000,-0.024857
295,0.004956,0.000405,0.051822,0.020116,0.000000,-0.020116
296,0.005108,0.049191,0.052404,0.221791,0.200000,-0.021791
297,0.005110,0.005902,0.052487,0.076825,-0.060000,0.016825
298,0.005093,0.000003,0.052315,0.001824,0.010000,0.008176
299,0.005089,0.003891,0.052349,0.062374,-0.140000,-0.077626
300,0.005076,0.001282,0.052293,0.035800,-0.040000,-0.004200
301,0.005061,0.000633,0.052202,0.025158,-0.070000,-0.044842
302,0.005047,0.000978,0.052132,0.031273,-0.070000,-0.038727
303,0.005072,0.012341,0.052329,0.111088,0.040000,-0.071088
304,0.005056,0.000452,0.052225,0.021268,-0.030000,-0.008732
305,0.005053,0.003982,0.052261,0.063103,0.030000,-0.033103
306,0.005036,0.000053,0.052112,0.007305,0.000000,-0.007305
307,0.005024,0.001251,0.052057,0.035366,0.060000,0.024634
308,0.005023,0.004695,0.052111,0.068517,0.120000,0.051483
309,0.005011,0.001326,0.052060,0.036408,0.000000,0.036408
310,0.005013,0.005809,0.052139,0.076214,0.100000,0.023786
311,0.004998,0.000251,0.052021,0.015856,0.000000,0.015856
312,0.005077,0.029524,0.052410,0.171826,-0.140000,0.031826
313,0.005061,0.000026,0.052256,0.005063,0.000000,0.005063
314,0.005057,0.003687,0.052284,0.060719,0.040000,-0.020719
315,0.005043,0.000751,0.052204,0.027401,0.000000,0.027401
316,0.005028,0.000313,0.052093,0.017701,0.000000,-0.017701
317,0.005020,0.002772,0.052095,0.052648,0.000000,-0.052648
318,0.005007,0.000793,0.052019,0.028154,0.000000,0.028154
319,0.004992,0.000227,0.051901,0.015081,0.040000,0.055081
320,0.004976,0.000009,0.051747,0.003006,0.000000,0.003006
321,0.004964,0.001244,0.051695,0.035266,0.000000,0.035266
322,0.004950,0.000540,0.051605,0.023236,0.010000,-0.013236
323,0.004935,0.000019,0.051457,0.004375,-0.050000,-0.054375
324,0.004920,0.000312,0.051352,0.017675,-0.040000,-0.022325
325,0.004910,0.001670,0.051319,0.040871,-0.070000,-0.029129
326,0.004919,0.007631,0.051431,0.087355,-0.100000,-0.012645
327,0.004908,0.001330,0.051384,0.036464,0.010000,-0.026464
328,0.004893,0.000116,0.051259,0.010788,-0.030000,-0.019212
329,0.004879,0.000368,0.051160,0.019194,-0.020000,-0.000806
330,0.004866,0.000660,0.051082,0.025689,0.020000,-0.005689
331,0.004860,0.003008,0.051094,0.054845,0.090000,0.035155
332,0.004894,0.015845,0.051322,0.125878,-0.060000,0.065878
333,0.004881,0.000703,0.051246,0.026518,0.000000,0.026518
334,0.004866,0.000003,0.051096,0.001704,0.000000,0.001704
335,0.004852,0.000090,0.050971,0.009477,0.030000,0.039477
336,0.004846,0.002899,0.050979,0.053847,0.030000,-0.023847
337,0.004882,0.016764,0.051215,0.129478,0.110000,-0.019478
338,0.004868,0.000488,0.051128,0.022082,0.000000,0.022082
339,0.004855,0.000397,0.051035,0.019928,0.000000,0.019928
340,0.004901,0.020285,0.051307,0.142426,0.130000,-0.012426
341,0.004952,0.022075,0.051595,0.148576,-0.130000,0.018576
342,0.004938,0.000083,0.051470,0.009102,0.000000,0.009102
343,0.004937,0.004851,0.051523,0.069647,0.000000,-0.069647
344,0.004923,0.000000,0.051374,0.000652,0.000000,-0.000652
345,0.004909,0.000036,0.051240,0.006004,-0.010000,-0.003996
346,0.004902,0.002716,0.051243,0.052111,-0.040000,-0.092111
347,0.004903,0.005137,0.051303,0.071671,0.000000,-0.071671
348,0.004894,0.001931,0.051281,0.043943,-0.070000,-0.026057
349,0.004886,0.001943,0.051260,0.044079,-0.030000,-0.074079
350,0.004871,0.000010,0.051121,0.003135,-0.060000,-0.056865
351,0.004860,0.000787,0.051055,0.028054,0.010000,-0.018054
352,0.004847,0.000539,0.050975,0.023210,0.020000,-0.003210
353,0.004834,0.000313,0.050879,0.017693,0.000000,0.017693
354,0.004822,0.000636,0.050806,0.025216,-0.010000,0.015216
355,0.004809,0.000025,0.050676,0.005027,0.030000,0.024973
356,0.004800,0.001753,0.050651,0.041866,0.070000,0.028134
357,0.004789,0.000753,0.050585,0.027442,0.000000,0.027442
358,0.004775,0.000175,0.050479,0.013230,0.040000,0.026770
359,0.004765,0.001132,0.050432,0.033649,-0.020000,0.013649
360,0.004792,0.014146,0.050624,0.118936,-0.090000,0.028936
361,0.004785,0.002301,0.050617,0.047967,0.070000,0.022033
362,0.004779,0.002890,0.050626,0.053756,-0.030000,0.023756
363,0.004767,0.000320,0.050535,0.017896,-0.010000,0.007896
364,0.004756,0.000868,0.050476,0.029460,0.000000,-0.029460
365,0.004744,0.000334,0.050387,0.018265,0.000000,-0.018265
366,0.004731,0.000079,0.050272,0.008881,0.000000,-0.008881
367,0.004718,0.000110,0.050162,0.010491,0.000000,-0.010491
368,0.004731,0.009377,0.050291,0.096837,0.070000,-0.026837
369,0.004725,0.002638,0.050294,0.051363,-0.030000,0.021363
370,0.004720,0.002705,0.050298,0.052005,0.000000,-0.052005
371,0.004723,0.006015,0.050373,0.077554,0.030000,-0.047554
372,0.004723,0.004537,0.050419,0.067359,0.050000,-0.017359
373,0.004721,0.004211,0.050458,0.064896,-0.080000,-0.015104
374,0.004714,0.001956,0.050441,0.044232,0.000000,-0.044232
375,0.004701,0.000041,0.050322,0.006416,-0.040000,-0.033584
376,0.004692,0.001093,0.050276,0.033066,0.040000,0.006934
377,0.004681,0.000737,0.050214,0.027144,0.000000,-0.027144
378,0.004675,0.002444,0.050212,0.049434,0.040000,-0.009434
379,0.004668,0.001951,0.050196,0.044172,0.040000,-0.004172
380,0.004656,0.000152,0.050095,0.012344,0.040000,0.027656
381,0.004735,0.034509,0.050455,0.185765,0.210000,0.024235
382,0.004723,0.000059,0.050342,0.007703,0.000000,0.007703
383,0.004746,0.013566,0.050516,0.116474,0.130000,0.013526
384,0.004744,0.003898,0.050548,0.062434,-0.070000,-0.007566
385,0.004732,0.000403,0.050468,0.020082,0.000000,0.020082
386,0.004721,0.000432,0.050390,0.020794,0.000000,-0.020794
387,0.004718,0.003543,0.050414,0.059523,-0.060000,-0.000477
388,0.004733,0.010625,0.050551,0.103077,0.070000,-0.033077
389,0.004722,0.000207,0.050457,0.014382,0.000000,-0.014382
390,0.004712,0.000891,0.050404,0.029851,-0.050000,-0.020149
391,0.004700,0.000191,0.050309,0.013809,-0.020000,-0.006191
392,0.004688,0.000125,0.050208,0.011186,0.000000,-0.011186
393,0.004683,0.002817,0.050216,0.053072,0.070000,0.016928
394,0.004683,0.004407,0.050257,0.066385,0.060000,-0.006385
395,0.004671,0.000030,0.050143,0.005488,0.000000,0.005488
396,0.004660,0.000388,0.050065,0.019705,0.000000,0.019705
397,0.004650,0.000685,0.050004,0.026164,0.000000,0.026164
398,0.004641,0.001155,0.049964,0.033987,0.000000,0.033987
399,0.004630,0.000340,0.049884,0.018432,0.000000,0.018432
400,0.004618,0.000050,0.049776,0.007042,0.000000,0.007042
401,0.004607,0.000015,0.049660,0.003903,0.000000,0.003903
402,0.004595,0.000018,0.049546,0.004266,0.000000,-0.004266
403,0.004584,0.000205,0.049458,0.014326,-0.010000,0.004326
404,0.004573,0.000000,0.049334,0.000077,0.010000,0.009923
405,0.004562,0.000094,0.049235,0.009683,0.000000,-0.009683
406,0.004550,0.000012,0.049122,0.003503,0.000000,-0.003503
407,0.004546,0.002735,0.049130,0.052294,-0.060000,-0.007706
408,0.004544,0.003679,0.049158,0.060658,-0.060000,0.000658
409,0.004610,0.031605,0.049476,0.177777,-0.190000,-0.012223
410,0.004599,0.000004,0.049359,0.002047,-0.040000,-0.042047
411,0.004588,0.000083,0.049260,0.009099,-0.040000,-0.030901
412,0.004579,0.000830,0.049210,0.028816,0.040000,0.011184
413,0.004568,0.000187,0.049123,0.013680,-0.010000,0.003680
414,0.004559,0.000985,0.049080,0.031386,0.040000,0.008614
415,0.004567,0.007687,0.049174,0.087673,-0.040000,0.047673
416,0.004606,0.020538,0.049402,0.143310,-0.080000,0.063310
417,0.004595,0.000108,0.049308,0.010376,0.000000,0.010376
418,0.004584,0.000060,0.049207,0.007752,0.030000,0.022248
419,0.004574,0.000519,0.049144,0.022791,0.000000,0.022791
420,0.004566,0.001017,0.049102,0.031885,0.040000,0.008115
421,0.004555,0.000001,0.048987,0.001124,0.000000,0.001124
422,0.004546,0.000903,0.048942,0.030057,0.000000,0.030057
423,0.004537,0.000686,0.048887,0.026182,0.000000,0.026182
424,0.004527,0.000483,0.048823,0.021968,0.000000,0.021968
425,0.004517,0.000505,0.048761,0.022476,0.040000,0.017524
426,0.004509,0.000852,0.048714,0.029195,0.000000,0.029195
427,0.004505,0.002909,0.048727,0.053934,-0.050000,0.003934
428,0.004494,0.000016,0.048621,0.004051,0.000000,0.004051
429,0.004485,0.000396,0.048554,0.019888,-0.030000,-0.010112
430,0.004476,0.000691,0.048501,0.026280,-0.040000,-0.013720
431,0.004466,0.000461,0.048438,0.021479,-0.030000,-0.051479
432,0.004458,0.000714,0.048387,0.026714,-0.030000,-0.056714
433,0.004458,0.004659,0.048434,0.068258,0.030000,-0.038258
434,0.004449,0.000357,0.048365,0.018907,0.000000,-0.018907
435,0.004438,0.000002,0.048256,0.001573,0.000000,0.001573
436,0.004431,0.001217,0.048226,0.034879,0.040000,0.005121
437,0.004421,0.000125,0.048140,0.011173,0.000000,0.011173
438,0.004418,0.002961,0.048154,0.054415,0.070000,0.015585
439,0.004408,0.000098,0.048066,0.009907,0.000000,-0.009907
440,0.004400,0.001196,0.048036,0.034577,0.040000,0.005423
441,0.004390,0.000012,0.047934,0.003535,0.000000,-0.003535
442,0.004385,0.002261,0.047933,0.047549,0.050000,0.002451
443,0.004376,0.000218,0.047857,0.014755,0.000000,-0.014755
444,0.004370,0.002028,0.047851,0.045031,0.050000,0.004969
445,0.004361,0.000404,0.047788,0.020095,0.000000,-0.020095
446,0.004358,0.002704,0.047797,0.052001,0.050000,-0.002001
447,0.004357,0.003907,0.047831,0.062508,0.050000,-0.012508
448,0.004354,0.003327,0.047853,0.057681,0.070000,0.012319
449,0.004535,0.084899,0.048400,0.291374,-0.270000,0.021374
450,0.004527,0.000766,0.048354,0.027685,-0.050000,-0.022315
451,0.004517,0.000029,0.048257,0.005383,-0.040000,-0.034617
452,0.004520,0.006030,0.048323,0.077650,-0.040000,0.037650
453,0.004528,0.007823,0.048412,0.088450,0.040000,-0.048450
454,0.004518,0.000183,0.048335,0.013522,-0.040000,-0.053522
455,0.004513,0.002283,0.048334,0.047777,-0.060000,-0.012223
456,0.004541,0.017226,0.048517,0.131250,-0.140000,-0.008750
457,0.004533,0.000666,0.048467,0.025810,-0.060000,-0.034190
458,0.004527,0.001873,0.048456,0.043283,0.040000,-0.003283
459,0.004517,0.000028,0.048361,0.005287,0.010000,0.004713
460,0.004507,0.000005,0.048259,0.002154,0.000000,-0.002154
461,0.004499,0.000770,0.048215,0.027747,0.020000,-0.007747
462,0.004489,0.000012,0.048117,0.003451,0.020000,0.016549
463,0.004482,0.001481,0.048096,0.038482,0.000000,0.038482
464,0.004474,0.000501,0.048040,0.022386,0.030000,0.007614
465,0.004468,0.001935,0.048031,0.043993,0.050000,0.006007
466,0.004459,0.000002,0.047930,0.001352,0.030000,0.028648
467,0.004453,0.001722,0.047916,0.041501,-0.030000,0.011501
468,0.004452,0.004009,0.047949,0.063317,0.070000,0.006683
469,0.004445,0.001538,0.047931,0.039223,-0.040000,-0.000777
470,0.004437,0.000297,0.047865,0.017226,0.000000,0.017226
471,0.004428,0.000263,0.047797,0.016207,0.000000,-0.016207
472,0.004433,0.006794,0.047871,0.082424,0.070000,-0.012424
473,0.004424,0.000460,0.047815,0.021457,-0.040000,-0.018543
474,0.004417,0.000969,0.047779,0.031128,0.000000,-0.031128
475,0.004414,0.003002,0.047794,0.054787,0.000000,-0.054787
476,0.004408,0.001519,0.047775,0.038976,-0.030000,0.008976
477,0.004402,0.001914,0.047767,0.043749,0.000000,-0.043749
478,0.004393,0.000085,0.047685,0.009216,-0.030000,-0.039216
479,0.004386,0.001134,0.047656,0.033677,0.000000,-0.033677
480,0.004377,0.000060,0.047572,0.007717,-0.030000,-0.022283
481,0.004368,0.000074,0.047490,0.008584,-0.020000,-0.028584
482,0.004361,0.000828,0.047451,0.028783,-0.050000,-0.021217
483,0.004352,0.000011,0.047359,0.003299,0.000000,-0.003299
484,0.004343,0.000023,0.047270,0.004774,0.000000,-0.004774
485,0.004342,0.003829,0.047301,0.061876,0.070000,0.008124
486,0.004334,0.000354,0.047242,0.018811,0.000000,0.018811
487,0.004339,0.006805,0.047315,0.082495,0.100000,0.017505
488,0.004337,0.003686,0.047342,0.060709,-0.040000,0.020709
489,0.004333,0.002083,0.047339,0.045638,0.080000,0.034362
490,0.004339,0.007355,0.047418,0.085759,0.080000,-0.005759
491,0.004333,0.001418,0.047398,0.037656,0.000000,0.037656
492,0.004324,0.000026,0.047311,0.005122,0.000000,0.005122
493,0.004325,0.004743,0.047355,0.068869,0.050000,-0.018869
494,0.004316,0.000054,0.047273,0.007324,0.000000,0.007324
495,0.004316,0.004263,0.047310,0.065293,-0.050000,0.015293
496,0.004312,0.002361,0.047313,0.048586,0.000000,-0.048586
497,0.004304,0.000154,0.047242,0.012423,0.010000,-0.002423
498,0.004296,0.000729,0.047201,0.027003,0.040000,0.012997
499,0.004302,0.006998,0.047275,0.083656,-0.080000,0.003656
500,0.004298,0.002490,0.047280,0.049905,-0.080000,-0.030095
501,0.004290,0.000002,0.047188,0.001355,-0.030000,-0.031355
502,0.004285,0.002068,0.047184,0.045477,-0.060000,-0.014523
503,0.004277,0.000282,0.047123,0.016784,-0.040000,-0.023216
504,0.004269,0.000110,0.047050,0.010499,-0.050000,-0.039501
505,0.004261,0.000509,0.047001,0.022567,0.000000,-0.022567
506,0.004254,0.000688,0.046960,0.026237,-0.020000,0.006237
507,0.004246,0.000108,0.046887,0.010383,0.000000,0.010383
508,0.004239,0.000656,0.046845,0.025615,0.040000,0.014385
509,0.004232,0.000791,0.046808,0.028117,0.000000,0.028117
510,0.004227,0.001700,0.046797,0.041228,0.060000,0.018772
511,0.004219,0.000391,0.046743,0.019778,0.000000,0.019778
512,0.004212,0.000263,0.046683,0.016203,0.020000,0.036203
513,0.004203,0.000012,0.046598,0.003528,0.030000,0.026472
514,0.004198,0.001258,0.046577,0.035468,0.000000,0.035468
515,0.004191,0.000743,0.046539,0.027255,0.040000,0.012745
516,0.004183,0.000031,0.046459,0.005599,0.000000,0.005599
517,0.004176,0.000963,0.046429,0.031025,0.030000,-0.001025
518,0.004168,0.000019,0.046347,0.004315,0.000000,-0.004315
519,0.004160,0.000002,0.046260,0.001358,0.000000,0.001358
520,0.004152,0.000002,0.046173,0.001386,0.000000,0.001386
521,0.004144,0.000020,0.046092,0.004459,0.010000,0.005541
522,0.004147,0.005794,0.046150,0.076116,-0.080000,-0.003884
523,0.004144,0.002192,0.046151,0.046818,0.010000,-0.036818
524,0.004147,0.006055,0.046212,0.077817,0.040000,-0.037817
525,0.004143,0.001775,0.046204,0.042128,-0.040000,0.002128
526,0.004139,0.002098,0.046203,0.045799,0.010000,-0.035799
527,0.004140,0.004774,0.046247,0.069096,0.030000,-0.039096
528,0.004141,0.004806,0.046291,0.069328,-0.060000,0.009328
529,0.004144,0.005628,0.046346,0.075021,0.070000,-0.005021
530,0.004143,0.003711,0.046374,0.060918,0.030000,-0.030918
531,0.004143,0.004248,0.046409,0.065175,0.090000,0.024825
532,0.004144,0.004609,0.046450,0.067891,-0.050000,0.017891
533,0.004141,0.002258,0.046452,0.047514,0.050000,0.002486
534,0.004135,0.000900,0.046421,0.030001,0.040000,0.009999
535,0.004129,0.001381,0.046404,0.037162,0.000000,0.037162
536,0.004122,0.000186,0.046342,0.013627,0.010000,-0.003627
537,0.004119,0.002648,0.046352,0.051463,0.050000,-0.001463
538,0.004112,0.000006,0.046269,0.002395,0.000000,0.002395
539,0.004104,0.000170,0.046207,0.013049,0.000000,0.013049
540,0.004105,0.004396,0.046245,0.066303,0.050000,-0.016303
541,0.004097,0.000016,0.046166,0.003941,0.000000,0.003941
542,0.004090,0.000353,0.046115,0.018777,0.000000,0.018777
543,0.004083,0.000004,0.046033,0.002084,0.000000,0.002084
544,0.004075,0.000017,0.045956,0.004167,0.000000,0.004167
545,0.004087,0.010762,0.046063,0.103742,-0.100000,0.003742
546,0.004081,0.000443,0.046016,0.021047,-0.040000,-0.018953
547,0.004074,0.000450,0.045971,0.021212,0.000000,-0.021212
548,0.004069,0.001322,0.045953,0.036361,-0.040000,-0.003639
549,0.004063,0.000656,0.045916,0.025618,0.000000,-0.025618
550,0.004073,0.009674,0.046012,0.098355,-0.110000,-0.011645
551,0.004067,0.000847,0.045981,0.029107,-0.030000,-0.000893
552,0.004060,0.000048,0.045910,0.006907,0.000000,-0.006907
553,0.004052,0.000000,0.045826,0.000191,0.030000,0.030191
554,0.004046,0.000372,0.045778,0.019278,0.040000,0.020722
555,0.004075,0.020354,0.045954,0.142666,0.160000,0.017334
556,0.004069,0.000839,0.045923,0.028971,0.000000,0.028971
557,0.004065,0.001691,0.045914,0.041118,0.000000,0.041118
558,0.004058,0.000213,0.045858,0.014587,-0.010000,0.004587
559,0.004053,0.001184,0.045837,0.034416,0.000000,0.034416
560,0.004049,0.001572,0.045826,0.039654,0.050000,0.010346
561,0.004045,0.002225,0.045829,0.047172,-0.040000,0.007172
562,0.004041,0.001900,0.045825,0.043584,0.040000,-0.003584
563,0.004082,0.026753,0.046035,0.163563,0.170000,0.006437
564,0.004077,0.001476,0.046022,0.038424,0.000000,0.038424
565,0.004070,0.000184,0.045964,0.013576,0.010000,0.023576
566,0.004063,0.000128,0.045902,0.011303,0.000000,-0.011303
567,0.004057,0.000434,0.045858,0.020839,0.000000,0.020839
568,0.004056,0.003520,0.045881,0.059326,0.060000,0.000674
569,0.004052,0.002023,0.045880,0.044974,0.000000,-0.044974
570,0.004046,0.000559,0.045841,0.023653,0.000000,-0.023653
571,0.004040,0.000535,0.045800,0.023138,0.000000,-0.023138
572,0.004033,0.000261,0.045748,0.016159,0.000000,-0.016159
573,0.004027,0.000216,0.045694,0.014702,0.000000,-0.014702
574,0.004020,0.000005,0.045617,0.002174,0.000000,-0.002174
575,0.004013,0.000000,0.045538,0.000194,0.000000,-0.000194
576,0.004277,0.154965,0.046146,0.393657,-0.380000,0.013657
577,0.004269,0.000176,0.046089,0.013277,0.000000,-0.013277
578,0.004296,0.019483,0.046252,0.139580,0.140000,0.000420
579,0.004301,0.007121,0.046318,0.084383,0.000000,0.084383
580,0.004297,0.002292,0.046321,0.047876,0.050000,0.002124
581,0.004292,0.001482,0.046307,0.038493,0.000000,-0.038493
582,0.004290,0.002743,0.046318,0.052372,0.000000,0.052372
583,0.004282,0.000024,0.046246,0.004866,0.060000,0.064866
584,0.004280,0.002849,0.046259,0.053377,-0.050000,0.003377
585,0.004275,0.001570,0.046247,0.039618,0.000000,0.039618
586,0.004268,0.000000,0.046168,0.000010,0.000000,-0.000010
587,0.004261,0.000134,0.046108,0.011581,0.000000,0.011581
588,0.004255,0.001078,0.046086,0.032838,0.050000,0.017162
589,0.004248,0.000016,0.046014,0.004022,0.000000,0.004022
590,0.004246,0.003225,0.046032,0.056793,0.060000,0.003207
591,0.004240,0.000581,0.045995,0.024096,0.000000,0.024096
592,0.004234,0.000584,0.045958,0.024172,0.000000,0.024172
593,0.004227,0.000112,0.045898,0.010589,0.000000,-0.010589
594,0.004228,0.004763,0.045937,0.069015,0.070000,0.000985
595,0.004221,0.000003,0.045862,0.001634,0.000000,0.001634
596,0.004214,0.000001,0.045786,0.000743,0.000000,0.000743
597,0.004227,0.011949,0.045893,0.109312,-0.130000,-0.020688
598,0.004228,0.005186,0.045937,0.072012,0.060000,-0.012012
599,0.004226,0.003062,0.045953,0.055337,-0.060000,-0.004663
600,0.004224,0.002902,0.045966,0.053871,-0.050000,0.003871
601,0.004219,0.001317,0.045950,0.036294,0.000000,-0.036294
602,0.004212,0.000065,0.045886,0.008040,0.000000,0.008040
603,0.004210,0.002646,0.045895,0.051444,-0.050000,0.001444
604,0.004209,0.003569,0.045919,0.059743,0.050000,-0.009743
605,0.004213,0.006659,0.045978,0.081604,-0.100000,-0.018396
606,0.004210,0.002805,0.045990,0.052959,-0.050000,0.002959
607,0.004214,0.006633,0.046048,0.081446,0.040000,-0.041446
608,0.004208,0.000200,0.045996,0.014149,0.000000,0.014149
609,0.004201,0.000211,0.045944,0.014543,0.000000,0.014543
610,0.004194,0.000015,0.045874,0.003841,0.000000,-0.003841
611,0.004191,0.002383,0.045879,0.048812,0.050000,0.001188
612,0.004197,0.007917,0.045950,0.088975,-0.050000,0.038975
613,0.004197,0.003791,0.045975,0.061575,-0.050000,0.011575
614,0.004192,0.001571,0.045965,0.039642,-0.040000,-0.000358
615,0.004187,0.000842,0.045937,0.029020,0.040000,0.010980
616,0.004184,0.002361,0.045942,0.048593,0.050000,0.001407
617,0.004177,0.000106,0.045884,0.010316,0.000000,0.010316
618,0.004174,0.001980,0.045881,0.044495,-0.050000,-0.005505
619,0.004167,0.000403,0.045839,0.020084,-0.040000,-0.019916
620,0.004168,0.004526,0.045874,0.067274,0.050000,-0.017274
621,0.004171,0.005855,0.045924,0.076520,0.090000,0.013480
622,0.004177,0.007851,0.045993,0.088606,-0.090000,-0.001394
623,0.004171,0.000747,0.045963,0.027339,0.000000,-0.027339
624,0.004186,0.013333,0.046075,0.115467,0.090000,-0.025467
625,0.004180,0.000498,0.046037,0.022315,0.000000,0.022315
626,0.004177,0.002020,0.046035,0.044949,0.050000,0.005051
627,0.004171,0.000586,0.046000,0.024201,0.000000,-0.024201
628,0.004170,0.003681,0.046023,0.060671,0.060000,-0.000671
629,0.004163,0.000013,0.045956,0.003667,0.000000,0.003667
630,0.004157,0.000012,0.045888,0.003493,0.000000,0.003493
631,0.004150,0.000002,0.045817,0.001343,0.000000,-0.001343
632,0.004144,0.000072,0.045757,0.008508,0.000000,0.008508
633,0.004167,0.019123,0.045904,0.138286,0.130000,-0.008286
634,0.004162,0.000526,0.045868,0.022943,0.000000,0.022943
635,0.004165,0.005978,0.045918,0.077316,-0.070000,0.007316
636,0.004159,0.000404,0.045877,0.020103,0.000000,-0.020103
637,0.004152,0.000033,0.045814,0.005780,0.000000,0.005780
638,0.004155,0.006200,0.045865,0.078738,-0.060000,0.018738
639,0.004149,0.000031,0.045802,0.005556,0.000000,-0.005556
640,0.004144,0.001421,0.045789,0.037691,-0.050000,-0.012309
641,0.004216,0.049577,0.046067,0.222659,-0.230000,-0.007341
642,0.004239,0.018961,0.046211,0.137698,0.090000,-0.047698
643,0.004232,0.000084,0.046153,0.009144,0.000000,-0.009144
644,0.004240,0.009165,0.046230,0.095735,-0.050000,0.045735
645,0.004235,0.000730,0.046200,0.027010,0.000000,-0.027010
646,0.004229,0.000394,0.046159,0.019847,0.000000,-0.019847
647,0.004228,0.003891,0.046184,0.062379,0.090000,0.027621
648,0.004223,0.001024,0.046162,0.032006,0.000000,0.032006
649,0.004217,0.000003,0.046093,0.001697,0.000000,0.001697
650,0.004211,0.000400,0.046053,0.019997,0.050000,0.030003
651,0.004205,0.000444,0.046014,0.021074,0.000000,0.021074
652,0.004204,0.003712,0.046037,0.060922,-0.050000,0.010922
653,0.004198,0.000025,0.045974,0.004963,0.000000,-0.004963
654,0.004191,0.000024,0.045911,0.004853,-0.010000,-0.005147
655,0.004186,0.000494,0.045874,0.022216,0.000000,0.022216
656,0.004179,0.000042,0.045814,0.006482,0.000000,0.006482
657,0.004177,0.002853,0.045826,0.053415,-0.050000,0.003415
658,0.004175,0.002963,0.045839,0.054436,0.050000,-0.004436
659,0.004173,0.002678,0.045848,0.051748,0.050000,-0.001748
660,0.004174,0.004595,0.045881,0.067789,-0.050000,0.017789
661,0.004171,0.002395,0.045886,0.048935,-0.050000,-0.001065
662,0.004166,0.000947,0.045863,0.030772,0.000000,-0.030772
663,0.004160,0.000182,0.045814,0.013490,0.000000,-0.013490
664,0.004154,0.000181,0.045765,0.013469,0.000000,-0.013469
665,0.004148,0.000273,0.045720,0.016532,-0.040000,-0.023468
666,0.004144,0.001499,0.045710,0.038718,0.040000,0.001282
667,0.004140,0.001386,0.045697,0.037229,-0.040000,-0.002771
668,0.004136,0.001389,0.045684,0.037272,0.040000,0.002728
669,0.004130,0.000030,0.045624,0.005452,-0.030000,-0.024548
670,0.004124,0.000561,0.045591,0.023679,0.030000,0.006321
671,0.004119,0.000662,0.045561,0.025738,-0.040000,-0.014262
672,0.004120,0.004919,0.045598,0.070138,0.060000,-0.010138
673,0.004114,0.000000,0.045530,0.000042,-0.020000,-0.019958
674,0.004108,0.000013,0.045467,0.003637,0.000000,0.003637
675,0.004103,0.000911,0.045445,0.030184,0.000000,-0.030184
676,0.004102,0.003528,0.045465,0.059396,0.050000,-0.009396
677,0.004096,0.000054,0.045409,0.007350,0.000000,-0.007350
678,0.004094,0.002185,0.045411,0.046746,0.050000,0.003254
679,0.004088,0.000022,0.045350,0.004703,0.000000,-0.004703
680,0.004082,0.000144,0.045301,0.011981,0.000000,0.011981
681,0.004160,0.056820,0.045586,0.238370,0.240000,0.001630
682,0.004154,0.000059,0.045530,0.007706,0.000000,0.007706
683,0.004148,0.000074,0.045476,0.008631,0.000000,0.008631
684,0.004142,0.000204,0.045430,0.014284,0.000000,-0.014284
685,0.004136,0.000005,0.045367,0.002270,0.000000,0.002270
686,0.004130,0.000172,0.045319,0.013114,0.000000,-0.013114
687,0.004136,0.008085,0.045385,0.089919,-0.070000,0.019919
688,0.004132,0.001517,0.045375,0.038953,0.000000,-0.038953
689,0.004126,0.000015,0.045315,0.003931,0.000000,-0.003931
690,0.004125,0.003519,0.045335,0.059321,-0.060000,-0.000679
691,0.004123,0.002829,0.045347,0.053189,-0.050000,0.003189
692,0.004117,0.000143,0.045298,0.011959,0.000000,0.011959
693,0.004112,0.000600,0.045268,0.024490,0.000000,0.024490
694,0.004109,0.001694,0.045262,0.041157,0.060000,0.018843
695,0.004103,0.000060,0.045208,0.007720,0.000000,0.007720
696,0.004100,0.002310,0.045212,0.048065,0.060000,0.011935
697,0.004096,0.001202,0.045197,0.034663,0.000000,0.034663
698,0.004092,0.001003,0.045177,0.031673,0.000000,0.031673
699,0.004089,0.002255,0.045180,0.047483,0.060000,0.012517
700,0.004084,0.000372,0.045143,0.019288,0.000000,0.019288
701,0.004079,0.000586,0.045113,0.024204,0.000000,0.024204
702,0.004073,0.000073,0.045061,0.008543,0.000000,0.008543
703,0.004067,0.000002,0.044998,0.001448,0.000000,0.001448
704,0.004061,0.000024,0.044941,0.004943,0.000000,-0.004943
705,0.004056,0.000305,0.044902,0.017456,0.000000,-0.017456
706,0.004050,0.000210,0.044859,0.014482,0.000000,-0.014482
707,0.004045,0.000557,0.044828,0.023602,0.000000,-0.023602
708,0.004040,0.000143,0.044782,0.011968,0.000000,-0.011968
709,0.004036,0.000977,0.044763,0.031252,0.000000,-0.031252
710,0.004047,0.012409,0.044857,0.111397,0.070000,-0.041397
711,0.004044,0.001783,0.044853,0.042223,-0.070000,-0.027777
712,0.004039,0.000189,0.044809,0.013731,0.000000,-0.013731
713,0.004033,0.000259,0.044769,0.016081,0.000000,-0.016081
714,0.004053,0.017738,0.044893,0.133183,-0.110000,0.023183
715,0.004049,0.001276,0.044880,0.035723,-0.060000,-0.024277
716,0.004043,0.000002,0.044819,0.001368,-0.050000,-0.051368
717,0.004061,0.016812,0.044938,0.129661,-0.180000,-0.050339
718,0.004064,0.005922,0.044983,0.076954,-0.110000,-0.033046
719,0.004071,0.009241,0.045055,0.096131,0.030000,-0.066131
720,0.004066,0.000616,0.045026,0.024823,0.030000,0.005177
721,0.004061,0.000614,0.044998,0.024782,-0.010000,0.014782
722,0.004056,0.000358,0.044962,0.018928,-0.030000,-0.011072
723,0.004051,0.000182,0.044918,0.013493,0.000000,0.013493
724,0.004051,0.004027,0.044944,0.063459,-0.040000,0.023459
725,0.004047,0.001714,0.044939,0.041406,0.040000,-0.001406
726,0.004042,0.000475,0.044907,0.021798,-0.010000,0.011798
727,0.004037,0.000003,0.044847,0.001638,0.000000,0.001638
728,0.004038,0.004744,0.044880,0.068878,0.070000,0.001122
729,0.004039,0.005023,0.044916,0.070872,-0.070000,0.000872
730,0.004043,0.006903,0.044969,0.083082,0.070000,-0.013082
731,0.004038,0.000340,0.044932,0.018432,0.000000,-0.018432
732,0.004034,0.001430,0.044922,0.037818,-0.030000,0.007818
733,0.004030,0.000848,0.044901,0.029121,-0.040000,-0.010879
734,0.004028,0.002511,0.044908,0.050109,0.000000,-0.050109
735,0.004023,0.000634,0.044881,0.025180,-0.030000,-0.004820
736,0.004018,0.000206,0.044839,0.014357,0.000000,-0.014357
737,0.004013,0.000094,0.044791,0.009689,-0.030000,-0.039689
738,0.004009,0.001086,0.044775,0.032957,0.000000,-0.032957
739,0.004005,0.001495,0.044767,0.038661,0.000000,-0.038661
740,0.004009,0.006487,0.044815,0.080541,0.030000,-0.050541
741,0.004006,0.001687,0.044810,0.041070,0.000000,-0.041070
742,0.004000,0.000178,0.044768,0.013325,0.000000,0.013325
743,0.003999,0.003130,0.044783,0.055945,0.070000,0.014055
744,0.003996,0.001775,0.044779,0.042128,0.080000,0.037872
745,0.003996,0.003844,0.044802,0.062001,-0.040000,0.022001
746,0.003991,0.000454,0.044771,0.021302,-0.040000,-0.018698
747,0.003986,0.000007,0.044714,0.002653,-0.030000,-0.027347
748,0.004006,0.019022,0.044839,0.137922,0.150000,0.012078
749,0.004001,0.000309,0.044803,0.017568,0.040000,0.022432
750,0.003996,0.000061,0.044753,0.007805,0.000000,-0.007805
751,0.003991,0.000194,0.044712,0.013920,0.000000,-0.013920
752,0.003997,0.008845,0.044778,0.094047,-0.080000,0.014047
753,0.003993,0.000799,0.044756,0.028260,0.040000,0.011740
754,0.004020,0.023946,0.044902,0.154744,0.150000,-0.004744
755,0.004018,0.002550,0.044910,0.050497,0.060000,0.009503
756,0.004100,0.065559,0.045191,0.256045,-0.290000,-0.033955
757,0.004097,0.002454,0.045196,0.049533,0.000000,-0.049533
758,0.004094,0.001944,0.045195,0.044085,-0.030000,0.014085
759,0.004090,0.000643,0.045169,0.025365,0.020000,0.045365
760,0.004085,0.000046,0.045118,0.006810,-0.050000,-0.043190
761,0.004090,0.007930,0.045176,0.089053,0.030000,-0.059053
762,0.004088,0.002736,0.045185,0.052309,-0.060000,-0.007691
763,0.004108,0.019591,0.045310,0.139967,0.140000,0.000033
764,0.004106,0.002057,0.045310,0.045358,0.040000,-0.005358
765,0.004100,0.000037,0.045259,0.006095,0.050000,0.056095
766,0.004095,0.000295,0.045222,0.017170,0.000000,0.017170
767,0.004090,0.000362,0.045187,0.019019,0.050000,0.030981
768,0.004091,0.004465,0.045216,0.066819,-0.050000,0.016819
769,0.004091,0.004282,0.045242,0.065440,0.050000,-0.015440
770,0.004086,0.000059,0.045193,0.007681,0.000000,0.007681
771,0.004089,0.006824,0.045242,0.082607,-0.050000,0.032607
772,0.004104,0.015067,0.045343,0.122746,0.100000,-0.022746
773,0.004099,0.000292,0.045306,0.017077,0.000000,-0.017077
774,0.004129,0.027727,0.045464,0.166514,0.180000,0.013486
775,0.004127,0.002397,0.045468,0.048963,0.070000,0.021037
776,0.004123,0.001002,0.045450,0.031658,0.000000,0.031658
777,0.004136,0.013918,0.045544,0.117976,-0.070000,0.047976
778,0.004133,0.001726,0.045539,0.041548,0.070000,0.028452
779,0.004133,0.004303,0.045565,0.065600,0.000000,-0.065600
780,0.004130,0.002090,0.045565,0.045717,0.000000,-0.045717
781,0.004129,0.003031,0.045577,0.055056,0.000000,-0.055056
782,0.004124,0.000156,0.045535,0.012484,0.000000,-0.012484
783,0.004118,0.000001,0.045478,0.001138,0.000000,-0.001138
784,0.004113,0.000003,0.045421,0.001672,0.000000,-0.001672
785,0.004108,0.000013,0.045368,0.003555,0.000000,-0.003555
786,0.004103,0.000295,0.045332,0.017189,0.000000,0.017189
787,0.004098,0.000398,0.045299,0.019942,0.000000,0.019942
788,0.004101,0.006066,0.045341,0.077883,-0.070000,0.007883
789,0.004096,0.000416,0.045309,0.020395,0.000000,0.020395
790,0.004102,0.008696,0.045370,0.093251,-0.060000,0.033251
791,0.004110,0.010168,0.045441,0.100837,0.130000,0.029163
792,0.004110,0.004427,0.045467,0.066537,-0.070000,-0.003463
793,0.004105,0.000223,0.045429,0.014923,0.000000,-0.014923
794,0.004165,0.051416,0.045658,0.226750,-0.230000,-0.003250
795,0.004169,0.007297,0.045709,0.085420,-0.050000,0.035420
796,0.004168,0.003466,0.045725,0.058875,-0.050000,0.008875
797,0.004163,0.000170,0.045684,0.013026,0.000000,0.013026
798,0.004158,0.000043,0.045635,0.006565,0.000000,-0.006565
799,0.004153,0.000047,0.045586,0.006889,0.000000,-0.006889
800,0.004148,0.000044,0.045537,0.006644,0.000000,-0.006644
801,0.004144,0.001708,0.045532,0.041328,0.050000,0.008672
802,0.004139,0.000033,0.045482,0.005741,0.000000,0.005741
803,0.004146,0.009586,0.045547,0.097908,-0.090000,0.007908
804,0.004141,0.000069,0.045501,0.008302,-0.040000,-0.031698
805,0.004136,0.000026,0.045450,0.005103,-0.030000,-0.024897
806,0.004132,0.000841,0.045430,0.029003,-0.030000,-0.000997
807,0.004127,0.000200,0.045391,0.014157,0.000000,-0.014157
808,0.004122,0.000116,0.045348,0.010757,0.000000,-0.010757
809,0.004117,0.000103,0.045304,0.010130,0.000000,-0.010130
810,0.004112,0.000437,0.045274,0.020913,0.030000,0.009087
811,0.004112,0.003551,0.045292,0.059593,-0.030000,0.029593
812,0.004112,0.004301,0.045317,0.065580,0.100000,0.034420
813,0.004114,0.005610,0.045353,0.074899,0.050000,-0.024899
814,0.004109,0.000042,0.045305,0.006451,0.000000,0.006451
815,0.004104,0.000138,0.045264,0.011751,-0.010000,0.001751
816,0.004099,0.000001,0.045210,0.001089,0.000000,-0.001089
817,0.004095,0.001157,0.045196,0.034013,0.050000,0.015987
818,0.004090,0.000003,0.045142,0.001768,0.000000,-0.001768
819,0.004101,0.013186,0.045228,0.114828,0.100000,-0.014828
820,0.004098,0.001604,0.045222,0.040048,0.050000,0.009952
821,0.004095,0.001835,0.045219,0.042842,0.060000,0.017158
822,0.004090,0.000008,0.045167,0.002871,0.000000,0.002871
823,0.004086,0.000331,0.045134,0.018184,0.000000,0.018184
824,0.004083,0.001759,0.045130,0.041941,0.070000,0.028059
825,0.004087,0.007171,0.045178,0.084682,-0.070000,0.014682
826,0.004115,0.027538,0.045325,0.165947,0.140000,-0.025947
827,0.004142,0.026318,0.045467,0.162228,-0.200000,-0.037772
828,0.004137,0.000014,0.045417,0.003801,-0.050000,-0.046199
829,0.004136,0.002987,0.045428,0.054651,-0.100000,-0.045349
830,0.004131,0.000268,0.045393,0.016368,-0.030000,-0.013632
831,0.004127,0.000679,0.045369,0.026052,-0.050000,-0.023948
832,0.004123,0.000786,0.045348,0.028029,0.000000,-0.028029
833,0.004118,0.000005,0.045296,0.002306,-0.030000,-0.027694
834,0.004114,0.000683,0.045273,0.026127,0.030000,0.003873
835,0.004129,0.016848,0.045375,0.129798,0.130000,0.000202
836,0.004135,0.008888,0.045434,0.094278,-0.040000,0.054278
837,0.004131,0.000581,0.045408,0.024104,0.040000,0.015896
838,0.004126,0.000187,0.045370,0.013669,0.000000,-0.013669
839,0.004121,0.000212,0.045333,0.014549,0.000000,0.014549
840,0.004130,0.011138,0.045405,0.105539,0.110000,0.004461
841,0.004125,0.000321,0.045372,0.017911,0.000000,0.017911
842,0.004124,0.003472,0.045389,0.058926,0.060000,0.001074
843,0.004120,0.000417,0.045359,0.020419,0.000000,0.020419
844,0.004117,0.001705,0.045354,0.041286,0.060000,0.018714
845,0.004113,0.000462,0.045326,0.021494,0.000000,0.021494
846,0.004109,0.000804,0.045305,0.028360,0.000000,0.028360
847,0.004129,0.021036,0.045424,0.145037,-0.120000,0.025037
848,0.004145,0.018094,0.045529,0.134514,-0.110000,0.024514
849,0.004141,0.000634,0.045505,0.025175,-0.050000,-0.024825
850,0.004146,0.007900,0.045556,0.088882,-0.090000,-0.001118
851,0.004141,0.000508,0.045529,0.022548,-0.040000,-0.062548
852,0.004137,0.000077,0.045486,0.008749,-0.050000,-0.058749
853,0.004135,0.002715,0.045494,0.052108,0.000000,-0.052108
854,0.004134,0.003529,0.045510,0.059409,-0.090000,-0.030591
855,0.004130,0.000601,0.045485,0.024520,-0.060000,-0.035480
856,0.004134,0.007918,0.045536,0.088983,0.050000,-0.038983
857,0.004130,0.000148,0.045497,0.012179,-0.020000,-0.007821
858,0.004125,0.000001,0.045445,0.000898,0.000000,0.000898
859,0.004122,0.001688,0.045440,0.041081,-0.030000,0.011081
860,0.004117,0.000150,0.045401,0.012258,0.000000,0.012258
861,0.004119,0.005557,0.045435,0.074543,0.080000,0.005457
862,0.004114,0.000007,0.045385,0.002568,0.000000,0.002568
863,0.004116,0.005450,0.045418,0.073825,-0.070000,0.003825
864,0.004111,0.000019,0.045371,0.004338,0.000000,-0.004338
865,0.004107,0.000159,0.045333,0.012599,0.000000,0.012599
866,0.004102,0.000093,0.045291,0.009626,0.030000,0.020374
867,0.004097,0.000044,0.045246,0.006607,0.000000,0.006607
868,0.004093,0.000285,0.045214,0.016877,0.020000,0.003123
869,0.004092,0.003583,0.045230,0.059856,0.070000,0.010144
870,0.004089,0.000985,0.045214,0.031385,0.000000,0.031385
871,0.004084,0.000003,0.045164,0.001630,0.000000,0.001630
872,0.004082,0.002406,0.045169,0.049050,0.040000,-0.009050
873,0.004085,0.007075,0.045213,0.084111,-0.070000,0.014111
874,0.004081,0.000334,0.045183,0.018284,-0.030000,-0.011716
875,0.004076,0.000003,0.045133,0.001746,-0.030000,-0.031746
876,0.004081,0.007651,0.045181,0.087468,0.070000,-0.017468
877,0.004076,0.000543,0.045156,0.023298,-0.030000,-0.006702
878,0.004073,0.001086,0.045142,0.032957,0.000000,-0.032957
879,0.004070,0.001357,0.045133,0.036844,-0.060000,-0.023156
880,0.004065,0.000041,0.045088,0.006409,0.000000,0.006409
881,0.004063,0.001735,0.045085,0.041654,0.030000,-0.011654
882,0.004059,0.000958,0.045068,0.030944,-0.030000,0.000944
883,0.004075,0.018154,0.045170,0.134738,0.130000,-0.004738
884,0.004226,0.137072,0.045540,0.370232,0.390000,0.019768
885,0.004225,0.002832,0.045549,0.053220,0.000000,0.053220
886,0.004220,0.000005,0.045499,0.002160,0.000000,0.002160
887,0.004218,0.002910,0.045509,0.053947,-0.060000,-0.006053
888,0.004214,0.000327,0.045478,0.018073,0.000000,0.018073
889,0.004212,0.002416,0.045482,0.049157,0.060000,0.010843
890,0.004209,0.001279,0.045471,0.035768,-0.060000,-0.024232
891,0.004206,0.001951,0.045470,0.044167,0.000000,-0.044167
892,0.004242,0.035561,0.045631,0.188576,-0.210000,-0.021424
893,0.004240,0.002854,0.045640,0.053423,-0.090000,-0.036577
894,0.004242,0.006129,0.045676,0.078291,0.040000,-0.038291
895,0.004240,0.002345,0.045679,0.048430,-0.040000,0.008430
896,0.004235,0.000006,0.045631,0.002372,-0.010000,-0.012372
897,0.004233,0.002633,0.045637,0.051312,-0.070000,-0.018688
898,0.004229,0.000001,0.045587,0.001051,0.000000,-0.001051
899,0.004227,0.003049,0.045598,0.055216,-0.030000,0.025216
900,0.004226,0.003432,0.045613,0.058587,-0.050000,0.008587
901,0.004223,0.001033,0.045598,0.032136,-0.050000,-0.017864
902,0.004218,0.000107,0.045558,0.010334,-0.020000,-0.009666
903,0.004216,0.001928,0.045556,0.043913,-0.020000,0.023913
904,0.004212,0.000455,0.045530,0.021337,0.020000,-0.001337
905,0.004208,0.000635,0.045507,0.025200,-0.010000,0.015200
906,0.004204,0.001042,0.045492,0.032278,0.020000,0.052278
907,0.004203,0.003282,0.045505,0.057288,0.000000,0.057288
908,0.004198,0.000006,0.045458,0.002349,0.030000,0.027651
909,0.004197,0.002705,0.045465,0.052007,0.080000,0.027993
910,0.004193,0.000629,0.045442,0.025079,0.000000,0.025079
911,0.004189,0.000542,0.045418,0.023273,0.030000,0.006727
912,0.004190,0.004876,0.045445,0.069830,0.070000,0.000170
913,0.004186,0.001022,0.045430,0.031974,0.050000,0.018026
914,0.004182,0.000298,0.045399,0.017269,0.000000,0.017269
915,0.004186,0.007746,0.045446,0.088009,0.090000,0.001991
916,0.004182,0.000910,0.045429,0.030161,0.050000,0.019839
917,0.004180,0.001930,0.045427,0.043930,0.050000,0.006070
918,0.004175,0.000236,0.045394,0.015373,0.010000,-0.005373
919,0.004171,0.000034,0.045351,0.005799,0.000000,0.005799
920,0.004170,0.003483,0.045366,0.059021,-0.050000,0.009021
921,0.004214,0.044814,0.045548,0.211692,-0.220000,-0.008308
922,0.004213,0.003143,0.045559,0.056058,0.000000,-0.056058
923,0.004216,0.006727,0.045599,0.082017,-0.120000,-0.037983
924,0.004215,0.003209,0.045611,0.056645,-0.090000,-0.033355
925,0.004211,0.000229,0.045578,0.015132,-0.050000,-0.034868
926,0.004218,0.011325,0.045644,0.106421,0.070000,-0.036421
927,0.004216,0.002193,0.045645,0.046828,-0.040000,0.006828
928,0.004213,0.001258,0.045634,0.035475,0.040000,0.004525
929,0.004210,0.001977,0.045633,0.044458,0.050000,0.005542
930,0.004240,0.031243,0.045774,0.176756,0.220000,0.043244
931,0.004235,0.000266,0.045742,0.016296,0.040000,0.056296
932,0.004232,0.000767,0.045723,0.027700,0.050000,0.022300
933,0.004228,0.000979,0.045707,0.031297,0.050000,0.018703
934,0.004225,0.000994,0.045692,0.031520,0.000000,0.031520
935,0.004249,0.026540,0.045818,0.162911,0.170000,0.007089
936,0.004251,0.006705,0.045857,0.081883,-0.060000,0.021883
937,0.004247,0.000137,0.045820,0.011693,0.000000,-0.011693
938,0.004245,0.002751,0.045827,0.052454,-0.060000,-0.007546
939,0.004242,0.000791,0.045808,0.028132,0.000000,-0.028132
940,0.004287,0.046664,0.045990,0.216018,0.190000,-0.026018
941,0.004307,0.023220,0.046104,0.152380,-0.130000,0.022380
942,0.004310,0.007380,0.046146,0.085904,0.060000,-0.025904
943,0.004325,0.018149,0.046240,0.134719,-0.220000,-0.085281
944,0.004361,0.038472,0.046400,0.196143,-0.230000,-0.033857
945,0.004362,0.004892,0.046425,0.069944,-0.130000,-0.060056
946,0.004386,0.026813,0.046549,0.163747,0.110000,-0.053747
947,0.004381,0.000036,0.046506,0.006005,0.000000,-0.006005
948,0.004384,0.006893,0.046545,0.083021,-0.080000,0.003021
949,0.004379,0.000186,0.046510,0.013626,-0.020000,-0.033626
950,0.004375,0.000139,0.046474,0.011804,0.000000,0.011804
951,0.004371,0.000779,0.046454,0.027911,0.020000,0.047911
952,0.004370,0.003056,0.046463,0.055277,0.070000,0.014723
953,0.004366,0.000599,0.046440,0.024473,0.000000,0.024473
954,0.004361,0.000175,0.046405,0.013226,0.030000,0.043226
955,0.004358,0.000874,0.046388,0.029565,0.000000,0.029565
956,0.004353,0.000012,0.046342,0.003484,0.030000,0.026516
957,0.004350,0.001556,0.046335,0.039450,0.070000,0.030550
958,0.004359,0.013162,0.046407,0.114725,0.130000,0.015275
959,0.004359,0.004334,0.046427,0.065830,-0.050000,0.015830
960,0.004390,0.033627,0.046570,0.183376,0.160000,-0.023376
961,0.004390,0.004337,0.046591,0.065856,-0.060000,0.005856
962,0.004386,0.000235,0.046558,0.015319,0.000000,0.015319
963,0.004382,0.001146,0.046545,0.033857,0.000000,-0.033857
964,0.004407,0.028105,0.046671,0.167646,-0.140000,0.027646
965,0.004412,0.009433,0.046723,0.097126,0.090000,-0.007126
966,0.004408,0.000523,0.046699,0.022864,-0.040000,-0.017136
967,0.004408,0.004651,0.046721,0.068198,-0.150000,-0.081802
968,0.004407,0.002669,0.046726,0.051659,-0.060000,-0.111659
969,0.004402,0.000104,0.046688,0.010217,-0.070000,-0.080217
970,0.004398,0.000321,0.046658,0.017914,-0.030000,-0.012086
971,0.004394,0.000735,0.046638,0.027117,0.010000,-0.017117
972,0.004391,0.000903,0.046621,0.030054,0.000000,-0.030054
973,0.004386,0.000429,0.046594,0.020708,-0.020000,0.000708
974,0.004382,0.000131,0.046558,0.011436,0.000000,0.011436
975,0.004378,0.000097,0.046520,0.009827,0.040000,0.030173
976,0.004373,0.000318,0.046491,0.017831,0.030000,0.047831
977,0.004370,0.000840,0.046473,0.028982,0.000000,0.028982
978,0.004366,0.000664,0.046452,0.025768,0.000000,0.025768
979,0.004362,0.000379,0.046424,0.019473,0.000000,0.019473
980,0.004358,0.000075,0.046385,0.008653,0.000000,0.008653
981,0.004353,0.000371,0.046357,0.019269,0.020000,0.000731
982,0.004349,0.000197,0.046324,0.014037,0.000000,0.014037
983,0.004345,0.000137,0.046289,0.011697,0.030000,0.018303
984,0.004342,0.001588,0.046282,0.039850,0.060000,0.020150
985,0.004341,0.003060,0.046292,0.055316,0.070000,0.014684
986,0.004338,0.001577,0.046285,0.039706,0.000000,0.039706
987,0.004341,0.007424,0.046325,0.086164,-0.070000,0.016164
988,0.004337,0.000105,0.046289,0.010225,0.000000,0.010225
989,0.004338,0.005908,0.046320,0.076866,-0.060000,0.016866
990,0.004334,0.000044,0.046280,0.006638,-0.030000,-0.036638
991,0.004330,0.000455,0.046254,0.021338,-0.040000,-0.061338
992,0.004328,0.002260,0.046256,0.047544,-0.100000,-0.052456
993,0.004325,0.001829,0.046252,0.042770,-0.010000,-0.052770
994,0.004321,0.000000,0.046206,0.000524,-0.030000,-0.029476
995,0.004318,0.001394,0.046197,0.037338,-0.040000,-0.002662
996,0.004319,0.005357,0.046224,0.073189,0.060000,-0.013189
997,0.004319,0.003789,0.046240,0.061551,0.060000,-0.001551
998,0.004316,0.001607,0.046233,0.040092,0.060000,0.019908
999,0.004313,0.001477,0.046226,0.038431,0.070000,0.031569
1000,0.004309,0.000000,0.046179,0.000190,0.030000,0.030190
1001,0.004304,0.000029,0.046138,0.005384,0.030000,0.024616
1002,0.004301,0.000377,0.046112,0.019406,0.040000,0.020594
1003,0.004299,0.002705,0.046118,0.052008,-0.040000,0.012008
1004,0.004297,0.002084,0.046117,0.045651,0.030000,-0.015651
1005,0.004293,0.000079,0.046080,0.008905,0.000000,-0.008905
1006,0.004293,0.005062,0.046105,0.071150,-0.070000,0.001150
1007,0.004289,0.000019,0.046063,0.004398,-0.010000,-0.014398
1008,0.004286,0.000928,0.046048,0.030462,-0.040000,-0.009538
1009,0.004285,0.003103,0.046057,0.055704,-0.050000,0.005704
1010,0.004280,0.000000,0.046012,0.000226,0.000000,0.000226
1011,0.004276,0.000036,0.045972,0.006008,0.000000,0.006008
1012,0.004272,0.000037,0.045933,0.006061,0.000000,0.006061
1013,0.004269,0.001685,0.045928,0.041050,-0.030000,0.011050
1014,0.004265,0.000079,0.045891,0.008896,-0.020000,-0.011104
1015,0.004261,0.000122,0.045857,0.011046,-0.020000,-0.008954
1016,0.004257,0.000001,0.045812,0.001143,-0.010000,-0.008857
1017,0.004253,0.000142,0.045779,0.011896,-0.030000,-0.018104
1018,0.004249,0.000001,0.045735,0.001055,-0.020000,-0.018945
1019,0.004244,0.000001,0.045691,0.000991,0.000000,0.000991
1020,0.004240,0.000137,0.045657,0.011713,0.000000,0.011713
1021,0.004236,0.000224,0.045627,0.014977,0.030000,0.015023
1022,0.004232,0.000110,0.045593,0.010486,0.000000,0.010486
1023,0.004230,0.001743,0.045589,0.041745,0.040000,-0.001745
1024,0.004231,0.004976,0.045613,0.070541,0.070000,-0.000541
1025,0.004253,0.026839,0.045729,0.163827,0.190000,0.026173
1026,0.004264,0.015250,0.045805,0.123491,-0.080000,0.043491
1027,0.004260,0.000238,0.045775,0.015419,0.000000,-0.015419
1028,0.004256,0.000668,0.045756,0.025839,-0.030000,-0.004161
1029,0.004252,0.000151,0.045723,0.012277,0.030000,0.017723
1030,0.004248,0.000113,0.045689,0.010627,0.030000,0.019373
1031,0.004247,0.002802,0.045696,0.052929,0.040000,-0.012929
1032,0.004243,0.000639,0.045676,0.025280,-0.040000,-0.014720
1033,0.004250,0.010818,0.045733,0.104010,0.080000,-0.024010
1034,0.004245,0.000027,0.045694,0.005192,0.000000,0.005192
1035,0.004242,0.000290,0.045666,0.017019,0.000000,0.017019
1036,0.004239,0.001100,0.045654,0.033162,-0.030000,0.003162
1037,0.004242,0.007914,0.045696,0.088963,-0.110000,-0.021037
1038,0.004240,0.001916,0.045694,0.043772,-0.070000,-0.026228
1039,0.004236,0.000612,0.045674,0.024744,-0.020000,-0.044744
1040,0.004232,0.000225,0.045644,0.014994,-0.020000,-0.034994
1041,0.004228,0.000012,0.045603,0.003461,-0.020000,-0.016539
1042,0.004225,0.000515,0.045581,0.022700,0.000000,-0.022700
1043,0.004222,0.001128,0.045570,0.033593,0.030000,-0.003593
1044,0.004220,0.002571,0.045575,0.050705,-0.030000,0.020705
1045,0.004225,0.009164,0.045623,0.095730,0.120000,0.024270
1046,0.004233,0.012558,0.045686,0.112063,0.130000,0.017937
1047,0.004255,0.026863,0.045800,0.163900,-0.100000,0.063900
1048,0.004251,0.000573,0.045779,0.023933,0.030000,0.006067
1049,0.004253,0.005775,0.045808,0.075994,0.070000,-0.005994
1050,0.004271,0.023167,0.045910,0.152208,-0.130000,0.022208
1051,0.004284,0.018450,0.045995,0.135830,0.130000,-0.005830
1052,0.004281,0.000687,0.045977,0.026205,0.000000,-0.026205
1053,0.004277,0.000010,0.045936,0.003186,0.000000,0.003186
1054,0.004273,0.000050,0.045899,0.007042,0.000000,0.007042
1055,0.004275,0.006693,0.045933,0.081813,0.040000,-0.041813
1056,0.004277,0.006268,0.045964,0.079172,0.090000,0.010828
1057,0.004273,0.000114,0.045931,0.010675,0.040000,0.029325
1058,0.004283,0.014705,0.046002,0.121264,-0.130000,-0.008736
1059,0.004279,0.000042,0.045965,0.006460,0.000000,-0.006460
1060,0.004277,0.002407,0.045968,0.049057,0.000000,-0.049057
1061,0.004274,0.000678,0.045949,0.026039,-0.030000,-0.003961
1062,0.004274,0.004408,0.045968,0.066391,-0.100000,-0.033609
1063,0.004270,0.000519,0.045946,0.022779,-0.030000,-0.052779
1064,0.004268,0.001920,0.045944,0.043819,-0.070000,-0.026181
1065,0.004264,0.000314,0.045918,0.017724,-0.030000,-0.012276
1066,0.004261,0.000266,0.045890,0.016298,-0.030000,-0.013702
1067,0.004260,0.003425,0.045902,0.058522,0.070000,0.011478
1068,0.004258,0.002657,0.045907,0.051545,-0.030000,0.021545
1069,0.004259,0.004600,0.045928,0.067823,0.100000,0.032177
1070,0.004263,0.008945,0.045973,0.094579,0.130000,0.035421
1071,0.004259,0.000003,0.045932,0.001743,0.040000,0.041743
1072,0.004257,0.002077,0.045932,0.045572,-0.040000,0.005572
1073,0.004253,0.000417,0.045908,0.020424,0.040000,0.019576
1074,0.004255,0.006224,0.045939,0.078891,0.080000,0.001109
1075,0.004252,0.000497,0.045916,0.022283,0.050000,0.027717
1076,0.004248,0.000019,0.045878,0.004375,0.000000,0.004375
1077,0.004244,0.000275,0.045850,0.016579,0.000000,-0.016579
1078,0.004243,0.002668,0.045856,0.051650,-0.050000,0.001650
1079,0.004239,0.000000,0.045814,0.000444,0.000000,0.000444
1080,0.004235,0.000047,0.045777,0.006837,0.000000,-0.006837
1081,0.004233,0.002080,0.045777,0.045610,0.050000,0.004390
1082,0.004231,0.002282,0.045779,0.047769,0.050000,0.002231
1083,0.004227,0.000004,0.045738,0.001909,0.000000,-0.001909
1084,0.004223,0.000085,0.045705,0.009230,0.000000,-0.009230
1085,0.004221,0.002072,0.045704,0.045517,-0.050000,-0.004483
1086,0.004218,0.000443,0.045682,0.021038,0.000000,-0.021038
1087,0.004223,0.010063,0.045732,0.100312,-0.130000,-0.029688
1088,0.004233,0.014540,0.045801,0.120581,-0.160000,-0.039419
1089,0.004229,0.000006,0.045761,0.002439,-0.070000,-0.072439
1090,0.004225,0.000534,0.045740,0.023103,0.000000,-0.023103
1091,0.004221,0.000023,0.045703,0.004830,0.000000,0.004830
1092,0.004218,0.000163,0.045672,0.012773,-0.020000,-0.007227
1093,0.004214,0.000004,0.045632,0.002050,-0.010000,-0.007950
1094,0.004212,0.002592,0.045637,0.050909,-0.040000,0.010909
1095,0.004209,0.000190,0.045608,0.013777,0.020000,0.033777
1096,0.004216,0.012573,0.045669,0.112128,-0.100000,0.012128
1097,0.004223,0.011680,0.045726,0.108072,-0.110000,-0.001928
1098,0.004220,0.000415,0.045703,0.020374,-0.020000,0.000374
1099,0.004216,0.000483,0.045681,0.021981,0.040000,0.018019
1100,0.004212,0.000046,0.045646,0.006786,0.020000,0.013214
1101,0.004209,0.000083,0.045612,0.009106,-0.010000,-0.000894
1102,0.004205,0.000309,0.045587,0.017586,0.010000,-0.007586
1103,0.004201,0.000072,0.045553,0.008497,0.010000,0.018497
1104,0.004199,0.001375,0.045545,0.037087,0.000000,0.037087
1105,0.004195,0.000025,0.045509,0.005029,0.020000,0.025029
1106,0.004191,0.000270,0.045482,0.016426,0.000000,0.016426
1107,0.004188,0.000114,0.045451,0.010659,0.000000,0.010659
1108,0.004184,0.000440,0.045428,0.020964,-0.010000,-0.030964
1109,0.004181,0.000645,0.045410,0.025394,0.000000,-0.025394
1110,0.004178,0.000914,0.045397,0.030240,0.000000,-0.030240
1111,0.004176,0.001503,0.045391,0.038762,0.020000,-0.018762
1112,0.004172,0.000000,0.045350,0.000684,-0.020000,-0.019316
1113,0.004169,0.000415,0.045328,0.020375,-0.010000,-0.030375
1114,0.004165,0.000248,0.045301,0.015758,0.010000,-0.005758
1115,0.004161,0.000049,0.045267,0.006977,0.000000,0.006977
1116,0.004158,0.000664,0.045249,0.025774,0.030000,0.004226
1117,0.004157,0.002615,0.045254,0.051132,0.060000,0.008868
1118,0.004153,0.000105,0.045223,0.010266,0.040000,0.029734
1119,0.004150,0.000491,0.045202,0.022158,-0.010000,0.012158
1120,0.004146,0.000152,0.045173,0.012309,-0.020000,-0.007691
1121,0.004144,0.001030,0.045161,0.032093,0.020000,-0.012093
1122,0.004142,0.001885,0.045159,0.043421,0.050000,0.006579
1123,0.004138,0.000030,0.045124,0.005439,0.020000,0.014561
1124,0.004137,0.003242,0.045135,0.056941,0.060000,0.003059
1125,0.004133,0.000023,0.045099,0.004792,0.000000,0.004792
1126,0.004130,0.000368,0.045075,0.019179,0.030000,0.010821
1127,0.004127,0.000393,0.045053,0.019830,0.000000,0.019830
1128,0.004124,0.001091,0.045042,0.033036,0.030000,-0.003036
1129,0.004121,0.000477,0.045022,0.021837,0.040000,0.018163
1130,0.004117,0.000192,0.044994,0.013871,0.000000,0.013871
1131,0.004115,0.001817,0.044992,0.042628,-0.040000,0.002628
1132,0.004113,0.001115,0.044982,0.033387,-0.060000,-0.026613
1133,0.004111,0.001818,0.044979,0.042634,-0.080000,-0.037366
1134,0.004108,0.001555,0.044975,0.039439,0.000000,-0.039439
1135,0.004105,0.000019,0.044939,0.004357,-0.040000,-0.044357
1136,0.004101,0.000036,0.044904,0.006029,-0.020000,-0.026029
1137,0.004098,0.000618,0.044887,0.024857,0.000000,-0.024857
1138,0.004095,0.000513,0.044867,0.022654,0.020000,-0.002654
1139,0.004092,0.000456,0.044846,0.021357,0.040000,0.018643
1140,0.004088,0.000001,0.044808,0.000852,0.030000,0.030852
1141,0.004085,0.000218,0.044781,0.014773,0.000000,0.014773
1142,0.004084,0.003086,0.044791,0.055556,0.060000,0.004444
1143,0.004089,0.009762,0.044838,0.098805,0.110000,0.011195
1144,0.004085,0.000113,0.044808,0.010641,0.040000,0.029359
1145,0.004083,0.001224,0.044799,0.034986,0.040000,0.005014
1146,0.004118,0.044675,0.044945,0.211364,-0.190000,0.021364
1147,0.004115,0.000014,0.044909,0.003785,0.000000,-0.003785
1148,0.004111,0.000000,0.044870,0.000192,0.000000,-0.000192
1149,0.004108,0.000023,0.044835,0.004834,0.000000,0.004834
1150,0.004105,0.001539,0.044830,0.039230,0.030000,-0.009230
1151,0.004104,0.003090,0.044840,0.055586,-0.090000,-0.034414
1152,0.004107,0.007206,0.044875,0.084890,-0.100000,-0.015110
1153,0.004104,0.000003,0.044837,0.001610,0.000000,-0.001610
1154,0.004182,0.094843,0.045066,0.307965,0.310000,0.002035
1155,0.004179,0.000270,0.045041,0.016443,0.000000,-0.016443
1156,0.004176,0.000527,0.045022,0.022955,0.000000,-0.022955
1157,0.004173,0.001128,0.045012,0.033588,0.000000,-0.033588
1158,0.004176,0.006957,0.045045,0.083406,0.090000,0.006594
1159,0.004187,0.017022,0.045119,0.130468,0.150000,0.019532
1160,0.004184,0.001141,0.045109,0.033779,-0.050000,-0.016221
1161,0.004181,0.000339,0.045086,0.018399,-0.060000,-0.041601
1162,0.004184,0.008396,0.045126,0.091631,0.050000,-0.041631
1163,0.004181,0.000154,0.045098,0.012422,0.000000,0.012422
1164,0.004188,0.012281,0.045155,0.110820,0.120000,0.009180
1165,0.004184,0.000000,0.045116,0.000643,0.000000,0.000643
1166,0.004185,0.005098,0.045139,0.071400,-0.060000,0.011400
1167,0.004184,0.003179,0.045149,0.056380,-0.060000,-0.003620
1168,0.004181,0.000223,0.045123,0.014939,0.000000,0.014939
1169,0.004177,0.000179,0.045096,0.013380,0.000000,0.013380
1170,0.004177,0.004015,0.045111,0.063361,0.050000,-0.013361
1171,0.004174,0.000587,0.045093,0.024220,0.000000,-0.024220
1172,0.004171,0.000003,0.045056,0.001631,0.000000,0.001631
1173,0.004172,0.006083,0.045084,0.077995,-0.060000,0.017995
1174,0.004171,0.002625,0.045089,0.051238,-0.050000,0.001238
1175,0.004168,0.001280,0.045082,0.035778,-0.050000,-0.014222
1176,0.004167,0.002735,0.045088,0.052295,-0.050000,0.002295
1177,0.004165,0.001566,0.045083,0.039578,-0.040000,-0.000422
1178,0.004162,0.000184,0.045056,0.013579,0.000000,-0.013579
1179,0.004159,0.001611,0.045052,0.040133,-0.070000,-0.029867
1180,0.004157,0.001340,0.045045,0.036613,0.030000,-0.006613
1181,0.004154,0.000064,0.045013,0.007982,0.000000,0.007982
1182,0.004155,0.005926,0.045040,0.076984,-0.040000,0.036984
1183,0.004152,0.000045,0.045008,0.006741,0.000000,0.006741
1184,0.004148,0.000123,0.044979,0.011089,0.000000,0.011089
1185,0.004145,0.000042,0.044947,0.006451,0.000000,-0.006451
1186,0.004144,0.003677,0.044960,0.060639,-0.040000,0.020639
1187,0.004141,0.000001,0.044923,0.001003,0.000000,-0.001003
1188,0.004140,0.003252,0.044933,0.057030,0.070000,0.012970
1189,0.004139,0.002445,0.044937,0.049443,-0.040000,0.009443
1190,0.004136,0.001314,0.044929,0.036249,0.040000,0.003751
1191,0.004133,0.000167,0.044902,0.012939,0.000000,0.012939
1192,0.004129,0.000003,0.044866,0.001757,0.000000,-0.001757
1193,0.004126,0.000000,0.044829,0.000641,0.000000,0.000641
1194,0.004124,0.001742,0.044826,0.041741,0.040000,-0.001741
1195,0.004121,0.000169,0.044800,0.012994,0.000000,0.012994
1196,0.004117,0.000345,0.044778,0.018574,-0.030000,-0.011426
1197,0.004117,0.004049,0.044793,0.063630,-0.110000,-0.046370
1198,0.004116,0.001922,0.044793,0.043839,0.010000,-0.033839
1199,0.004114,0.002202,0.044794,0.046926,-0.060000,-0.013074
1200,0.004112,0.002265,0.044797,0.047597,-0.070000,-0.022403
1201,0.004111,0.002342,0.044800,0.048391,0.010000,-0.038391
1202,0.004109,0.001239,0.044792,0.035194,-0.040000,-0.004806
1203,0.004105,0.000009,0.044757,0.002944,0.000000,-0.002944
1204,0.004102,0.000004,0.044721,0.001915,0.000000,0.001915
1205,0.004098,0.000004,0.044685,0.001913,0.010000,0.011913
1206,0.004097,0.002550,0.044690,0.050499,0.070000,0.019501
1207,0.004146,0.063010,0.044862,0.251017,0.270000,0.018983
1208,0.004158,0.018493,0.044938,0.135990,-0.120000,0.015990
1209,0.004154,0.000010,0.044903,0.003213,0.000000,-0.003213
1210,0.004154,0.003050,0.044911,0.055226,0.070000,0.014774
1211,0.004151,0.000617,0.044895,0.024841,0.000000,0.024841
1212,0.004148,0.001093,0.044885,0.033058,0.050000,0.016942
1213,0.004147,0.002695,0.044891,0.051913,0.040000,-0.011913
1214,0.004144,0.000070,0.044861,0.008366,0.000000,-0.008366
1215,0.004143,0.003263,0.044871,0.057121,0.050000,-0.007121
1216,0.004139,0.000001,0.044835,0.001139,0.000000,0.001139
1217,0.004136,0.000364,0.044813,0.019067,0.030000,0.010933
1218,0.004134,0.000977,0.044802,0.031262,-0.020000,0.011262
1219,0.004133,0.003655,0.044815,0.060455,0.050000,-0.010455
1220,0.004130,0.000021,0.044782,0.004551,-0.050000,-0.045449
1221,0.004135,0.010078,0.044828,0.100391,-0.130000,-0.029609
1222,0.004132,0.000447,0.044808,0.021146,-0.040000,-0.061146
1223,0.004130,0.001530,0.044804,0.039113,0.010000,-0.029113
1224,0.004127,0.000908,0.044792,0.030138,-0.040000,-0.009862
1225,0.004126,0.003360,0.044802,0.057969,0.040000,-0.017969
1226,0.004129,0.007135,0.044835,0.084468,0.080000,-0.004468
1227,0.004126,0.000548,0.044817,0.023418,0.040000,0.016582
1228,0.004149,0.032920,0.044929,0.181438,0.210000,0.028562
1229,0.004147,0.000964,0.044918,0.031041,0.060000,0.028959
1230,0.004147,0.004200,0.044934,0.064811,0.000000,0.064811
1231,0.004148,0.005942,0.044960,0.077083,-0.060000,0.017083
1232,0.004145,0.000001,0.044924,0.000767,0.000000,0.000767
1233,0.004143,0.001813,0.044922,0.042574,0.060000,0.017426
1234,0.004140,0.000454,0.044903,0.021299,0.000000,0.021299
1235,0.004141,0.005290,0.044926,0.072731,0.070000,-0.002731
1236,0.004138,0.000112,0.044898,0.010588,0.000000,0.010588
1237,0.004141,0.008791,0.044937,0.093758,-0.070000,0.023758
1238,0.004138,0.000006,0.044903,0.002507,0.000000,0.002507
1239,0.004135,0.000580,0.044886,0.024093,0.000000,0.024093
1240,0.004134,0.002056,0.044886,0.045340,0.070000,0.024660
1241,0.004138,0.009646,0.044930,0.098214,-0.070000,0.028214
1242,0.004135,0.000345,0.044908,0.018570,0.000000,-0.018570
1243,0.004134,0.002767,0.044914,0.052605,0.010000,-0.042605
1244,0.004148,0.021424,0.044996,0.146369,-0.170000,-0.023631
1245,0.004157,0.015731,0.045061,0.125421,-0.170000,-0.044579
1246,0.004156,0.003014,0.045069,0.054903,0.000000,-0.054903
1247,0.004153,0.000235,0.045045,0.015343,-0.040000,-0.024657
1248,0.004168,0.023230,0.045131,0.152415,-0.150000,0.002415
1249,0.004172,0.009006,0.045171,0.094900,0.080000,-0.014900
1250,0.004170,0.001184,0.045163,0.034412,0.000000,0.034412
1251,0.004170,0.004849,0.045182,0.069632,0.000000,0.069632
1252,0.004167,0.000445,0.045163,0.021092,0.030000,0.051092
1253,0.004167,0.004182,0.045179,0.064671,-0.030000,0.034671
1254,0.004164,0.000413,0.045159,0.020329,-0.010000,0.010329
1255,0.004162,0.000621,0.045143,0.024928,0.000000,0.024928
1256,0.004158,0.000215,0.045118,0.014677,0.000000,0.014677
1257,0.004156,0.000636,0.045102,0.025216,0.040000,0.014784
1258,0.004152,0.000042,0.045072,0.006496,0.000000,0.006496
1259,0.004151,0.002501,0.045076,0.050007,0.080000,0.029993
1260,0.004153,0.006554,0.045104,0.080957,-0.050000,0.030957
1261,0.004152,0.002690,0.045110,0.051863,0.050000,-0.001863
1262,0.004149,0.000298,0.045087,0.017272,0.040000,0.022728
1263,0.004149,0.003950,0.045102,0.062852,-0.040000,0.022852
1264,0.004145,0.000011,0.045068,0.003322,0.000000,0.003322
1265,0.004142,0.000011,0.045035,0.003261,0.000000,0.003261
1266,0.004139,0.000043,0.045005,0.006541,-0.040000,-0.046541
1267,0.004136,0.000100,0.044977,0.009976,-0.070000,-0.060024
1268,0.004133,0.001106,0.044968,0.033253,-0.040000,-0.073253
1269,0.004130,0.000421,0.044948,0.020515,0.000000,-0.020515
1270,0.004127,0.000176,0.044923,0.013284,-0.030000,-0.016716
1271,0.004124,0.000071,0.044895,0.008410,-0.060000,-0.051590
1272,0.004123,0.003145,0.044903,0.056079,0.040000,-0.016079
1273,0.004122,0.002542,0.044908,0.050418,0.060000,0.009582
1274,0.004121,0.003167,0.044917,0.056277,-0.030000,0.026277
1275,0.004118,0.000558,0.044900,0.023619,0.030000,0.006381
1276,0.004115,0.000002,0.044866,0.001376,0.030000,0.031376
1277,0.004114,0.003153,0.044875,0.056154,0.070000,0.013846
1278,0.004115,0.005027,0.044895,0.070900,0.090000,0.019100
1279,0.004118,0.007357,0.044927,0.085771,0.100000,0.014229
1280,0.004115,0.000414,0.044908,0.020338,0.000000,0.020338
1281,0.004119,0.010099,0.044951,0.100493,0.120000,0.019507
1282,0.004117,0.001585,0.044947,0.039815,0.000000,0.039815
1283,0.004115,0.001167,0.044939,0.034165,0.000000,0.034165
1284,0.004112,0.000061,0.044910,0.007807,0.000000,0.007807
1285,0.004109,0.000048,0.044880,0.006925,0.000000,0.006925
1286,0.004106,0.000211,0.044856,0.014510,0.000000,0.014510
1287,0.004103,0.000028,0.044826,0.005284,0.000000,0.005284
1288,0.004099,0.000020,0.044794,0.004451,0.000000,-0.004451
1289,0.004096,0.000219,0.044771,0.014795,0.000000,0.014795
1290,0.004095,0.001835,0.044769,0.042831,-0.060000,-0.017169
1291,0.004115,0.029769,0.044869,0.172536,-0.190000,-0.017464
1292,0.004111,0.000002,0.044835,0.001382,-0.080000,-0.081382
1293,0.004108,0.000122,0.044809,0.011054,-0.070000,-0.058946
1294,0.004106,0.001859,0.044807,0.043113,0.000000,-0.043113
1295,0.004104,0.000281,0.044786,0.016749,-0.030000,-0.046749
1296,0.004101,0.000463,0.044768,0.021518,0.000000,-0.021518
1297,0.004106,0.011599,0.044816,0.107698,0.100000,-0.007698
1298,0.004104,0.000799,0.044803,0.028273,0.000000,0.028273
1299,0.004102,0.001447,0.044798,0.038043,0.000000,0.038043
1300,0.004099,0.000644,0.044783,0.025381,0.000000,0.025381
1301,0.004097,0.001827,0.044782,0.042749,0.080000,0.037251
1302,0.004095,0.001389,0.044776,0.037265,0.000000,0.037265
1303,0.004093,0.000726,0.044762,0.026950,0.000000,0.026950
1304,0.004090,0.000490,0.044745,0.022136,0.040000,0.017864
1305,0.004117,0.039527,0.044863,0.198815,0.210000,0.011185
1306,0.004114,0.000232,0.044840,0.015229,0.060000,0.044771
1307,0.004112,0.000827,0.044828,0.028763,0.000000,0.028763
1308,0.004109,0.000342,0.044808,0.018493,0.030000,0.011507
1309,0.004108,0.003028,0.044816,0.055026,-0.030000,0.025026
1310,0.004105,0.000272,0.044794,0.016479,0.000000,0.016479
1311,0.004112,0.013470,0.044849,0.116060,-0.110000,0.006060
1312,0.004114,0.006392,0.044875,0.079953,-0.100000,-0.020047
1313,0.004112,0.001157,0.044867,0.034012,-0.080000,-0.045988
1314,0.004112,0.003944,0.044881,0.062799,0.000000,-0.062799
1315,0.004198,0.117559,0.045108,0.342869,0.300000,-0.042869
1316,0.004196,0.001244,0.045101,0.035277,0.060000,0.024723
1317,0.004193,0.000051,0.045072,0.007152,0.000000,0.007152
1318,0.004190,0.000026,0.045041,0.005146,0.000000,-0.005146
1319,0.004186,0.000013,0.045010,0.003557,0.000000,-0.003557
1320,0.004190,0.008392,0.045045,0.091609,-0.060000,0.031609
1321,0.004188,0.002154,0.045046,0.046406,-0.060000,-0.013594
1322,0.004186,0.000872,0.045034,0.029534,0.000000,-0.029534
1323,0.004182,0.000011,0.045003,0.003262,-0.010000,-0.013262
1324,0.004183,0.005566,0.045025,0.074607,0.060000,-0.014607
1325,0.004192,0.015162,0.045084,0.123135,-0.120000,0.003135
1326,0.004197,0.010894,0.045129,0.104373,-0.110000,-0.005627
1327,0.004194,0.000342,0.045109,0.018484,0.000000,0.018484