# TEST CONFIGURATION BEGIN
# File Stream: filename: hourly_bikesharing_humidity.csv  -  n_targets: 1
# [hourly_bikesharing_humidity_HTREE] Pipeline: RegressionHoeffdingTree: max_byte_size: 33554432 - memory_estimate_period: 1000000 - grace_period: 200 - split_criterion: variance reduction - split_confidence: 1e-07 - tie_threshold: 0.05 - binary_split: False - stop_mem_management: False - remove_poor_atts: False - no_pre_prune: False - leaf_prediction: perceptron - nb_threshold: 0 - nominal_attributes: [] - 
# Prequential Evaluator: n_wait: 1 - max_samples: 600000 - max_time: 10000000 - output_file: hourly_bikesharing_humidity_HTREE_SIZE_4 - batch_size: 1 - pretrain_size: 5 - task_type: regression - show_plot: False - metrics: ['mean_square_error', 'mean_absolute_error', 'true_vs_predicted']
# TEST CONFIGURATION END
id,global_mse_[hourly_bikesharing_humidity_HTREE],sliding_mse_[hourly_bikesharing_humidity_HTREE],global_mae_[hourly_bikesharing_humidity_HTREE],sliding_mae_[hourly_bikesharing_humidity_HTREE],true_value_[hourly_bikesharing_humidity_HTREE],predicted_value_[hourly_bikesharing_humidity_HTREE]
5,0.000022,0.000022,0.004716,0.004716,0.050000,0.045284
6,0.000131,0.000239,0.010089,0.015462,0.000000,0.015462
7,0.038878,0.116373,0.120437,0.341134,0.060000,-0.281134
8,0.038173,0.036057,0.137800,0.189888,0.000000,0.189888
9,0.032193,0.008273,0.128432,0.090958,-0.010000,0.080958
10,0.026833,0.000033,0.107982,0.005737,0.000000,0.005737
11,0.023002,0.000013,0.093077,0.003648,0.070000,0.066352
12,0.020517,0.003122,0.088427,0.055877,-0.060000,-0.004123
13,0.020853,0.023544,0.095651,0.153442,0.000000,-0.153442
14,0.019317,0.005489,0.093495,0.074091,0.060000,-0.014091
15,0.017683,0.001346,0.088332,0.036695,0.060000,0.096695
16,0.017922,0.020550,0.092917,0.143351,-0.060000,0.083351
17,0.017188,0.008376,0.092809,0.091519,0.000000,-0.091519
18,0.020023,0.056880,0.103215,0.238496,-0.170000,0.068496
19,0.048210,0.442832,0.140698,0.665456,-0.010000,-0.675456
20,0.050154,0.079314,0.149506,0.281628,-0.050000,-0.331628
21,0.049324,0.036045,0.151879,0.189854,0.050000,0.239854
22,0.046772,0.003379,0.146671,0.058131,0.050000,-0.008131
23,0.044948,0.012122,0.144746,0.110100,-0.100000,-0.210100
24,0.042986,0.005708,0.141287,0.075550,-0.050000,-0.125550
25,0.049752,0.185069,0.155044,0.430196,0.000000,-0.430196
26,0.047599,0.002384,0.150216,0.048822,0.100000,0.051178
27,0.046999,0.033810,0.151679,0.183874,0.050000,-0.133874
28,0.045045,0.000107,0.145790,0.010342,-0.100000,-0.110342
29,0.043248,0.000116,0.140390,0.010790,-0.140000,-0.150790
30,0.046569,0.129585,0.148836,0.359979,-0.110000,-0.469979
31,0.045713,0.023466,0.148997,0.153185,-0.040000,-0.193185
32,0.044355,0.007676,0.146805,0.087610,-0.030000,0.057610
33,0.044422,0.046308,0.149163,0.215194,0.050000,0.265194
34,0.043859,0.027535,0.149722,0.165935,0.000000,0.165935
35,0.042455,0.000327,0.145476,0.018086,0.030000,0.048086
36,0.041185,0.001825,0.142264,0.042714,-0.030000,-0.072714
37,0.039944,0.000235,0.138418,0.015338,0.000000,-0.015338
38,0.040558,0.060821,0.141601,0.246620,0.030000,-0.216620
39,0.041617,0.077614,0.145515,0.278593,0.000000,-0.278593
40,0.040967,0.018200,0.145220,0.134909,0.030000,-0.104909
41,0.039862,0.000113,0.141583,0.010651,0.000000,-0.010651
42,0.039070,0.009742,0.140455,0.098701,0.000000,0.098701
43,0.038155,0.003402,0.138349,0.058328,-0.070000,-0.011672
44,0.038147,0.037835,0.139753,0.194513,0.000000,-0.194513
45,0.038584,0.056072,0.142120,0.236796,-0.030000,-0.266796
46,0.037889,0.009375,0.141041,0.096825,-0.050000,-0.146825
47,0.037458,0.019369,0.140998,0.139174,0.000000,-0.139174
48,0.036620,0.000588,0.138345,0.024258,-0.050000,-0.074258
49,0.035810,0.000165,0.135556,0.012856,0.000000,0.012856
50,0.035177,0.006697,0.134388,0.081837,0.000000,-0.081837
51,0.034637,0.009774,0.133632,0.098864,0.000000,0.098864
52,0.033952,0.001761,0.131723,0.041963,0.020000,-0.021963
53,0.034336,0.052773,0.133723,0.229724,0.150000,-0.079724
54,0.033745,0.004785,0.132432,0.069176,0.000000,0.069176
55,0.033564,0.024510,0.132905,0.156558,0.170000,0.013442
56,0.033764,0.043955,0.134381,0.209655,0.050000,-0.159655
57,0.033542,0.022034,0.134646,0.148437,-0.140000,0.008437
58,0.038981,0.327208,0.142746,0.572021,0.000000,-0.572021
59,0.041455,0.175077,0.147758,0.418422,0.040000,-0.378422
60,0.040740,0.001393,0.145786,0.037325,0.040000,0.077325
61,0.041179,0.065793,0.147728,0.256502,0.000000,-0.256502
62,0.040661,0.011101,0.146998,0.105363,0.050000,0.155363
63,0.040014,0.002498,0.145353,0.049975,0.060000,0.010025
64,0.039728,0.022832,0.145449,0.151103,0.000000,-0.151103
65,0.039174,0.005958,0.144330,0.077188,-0.050000,0.027188
66,0.038679,0.008499,0.143489,0.092192,-0.050000,-0.142192
67,0.040550,0.156534,0.147492,0.395644,0.050000,-0.345644
68,0.039916,0.000003,0.145213,0.001637,-0.180000,-0.181637
69,0.042151,0.185183,0.149599,0.430329,0.000000,-0.430329
70,0.042714,0.079298,0.151599,0.281600,0.050000,-0.231600
71,0.042393,0.021196,0.151509,0.145587,-0.040000,0.105587
72,0.041847,0.005276,0.150349,0.072634,0.000000,-0.072634
73,0.041250,0.000682,0.148549,0.026113,-0.030000,-0.056113
74,0.040943,0.019709,0.148432,0.140390,-0.010000,0.130390
75,0.041687,0.093779,0.150655,0.306233,0.000000,-0.306233
76,0.041122,0.000981,0.148997,0.031317,0.000000,0.031317
77,0.040564,0.000406,0.147232,0.020157,0.000000,0.020157
78,0.041893,0.138938,0.150280,0.372744,0.160000,-0.212744
79,0.041593,0.019375,0.150132,0.139195,0.000000,0.139195
80,0.041256,0.015980,0.149820,0.126413,0.050000,0.176413
81,0.040774,0.004172,0.148713,0.064592,-0.050000,0.014592
82,0.040264,0.000993,0.147211,0.031519,0.100000,0.068481
83,0.039846,0.007242,0.146424,0.085102,0.000000,-0.085102
84,0.040371,0.081822,0.148170,0.286046,-0.260000,0.026046
85,0.040957,0.087829,0.149999,0.296360,-0.010000,-0.306360
86,0.041870,0.115830,0.152320,0.340338,0.000000,-0.340338
87,0.042159,0.065826,0.153576,0.256566,-0.040000,0.216566
88,0.041665,0.000703,0.152064,0.026518,-0.030000,-0.056518
89,0.042276,0.093588,0.153874,0.305922,-0.030000,0.275922
90,0.041826,0.003615,0.152784,0.060125,0.000000,0.060125
91,0.042076,0.063580,0.153926,0.252150,-0.040000,-0.292150
92,0.041759,0.014151,0.153529,0.118958,0.000000,0.118958
93,0.041292,0.000211,0.151967,0.014518,-0.030000,-0.044518
94,0.041228,0.035466,0.152371,0.188325,-0.020000,-0.208325
95,0.040918,0.013086,0.151953,0.114392,0.000000,0.114392
96,0.040674,0.018486,0.151780,0.135964,0.000000,0.135964
97,0.040252,0.001367,0.150545,0.036979,0.100000,0.136979
98,0.039830,0.000594,0.149203,0.024377,0.000000,-0.024377
99,0.039660,0.023696,0.149253,0.153935,0.000000,0.153935
100,0.039274,0.002594,0.148229,0.050927,0.090000,0.039073
101,0.038875,0.000596,0.146952,0.024419,0.040000,0.015581
102,0.038480,0.000129,0.145569,0.011367,0.040000,0.051367
103,0.038093,0.000184,0.144235,0.013556,-0.080000,-0.066444
104,0.037850,0.013826,0.143969,0.117586,0.080000,-0.037586
105,0.038290,0.082282,0.145383,0.286849,0.090000,-0.196849
106,0.037919,0.000428,0.144161,0.020694,0.000000,0.020694
107,0.037552,0.000112,0.142864,0.010580,0.000000,0.010580
108,0.037283,0.009600,0.142432,0.097981,0.050000,-0.047981
109,0.037013,0.008883,0.141973,0.094249,-0.060000,0.034249
110,0.036871,0.021987,0.142033,0.148280,-0.040000,-0.188280
111,0.036528,0.000182,0.140832,0.013506,0.000000,0.013506
112,0.036611,0.045512,0.141503,0.213336,-0.080000,0.133336
113,0.036338,0.006861,0.140965,0.082830,-0.040000,-0.122830
114,0.036021,0.001451,0.140030,0.038098,-0.030000,-0.068098
115,0.036259,0.062370,0.141018,0.249740,-0.090000,0.159740
116,0.035942,0.000782,0.140009,0.027958,0.000000,-0.027958
117,0.035673,0.005581,0.139431,0.074708,0.010000,0.084708
118,0.035870,0.058081,0.140322,0.241000,0.000000,0.241000
119,0.035564,0.000694,0.139331,0.026346,0.020000,0.046346
120,0.035265,0.000921,0.138391,0.030340,0.130000,0.099660
121,0.035005,0.004817,0.137801,0.069406,0.000000,0.069406
122,0.034869,0.018971,0.137801,0.137737,0.040000,-0.097737
123,0.034577,0.000142,0.136743,0.011914,-0.040000,-0.028086
124,0.034318,0.003433,0.136092,0.058591,0.040000,-0.018591
125,0.034101,0.008132,0.135712,0.090178,-0.040000,-0.130178
126,0.033869,0.005795,0.135224,0.076124,0.080000,0.003876
127,0.033609,0.001894,0.134478,0.043520,0.050000,0.093520
128,0.033339,0.000053,0.133452,0.007271,0.050000,0.057271
129,0.033110,0.004721,0.132934,0.068707,0.000000,0.068707
130,0.032863,0.002016,0.132236,0.044896,0.000000,-0.044896
131,0.032821,0.027561,0.132502,0.166014,-0.140000,0.026014
132,0.033844,0.163735,0.134628,0.404642,0.140000,-0.264642
133,0.033625,0.005530,0.134161,0.074367,0.000000,-0.074367
134,0.034115,0.097356,0.135529,0.312019,-0.180000,0.132019
135,0.034052,0.025846,0.135721,0.160768,-0.040000,-0.200768
136,0.033819,0.003350,0.135132,0.057882,-0.100000,-0.157882
137,0.033565,0.000037,0.134162,0.006108,0.030000,0.036108
138,0.033458,0.019187,0.134194,0.138516,-0.030000,-0.168516
139,0.034072,0.116310,0.135726,0.341042,0.000000,0.341042
140,0.033824,0.000465,0.134887,0.021567,0.030000,0.051567
141,0.033596,0.002531,0.134270,0.050307,-0.030000,-0.080307
142,0.033467,0.015806,0.134208,0.125721,0.000000,0.125721
143,0.033292,0.009160,0.133931,0.095709,0.000000,-0.095709
144,0.033064,0.001341,0.133236,0.036620,0.030000,-0.006620
145,0.033072,0.034141,0.133601,0.184772,0.150000,-0.034772
146,0.032894,0.007892,0.133286,0.088839,-0.080000,0.008839
147,0.032676,0.001672,0.132640,0.040894,0.000000,-0.040894
148,0.032501,0.007443,0.132318,0.086271,-0.040000,-0.126271
149,0.032278,0.000278,0.131520,0.016666,0.080000,0.063334
150,0.032059,0.000292,0.130736,0.017078,0.000000,-0.017078
151,0.031851,0.001372,0.130099,0.037042,0.040000,0.077042
152,0.031796,0.023836,0.130263,0.154389,0.000000,0.154389
153,0.031606,0.003476,0.129785,0.058958,0.000000,-0.058958
154,0.031403,0.001085,0.129139,0.032944,0.000000,0.032944
155,0.031516,0.048480,0.129742,0.220181,0.190000,-0.030181
156,0.031344,0.005388,0.129371,0.073403,0.000000,0.073403
157,0.031172,0.004966,0.128986,0.070473,0.000000,0.070473
158,0.031263,0.045172,0.129529,0.212537,0.190000,-0.022537
159,0.031120,0.009081,0.129308,0.095292,0.000000,-0.095292
160,0.030921,0.000128,0.128551,0.011293,-0.130000,-0.118707
161,0.031236,0.080385,0.129538,0.283522,-0.110000,-0.393522
162,0.031049,0.001772,0.128985,0.042092,-0.100000,-0.057908
163,0.030882,0.004397,0.128591,0.066309,-0.150000,-0.216309
164,0.030694,0.000818,0.127966,0.028604,-0.120000,-0.148604
165,0.030706,0.032617,0.128293,0.180603,0.000000,0.180603
166,0.030813,0.048091,0.128855,0.219297,-0.030000,0.189297
167,0.030702,0.012674,0.128755,0.112579,0.080000,0.192579
168,0.030661,0.023928,0.128913,0.154688,0.020000,0.174688
169,0.030838,0.060005,0.129616,0.244960,-0.030000,0.214960
170,0.030712,0.009897,0.129435,0.099485,0.000000,-0.099485
171,0.030586,0.009658,0.129248,0.098276,0.030000,-0.068276
172,0.030417,0.002093,0.128751,0.045752,-0.030000,0.015752
173,0.030417,0.030555,0.129024,0.174801,0.030000,-0.144801
174,0.030239,0.000012,0.128285,0.003456,0.030000,0.033456
175,0.030139,0.013165,0.128206,0.114737,0.000000,0.114737
176,0.029965,0.000235,0.127550,0.015346,0.040000,0.024654
177,0.029815,0.004080,0.127181,0.063876,0.000000,0.063876
178,0.029644,0.000043,0.126488,0.006544,0.070000,0.063456
179,0.029491,0.002896,0.126073,0.053815,0.000000,-0.053815
180,0.029406,0.014555,0.126042,0.120643,-0.040000,0.080643
181,0.029251,0.001946,0.125579,0.044108,0.040000,-0.004108
182,0.029093,0.001027,0.125054,0.032050,-0.040000,-0.007950
183,0.028934,0.000746,0.124508,0.027310,-0.030000,-0.057310
184,0.028807,0.006049,0.124248,0.077774,-0.030000,-0.107774
185,0.028714,0.011868,0.124163,0.108943,-0.030000,0.078943
186,0.028565,0.001730,0.123710,0.041599,-0.030000,0.011599
187,0.028437,0.005153,0.123426,0.071785,-0.030000,0.041785
188,0.028412,0.023673,0.123591,0.153862,-0.020000,0.133862
189,0.028287,0.005314,0.123317,0.072897,0.030000,0.102897
190,0.028227,0.017149,0.123359,0.130956,-0.010000,0.120956
191,0.028133,0.010741,0.123253,0.103639,0.030000,0.133639
192,0.027984,0.000147,0.122662,0.012138,0.030000,0.017862
193,0.027837,0.000103,0.122067,0.010151,0.030000,0.040151
194,0.027709,0.003518,0.121736,0.059314,0.030000,-0.029314
195,0.027577,0.002472,0.121359,0.049721,0.000000,-0.049721
196,0.027435,0.000305,0.120818,0.017454,0.000000,-0.017454
197,0.027337,0.008613,0.120673,0.092807,0.040000,-0.052807
198,0.027196,0.000001,0.120056,0.001016,0.000000,0.001016
199,0.027060,0.000552,0.119561,0.023498,0.000000,0.023498
200,0.026934,0.002442,0.119203,0.049421,0.000000,0.049421
201,0.026824,0.005206,0.118964,0.072155,0.000000,0.072155
202,0.026690,0.000287,0.118449,0.016946,0.040000,0.056946
203,0.026567,0.002296,0.118095,0.047917,0.000000,0.047917
204,0.026568,0.026742,0.118322,0.163530,-0.040000,0.123530
205,0.026436,0.000025,0.117758,0.004980,0.000000,-0.004980
206,0.026319,0.002827,0.117438,0.053169,0.000000,0.053169
207,0.026190,0.000049,0.116894,0.007027,0.000000,-0.007027
208,0.026061,0.000006,0.116333,0.002425,0.000000,0.002425
209,0.025974,0.008110,0.116205,0.090058,-0.030000,0.060058
210,0.025864,0.003249,0.115918,0.056997,-0.070000,-0.013003
211,0.025840,0.021091,0.116059,0.145227,0.000000,-0.145227
212,0.025738,0.004493,0.115824,0.067027,0.000000,-0.067027
213,0.025628,0.002773,0.115521,0.052661,0.000000,0.052661
214,0.025506,0.000118,0.115023,0.010859,0.000000,0.010859
215,0.025387,0.000307,0.114561,0.017518,0.000000,0.017518
216,0.025268,0.000104,0.114069,0.010187,0.000000,-0.010187
217,0.025220,0.015137,0.114111,0.123031,0.070000,-0.053031
218,0.025105,0.000499,0.113682,0.022349,0.030000,0.007651
219,0.025016,0.005983,0.113513,0.077348,0.090000,0.012652
220,0.024944,0.009493,0.113438,0.097434,0.000000,-0.097434
221,0.024831,0.000366,0.113004,0.019130,0.000000,0.019130
222,0.024717,0.000029,0.112510,0.005423,0.000000,-0.005423
223,0.024606,0.000539,0.112103,0.023213,0.000000,0.023213
224,0.024561,0.014598,0.112142,0.120822,-0.040000,0.080822
225,0.024452,0.000454,0.111731,0.021310,0.000000,-0.021310
226,0.024376,0.007558,0.111619,0.086939,0.000000,0.086939
227,0.024273,0.001526,0.111294,0.039059,0.000000,0.039059
228,0.024259,0.020958,0.111444,0.144767,-0.040000,0.104767
229,0.024158,0.001636,0.111128,0.040453,0.000000,0.040453
230,0.024052,0.000181,0.110696,0.013447,0.000000,0.013447
231,0.023947,0.000191,0.110269,0.013815,-0.040000,-0.053815
232,0.023893,0.011619,0.110258,0.107789,0.040000,-0.067789
233,0.023865,0.017606,0.110356,0.132687,0.080000,-0.052687
234,0.023771,0.002093,0.110075,0.045749,0.000000,0.045749
235,0.023901,0.053827,0.110603,0.232007,0.210000,-0.022007
236,0.023925,0.029425,0.110866,0.171539,0.060000,-0.111539
237,0.023833,0.002560,0.110607,0.050598,0.000000,0.050598
238,0.024028,0.069539,0.111261,0.263703,0.070000,-0.193703
239,0.023935,0.002051,0.110981,0.045293,0.000000,-0.045293
240,0.023842,0.002025,0.110701,0.044995,0.000000,-0.044995
241,0.023809,0.016024,0.110768,0.126586,-0.070000,-0.196586
242,0.023710,0.000262,0.110371,0.016198,0.070000,0.053802
243,0.023631,0.004788,0.110198,0.069196,0.000000,-0.069196
244,0.023577,0.010692,0.110170,0.103401,-0.070000,0.033401
245,0.023481,0.000548,0.109810,0.023415,0.000000,-0.023415
246,0.023385,0.000297,0.109427,0.017230,0.000000,-0.017230
247,0.023315,0.006259,0.109303,0.079114,0.000000,0.079114
248,0.023248,0.006962,0.109197,0.083439,0.070000,-0.013439
249,0.023844,0.169267,0.110430,0.411421,-0.240000,0.171421
250,0.023850,0.025300,0.110628,0.159060,-0.100000,-0.259060
251,0.023972,0.053992,0.111121,0.232362,0.000000,-0.232362
252,0.024004,0.031846,0.111392,0.178454,-0.040000,0.138454
253,0.023919,0.003029,0.111166,0.055035,-0.040000,0.015035
254,0.023835,0.002846,0.110935,0.053347,-0.040000,0.013347
255,0.023860,0.029964,0.111182,0.173100,-0.030000,0.143100
256,0.023916,0.037981,0.111515,0.194888,0.030000,-0.164888
257,0.023829,0.002030,0.111252,0.045058,0.000000,0.045058
258,0.023793,0.014793,0.111293,0.121628,-0.030000,0.091628
259,0.023896,0.049964,0.111733,0.223527,0.030000,-0.193527
260,0.023805,0.000666,0.111397,0.025802,0.000000,-0.025802
261,0.023741,0.007239,0.111295,0.085080,0.000000,0.085080
262,0.023649,0.000012,0.110877,0.003463,0.030000,0.026537
263,0.023558,0.000187,0.110502,0.013675,0.050000,0.063675
264,0.023469,0.000260,0.110139,0.016124,0.000000,0.016124
265,0.023396,0.004423,0.109971,0.066509,0.040000,-0.026509
266,0.023308,0.000479,0.109635,0.021895,0.000000,0.021895
267,0.023260,0.010525,0.109608,0.102593,-0.090000,0.012593
268,0.023278,0.028153,0.109829,0.167787,0.000000,-0.167787
269,0.023213,0.005883,0.109704,0.076700,0.000000,-0.076700
270,0.023145,0.005135,0.109561,0.071660,0.000000,0.071660
271,0.023059,0.000177,0.109200,0.013286,0.000000,0.013286
272,0.022981,0.002357,0.108974,0.048544,0.040000,0.088544
273,0.022915,0.005148,0.108836,0.071752,0.000000,0.071752
274,0.022835,0.001319,0.108567,0.036315,-0.040000,-0.003685
275,0.022758,0.001819,0.108324,0.042652,0.000000,-0.042652
276,0.022684,0.002668,0.108115,0.051654,0.000000,-0.051654
277,0.022601,0.000060,0.107748,0.007746,-0.060000,-0.067746
278,0.022553,0.009457,0.107709,0.097247,0.000000,-0.097247
279,0.022474,0.000796,0.107420,0.028219,-0.030000,-0.001781
280,0.022395,0.000667,0.107125,0.025823,0.000000,0.025823
281,0.022316,0.000463,0.106816,0.021525,-0.030000,-0.008475
282,0.022243,0.002081,0.106596,0.045620,0.000000,0.045620
283,0.022165,0.000485,0.106292,0.022033,0.020000,-0.002033
284,0.022086,0.000181,0.105961,0.013443,0.000000,-0.013443
285,0.022009,0.000260,0.105641,0.016139,0.070000,0.053861
286,0.021932,0.000329,0.105331,0.018140,0.000000,0.018140
287,0.021861,0.001837,0.105110,0.042864,-0.010000,0.032864
288,0.021787,0.000900,0.104846,0.029994,0.000000,0.029994
289,0.021713,0.000678,0.104569,0.026032,0.040000,0.066032
290,0.021652,0.004451,0.104437,0.066715,0.000000,0.066715
291,0.021577,0.000039,0.104095,0.006219,0.040000,0.033781
292,0.021533,0.008744,0.104058,0.093508,0.000000,0.093508
293,0.021465,0.002070,0.103855,0.045498,0.000000,0.045498
294,0.021394,0.000750,0.103591,0.027380,0.000000,0.027380
295,0.021324,0.001042,0.103346,0.032280,0.000000,0.032280
296,0.021281,0.008927,0.103316,0.094483,0.200000,0.105517
297,0.021246,0.010974,0.103321,0.104756,-0.060000,-0.164756
298,0.021179,0.001459,0.103099,0.038201,0.010000,0.048201
299,0.021108,0.000161,0.102793,0.012688,-0.140000,-0.152688
300,0.021065,0.008506,0.102757,0.092229,-0.040000,-0.132229
301,0.021021,0.007925,0.102711,0.089020,-0.070000,-0.159020
302,0.020955,0.001257,0.102485,0.035455,-0.070000,-0.034545
303,0.020925,0.012099,0.102510,0.109994,0.040000,0.149994
304,0.020858,0.000782,0.102262,0.027965,-0.030000,-0.002035
305,0.020847,0.017652,0.102364,0.132859,0.030000,0.162859
306,0.020779,0.000407,0.102091,0.020172,0.000000,-0.020172
307,0.020715,0.001345,0.101876,0.036681,0.060000,0.096681
308,0.020688,0.012285,0.101905,0.110837,0.120000,0.009163
309,0.020629,0.002907,0.101748,0.053920,0.000000,-0.053920
310,0.020589,0.008287,0.101713,0.091033,0.100000,0.008967
311,0.020569,0.014358,0.101772,0.119825,0.000000,-0.119825
312,0.020533,0.009438,0.101757,0.097148,-0.140000,-0.042852
313,0.020670,0.063104,0.102240,0.251206,0.000000,-0.251206
314,0.020679,0.023501,0.102405,0.153302,0.040000,-0.113302
315,0.020635,0.006798,0.102341,0.082452,0.000000,0.082452
316,0.020574,0.001677,0.102144,0.040952,0.000000,-0.040952
317,0.020536,0.008532,0.102113,0.092366,0.000000,0.092366
318,0.020476,0.001753,0.101921,0.041874,0.000000,0.041874
319,0.020444,0.010469,0.101922,0.102316,0.040000,-0.062316
320,0.020396,0.005213,0.101828,0.072198,0.000000,0.072198
321,0.020340,0.002716,0.101671,0.052115,0.000000,0.052115
322,0.020367,0.028883,0.101886,0.169949,0.010000,-0.159949
323,0.020328,0.007982,0.101847,0.089341,-0.050000,0.039341
324,0.020277,0.003966,0.101725,0.062973,-0.040000,-0.102973
325,0.020215,0.000264,0.101459,0.016250,-0.070000,-0.053750
326,0.020164,0.004003,0.101340,0.063265,-0.100000,-0.036735
327,0.020165,0.020397,0.101469,0.142819,0.010000,-0.132819
328,0.020103,0.000079,0.101183,0.008860,-0.030000,-0.038860
329,0.020099,0.018847,0.101294,0.137283,-0.020000,0.117283
330,0.020042,0.001443,0.101100,0.037983,0.020000,0.057983
331,0.019983,0.000669,0.100870,0.025867,0.090000,0.115867
332,0.019990,0.022274,0.101017,0.149244,-0.060000,0.089244
333,0.019931,0.000584,0.100784,0.024161,0.000000,-0.024161
334,0.019877,0.002258,0.100622,0.047524,0.000000,0.047524
335,0.019817,0.000000,0.100320,0.000697,0.030000,0.030697
336,0.019768,0.003512,0.100197,0.059264,0.030000,-0.029264
337,0.019715,0.002101,0.100034,0.045842,0.110000,0.064158
338,0.019696,0.013539,0.100082,0.116356,0.000000,0.116356
339,0.019646,0.002674,0.099938,0.051708,0.000000,-0.051708
340,0.019648,0.020629,0.100068,0.143628,0.130000,-0.013628
341,0.019627,0.012290,0.100100,0.110862,-0.130000,-0.019138
342,0.019696,0.043116,0.100418,0.207645,0.000000,-0.207645
343,0.019725,0.029415,0.100628,0.171507,0.000000,-0.171507
344,0.019675,0.002915,0.100491,0.053987,0.000000,0.053987
345,0.019629,0.003842,0.100378,0.061987,-0.010000,-0.071987
346,0.019579,0.002586,0.100233,0.050852,-0.040000,-0.090852
347,0.019524,0.000656,0.100015,0.025604,0.000000,0.025604
348,0.019491,0.008149,0.099987,0.090275,-0.070000,-0.160275
349,0.019435,0.000322,0.099749,0.017932,-0.030000,-0.012068
350,0.019380,0.000422,0.099520,0.020538,-0.060000,-0.039462
351,0.019328,0.001074,0.099328,0.032767,0.010000,-0.022767
352,0.019272,0.000045,0.099062,0.006721,0.020000,0.026721
353,0.019242,0.008733,0.099046,0.093451,0.000000,0.093451
354,0.019225,0.013435,0.099094,0.115909,-0.010000,0.105909
355,0.019171,0.000000,0.098812,0.000001,0.030000,0.030001
356,0.019118,0.000575,0.098599,0.023974,0.070000,0.046026
357,0.019064,0.000152,0.098355,0.012347,0.000000,0.012347
358,0.019021,0.003651,0.098248,0.060427,0.040000,-0.020427
359,0.018968,0.000424,0.098029,0.020580,-0.020000,0.000580
360,0.018925,0.003583,0.097922,0.059862,-0.090000,-0.030138
361,0.018985,0.040282,0.098210,0.200704,0.070000,-0.130704
362,0.018935,0.001119,0.098029,0.033453,-0.030000,-0.063453
363,0.018898,0.005539,0.097963,0.074422,-0.010000,0.064422
364,0.018849,0.001274,0.097790,0.035696,0.000000,-0.035696
365,0.018809,0.004595,0.097707,0.067790,0.000000,0.067790
366,0.018758,0.000172,0.097473,0.013114,0.000000,0.013114
367,0.018710,0.001652,0.097317,0.040649,0.000000,-0.040649
368,0.018660,0.000415,0.097105,0.020362,0.070000,0.090362
369,0.018614,0.001783,0.096955,0.042223,-0.030000,0.012223
370,0.018583,0.007421,0.096925,0.086144,0.000000,-0.086144
371,0.018543,0.003943,0.096832,0.062796,0.030000,-0.032796
372,0.018496,0.001017,0.096656,0.031895,0.050000,0.018105
373,0.018472,0.009748,0.096661,0.098732,-0.080000,0.018732
374,0.018464,0.015632,0.096738,0.125026,0.000000,-0.125026
375,0.018415,0.000013,0.096487,0.003594,-0.040000,-0.036406
376,0.018388,0.008355,0.096473,0.091407,0.040000,-0.051407
377,0.018339,0.000387,0.096267,0.019676,0.000000,-0.019676
378,0.018291,0.000049,0.096029,0.006992,0.040000,0.046992
379,0.018242,0.000200,0.095810,0.014126,0.040000,0.054126
380,0.018205,0.004066,0.095725,0.063767,0.040000,-0.023767
381,0.018242,0.032127,0.095947,0.179240,0.210000,0.030760
382,0.018194,0.000372,0.095744,0.019276,0.000000,-0.019276
383,0.018204,0.021748,0.095880,0.147471,0.130000,-0.017471
384,0.018156,0.000258,0.095670,0.016065,-0.070000,-0.086065
385,0.018130,0.008233,0.095657,0.090735,0.000000,-0.090735
386,0.018136,0.020170,0.095779,0.142022,0.000000,-0.142022
387,0.018089,0.000341,0.095577,0.018477,-0.060000,-0.041523
388,0.018042,0.000107,0.095355,0.010320,0.070000,0.059680
389,0.018005,0.003608,0.095263,0.060064,0.000000,-0.060064
390,0.018072,0.044074,0.095560,0.209938,-0.050000,0.159938
391,0.018035,0.003545,0.095467,0.059540,-0.020000,-0.079540
392,0.017998,0.003615,0.095376,0.060127,0.000000,0.060127
393,0.017952,0.000021,0.095143,0.004626,0.070000,0.074626
394,0.017921,0.006174,0.095100,0.078575,0.060000,-0.018575
395,0.017944,0.026746,0.095275,0.163542,0.000000,0.163542
396,0.017904,0.002343,0.095156,0.048400,0.000000,0.048400
397,0.017859,0.000123,0.094942,0.011091,0.000000,-0.011091
398,0.017816,0.000905,0.094777,0.030079,0.000000,0.030079
399,0.017777,0.002383,0.094661,0.048818,0.000000,0.048818
400,0.017745,0.005075,0.094602,0.071239,0.000000,0.071239
401,0.017727,0.010773,0.094625,0.103794,0.000000,0.103794
402,0.017699,0.006532,0.094590,0.080823,0.000000,0.080823
403,0.017656,0.000493,0.094409,0.022204,-0.010000,0.012204
404,0.017625,0.005256,0.094354,0.072499,0.010000,0.082499
405,0.017598,0.006985,0.094327,0.083575,0.000000,-0.083575
406,0.017555,0.000018,0.094103,0.004229,0.000000,-0.004229
407,0.017520,0.003771,0.094022,0.061409,-0.060000,0.001409
408,0.017627,0.060595,0.094399,0.246160,-0.060000,-0.306160
409,0.017612,0.011373,0.094429,0.106642,-0.190000,-0.083358
410,0.017843,0.111749,0.095020,0.334289,-0.040000,-0.374289
411,0.017813,0.005369,0.094966,0.073271,-0.040000,-0.113271
412,0.017771,0.000928,0.094808,0.030458,0.040000,0.070458
413,0.017755,0.010963,0.094832,0.104702,-0.010000,0.094702
414,0.017717,0.002127,0.094713,0.046117,0.040000,0.086117
415,0.017703,0.012217,0.094752,0.110529,-0.040000,0.070529
416,0.017663,0.001224,0.094607,0.034987,-0.080000,-0.045013
417,0.017621,0.000004,0.094382,0.001885,0.000000,0.001885
418,0.017583,0.001915,0.094260,0.043763,0.030000,-0.013763
419,0.017542,0.000560,0.094090,0.023660,0.000000,0.023660
420,0.017500,0.000081,0.093885,0.008984,0.040000,0.048984
421,0.017472,0.006077,0.093847,0.077958,0.000000,0.077958
422,0.017431,0.000419,0.093672,0.020475,0.000000,0.020475
423,0.017391,0.000628,0.093508,0.025053,0.000000,-0.025053
424,0.017353,0.001251,0.093369,0.035365,0.000000,0.035365
425,0.017312,0.000330,0.093191,0.018166,0.040000,0.021834
426,0.017275,0.001339,0.093057,0.036598,0.000000,-0.036598
427,0.017282,0.020452,0.093175,0.143010,-0.050000,0.093010
428,0.017245,0.001417,0.093044,0.037641,0.000000,-0.037641
429,0.017204,0.000032,0.092838,0.005665,-0.030000,-0.024335
430,0.017168,0.001876,0.092722,0.043313,-0.040000,0.003313
431,0.017129,0.000644,0.092564,0.025371,-0.030000,-0.004629
432,0.017107,0.007612,0.092552,0.087247,-0.030000,0.057247
433,0.017068,0.000396,0.092382,0.019909,0.030000,0.049909
434,0.017032,0.001431,0.092256,0.037829,0.000000,0.037829
435,0.017010,0.007710,0.092245,0.087804,0.000000,0.087804
436,0.016971,0.000030,0.092044,0.005446,0.040000,0.045446
437,0.016932,0.000056,0.091849,0.007475,0.000000,0.007475
438,0.016897,0.001753,0.091734,0.041864,0.070000,0.028136
439,0.016861,0.001186,0.091602,0.034441,0.000000,-0.034441
440,0.016822,0.000138,0.091419,0.011749,0.040000,0.028251
441,0.016787,0.001233,0.091290,0.035108,0.000000,-0.035108
442,0.016762,0.005761,0.091255,0.075899,0.050000,-0.025899
443,0.016724,0.000243,0.091083,0.015587,0.000000,-0.015587
444,0.016696,0.004566,0.091029,0.067570,0.050000,-0.017570
445,0.016659,0.000028,0.090835,0.005274,0.000000,0.005274
446,0.016636,0.006601,0.090813,0.081247,0.050000,-0.031247
447,0.016605,0.002967,0.090731,0.054469,0.050000,-0.004469
448,0.016580,0.005384,0.090692,0.073379,0.070000,-0.003379
449,0.016770,0.101371,0.091204,0.318388,-0.270000,0.048388
450,0.017081,0.155246,0.091883,0.394013,-0.050000,-0.444013
451,0.017086,0.019266,0.091987,0.138803,-0.040000,-0.178803
452,0.017051,0.001666,0.091873,0.040814,-0.040000,0.000814
453,0.017027,0.006238,0.091845,0.078979,0.040000,-0.038979
454,0.017004,0.006757,0.091823,0.082199,-0.040000,0.042199
455,0.017015,0.022048,0.091949,0.148487,-0.060000,0.088487
456,0.016986,0.003520,0.091877,0.059327,-0.140000,-0.199327
457,0.016957,0.003931,0.091812,0.062701,-0.060000,0.002701
458,0.016927,0.003549,0.091741,0.059577,0.040000,-0.019577
459,0.016890,0.000164,0.091568,0.012819,0.010000,-0.002819
460,0.016902,0.022039,0.091692,0.148456,0.000000,0.148456
461,0.016867,0.000843,0.091555,0.029035,0.020000,0.049035
462,0.016831,0.000364,0.091397,0.019080,0.020000,0.039080
463,0.016796,0.000900,0.091263,0.030007,0.000000,-0.030007
464,0.016763,0.001583,0.091151,0.039793,0.030000,-0.009793
465,0.016729,0.001300,0.091032,0.036062,0.050000,0.013938
466,0.016718,0.011375,0.091066,0.106655,0.030000,-0.076655
467,0.016682,0.000057,0.090885,0.007550,-0.030000,-0.037550
468,0.016666,0.009621,0.090901,0.098086,0.070000,-0.028086
469,0.016631,0.000020,0.090715,0.004508,-0.040000,-0.044508
470,0.016597,0.001187,0.090594,0.034453,0.000000,-0.034453
471,0.016564,0.000870,0.090464,0.029495,0.000000,-0.029495
472,0.016530,0.000766,0.090329,0.027681,0.070000,0.042319
473,0.016507,0.005561,0.090296,0.074572,-0.040000,0.034572
474,0.016472,0.000184,0.090133,0.013569,0.000000,-0.013569
475,0.016440,0.001624,0.090027,0.040305,0.000000,0.040305
476,0.016408,0.001205,0.089910,0.034715,-0.030000,0.004715
477,0.016378,0.002030,0.089815,0.045052,0.000000,-0.045052
478,0.016343,0.000005,0.089630,0.002299,-0.030000,-0.027701
479,0.016317,0.004110,0.089576,0.064111,0.000000,0.064111
480,0.016283,0.000077,0.089407,0.008789,-0.030000,-0.021211
481,0.016255,0.002816,0.089330,0.053063,-0.020000,0.033063
482,0.016232,0.004980,0.089291,0.070566,-0.050000,0.020566
483,0.016198,0.000086,0.089124,0.009257,0.000000,-0.009257
484,0.016166,0.000779,0.088997,0.027914,0.000000,0.027914
485,0.016133,0.000414,0.088854,0.020336,0.070000,0.049664
486,0.016112,0.006047,0.088831,0.077764,0.000000,0.077764
487,0.016080,0.000466,0.088692,0.021583,0.100000,0.078417
488,0.016054,0.003572,0.088632,0.059767,-0.040000,0.019767
489,0.016033,0.006193,0.088611,0.078696,0.080000,0.001304
490,0.016027,0.012765,0.088662,0.112981,0.080000,-0.032981
491,0.015995,0.000715,0.088534,0.026748,0.000000,0.026748
492,0.015963,0.000051,0.088368,0.007107,0.000000,-0.007107
493,0.015959,0.013980,0.088429,0.118237,0.050000,-0.068237
494,0.015927,0.000369,0.088287,0.019222,0.000000,0.019222
495,0.015896,0.000837,0.088166,0.028926,-0.050000,-0.078926
496,0.015864,0.000000,0.087988,0.000465,0.000000,-0.000465
497,0.015832,0.000067,0.087826,0.008185,0.010000,0.018185
498,0.015800,0.000146,0.087673,0.012071,0.040000,0.027929
499,0.015799,0.015174,0.087745,0.123183,-0.080000,0.043183
500,0.015768,0.000648,0.087619,0.025456,-0.080000,-0.054544
501,0.015742,0.002922,0.087552,0.054060,-0.030000,-0.084060
502,0.015712,0.000468,0.087419,0.021643,-0.060000,-0.038357
503,0.015690,0.004774,0.087383,0.069094,-0.040000,0.029094
504,0.015680,0.011011,0.087418,0.104932,-0.050000,0.054932
505,0.015671,0.011023,0.087453,0.104990,0.000000,0.104990
506,0.015644,0.002165,0.087371,0.046532,-0.020000,0.026532
507,0.015623,0.005196,0.087341,0.072086,0.000000,0.072086
508,0.015598,0.002865,0.087274,0.053529,0.040000,0.093529
509,0.015567,0.000152,0.087125,0.012309,0.000000,0.012309
510,0.015541,0.002368,0.087049,0.048659,0.060000,0.011341
511,0.015511,0.000009,0.086883,0.002924,0.000000,-0.002924
512,0.015480,0.000018,0.086721,0.004196,0.020000,0.024196
513,0.015453,0.001547,0.086627,0.039332,0.030000,-0.009332
514,0.015423,0.000074,0.086474,0.008594,0.000000,0.008594
515,0.015393,0.000032,0.086316,0.005669,0.040000,0.045669
516,0.015363,0.000066,0.086164,0.008142,0.000000,-0.008142
517,0.015333,0.000408,0.086035,0.020202,0.030000,0.050202
518,0.015304,0.000442,0.085909,0.021013,0.000000,-0.021013
519,0.015277,0.001373,0.085814,0.037052,0.000000,0.037052
520,0.015248,0.000324,0.085682,0.018005,0.000000,0.018005
521,0.015220,0.000663,0.085566,0.025745,0.010000,0.035745
522,0.015230,0.020498,0.085678,0.143170,-0.080000,0.063170
523,0.015257,0.029265,0.085842,0.171071,0.010000,-0.161071
524,0.015256,0.014347,0.085907,0.119779,0.040000,-0.079779
525,0.015229,0.001277,0.085811,0.035734,-0.040000,-0.004266
526,0.015204,0.002251,0.085738,0.047444,0.010000,-0.037444
527,0.015184,0.004549,0.085703,0.067446,0.030000,-0.037446
528,0.015162,0.003759,0.085656,0.061309,-0.060000,0.001309
529,0.015188,0.029018,0.085817,0.170348,0.070000,-0.100348
530,0.015166,0.003582,0.085768,0.059850,0.030000,-0.029850
531,0.015141,0.002042,0.085691,0.045191,0.090000,0.044809
532,0.015113,0.000016,0.085536,0.003944,-0.050000,-0.053944
533,0.015091,0.003673,0.085489,0.060603,0.050000,-0.010603
534,0.015077,0.007424,0.085490,0.086161,0.040000,-0.046161
535,0.015053,0.002647,0.085426,0.051451,0.000000,-0.051451
536,0.015025,0.000095,0.085284,0.009725,0.010000,0.000275
537,0.015009,0.006320,0.085273,0.079500,0.050000,-0.029500
538,0.014981,0.000479,0.085154,0.021892,0.000000,0.021892
539,0.014960,0.003264,0.085102,0.057135,0.000000,-0.057135
540,0.014934,0.001435,0.085014,0.037882,0.050000,0.012118
541,0.014907,0.000006,0.084860,0.002529,0.000000,0.002529
542,0.014879,0.000023,0.084712,0.004819,0.000000,-0.004819
543,0.014853,0.000743,0.084605,0.027265,0.000000,0.027265
544,0.014835,0.005557,0.084586,0.074545,0.000000,0.074545
545,0.014855,0.025449,0.084725,0.159529,-0.100000,0.059529
546,0.014846,0.009948,0.084753,0.099741,-0.040000,-0.139741
547,0.014824,0.002960,0.084697,0.054407,0.000000,-0.054407
548,0.014800,0.001883,0.084621,0.043393,-0.040000,0.003393
549,0.014774,0.000269,0.084496,0.016396,0.000000,0.016396
550,0.014784,0.020410,0.084602,0.142865,-0.110000,0.032865
551,0.014757,0.000277,0.084478,0.016636,-0.030000,-0.013364
552,0.014737,0.003805,0.084437,0.061688,0.000000,-0.061688
553,0.014713,0.001192,0.084346,0.034524,0.030000,0.064524
554,0.014689,0.001858,0.084271,0.043101,0.040000,0.083101
555,0.014689,0.014709,0.084338,0.121279,0.160000,0.038721
556,0.014670,0.004195,0.084302,0.064770,0.000000,0.064770
557,0.014646,0.001060,0.084209,0.032563,0.000000,-0.032563
558,0.014620,0.000313,0.084089,0.017690,-0.010000,-0.027690
559,0.014594,0.000000,0.083938,0.000131,0.000000,0.000131
560,0.014581,0.007676,0.083944,0.087614,0.050000,-0.037614
561,0.014566,0.006230,0.083935,0.078930,-0.040000,0.038930
562,0.014546,0.003427,0.083890,0.058541,0.040000,0.098541
563,0.014582,0.034551,0.084072,0.185878,0.170000,-0.015878
564,0.014563,0.003753,0.084031,0.061265,0.000000,0.061265
565,0.014541,0.002442,0.083970,0.049417,0.010000,0.059417
566,0.014516,0.000177,0.083844,0.013297,0.000000,0.013297
567,0.014497,0.004040,0.083808,0.063560,0.000000,0.063560
568,0.014485,0.007663,0.083814,0.087536,0.060000,-0.027536
569,0.014460,0.000439,0.083703,0.020950,0.000000,-0.020950
570,0.014444,0.005305,0.083684,0.072833,0.000000,0.072833
571,0.014427,0.004868,0.083659,0.069770,0.000000,-0.069770
572,0.014402,0.000019,0.083520,0.004305,0.000000,0.004305
573,0.014376,0.000023,0.083381,0.004745,0.000000,-0.004745
574,0.014357,0.003507,0.083339,0.059217,0.000000,0.059217
575,0.014349,0.009596,0.083365,0.097959,0.000000,0.097959
576,0.014665,0.195452,0.083992,0.442099,-0.380000,0.062099
577,0.015154,0.294471,0.084792,0.542651,0.000000,-0.542651
578,0.015274,0.083892,0.085149,0.289640,0.140000,-0.149640
579,0.015274,0.015815,0.085220,0.125756,0.000000,0.125756
580,0.015248,0.000000,0.085072,0.000371,0.050000,0.050371
581,0.015230,0.004768,0.085045,0.069049,0.000000,0.069049
582,0.015212,0.004927,0.085019,0.070195,0.000000,0.070195
583,0.015324,0.080376,0.085362,0.283506,0.060000,-0.223506
584,0.015322,0.013963,0.085418,0.118167,-0.050000,0.068167
585,0.015303,0.004381,0.085385,0.066190,0.000000,0.066190
586,0.015306,0.016607,0.085460,0.128869,0.000000,-0.128869
587,0.015280,0.000437,0.085349,0.020899,0.000000,0.020899
588,0.015259,0.003035,0.085297,0.055089,0.050000,-0.005089
589,0.015233,0.000208,0.085176,0.014421,0.000000,0.014421
590,0.015207,0.000006,0.085035,0.002360,0.060000,0.057640
591,0.015182,0.000205,0.084914,0.014317,0.000000,-0.014317
592,0.015158,0.001064,0.084825,0.032612,0.000000,0.032612
593,0.015138,0.003468,0.084781,0.058886,0.000000,-0.058886
594,0.015130,0.010653,0.084813,0.103213,0.070000,-0.033213
595,0.015105,0.000216,0.084694,0.014683,0.000000,0.014683
596,0.015080,0.000223,0.084576,0.014936,0.000000,-0.014936
597,0.015086,0.018462,0.084663,0.135875,-0.130000,0.005875
598,0.015093,0.019501,0.084755,0.139646,0.060000,-0.079646
599,0.015068,0.000206,0.084637,0.014350,-0.060000,-0.074350
600,0.015046,0.002033,0.084570,0.045087,-0.050000,-0.004913
601,0.015021,0.000004,0.084432,0.001898,0.000000,0.001898
602,0.014996,0.000091,0.084307,0.009517,0.000000,0.009517
603,0.014982,0.006752,0.084303,0.082170,-0.050000,0.032170
604,0.014970,0.007435,0.084306,0.086228,0.050000,-0.036228
605,0.014987,0.025573,0.084432,0.159916,-0.100000,0.059916
606,0.014964,0.000966,0.084344,0.031081,-0.050000,-0.018919
607,0.014951,0.007238,0.084345,0.085077,0.040000,-0.045077
608,0.014933,0.003699,0.084306,0.060817,0.000000,0.060817
609,0.014915,0.004336,0.084275,0.065845,0.000000,0.065845
610,0.014891,0.000138,0.084156,0.011726,0.000000,0.011726
611,0.014867,0.000339,0.084047,0.018411,0.050000,0.068411
612,0.014844,0.001208,0.083966,0.034750,-0.050000,-0.015250
613,0.014825,0.003280,0.083922,0.057273,-0.050000,0.007273
614,0.014811,0.006289,0.083915,0.079301,-0.040000,0.039301
615,0.014787,0.000061,0.083790,0.007827,0.040000,0.032173
616,0.014767,0.002243,0.083731,0.047363,0.050000,0.002637
617,0.014747,0.002738,0.083679,0.052325,0.000000,0.052325
618,0.014746,0.014117,0.083737,0.118815,-0.050000,0.068815
619,0.014722,0.000006,0.083605,0.002479,-0.040000,-0.037521
620,0.014706,0.004877,0.083582,0.069838,0.050000,-0.019838
621,0.014693,0.006525,0.083578,0.080777,0.090000,0.009223
622,0.014700,0.019372,0.083668,0.139184,-0.090000,0.049184
623,0.014677,0.000001,0.083534,0.001084,0.000000,0.001084
624,0.014683,0.018727,0.083620,0.136845,0.090000,-0.046845
625,0.014660,0.000372,0.083517,0.019275,0.000000,-0.019275
626,0.014644,0.004907,0.083495,0.070053,0.050000,-0.020053
627,0.014621,0.000006,0.083365,0.002432,0.000000,0.002432
628,0.014600,0.001397,0.083291,0.037376,0.060000,0.022624
629,0.014595,0.011462,0.083329,0.107059,0.000000,-0.107059
630,0.014573,0.000981,0.083246,0.031320,0.000000,-0.031320
631,0.014550,0.000248,0.083138,0.015733,0.000000,-0.015733
632,0.014528,0.000955,0.083055,0.030898,0.000000,-0.030898
633,0.014529,0.014923,0.083117,0.122160,0.130000,0.007840
634,0.014506,0.000023,0.082993,0.004806,0.000000,-0.004806
635,0.014558,0.047220,0.083206,0.217302,-0.070000,0.147302
636,0.014535,0.000143,0.083093,0.011947,0.000000,-0.011947
637,0.014513,0.000308,0.082990,0.017558,0.000000,0.017558
638,0.014507,0.010662,0.083022,0.103255,-0.060000,0.043255
639,0.014485,0.001045,0.082942,0.032325,0.000000,-0.032325
640,0.014487,0.015719,0.083009,0.125376,-0.050000,0.075376
641,0.014551,0.055067,0.083247,0.234664,-0.230000,0.004664
642,0.014655,0.080962,0.083562,0.284539,0.090000,-0.194539
643,0.014637,0.003094,0.083518,0.055621,0.000000,-0.055621
644,0.014650,0.022630,0.083623,0.150432,-0.050000,0.100432
645,0.014627,0.000183,0.083514,0.013520,0.000000,-0.013520
646,0.014607,0.001897,0.083451,0.043553,0.000000,0.043553
647,0.014592,0.005146,0.083433,0.071735,0.090000,0.018265
648,0.014578,0.005456,0.083418,0.073863,0.000000,-0.073863
649,0.014568,0.008207,0.083429,0.090593,0.000000,0.090593
650,0.014554,0.005355,0.083414,0.073178,0.050000,-0.023178
651,0.014539,0.005108,0.083395,0.071469,0.000000,-0.071469
652,0.014524,0.004388,0.083369,0.066239,-0.050000,0.016239
653,0.014501,0.000000,0.083241,0.000513,0.000000,-0.000513
654,0.014484,0.003011,0.083197,0.054868,-0.010000,0.044868
655,0.014462,0.000378,0.083099,0.019438,0.000000,0.019438
656,0.014441,0.000684,0.083012,0.026158,0.000000,0.026158
657,0.014438,0.012411,0.083055,0.111404,-0.050000,0.061404
658,0.014416,0.000125,0.082946,0.011159,0.050000,0.038841
659,0.014397,0.001903,0.082886,0.043627,0.050000,0.006373
660,0.014399,0.015926,0.082952,0.126198,-0.050000,0.076198
661,0.014387,0.006265,0.082946,0.079152,-0.050000,0.029152
662,0.014367,0.001119,0.082871,0.033445,0.000000,-0.033445
663,0.014345,0.000015,0.082751,0.003928,0.000000,0.003928
664,0.014323,0.000026,0.082633,0.005061,0.000000,-0.005061
665,0.014317,0.010167,0.082661,0.100829,-0.040000,0.060829
666,0.014295,0.000015,0.082542,0.003925,0.040000,0.036075
667,0.014274,0.000209,0.082439,0.014457,-0.040000,-0.025543
668,0.014255,0.001534,0.082374,0.039161,0.040000,0.000839
669,0.014234,0.000452,0.082282,0.021259,-0.030000,-0.008741
670,0.014213,0.000506,0.082192,0.022498,0.030000,0.007502
671,0.014192,0.000030,0.082077,0.005461,-0.040000,-0.045461
672,0.014191,0.013541,0.082128,0.116364,0.060000,-0.056364
673,0.014170,0.000017,0.082012,0.004099,-0.020000,-0.024099
674,0.014152,0.001762,0.081952,0.041972,0.000000,-0.041972
675,0.014132,0.000744,0.081870,0.027279,0.000000,-0.027279
676,0.014123,0.008300,0.081884,0.091105,0.050000,-0.041105
677,0.014102,0.000040,0.081772,0.006357,0.000000,0.006357
678,0.014087,0.004272,0.081748,0.065363,0.050000,-0.015363
679,0.014067,0.000591,0.081663,0.024314,0.000000,0.024314
680,0.014047,0.000009,0.081546,0.003046,0.000000,-0.003046
681,0.014114,0.059799,0.081787,0.244538,0.240000,-0.004538
682,0.014093,0.000061,0.081678,0.007835,0.000000,-0.007835
683,0.014092,0.013010,0.081726,0.114059,0.000000,0.114059
684,0.014073,0.001009,0.081652,0.031770,0.000000,-0.031770
685,0.014052,0.000366,0.081560,0.019135,0.000000,0.019135
686,0.014032,0.000386,0.081470,0.019643,0.000000,-0.019643
687,0.014309,0.202805,0.082010,0.450338,-0.070000,-0.520338
688,0.014288,0.000073,0.081902,0.008552,0.000000,0.008552
689,0.014295,0.019172,0.081985,0.138465,0.000000,-0.138465
690,0.014290,0.010646,0.082016,0.103178,-0.060000,0.043178
691,0.014710,0.302914,0.082697,0.550376,-0.050000,0.500376
692,0.014851,0.111577,0.083063,0.334031,0.000000,0.334031
693,0.014928,0.068213,0.083321,0.261176,0.000000,0.261176
694,0.014928,0.014480,0.083375,0.120333,0.060000,0.180333
695,0.014958,0.036204,0.083530,0.190274,0.000000,0.190274
696,0.014951,0.009630,0.083551,0.098132,0.060000,0.158132
697,0.014940,0.007697,0.083557,0.087731,0.000000,0.087731
698,0.014930,0.007825,0.083564,0.088459,0.000000,0.088459
699,0.014908,0.000037,0.083452,0.006063,0.060000,0.066063
700,0.014891,0.002989,0.083411,0.054671,0.000000,0.054671
701,0.014878,0.005722,0.083400,0.075647,0.000000,0.075647
702,0.014858,0.000969,0.083325,0.031134,0.000000,0.031134
703,0.014844,0.004617,0.083303,0.067949,0.000000,0.067949
704,0.014823,0.000611,0.083219,0.024722,0.000000,0.024722
705,0.014806,0.002412,0.083171,0.049110,0.000000,0.049110
706,0.014790,0.004024,0.083143,0.063438,0.000000,0.063438
707,0.014936,0.117046,0.083511,0.342119,0.000000,0.342119
708,0.015045,0.091701,0.083822,0.302821,0.000000,0.302821
709,0.015027,0.002622,0.083776,0.051207,0.000000,0.051207
710,0.015009,0.002372,0.083726,0.048704,0.070000,0.118704
711,0.015009,0.015218,0.083783,0.123362,-0.070000,0.053362
712,0.014998,0.006625,0.083779,0.081396,0.000000,-0.081396
713,0.014979,0.001973,0.083724,0.044423,0.000000,-0.044423
714,0.014980,0.015579,0.083782,0.124817,-0.110000,0.014817
715,0.014961,0.001097,0.083710,0.033124,-0.060000,-0.026876
716,0.014941,0.000929,0.083636,0.030473,-0.050000,-0.019527
717,0.014998,0.055443,0.083848,0.235463,-0.180000,0.055463
718,0.014982,0.003556,0.083815,0.059630,-0.110000,-0.050370
719,0.014961,0.000384,0.083725,0.019609,0.030000,0.010391
720,0.014942,0.001370,0.083659,0.037017,0.030000,0.067017
721,0.014932,0.007845,0.083666,0.088569,-0.010000,0.078569
722,0.014928,0.012174,0.083703,0.110338,-0.030000,0.080338
723,0.014913,0.003537,0.083670,0.059474,0.000000,0.059474
724,0.014893,0.000868,0.083594,0.029454,-0.040000,-0.010546
725,0.014875,0.001542,0.083533,0.039266,0.040000,0.000734
726,0.014857,0.002172,0.083482,0.046603,-0.010000,0.036603
727,0.014837,0.000486,0.083397,0.022049,0.000000,0.022049
728,0.014826,0.006812,0.083396,0.082537,0.070000,-0.012537
729,0.014814,0.005715,0.083385,0.075596,-0.070000,0.005596
730,0.014799,0.004566,0.083363,0.067574,0.070000,0.002426
731,0.014780,0.000915,0.083290,0.030245,0.000000,-0.030245
732,0.014768,0.005883,0.083281,0.076698,-0.030000,0.046698
733,0.014755,0.004918,0.083263,0.070125,-0.040000,-0.110125
734,0.014737,0.001766,0.083207,0.042030,0.000000,-0.042030
735,0.014718,0.000716,0.083129,0.026761,-0.030000,-0.003239
736,0.014702,0.002944,0.083090,0.054262,0.000000,-0.054262
737,0.014693,0.008630,0.083103,0.092897,-0.030000,0.062897
738,0.014674,0.000572,0.083023,0.023918,0.000000,-0.023918
739,0.014654,0.000107,0.082924,0.010363,0.000000,-0.010363
740,0.014637,0.001699,0.082867,0.041217,0.030000,-0.011217
741,0.014617,0.000089,0.082767,0.009457,0.000000,0.009457
742,0.014597,0.000003,0.082658,0.001610,0.000000,-0.001610
743,0.014591,0.009971,0.082681,0.099854,0.070000,0.169854
744,0.014585,0.010681,0.082709,0.103347,0.080000,-0.023347
745,0.014570,0.003459,0.082676,0.058811,-0.040000,0.018811
746,0.014551,0.000067,0.082576,0.008166,-0.040000,-0.031834
747,0.014531,0.000124,0.082480,0.011133,-0.030000,-0.018867
748,0.014550,0.028457,0.082596,0.168693,0.150000,-0.018693
749,0.014536,0.003642,0.082566,0.060351,0.040000,-0.020351
750,0.014675,0.118611,0.082917,0.344399,0.000000,0.344399
751,0.014656,0.000555,0.082837,0.023565,0.000000,0.023565
752,0.014642,0.004121,0.082813,0.064195,-0.080000,-0.015805
753,0.014631,0.006008,0.082805,0.077511,0.040000,-0.037511
754,0.014654,0.031957,0.082933,0.178764,0.150000,-0.028764
755,0.014637,0.002324,0.082887,0.048209,0.060000,0.108209
756,0.014861,0.183002,0.083346,0.427787,-0.290000,0.137787
757,0.014909,0.050795,0.083534,0.225376,0.000000,-0.225376
758,0.014920,0.023279,0.083626,0.152576,-0.030000,-0.182576
759,0.014907,0.005471,0.083613,0.073966,0.020000,-0.053966
760,0.014896,0.006163,0.083606,0.078505,-0.050000,0.028505
761,0.014876,0.000145,0.083512,0.012036,0.030000,0.042036
762,0.014863,0.004911,0.083494,0.070078,-0.060000,0.010078
763,0.014928,0.063835,0.083717,0.252657,0.140000,-0.112657
764,0.014909,0.000310,0.083630,0.017616,0.040000,0.022384
765,0.014904,0.011421,0.083661,0.106869,0.050000,0.156869
766,0.014884,0.000075,0.083562,0.008676,0.000000,-0.008676
767,0.014869,0.002692,0.083521,0.051888,0.050000,-0.001888
768,0.014854,0.003448,0.083488,0.058722,-0.050000,0.008722
769,0.014843,0.006693,0.083486,0.081811,0.050000,-0.031811
770,0.014824,0.000749,0.083413,0.027373,0.000000,0.027373
771,0.014810,0.003894,0.083385,0.062405,-0.050000,0.012405
772,0.014803,0.009337,0.083403,0.096629,0.100000,0.003371
773,0.014784,0.000139,0.083309,0.011770,0.000000,-0.011770
774,0.014767,0.001366,0.083249,0.036956,0.180000,0.216956
775,0.014753,0.004592,0.083229,0.067763,0.070000,0.002237
776,0.014827,0.071374,0.083467,0.267160,0.000000,0.267160
777,0.014814,0.004834,0.083449,0.069525,-0.070000,-0.000475
778,0.014806,0.009096,0.083465,0.095372,0.070000,-0.025372
779,0.014792,0.003405,0.083432,0.058353,0.000000,-0.058353
780,0.014779,0.005229,0.083418,0.072310,0.000000,-0.072310
781,0.014762,0.001078,0.083353,0.032839,0.000000,0.032839
782,0.014743,0.000027,0.083253,0.005237,0.000000,-0.005237
783,0.014724,0.000075,0.083157,0.008684,0.000000,-0.008684
784,0.014706,0.000492,0.083079,0.022174,0.000000,-0.022174
785,0.014688,0.000450,0.082999,0.021212,0.000000,0.021212
786,0.014669,0.000006,0.082896,0.002421,0.000000,0.002421
787,0.014650,0.000158,0.082807,0.012584,0.000000,0.012584
788,0.014643,0.008792,0.082821,0.093765,-0.070000,0.023765
789,0.014627,0.002028,0.082772,0.045033,0.000000,-0.045033
790,0.014610,0.001529,0.082717,0.039097,-0.060000,-0.020903
791,0.014609,0.014034,0.082762,0.118463,0.130000,0.011537
792,0.014601,0.008431,0.082774,0.091822,-0.070000,0.021822
793,0.014624,0.032491,0.082897,0.180254,0.000000,0.180254
794,0.014684,0.061962,0.083108,0.248921,-0.230000,0.018921
795,0.014667,0.001425,0.083050,0.037750,-0.050000,-0.012250
796,0.014650,0.000968,0.082985,0.031116,-0.050000,-0.018884
797,0.014635,0.003173,0.082951,0.056326,0.000000,0.056326
798,0.014630,0.010276,0.082974,0.101369,0.000000,0.101369
799,0.014615,0.002848,0.082937,0.053363,0.000000,0.053363
800,0.014606,0.006954,0.082937,0.083391,0.000000,0.083391
801,0.014591,0.003297,0.082905,0.057424,0.050000,-0.007424
802,0.014578,0.003855,0.082879,0.062086,0.000000,0.062086
803,0.014577,0.013900,0.082923,0.117898,-0.090000,0.027898
804,0.014559,0.000197,0.082837,0.014040,-0.040000,-0.054040
805,0.014543,0.001578,0.082783,0.039729,-0.030000,0.009729
806,0.014531,0.005005,0.082768,0.070746,-0.030000,0.040746
807,0.014516,0.002620,0.082729,0.051182,0.000000,0.051182
808,0.014515,0.013433,0.082770,0.115902,0.000000,0.115902
809,0.014497,0.000316,0.082689,0.017788,0.000000,0.017788
810,0.014480,0.001042,0.082627,0.032280,0.030000,-0.002280
811,0.014465,0.001822,0.082577,0.042687,-0.030000,0.012687
812,0.014458,0.009335,0.082595,0.096619,0.100000,0.003381
813,0.014450,0.007522,0.082600,0.086730,0.050000,-0.036730
814,0.014469,0.029921,0.082712,0.172978,0.000000,0.172978
815,0.014451,0.000082,0.082621,0.009029,-0.010000,-0.000971
816,0.014433,0.000001,0.082520,0.000894,0.000000,0.000894
817,0.014418,0.001818,0.082471,0.042640,0.050000,0.007360
818,0.014400,0.000016,0.082375,0.003961,0.000000,-0.003961
819,0.014386,0.003036,0.082341,0.055096,0.100000,0.044904
820,0.014371,0.001635,0.082290,0.040430,0.050000,0.009570
821,0.014358,0.003881,0.082265,0.062296,0.060000,0.122296
822,0.014340,0.000010,0.082168,0.003136,0.000000,0.003136
823,0.014323,0.000302,0.082089,0.017385,0.000000,0.017385
824,0.014309,0.002958,0.082056,0.054384,0.070000,0.015616
825,0.014299,0.006005,0.082050,0.077490,-0.070000,0.007490
826,0.014301,0.015536,0.082102,0.124644,0.140000,0.015356
827,0.014293,0.008363,0.082113,0.091452,-0.200000,-0.108548
828,0.014286,0.008076,0.082123,0.089869,-0.050000,-0.139869
829,0.014280,0.009443,0.082141,0.097176,-0.100000,-0.197176
830,0.014263,0.000199,0.082058,0.014098,-0.030000,-0.015902
831,0.014248,0.001726,0.082009,0.041540,-0.050000,-0.008460
832,0.014231,0.000536,0.081938,0.023160,0.000000,0.023160
833,0.014224,0.007981,0.081947,0.089339,-0.030000,0.059339
834,0.014211,0.003882,0.081924,0.062309,0.030000,-0.032309
835,0.014205,0.009312,0.081941,0.096499,0.130000,0.033501
836,0.014193,0.003682,0.081916,0.060678,-0.040000,0.020678
837,0.014177,0.000704,0.081849,0.026528,0.040000,0.013472
838,0.014160,0.000124,0.081764,0.011131,0.000000,-0.011131
839,0.014144,0.000804,0.081700,0.028363,0.000000,0.028363
840,0.014144,0.014442,0.081746,0.120176,0.110000,-0.010176
841,0.014128,0.000513,0.081676,0.022659,0.000000,0.022659
842,0.014128,0.014698,0.081723,0.121233,0.060000,0.181233
843,0.014112,0.000622,0.081655,0.024942,0.000000,-0.024942
844,0.014096,0.000670,0.081589,0.025890,0.060000,0.034110
845,0.014080,0.000440,0.081517,0.020976,0.000000,-0.020976
846,0.014064,0.000711,0.081452,0.026656,0.000000,0.026656
847,0.014075,0.023104,0.081535,0.152002,-0.120000,0.032002
848,0.014066,0.006572,0.081535,0.081070,-0.110000,-0.028930
849,0.014051,0.001286,0.081481,0.035857,-0.050000,-0.014143
850,0.014044,0.007934,0.081490,0.089076,-0.090000,-0.000924
851,0.014036,0.007259,0.081494,0.085200,-0.040000,0.045200
852,0.014030,0.009178,0.081511,0.095800,-0.050000,0.045800
853,0.014030,0.014478,0.081557,0.120325,0.000000,0.120325
854,0.014037,0.019724,0.081626,0.140441,-0.090000,0.050441
855,0.014048,0.023451,0.081710,0.153138,-0.060000,0.093138
856,0.014033,0.001197,0.081655,0.034601,0.050000,0.084601
857,0.014020,0.002408,0.081617,0.049072,-0.020000,0.029072
858,0.014006,0.002413,0.081579,0.049122,0.000000,0.049122
859,0.013992,0.001998,0.081535,0.044699,-0.030000,0.014699
860,0.013977,0.000928,0.081476,0.030470,0.000000,0.030470
861,0.013970,0.008160,0.081486,0.090332,0.080000,-0.010332
862,0.013954,0.000237,0.081409,0.015404,0.000000,0.015404
863,0.013951,0.011695,0.081440,0.108146,-0.070000,0.038146
864,0.013936,0.000641,0.081375,0.025319,0.000000,-0.025319
865,0.013920,0.000004,0.081283,0.002098,0.000000,-0.002098
866,0.013904,0.000583,0.081217,0.024142,0.030000,0.005858
867,0.013888,0.000423,0.081146,0.020570,0.000000,0.020570
868,0.013873,0.000624,0.081081,0.024989,0.020000,0.044989
869,0.013861,0.003233,0.081053,0.056856,0.070000,0.013144
870,0.013845,0.000163,0.080974,0.012776,0.000000,0.012776
871,0.013830,0.000488,0.080907,0.022097,0.000000,0.022097
872,0.013815,0.001223,0.080854,0.034970,0.040000,0.005030
873,0.013807,0.006915,0.080856,0.083156,-0.070000,0.013156
874,0.013792,0.000216,0.080780,0.014690,-0.030000,-0.015310
875,0.013777,0.001123,0.080726,0.033507,-0.030000,-0.063507
876,0.013766,0.004233,0.080708,0.065064,0.070000,0.004936
877,0.013750,0.000076,0.080626,0.008731,-0.030000,-0.021269
878,0.013735,0.000658,0.080563,0.025642,0.000000,0.025642
879,0.013726,0.005778,0.080557,0.076012,-0.060000,0.016012
880,0.013711,0.000417,0.080489,0.020418,0.000000,-0.020418
881,0.013698,0.001878,0.080446,0.043330,0.030000,-0.013330
882,0.013684,0.001359,0.080397,0.036863,-0.030000,0.006863
883,0.013680,0.010312,0.080421,0.101547,0.130000,0.028453
884,0.013848,0.162075,0.080787,0.402586,0.390000,-0.012586
885,0.013844,0.009756,0.080807,0.098774,0.000000,0.098774
886,0.013838,0.008626,0.080821,0.092878,0.000000,-0.092878
887,0.013822,0.000072,0.080739,0.008512,-0.060000,-0.068512
888,0.013809,0.002373,0.080703,0.048716,0.000000,-0.048716
889,0.013818,0.021921,0.080779,0.148058,0.060000,-0.088058
890,0.013808,0.004960,0.080767,0.070426,-0.060000,0.010426
891,0.013796,0.002693,0.080735,0.051894,0.000000,0.051894
892,0.013812,0.027956,0.080832,0.167200,-0.210000,-0.042800
893,0.013798,0.001968,0.080791,0.044361,-0.090000,-0.045639
894,0.013805,0.019732,0.080858,0.140470,0.040000,-0.100470
895,0.013801,0.009687,0.080878,0.098422,-0.040000,0.058422
896,0.013793,0.006907,0.080880,0.083108,-0.010000,0.073108
897,0.013788,0.009266,0.080898,0.096262,-0.070000,0.026262
898,0.013777,0.004195,0.080880,0.064766,0.000000,0.064766
899,0.013767,0.004589,0.080865,0.067745,-0.030000,-0.097745
900,0.013760,0.007638,0.080872,0.087398,-0.050000,0.037398
901,0.013753,0.007680,0.080880,0.087635,-0.050000,0.037635
902,0.013738,0.000587,0.080817,0.024224,-0.020000,-0.044224
903,0.013725,0.001385,0.080768,0.037211,-0.020000,0.017211
904,0.013709,0.000026,0.080684,0.005102,0.020000,0.014898
905,0.013697,0.002151,0.080646,0.046380,-0.010000,0.036380
906,0.013681,0.000001,0.080557,0.000763,0.020000,0.020763
907,0.013666,0.000028,0.080474,0.005292,0.000000,0.005292
908,0.013651,0.000000,0.080385,0.000059,0.030000,0.030059
909,0.013640,0.003637,0.080363,0.060310,0.080000,0.019690
910,0.013625,0.000066,0.080283,0.008150,0.000000,0.008150
911,0.013610,0.000239,0.080212,0.015453,0.030000,0.014547
912,0.013601,0.004799,0.080200,0.069272,0.070000,0.000728
913,0.013587,0.000993,0.080146,0.031509,0.050000,0.018491
914,0.013572,0.000234,0.080075,0.015282,0.000000,0.015282
915,0.013565,0.006819,0.080078,0.082577,0.090000,0.007423
916,0.013551,0.001249,0.080029,0.035345,0.050000,0.014655
917,0.013537,0.000809,0.079972,0.028434,0.050000,0.021566
918,0.013523,0.000088,0.079895,0.009370,0.010000,0.019370
919,0.013508,0.000466,0.079831,0.021584,0.000000,0.021584
920,0.013498,0.003905,0.079812,0.062490,-0.050000,0.012490
921,0.013492,0.008564,0.079826,0.092541,-0.220000,-0.127459
922,0.013545,0.061512,0.080009,0.248016,0.000000,-0.248016
923,0.013531,0.000611,0.079949,0.024709,-0.120000,-0.144709
924,0.013523,0.006257,0.079948,0.079099,-0.090000,-0.010901
925,0.013508,0.000056,0.079869,0.007451,-0.050000,-0.057451
926,0.013499,0.004705,0.079857,0.068596,0.070000,0.001404
927,0.013489,0.004604,0.079844,0.067850,-0.040000,0.027850
928,0.013476,0.001179,0.079795,0.034333,0.040000,0.005667
929,0.013461,0.000020,0.079714,0.004464,0.050000,0.045536
930,0.013489,0.039597,0.079842,0.198989,0.220000,0.021011
931,0.013475,0.000061,0.079765,0.007827,0.040000,0.032173
932,0.013461,0.000446,0.079701,0.021130,0.050000,0.028870
933,0.013448,0.001702,0.079660,0.041254,0.050000,0.008746
934,0.013434,0.000114,0.079586,0.010698,0.000000,-0.010698
935,0.013454,0.032598,0.079694,0.180549,0.170000,-0.010549
936,0.013443,0.002644,0.079664,0.051415,-0.060000,-0.008585
937,0.013433,0.004150,0.079648,0.064423,0.000000,0.064423
938,0.013418,0.000028,0.079568,0.005286,-0.060000,-0.065286
939,0.013404,0.000124,0.079495,0.011142,0.000000,-0.011142
940,0.013440,0.046972,0.079641,0.216729,0.190000,-0.026729
941,0.013457,0.028845,0.079738,0.169838,-0.130000,0.039838
942,0.013449,0.006428,0.079738,0.080177,0.060000,0.140177
943,0.013435,0.000368,0.079674,0.019172,-0.220000,-0.200828
944,0.013438,0.016528,0.079726,0.128559,-0.230000,-0.101441
945,0.013442,0.016386,0.079777,0.128009,-0.130000,-0.258009
946,0.013447,0.018666,0.079837,0.136624,0.110000,-0.026624
947,0.013456,0.022065,0.079910,0.148543,0.000000,0.148543
948,0.013466,0.022369,0.079984,0.149563,-0.080000,0.069563
949,0.013455,0.003472,0.079962,0.058923,-0.020000,0.038923
950,0.013441,0.000159,0.079891,0.012619,0.000000,-0.012619
951,0.013427,0.000425,0.079828,0.020615,0.020000,0.040615
952,0.013415,0.001332,0.079782,0.036494,0.070000,0.033506
953,0.013405,0.004751,0.079771,0.068931,0.000000,0.068931
954,0.013392,0.000785,0.079716,0.028023,0.030000,0.001977
955,0.013378,0.000247,0.079649,0.015712,0.000000,-0.015712
956,0.013364,0.000006,0.079568,0.002414,0.030000,0.027586
957,0.013353,0.002526,0.079537,0.050258,0.070000,0.019742
958,0.013353,0.013765,0.079577,0.117324,0.130000,0.012676
959,0.013350,0.010206,0.079599,0.101026,-0.050000,0.051026
960,0.013407,0.068009,0.079789,0.260786,0.160000,-0.100786
961,0.013397,0.003272,0.079765,0.057202,-0.060000,-0.002798
962,0.013384,0.001019,0.079715,0.031917,0.000000,-0.031917
963,0.013370,0.000453,0.079654,0.021290,0.000000,-0.021290
964,0.013383,0.025353,0.079737,0.159228,-0.140000,0.019228
965,0.013378,0.008697,0.079751,0.093259,0.090000,-0.003259
966,0.013364,0.000018,0.079673,0.004287,-0.040000,-0.044287
967,0.013381,0.029723,0.079769,0.172404,-0.150000,0.022404
968,0.013386,0.018456,0.079827,0.135851,-0.060000,-0.195851
969,0.013374,0.001315,0.079782,0.036257,-0.070000,-0.033743
970,0.013360,0.000055,0.079707,0.007435,-0.030000,-0.022565
971,0.013349,0.003185,0.079683,0.056434,0.010000,-0.046434
972,0.013355,0.019126,0.079744,0.138296,0.000000,0.138296
973,0.013345,0.003012,0.079718,0.054882,-0.020000,0.034882
974,0.013331,0.000029,0.079641,0.005357,0.000000,0.005357
975,0.013317,0.000002,0.079561,0.001331,0.040000,0.038669
976,0.013304,0.000015,0.079483,0.003905,0.030000,0.033905
977,0.013290,0.000001,0.079402,0.000795,0.000000,0.000795
978,0.013276,0.000267,0.079337,0.016333,0.000000,0.016333
979,0.013263,0.000023,0.079261,0.004762,0.000000,0.004762
980,0.013256,0.006389,0.079261,0.079934,0.000000,0.079934
981,0.013248,0.005852,0.079259,0.076497,0.020000,0.096497
982,0.013247,0.012123,0.079290,0.110107,0.000000,0.110107
983,0.013239,0.005357,0.079284,0.073192,0.030000,0.103192
984,0.013226,0.000659,0.079229,0.025679,0.060000,0.085679
985,0.013214,0.000912,0.079179,0.030198,0.070000,0.039802
986,0.013203,0.002582,0.079150,0.050816,0.000000,0.050816
987,0.013199,0.009098,0.079167,0.095382,-0.070000,0.025382
988,0.013185,0.000005,0.079089,0.002324,0.000000,-0.002324
989,0.013178,0.006348,0.079089,0.079677,-0.060000,0.019677
990,0.013167,0.001632,0.079050,0.040395,-0.030000,-0.070395
991,0.013153,0.000001,0.078971,0.000881,-0.040000,-0.040881
992,0.013152,0.011407,0.078999,0.106805,-0.100000,0.006805
993,0.013141,0.002988,0.078975,0.054659,-0.010000,-0.064659
994,0.013128,0.000013,0.078898,0.003579,-0.030000,-0.033579
995,0.013127,0.012003,0.078929,0.109558,-0.040000,0.069558
996,0.013116,0.002480,0.078900,0.049802,0.060000,0.010198
997,0.013103,0.000589,0.078845,0.024264,0.060000,0.035736
998,0.013090,0.000043,0.078772,0.006553,0.060000,0.053447
999,0.013080,0.002860,0.078747,0.053484,0.070000,0.016516
1000,0.013067,0.000001,0.078669,0.000923,0.030000,0.030923
1001,0.013054,0.000375,0.078609,0.019363,0.030000,0.010637
1002,0.013045,0.004035,0.078594,0.063522,0.040000,-0.023522
1003,0.013035,0.002791,0.078568,0.052828,-0.040000,0.012828
1004,0.013025,0.002631,0.078541,0.051290,0.030000,-0.021290
1005,0.013012,0.000814,0.078491,0.028535,0.000000,-0.028535
1006,0.013004,0.004742,0.078481,0.068864,-0.070000,-0.001136
1007,0.012992,0.000786,0.078431,0.028044,-0.010000,-0.038044
1008,0.012980,0.000876,0.078382,0.029590,-0.040000,-0.010410
1009,0.012972,0.004906,0.078374,0.070042,-0.050000,0.020042
1010,0.012959,0.000044,0.078303,0.006612,0.000000,0.006612
1011,0.012948,0.001752,0.078267,0.041858,0.000000,0.041858
1012,0.012938,0.003002,0.078243,0.054789,0.000000,0.054789
1013,0.012930,0.004776,0.078234,0.069112,-0.030000,0.039112
1014,0.012918,0.001322,0.078193,0.036359,-0.020000,0.016359
1015,0.012906,0.000095,0.078125,0.009751,-0.020000,-0.029751
1016,0.012893,0.000277,0.078064,0.016634,-0.010000,-0.026634
1017,0.012884,0.003174,0.078043,0.056340,-0.030000,0.026340
1018,0.012872,0.001047,0.077998,0.032358,-0.020000,0.012358
1019,0.012865,0.005564,0.077995,0.074595,0.000000,0.074595
1020,0.012858,0.006470,0.077997,0.080434,0.000000,0.080434
1021,0.012850,0.004003,0.077982,0.063273,0.030000,0.093273
1022,0.012844,0.006690,0.077986,0.081793,0.000000,0.081793
1023,0.012832,0.001275,0.077945,0.035710,0.040000,0.075710
1024,0.012823,0.003725,0.077928,0.061032,0.070000,0.008968
1025,0.012839,0.028897,0.078018,0.169991,0.190000,0.020009
1026,0.012832,0.005363,0.078014,0.073233,-0.080000,-0.006767
1027,0.012845,0.026668,0.078097,0.163303,0.000000,-0.163303
1028,0.012833,0.000080,0.078029,0.008947,-0.030000,-0.021053
1029,0.012821,0.000595,0.077977,0.024399,0.030000,0.005601
1030,0.012809,0.000428,0.077921,0.020689,0.030000,0.009311
1031,0.012797,0.000952,0.077875,0.030847,0.040000,0.009153
1032,0.012792,0.007717,0.077885,0.087844,-0.040000,0.047844
1033,0.012790,0.009949,0.077906,0.099742,0.080000,-0.019742
1034,0.012778,0.000602,0.077855,0.024538,0.000000,0.024538
1035,0.012767,0.001231,0.077813,0.035084,0.000000,0.035084
1036,0.012757,0.002708,0.077788,0.052042,-0.030000,0.022042
1037,0.012746,0.002056,0.077757,0.045345,-0.110000,-0.064655
1038,0.012735,0.001387,0.077718,0.037244,-0.070000,-0.107244
1039,0.012732,0.009261,0.077735,0.096233,-0.020000,-0.116233
1040,0.012721,0.001294,0.077695,0.035979,-0.020000,0.015979
1041,0.012709,0.000617,0.077644,0.024849,-0.020000,0.004849
1042,0.012697,0.000254,0.077585,0.015935,0.000000,0.015935
1043,0.012685,0.000174,0.077523,0.013186,0.030000,0.016814
1044,0.012675,0.002257,0.077494,0.047506,-0.030000,0.017506
1045,0.012672,0.009327,0.077512,0.096578,0.120000,0.023422
1046,0.012672,0.012314,0.077544,0.110970,0.130000,0.019030
1047,0.012679,0.020100,0.077606,0.141774,-0.100000,0.041774
1048,0.012693,0.027522,0.077690,0.165898,0.030000,-0.135898
1049,0.012690,0.009132,0.077708,0.095561,0.070000,-0.025561
1050,0.012700,0.023285,0.077779,0.152594,-0.130000,0.022594
1051,0.012717,0.030982,0.077873,0.176018,0.130000,-0.046018
1052,0.012706,0.000584,0.077822,0.024167,0.000000,-0.024167
1053,0.012708,0.014916,0.077864,0.122130,0.000000,0.122130
1054,0.012698,0.002561,0.077838,0.050607,0.000000,-0.050607
1055,0.012688,0.002424,0.077811,0.049238,0.040000,-0.009238
1056,0.012683,0.006805,0.077815,0.082491,0.090000,0.007509
1057,0.012673,0.002576,0.077790,0.050752,0.040000,-0.010752
1058,0.012727,0.069546,0.077966,0.263716,-0.130000,0.133716
1059,0.012715,0.000229,0.077906,0.015128,0.000000,-0.015128
1060,0.012729,0.027466,0.077990,0.165728,0.000000,-0.165728
1061,0.012719,0.002158,0.077960,0.046451,-0.030000,-0.076451
1062,0.012710,0.002551,0.077934,0.050511,-0.100000,-0.049489
1063,0.012698,0.000142,0.077871,0.011912,-0.030000,-0.018088
1064,0.012686,0.000663,0.077822,0.025746,-0.070000,-0.044254
1065,0.012676,0.001952,0.077791,0.044187,-0.030000,-0.074187
1066,0.012666,0.001384,0.077752,0.037201,-0.030000,0.007201
1067,0.012655,0.001680,0.077718,0.040988,0.070000,0.029012
1068,0.012647,0.003661,0.077702,0.060508,-0.030000,0.030508
1069,0.012639,0.004360,0.077691,0.066027,0.100000,0.033973
1070,0.012636,0.009231,0.077708,0.096077,0.130000,0.033923
1071,0.012625,0.001397,0.077670,0.037374,0.040000,0.077374
1072,0.012614,0.000000,0.077598,0.000393,-0.040000,-0.040393
1073,0.012603,0.001437,0.077561,0.037908,0.040000,0.002092
1074,0.012595,0.003697,0.077545,0.060805,0.080000,0.019195
1075,0.012585,0.002613,0.077520,0.051115,0.050000,-0.001115
1076,0.012574,0.000342,0.077465,0.018506,0.000000,0.018506
1077,0.012562,0.000001,0.077394,0.000810,0.000000,-0.000810
1078,0.012553,0.002183,0.077365,0.046720,-0.050000,-0.003280
1079,0.012541,0.000190,0.077306,0.013791,0.000000,-0.013791
1080,0.012530,0.000085,0.077243,0.009217,0.000000,0.009217
1081,0.012518,0.000081,0.077179,0.008981,0.050000,0.041019
1082,0.012507,0.000109,0.077117,0.010419,0.050000,0.039581
1083,0.012497,0.002440,0.077092,0.049400,0.000000,0.049400
1084,0.012487,0.002037,0.077062,0.045128,0.000000,-0.045128
1085,0.012476,0.000051,0.076997,0.007117,-0.050000,-0.057117
1086,0.012467,0.002249,0.076970,0.047419,0.000000,-0.047419
1087,0.012461,0.006882,0.076976,0.082957,-0.130000,-0.047043
1088,0.012455,0.005212,0.076971,0.072192,-0.160000,-0.087808
1089,0.012445,0.002259,0.076944,0.047533,-0.070000,-0.117533
1090,0.012435,0.001476,0.076909,0.038414,0.000000,-0.038414
1091,0.012424,0.000314,0.076854,0.017733,0.000000,0.017733
1092,0.012415,0.002175,0.076826,0.046642,-0.020000,0.026642
1093,0.012406,0.002721,0.076804,0.052165,-0.010000,0.042165
1094,0.012398,0.004237,0.076793,0.065094,-0.040000,0.025094
1095,0.012387,0.000098,0.076732,0.009907,0.020000,0.029907
1096,0.012396,0.022487,0.076799,0.149955,-0.100000,0.049955
1097,0.012400,0.016909,0.076848,0.130034,-0.110000,0.020034
1098,0.012389,0.000132,0.076788,0.011488,-0.020000,-0.008512
1099,0.012379,0.000800,0.076743,0.028285,0.040000,0.011715
1100,0.012367,0.000277,0.076689,0.016654,0.020000,0.036654
1101,0.012358,0.002084,0.076660,0.045651,-0.010000,0.035651
1102,0.012348,0.000932,0.076618,0.030524,0.010000,0.040524
1103,0.012337,0.000113,0.076558,0.010633,0.010000,0.020633
1104,0.012326,0.000995,0.076517,0.031537,0.000000,0.031537
1105,0.012315,0.000168,0.076460,0.012962,0.020000,0.032962
1106,0.012304,0.000152,0.076401,0.012315,0.000000,0.012315
1107,0.012293,0.000037,0.076338,0.006062,0.000000,-0.006062
1108,0.012284,0.002719,0.076316,0.052144,-0.010000,-0.062144
1109,0.012274,0.000684,0.076270,0.026146,0.000000,-0.026146
1110,0.012264,0.001775,0.076239,0.042126,0.000000,-0.042126
1111,0.012254,0.000586,0.076192,0.024213,0.020000,-0.004213
1112,0.012243,0.000717,0.076148,0.026778,-0.020000,0.006778
1113,0.012233,0.000980,0.076107,0.031306,-0.010000,-0.041306
1114,0.012223,0.000411,0.076057,0.020273,0.010000,0.030273
1115,0.012212,0.000944,0.076016,0.030729,0.000000,0.030729
1116,0.012202,0.000110,0.075957,0.010485,0.030000,0.040485
1117,0.012191,0.000456,0.075908,0.021358,0.060000,0.038642
1118,0.012181,0.000630,0.075863,0.025108,0.040000,0.014892
1119,0.012170,0.000618,0.075817,0.024852,-0.010000,0.014852
1120,0.012160,0.000648,0.075772,0.025463,-0.020000,0.005463
1121,0.012149,0.000184,0.075716,0.013573,0.020000,0.006427
1122,0.012140,0.001990,0.075688,0.044611,0.050000,0.005389
1123,0.012129,0.000002,0.075622,0.001580,0.020000,0.018420
1124,0.012120,0.001373,0.075588,0.037052,0.060000,0.022948
1125,0.012109,0.000098,0.075529,0.009892,0.000000,0.009892
1126,0.012098,0.000320,0.075478,0.017895,0.030000,0.012105
1127,0.012088,0.000026,0.075415,0.005062,0.000000,0.005062
1128,0.012077,0.000023,0.075352,0.004816,0.030000,0.025184
1129,0.012066,0.000245,0.075299,0.015642,0.040000,0.024358
1130,0.012056,0.000595,0.075254,0.024384,0.000000,0.024384
1131,0.012051,0.006614,0.075259,0.081328,-0.040000,0.041328
1132,0.012042,0.001220,0.075224,0.034928,-0.060000,-0.094928
1133,0.012031,0.000003,0.075158,0.001643,-0.080000,-0.081643
1134,0.012032,0.013004,0.075193,0.114037,0.000000,-0.114037
1135,0.012021,0.000047,0.075132,0.006828,-0.040000,-0.046828
1136,0.012012,0.000903,0.075093,0.030044,-0.020000,0.010044
1137,0.012001,0.000064,0.075033,0.008017,0.000000,0.008017
1138,0.011991,0.000480,0.074986,0.021920,0.020000,-0.001920
1139,0.011981,0.000770,0.074945,0.027755,0.040000,0.012245
1140,0.011971,0.000273,0.074893,0.016517,0.030000,0.013483
1141,0.011961,0.000489,0.074847,0.022110,0.000000,0.022110
1142,0.011954,0.004455,0.074840,0.066748,0.060000,-0.006748
1143,0.011958,0.016167,0.074886,0.127151,0.110000,-0.017151
1144,0.011948,0.000498,0.074840,0.022322,0.040000,0.017678
1145,0.011950,0.014463,0.074880,0.120261,0.040000,-0.080261
1146,0.011976,0.041764,0.074993,0.204362,-0.190000,0.014362
1147,0.011976,0.011659,0.075022,0.107975,0.000000,-0.107975
1148,0.011971,0.006727,0.075028,0.082017,0.000000,-0.082017
1149,0.011961,0.000014,0.074966,0.003708,0.000000,-0.003708
1150,0.011952,0.001437,0.074933,0.037909,0.030000,-0.007909
1151,0.011946,0.005078,0.074930,0.071258,-0.090000,-0.018742
1152,0.011945,0.011292,0.074957,0.106262,-0.100000,0.006262
1153,0.011936,0.001833,0.074929,0.042814,0.000000,-0.042814
1154,0.011987,0.069946,0.075094,0.264473,0.310000,0.045527
1155,0.011976,0.000001,0.075030,0.001068,0.000000,-0.001068
1156,0.011966,0.000000,0.074965,0.000037,0.000000,0.000037
1157,0.011957,0.002313,0.074941,0.048095,0.000000,-0.048095
1158,0.011976,0.033947,0.075036,0.184247,0.090000,-0.094247
1159,0.012036,0.080834,0.075217,0.284313,0.150000,-0.134313
1160,0.012027,0.001346,0.075184,0.036691,-0.050000,-0.086691
1161,0.012032,0.018356,0.075236,0.135485,-0.060000,0.075485
1162,0.012041,0.021669,0.075298,0.147204,0.050000,-0.097204
1163,0.012030,0.000282,0.075248,0.016782,0.000000,-0.016782
1164,0.012038,0.021278,0.075309,0.145870,0.120000,-0.025870
1165,0.012028,0.000167,0.075255,0.012935,0.000000,-0.012935
1166,0.012042,0.028268,0.075335,0.168132,-0.060000,0.108132
1167,0.012032,0.000133,0.075280,0.011537,-0.060000,-0.048463
1168,0.012022,0.000119,0.075225,0.010909,0.000000,-0.010909
1169,0.012012,0.001161,0.075189,0.034076,0.000000,0.034076
1170,0.012003,0.000913,0.075151,0.030211,0.050000,0.019789
1171,0.011993,0.000738,0.075110,0.027162,0.000000,0.027162
1172,0.011983,0.000294,0.075060,0.017138,0.000000,0.017138
1173,0.011978,0.006118,0.075063,0.078218,-0.060000,0.018218
1174,0.011972,0.004418,0.075055,0.066468,-0.050000,0.016468
1175,0.011971,0.011300,0.075082,0.106300,-0.050000,0.056300
1176,0.011970,0.010908,0.075107,0.104443,-0.050000,0.054443
1177,0.011968,0.009418,0.075126,0.097049,-0.040000,0.057049
1178,0.011960,0.001957,0.075100,0.044240,0.000000,0.044240
1179,0.011957,0.009027,0.075117,0.095010,-0.070000,0.025010
1180,0.011948,0.001640,0.075087,0.040498,0.030000,-0.010498
1181,0.011938,0.000250,0.075037,0.015820,0.000000,0.015820
1182,0.011933,0.005636,0.075037,0.075075,-0.040000,0.035075
1183,0.011923,0.000224,0.074986,0.014964,0.000000,0.014964
1184,0.011914,0.000769,0.074946,0.027723,0.000000,0.027723
1185,0.011904,0.000517,0.074902,0.022733,0.000000,0.022733
1186,0.011895,0.001249,0.074868,0.035345,-0.040000,-0.004655
1187,0.011885,0.000016,0.074808,0.003950,0.000000,0.003950
1188,0.011878,0.003689,0.074796,0.060734,0.070000,0.009266
1189,0.011870,0.001928,0.074770,0.043909,-0.040000,0.003909
1190,0.011860,0.000357,0.074723,0.018907,0.040000,0.021093
1191,0.011850,0.000708,0.074683,0.026606,0.000000,0.026606
1192,0.011841,0.000723,0.074642,0.026896,0.000000,0.026896
1193,0.011831,0.000199,0.074591,0.014122,0.000000,0.014122
1194,0.011822,0.000517,0.074548,0.022733,0.040000,0.017267
1195,0.011813,0.000932,0.074511,0.030531,0.000000,0.030531
1196,0.011804,0.001434,0.074480,0.037866,-0.030000,0.007866
1197,0.011796,0.002739,0.074462,0.052332,-0.110000,-0.057668
1198,0.011796,0.011870,0.074490,0.108951,0.010000,-0.098951
1199,0.011787,0.000053,0.074434,0.007302,-0.060000,-0.067302
1200,0.011778,0.001999,0.074409,0.044714,-0.070000,-0.025286
1201,0.011769,0.000832,0.074371,0.028842,0.010000,-0.018842
1202,0.011760,0.001088,0.074337,0.032986,-0.040000,-0.007014
1203,0.011751,0.000072,0.074282,0.008465,0.000000,-0.008465
1204,0.011741,0.000118,0.074229,0.010881,0.000000,-0.010881
1205,0.011731,0.000000,0.074168,0.000656,0.010000,0.009344
1206,0.011726,0.006055,0.074171,0.077811,0.070000,-0.007811
1207,0.011783,0.080317,0.074345,0.283403,0.270000,-0.013403
1208,0.011791,0.020948,0.074403,0.144734,-0.120000,0.024734
1209,0.011807,0.031182,0.074488,0.176584,0.000000,-0.176584
1210,0.011805,0.009322,0.074506,0.096549,0.070000,-0.026549
1211,0.011795,0.000032,0.074449,0.005677,0.000000,0.005677
1212,0.011787,0.001253,0.074417,0.035399,0.050000,0.014601
1213,0.011780,0.004348,0.074410,0.065939,0.040000,-0.025939
1214,0.011771,0.000495,0.074367,0.022253,0.000000,0.022253
1215,0.011769,0.008827,0.074383,0.093950,0.050000,-0.043950
1216,0.011759,0.000000,0.074322,0.000403,0.000000,-0.000403
1217,0.011749,0.000109,0.074269,0.010429,0.030000,0.019571
1218,0.011740,0.000015,0.074211,0.003845,-0.020000,-0.023845
1219,0.011731,0.000932,0.074175,0.030526,0.050000,0.019474
1220,0.011724,0.003784,0.074165,0.061516,-0.050000,-0.111516
1221,0.011715,0.000599,0.074124,0.024478,-0.130000,-0.105522
1222,0.011710,0.005613,0.074125,0.074923,-0.040000,-0.114923
1223,0.011708,0.008821,0.074141,0.093919,0.010000,-0.083919
1224,0.011699,0.001086,0.074107,0.032952,-0.040000,-0.007048
1225,0.011692,0.003659,0.074096,0.060490,0.040000,-0.020490
1226,0.011687,0.004883,0.074093,0.069878,0.080000,0.010122
1227,0.011678,0.001272,0.074061,0.035671,0.040000,0.004329
1228,0.011703,0.041325,0.074167,0.203287,0.210000,0.006713
1229,0.011695,0.002496,0.074147,0.049963,0.060000,0.010037
1230,0.011686,0.000456,0.074104,0.021364,0.000000,-0.021364
1231,0.011678,0.001498,0.074075,0.038698,-0.060000,-0.021302
1232,0.011668,0.000286,0.074029,0.016899,0.000000,-0.016899
1233,0.011662,0.003434,0.074016,0.058597,0.060000,0.001403
1234,0.011652,0.000002,0.073957,0.001379,0.000000,-0.001379
1235,0.011645,0.002257,0.073935,0.047508,0.070000,0.022492
1236,0.011635,0.000154,0.073885,0.012427,0.000000,-0.012427
1237,0.011633,0.008606,0.073901,0.092766,-0.070000,0.022766
1238,0.011623,0.000151,0.073851,0.012307,0.000000,-0.012307
1239,0.011614,0.000350,0.073806,0.018704,0.000000,0.018704
1240,0.011606,0.000722,0.073768,0.026878,0.070000,0.043122
1241,0.011603,0.008483,0.073783,0.092101,-0.070000,0.022101
1242,0.011594,0.000547,0.073742,0.023390,0.000000,0.023390
1243,0.011590,0.007124,0.073751,0.084401,0.010000,-0.074401
1244,0.011593,0.014796,0.073790,0.121641,-0.170000,-0.048359
1245,0.011587,0.004582,0.073785,0.067692,-0.170000,-0.102308
1246,0.011585,0.008202,0.073798,0.090565,0.000000,-0.090565
1247,0.011577,0.002279,0.073777,0.047737,-0.040000,0.007737
1248,0.011587,0.023428,0.073841,0.153063,-0.150000,0.003063
1249,0.011585,0.009731,0.073861,0.098644,0.080000,-0.018644
1250,0.011577,0.000786,0.073824,0.028037,0.000000,0.028037
1251,0.011568,0.000952,0.073790,0.030857,0.000000,0.030857
1252,0.011559,0.000484,0.073748,0.021992,0.030000,0.008008
1253,0.011553,0.003379,0.073736,0.058125,-0.030000,0.028125
1254,0.011544,0.000415,0.073693,0.020372,-0.010000,0.010372
1255,0.011535,0.000464,0.073651,0.021539,0.000000,-0.021539
1256,0.011526,0.000362,0.073608,0.019031,0.000000,0.019031
1257,0.011519,0.002344,0.073588,0.048417,0.040000,-0.008417
1258,0.011510,0.000328,0.073543,0.018106,0.000000,-0.018106
1259,0.011503,0.002745,0.073526,0.052389,0.080000,0.027611
1260,0.011497,0.003855,0.073517,0.062085,-0.050000,0.012085
1261,0.011488,0.000769,0.073481,0.027728,0.050000,0.022272
1262,0.011479,0.000460,0.073440,0.021455,0.040000,0.018545
1263,0.011474,0.005035,0.073438,0.070956,-0.040000,0.030956
1264,0.011465,0.000390,0.073395,0.019741,0.000000,0.019741
1265,0.011456,0.000168,0.073347,0.012957,0.000000,0.012957
1266,0.011448,0.000340,0.073304,0.018446,-0.040000,-0.058446
1267,0.011441,0.002967,0.073289,0.054469,-0.070000,-0.124469
1268,0.011432,0.000087,0.073238,0.009322,-0.040000,-0.030678
1269,0.011423,0.000457,0.073197,0.021389,0.000000,-0.021389
1270,0.011414,0.000228,0.073151,0.015096,-0.030000,-0.014904
1271,0.011410,0.006394,0.073157,0.079960,-0.060000,0.019960
1272,0.011402,0.001202,0.073126,0.034674,0.040000,0.005326
1273,0.011395,0.002309,0.073106,0.048056,0.060000,0.011944
1274,0.011388,0.002761,0.073090,0.052544,-0.030000,0.022544
1275,0.011380,0.000262,0.073045,0.016187,0.030000,0.013813
1276,0.011371,0.000000,0.072988,0.000358,0.030000,0.030358
1277,0.011365,0.004414,0.072983,0.066441,0.070000,0.003559
1278,0.011363,0.008042,0.072996,0.089676,0.090000,0.000324
1279,0.011359,0.006911,0.073004,0.083132,0.100000,0.016868
1280,0.011350,0.000111,0.072955,0.010539,0.000000,0.010539
1281,0.011401,0.076465,0.073115,0.276523,0.120000,-0.156523
1282,0.011393,0.000165,0.073067,0.012831,0.000000,-0.012831
1283,0.011387,0.004019,0.073060,0.063396,0.000000,-0.063396
1284,0.011378,0.000119,0.073011,0.010926,0.000000,-0.010926
1285,0.011369,0.000060,0.072960,0.007716,0.000000,-0.007716
1286,0.011360,0.000012,0.072906,0.003506,0.000000,0.003506
1287,0.011351,0.000090,0.072857,0.009461,0.000000,-0.009461
1288,0.011343,0.000488,0.072817,0.022086,0.000000,0.022086
1289,0.011334,0.000301,0.072774,0.017342,0.000000,0.017342
1290,0.011329,0.004329,0.072769,0.065792,-0.060000,0.005792
1291,0.011338,0.023118,0.072830,0.152046,-0.190000,-0.037954
1292,0.011354,0.032078,0.072913,0.179104,-0.080000,-0.259104
1293,0.011346,0.000710,0.072877,0.026645,-0.070000,-0.096645
1294,0.011337,0.000318,0.072834,0.017845,0.000000,-0.017845
1295,0.011330,0.001882,0.072811,0.043388,-0.030000,0.013388
1296,0.011321,0.000070,0.072762,0.008393,0.000000,-0.008393
1297,0.011317,0.005866,0.072764,0.076589,0.100000,0.023411
1298,0.011308,0.000031,0.072713,0.005542,0.000000,0.005542
1299,0.011308,0.010929,0.072737,0.104541,0.000000,0.104541
1300,0.011299,0.000048,0.072686,0.006931,0.000000,0.006931
1301,0.011297,0.007772,0.072698,0.088158,0.080000,-0.008158
1302,0.011288,0.000156,0.072652,0.012496,0.000000,0.012496
1303,0.011280,0.000386,0.072611,0.019640,0.000000,0.019640
1304,0.011271,0.000391,0.072570,0.019780,0.040000,0.020220
1305,0.011295,0.042056,0.072672,0.205077,0.210000,0.004923
1306,0.011287,0.000882,0.072639,0.029706,0.060000,0.030294
1307,0.011280,0.002529,0.072622,0.050286,0.000000,0.050286
1308,0.011272,0.000001,0.072567,0.000927,0.030000,0.029073
1309,0.011265,0.002183,0.072547,0.046723,-0.030000,0.016723
1310,0.011257,0.000851,0.072514,0.029168,0.000000,0.029168
1311,0.011259,0.014771,0.072552,0.121536,-0.110000,0.011536
1312,0.011261,0.012889,0.072583,0.113531,-0.100000,0.013531
1313,0.011254,0.002752,0.072568,0.052461,-0.080000,-0.132461
1314,0.011250,0.006076,0.072572,0.077949,0.000000,-0.077949
1315,0.011320,0.103121,0.072761,0.321124,0.300000,-0.021124
1316,0.011312,0.000375,0.072721,0.019371,0.060000,0.040629
1317,0.011323,0.026137,0.072788,0.161668,0.000000,0.161668
1318,0.011315,0.000211,0.072744,0.014524,0.000000,-0.014524
1319,0.011306,0.000005,0.072690,0.002269,0.000000,0.002269
1320,0.011303,0.006782,0.072698,0.082353,-0.060000,0.022353
1321,0.011296,0.002440,0.072680,0.049395,-0.060000,-0.010605
1322,0.011288,0.000811,0.072647,0.028469,0.000000,0.028469
1323,0.011280,0.000039,0.072596,0.006242,-0.010000,-0.016242
1324,0.011275,0.004981,0.072595,0.070577,0.060000,-0.010577
1325,0.011276,0.012684,0.072625,0.112622,-0.120000,-0.007378
1326,0.011273,0.007694,0.072636,0.087714,-0.110000,-0.022286
1327,0.011265,0.000064,0.072587,0.007981,0.000000,-0.007981