# TEST CONFIGURATION BEGIN
# File Stream: filename: mean_daily_flow_oldman_rivernear.csv  -  n_targets: 1
# [mean_daily_flow_oldman_rivernear_ADE_HOMO_ABTSAIN_HATREE_SIZE_8_OFFLINE_BATCH_100] Pipeline: Array BaseStreamModel: base_models: [<skmultiflow.trees.regression_hoeffding_adaptive_tree.RegressionHAT object at 0x7f2299025898>, <skmultiflow.trees.regression_hoeffding_adaptive_tree.RegressionHAT object at 0x7f22990258d0>, <skmultiflow.trees.regression_hoeffding_adaptive_tree.RegressionHAT object at 0x7f2299025908>, <skmultiflow.trees.regression_hoeffding_adaptive_tree.RegressionHAT object at 0x7f229900c908>, <skmultiflow.trees.regression_hoeffding_adaptive_tree.RegressionHAT object at 0x7f229900c940>, <skmultiflow.trees.regression_hoeffding_adaptive_tree.RegressionHAT object at 0x7f229900c978>, <skmultiflow.trees.regression_hoeffding_adaptive_tree.RegressionHAT object at 0x7f229900c9b0>, <skmultiflow.trees.regression_hoeffding_adaptive_tree.RegressionHAT object at 0x7f229900c9e8>]
 Array BaseStreamModel: base_models: [<skmultiflow.trees.regression_hoeffding_adaptive_tree.RegressionHAT object at 0x7f2299025898>, <skmultiflow.trees.regression_hoeffding_adaptive_tree.RegressionHAT object at 0x7f22990258d0>, <skmultiflow.trees.regression_hoeffding_adaptive_tree.RegressionHAT object at 0x7f2299025908>, <skmultiflow.trees.regression_hoeffding_adaptive_tree.RegressionHAT object at 0x7f229900c908>, <skmultiflow.trees.regression_hoeffding_adaptive_tree.RegressionHAT object at 0x7f229900c940>, <skmultiflow.trees.regression_hoeffding_adaptive_tree.RegressionHAT object at 0x7f229900c978>, <skmultiflow.trees.regression_hoeffding_adaptive_tree.RegressionHAT object at 0x7f229900c9b0>, <skmultiflow.trees.regression_hoeffding_adaptive_tree.RegressionHAT object at 0x7f229900c9e8>]
# Prequential Evaluator: n_wait: 1 - max_samples: 600000 - max_time: 10000000 - output_file: mean_daily_flow_oldman_rivernear_ADE_HOMO_ABTSAIN_HATREE_SIZE_8_OFFLINE_BATCH_100_SIZE_8 - batch_size: 1 - pretrain_size: 5 - task_type: regression - show_plot: False - metrics: ['mean_square_error', 'mean_absolute_error', 'true_vs_predicted']
# TEST CONFIGURATION END
id,global_mse_[mean_daily_flow_oldman_rivernear_ADE_HOMO_ABTSAIN_HATREE_SIZE_8_OFFLINE_BATCH_100],sliding_mse_[mean_daily_flow_oldman_rivernear_ADE_HOMO_ABTSAIN_HATREE_SIZE_8_OFFLINE_BATCH_100],global_mae_[mean_daily_flow_oldman_rivernear_ADE_HOMO_ABTSAIN_HATREE_SIZE_8_OFFLINE_BATCH_100],sliding_mae_[mean_daily_flow_oldman_rivernear_ADE_HOMO_ABTSAIN_HATREE_SIZE_8_OFFLINE_BATCH_100],true_value_[mean_daily_flow_oldman_rivernear_ADE_HOMO_ABTSAIN_HATREE_SIZE_8_OFFLINE_BATCH_100],predicted_value_[mean_daily_flow_oldman_rivernear_ADE_HOMO_ABTSAIN_HATREE_SIZE_8_OFFLINE_BATCH_100]
5,0.020865,0.020865,0.144448,0.144448,0.420000,0.275552
6,0.053563,0.086261,0.219076,0.293703,0.250000,0.543703
7,0.087287,0.154735,0.277171,0.393363,0.050000,0.443363
8,0.114100,0.194540,0.318145,0.441067,-0.030000,0.411067
9,0.103210,0.059648,0.303362,0.244229,-0.040000,0.204229
10,0.126026,0.240107,0.334470,0.490007,-0.080000,0.410007
11,0.128983,0.146725,0.341409,0.383047,-0.040000,0.343047
12,0.134666,0.174450,0.350942,0.417672,-0.270000,0.147672
13,0.149547,0.268591,0.369533,0.518257,0.400000,-0.118257
14,0.137673,0.030806,0.350131,0.175515,0.030000,0.205515
15,0.139817,0.161262,0.354808,0.401575,-0.370000,0.031575
16,0.134273,0.073292,0.347801,0.270725,-0.200000,0.070725
17,0.125353,0.018301,0.331453,0.135282,0.050000,-0.085282
18,0.116400,0.000014,0.308046,0.003754,0.130000,0.133754
19,0.113870,0.078455,0.306183,0.280099,0.260000,-0.020099
20,0.115690,0.142992,0.310680,0.378142,-0.190000,0.188142
21,0.113093,0.071545,0.308139,0.267479,-0.350000,-0.082521
22,0.154264,0.854169,0.342365,0.924213,-0.800000,0.124213
23,0.183445,0.708694,0.368654,0.841840,-0.900000,-0.058160
24,0.175630,0.027138,0.358458,0.164735,0.000000,0.164735
25,0.167641,0.007866,0.345612,0.088689,0.050000,-0.038689
26,0.160865,0.018567,0.336096,0.136262,0.050000,-0.086262
27,0.157948,0.093787,0.334798,0.306247,0.180000,-0.126247
28,0.154610,0.077836,0.332473,0.278991,0.220000,-0.058991
29,0.148617,0.004768,0.321936,0.069052,0.200000,0.130948
30,0.176304,0.868488,0.345397,0.931927,0.700000,-0.231927
31,0.170087,0.008435,0.336006,0.091841,0.290000,0.381841
32,0.188802,0.694130,0.353761,0.833145,0.210000,1.043145
33,0.197301,0.435275,0.364312,0.659754,0.150000,0.809754
34,0.193841,0.093480,0.362360,0.305744,0.300000,0.605744
35,0.193893,0.195451,0.364932,0.442098,0.350000,0.792098
36,0.200808,0.415169,0.373664,0.644336,-0.050000,0.594336
37,0.200599,0.193922,0.375685,0.440366,-0.150000,0.290366
38,0.197230,0.086071,0.373264,0.293379,0.200000,0.493379
39,0.193101,0.052706,0.369159,0.229579,0.200000,0.429579
40,0.188952,0.043729,0.364713,0.209114,0.200000,0.409114
41,0.183886,0.001523,0.355911,0.039024,0.300000,0.339024
42,0.179362,0.011952,0.349422,0.109327,0.300000,0.190673
43,0.186509,0.458119,0.357817,0.676845,-0.100000,0.576845
44,0.182553,0.028245,0.353073,0.168064,-0.100000,0.068064
45,0.187161,0.371489,0.359328,0.609499,-0.200000,0.409499
46,0.188147,0.228573,0.362155,0.478093,-0.060000,0.418093
47,0.183886,0.004909,0.355363,0.070066,0.420000,0.490066
48,0.179908,0.008887,0.349429,0.094272,0.140000,0.234272
49,0.176115,0.009221,0.343798,0.096025,0.200000,0.103975
50,0.173111,0.037920,0.340557,0.194731,0.110000,0.304731
51,0.175463,0.283657,0.344643,0.532595,-0.360000,0.172595
52,0.171810,0.000112,0.337683,0.010561,-0.050000,-0.039439
53,0.168358,0.002682,0.331848,0.051792,-0.050000,0.001792
54,0.167626,0.131745,0.332471,0.362967,0.460000,0.097033
55,0.164348,0.000435,0.326361,0.020861,0.090000,0.069139
56,0.161229,0.002168,0.320980,0.046558,-0.160000,-0.206558
57,0.159822,0.086675,0.320479,0.294407,-0.350000,-0.055593
58,0.157012,0.008050,0.316205,0.089719,0.020000,-0.069719
59,0.155206,0.057682,0.314823,0.240170,-0.100000,0.140170
60,0.165965,0.757717,0.324745,0.870469,1.250000,0.379531
61,0.169331,0.357845,0.329543,0.598201,0.170000,0.768201
62,0.177140,0.622243,0.337461,0.788824,-0.580000,0.208824
63,0.184419,0.606620,0.344942,0.778858,-0.390000,0.388858
64,0.181348,0.000135,0.339387,0.011621,0.210000,0.221621
65,0.182744,0.266533,0.342287,0.516268,0.210000,0.726268
66,0.201227,1.328680,0.355358,1.152684,-0.880000,0.272684
67,0.198261,0.014378,0.351620,0.119909,-0.240000,-0.120091
68,0.199104,0.252190,0.353973,0.502185,-0.240000,0.262185
69,0.199476,0.223274,0.355797,0.472519,0.480000,0.007481
70,0.201126,0.308373,0.358820,0.555314,0.930000,0.374686
71,0.198585,0.030908,0.356088,0.175808,0.450000,0.274192
72,0.197997,0.158605,0.356708,0.398252,0.950000,0.551748
73,0.199891,0.328670,0.359847,0.573298,-0.010000,0.563298
74,0.207713,0.747423,0.367057,0.864536,-0.740000,0.124536
75,0.213406,0.611908,0.372905,0.782245,-0.580000,0.202245
76,0.224260,0.994869,0.381579,0.997431,-0.630000,0.367431
77,0.223267,0.151792,0.381689,0.389605,0.140000,0.529605
78,0.227222,0.515979,0.386238,0.718316,1.190000,0.471684
79,0.224236,0.003268,0.381850,0.057167,0.470000,0.412833
80,0.243608,1.696518,0.393964,1.302505,-0.920000,0.382505
81,0.242811,0.182180,0.394391,0.426826,-0.730000,-0.303174
82,0.239709,0.000895,0.389718,0.029924,0.020000,0.049924
83,0.236740,0.005167,0.385695,0.071880,0.370000,0.298120
84,0.251076,1.383583,0.395577,1.176258,1.460000,0.283742
85,0.346768,8.002142,0.425617,2.828806,3.130000,0.301194
86,0.345713,0.260275,0.426648,0.510172,1.500000,0.989828
87,0.396239,4.539373,0.447177,2.130580,-2.100000,0.030580
88,0.407006,1.300631,0.455431,1.140452,-0.500000,-1.640452
89,0.930702,44.921140,0.528923,6.702323,6.900000,0.197677
90,0.964238,3.814874,0.545484,1.953170,2.100000,4.053170
91,1.146376,16.810212,0.586341,4.100026,-3.900000,0.200026
92,1.139952,0.581101,0.588341,0.762300,-1.200000,-0.437700
93,1.173225,4.101174,0.604485,2.025135,0.000000,2.025135
94,1.161457,0.114147,0.601522,0.337856,2.900000,3.237856
95,1.185339,3.334734,0.614979,1.826125,2.800000,0.973875
96,1.189350,1.554310,0.621846,1.246720,1.800000,0.553280
97,1.279675,9.589615,0.648457,3.096710,4.200000,1.103290
98,1.839911,53.941859,0.719692,7.344512,8.900000,1.555488
99,2.053991,22.177515,0.761688,4.709301,8.300000,3.590699
100,2.034035,0.138235,0.757627,0.371799,4.900000,4.528201
101,2.033917,2.022526,0.764477,1.422155,2.800000,4.222155
102,2.286098,26.747710,0.809450,5.171819,-1.000000,4.171819
103,2.641227,37.443811,0.863083,6.119135,-4.200000,1.919135
104,2.795670,18.085556,0.896980,4.252712,-4.300000,-0.047288
105,2.986135,22.032676,0.934573,4.693898,-4.500000,0.193898
106,2.962350,0.560063,0.932747,0.748374,-0.700000,-1.448374
107,3.063811,13.412824,0.959248,3.662352,-1.800000,1.862352
108,3.139920,10.979058,0.981885,3.313466,-4.300000,-0.986534
109,3.110868,0.089552,0.975384,0.299253,-1.300000,-1.599253
110,3.092493,1.163050,0.976356,1.078448,0.200000,-0.878448
111,3.180051,12.461267,1.000223,3.530052,3.000000,-0.530052
112,3.529709,40.943040,1.050208,6.398675,6.600000,0.201325
113,3.590570,10.163615,1.069821,3.188042,-0.500000,2.688042
114,3.584663,2.940816,1.075686,1.714881,-3.100000,-4.814881
115,3.591800,4.376848,1.084842,2.092092,-3.000000,-0.907908
116,3.559803,0.008159,1.075963,0.090329,-0.200000,-0.290329
117,3.556604,3.198305,1.082267,1.788381,3.700000,1.911619
118,3.857441,37.852013,1.126742,6.152399,5.800000,-0.352399
119,3.966819,16.435913,1.152198,4.054123,5.100000,1.045877
120,3.932732,0.012649,1.143234,0.112470,1.600000,1.712470
121,4.114648,25.216973,1.176383,5.021650,6.700000,1.678350
122,4.983002,106.580427,1.253904,10.323780,12.300000,1.976220
123,6.703407,209.711132,1.365059,14.481406,18.300000,3.818594
124,9.043727,287.541840,1.494992,16.957059,-7.000000,9.957059
125,8.976542,0.914322,1.490540,0.956202,-18.600000,-19.556202
126,10.556788,201.766577,1.594752,14.204456,-10.900000,3.304456
127,11.521187,129.177827,1.674190,11.365642,5.300000,-6.065642
128,11.607833,22.265380,1.698742,4.718621,-1.400000,3.318621
129,11.812319,37.168543,1.733925,6.096601,-8.100000,-2.003399
130,12.390645,84.681410,1.793197,9.202250,-4.600000,4.602250
131,12.459991,21.197577,1.815330,4.604083,0.900000,5.504083
132,12.622850,33.305899,1.846235,5.771126,9.900000,4.128874
133,12.848402,41.719124,1.881993,6.459034,13.300000,6.840966
134,14.672180,249.939562,1.989128,15.809477,-4.900000,10.909477
135,14.719306,20.845577,2.008796,4.565696,-7.800000,-12.365696
136,14.675081,8.881638,2.016155,2.980208,0.300000,-2.680208
137,14.611769,6.254621,2.019800,2.500924,-1.100000,1.400924
138,14.948304,59.707413,2.062392,7.727057,5.000000,-2.727057
139,14.959343,16.438602,2.077148,4.054455,2.000000,-2.054455
140,15.776780,126.130845,2.144454,11.230799,8.300000,-2.930799
141,15.973324,42.703300,2.176500,6.534776,-5.100000,1.434776
142,16.162250,42.045098,2.207715,6.484219,-9.600000,-3.115781
143,16.161411,16.045549,2.220650,4.005690,-7.700000,-3.694310
144,16.248684,28.379691,2.242840,5.327259,7.600000,2.272741
145,21.758717,793.163302,2.426673,28.163155,32.600000,4.436845
146,22.042014,61.986919,2.465028,7.873177,-17.000000,-24.873177
147,22.044949,22.461639,2.480933,4.739371,-8.500000,-13.239371
148,21.997021,15.143418,2.490728,3.891454,-9.100000,-5.208546
149,21.909894,9.363543,2.494654,3.059991,-7.300000,-4.240009
150,23.052901,188.788984,2.571677,13.740050,-2.900000,10.840050
151,23.376564,70.631355,2.611355,8.404246,-0.300000,8.104246
152,23.347944,19.140719,2.623271,4.375011,-0.700000,3.675011
153,23.208906,2.631378,2.616552,1.622152,-2.600000,-0.977848
154,23.336275,42.314154,2.642475,6.504933,-4.100000,2.404933
155,23.464123,42.641395,2.668220,6.530038,-3.900000,2.630038
156,23.420751,16.871617,2.677689,4.107507,-2.800000,1.307507
157,23.764913,76.077516,2.717196,8.722243,-2.800000,5.922243
158,23.649159,5.938737,2.715376,2.436952,-2.300000,0.136952
159,23.515430,2.921238,2.708885,1.709163,-2.600000,-4.309163
160,23.405459,6.359861,2.707686,2.521876,-2.600000,-0.078124
161,23.266809,1.637463,2.698590,1.279634,-2.000000,-3.279634
162,23.480349,57.006159,2.729297,7.550242,-0.900000,-8.450242
163,23.347283,2.322771,2.721717,1.524064,1.000000,-0.524064
164,23.370591,27.076656,2.737228,5.203523,-3.700000,1.503523
165,23.266773,6.655866,2.736251,2.579897,-3.100000,-5.679897
166,23.127093,0.638592,2.724293,0.799119,-2.200000,-2.999119
167,22.993120,1.289435,2.714546,1.135533,-1.100000,-2.235533
168,22.853653,0.120610,2.700112,0.347289,-0.500000,-0.847289
169,22.735386,3.339618,2.694823,1.827462,0.700000,-1.127462
170,22.626647,4.684617,2.691627,2.164398,1.600000,-0.564398
171,22.605554,19.104178,2.701683,4.370833,-2.300000,-6.670833
172,22.842909,62.481197,2.732652,7.904505,-2.600000,-10.504505
173,22.862641,26.177689,2.746757,5.116414,-1.700000,3.416414
174,22.912521,31.342165,2.763531,5.598407,-1.000000,4.598407
175,22.935542,26.849107,2.777672,5.181612,-0.300000,4.881612
176,22.863944,10.620730,2.780470,3.258946,0.000000,3.258946
177,22.760134,4.904691,2.777200,2.214654,-1.300000,0.914654
178,22.740641,19.368504,2.786532,4.400966,-0.800000,3.600966
179,22.618133,1.301751,2.777128,1.140943,-0.700000,0.440943
180,22.579666,15.847923,2.783968,3.980945,-0.400000,-4.380945
181,22.493686,7.361144,2.783568,2.713143,-0.400000,-3.113143
182,22.411888,7.933628,2.783754,2.816670,-0.500000,-3.316670
183,22.305373,3.345639,2.778421,1.829109,-0.200000,-2.029109
184,22.205870,4.394958,2.774632,2.096416,-1.000000,-3.096416
185,22.420024,60.967645,2.802441,7.808178,-0.800000,-8.608178
186,22.324088,4.959674,2.799280,2.227033,-0.900000,-3.127033
187,22.214721,2.309898,2.792288,1.519835,-0.300000,-1.819835
188,22.095532,0.284054,2.780009,0.532967,-0.100000,-0.632967
189,21.976249,0.028166,2.765889,0.167828,-0.400000,-0.232172
190,21.879292,3.942233,2.761694,1.985506,-0.300000,1.685506
191,21.766655,0.816189,2.751757,0.903432,-0.200000,-1.103432
192,21.810434,29.997086,2.766252,5.476960,-0.200000,-5.676960
193,21.698575,0.669095,2.755944,0.817982,-0.300000,-1.117982
194,21.596657,2.334134,2.749480,1.527787,-0.300000,-1.827787
195,21.502227,3.560449,2.744964,1.886915,0.900000,-0.986915
196,21.715916,62.530584,2.771853,7.907628,4.900000,-3.007628
197,21.620446,3.290154,2.766889,1.813878,0.500000,-1.313878
198,21.559793,9.853813,2.768808,3.139078,-2.100000,-5.239078
199,21.482058,6.401501,2.767584,2.530119,-1.400000,-3.930119
200,21.418806,9.084696,2.768841,3.014083,-0.800000,-3.814083
201,21.312362,0.449375,2.758189,0.670354,-0.100000,-0.770354
202,21.240819,7.146797,2.757761,2.673349,0.500000,-2.173349
203,21.294553,31.933806,2.772300,5.651000,-0.700000,4.951000
204,21.199401,2.264202,2.765962,1.504727,-0.900000,0.604727
205,21.241997,29.761209,2.779342,5.455383,-0.300000,5.155383
206,21.145919,1.834297,2.772288,1.354362,-0.100000,1.254362
207,21.043322,0.318635,2.761412,0.564478,-0.100000,-0.664478
208,20.942986,0.574892,2.751592,0.758217,-0.500000,0.258217
209,20.841833,0.206545,2.740387,0.454472,-0.190000,-0.644472
210,20.745606,1.018998,2.731984,1.009454,0.690000,1.699454
211,20.646388,0.207593,2.720987,0.455624,-0.640000,-1.095624
212,20.548215,0.226307,2.710193,0.475717,0.040000,-0.435717
213,20.462836,2.703940,2.705093,1.644366,-0.550000,-2.194366
214,20.383666,3.837225,2.701540,1.958884,-0.020000,-1.978884
215,20.309409,4.715531,2.699028,2.171527,0.420000,-1.751527
216,20.234405,4.408552,2.696200,2.099655,-0.230000,-2.329655
217,20.153762,3.057401,2.691751,1.748543,-0.660000,-2.408543
218,20.062075,0.532783,2.682584,0.729920,-0.410000,-1.139920
219,19.970096,0.286560,2.672597,0.535313,-0.260000,-0.795313
220,19.899037,4.621382,2.670176,2.149740,0.790000,-1.359740
221,19.822242,3.234379,2.666159,1.798438,1.220000,-0.578438
222,19.755402,5.251199,2.664440,2.291550,-0.900000,1.391550
223,19.693382,6.172939,2.663619,2.484540,-0.740000,-3.224540
224,19.619491,3.437408,2.659939,1.854025,-0.750000,-2.604025
225,19.537865,1.580125,2.653591,1.257030,-0.430000,-1.687030
226,19.455372,1.224534,2.646622,1.106587,-0.040000,-1.146587
227,19.386401,4.074880,2.643806,2.018633,-0.120000,-2.138633
228,19.319390,4.375952,2.641342,2.091878,-0.160000,-2.251878
229,19.243612,2.269328,2.636298,1.506429,-0.150000,1.356429
230,19.159438,0.220207,2.626710,0.469262,0.100000,0.569262
231,19.137896,14.269437,2.631779,3.777491,-0.110000,-3.887491
232,19.109465,12.655496,2.635839,3.557456,-0.550000,-4.107456
233,19.123428,22.307096,2.644954,4.723039,-0.100000,-4.823039
234,19.041027,0.171286,2.635253,0.413867,0.180000,0.593867
235,18.960992,0.552878,2.627064,0.743557,-0.020000,0.723557
236,18.879274,0.002403,2.615952,0.049025,0.800000,0.849025
237,18.798313,0.015343,2.605256,0.123866,0.210000,0.333866
238,18.728571,2.478719,2.600851,1.574395,-0.510000,1.064395
239,18.651564,0.631824,2.593166,0.794874,-0.310000,-1.104874
240,18.574996,0.581599,2.585409,0.762627,-0.320000,0.442627
241,18.506635,2.373480,2.581001,1.540610,-0.190000,1.350610
242,18.438126,2.201499,2.576390,1.483745,0.650000,2.133745
243,18.366611,1.346047,2.570465,1.160193,1.030000,-0.130193
244,18.317187,6.504771,2.570382,2.550445,-0.290000,2.260445
245,18.241206,0.005851,2.560033,0.076493,0.320000,0.243507
246,18.166313,0.117006,2.550868,0.342061,-0.220000,-0.562061
247,18.092598,0.253624,2.542443,0.503611,-0.450000,-0.953611
248,18.019769,0.322368,2.534350,0.567774,-0.290000,-0.857774
249,17.955856,2.361108,2.530278,1.536590,0.580000,-0.956590
250,17.895215,3.038100,2.527078,1.743015,1.500000,-0.243015
251,17.830794,1.983201,2.522548,1.408262,1.280000,-0.128262
252,17.761957,0.759088,2.515890,0.871256,2.300000,1.428744
253,17.745072,13.557643,2.520573,3.682070,-1.500000,2.182070
254,17.779805,26.428364,2.531054,5.140852,-0.300000,-5.440852
255,17.712299,0.835864,2.524613,0.914256,-0.100000,-1.014256
256,17.663554,5.428524,2.523840,2.329919,0.500000,-1.829919
257,17.599362,1.422998,2.518580,1.192895,0.100000,-1.092895
258,17.533803,0.947259,2.512496,0.973272,-0.100000,-1.073272
259,17.475002,2.539567,2.508892,1.593602,0.000000,-1.593602
260,17.432164,6.508449,2.509057,2.551166,-0.500000,-3.051166
261,17.376691,3.175681,2.506228,1.782044,0.100000,-1.682044
262,17.309786,0.115145,2.497830,0.339330,-0.800000,-1.139330
263,17.264722,5.638249,2.497353,2.374500,-0.300000,-2.674500
264,17.216423,4.707011,2.496093,2.169565,-0.140000,2.029565
265,17.171453,5.479374,2.495498,2.340806,-0.150000,2.190806
266,17.140376,9.029226,2.497442,3.004867,-0.390000,2.614867
267,17.075443,0.062842,2.488899,0.250683,-0.040000,-0.290683
268,17.026542,4.165729,2.487203,2.041012,-0.290000,1.751012
269,16.967926,1.493108,2.482428,1.221928,-0.530000,-1.751928
270,16.917777,3.628490,2.480257,1.904860,0.190000,-1.714860
271,16.863171,2.337845,2.476694,1.529001,0.480000,2.009001
272,16.837871,10.082914,2.479301,3.175360,2.470000,-0.705360
273,16.775376,0.026671,2.470691,0.163312,0.900000,1.063312
274,16.729304,4.335982,2.469253,2.082302,-1.100000,0.982302
275,16.671142,0.967340,2.463770,0.983534,-0.700000,-1.683534
276,16.609860,0.002532,2.454897,0.050319,-0.300000,-0.350319
277,16.549415,0.108140,2.447110,0.328847,0.000000,0.328847
278,16.491965,0.808314,2.441460,0.899063,-0.180000,0.719063
279,16.432509,0.141519,2.433950,0.376190,-0.250000,-0.626190
280,16.373218,0.068180,2.426077,0.261113,-0.280000,-0.541113
281,16.316072,0.543665,2.419981,0.737336,0.020000,0.757336
282,16.299148,11.611406,2.423533,3.407551,0.890000,-2.517551
283,16.240911,0.050847,2.415655,0.225493,-1.290000,-1.064507
284,16.184683,0.497130,2.409546,0.705074,-1.690000,-2.395074
285,16.151232,6.784901,2.410240,2.604784,1.310000,-1.294784
286,16.098655,1.324515,2.405775,1.150876,0.940000,-0.210876
287,16.052226,2.959414,2.403352,1.720295,-0.510000,-2.230295
288,16.007420,3.327142,2.401313,1.824046,0.130000,-1.694046
289,15.966431,4.325569,2.400184,2.079800,0.810000,-1.269800
290,15.915904,1.515869,2.396097,1.231206,0.100000,-1.131206
291,15.869095,2.481563,2.393237,1.575298,-0.250000,-1.825298
292,15.821303,2.104985,2.389965,1.450856,-0.260000,-1.710856
293,15.852898,24.952388,2.398980,4.995237,3.710000,-1.285237
294,15.801242,0.872703,2.393929,0.934186,-0.300000,-1.234186
295,15.827800,23.529601,2.402371,4.850732,-1.900000,2.950732
296,15.773666,0.020680,2.394637,0.143806,-0.300000,-0.156194
297,15.723216,0.991730,2.389863,0.995857,0.500000,-0.495857
298,15.669740,0.001190,2.381851,0.034495,0.100000,0.065505
299,15.620859,1.249954,2.377567,1.118013,-0.800000,0.318013
300,15.574996,2.045247,2.374366,1.430121,0.100000,-1.330121
301,15.558057,10.544239,2.377305,3.247189,-2.090000,1.157189
302,15.512105,1.864302,2.373909,1.365394,0.180000,-1.185394
303,15.462137,0.571658,2.368498,0.756081,0.160000,0.916081
304,15.410690,0.028032,2.361162,0.167428,0.500000,0.332572
305,15.371430,3.593602,2.359615,1.895680,-0.310000,1.585680
306,15.327824,2.202435,2.356716,1.484060,0.580000,-0.904060
307,15.279593,0.713632,2.351726,0.844767,-0.510000,0.334767
308,15.260203,9.385218,2.354067,3.063530,1.690000,-1.373530
309,15.218344,2.493084,2.351526,1.578950,-0.400000,1.178950
310,15.191526,7.012140,2.352495,2.648045,-3.660000,-1.011955
311,15.169685,8.486156,2.354321,2.913101,-0.650000,-3.563101
312,15.120434,0.000423,2.346744,0.020573,-0.670000,-0.690573
313,15.072398,0.277407,2.340854,0.526695,-2.410000,-1.883305
314,15.069086,14.045611,2.345392,3.747747,1.760000,-1.987747
315,15.049689,9.036657,2.347517,3.006103,3.140000,0.133897
316,15.022858,6.678327,2.348275,2.584246,2.190000,-0.394246
317,14.978706,1.203331,2.344278,1.096964,-0.200000,0.896964
318,14.931003,0.000020,2.336826,0.004482,-0.800000,-0.804482
319,14.889100,1.731540,2.333585,1.315880,-0.200000,-1.515880
320,14.842764,0.246844,2.327773,0.496833,-1.290000,-0.793167
321,14.798762,0.894117,2.323412,0.945578,-0.740000,-1.685578
322,14.753865,0.521703,2.318377,0.722290,-1.110000,-0.387710
323,14.708386,0.245827,2.312664,0.495810,-1.870000,-2.365810
324,14.662829,0.130171,2.306564,0.360792,0.080000,-0.280792
325,14.622286,1.648795,2.303379,1.284054,2.330000,3.614054
326,14.578817,0.625140,2.298681,0.790658,-0.140000,0.650658
327,14.541627,2.566286,2.296524,1.601963,1.350000,-0.251963
328,14.503635,2.232426,2.294047,1.494131,-0.160000,1.334131
329,14.459126,0.038124,2.287590,0.195253,-0.710000,-0.905253
330,14.432265,5.702569,2.287898,2.388005,-2.610000,-0.221995
331,14.388163,0.010950,2.281221,0.104641,-2.080000,-2.184641
332,14.344552,0.083690,2.275148,0.289292,0.760000,0.470708
333,14.302664,0.563331,2.270514,0.750554,2.350000,1.599446
334,14.273360,4.632338,2.270156,2.152287,2.160000,0.007713
335,14.253134,7.578522,2.271614,2.752912,-2.640000,0.112912
336,14.219840,3.199504,2.270160,1.788716,-0.230000,-2.018716
337,14.177486,0.115850,2.264365,0.340367,-0.050000,0.290367
338,14.135048,0.003488,2.257762,0.059056,-1.330000,-1.389056
339,14.102084,3.091918,2.256271,1.758385,-0.090000,-1.848385
340,14.063084,0.998009,2.252529,0.999004,0.040000,-0.959004
341,14.021354,0.000043,2.245865,0.006573,0.130000,0.136573
342,13.990239,3.504656,2.244759,1.872073,0.250000,-1.622073
343,13.963543,4.940428,2.244694,2.222707,0.900000,-1.322707
344,13.922565,0.030954,2.238609,0.175937,0.220000,0.044063
345,13.889126,2.519691,2.236699,1.587353,0.190000,-1.397353
346,13.852102,1.227025,2.233398,1.107712,-0.120000,-1.227712
347,13.815283,1.223266,2.230111,1.106013,-0.390000,-1.496013
348,13.776261,0.391489,2.225447,0.625691,-0.100000,-0.725691
349,13.736400,0.024219,2.219448,0.155625,-0.200000,-0.044375
350,13.696916,0.074960,2.213825,0.273788,-0.200000,-0.473788
351,13.657443,0.000024,2.207459,0.004946,-0.110000,-0.114946
352,13.620592,0.833074,2.203739,0.912729,-0.290000,-1.202729
353,13.584914,1.168931,2.200522,1.081171,-0.200000,-1.281171
354,13.557329,3.930163,2.199899,1.982464,-0.150000,-2.132464
355,13.548794,10.561708,2.202890,3.249878,-0.150000,3.099878
356,13.515197,1.722746,2.200361,1.312534,0.050000,1.362534
357,13.478544,0.576472,2.196279,0.759257,0.080000,0.839257
358,13.456878,5.808955,2.196883,2.410177,0.050000,2.460177
359,13.420353,0.490391,2.192667,0.700279,0.020000,0.720279
360,13.384493,0.654317,2.188780,0.808899,0.000000,0.808899
361,13.347526,0.187211,2.183861,0.432679,0.000000,0.432679
362,13.320607,3.710594,2.183141,1.926290,0.030000,-1.896290
363,13.312055,10.250232,2.185978,3.201598,0.070000,3.271598
364,13.275387,0.111677,2.180834,0.334182,0.030000,-0.304182
365,13.239203,0.212851,2.176071,0.461358,0.120000,-0.341358
366,13.205782,1.141078,2.173011,1.068213,-0.050000,-1.118213
367,13.171212,0.656610,2.169257,0.810315,-0.100000,-0.910315
368,13.135128,0.036628,2.163823,0.191384,-0.200000,-0.391384
369,13.100161,0.372250,2.159567,0.610123,-0.300000,0.310123
370,13.067357,1.093822,2.156524,1.045859,-0.200000,0.845859
371,13.039548,2.861377,2.155257,1.691561,-0.020000,1.671561
372,13.004810,0.256097,2.150775,0.506060,0.020000,0.526060
373,12.969680,0.041872,2.145501,0.204626,0.120000,0.324626
374,12.935912,0.475586,2.141566,0.689627,0.130000,0.819627
375,12.903041,0.740677,2.138114,0.860626,0.050000,0.910626
376,12.868383,0.010303,2.132639,0.101503,-0.100000,-0.201503
377,12.834335,0.168435,2.128022,0.410408,-0.300000,-0.710408
378,12.800564,0.204046,2.123540,0.451714,-0.300000,-0.751714
379,12.767438,0.378424,2.119517,0.615161,-0.250000,0.365161
380,12.734883,0.526813,2.115811,0.725819,-0.110000,0.615819
381,12.701278,0.065715,2.110878,0.256350,0.060000,0.316350
382,12.668583,0.342382,2.106842,0.585134,0.050000,-0.535134
383,12.635312,0.058884,2.101923,0.242661,0.080000,-0.162661
384,12.602073,0.004462,2.096568,0.066800,0.120000,0.053200
385,12.570773,0.676995,2.093224,0.822797,0.150000,-0.672797
386,12.539963,0.801101,2.090088,0.895042,0.200000,1.095042
387,12.507959,0.282536,2.086019,0.531541,0.130000,0.661541
388,12.482499,2.731205,2.084890,1.652636,0.100000,1.752636
389,12.451945,0.719472,2.081678,0.848217,0.070000,0.918217
390,12.419690,0.001236,2.076376,0.035161,0.040000,0.004839
391,12.391033,1.329641,2.073990,1.153101,-0.020000,1.133101
392,12.361527,0.942730,2.071147,0.970943,-0.020000,0.950943
393,12.329771,0.008375,2.066058,0.091517,-0.050000,-0.141517
394,12.298733,0.224951,2.061977,0.474290,-0.050000,0.424290
395,12.269721,0.955162,2.059203,0.977324,-0.020000,0.957324
396,12.239962,0.604015,2.055932,0.777184,0.020000,0.797184
397,12.208877,0.023450,2.051091,0.153135,0.040000,-0.113135
398,12.178038,0.058359,2.046498,0.241576,0.060000,0.301576
399,12.148900,0.668713,2.043387,0.817749,0.040000,0.857749
400,12.118241,0.008011,2.038453,0.089504,0.020000,-0.069504
401,12.087757,0.015824,2.033635,0.125795,-0.040000,0.085795
402,12.057724,0.134797,2.029448,0.367147,-0.060000,-0.427147
403,12.027662,0.062934,2.024991,0.250866,-0.120000,0.130866
404,11.998117,0.209515,2.021072,0.457728,-0.100000,-0.557728
405,11.968427,0.092434,2.016791,0.304030,-0.120000,-0.424030
406,11.938689,0.013711,2.012065,0.117093,-0.170000,-0.052907
407,11.910078,0.408666,2.008658,0.639270,-0.050000,-0.689270
408,11.885083,1.811873,2.007018,1.346058,0.000000,-1.346058
409,11.856407,0.271307,2.003349,0.520872,0.020000,-0.500872
410,11.828193,0.401756,1.999976,0.633842,0.130000,-0.503842
411,11.800862,0.704485,1.997124,0.839336,0.250000,-0.589336
412,11.773473,0.625988,1.994168,0.791194,0.300000,-0.491194
413,11.748866,1.709407,1.992489,1.307443,0.180000,-1.127443
414,11.721903,0.693979,1.989661,0.833054,0.100000,0.933054
415,11.698509,2.107076,1.988352,1.451577,0.070000,1.521577
416,11.673251,1.292218,1.986285,1.136758,-0.010000,1.126758
417,11.648621,1.501048,1.984442,1.225172,-0.040000,1.185172
418,11.623278,1.156493,1.982247,1.075404,-0.010000,1.065404
419,11.596579,0.543188,1.979246,0.737013,0.010000,0.747013
420,11.570043,0.557725,1.976283,0.746810,0.050000,0.796810
421,11.542668,0.154484,1.972487,0.393045,0.100000,0.493045
422,11.515061,0.002811,1.967895,0.053020,0.150000,0.203020
423,11.488135,0.233081,1.964350,0.482785,0.300000,0.782785
424,11.497040,15.228431,1.968965,3.902362,0.500000,-3.402362
425,11.470123,0.165008,1.965253,0.406212,0.580000,0.173788
426,11.442995,0.021984,1.960947,0.148271,0.620000,0.471729
427,11.416193,0.105965,1.957081,0.325523,0.500000,0.174477
428,11.390106,0.355240,1.953871,0.596020,0.700000,0.103980
429,11.364582,0.542260,1.951006,0.736383,0.800000,0.063617
430,11.341151,1.383167,1.949187,1.176081,1.100000,-0.076081
431,11.321245,2.841350,1.948570,1.685631,1.200000,-0.485631
432,11.304735,4.254593,1.948836,2.062666,1.600000,-0.462666
433,11.285976,3.257446,1.948501,1.804840,1.800000,-0.004840
434,11.259975,0.105427,1.944724,0.324696,-0.300000,0.024696
435,11.248140,6.159263,1.945970,2.481786,-2.100000,-4.581786
436,11.226557,1.924022,1.944677,1.387091,-0.400000,-1.787091
437,11.207727,3.073444,1.944234,1.753124,-1.800000,-0.046876
438,11.182070,0.072240,1.940374,0.268775,-0.860000,-1.128775
439,11.156377,0.005652,1.936086,0.075181,-0.670000,-0.594819
440,11.134426,1.586066,1.934534,1.259391,-0.110000,-1.369391
441,11.110715,0.772544,1.932118,0.878945,0.860000,-0.018945
442,11.090163,2.108802,1.931023,1.452171,1.580000,0.127829
443,11.072186,3.198179,1.930698,1.788345,1.600000,-0.188345
444,11.072863,11.370098,1.933973,3.371958,2.800000,-0.571958
445,11.121888,32.693108,1.942553,5.717789,-3.300000,2.417789
446,11.107823,4.905137,1.943169,2.214754,-1.500000,-3.714754
447,11.083048,0.132360,1.939604,0.363813,0.100000,-0.263813
448,11.061758,1.630467,1.938111,1.276897,1.300000,0.023103
449,11.038517,0.719510,1.935662,0.848240,2.000000,1.151760
450,11.017422,1.630035,1.934185,1.276728,2.000000,0.723272
451,11.005533,5.702844,1.935200,2.388063,4.000000,1.611937
452,11.143997,73.037799,1.949957,8.546215,8.300000,-0.246215
453,11.168181,22.002529,1.956061,4.690685,-3.300000,-7.990685
454,11.306317,73.329217,1.970744,8.563248,2.300000,-6.263248
455,11.411150,58.585998,1.983345,7.654149,3.900000,-3.754149
456,11.622396,106.894530,2.001831,10.338981,11.400000,1.061019
457,12.492273,405.676606,2.041875,20.141415,23.000000,2.858585
458,12.655540,86.615425,2.057876,9.306741,0.400000,9.706741
459,12.627728,0.000896,2.053419,0.029926,-11.800000,-11.829926
460,12.671196,32.449489,2.061409,5.696445,-6.400000,-0.703555
461,12.688101,20.396733,2.066780,4.516274,-6.000000,-1.483726
462,12.687084,12.222377,2.069901,3.496052,-5.200000,-1.703948
463,12.659446,0.000892,2.065456,0.029863,-3.300000,-3.270137
464,12.635231,1.520682,2.063647,1.233159,2.700000,1.466841
465,13.889427,590.819782,2.111897,24.306785,22.000000,-2.306785
466,14.589508,337.326746,2.147080,18.366457,1.000000,-17.366457
467,14.567058,4.195043,2.146866,2.048180,4.000000,6.048180
468,16.071034,712.412063,2.199763,26.691048,-25.000000,1.691048
469,16.072828,16.905289,2.203875,4.111604,-24.000000,-28.111604
470,16.045363,3.273987,2.203028,1.809416,-18.000000,-19.809416
471,16.011066,0.028590,2.198673,0.169085,-11.000000,-11.169085
472,16.079052,47.828590,2.208752,6.915822,-2.500000,4.415822
473,16.109397,30.310706,2.215782,5.505516,0.200000,5.705516
474,16.252068,83.165177,2.230470,9.119494,-6.500000,2.619494
475,16.227219,4.547749,2.230262,2.132545,-3.300000,-1.167455
476,16.198237,2.548133,2.228919,1.596287,3.100000,1.503713
477,16.227826,30.193686,2.235824,5.494878,6.200000,0.705122
478,16.209522,7.551493,2.236905,2.747998,-1.100000,-3.847998
479,16.179965,2.170163,2.235297,1.473147,-4.000000,-2.526853
480,16.267930,58.051174,2.246607,7.619132,2.900000,-4.719132
481,16.276048,20.140326,2.251306,4.487797,-6.800000,-2.312203
482,16.701660,219.718353,2.277606,14.822900,3.600000,-11.222900
483,16.957999,139.488252,2.297508,11.810514,11.000000,-0.810514
484,17.046336,59.359783,2.308772,7.704530,2.000000,-5.704530
485,17.312713,145.173689,2.329022,12.048804,13.000000,0.951196
486,17.287122,4.977731,2.328819,2.231083,-12.000000,-9.768917
487,17.258339,3.384836,2.327806,1.839792,-5.000000,-3.160208
488,17.285892,30.594395,2.334425,5.531220,-2.000000,-7.531220
489,17.407639,76.332935,2.347626,8.736872,-15.000000,-6.263128
490,17.415844,21.395398,2.352313,4.625516,-6.900000,-2.274484
491,17.385679,2.725414,2.350873,1.650883,-4.300000,-5.950883
492,17.351471,0.692207,2.347760,0.831990,-6.900000,-6.068010
493,17.316230,0.118389,2.343663,0.344077,-2.500000,-2.155923
494,17.375271,46.246535,2.352758,6.800481,-3.700000,3.100481
495,17.505389,81.263269,2.366326,9.014614,6.800000,-2.214614
496,17.469870,0.029817,2.361867,0.172677,-2.600000,-2.427323
497,17.436780,1.156679,2.359258,1.075490,-5.500000,-4.424510
498,17.407194,2.821211,2.357882,1.679646,-4.100000,-2.420354
499,17.378177,3.043840,2.356644,1.744661,-3.800000,-5.544661
500,17.344363,0.606438,2.353462,0.778741,-2.400000,-3.178741
501,17.353637,21.953357,2.358154,4.685441,-2.100000,-6.785441
502,17.318879,0.044085,2.353841,0.209964,-3.100000,-3.309964
503,17.307319,11.550538,2.355935,3.398608,-4.100000,-0.701392
504,17.301533,14.414572,2.358816,3.796653,-3.700000,0.096653
505,17.283131,8.081951,2.359782,2.842877,-2.600000,0.242877
506,17.260071,5.706975,2.359840,2.388928,-2.300000,0.088928
507,17.230322,2.296641,2.358162,1.515467,-2.300000,-0.784533
508,17.196253,0.059547,2.353967,0.244023,-2.200000,-2.444023
509,17.205820,22.027160,2.358599,4.693310,-1.100000,3.593310
510,17.172539,0.365585,2.355133,0.604636,2.600000,1.995364
511,17.187971,24.996902,2.360349,4.999690,5.800000,0.800310
512,17.502684,177.062106,2.381896,13.306469,-7.100000,6.206469
513,17.591717,62.820346,2.392788,7.925929,2.400000,-5.525929
514,18.800949,634.300177,2.437480,25.185317,24.800000,-0.385317
515,19.386325,317.928082,2.467603,17.830538,2.100000,-15.730538
516,19.373167,12.649234,2.469730,3.556576,-5.700000,-2.143424
517,19.394745,30.442971,2.475671,5.517515,-5.700000,-0.182485
518,19.407794,26.101865,2.480794,5.108998,-5.000000,0.108998
519,19.864789,254.760199,2.506970,15.961209,-2.700000,-18.661209
520,19.834259,4.111026,2.506041,2.027567,-2.500000,-4.527567
521,19.808015,6.266549,2.506035,2.503308,-2.900000,-0.396692
522,19.770209,0.224125,2.502112,0.473418,-1.800000,-2.273418
523,19.754115,11.417534,2.503801,3.378984,-1.700000,1.678984
524,19.733728,9.152751,2.504804,3.025351,-1.800000,1.225351
525,19.696926,0.560110,2.501433,0.748405,-1.300000,-2.048405
526,19.660199,0.525415,2.498029,0.724855,-0.800000,-0.075145
527,19.622981,0.195119,2.494098,0.441723,-0.800000,-0.358277
528,19.585970,0.229158,2.490251,0.478704,-1.200000,-0.721296
529,19.550618,1.026257,2.487438,1.013043,-0.900000,0.113043
530,19.514616,0.613818,2.484198,0.783465,-0.700000,0.083465
531,19.485682,4.266140,2.483404,2.065464,-0.400000,-2.465464
532,19.453534,2.511839,2.481702,1.584878,0.400000,-1.184878
533,19.416832,0.037807,2.477378,0.194440,-0.900000,-0.705560
534,19.381479,0.679810,2.474260,0.824506,-0.700000,-1.524506
535,19.346104,0.597608,2.471056,0.773051,-0.700000,-1.473051
536,19.312373,1.400836,2.468636,1.183569,-0.500000,-1.683569
537,19.277204,0.567524,2.465418,0.753342,-0.400000,-1.153342
538,19.244685,1.911890,2.463390,1.382711,0.200000,-1.182711
539,19.209106,0.210037,2.459642,0.458297,-0.100000,0.358297
540,19.185404,6.504781,2.459812,2.550447,-0.500000,2.050447
541,19.170702,11.290450,2.461488,3.360127,-1.000000,2.360127
542,19.139698,2.490421,2.459846,1.578107,-0.800000,0.778107
543,19.116633,6.707985,2.460088,2.589978,-0.500000,2.089978
544,19.083740,1.354446,2.457687,1.163807,0.700000,1.863807
545,19.048469,0.001711,2.453221,0.041363,-0.300000,-0.341363
546,19.013814,0.265757,2.449646,0.515517,-0.900000,-0.384483
547,18.979042,0.132294,2.445804,0.363723,-0.600000,-0.236277
548,18.944179,0.013861,2.441525,0.117732,-0.200000,-0.082268
549,18.909531,0.061169,2.437498,0.247324,-0.200000,-0.447324
550,18.874954,0.030345,2.433353,0.174198,-0.400000,-0.574198
551,18.840831,0.209640,2.429742,0.457865,-0.300000,-0.757865
552,18.806485,0.019301,2.425561,0.138930,-0.300000,-0.438930
553,18.774235,1.101344,2.423055,1.049449,-0.200000,-1.249449
554,18.772059,17.577276,2.426272,4.192526,0.900000,-3.292526
555,18.791405,29.431732,2.431715,5.425102,4.000000,-1.425102
556,18.767557,5.627020,2.431607,2.372134,2.400000,0.027866
557,18.755264,11.969865,2.433466,3.459749,3.200000,-0.259749
558,18.729572,4.521685,2.432912,2.126425,3.600000,1.473575
559,18.695905,0.044690,2.428909,0.211400,0.000000,0.211400
560,18.669431,3.976060,2.428127,1.994006,-1.600000,-3.594006
561,18.640075,2.318115,2.426501,1.522536,-1.400000,-2.922536
562,18.610915,2.368944,2.424911,1.539138,-1.200000,0.339138
563,18.593998,9.154152,2.425985,3.025583,2.400000,-0.625583
564,18.571930,6.236223,2.426112,2.497243,2.700000,0.202757
565,18.558168,10.851525,2.427660,3.294165,-0.800000,2.494165
566,18.533103,4.471181,2.427103,2.114517,0.200000,-1.914517
567,18.524049,13.435882,2.429302,3.665499,2.500000,-1.165499
568,18.492403,0.675695,2.426452,0.822006,-1.400000,-0.577994
569,18.459675,0.001096,2.422216,0.033108,-0.800000,-0.766892
570,18.427220,0.090196,2.418467,0.300327,-0.500000,-0.800327
571,18.394866,0.082356,2.414708,0.286977,0.200000,0.486977
572,18.371118,4.906152,2.414357,2.214984,-0.600000,1.614984
573,18.342139,1.881797,2.412524,1.371786,-0.700000,0.671786
574,18.314341,2.497253,2.411064,1.580270,-1.200000,0.380270
575,18.285334,1.751433,2.409159,1.323417,-1.000000,0.323417
576,18.260778,4.239396,2.408547,2.058979,-1.000000,1.058979
577,18.235961,4.040723,2.407852,2.010155,-1.000000,1.010155
578,18.204661,0.269973,2.404562,0.519589,-0.600000,-0.080411
579,18.182464,5.441380,2.404437,2.332677,0.500000,-1.832677
580,18.150899,0.000633,2.400307,0.025154,-0.700000,-0.725154
581,18.119664,0.128393,2.396768,0.358320,-0.800000,-0.441680
582,18.088800,0.280299,2.393537,0.529433,-0.900000,-0.370567
583,18.057560,0.001033,2.389458,0.032137,-0.700000,-0.732137
584,18.026434,0.004124,2.385449,0.064222,-0.800000,-0.735778
585,17.995822,0.240836,2.382188,0.490751,-0.500000,-0.990751
586,17.965727,0.480816,2.379287,0.693409,-0.500000,-1.193409
587,17.935598,0.400708,2.376291,0.633015,-0.400000,-1.033015
588,17.905316,0.250788,2.373080,0.500788,-0.500000,0.000788
589,17.874724,0.008674,2.369183,0.093132,-0.400000,-0.493132
590,17.844221,0.000184,2.365163,0.013577,-0.400000,-0.413577
591,17.823878,5.902832,2.365272,2.429574,-0.200000,-2.629574
592,17.799432,3.449769,2.364409,1.857355,0.400000,-1.457355
593,17.770974,1.037680,2.362124,1.018666,0.100000,-0.918666
594,17.741873,0.601511,2.359435,0.775571,-0.700000,0.075571
595,17.712396,0.320993,2.356401,0.566563,-0.500000,-1.066563
596,17.682864,0.229203,2.353229,0.478752,0.000000,-0.478752
597,17.654459,0.838842,2.350806,0.915883,0.200000,-0.715883
598,17.625364,0.371778,2.347874,0.609736,-0.200000,-0.809736
599,17.596761,0.606890,2.345238,0.779032,-0.300000,-1.079032
600,17.567351,0.068346,2.341741,0.261430,-0.400000,-0.138570
601,17.544083,3.676188,2.341031,1.917339,-0.200000,1.717339
602,17.514771,0.015786,2.337326,0.125641,0.500000,0.374359
603,17.485915,0.229793,2.334224,0.479367,0.500000,0.020633
604,17.456784,0.007532,2.330478,0.086785,1.600000,1.686785
605,17.431684,2.371604,2.329163,1.540001,3.100000,1.559999
606,17.403830,0.663685,2.326647,0.814669,1.200000,2.014669
607,17.383836,5.346999,2.326624,2.312358,-2.500000,-0.187642
608,17.357484,1.467576,2.324777,1.211436,-1.200000,-2.411436
609,17.333324,2.740303,2.323671,1.655386,-1.200000,0.455386
610,17.305165,0.268878,2.320692,0.518534,0.500000,-0.018534
611,17.282197,3.363957,2.319891,1.834109,-0.400000,1.434109
612,17.282535,17.487863,2.322953,4.181849,3.300000,-0.881849
613,17.298158,26.796963,2.327639,5.176578,6.600000,1.423422
614,17.292211,13.670441,2.329884,3.697356,-0.900000,-4.597356
615,17.264587,0.413498,2.327123,0.643038,-0.400000,0.243038
616,17.237714,0.818731,2.324799,0.904837,-1.000000,-0.095163
617,17.209777,0.112095,2.321553,0.334805,-0.800000,-1.134805
618,17.185688,2.419314,2.320305,1.555415,-0.100000,-1.655415
619,17.157863,0.073185,2.316972,0.270527,-1.300000,-1.570527
620,17.130054,0.027738,2.313481,0.166547,-1.700000,-1.533453
621,17.110711,5.195131,2.313426,2.279283,0.700000,-1.579283
622,17.092172,5.653684,2.313530,2.377748,-2.000000,0.377748
623,17.064565,0.003284,2.309885,0.057304,-1.300000,-1.357304
624,17.058695,13.425561,2.312069,3.664091,2.200000,-1.464091
625,17.031323,0.060277,2.308741,0.245514,0.400000,0.645514
626,17.012785,5.500954,2.308800,2.345411,0.200000,-2.145411
627,16.988062,1.610216,2.307131,1.268943,-1.800000,-0.531057
628,16.971177,6.452061,2.307505,2.540091,0.200000,-2.340091
629,16.945047,0.639650,2.305092,0.799781,-1.200000,-0.400219
630,16.919712,1.085302,2.303074,1.041778,0.100000,1.141778
631,16.916735,15.053265,2.305589,3.879854,4.300000,0.420146
632,22.532991,3543.925179,2.396712,59.530876,62.400000,2.869124
633,22.537148,25.148115,2.400874,5.014790,-17.900000,-22.914790
634,22.557339,35.257297,2.406488,5.937785,-13.200000,-7.262215
635,23.314272,500.182436,2.438118,22.364759,-10.300000,-32.664759
636,23.812933,338.467715,2.463370,18.397492,-4.000000,-22.397492
637,23.842379,42.451992,2.469772,6.515519,-3.200000,-9.715519
638,23.840084,22.387515,2.473339,4.731545,-0.300000,-5.031545
639,23.806053,2.230811,2.471796,1.493590,2.200000,3.693590
640,23.785627,10.814599,2.473081,3.288556,-3.000000,0.288556
641,23.749608,0.841879,2.470639,0.917540,-4.900000,-5.817540
642,23.729300,10.793227,2.471915,3.285305,1.800000,-1.485305
643,23.694220,1.312739,2.469840,1.145748,-3.800000,-4.945748
644,23.664228,4.499818,2.469295,2.121278,-4.300000,-2.178722
645,23.629698,1.530355,2.467373,1.237075,-0.200000,-1.437075
646,23.593837,0.606687,2.464743,0.778901,3.300000,2.521099
647,23.557322,0.114880,2.461437,0.338940,-1.200000,-1.538940
648,23.520797,0.035337,2.457907,0.187982,0.400000,0.212018
649,23.485086,0.486914,2.455178,0.697792,2.300000,2.997792
650,23.494216,29.383002,2.459768,5.420609,-0.200000,5.220609
651,23.498688,26.387639,2.463906,5.136890,3.000000,-2.136890
652,23.507187,29.006312,2.468415,5.385751,-1.700000,3.685751
653,23.471510,0.352820,2.465527,0.593986,-2.700000,-3.293986
654,23.436796,0.907439,2.463199,0.952596,-0.400000,-1.352596
655,23.406460,3.687664,2.462365,1.920329,0.900000,2.820329
656,23.492628,79.588418,2.472272,8.921234,-6.200000,2.721234
657,23.535939,51.774210,2.479505,7.195430,-11.160000,-3.964570
658,23.562729,41.057170,2.485511,6.407587,1.160000,-5.247587
659,23.529350,1.699232,2.483706,1.303546,2.070000,0.766454
660,23.494763,0.840247,2.481318,0.916650,-0.500000,-1.416650
661,23.459021,0.012048,2.477708,0.109763,-0.500000,-0.609763
662,23.442382,12.510797,2.479318,3.537061,-0.500000,3.037061
663,23.463269,37.206733,2.484812,6.099732,-0.250000,-6.349732
664,23.446508,12.401138,2.486382,3.521525,-0.450000,3.071525
665,23.422131,7.333687,2.486718,2.708078,-0.300000,2.408078
666,23.389906,2.088526,2.485145,1.445174,-0.200000,1.245174
667,23.403142,32.165748,2.489951,5.671486,5.900000,0.228514
668,23.835876,310.738234,2.512748,17.627769,10.500000,-7.127769
669,24.900132,731.566645,2.549643,27.047489,27.000000,-0.047489
670,24.945110,54.855283,2.556935,7.406435,-8.000000,-15.406435
671,24.921562,9.238723,2.557659,3.039527,-6.500000,-3.460473
672,24.979640,63.717529,2.565780,7.982326,-5.500000,-13.482326
673,24.942424,0.081894,2.562372,0.286171,-4.000000,-4.286171
674,25.209244,203.712195,2.579850,14.272778,-1.800000,-16.072778
675,25.192870,14.222374,2.581626,3.771256,0.100000,-3.671256
676,25.165692,6.929002,2.581701,2.632300,0.300000,2.932300
677,25.135567,4.891696,2.581151,2.211718,0.500000,2.711718
678,25.124912,17.953707,2.583609,4.237182,0.400000,4.637182
679,25.098027,6.977611,2.583694,2.641517,0.200000,2.841517
680,25.061754,0.577694,2.580997,0.760062,0.100000,0.860062
681,25.028354,2.449765,2.579496,1.565172,0.100000,-1.465172
682,24.991660,0.149892,2.576263,0.387159,0.100000,0.487159
683,24.956411,1.057298,2.573983,1.028250,-0.100000,0.928250
684,24.927237,5.118724,2.573525,2.262460,-0.200000,2.062460
685,24.894240,2.456181,2.572047,1.567221,-0.800000,0.767221
686,24.861437,2.522298,2.570604,1.588175,-0.500000,-2.088175
687,24.827342,1.574410,2.568678,1.254755,-0.100000,1.154755
688,24.792991,1.331815,2.566610,1.154043,0.100000,1.254043
689,24.759339,1.740882,2.564789,1.319425,-0.100000,1.219425
690,24.725407,1.481911,2.562825,1.217338,-0.500000,0.717338
691,24.694296,3.352105,2.561759,1.830875,-0.900000,0.930875
692,24.659795,0.958021,2.559458,0.978786,-0.700000,0.278786
693,24.626562,1.762003,2.557670,1.327405,-0.400000,0.927405
694,24.594251,2.332217,2.556177,1.527160,-0.100000,1.427160
695,24.561880,2.226097,2.554637,1.492011,-0.100000,1.392011
696,24.526894,0.351427,2.551802,0.592813,0.200000,0.792813
697,24.491880,0.262165,2.548858,0.512020,0.300000,0.812020
698,24.457419,0.576124,2.546279,0.759028,0.100000,0.859028
699,24.422609,0.264318,2.543355,0.514119,-0.400000,0.114119
700,24.388104,0.406744,2.540617,0.637765,-0.400000,0.237765
701,24.353270,0.108708,2.537445,0.329709,-0.300000,0.029709
702,24.319888,1.052983,2.535280,1.026150,-0.500000,0.526150
703,24.285546,0.314459,2.532455,0.560766,-0.300000,0.260766
704,24.250853,0.000950,2.528882,0.030817,-0.300000,-0.269183
705,24.216259,0.000430,2.525304,0.020745,-0.250000,-0.229255
706,24.181829,0.046077,2.522012,0.214655,-0.250000,-0.464655
707,24.149071,1.153304,2.519952,1.073920,-0.050000,-1.123920
708,24.114926,0.110628,2.516845,0.332609,0.050000,-0.282609
709,24.080767,0.033308,2.513534,0.182504,0.100000,-0.082504
710,24.046661,0.001312,2.510025,0.036227,0.020000,0.056227
711,24.012707,0.041726,2.506764,0.204269,-0.070000,-0.274269
712,23.979472,0.481853,2.504204,0.694156,-0.050000,-0.744156
713,23.947850,1.559963,2.502433,1.248985,0.150000,-1.098985
714,23.915204,0.769287,2.500144,0.877090,0.250000,-0.627090
715,23.890348,6.241942,2.500142,2.498388,0.100000,2.598388
716,23.866038,6.581958,2.500233,2.565533,-0.100000,2.465533
717,23.838026,3.893737,2.499494,1.973255,-0.250000,1.723255
718,23.808858,3.012013,2.498424,1.735515,-0.100000,1.635515
719,23.781320,4.118804,2.497768,2.029484,-0.060000,1.969484
720,23.753001,3.505287,2.496895,1.872241,-0.090000,1.782241
721,23.724452,3.283531,2.495940,1.812052,-0.050000,1.762052
722,23.691921,0.367176,2.493307,0.605950,-0.050000,0.555950
723,23.659092,0.087778,2.490252,0.296273,-0.050000,-0.346273
724,23.629434,2.304782,2.488902,1.518151,-0.050000,-1.568151
725,23.596972,0.224894,2.486107,0.474229,-0.050000,-0.524229
726,23.565775,1.072343,2.484098,1.035540,0.450000,-0.585540
727,23.544083,7.882298,2.484546,2.807543,0.600000,-2.207543
728,23.511742,0.129647,2.481611,0.360065,0.600000,0.960065
729,23.479655,0.248184,2.478875,0.498180,0.300000,0.798180
730,23.448699,1.005872,2.476842,1.002932,1.100000,0.097068
731,23.416455,0.007348,2.473553,0.085720,0.800000,0.714280
732,23.386150,1.354361,2.471754,1.163770,-1.000000,0.163770
733,23.357473,2.480957,2.470524,1.575105,-1.100000,-2.675105
734,23.326070,0.433282,2.468042,0.658242,-0.400000,-1.058242
735,23.294161,0.000497,2.464696,0.022286,-0.100000,-0.122286
736,23.262548,0.152942,2.461863,0.391078,0.200000,-0.191078
737,23.231450,0.467717,2.459438,0.683898,0.200000,-0.483898
738,23.200176,0.276416,2.456803,0.525753,0.200000,-0.325753
739,23.169174,0.413759,2.454336,0.643241,0.300000,-0.343241
740,23.140220,1.859574,2.452854,1.363662,0.400000,-0.963662
741,23.109873,0.774390,2.450720,0.879994,0.100000,-0.779994
742,23.081850,2.428372,2.449510,1.558324,0.200000,-1.358324
743,23.067651,12.589310,2.450997,3.548142,-1.500000,2.048142
744,23.043680,5.328755,2.450804,2.308410,-0.400000,-2.708410
745,23.015566,2.211355,2.449504,1.487063,-0.620000,0.867063
746,22.985984,1.066052,2.447594,1.032498,-0.220000,0.812498
747,22.957043,1.482235,2.445938,1.217471,-0.060000,1.157471
748,22.926234,0.035694,2.442905,0.188928,0.050000,0.238928
749,22.895809,0.259086,2.440309,0.509005,0.100000,0.609005
750,22.865137,0.014782,2.437201,0.121583,0.100000,0.221583
751,22.835636,0.827726,2.435156,0.909794,0.300000,1.209794
752,22.805184,0.057742,2.432222,0.240296,0.250000,0.490296
753,22.775079,0.256369,2.429650,0.506329,0.300000,0.806329
754,22.745235,0.392455,2.427246,0.626462,0.100000,0.726462
755,22.714964,0.011013,2.424154,0.104942,-0.100000,0.004942
756,22.684758,0.000102,2.420944,0.010090,-0.300000,-0.310090
757,22.654632,0.000120,2.417743,0.010948,-0.100000,-0.089052
758,22.624604,0.013938,2.414693,0.118060,0.100000,0.218060
759,22.594647,0.006953,2.411605,0.083385,0.500000,0.416615
760,22.565207,0.337592,2.409184,0.581026,0.900000,0.318974
761,22.536937,1.164792,2.407427,1.079255,-0.500000,0.579255
762,22.508968,1.336548,2.405776,1.156092,0.000000,-1.156092
763,22.479643,0.251655,2.403268,0.501653,0.300000,-0.201653
764,22.455669,4.258884,2.402821,2.063706,2.000000,-0.063706
765,22.435912,7.420906,2.403243,2.724134,3.000000,0.275866
766,22.417553,8.446046,2.403903,2.906208,3.000000,0.093792
767,22.391370,2.440126,2.402800,1.562090,2.300000,0.737910
768,22.459806,74.676348,2.410966,8.641548,8.500000,-0.141548
769,22.513058,63.197832,2.418206,7.949706,3.500000,-4.449706
770,22.486188,1.930386,2.416863,1.389383,-2.100000,-0.710617
771,22.456899,0.021651,2.413904,0.147144,-1.400000,-1.252856
772,22.430221,1.968177,2.412587,1.402917,-0.100000,-1.502917
773,22.401245,0.147997,2.409950,0.384704,1.400000,1.784704
774,22.406826,26.698551,2.413531,5.167064,-0.600000,4.567064
775,22.767735,300.667780,2.432890,17.339775,-5.500000,11.839775
776,22.755357,13.211885,2.434447,3.634816,1.000000,-2.634816
777,22.732744,5.275207,2.434269,2.296782,1.400000,-0.896782
778,22.703646,0.210812,2.431717,0.459143,-0.200000,-0.659143
779,22.681010,5.160811,2.431511,2.271742,1.000000,-1.271742
780,22.700383,37.714748,2.436292,6.141233,3.800000,-2.341233
781,22.671432,0.205582,2.433740,0.453411,4.500000,4.046589
782,22.658892,12.914560,2.435230,3.593683,4.500000,0.906317
783,22.810303,140.608135,2.447326,11.857830,14.200000,2.342170
784,22.837837,44.287472,2.452721,6.654883,5.000000,11.654883
785,22.853972,35.439142,2.457202,5.953078,-1.000000,4.953078
786,22.853725,22.660354,2.460148,4.760289,-6.000000,-1.239711
787,22.827482,2.305421,2.458945,1.518361,-9.200000,-7.681639
788,22.798603,0.186339,2.456359,0.431670,-8.700000,-8.268330
789,22.770766,0.946690,2.454469,0.972980,-4.000000,-4.972980
790,22.799437,45.305988,2.459910,6.730972,-10.400000,-3.669028
791,22.770881,0.325942,2.457510,0.570913,-5.600000,-6.170913
792,22.758116,12.712010,2.458916,3.565391,1.400000,-2.165391
793,22.740221,8.639486,2.459525,2.939300,5.100000,2.160700
794,22.720583,7.225615,2.459814,2.688050,6.000000,3.311950
795,22.707349,12.253092,2.461130,3.500442,-26.000000,-22.499558
796,22.718320,31.395963,2.465097,5.603210,-12.000000,-17.603210
797,22.695452,4.584561,2.464688,2.141159,-11.000000,-8.858841
798,22.666986,0.093023,2.461968,0.304997,-5.000000,-5.304997
799,22.643130,3.701713,2.461292,1.923984,-2.900000,-4.823984
800,22.618003,2.641754,2.460241,1.625347,-2.500000,-0.874653
801,22.627916,30.518432,2.464086,5.524349,-1.200000,4.324349
802,22.631500,25.488272,2.467325,5.048591,4.500000,-0.548591
803,22.744237,112.708119,2.477524,10.616408,8.400000,-2.216408
804,22.774886,47.263625,2.483020,6.874855,-1.000000,5.874855
805,22.759498,10.449383,2.483956,3.232550,-2.000000,1.232550
806,22.756804,20.598793,2.486518,4.538589,5.000000,0.461411
807,24.597281,1500.659583,2.531664,38.738348,38.000000,-0.738348
808,24.771798,164.909272,2.544487,12.841701,-60.000000,-72.841701
809,40.341162,12558.109623,2.680535,112.062972,61.000000,-51.062972
810,40.385076,75.735919,2.688006,8.702639,53.000000,61.702639
811,93.352572,42785.154286,2.940990,206.845726,-32.000000,-238.845726
812,94.046230,653.828520,2.968996,25.570071,-35.000000,-60.570071
813,102.396952,6849.780303,3.067630,82.763400,-36.000000,-118.763400
814,108.037384,4671.146896,3.148220,68.345789,-24.000000,44.345789
815,108.048104,116.730739,3.157660,10.804200,-19.000000,-8.195800
816,109.568335,1342.476151,3.198894,36.639816,-17.000000,-53.639816
817,111.149671,1395.194353,3.240903,37.352301,-23.000000,-60.352301
818,111.070849,46.988886,3.245343,6.854844,-15.000000,-8.145156
819,110.947281,10.362709,3.245311,3.219116,-7.000000,-3.780884
820,111.082964,221.664460,3.259579,14.888400,-11.000000,3.888400
821,110.959427,10.153201,3.259490,3.186409,-1.000000,-4.186409
822,110.907961,68.860050,3.265650,8.298196,12.000000,3.701804
823,110.861933,73.211106,3.272110,8.556349,-4.000000,4.556349
824,111.091014,298.708775,3.289196,17.283193,-20.000000,-2.716807
825,110.956276,0.470463,3.286025,0.685903,-10.000000,-10.685903
826,111.049961,187.965640,3.298707,13.710056,-11.000000,2.710056
827,110.932694,14.539596,3.299332,3.813082,-11.000000,-7.186918
828,110.799861,1.477946,3.296803,1.215708,-6.000000,-4.784292
829,110.790636,103.189438,3.305120,10.158220,-1.000000,-11.158220
830,110.730661,61.251465,3.310594,7.826332,0.000000,-7.826332
831,110.598062,1.070712,3.307842,1.034752,2.000000,0.965248
832,110.465994,1.245655,3.305195,1.116089,0.000000,-1.116089
833,111.205585,723.587488,3.333656,26.899582,0.000000,-26.899582
834,111.087866,13.498551,3.334066,3.674037,-7.000000,-3.325963
835,111.135089,150.330550,3.344808,12.260936,-2.000000,-14.260936
836,111.034216,27.208798,3.347058,5.216205,-4.000000,-9.216205
837,110.916700,13.143334,3.347392,3.625374,-5.500000,-1.874626
838,110.800069,13.646206,3.347807,3.694077,-7.800000,-11.494077
839,110.722820,46.296717,3.351947,6.804169,-7.700000,-0.895831
840,110.606773,13.707898,3.352366,3.702418,-5.300000,-9.002418
841,110.485493,9.095534,3.351964,3.015880,-2.600000,0.415880
842,110.367565,11.661352,3.352039,3.414872,-0.200000,-3.614872
843,110.360370,104.331341,3.360218,10.214271,-6.200000,4.014271
844,110.229221,0.194923,3.356743,0.441501,-3.100000,-2.658499
845,110.134571,30.628444,3.359333,5.534297,-2.500000,3.034297
846,110.037280,28.215904,3.361652,5.311864,-1.600000,3.711864
847,109.907783,0.871538,3.358771,0.933562,-1.700000,-0.766438
848,109.817071,33.346380,3.361634,5.774632,-2.600000,3.174632
849,109.697038,8.389375,3.361083,2.896442,-3.900000,-1.003558
850,109.580481,11.089990,3.361047,3.330164,-3.200000,0.130164
851,109.474737,20.015038,3.362360,4.473817,-3.000000,1.473817
852,109.347900,1.917284,3.360028,1.384660,2.100000,0.715340
853,109.221521,2.051632,3.357758,1.432352,-3.800000,-5.232352
854,109.180777,74.589197,3.363968,8.636504,3.900000,-4.736504
855,109.494139,375.852147,3.382796,19.386907,18.000000,-1.386907
856,111.594525,1899.022912,3.429974,43.577780,48.900000,5.322220
857,111.649589,158.564461,3.440715,12.592238,-7.500000,5.092238
858,111.568430,42.339773,3.444305,6.506902,-4.800000,1.706902
859,112.471696,883.860260,3.475048,29.729787,-2.600000,-32.329787
860,112.347420,6.091412,3.473872,2.468079,-1.900000,0.568079
861,112.267695,44.023310,3.477561,6.635006,-5.900000,0.735006
862,112.140125,2.812468,3.475462,1.677042,-4.300000,-2.622958
863,112.020136,9.069578,3.474922,3.011574,-3.600000,-0.588426
864,111.893094,2.763990,3.472815,1.662525,-3.600000,-1.937475
865,111.763520,0.330127,3.469448,0.574567,-2.600000,-2.025433
866,111.646506,10.897904,3.469253,3.301197,-1.900000,1.401197
867,111.518854,1.482453,3.466644,1.217560,-2.000000,-0.782440
868,111.438693,42.259481,3.470156,6.500729,-1.700000,4.800729
869,111.361956,45.061849,3.473905,6.712812,-0.800000,5.912812
870,111.278806,39.354044,3.477137,6.273280,-0.900000,5.373280
871,111.187706,32.294780,3.479681,5.682850,-1.400000,4.282850
872,111.098551,33.801485,3.482370,5.813904,-1.500000,4.313904
873,110.983032,10.712661,3.482129,3.273020,-0.300000,2.973020
874,110.860954,4.774779,3.480639,2.185127,-0.700000,1.485127
875,110.735862,1.905982,3.478228,1.380573,1.800000,0.419427
876,110.617854,7.832534,3.477448,2.798666,-3.100000,-0.301334
877,110.491152,0.006989,3.473561,0.083601,-2.000000,-1.916399
878,110.365718,0.862396,3.470649,0.928653,0.900000,-0.028653
879,110.241795,1.932295,3.468271,1.390070,1.100000,2.490070
880,110.131593,13.705255,3.468538,3.702061,-2.100000,1.602061
881,110.007874,1.630297,3.466039,1.276831,-2.600000,-1.323169
882,109.884325,1.532027,3.463501,1.237751,-1.700000,-0.462249
883,109.759679,0.320040,3.460204,0.565721,-0.500000,0.065721
884,109.635740,0.693518,3.457219,0.832777,-0.200000,0.632777
885,109.511763,0.411812,3.454023,0.641726,-0.200000,0.441726
886,109.389408,1.594544,3.451538,1.262752,-0.100000,-1.362752
887,109.267711,1.931508,3.449203,1.389787,-0.200000,1.189787
888,109.144107,0.001469,3.445345,0.038330,-0.500000,-0.461670
889,109.028861,7.151529,3.444474,2.674234,-0.500000,-3.174234
890,108.906113,0.273800,3.441177,0.523259,-0.500000,-1.023259
891,108.784135,0.712049,3.438248,0.843830,-0.700000,0.143830
892,108.661659,0.025113,3.434555,0.158470,-0.400000,-0.558470
893,108.553374,12.396418,3.434652,3.520855,-0.100000,3.420855
894,108.439057,6.811062,3.433725,2.609801,-0.300000,2.309801
895,108.349441,28.591001,3.435873,5.347055,-0.300000,5.047055
896,108.255397,24.462621,3.437565,4.945970,-0.300000,4.645970
897,108.141824,6.834940,3.436644,2.614372,0.700000,3.314372
898,108.021124,0.235447,3.433342,0.485229,0.200000,0.685229
899,107.924692,21.714701,3.434713,4.659904,-1.000000,3.659904
900,107.807490,2.911819,3.432784,1.706405,-0.400000,-2.106405
901,107.690566,2.926753,3.430864,1.710776,-0.200000,1.510776
902,107.572499,1.666072,3.428481,1.290764,-0.200000,1.090764
903,107.454605,1.585950,3.426068,1.259345,-0.300000,0.959345
904,107.336079,0.781032,3.423243,0.883760,0.000000,0.883760
905,107.217090,0.127147,3.419840,0.356577,-0.200000,-0.556577
906,107.103010,4.317010,3.418352,2.077742,-0.200000,-2.277742
907,106.986505,1.899010,3.416092,1.378046,-0.200000,-1.578046
908,106.868487,0.297683,3.412917,0.545604,-0.300000,-0.845604
909,106.750814,0.374420,3.409822,0.611898,-0.300000,-0.911898
910,106.633557,0.515965,3.406851,0.718307,-0.100000,-0.818307
911,106.519093,2.815186,3.404945,1.677852,0.100000,-1.577852
912,106.401815,0.030845,3.401388,0.175628,0.000000,0.175628
913,106.284826,0.058252,3.397912,0.241355,0.000000,0.241355
914,106.170696,2.427223,3.395890,1.557955,0.000000,1.557955
915,106.055093,0.856437,3.393178,0.925439,-0.200000,0.725439
916,105.943217,4.023678,3.391657,2.005911,0.200000,-1.805911
917,105.828388,1.104729,3.389093,1.051061,0.300000,-0.751061
918,105.712850,0.226583,3.385906,0.476007,-0.100000,-0.576007
919,105.896495,273.748142,3.400288,16.545336,15.800000,-0.745336
920,105.827208,42.429235,3.403687,6.513773,5.500000,-1.013773
921,105.780128,62.654735,3.408607,7.915474,-3.100000,-11.015474
922,105.681511,15.249727,3.409148,3.905090,-1.800000,2.105090
923,105.589954,21.540286,3.410489,4.641151,-0.500000,-5.141151
924,105.477369,2.011962,3.408323,1.418436,-0.700000,0.718436
925,105.367041,3.865228,3.406757,1.966018,-0.100000,1.866018
926,105.254465,1.571855,3.404422,1.253736,-0.500000,0.753736
927,105.142541,1.949061,3.402246,1.396088,-0.600000,0.796088
928,105.032970,3.899048,3.400701,1.974601,0.300000,-1.674601
929,104.927581,7.548017,3.399995,2.747366,-0.600000,2.147366
930,104.814757,0.452689,3.397050,0.672822,-0.600000,0.072822
931,104.701925,0.219362,3.393891,0.468361,0.600000,0.131639
932,104.595092,5.560842,3.392775,2.358144,-0.100000,2.258144
933,104.483023,0.482637,3.389870,0.694721,-0.400000,0.294721
934,104.370969,0.273160,3.386787,0.522647,0.000000,-0.522647
935,104.258892,0.027054,3.383326,0.164480,0.400000,0.564480
936,104.162659,14.570209,3.383792,3.817094,3.400000,-0.417094
937,104.065304,13.330585,3.384078,3.651107,-1.300000,2.351107
938,103.965188,10.556512,3.383933,3.249079,0.600000,-2.649079
939,103.856153,2.017527,3.381833,1.420397,-0.100000,-1.520397
940,103.746442,1.167000,3.379375,1.080278,0.100000,-0.980278
941,103.659950,22.703176,3.380853,4.764785,2.500000,-2.264785
942,103.553955,4.236566,3.379443,2.058292,-0.100000,1.958292
943,103.446262,2.430646,3.377504,1.559053,-1.900000,-3.459053
944,103.336445,0.217746,3.374408,0.466632,-1.000000,-0.533368
945,103.227405,0.730416,3.371730,0.854644,1.400000,0.545356
946,103.128764,10.307228,3.371559,3.210487,-3.400000,-0.189513
947,103.026258,6.465487,3.370680,2.542732,-1.100000,-3.642732
948,102.945759,27.035239,3.372617,5.199542,3.600000,-1.599542
949,102.843453,6.266578,3.371697,2.503313,0.600000,3.103313
950,102.776261,39.280162,3.374758,6.267389,7.800000,1.532611
951,102.840693,163.793426,3.384709,12.798181,-3.200000,-15.998181
952,102.733873,1.574524,3.382462,1.254801,-4.200000,-5.454801
953,102.628753,2.975370,3.380716,1.724926,-2.200000,-0.475074
954,102.535776,14.300258,3.381138,3.781568,-2.500000,1.281568
955,102.428196,0.227435,3.378084,0.476901,0.300000,-0.176901
956,102.343732,22.018506,3.379464,4.692388,3.200000,-1.492388
957,102.248070,11.178365,3.379427,3.343406,-4.000000,-0.656594
958,102.141906,0.966780,3.376915,0.983250,-4.000000,-3.016750
959,102.040154,4.969465,3.375713,2.229230,-2.500000,-0.270770
960,101.957533,23.054520,3.377205,4.801512,1.200000,-3.601512
961,101.877792,25.644889,3.378967,5.064078,0.300000,-4.764078
962,101.771448,0.000789,3.375469,0.028083,-0.900000,-0.871917
963,101.673608,7.942125,3.374888,2.818178,-0.700000,2.118178
964,101.573600,5.665990,3.373852,2.380334,-2.700000,-0.319666
965,101.469072,1.122599,3.371444,1.059528,-1.500000,-2.559528
966,101.386281,21.824001,3.372796,4.671616,4.200000,-0.471616
967,101.282205,1.161213,3.370412,1.077596,-0.300000,0.777596
968,101.184556,7.148021,3.369689,2.673578,-0.700000,-3.373578
969,101.081345,1.586602,3.367503,1.259604,0.700000,-0.559604
970,100.978510,1.742158,3.365383,1.319908,0.100000,1.419908
971,100.883359,8.968055,3.365000,2.994671,0.400000,3.394671
972,100.813889,33.635857,3.367515,5.799643,0.400000,6.199643
973,100.722754,12.504378,3.367689,3.536153,-1.100000,2.436153
974,100.624558,5.472476,3.366629,2.339332,-1.800000,0.539332
975,100.556089,34.141079,3.369179,5.843037,-3.870000,1.973037
976,100.452951,0.305984,3.366282,0.553158,-0.950000,-0.396842
977,100.350494,0.762804,3.363720,0.873386,3.220000,2.346614
978,100.252701,5.099643,3.362585,2.258239,-0.200000,-2.458239
979,100.150425,0.534218,3.359886,0.730902,0.500000,-0.230902
980,100.053305,5.360417,3.358815,2.315257,0.200000,2.515257
981,99.953989,3.022287,3.357157,1.738473,-3.570000,-1.831527
982,99.858702,6.762983,3.356383,2.600574,-0.250000,-2.850574
983,99.757458,0.740749,3.353834,0.860668,-0.200000,-1.060668
984,99.658607,2.883775,3.352145,1.698168,0.100000,-1.598168
985,99.557041,0.022634,3.348881,0.150445,0.100000,-0.050445
986,99.457548,1.854297,3.346857,1.361726,0.200000,-1.161726
987,99.357253,0.868153,3.344400,0.931748,0.200000,1.131748
988,99.262777,6.392811,3.343571,2.528401,-0.100000,-2.628401
989,99.162689,0.675649,3.341011,0.821979,-0.050000,0.771979
990,99.062880,0.750743,3.338502,0.866454,-0.050000,-0.916454
991,98.963223,0.702210,3.335968,0.837980,0.000000,0.837980
992,98.863390,0.327371,3.333171,0.572163,0.300000,0.872163
993,98.763430,0.003047,3.329856,0.055202,-0.100000,-0.044798
994,98.664643,0.964807,3.327485,0.982246,0.600000,-0.382246
995,98.565088,0.005403,3.324201,0.073507,0.600000,0.526493
996,98.465738,0.009860,3.320950,0.099297,0.400000,0.300703
997,98.366793,0.213115,3.318071,0.461643,0.500000,0.038357
998,98.271288,3.435643,3.316598,1.853549,0.500000,-1.353549
999,98.183058,10.481995,3.316518,3.237591,0.600000,-2.637591
1000,98.095005,10.482072,3.316439,3.237603,0.600000,-2.637603
1001,97.996988,0.372344,3.313725,0.610200,0.200000,-0.410200
1002,97.898839,0.043948,3.310614,0.209639,0.300000,0.090361
1003,97.801064,0.221977,3.307772,0.471144,0.500000,0.971144
1004,97.703318,0.054726,3.304698,0.233937,0.200000,-0.033937
1005,97.605751,0.038463,3.301593,0.196120,0.700000,0.503880
1006,97.514948,6.621987,3.300866,2.573322,0.700000,-1.873322
1007,97.418318,0.594716,3.298344,0.771178,0.500000,-0.271178
1008,97.321332,0.044234,3.295268,0.210318,0.400000,0.610318
1009,97.224588,0.093366,3.292293,0.305558,0.300000,0.605558
1010,97.127945,0.002259,3.289068,0.047531,-0.100000,-0.147531
1011,97.032208,0.720231,3.286644,0.848664,-0.500000,0.348664
1012,96.936592,0.651743,3.284185,0.807306,-0.700000,0.107306
1013,96.840910,0.393704,3.281552,0.627459,-1.700000,-1.072541
1014,96.750082,5.104483,3.280540,2.259310,-0.300000,-2.559310
1015,96.654788,0.408030,3.277927,0.638772,-0.200000,-0.838772
1016,96.559677,0.401606,3.275314,0.633724,-0.100000,-0.733724
1017,96.466703,2.377283,3.273602,1.541844,0.000000,-1.541844
1018,96.372670,1.117728,3.271417,1.057226,-0.100000,-1.157226
1019,96.280080,2.393515,3.269718,1.547099,-0.100000,-1.647099
1020,96.190490,5.256191,3.268756,2.292639,-0.200000,-2.492639
1021,96.098501,2.638448,3.267139,1.624330,-0.300000,-1.924330
1022,96.007790,3.754631,3.265833,1.937687,-0.100000,-2.037687
1023,95.915492,1.955509,3.264001,1.398395,0.300000,-1.098395
1024,95.831513,10.257413,3.263941,3.202720,0.600000,-2.602720
1025,95.763091,25.972129,3.265735,5.096286,2.000000,-3.096286
1026,95.686067,17.045412,3.266580,4.128609,2.100000,-2.028609
1027,95.610288,18.163678,3.267552,4.261887,0.400000,-3.861887
1028,95.532393,15.845578,3.268249,3.980651,0.000000,-3.980651
1029,95.446832,7.832442,3.267791,2.798650,-0.100000,-2.898650
1030,95.362668,9.094828,3.267545,3.015763,-0.200000,-3.215763
1031,95.280678,11.158531,3.267616,3.340439,-0.100000,-3.440439
1032,95.202426,14.837757,3.268184,3.851981,-0.200000,3.651981
1033,95.111495,1.634974,3.266251,1.278661,0.000000,1.278661
1034,95.022235,3.173377,3.264809,1.781397,0.100000,1.881397
1035,94.930365,0.303885,3.262177,0.551258,0.400000,0.951258
1036,94.845492,7.341514,3.261642,2.709523,0.700000,3.409523
1037,94.764169,10.839141,3.261672,3.292285,0.500000,3.792285
1038,94.686859,14.825430,3.262241,3.850381,0.000000,3.850381
1039,94.598401,3.133522,3.260799,1.770176,0.000000,1.770176
1040,94.511592,4.664223,3.259737,2.159681,-0.200000,1.959681
1041,94.424147,3.830326,3.258480,1.957122,-0.100000,1.857122
1042,94.335399,2.303745,3.256803,1.517809,-0.100000,1.417809
1043,94.244915,0.323211,3.254216,0.568516,-0.300000,0.268516
1044,94.154372,0.079350,3.251358,0.281691,-0.800000,-1.081691
1045,94.068607,4.873993,3.250355,2.207712,-1.100000,-3.307712
1046,93.978512,0.189479,3.247654,0.435292,-1.000000,-0.564708
1047,93.889304,0.934661,3.245467,0.966778,-0.700000,0.266778
1048,93.799378,0.006580,3.242436,0.081116,0.000000,-0.081116
1049,93.710909,1.349083,3.240445,1.161500,0.000000,-1.161500
1050,93.622135,0.852816,3.238229,0.923480,0.000000,-0.923480
1051,93.533313,0.625575,3.235892,0.790933,-0.800000,-0.009067
1052,93.446492,2.544767,3.234327,1.595233,-2.610000,-1.014767
1053,93.366233,9.255141,3.234143,3.042226,-1.320000,-4.362226
1054,93.297151,20.829647,3.235410,4.563951,3.250000,-1.313951
1055,93.218618,10.758991,3.235452,3.280090,3.180000,-0.100090
1056,93.130516,0.535597,3.233073,0.731845,-0.700000,0.031845
1057,93.049284,7.592867,3.232619,2.755516,0.400000,-2.355516
1058,92.961398,0.417731,3.230165,0.646321,0.000000,-0.646321
1059,92.874431,1.211669,3.228147,1.100758,0.100000,-1.000758
1060,92.787774,1.364869,3.226196,1.168276,0.000000,1.168276
1061,92.703341,3.541495,3.224924,1.881886,0.000000,1.881886
1062,92.618378,2.812493,3.223461,1.677049,-0.300000,-1.977049
1063,92.531389,0.497160,3.221083,0.705096,-0.300000,0.405096
1064,92.445225,1.197580,3.219077,1.094340,-0.200000,0.894340
1065,92.364929,7.251411,3.218581,2.692844,0.100000,2.792844
1066,92.279090,1.203576,3.216583,1.097076,-0.400000,0.697076
1067,92.192677,0.421619,3.214168,0.649322,-0.200000,-0.849322
1068,92.106185,0.166024,3.211530,0.407461,0.100000,-0.307461
1069,92.019896,0.208252,3.208943,0.456346,0.200000,-0.256346
1070,91.937796,4.500850,3.207923,2.121521,1.300000,-0.821521
1071,91.851845,0.228235,3.205364,0.477740,0.500000,0.977740
1072,91.766179,0.360927,3.202926,0.600772,0.900000,0.299228
1073,91.680599,0.281253,3.200426,0.530333,0.800000,1.330333
1074,91.597067,2.300707,3.198852,1.516808,-0.900000,0.616808
1075,91.514753,3.438970,3.197597,1.854446,-0.400000,-2.254446
1076,91.430950,1.678128,3.195822,1.295426,-1.500000,-0.204574
1077,91.346071,0.355832,3.193400,0.596516,-1.100000,-1.696516
1078,91.261019,0.000049,3.190433,0.007028,-0.400000,-0.407028
1079,91.180466,4.666170,3.189475,2.160132,1.500000,-0.660132
1080,91.099232,3.772972,3.188316,1.942414,0.300000,-1.642414
1081,91.016097,1.563199,3.186516,1.250280,0.300000,-0.950280
1082,90.936439,5.144086,3.185664,2.268058,1.700000,-0.568058
1083,90.852644,0.521642,3.183381,0.722248,1.200000,0.477752
1084,90.802323,36.506433,3.186028,6.042055,4.100000,-1.942055
1085,90.719082,0.818842,3.183918,0.904899,1.900000,2.804899
1086,90.635880,0.694859,3.181746,0.833582,0.300000,-0.533582
1087,90.582805,33.154690,3.184125,5.758011,4.800000,-0.958011
1088,90.557970,63.661672,3.188548,7.978826,9.500000,1.521174
1089,90.481184,7.245868,3.188090,2.691815,5.300000,2.608185
1090,90.444578,50.726721,3.191713,7.122269,-1.400000,5.722269
1091,90.397793,39.589617,3.194565,6.292028,-1.800000,4.492028
1092,90.367510,57.449975,3.198595,7.579576,-2.900000,4.679576
1093,90.289949,5.902922,3.197889,2.429593,-2.600000,-0.170407
1094,90.208669,1.695504,3.196150,1.302115,-0.500000,-1.802115
1095,90.128313,2.540212,3.194681,1.593804,0.600000,-0.993804
1096,90.045819,0.044372,3.191948,0.210648,-0.500000,-0.710648
1097,89.965273,2.008994,3.190325,1.417390,-1.100000,0.317390
1098,89.887732,5.135552,3.189480,2.266176,-1.400000,0.866176
1099,89.806472,0.908490,3.187438,0.953147,-0.200000,0.753147
1100,89.730059,6.057494,3.186775,2.461198,1.500000,-0.961198
1101,89.659063,11.847298,3.187008,3.441990,3.400000,-0.041990
1102,89.585964,9.396403,3.186897,3.065355,4.500000,1.434645
1103,89.509241,5.267567,3.186085,2.295118,5.500000,3.204882
1104,89.429773,2.093849,3.184504,1.447014,4.900000,3.452986
1105,89.349203,0.722312,3.182384,0.849889,2.800000,3.649889
1106,89.269199,1.185596,3.180484,1.088851,1.700000,2.788851
1107,89.192541,4.714826,3.179569,2.171365,0.800000,2.971365
1108,89.113092,1.481162,3.177792,1.217030,0.500000,1.717030
1109,89.032453,0.006498,3.174989,0.080607,0.400000,0.319393
1110,88.952371,0.462337,3.172733,0.679953,0.400000,-0.279953
1111,88.873695,1.857847,3.171098,1.363029,0.200000,-1.163029
1112,88.793502,0.019603,3.168363,0.140011,0.400000,0.540011
1113,88.714478,1.155738,3.166475,1.075052,-0.100000,0.975052
1114,88.636954,2.663104,3.165092,1.631902,0.100000,-1.531902
1115,88.558456,1.425913,3.163318,1.194116,0.200000,-0.994116
1116,88.481635,3.133626,3.162066,1.770205,0.400000,-1.370205
1117,88.404013,2.087831,3.160523,1.444933,0.500000,-0.944933
1118,88.325113,0.510041,3.158327,0.714171,1.100000,0.385829
1119,88.247719,2.030704,3.156772,1.425028,2.000000,3.425028
1120,88.177805,10.223780,3.156809,3.197465,0.800000,3.997465
1121,88.098943,0.088220,3.154248,0.297019,1.400000,1.697019
1122,88.021232,1.218168,3.152414,1.103707,2.200000,1.096293
1123,87.944357,1.998757,3.150861,1.413774,3.600000,2.186226
1124,87.885132,21.612201,3.152198,4.648892,0.400000,5.048892
1125,87.806735,0.001429,3.149420,0.037799,2.000000,2.037799
1126,87.728798,0.361966,3.147149,0.601636,2.600000,3.201636
1127,87.653666,3.355834,3.145978,1.831894,2.000000,0.168106
1128,87.581524,6.565484,3.145459,2.562320,1.900000,-0.662320
1129,87.504187,0.577031,3.143338,0.759626,1.100000,0.340374
1130,87.426481,0.007623,3.140624,0.087311,1.200000,1.287311
1131,87.348924,0.019532,3.137961,0.139758,0.900000,0.760242
1132,87.272168,0.768980,3.135957,0.876915,0.900000,1.776915
1133,87.194917,0.055031,3.133387,0.234586,1.100000,1.334586
1134,87.117796,0.048735,3.130809,0.220759,1.600000,1.820759
1135,87.045265,5.085364,3.130035,2.255075,-0.100000,2.155075
1136,86.971967,4.071258,3.129052,2.017736,0.800000,-1.217736
1137,86.895215,0.012704,3.126390,0.112712,0.500000,0.612712
1138,86.818776,0.212747,3.124040,0.461245,0.700000,0.238755
1139,86.742508,0.254589,3.121732,0.504568,1.000000,0.495432
1140,86.672188,6.859670,3.121290,2.619097,3.500000,0.880903
1141,86.674227,88.990146,3.126841,9.433459,11.000000,1.566541
1142,87.538401,1070.104445,3.152839,32.712451,38.000000,5.287549
1143,87.494948,38.045184,3.155486,6.168078,12.000000,5.831922
1144,87.641065,254.068041,3.166700,15.939512,16.000000,0.060488
1145,87.756481,219.331042,3.176905,14.809829,-18.000000,-3.190171
1146,87.679975,0.386347,3.174667,0.621568,-8.000000,-7.378432
1147,87.616795,15.465169,3.175330,3.932578,-6.000000,-9.932578
1148,87.592128,59.397956,3.179291,7.707007,-4.600000,-12.307007
1149,87.875003,411.484259,3.194231,20.285075,12.600000,-7.685075
1150,109.544459,24921.070784,3.329196,157.864090,163.000000,5.135910
1151,110.357928,1042.593539,3.354444,32.289217,-56.000000,-88.289217
1152,111.431026,1342.275165,3.383436,36.637074,-24.000000,12.637074
1153,111.561898,261.802694,3.394574,16.180318,-14.000000,-30.180318
1154,115.548622,4696.293965,3.451213,68.529512,-9.000000,-77.529512
1155,116.177331,839.193605,3.473383,28.968839,-5.000000,-33.968839
1156,116.190768,131.656112,3.480328,11.474150,-11.000000,0.474150
1157,116.167156,88.966693,3.485490,9.432216,-8.000000,1.432216
1158,116.131937,75.523979,3.490000,8.690453,-6.000000,2.690453
1159,116.116854,98.711562,3.495581,9.935369,-5.000000,4.935369
1160,116.184774,194.632096,3.504625,13.951061,-9.000000,4.951061
1161,116.185956,117.552726,3.510967,10.842173,-13.000000,-2.157827
1162,116.153950,79.122924,3.515617,8.895107,-14.000000,-5.104893
1163,116.089245,41.160796,3.518119,6.415668,-7.000000,-0.584332
1164,116.097705,125.902609,3.524759,11.220633,-4.000000,7.220633
1165,116.052322,63.407607,3.528582,7.962889,-4.000000,3.962889
1166,115.992649,46.712890,3.531427,6.834683,-2.500000,4.334683
1167,115.972824,92.935803,3.536680,9.640322,-1.400000,8.240322
1168,115.906924,39.264803,3.539024,6.266163,-0.300000,5.966163
1169,115.829873,26.143214,3.540376,5.113044,-0.200000,4.913044
1170,115.805306,87.185133,3.545347,9.337298,-0.400000,8.937298
1171,115.743352,43.504203,3.547961,6.595772,-0.300000,6.295772
1172,115.662190,20.946126,3.548842,4.576694,0.100000,4.676694
1173,115.570268,8.205733,3.548256,2.864565,0.200000,3.064565
1174,115.472934,1.689386,3.546335,1.299764,-0.300000,0.999764
1175,115.407673,39.052069,3.548643,6.249165,-0.300000,5.949165
1176,115.343278,39.937055,3.551007,6.319577,-0.200000,6.119577
1177,115.276242,36.710024,3.553145,6.058880,-0.100000,5.958880
1178,115.193589,18.241656,3.553757,4.271025,-0.100000,4.171025
1179,115.119787,28.476203,3.555274,5.336310,-0.300000,5.036310
1180,115.046889,29.391420,3.556860,5.421385,-0.100000,5.321385
1181,114.950404,1.484167,3.554874,1.218264,-0.200000,1.018264
1182,114.863274,12.311867,3.554834,3.508827,-0.200000,3.308827
1183,114.779493,16.085215,3.555221,4.010638,0.000000,4.010638
1184,114.691968,11.499629,3.555082,3.391110,0.000000,3.391110
1185,114.595022,0.199394,3.552450,0.446536,-0.100000,-0.546536
1186,114.500767,3.184593,3.550954,1.784543,-0.100000,1.684543
1187,114.411077,8.398558,3.550402,2.898027,-0.300000,2.598027
1188,114.317543,3.666711,3.549021,1.914866,-0.300000,1.614866
1189,114.228876,9.246494,3.548592,3.040805,-0.300000,2.740805
1190,114.171982,46.752539,3.551365,6.837583,-0.300000,6.537583
1191,114.116147,47.895973,3.554204,6.920692,-0.300000,6.620692
1192,114.062473,50.351974,3.557185,7.095912,-0.400000,6.695912
1193,113.973981,8.845435,3.556695,2.974128,-0.100000,2.874128
1194,113.929250,60.743461,3.560255,7.793809,-0.400000,7.393809
1195,113.885242,61.516317,3.563851,7.843234,-0.500000,7.343234
1196,113.808789,22.753018,3.564863,4.770012,-0.200000,4.570012
1197,113.734478,25.155805,3.566079,5.015556,-0.300000,4.715556
1198,113.656924,21.135201,3.566943,4.597304,-0.300000,4.297304
1199,113.577158,18.336465,3.567541,4.282110,-0.200000,4.082110
1200,113.482746,0.660279,3.565238,0.812576,-0.400000,0.412576
1201,113.388917,1.169876,3.563163,1.081608,-0.300000,0.781608
1202,113.294604,0.401869,3.560718,0.633931,-0.400000,0.233931
1203,113.202937,3.385297,3.559283,1.839918,-0.200000,1.639918
1204,113.119187,12.702900,3.559287,3.564113,-0.500000,3.064113
1205,113.031641,7.977128,3.558675,2.824381,-0.400000,2.424381
1206,112.945743,9.781177,3.558316,3.127487,-0.500000,2.627487
1207,112.860223,10.065148,3.557995,3.172562,-0.500000,2.672562
1208,112.768751,2.728934,3.556412,1.651948,-0.700000,0.951948
1209,112.675188,0.025281,3.553593,0.159000,-0.900000,-0.741000
1210,112.582166,0.490482,3.551227,0.700344,-0.700000,0.000344
1211,112.518882,36.198022,3.553269,6.016479,-5.300000,0.716479
1212,112.452973,32.901080,3.555076,5.735946,-4.400000,-10.135946
1213,112.361834,2.265206,3.553381,1.505060,-0.900000,-2.405060
1214,112.303097,41.290930,3.555755,6.425802,-6.100000,0.325802
1215,112.212897,3.070763,3.554265,1.752359,-9.500000,-7.747641
1216,112.122194,2.281147,3.552579,1.510347,-9.200000,-7.689653
1217,112.044501,17.879728,3.553136,4.228443,-10.400000,-6.171557
1218,111.953869,2.017873,3.551380,1.420518,-9.000000,-7.579482
1219,111.861778,0.063282,3.548664,0.251559,-3.200000,-2.948441
1220,111.773802,4.882583,3.547562,2.209657,0.000000,-2.209657
1221,111.682065,0.129791,3.544943,0.360265,0.000000,-0.360265
1222,111.590565,0.235947,3.542432,0.485744,-0.100000,-0.585744
1223,111.502168,3.833827,3.541132,1.958016,0.000000,1.958016
1224,111.413969,3.899216,3.539848,1.974643,0.000000,-1.974643
1225,111.323249,0.645229,3.537607,0.803261,0.000000,-0.803261
1226,111.232627,0.583672,3.535337,0.763984,-0.100000,-0.863984
1227,111.142246,0.696464,3.533129,0.834544,0.300000,-0.534544
1228,111.067796,20.015183,3.533897,4.473833,-0.100000,4.373833
1229,110.990985,16.973943,3.534376,4.119945,0.000000,4.119945
1230,110.916302,19.429481,3.535088,4.407888,-0.500000,3.907888
1231,110.828863,3.629615,3.533760,1.905155,0.300000,-1.605155
1232,110.738612,0.000126,3.530891,0.011232,0.100000,0.088768
1233,110.648582,0.091144,3.528264,0.301901,-0.100000,-0.401901
1234,110.558879,0.314405,3.525851,0.560718,0.000000,-0.560718
1235,110.469254,0.230018,3.523377,0.479601,-0.100000,-0.579601
1236,110.380722,1.398251,3.521477,1.182477,0.000000,-1.182477
1237,110.291787,0.723986,3.519311,0.850874,0.000000,-0.850874
1238,110.203524,1.375102,3.517409,1.172647,0.000000,1.172647
1239,110.114572,0.348053,3.515039,0.589960,0.200000,0.789960
1240,110.025486,0.003936,3.512245,0.062736,0.100000,0.162736
1241,109.936817,0.342481,3.509879,0.585219,0.100000,0.685219
1242,109.848071,0.069596,3.507257,0.263811,0.100000,-0.163811
1243,109.895997,169.227192,3.514926,13.008735,12.800000,-0.208735
1244,109.965075,195.553154,3.523369,13.984032,14.900000,28.884032
1245,109.882790,7.849312,3.522787,2.801662,4.700000,7.501662
1246,109.859795,81.323020,3.527212,9.017928,-6.700000,2.317928
1247,109.785952,18.073373,3.527794,4.251279,-7.100000,-2.848721
1248,109.699308,2.000403,3.526095,1.414356,-0.200000,-1.614356
1249,109.694378,103.561100,3.531437,10.176497,-0.100000,10.076497
1250,109.609356,3.756993,3.530158,1.938296,0.000000,1.938296
1251,109.537624,20.160702,3.530928,4.490067,-3.500000,0.990067
1252,109.475648,32.191097,3.532645,5.673720,-10.300000,-4.626280
1253,109.390890,3.613031,3.531338,1.900797,-8.500000,-10.400797
1254,109.303636,0.323463,3.528968,0.568739,-3.000000,-2.431261
1255,109.219579,4.147787,3.527775,2.036612,-0.100000,-2.136612
1256,109.138966,8.292608,3.527258,2.879689,-0.100000,-2.979689
1257,109.059480,9.542835,3.526908,3.089148,-0.100000,-3.189148
1258,108.974406,2.376647,3.525325,1.541638,-0.100000,-1.641638
1259,108.903558,20.059929,3.526085,4.478831,-0.100000,-4.578831
1260,108.817370,0.652147,3.523920,0.807556,-0.100000,0.707556
1261,108.743531,16.000966,3.524299,4.000121,-0.200000,-4.200121
1262,291716971904579328.000000,366979950655960645632.000000,15227921.462596,19156720769.901112,-0.100000,19156720769.801113
1263,291485266605211072.000000,0.000000,15215826.213695,3.097328,0.100000,-2.997328
1264,291253929092032384.000000,-9.586176,15203750.161213,0.085252,0.000000,0.085252
1265,291022958490056128.000000,-8.649123,15191693.262569,0.971761,-0.100000,0.871762
1266,290792353927068736.000000,-9.074775,15179655.471331,0.720186,0.000000,0.720187
1267,290562114533619008.000000,-9.516676,15167636.741961,0.277069,0.000000,-0.277069
1268,290332239443006912.000000,-7.648342,15155637.030452,1.394669,0.100000,-1.294669
1269,290102727791273344.000000,-9.548939,15143656.289883,0.210961,0.000000,-0.210961
1270,289873578717188608.000000,-9.283670,15131694.476508,0.556573,0.100000,-0.456573
1271,289644791362242112.000000,-9.473823,15119751.545071,0.345862,0.000000,-0.345862
1272,289416364870631552.000000,-9.239029,15107827.451262,0.595327,0.000000,0.595327
1273,289188298389251968.000000,0.429231,15095922.152377,3.165860,0.000000,3.165861
1274,288960591067685632.000000,-0.833214,15084035.601831,2.959768,0.000000,2.959768
1275,288733242058191040.000000,-2.735247,15072167.755267,2.618816,0.000000,2.618816
1276,288506250515692416.000000,-1.526222,15060318.569013,2.840285,0.100000,2.940286
1277,288279615597769664.000000,-8.301854,15048487.997582,1.136481,-0.100000,1.036481
1278,288053336464647392.000000,-9.120261,15036675.998123,0.687883,0.000000,-0.687883
1279,287827412279184928.000000,-9.316769,15024882.527165,0.525998,0.100000,-0.425999
1280,287601842206865824.000000,-9.220164,15013107.541337,0.610966,0.000000,-0.610966
1281,287376625415787616.000000,-9.109776,15001350.997214,0.695462,0.000000,-0.695463
1282,287151761076651616.000000,-9.148578,14989612.851415,0.666982,0.100000,-0.566982
1283,286927248362752768.000000,-8.737894,14977893.061011,0.924959,0.000000,-0.924959
1284,286703086449969344.000000,-8.704910,14966191.582794,0.942620,0.100000,-0.842620
1285,286479274516753152.000000,-7.963323,14954508.374124,1.276762,0.000000,-1.276762
1286,286255811744119168.000000,-7.914671,14942843.392004,1.295674,0.000000,-1.295675
1287,286032697315635840.000000,-8.005870,14931196.593771,1.259989,0.000000,1.259989
1288,285809930417414944.000000,-7.917803,14919567.936996,1.294465,0.000000,1.294466
1289,285587510238101760.000000,-8.930014,14907957.378924,0.814512,0.000000,0.814512
1290,285365435968865312.000000,-7.620802,14896364.878167,1.404507,0.000000,1.404508
1291,285143706803388320.000000,-9.388528,14884790.391433,0.452675,0.000000,0.452676
1292,284922321937857760.000000,-8.909080,14873233.877797,0.827263,0.000000,0.827263
1293,284701280570954816.000000,-8.871470,14861695.295153,0.849690,-0.100000,0.749690
1294,284480581903845568.000000,9.640801,14850174.604525,4.385686,0.000000,-4.385686
1295,284260225140171008.000000,4.992141,14838671.761159,3.819108,0.100000,-3.719108
1296,284040209486037760.000000,-4.296888,14827186.722878,2.301424,0.100000,-2.201425
1297,283820534150008320.000000,-2.051423,14815719.449887,2.746274,2.300000,-0.446274
1298,283601198343091776.000000,17.495537,14804269.902557,5.204707,-2.500000,2.704708
1299,283382201278734176.000000,-0.948610,14792838.036177,2.940210,0.000000,-2.940210
1300,283163542172809248.000000,-4.937248,14781423.810962,2.157822,-0.100000,2.057822
1301,282945220243608928.000000,-7.968498,14770027.186031,1.274733,0.000000,1.274734
1302,282727234711834176.000000,-9.593348,14758648.120410,0.009764,0.000000,0.009764
1303,282509584800585664.000000,-8.420859,14747286.575346,1.082859,-0.100000,0.982859
1304,282292269735354432.000000,-9.038861,14735942.509322,0.744703,0.000000,-0.744703
1305,282075288744012896.000000,-7.465450,14724615.882842,1.458764,-0.100000,-1.558764
1306,281858641056805504.000000,-9.040760,14713306.654625,0.743426,-0.100000,-0.843427
1307,281642325906339808.000000,-9.226311,14702014.785055,0.605915,0.000000,0.605915
1308,281426342527577280.000000,-9.592857,14690740.233858,0.024222,0.000000,0.024223
1309,281210690157824352.000000,-9.528882,14679482.961843,0.254089,0.100000,-0.154089
1310,280995368036723424.000000,-9.529424,14668242.929141,0.253022,-0.200000,-0.453022
1311,280780375406243904.000000,-9.556731,14657020.096136,0.191604,-0.200000,-0.391605
1312,280565711510673376.000000,-9.369848,14645814.423641,0.472859,-0.340000,-0.812859
1313,280351375596608704.000000,-9.573776,14634625.871859,0.140242,0.050000,-0.090242
1314,280137366912947168.000000,-7.825476,14623454.402743,1.329649,-0.010000,-1.339649
1315,279923684710877792.000000,-7.804396,14612299.976301,1.337553,-0.100000,-1.437553
1316,279710328243872544.000000,-6.643120,14601162.553848,1.717650,-0.070000,-1.787651
1317,279497296767677664.000000,-7.884067,14590042.095930,1.307431,0.010000,-1.297431
1318,279284589540304992.000000,-5.875701,14578938.564599,1.928145,-0.100000,-2.028145
1319,279072205822023392.000000,-5.123976,14567851.920911,2.114111,-0.010000,-2.124112
1320,278860144875350144.000000,-9.434569,14556782.124921,0.398590,-0.030000,-0.428591
1321,278648405965042336.000000,-9.546224,14545729.139418,0.217301,-0.030000,-0.247301
1322,278436988358088608.000000,-9.221675,14534692.926573,0.609728,-0.090000,-0.699728