# TEST CONFIGURATION BEGIN
# File Stream: filename: mean_daily_flow_oldman_rivernear.csv  -  n_targets: 1
# [mean_daily_flow_oldman_rivernear_ADE_HETERO_SIZE_12] Pipeline: Array BaseStreamModel: base_models: [<skmultiflow.lazy.knn_forecast.KNNForecast object at 0x7f2257c9ce48>, <skmultiflow.lazy.knn_forecast.KNNForecast object at 0x7f2257c9c208>, <skmultiflow.lazy.knn_forecast.KNNForecast object at 0x7f2257caa048>, <skmultiflow.lazy.knn_forecast.KNNForecast object at 0x7f2257caa0b8>, <skmultiflow.lazy.knn_forecast.KNNForecast object at 0x7f2257caa128>, <skmultiflow.lazy.knn_forecast.KNNForecast object at 0x7f2257caa198>, <skmultiflow.trees.regression_hoeffding_tree.RegressionHoeffdingTree object at 0x7f2257caa208>, <skmultiflow.trees.regression_hoeffding_tree.RegressionHoeffdingTree object at 0x7f2257caa240>, <skmultiflow.trees.regression_hoeffding_tree.RegressionHoeffdingTree object at 0x7f2257caa278>, <skmultiflow.trees.regression_hoeffding_adaptive_tree.RegressionHAT object at 0x7f2257caa2b0>, <skmultiflow.trees.regression_hoeffding_adaptive_tree.RegressionHAT object at 0x7f2257caa2e8>, <skmultiflow.trees.regression_hoeffding_adaptive_tree.RegressionHAT object at 0x7f2257caa320>]
 Array BaseStreamModel: base_models: [<skmultiflow.lazy.knn_forecast.KNNForecast object at 0x7f2257c9ce48>, <skmultiflow.lazy.knn_forecast.KNNForecast object at 0x7f2257c9c208>, <skmultiflow.lazy.knn_forecast.KNNForecast object at 0x7f2257caa048>, <skmultiflow.lazy.knn_forecast.KNNForecast object at 0x7f2257caa0b8>, <skmultiflow.lazy.knn_forecast.KNNForecast object at 0x7f2257caa128>, <skmultiflow.lazy.knn_forecast.KNNForecast object at 0x7f2257caa198>, <skmultiflow.trees.regression_hoeffding_tree.RegressionHoeffdingTree object at 0x7f2257caa208>, <skmultiflow.trees.regression_hoeffding_tree.RegressionHoeffdingTree object at 0x7f2257caa240>, <skmultiflow.trees.regression_hoeffding_tree.RegressionHoeffdingTree object at 0x7f2257caa278>, <skmultiflow.trees.regression_hoeffding_adaptive_tree.RegressionHAT object at 0x7f2257caa2b0>, <skmultiflow.trees.regression_hoeffding_adaptive_tree.RegressionHAT object at 0x7f2257caa2e8>, <skmultiflow.trees.regression_hoeffding_adaptive_tree.RegressionHAT object at 0x7f2257caa320>]
# Prequential Evaluator: n_wait: 1 - max_samples: 600000 - max_time: 10000000 - output_file: mean_daily_flow_oldman_rivernear_ADE_HETERO_SIZE_12_SIZE_12 - batch_size: 1 - pretrain_size: 5 - task_type: regression - show_plot: False - metrics: ['mean_square_error', 'mean_absolute_error', 'true_vs_predicted']
# TEST CONFIGURATION END
id,global_mse_[mean_daily_flow_oldman_rivernear_ADE_HETERO_SIZE_12],sliding_mse_[mean_daily_flow_oldman_rivernear_ADE_HETERO_SIZE_12],global_mae_[mean_daily_flow_oldman_rivernear_ADE_HETERO_SIZE_12],sliding_mae_[mean_daily_flow_oldman_rivernear_ADE_HETERO_SIZE_12],true_value_[mean_daily_flow_oldman_rivernear_ADE_HETERO_SIZE_12],predicted_value_[mean_daily_flow_oldman_rivernear_ADE_HETERO_SIZE_12]
5,0.227982,0.227982,0.477475,0.477475,0.420000,-0.057475
6,0.162012,0.096042,0.393691,0.309907,0.250000,-0.059907
7,0.117123,0.027344,0.317581,0.165361,0.050000,0.215361
8,0.090527,0.010740,0.264094,0.103634,-0.030000,0.073634
9,0.080857,0.042179,0.252350,0.205374,-0.040000,0.165374
10,0.071703,0.025929,0.237129,0.161024,-0.080000,0.081024
11,0.061763,0.002123,0.209836,0.046074,-0.040000,0.006074
12,0.058161,0.032951,0.206297,0.181525,-0.270000,-0.088475
13,0.099636,0.431429,0.256356,0.656833,0.400000,-0.256833
14,0.092826,0.031539,0.248480,0.177592,0.030000,-0.147592
15,0.086790,0.026428,0.240670,0.162568,-0.370000,-0.207432
16,0.083715,0.049891,0.239228,0.223364,-0.200000,-0.423364
17,0.078472,0.015555,0.230419,0.124720,0.050000,-0.074720
18,0.078561,0.079727,0.234129,0.282360,0.130000,-0.152360
19,0.087938,0.219210,0.249734,0.468199,0.260000,-0.208199
20,0.083263,0.013138,0.241289,0.114621,-0.190000,-0.075379
21,0.078723,0.006090,0.231687,0.078041,-0.350000,-0.271959
22,0.093834,0.350719,0.251716,0.592215,-0.800000,-0.207785
23,0.106874,0.341585,0.269228,0.584453,-0.900000,-0.315547
24,0.110152,0.172436,0.276530,0.415254,0.000000,-0.415254
25,0.110416,0.115688,0.279558,0.340129,0.050000,-0.290129
26,0.120128,0.324093,0.292728,0.569291,0.050000,-0.519291
27,0.141105,0.602596,0.313752,0.776271,0.180000,-0.596271
28,0.147985,0.306223,0.323736,0.553374,0.220000,-0.333374
29,0.150451,0.209646,0.329101,0.457871,0.200000,-0.257871
30,0.180229,0.924668,0.353428,0.961597,0.700000,-0.261597
31,0.177904,0.117457,0.353031,0.342720,0.290000,-0.052720
32,0.185146,0.380688,0.362459,0.616999,0.210000,-0.406999
33,0.183118,0.126322,0.362216,0.355418,0.150000,-0.205418
34,0.178685,0.050144,0.357606,0.223929,0.300000,0.076071
35,0.176211,0.101988,0.356373,0.319356,0.350000,0.030644
36,0.171482,0.024884,0.350166,0.157747,-0.050000,0.107747
37,0.166425,0.004588,0.341607,0.067736,-0.150000,-0.082264
38,0.162293,0.025935,0.336296,0.161045,0.200000,0.038955
39,0.158628,0.034033,0.331959,0.184482,0.200000,0.015518
40,0.155573,0.048620,0.328863,0.220500,0.200000,-0.020500
41,0.154513,0.116380,0.329195,0.341145,0.300000,-0.041145
42,0.152571,0.080687,0.328007,0.284055,0.300000,0.015945
43,0.149731,0.041811,0.324839,0.204478,-0.100000,0.104478
44,0.146027,0.001569,0.317709,0.039605,-0.100000,-0.060395
45,0.143770,0.053511,0.315602,0.231324,-0.200000,0.031324
46,0.140347,0.000000,0.308094,0.000279,-0.060000,-0.060279
47,0.143259,0.265565,0.312913,0.515330,0.420000,-0.095330
48,0.140262,0.011372,0.308225,0.106638,0.140000,0.033362
49,0.138088,0.042457,0.305955,0.206051,0.200000,-0.006051
50,0.135493,0.018698,0.302276,0.136739,0.110000,-0.026739
51,0.135498,0.135725,0.303683,0.368409,-0.360000,0.008409
52,0.134244,0.075332,0.303075,0.274468,-0.050000,-0.324468
53,0.132527,0.050100,0.301457,0.223831,-0.050000,-0.273831
54,0.137952,0.403805,0.308137,0.635456,0.460000,-0.175456
55,0.136100,0.043456,0.306183,0.208462,0.090000,-0.118462
56,0.133659,0.009174,0.302137,0.095782,-0.160000,-0.064218
57,0.131692,0.029444,0.299674,0.171593,-0.350000,-0.178407
58,0.129389,0.007322,0.295709,0.085571,0.020000,-0.065571
59,0.127249,0.011679,0.292297,0.108068,-0.100000,0.008068
60,0.155518,1.710297,0.310431,1.307783,1.250000,-0.057783
61,0.152790,0.000052,0.305112,0.007238,0.170000,0.177238
62,0.158333,0.474271,0.311725,0.688673,-0.580000,0.108673
63,0.155728,0.004653,0.307597,0.068213,-0.390000,-0.321787
64,0.153140,0.000437,0.302819,0.020902,0.210000,0.189098
65,0.150751,0.007391,0.299264,0.085968,0.210000,0.124032
66,0.161480,0.815968,0.309007,0.903309,-0.880000,0.023309
67,0.159019,0.006411,0.305373,0.080068,-0.240000,-0.159932
68,0.157661,0.072114,0.304797,0.268541,-0.240000,0.028541
69,0.161764,0.424386,0.310131,0.651449,0.480000,-0.171449
70,0.175062,1.039425,0.320879,1.019522,0.930000,-0.089522
71,0.173356,0.060762,0.319769,0.246499,0.450000,0.203501
72,0.186822,1.089018,0.330413,1.043560,0.950000,-0.093560
73,0.184701,0.040515,0.328541,0.201282,-0.010000,0.191282
74,0.197164,1.057073,0.338536,1.028141,-0.740000,0.288141
75,0.197041,0.188469,0.339882,0.434131,-0.580000,-0.145869
76,0.203995,0.697671,0.346762,0.835267,-0.630000,0.205267
77,0.201233,0.002399,0.342683,0.048982,0.140000,0.188982
78,0.211514,0.961993,0.351307,0.980813,1.190000,0.209187
79,0.209206,0.038455,0.349237,0.196100,0.470000,0.273900
80,0.212949,0.493674,0.353887,0.702619,-0.920000,-0.217381
81,0.210196,0.000926,0.349686,0.030426,-0.730000,-0.699574
82,0.207595,0.007383,0.346305,0.085924,0.020000,-0.065924
83,0.206146,0.093124,0.345784,0.305163,0.370000,0.064837
84,0.225953,1.790702,0.358189,1.338171,1.460000,0.121829
85,0.325931,8.324110,0.389386,2.885153,3.130000,0.244847
86,0.326284,0.354914,0.391902,0.595746,1.500000,0.904254
87,0.414495,7.647765,0.420499,2.765459,-2.100000,0.665459
88,0.414205,0.390186,0.422930,0.624648,-0.500000,-1.124648
89,0.864232,38.666491,0.491110,6.218239,6.900000,0.681761
90,0.905522,4.415186,0.509832,2.101234,2.100000,4.201234
91,1.075269,15.673441,0.549477,3.958970,-3.900000,0.058970
92,1.064557,0.132676,0.547373,0.364246,-1.200000,-0.835754
93,1.116097,5.651614,0.567934,2.377312,0.000000,2.377312
94,1.148254,4.010196,0.583874,2.002547,2.900000,0.897453
95,1.260995,11.407706,0.614573,3.377530,2.800000,-0.577530
96,1.265790,1.702081,0.622074,1.304638,1.800000,0.495362
97,1.497639,22.827824,0.666760,4.777847,4.200000,-0.577847
98,2.183554,65.973641,0.746075,8.122416,8.900000,0.777584
99,2.247207,8.230610,0.768421,2.868904,8.300000,5.431096
100,2.234064,0.985398,0.770757,0.992672,4.900000,5.892672
101,2.280730,6.760680,0.789616,2.600131,2.800000,5.400131
102,2.685540,41.952122,0.847651,6.477046,-1.000000,5.477046
103,3.012952,35.099369,0.898932,5.924472,-4.200000,1.724472
104,3.117431,13.460865,0.926632,3.668905,-4.300000,-0.631095
105,3.260548,17.572165,0.958962,4.191917,-4.500000,-0.308083
106,3.231148,0.261803,0.954576,0.511667,-0.700000,-1.211667
107,3.263397,6.552734,0.970161,2.559831,-1.800000,0.759831
108,3.401591,17.635653,1.001213,4.199482,-4.300000,-0.100518
109,3.379106,1.040664,1.001393,1.020129,-1.300000,-2.320129
110,3.350387,0.334897,0.997405,0.578703,0.200000,-0.378703
111,3.422486,11.064976,1.019171,3.326406,3.000000,-0.326406
112,3.760297,39.906031,1.068226,6.317122,6.600000,0.282878
113,3.787655,6.742285,1.082248,2.596591,-0.500000,2.096591
114,3.775909,2.495622,1.086771,1.579754,-3.100000,-1.520246
115,3.800705,6.528239,1.099999,2.555042,-3.000000,-0.444958
116,3.804281,4.201234,1.108478,2.049691,-0.200000,1.849691
117,3.835286,7.307887,1.122592,2.703310,3.700000,0.996690
118,3.965618,18.693092,1.150670,4.323551,5.800000,1.476449
119,4.058987,14.703129,1.174008,3.834466,5.100000,1.265534
120,4.049133,2.915826,1.178607,1.707579,1.600000,-0.107579
121,4.233844,25.660324,1.211829,5.065602,6.700000,1.634398
122,4.710175,60.440952,1.267444,7.774378,12.300000,4.525622
123,5.973169,155.006475,1.361417,12.450160,18.300000,5.849840
124,6.185229,31.420330,1.396783,5.605384,17.000000,11.394616
125,6.652170,62.685139,1.450672,7.917395,20.000000,12.082605
126,11.558206,605.188542,1.640426,24.600580,-7.000000,17.600580
127,13.224824,216.552256,1.746729,14.715715,-18.600000,-3.884285
128,13.162797,5.533403,1.751613,2.352319,-10.900000,-8.547681
129,13.492042,54.318437,1.796561,7.370104,5.300000,-2.070104
130,13.540966,19.656529,1.817489,4.433568,-1.400000,3.033568
131,14.370919,118.944930,1.889054,10.906188,-11.300000,-0.393812
132,14.426657,21.505357,1.910525,4.637387,-8.100000,-3.462613
133,14.616311,38.892103,1.944059,6.236353,-4.600000,1.636353
134,14.509703,0.757289,1.935798,0.870224,0.900000,1.770224
135,14.891475,64.521719,1.982338,8.032541,9.900000,1.867459
136,15.763802,130.038638,2.053711,11.403449,13.300000,1.896551
137,16.369633,96.339374,2.112068,9.815262,-4.900000,4.915262
138,16.293446,6.160605,2.114829,2.482057,-7.800000,-5.317943
139,16.219468,6.306344,2.117766,2.511244,0.300000,-2.211244
140,16.161390,8.320956,2.123404,2.884607,-1.100000,1.784607
141,16.193188,20.517602,2.140968,4.529636,5.000000,0.470364
142,16.083506,1.057102,2.132904,1.028155,2.000000,3.028155
143,16.293281,45.242243,2.165950,6.726235,8.300000,1.573765
144,16.492002,44.114289,2.197920,6.641859,-5.100000,1.541859
145,16.631286,36.130937,2.224963,6.010901,-9.600000,-3.589099
146,16.652332,19.619926,2.240487,4.429439,-7.700000,-3.270561
147,16.539293,0.487784,2.229704,0.698416,0.200000,0.898416
148,16.601223,25.457194,2.249258,5.045512,7.600000,2.554488
149,16.517582,4.473289,2.248332,2.115015,6.600000,4.484985
150,16.625537,32.279014,2.271847,5.681462,9.100000,3.418538
151,23.583127,1039.391144,2.475709,32.239590,32.600000,0.360410
152,25.924686,370.133857,2.588973,19.238863,-5.000000,14.238863
153,26.055689,45.444263,2.616841,6.741236,-17.000000,-10.258764
154,25.951717,10.459784,2.620956,3.234159,-8.500000,-11.734159
155,26.753138,146.966274,2.683883,12.122965,-9.100000,3.022965
156,26.850976,41.624490,2.708672,6.451704,-7.300000,-0.848296
157,26.725390,7.636386,2.709029,2.763401,-7.200000,-4.436599
158,26.683539,20.280384,2.720681,4.503375,-5.300000,-0.796625
159,26.576400,10.076909,2.723608,3.174415,-2.900000,0.274415
160,26.408142,0.328162,2.709821,0.572854,-0.300000,0.272854
161,26.252657,1.997011,2.701562,1.413156,-0.700000,0.713156
162,26.111213,3.904528,2.696970,1.975988,-2.600000,-0.624012
163,26.011104,10.193929,2.700089,3.192793,-4.100000,-0.907207
164,25.885371,5.893707,2.698386,2.427696,-3.900000,-1.472304
165,25.734805,1.644311,2.689591,1.282307,-2.800000,-1.517693
166,25.589511,2.197129,2.682138,1.482272,-2.800000,-1.317728
167,25.435263,0.447110,2.669785,0.668663,-2.300000,-1.631337
168,25.293188,2.134923,2.662416,1.461138,-2.600000,-1.138862
169,25.156156,2.683016,2.656207,1.637991,-2.600000,-0.962009
170,25.007179,0.425994,2.644138,0.652682,-2.000000,-1.347318
171,24.870303,2.148824,2.637082,1.465887,-0.900000,-2.365887
172,24.731823,1.605694,2.628928,1.267160,1.000000,-0.267160
173,24.686852,17.131715,2.637864,4.139048,-3.700000,0.439048
174,24.541841,0.034922,2.623446,0.186875,-3.100000,-3.286875
175,24.402794,0.764918,2.613219,0.874596,-2.200000,-1.325404
176,24.262860,0.334149,2.601386,0.578056,-1.100000,-0.521944
177,24.123428,0.140998,2.588520,0.375497,-0.500000,-0.875497
178,23.992532,1.347529,2.580315,1.160831,0.700000,-0.460831
179,23.863168,1.353924,2.572219,1.163582,1.600000,0.436418
180,23.787790,10.596675,2.576100,3.255253,-2.300000,-5.555253
181,23.774122,21.368465,2.587662,4.622604,-2.600000,-7.222604
182,23.644753,0.746403,2.577979,0.863946,-1.700000,-0.836054
183,23.513012,0.063132,2.564980,0.251261,-1.000000,-0.748739
184,23.384164,0.320406,2.553875,0.566044,-0.300000,-0.866044
185,23.257218,0.406926,2.543289,0.637908,0.000000,-0.637908
186,23.132714,0.597494,2.533562,0.772977,-1.300000,-0.527023
187,23.006311,0.000877,2.519880,0.029618,-0.800000,-0.829618
188,22.881684,0.075091,2.507674,0.274027,-0.700000,-0.425973
189,22.760992,0.553590,2.498141,0.744036,-0.400000,-1.144036
190,22.638786,0.030743,2.485653,0.175337,-0.400000,-0.575337
191,22.517930,0.038748,2.473413,0.196846,-0.500000,-0.696846
192,22.398314,0.030112,2.461180,0.173527,-0.200000,-0.373527
193,22.280290,0.091732,2.449760,0.302873,-1.000000,-0.697127
194,22.175967,2.458925,2.445120,1.568096,-0.800000,-2.368096
195,22.061422,0.297846,2.435175,0.545752,-0.900000,-1.445752
196,21.947652,0.217540,2.424921,0.466412,-0.300000,-0.766412
197,21.835350,0.273447,2.415066,0.522922,-0.100000,-0.622922
198,21.722954,0.030507,2.403518,0.174663,-0.400000,-0.225337
199,21.611736,0.035482,2.392158,0.188366,-0.500000,-0.311634
200,21.501566,0.018414,2.380646,0.135699,-0.300000,-0.164301
201,21.392716,0.058042,2.369784,0.240919,-0.200000,-0.440919
202,21.305220,4.068453,2.368003,2.017041,-0.200000,-2.217041
203,21.198278,0.023837,2.356879,0.154391,-0.300000,-0.454391
204,21.092307,0.003986,2.345410,0.063136,-0.300000,-0.363136
205,20.992970,1.125665,2.339020,1.060974,0.900000,-0.160974
206,21.056216,33.768565,2.356208,5.811073,4.900000,-0.911073
207,20.955399,0.590439,2.348387,0.768400,0.500000,1.268400
208,20.879972,5.568264,2.348442,2.359717,-2.100000,0.259717
209,20.779014,0.183514,2.339076,0.428385,-1.400000,-0.971615
210,20.698005,4.091258,2.337540,2.022686,-0.800000,1.222686
211,20.605726,1.596217,2.332351,1.263415,-0.100000,1.163415
212,20.507545,0.184188,2.323201,0.429172,0.500000,0.929172
213,20.409477,0.011218,2.312592,0.105913,-0.700000,-0.805913
214,20.312998,0.148839,2.303417,0.385797,-0.900000,-1.285797
215,20.218064,0.281995,2.295017,0.531032,-0.300000,-0.831032
216,20.123715,0.216163,2.286385,0.464933,-0.100000,-0.564933
217,20.029923,0.145865,2.277443,0.381922,-0.100000,-0.481922
218,19.936331,0.001304,2.266970,0.036115,-0.500000,-0.463885
219,19.844212,0.130843,2.258108,0.361722,-0.190000,-0.551722
220,19.755300,0.639238,2.251356,0.799523,0.690000,-0.109523
221,19.664753,0.106596,2.242485,0.326491,-0.640000,-0.313509
222,19.576598,0.446908,2.235265,0.668512,0.040000,-0.628512
223,19.487880,0.147353,2.226811,0.383866,-0.550000,-0.166134
224,19.399657,0.078846,2.217966,0.280795,-0.020000,-0.300795
225,19.314633,0.609234,2.211462,0.780534,0.420000,-0.360534
226,19.228021,0.086812,2.202827,0.294639,-0.230000,0.064639
227,19.142370,0.127955,2.194553,0.357708,-0.660000,-0.302292
228,19.057371,0.102491,2.186185,0.320142,-0.410000,-0.730142
229,18.972672,0.000002,2.176475,0.001294,-0.260000,-0.261294
230,18.892873,0.938212,2.171130,0.968613,0.790000,-0.178613
231,18.814908,1.194698,2.166381,1.093022,1.220000,0.126978
232,18.740082,1.754759,2.162689,1.324673,-0.900000,0.424673
233,18.658271,0.005394,2.153566,0.073443,-0.740000,-0.666557
234,18.578842,0.389396,2.146915,0.624016,-0.750000,-0.125984
235,18.499290,0.202421,2.139569,0.449912,-0.430000,0.019912
236,18.419556,0.001049,2.130486,0.032387,-0.040000,-0.072387
237,18.340783,0.065440,2.122441,0.255813,-0.120000,0.135813
238,18.265948,0.829394,2.117262,0.910711,-0.160000,0.750711
239,18.189674,0.341611,2.110740,0.584475,-0.150000,0.434475
240,18.112654,0.012840,2.102276,0.113316,0.100000,0.213316
241,18.039865,0.861599,2.097322,0.928224,-0.110000,-1.038224
242,17.967675,0.858781,2.092404,0.926704,-0.550000,-1.476704
243,17.917803,6.048152,2.093939,2.459299,-0.100000,-2.559299
244,17.846984,0.921363,2.089214,0.959877,0.180000,-0.779877
245,17.774560,0.392779,2.083145,0.626721,-0.020000,-0.646721
246,17.710800,2.344554,2.080864,1.531194,0.800000,-0.731194
247,17.638822,0.220265,2.074233,0.469324,0.210000,-0.259324
248,17.566579,0.011493,2.066171,0.107205,-0.510000,-0.402795
249,17.495504,0.153170,2.059335,0.391370,-0.310000,-0.701370
250,17.424435,0.012542,2.051419,0.111989,-0.320000,-0.431989
251,17.354183,0.072210,2.044202,0.268719,-0.190000,-0.458719
252,17.289191,1.236053,2.040442,1.111779,0.650000,-0.461779
253,17.225233,1.363712,2.036937,1.167781,1.030000,-0.137781
254,17.156622,0.072470,2.029866,0.269203,-0.290000,-0.020797
255,17.090958,0.674885,2.025052,0.821514,0.320000,-0.501514
256,17.023358,0.055920,2.017955,0.236474,-0.220000,0.016474
257,16.956831,0.192057,2.011711,0.438243,-0.450000,-0.011757
258,16.890072,0.000000,2.003791,0.000095,-0.290000,-0.290095
259,16.826418,0.658336,1.999115,0.811379,0.580000,-0.231379
260,16.767573,1.761975,1.996491,1.327394,1.500000,0.172606
261,16.704580,0.578397,1.991682,0.760524,1.280000,0.519476
262,16.654098,3.680188,1.991398,1.918382,2.300000,0.381618
263,16.608198,4.766163,1.992138,2.183154,-1.500000,0.683154
264,16.558593,3.710724,1.991885,1.926324,-0.300000,-2.226324
265,16.497267,0.552562,1.987101,0.743345,-0.100000,-0.843345
266,16.437341,0.796640,1.982923,0.892547,0.500000,-0.392547
267,16.376492,0.434054,1.977889,0.658828,0.100000,-0.558828
268,16.314977,0.136661,1.971797,0.369677,-0.100000,-0.469677
269,16.253641,0.060959,1.965288,0.246898,0.000000,-0.246898
270,16.192836,0.079288,1.958958,0.281582,-0.500000,-0.781582
271,16.132765,0.153977,1.953091,0.392399,0.100000,-0.292399
272,16.072967,0.107031,1.947024,0.327156,-0.800000,-0.472844
273,16.016839,0.974399,1.943456,0.987117,-0.300000,-1.287117
274,15.959297,0.480391,1.938825,0.693103,-0.140000,0.553103
275,15.904636,1.146421,1.935621,1.070711,-0.150000,0.920711
276,15.850721,1.239756,1.932599,1.113443,-0.390000,0.723443
277,15.793341,0.185934,1.927099,0.431200,-0.040000,0.391200
278,15.737455,0.480488,1.922596,0.693173,-0.290000,0.403173
279,15.681730,0.413002,1.917941,0.642653,-0.530000,-1.172653
280,15.626843,0.533132,1.913638,0.730159,0.190000,-0.540159
281,15.570471,0.011678,1.907119,0.108066,0.480000,0.371934
282,15.534029,5.439605,1.908649,2.332296,2.470000,0.137704
283,15.478696,0.096007,1.902918,0.309850,0.900000,0.590150
284,15.429449,1.689627,1.900765,1.299857,-1.100000,0.199857
285,15.374543,0.000744,1.894097,0.027284,-0.700000,-0.727284
286,15.320023,0.000012,1.887393,0.003395,-0.300000,-0.303395
287,15.265922,0.009418,1.881067,0.097047,0.000000,-0.097047
288,15.212294,0.035696,1.875108,0.188933,-0.180000,0.008933
289,15.159443,0.149535,1.869886,0.386698,-0.250000,0.136698
290,15.107429,0.283501,1.865209,0.532448,-0.280000,0.252448
291,15.054825,0.010019,1.859059,0.100097,0.020000,0.120097
292,15.012285,2.803566,1.858418,1.674385,0.890000,-0.784385
293,14.978793,5.333010,1.859978,2.309331,-1.290000,1.019331
294,14.927546,0.117017,1.854744,0.342078,-1.690000,-1.347922
295,14.894755,5.385518,1.856345,2.320672,1.310000,-1.010672
296,14.845501,0.512445,1.852439,0.715853,0.940000,0.224147
297,14.795336,0.147218,1.847427,0.383689,-0.510000,-0.126311
298,14.748844,1.126843,1.844754,1.061529,0.130000,-0.931529
299,14.703397,1.341841,1.842427,1.158379,0.810000,-0.348379
300,14.653881,0.046681,1.836932,0.216057,0.100000,-0.116057
301,14.605338,0.236708,1.832386,0.486526,-0.250000,-0.736526
302,14.556806,0.142577,1.827504,0.377593,-0.260000,-0.637593
303,14.563281,16.492895,1.834974,4.061145,3.710000,-0.351145
304,14.518594,1.157263,1.832443,1.075761,-0.300000,0.775761
305,14.475694,1.605545,1.830565,1.267101,-1.900000,-0.632899
306,14.431887,1.246039,1.828200,1.116261,-0.300000,-1.416261
307,14.385798,0.466878,1.824421,0.683285,0.500000,-0.183285
308,14.339036,0.170134,1.819777,0.412473,0.100000,-0.312473
309,14.292024,0.000551,1.813887,0.023483,-0.800000,-0.776517
310,14.246763,0.442036,1.810132,0.664858,0.100000,-0.564858
311,14.210875,3.229186,1.810089,1.796993,-2.090000,-0.293007
312,14.168610,1.193167,1.807759,1.092322,0.180000,-0.912322
313,14.123350,0.183523,1.803295,0.428396,0.160000,0.588396
314,14.077999,0.064382,1.798296,0.253735,0.500000,0.753735
315,14.034521,0.556526,1.794913,0.746007,-0.310000,0.436007
316,13.990496,0.298580,1.790911,0.546424,0.580000,0.033576
317,13.946212,0.129542,1.786339,0.359920,-0.510000,-0.150080
318,13.919383,5.521902,1.788134,2.349873,1.690000,-0.659873
319,13.877529,0.735586,1.785180,0.857663,-0.400000,0.457663
320,13.877627,13.908260,1.791333,3.729378,-3.660000,0.069378
321,13.846826,4.113667,1.792080,2.028218,-0.650000,-2.678218
322,13.804705,0.452335,1.788560,0.672559,-0.670000,0.002559
323,13.783482,7.034831,1.791267,2.652326,-2.410000,0.242326
324,13.769925,9.445110,1.795274,3.073290,1.760000,-1.313290
325,13.748141,6.777287,1.797791,2.603322,3.140000,0.536678
326,13.716155,3.448690,1.797975,1.857065,2.190000,0.332935
327,13.684865,3.609298,1.798290,1.899815,1.800000,-0.099815
328,13.643827,0.388589,1.794664,0.623369,-0.200000,0.423369
329,13.602591,0.242143,1.790656,0.492080,-0.800000,-0.307920
330,13.561644,0.253791,1.786709,0.503776,-0.200000,-0.703776
331,13.524841,1.527306,1.785024,1.235842,-1.290000,-0.054158
332,13.483628,0.006831,1.779834,0.082648,-0.740000,-0.657352
333,13.445759,1.024861,1.777501,1.012354,-1.110000,-0.097646
334,13.421633,5.483966,1.779211,2.341787,-1.870000,0.471787
335,13.384667,1.185858,1.777126,1.088971,0.080000,-1.008971
336,13.360997,5.526533,1.778854,2.350858,2.330000,-0.020858
337,13.322091,0.405050,1.775423,0.636435,-0.140000,0.496435
338,13.299126,5.651867,1.777225,2.377366,1.350000,-1.027366
339,13.259480,0.017719,1.772317,0.133112,-0.160000,-0.293112
340,13.220062,0.015136,1.767409,0.123027,-0.710000,-0.586973
341,13.189731,2.998404,1.767303,1.731590,-2.610000,-0.878410
342,13.155212,1.522297,1.765724,1.233814,-2.080000,-0.846186
343,13.124058,2.593881,1.765267,1.610553,0.760000,-0.850553
344,13.094489,3.070821,1.765229,1.752376,2.350000,0.597624
345,13.063364,2.480673,1.764671,1.575015,2.160000,0.584985
346,13.051511,9.009837,1.768288,3.001639,-2.640000,0.361639
347,13.014326,0.297046,1.764721,0.545019,-0.230000,-0.775019
348,12.976494,0.000147,1.759626,0.012106,-0.050000,-0.037894
349,12.942949,1.403410,1.757960,1.184656,-1.330000,-0.145344
350,12.908294,0.952222,1.755699,0.975818,-0.090000,-1.065818
351,12.871451,0.123699,1.751653,0.351709,0.040000,-0.311709
352,12.834499,0.012434,1.746940,0.111508,0.130000,0.018492
353,12.800991,1.140213,1.744994,1.067807,0.250000,-0.817807
354,12.770095,1.987416,1.744036,1.409757,0.900000,-0.509757
355,12.733836,0.042986,1.739658,0.207332,0.220000,0.012668
356,12.698770,0.390519,1.736491,0.624915,0.190000,-0.434915
357,12.662850,0.019086,1.731964,0.138152,-0.120000,0.018152
358,12.628737,0.586754,1.729235,0.765999,-0.390000,0.375999
359,12.593182,0.006918,1.724598,0.083176,-0.100000,-0.183176
360,12.557870,0.022196,1.720172,0.148982,-0.200000,-0.051018
361,12.522702,0.002691,1.715499,0.051877,-0.200000,-0.251877
362,12.487725,0.001074,1.710799,0.032770,-0.110000,-0.077230
363,12.453749,0.290135,1.707534,0.538642,-0.290000,0.248642
364,12.419287,0.047502,1.703396,0.217949,-0.200000,0.017949
365,12.385101,0.078241,1.699452,0.279716,-0.150000,-0.429716
366,12.351506,0.223537,1.696064,0.472797,-0.150000,0.322797
367,12.317949,0.170251,1.692528,0.412614,0.050000,-0.362614
368,12.284115,0.002716,1.688021,0.052119,0.080000,0.027881
369,12.250482,0.008016,1.683642,0.089531,0.050000,0.139531
370,12.217021,0.003807,1.679210,0.061702,0.020000,0.081702
371,12.183976,0.089185,1.675449,0.298638,0.000000,0.298638
372,12.151194,0.120347,1.671839,0.346911,0.000000,0.346911
373,12.118942,0.250303,1.668664,0.500303,0.030000,-0.470303
374,12.086192,0.001363,1.664254,0.036915,0.070000,0.106915
375,12.053620,0.001983,1.659888,0.044533,0.030000,0.074533
376,12.021227,0.003438,1.655583,0.058636,0.120000,0.178636
377,11.989184,0.069195,1.651850,0.263050,-0.050000,0.213050
378,11.957159,0.011619,1.647721,0.107789,-0.100000,0.007789
379,11.925531,0.096838,1.644157,0.311188,-0.200000,0.111188
380,11.894419,0.227584,1.641053,0.477057,-0.300000,0.177057
381,11.863013,0.054075,1.637317,0.232541,-0.200000,0.032541
382,11.831677,0.018080,1.633341,0.134461,-0.020000,0.114461
383,11.800603,0.054700,1.629649,0.233881,0.020000,0.253881
384,11.769710,0.061195,1.626011,0.247377,0.120000,0.367377
385,11.738845,0.010292,1.622010,0.101448,0.130000,0.231448
386,11.708130,0.005599,1.617960,0.074829,0.050000,0.124829
387,11.678280,0.275577,1.615106,0.524955,-0.100000,-0.624955
388,11.647874,0.002416,1.611028,0.049150,-0.300000,-0.349150
389,11.617733,0.043476,1.607385,0.208510,-0.300000,-0.508510
390,11.587843,0.080174,1.603954,0.283150,-0.250000,0.033150
391,11.557909,0.003601,1.599965,0.060009,-0.110000,-0.049991
392,11.528125,0.001529,1.595942,0.039101,0.060000,0.099101
393,11.498751,0.101551,1.592658,0.318670,0.050000,0.368670
394,11.469424,0.061472,1.589210,0.247935,0.080000,0.327935
395,11.440189,0.038297,1.585646,0.195696,0.120000,-0.075696
396,11.411517,0.200999,1.582745,0.448329,0.150000,-0.298329
397,11.382889,0.160821,1.579738,0.401026,0.200000,-0.201026
398,11.354332,0.131098,1.576648,0.362074,0.130000,-0.232074
399,11.326025,0.173194,1.573710,0.416166,0.100000,-0.316166
400,11.297602,0.070399,1.570406,0.265328,0.070000,-0.195328
401,11.269203,0.023462,1.566836,0.153174,0.040000,-0.113174
402,11.240912,0.009273,1.563141,0.096297,-0.020000,-0.116297
403,11.212750,0.004320,1.559388,0.065730,-0.020000,-0.085730
404,11.186470,0.700831,1.557583,0.837156,-0.050000,-0.887156
405,11.158942,0.147610,1.554656,0.384201,-0.050000,-0.434201
406,11.131279,0.038339,1.551276,0.195803,-0.020000,-0.215803
407,11.103664,0.002349,1.547547,0.048469,0.020000,-0.028469
408,11.076200,0.008200,1.543941,0.090555,0.040000,0.130555
409,11.048855,0.001529,1.540225,0.039099,0.060000,0.020901
410,11.021641,0.000016,1.536441,0.004059,0.040000,0.035941
411,10.995022,0.187732,1.533731,0.433280,0.020000,-0.413280
412,10.968073,0.000028,1.529985,0.005251,-0.040000,-0.034749
413,10.941257,0.000015,1.526253,0.003874,-0.060000,-0.056126
414,10.914817,0.101064,1.523306,0.317906,-0.120000,0.197906
415,10.888426,0.068033,1.520234,0.260831,-0.100000,-0.360831
416,10.862324,0.134552,1.517435,0.366814,-0.120000,-0.486814
417,10.836106,0.034026,1.514207,0.184461,-0.170000,0.014461
418,10.809931,0.000012,1.510558,0.003449,-0.050000,-0.053449
419,10.783918,0.014370,1.507207,0.119874,0.000000,-0.119874
420,10.758246,0.104187,1.504360,0.322780,0.020000,0.342780
421,10.732480,0.013929,1.501035,0.118023,0.130000,0.248023
422,10.706845,0.017159,1.497758,0.130991,0.250000,0.119009
423,10.681554,0.109897,1.494974,0.331507,0.300000,-0.031507
424,10.658124,0.840944,1.493598,0.917030,0.180000,-0.737030
425,10.633181,0.157087,1.490992,0.396342,0.100000,-0.296342
426,10.608014,0.012744,1.487726,0.112888,0.070000,-0.042888
427,10.582965,0.012367,1.484472,0.111209,-0.010000,-0.121209
428,10.558030,0.010411,1.481212,0.102036,-0.040000,-0.142036
429,10.533245,0.024492,1.478095,0.156498,-0.010000,-0.166498
430,10.508793,0.116431,1.475426,0.341220,0.010000,-0.331220
431,10.484232,0.021481,1.472314,0.146564,0.050000,-0.096564
432,10.459740,0.001635,1.468968,0.040439,0.100000,0.059561
433,10.435364,0.002274,1.465655,0.047689,0.150000,0.102311
434,10.411368,0.117169,1.463043,0.342300,0.300000,-0.042300
435,10.407492,8.740803,1.466508,2.956485,0.500000,-2.456485
436,10.384360,0.414466,1.464604,0.643791,0.580000,-0.063791
437,10.360981,0.261298,1.462402,0.511173,0.620000,0.108827
438,10.337555,0.194026,1.460047,0.440484,0.500000,0.059516
439,10.314578,0.342414,1.458036,0.585161,0.700000,0.114839
440,10.291986,0.464836,1.456255,0.681789,0.800000,0.118211
441,10.269833,0.611071,1.454712,0.781710,1.100000,0.318290
442,10.247431,0.457776,1.452935,0.676592,1.200000,0.523408
443,10.226146,0.903224,1.451791,0.950381,1.600000,0.649619
444,10.206032,1.376064,1.451157,1.173057,1.800000,0.626943
445,10.184612,0.759785,1.449843,0.871657,-0.300000,0.571657
446,10.161898,0.144745,1.447424,0.380454,-2.100000,-1.719546
447,10.139605,0.286157,1.445364,0.534936,-0.400000,-0.934936
448,10.126819,4.462788,1.446866,2.112531,-1.800000,0.312531
449,10.105659,0.710398,1.445509,0.842851,-0.860000,-0.017149
450,10.086548,1.582161,1.445088,1.257840,-0.670000,0.587840
451,10.065557,0.703920,1.443732,0.839000,-0.110000,0.729000
452,10.043910,0.367402,1.441863,0.606137,0.860000,0.253863
453,10.024106,1.151956,1.441042,1.073292,1.580000,0.506708
454,10.003184,0.609293,1.439574,0.780572,1.600000,0.819428
455,9.999978,8.557077,1.442868,2.925248,2.800000,-0.125248
456,10.006953,13.152980,1.447700,3.626704,-3.300000,0.326704
457,9.984881,0.008029,1.444702,0.089607,-1.500000,-1.589607
458,9.962916,0.013152,1.441772,0.114682,0.100000,-0.014682
459,9.941312,0.132776,1.439404,0.364384,1.300000,0.935616
460,9.925397,2.683989,1.439841,1.638289,2.000000,0.361711
461,9.905107,0.652945,1.438458,0.808050,2.000000,1.191950
462,9.890996,3.442408,1.439368,1.855373,4.000000,2.144627
463,9.905834,16.701760,1.445136,4.086779,8.300000,4.213221
464,10.082357,91.106361,1.462744,9.544965,-3.300000,6.244965
465,10.077076,7.647639,1.465570,2.765437,2.300000,-0.465437
466,10.064358,4.201701,1.466835,2.049805,3.900000,1.850195
467,10.214338,79.505070,1.482925,8.916562,11.400000,2.483438
468,10.881494,319.774619,1.518268,17.882243,23.000000,5.117757
469,10.977951,55.734004,1.531058,7.465521,22.200000,14.734479
470,11.282442,152.870838,1.554305,12.364095,0.400000,12.764095
471,11.358751,46.918688,1.565644,6.849722,-16.400000,-9.550278
472,11.339272,2.242512,1.565499,1.497502,-11.800000,-10.302498
473,11.396942,38.386475,1.575371,6.195682,-6.400000,-0.204318
474,11.455784,39.052724,1.585315,6.249218,-6.000000,0.249218
475,11.431953,0.231543,1.582971,0.481190,-5.200000,-4.718810
476,11.430029,10.523379,1.586490,3.243976,-3.300000,-0.056024
477,11.410111,2.008993,1.586133,1.417389,2.700000,1.282611
478,11.515272,61.256345,1.599298,7.826643,11.100000,3.273357
479,12.027075,254.621961,1.629525,15.956878,22.000000,6.043122
480,12.088092,41.070921,1.639565,6.408660,13.900000,7.491340
481,12.123094,28.784136,1.647375,5.365085,3.300000,8.665085
482,12.622817,250.990881,1.677073,15.842692,9.900000,-5.942692
483,13.175599,277.405252,1.708343,16.655487,22.000000,5.344513
484,14.234882,521.631307,1.752366,22.839249,38.000000,15.160751
485,14.351250,70.208039,1.766142,8.379024,19.000000,27.379024
486,15.173637,410.741927,1.804525,20.266769,-13.000000,7.266769
487,15.806585,320.887534,1.837877,17.913334,1.000000,-16.913334
488,15.803790,14.453796,1.841935,3.801815,4.000000,0.198185
489,17.200360,693.140245,1.892421,26.327557,-25.000000,1.327557
490,17.205743,19.816374,1.897686,4.451559,-24.000000,-19.548441
491,17.288718,57.614645,1.909376,7.590431,-18.000000,-10.409569
492,17.411633,77.270976,1.923476,8.790391,-11.000000,-2.209609
493,17.450506,36.420447,1.931884,6.034936,-2.500000,3.534936
494,17.418901,1.964449,1.930802,1.401588,2.800000,4.201588
495,17.430429,23.078970,1.936654,4.804058,0.200000,5.004058
496,17.661573,131.153303,1.955994,11.452218,-6.300000,5.152218
497,17.767587,69.926503,1.968989,8.362207,-8.700000,-0.337793
498,17.786069,26.897458,1.975501,5.186276,-6.500000,-1.313724
499,17.759932,4.848604,1.975959,2.201955,-3.300000,-1.098045
500,17.767001,21.265774,1.981272,4.611483,3.100000,-1.511483
501,17.796577,32.466478,1.988751,5.697936,6.200000,0.502064
502,17.973743,106.025259,2.005434,10.296857,-4.800000,5.496857
503,17.942236,2.251955,2.004422,1.500651,-1.100000,-2.600651
504,17.938937,16.292257,2.008486,4.036367,-4.000000,0.036367
505,17.911645,4.265782,2.008599,2.065377,2.900000,0.834623
506,18.058080,91.422227,2.023645,9.561497,-6.800000,2.761497
507,18.091983,35.111001,2.031402,5.925454,3.600000,-2.325454
508,18.207104,76.113135,2.044682,8.724284,11.000000,2.275716
509,19.223909,531.693454,2.086293,23.058479,29.200000,6.141521
510,19.696734,258.473663,2.113943,16.077116,29.000000,12.922884
511,19.730719,36.926826,2.121759,6.076745,18.000000,11.923255
512,19.840120,75.306396,2.134665,8.677926,-3.000000,5.677926
513,19.835626,17.552952,2.138702,4.189624,-6.000000,-1.810376
514,20.431017,323.484725,2.169775,17.985681,13.000000,-4.985681
515,20.483511,47.255652,2.178981,6.874275,9.000000,15.874275
516,20.665936,113.885238,2.195568,10.671703,-7.000000,3.671703
517,20.626184,0.272866,2.192307,0.522365,-8.000000,-8.522365
518,20.601559,7.969298,2.193534,2.822994,2.000000,-0.822994
519,20.730821,87.171506,2.207404,9.336568,13.000000,3.663432
520,21.430183,381.601678,2.240984,19.534628,-12.000000,7.534628
521,21.449149,31.235290,2.247459,5.588854,-12.000000,-6.411146
522,21.432984,13.075568,2.250101,3.616015,-5.000000,-1.383985
523,21.801407,212.644803,2.273863,14.582346,-9.000000,5.582346
524,21.764799,2.765097,2.272688,1.662858,-2.000000,-0.337142
525,22.288441,294.582171,2.301269,17.163396,-15.000000,2.163396
526,22.410323,85.910869,2.314617,9.268812,-15.000000,-5.731188
527,22.382926,8.081622,2.315627,2.842819,-6.900000,-4.057181
528,22.367085,14.082500,2.318369,3.752666,-4.300000,-0.547334
529,22.382328,30.369754,2.324450,5.510876,-6.900000,-1.389124
530,22.375145,18.603881,2.328231,4.313222,-6.900000,-2.586778
531,22.335446,1.453932,2.326101,1.205791,-2.500000,-1.294209
532,22.348012,28.970200,2.331890,5.382397,-3.700000,1.682397
533,22.425448,63.311779,2.342523,7.956870,6.800000,-1.156870
534,22.459239,40.334733,2.350086,6.350963,-2.600000,3.750963
535,22.462839,24.370629,2.354957,4.936662,-5.500000,-0.563338
536,22.427992,3.924159,2.354254,1.980949,-4.100000,-2.119051
537,22.427875,22.365629,2.358710,4.729231,-3.800000,0.929231
538,22.404483,9.936809,2.360196,3.152270,-2.400000,0.752270
539,22.373692,5.931254,2.360337,2.435417,-2.100000,0.335417
540,22.340872,4.782006,2.360013,2.186780,-3.100000,-0.913220
541,22.318829,10.503872,2.361653,3.240968,-4.100000,-0.859032
542,22.285111,4.178422,2.361063,2.044119,-3.700000,-1.655881
543,22.246308,1.370170,2.358854,1.170543,-2.600000,-1.429457
544,22.206837,0.932300,2.356274,0.965557,-2.300000,-1.334443
545,22.168358,1.389507,2.354098,1.178773,-2.300000,-1.121227
546,22.128555,0.595025,2.351177,0.771379,-2.200000,-1.428621
547,22.088171,0.200485,2.347672,0.447755,-1.100000,-0.652245
548,22.066763,10.442153,2.349297,3.231432,2.600000,-0.631432
549,22.085665,32.367986,2.355425,5.689287,5.800000,0.110713
550,22.211910,91.015667,2.368584,9.540213,-7.100000,2.440213
551,22.235755,35.255284,2.375109,5.937616,2.400000,-3.537616
552,23.157193,527.183290,2.412673,22.960472,24.800000,1.839528
553,23.949791,458.294022,2.447273,21.407803,-8.300000,13.107803
554,24.139578,128.332321,2.463420,11.328386,2.100000,-9.228386
555,24.274363,98.406121,2.476953,9.919986,-5.700000,4.219986
556,24.326958,53.306579,2.485692,7.301135,-5.700000,1.601135
557,24.292174,5.091510,2.485278,2.256438,-5.000000,-2.743562
558,24.282653,19.017566,2.488664,4.360913,-2.700000,-7.060913
559,24.241679,1.542022,2.486417,1.241782,-2.500000,-3.741782
560,24.217061,10.554215,2.487788,3.248725,-2.900000,0.348725
561,24.173716,0.074052,2.483810,0.272126,-1.800000,-2.072126
562,24.130730,0.187228,2.480134,0.432699,-1.700000,-1.267301
563,24.088307,0.416449,2.476852,0.645329,-1.800000,-1.154671
564,24.045789,0.278205,2.473371,0.527452,-1.300000,-1.827452
565,24.002969,0.023822,2.469237,0.154345,-0.800000,-0.645655
566,23.960359,0.055936,2.465264,0.236508,-0.800000,-0.563492
567,23.917919,0.066824,2.461345,0.258504,-1.200000,-0.941496
568,23.875725,0.120496,2.457596,0.347125,-0.900000,-0.552875
569,23.833657,0.107174,2.453826,0.327374,-0.700000,-0.372626
570,23.792020,0.267013,2.450403,0.516733,-0.400000,-0.916733
571,23.751072,0.574993,2.447419,0.758283,0.400000,-0.358283
572,23.713229,2.256178,2.445755,1.502058,-0.900000,0.602058
573,23.672028,0.269921,2.442369,0.519539,-0.700000,-0.180461
574,23.630911,0.235382,2.438936,0.485162,-0.700000,-0.214838
575,23.589815,0.164997,2.435376,0.406198,-0.500000,-0.093802
576,23.548586,0.006519,2.431259,0.080739,-0.400000,-0.319261
577,23.507745,0.146983,2.427685,0.383384,0.200000,-0.183384
578,23.467007,0.123713,2.424069,0.351729,-0.100000,-0.451729
579,23.426194,0.000029,2.419862,0.005416,-0.500000,-0.494584
580,23.385862,0.194698,2.416427,0.441246,-1.000000,-0.558754
581,23.345374,0.024385,2.412510,0.156158,-0.800000,-0.643842
582,23.305000,0.008996,2.408500,0.094846,-0.500000,-0.594846
583,23.267366,1.515014,2.406466,1.230859,0.700000,-0.530859
584,23.227264,0.008272,2.402474,0.090949,-0.300000,-0.209051
585,23.187768,0.280309,2.399250,0.529442,-0.900000,-0.370558
586,23.147943,0.009195,2.395292,0.095888,-0.600000,-0.504112
587,23.108273,0.020790,2.391431,0.144189,-0.200000,-0.344189
588,23.068715,0.006167,2.387471,0.078529,-0.200000,-0.121471
589,23.029308,0.015724,2.383604,0.125394,-0.400000,-0.274606
590,22.990010,0.000261,2.379564,0.016169,-0.300000,-0.283831
591,22.951644,0.469480,2.376677,0.685186,-0.300000,-0.985186
592,22.913403,0.465958,2.373796,0.682611,-0.200000,-0.882611
593,22.880908,3.773913,2.373064,1.942656,0.900000,-1.042656
594,22.865393,13.726682,2.375322,3.704954,4.000000,0.295046
595,22.829460,1.629333,2.373462,1.276453,2.400000,1.123547
596,22.801061,6.017394,2.373597,2.453038,3.200000,0.746962
597,22.770902,4.916697,2.373333,2.217363,3.600000,1.382637
598,22.740657,4.805062,2.373028,2.192045,0.000000,2.192045
599,22.708104,3.371608,2.372126,1.836194,-1.600000,0.236194
600,22.671647,0.980122,2.369807,0.990011,-1.400000,-0.409989
601,22.634176,0.301338,2.366757,0.548942,-1.200000,-0.651058
602,22.612670,9.773209,2.368027,3.126213,2.400000,-0.726213
603,22.582857,4.754798,2.367714,2.180550,2.700000,0.519450
604,22.549597,2.627126,2.366469,1.620841,-0.800000,0.820841
605,22.513121,0.627221,2.363849,0.791973,0.200000,-0.591973
606,22.482783,4.249714,2.363347,2.061483,2.500000,0.438517
607,22.453411,4.771801,2.363050,2.184445,-1.400000,0.784445
608,22.416328,0.055047,2.359527,0.234622,-0.800000,-0.565378
609,22.379322,0.027424,2.355900,0.165603,-0.500000,-0.665603
610,22.342428,0.021592,2.352255,0.146941,0.200000,0.053059
611,22.305846,0.137692,2.348991,0.371069,-0.600000,-0.228931
612,22.269274,0.069984,2.345563,0.264545,-0.700000,-0.435455
613,22.233852,0.697162,2.343082,0.834962,-1.200000,-0.365038
614,22.197932,0.322710,2.340173,0.568076,-1.000000,-0.431924
615,22.162171,0.347640,2.337307,0.589610,-1.000000,-0.410390
616,22.126443,0.296961,2.334379,0.544941,-1.000000,-0.455059
617,22.090373,0.015474,2.330774,0.124395,-0.600000,-0.724395
618,22.056791,1.470922,2.328953,1.212816,0.500000,-0.712816
619,22.021662,0.452655,2.326260,0.672797,-0.700000,-0.027203
620,21.986194,0.173253,2.323159,0.416237,-0.800000,-0.383763
621,21.951082,0.322305,2.320314,0.567719,-0.900000,-0.332281
622,21.915808,0.151729,2.317190,0.389524,-0.700000,-0.310476
623,21.880867,0.287054,2.314312,0.535774,-0.800000,-0.264226
624,21.845729,0.095316,2.311077,0.308733,-0.500000,-0.191267
625,21.811201,0.403877,2.308379,0.635513,-0.500000,0.135513
626,21.776158,0.014745,2.304863,0.121430,-0.400000,-0.278570
627,21.741439,0.145754,2.301776,0.381778,-0.500000,-0.118222
628,21.706628,0.019592,2.298312,0.139972,-0.400000,-0.539972
629,21.671994,0.060284,2.295027,0.245529,-0.400000,-0.645529
630,21.641011,2.276839,2.293771,1.508920,-0.200000,-1.708920
631,21.607044,0.343587,2.291048,0.586163,0.400000,-0.186163
632,21.572677,0.024814,2.287651,0.157523,0.100000,0.257523
633,21.538820,0.276485,2.284850,0.525818,-0.700000,-0.174182
634,21.504897,0.167463,2.281872,0.409222,-0.500000,-0.909222
635,21.471016,0.125965,2.278819,0.354916,0.000000,-0.354916
636,21.437999,0.603879,2.276443,0.777097,0.200000,-0.577097
637,21.404750,0.391372,2.273835,0.625597,-0.200000,-0.825597
638,21.371707,0.455506,2.271313,0.674912,-0.300000,-0.974912
639,21.338140,0.056920,2.268111,0.238580,-0.400000,-0.638580
640,21.304613,0.014931,2.264737,0.122194,-0.200000,-0.322194
641,21.272321,0.734711,2.262528,0.857153,0.500000,-0.357153
642,21.239844,0.551662,2.260146,0.742740,0.500000,-0.242740
643,21.211766,3.298385,2.259451,1.816146,1.600000,-0.216146
644,21.192211,8.696042,2.260528,2.948905,3.100000,0.151095
645,21.159150,0.000218,2.257024,0.014759,1.200000,1.214759
646,21.138344,7.801747,2.257860,2.793161,-2.500000,0.293161
647,21.106184,0.459766,2.255403,0.678060,-1.200000,-1.878060
648,21.074415,0.646702,2.253149,0.804178,-1.200000,-0.395822
649,21.042744,0.646401,2.250902,0.803991,0.500000,-0.303991
650,21.010465,0.190718,2.248094,0.436713,-0.400000,0.036713
651,21.001067,14.930139,2.250592,3.863954,3.300000,-0.563954
652,21.033031,41.713503,2.257085,6.458599,6.600000,0.141401
653,21.014970,9.311618,2.258309,3.051494,-0.600000,2.451494
654,20.983501,0.560067,2.255986,0.748377,-0.900000,-0.151623
655,20.952238,0.630991,2.253741,0.794349,-0.400000,0.394349
656,20.922354,1.467977,2.252143,1.211601,-1.000000,0.211601
657,20.890734,0.274640,2.249496,0.524061,-0.800000,-0.275939
658,20.859009,0.142462,2.246634,0.377442,-0.100000,-0.477442
659,20.832387,3.422091,2.246028,1.849889,-1.300000,0.549889
660,20.801454,0.540205,2.243725,0.734987,-1.700000,-0.965013
661,20.776182,4.197449,2.243428,2.048768,0.700000,-1.348768
662,20.752152,4.964499,2.243405,2.228115,-2.000000,0.228115
663,20.720667,0.003412,2.240089,0.058414,-1.300000,-1.241586
664,20.699788,6.940778,2.240687,2.634536,2.200000,-0.434536
665,20.668476,0.002258,2.237369,0.047523,0.400000,0.352477
666,20.637917,0.438797,2.234990,0.662417,0.200000,-0.462417
667,20.608453,1.103021,2.233203,1.050248,-1.800000,-0.749752
668,20.578527,0.737475,2.231133,0.858764,0.200000,-0.658764
669,20.549402,1.210495,2.229432,1.100225,-1.200000,-0.099775
670,20.518813,0.177174,2.226717,0.420921,0.100000,-0.320921
671,20.523092,23.372994,2.230627,4.834562,4.300000,-0.534562
672,26.158801,3785.176480,2.319389,61.523788,62.400000,0.876212
673,26.290148,114.030251,2.331884,10.678495,1.200000,11.878495
674,26.298620,31.966251,2.336842,5.653870,-17.900000,-12.246130
675,26.273975,9.762002,2.338016,3.124420,-13.200000,-10.075580
676,26.329102,63.319184,2.346378,7.957335,-10.300000,-2.342665
677,26.365921,51.108606,2.353514,7.149028,-4.000000,-11.149028
678,26.466598,94.222002,2.364424,9.706802,0.300000,-9.406802
679,26.491136,43.029946,2.370639,6.559721,-3.200000,-9.759721
680,26.459655,5.209716,2.370509,2.282480,-0.300000,-2.582480
681,26.449632,19.674073,2.373559,4.435547,2.200000,-2.235547
682,26.418807,5.550595,2.373533,2.355970,1.600000,-0.755970
683,26.387147,4.921276,2.373305,2.218395,-3.000000,-0.781605
684,26.383660,24.016228,2.377021,4.900635,-4.900000,0.000635
685,26.352910,5.442461,2.376957,2.332908,1.800000,-0.532908
686,26.320698,4.384545,2.376542,2.093930,-1.600000,0.493930
687,26.298491,11.153632,2.377952,3.339705,-3.800000,-0.460295
688,26.282354,15.260199,2.380186,3.906430,-4.300000,-0.393570
689,26.245202,0.833720,2.378045,0.913083,-0.200000,0.713083
690,26.220096,9.022218,2.378957,3.003701,3.300000,0.296299
691,26.201941,13.747596,2.380891,3.707775,-2.200000,1.507775
692,26.163946,0.061568,2.377791,0.248128,-1.200000,-0.951872
693,26.126295,0.222013,2.375024,0.471183,0.400000,0.871183
694,26.092060,2.504252,2.373875,1.582483,2.300000,0.717517
695,26.055667,0.944892,2.371846,0.972056,-0.200000,0.772056
696,26.028818,7.475712,2.372370,2.734175,3.000000,0.265825
697,26.004503,9.178495,2.373318,3.029603,-1.700000,1.329603
698,25.975840,6.112584,2.373461,2.472364,-2.700000,-0.227636
699,25.938536,0.049420,2.370366,0.222307,-0.400000,-0.177693
700,25.901357,0.062251,2.367319,0.249502,0.900000,0.650498
701,25.933195,48.092622,2.373872,6.934884,-6.200000,0.734884
702,26.021913,87.858193,2.383900,9.373270,-11.160000,-1.786730
703,26.048900,44.885800,2.390074,6.699687,1.160000,-5.539687
704,26.013859,1.520025,2.388421,1.232893,2.070000,0.837107
705,25.977007,0.180400,2.385620,0.424736,-0.170000,-0.594736
706,25.943776,2.648932,2.384540,1.627554,-0.500000,-2.127554
707,25.906977,0.074356,2.381536,0.272682,-0.500000,-0.772682
708,25.870925,0.526413,2.379183,0.725543,-0.500000,-1.225543
709,25.836939,1.910494,2.377769,1.382206,-0.250000,-1.632206
710,25.801015,0.474804,2.375377,0.689060,-0.450000,0.239060
711,25.764840,0.225281,2.372689,0.474638,-0.300000,0.174638
712,25.728451,0.001552,2.369393,0.039390,-0.200000,-0.160610
713,25.744738,37.275742,2.374663,6.105386,5.900000,-0.205386
714,26.192520,343.669839,2.397428,18.538334,10.500000,-8.038334
715,27.039359,628.295321,2.429311,25.065820,27.000000,1.934180
716,28.028493,731.302415,2.463880,27.042604,-10.000000,17.042604
717,27.990816,1.165127,2.461938,1.079411,-8.000000,-9.079411
718,27.964150,8.951558,2.462680,2.991915,-6.500000,-3.508085
719,27.944767,14.105313,2.464489,3.755704,-5.500000,-1.744296
720,27.911707,4.273683,2.463934,2.067289,-4.000000,-1.932711
721,27.874910,1.527831,2.462222,1.236055,-1.800000,-3.036055
722,27.845318,6.627732,2.462378,2.574438,0.100000,-2.474438
723,27.813321,4.839983,2.462013,2.199996,0.300000,-1.899996
724,27.785131,7.516244,2.462401,2.741577,0.500000,-2.241577
725,27.746868,0.197437,2.459602,0.444339,0.400000,-0.044339
726,27.708458,0.014767,2.456364,0.121521,0.200000,0.078479
727,27.670363,0.166203,2.453530,0.407680,0.100000,-0.307680
728,27.633949,1.306521,2.451720,1.143032,0.100000,-1.043032
729,27.596003,0.122744,2.448822,0.350348,0.100000,0.450348
730,27.558364,0.270758,2.446166,0.520344,-0.100000,0.420344
731,27.522114,1.204186,2.444310,1.097354,-0.200000,-1.297354
732,27.484351,0.031050,2.441195,0.176210,-0.800000,-0.976210
733,27.449064,1.759495,2.439666,1.326460,-0.500000,-1.826460
734,27.411803,0.249164,2.437007,0.499163,-0.100000,-0.599163
735,27.374575,0.197491,2.434281,0.444400,0.100000,-0.344400
736,27.337227,0.036434,2.431217,0.190878,-0.100000,-0.290878
737,27.300047,0.084103,2.428296,0.290006,-0.500000,-0.209994
738,27.263322,0.344138,2.425786,0.586633,-0.900000,-0.313367
739,27.226390,0.118305,2.422954,0.343955,-0.700000,-0.356045
740,27.189422,0.017765,2.419843,0.133286,-0.400000,-0.266714
741,27.152593,0.046342,2.416852,0.215272,-0.100000,-0.315272
742,27.115832,0.023156,2.413783,0.152171,-0.100000,-0.252171
743,27.079283,0.106061,2.410958,0.325670,0.200000,-0.125670
744,27.042936,0.182519,2.408277,0.427222,0.300000,-0.127222
745,27.007040,0.443708,2.405926,0.666114,0.100000,-0.566114
746,26.970642,0.000055,2.402693,0.007418,-0.400000,-0.392582
747,26.934389,0.034109,2.399708,0.184687,-0.400000,-0.215313
748,26.898357,0.127265,2.396962,0.356742,-0.300000,0.056742
749,26.862715,0.344820,2.394533,0.587213,-0.500000,0.087213
750,26.826754,0.035966,2.391577,0.189647,-0.300000,-0.110353
751,26.790917,0.056301,2.388693,0.237277,-0.300000,-0.062723
752,26.755482,0.285399,2.386214,0.534228,-0.250000,0.284228
753,26.719790,0.022444,2.383228,0.149814,-0.250000,-0.100186
754,26.684284,0.090377,2.380451,0.300628,-0.050000,-0.350628
755,26.648815,0.046563,2.377569,0.215785,0.050000,0.265785
756,26.613401,0.017459,2.374583,0.132134,0.100000,-0.032134
757,26.578058,0.000021,2.371436,0.004603,0.020000,0.024603
758,26.542809,0.000354,2.368316,0.018820,-0.070000,-0.051180
759,26.507691,0.029170,2.365405,0.170793,-0.050000,0.120793
760,26.472766,0.104470,2.362704,0.323218,0.150000,-0.173218
761,26.437812,0.012081,2.359728,0.109914,0.250000,0.140086
762,26.403266,0.252417,2.357277,0.502411,0.100000,-0.402411
763,26.368621,0.107431,2.354603,0.327767,-0.100000,-0.427767
764,26.333950,0.018915,2.351686,0.137531,-0.250000,-0.387531
765,26.299445,0.075106,2.348956,0.274056,-0.100000,-0.374056
766,26.265014,0.063028,2.346203,0.251055,-0.060000,-0.311055
767,26.230672,0.062239,2.343455,0.249477,-0.090000,-0.339477
768,26.196409,0.054094,2.340692,0.232580,-0.050000,-0.282580
769,26.162196,0.023437,2.337832,0.153093,-0.050000,-0.203093
770,26.128450,0.312280,2.335510,0.558820,-0.050000,-0.608820
771,26.094899,0.395028,2.333284,0.628513,-0.050000,-0.678513
772,26.060990,0.053327,2.330547,0.230926,-0.050000,-0.280926
773,26.028285,0.910359,2.328757,0.954128,0.450000,-0.504128
774,26.000176,4.384708,2.328452,2.093970,0.600000,-1.493970
775,25.966836,0.294762,2.326136,0.542920,0.600000,0.057080
776,25.933305,0.080716,2.323491,0.284106,0.300000,0.015894
777,25.901319,1.208446,2.321908,1.099294,1.100000,0.000706
778,25.867887,0.024466,2.319110,0.156416,0.800000,0.643584
779,25.838414,3.026468,2.318362,1.739675,-1.000000,0.739675
780,25.805170,0.041552,2.315637,0.203844,-1.100000,-1.303844
781,25.771960,0.000443,2.312684,0.021055,-0.400000,-0.378945
782,25.738858,0.019092,2.309889,0.138174,-0.100000,0.038174
783,25.705829,0.009127,2.307046,0.095535,0.200000,0.104465
784,25.672873,0.000444,2.304116,0.021083,0.200000,0.221083
785,25.640019,0.013776,2.301316,0.117372,0.200000,0.317372
786,25.607339,0.084039,2.298744,0.289895,0.300000,0.010105
787,25.575247,0.479227,2.296692,0.692263,0.400000,-0.292263
788,25.542724,0.077593,2.294118,0.278556,0.100000,-0.178556
789,25.510207,0.016664,2.291360,0.129087,0.200000,0.070913
790,25.480156,1.889733,2.290194,1.374676,-1.500000,-0.125324
791,25.451083,2.600192,2.289332,1.612511,-0.400000,-2.012511
792,25.418955,0.134289,2.286892,0.366455,-0.620000,-0.253545
793,25.386739,0.000649,2.284026,0.025479,-0.220000,-0.245479
794,25.354679,0.058735,2.281442,0.242353,-0.060000,-0.302353
795,25.322636,0.008857,2.278676,0.094113,0.050000,-0.044113
796,25.290677,0.011426,2.275934,0.106893,0.100000,-0.006893
797,25.258861,0.059977,2.273373,0.244902,0.100000,-0.144902
798,25.227293,0.194374,2.271065,0.440879,0.300000,-0.140879
799,25.195628,0.053116,2.268498,0.230469,0.250000,0.019531
800,25.164164,0.150982,2.266137,0.388565,0.300000,-0.088565
801,25.132618,0.021850,2.263479,0.147816,0.100000,-0.047816
802,25.101134,0.008192,2.260756,0.090509,-0.100000,-0.009491
803,25.069819,0.080696,2.258282,0.284070,-0.300000,-0.015930
804,25.038503,0.016884,2.255621,0.129937,-0.100000,0.029937
805,25.007274,0.024201,2.253000,0.155568,0.100000,-0.055568
806,24.976250,0.125698,2.250632,0.354539,0.500000,0.145461
807,24.945691,0.437425,2.248653,0.661381,0.900000,0.238619
808,24.915942,1.027254,2.247117,1.013535,-0.500000,0.513535
809,24.885044,0.043564,2.244585,0.208721,0.000000,0.208721
810,24.854187,0.013991,2.241947,0.118286,0.300000,0.418286
811,24.826735,2.700799,2.241205,1.643411,2.000000,0.356589
812,24.800418,3.562039,2.240767,1.887336,3.000000,1.112664
813,24.772012,1.820379,2.239665,1.349214,3.000000,1.650786
814,24.742876,1.171537,2.238236,1.082376,2.300000,1.217624
815,24.788713,61.916462,2.245179,7.868701,8.500000,0.631299
816,24.759257,0.870873,2.243563,0.933206,3.500000,4.433206
817,24.764012,28.624986,2.247385,5.350232,-2.100000,3.250232
818,24.740340,5.494652,2.247503,2.344067,-1.400000,0.944067
819,24.719943,8.117514,2.248241,2.849125,-0.100000,2.749125
820,24.692298,2.161174,2.247288,1.470093,1.400000,2.870093
821,24.668691,5.405145,2.247383,2.324897,-0.600000,1.724897
822,24.684570,37.658145,2.252137,6.136623,-5.500000,0.636623
823,24.656525,1.715409,2.250987,1.309736,1.000000,-0.309736
824,24.626512,0.046013,2.248503,0.214507,1.400000,1.614507
825,24.599532,2.476280,2.247681,1.573620,-0.200000,1.373620
826,24.569974,0.302911,2.245616,0.550374,1.000000,0.449626
827,24.545818,4.689390,2.245519,2.165500,3.800000,1.634500
828,24.516421,0.322319,2.243483,0.567731,4.500000,3.932269
829,24.498341,9.600436,2.244519,3.098457,1.400000,4.498457
830,24.484332,12.927091,2.246155,3.595426,4.500000,0.904574
831,24.579576,103.250989,2.255726,10.161249,14.200000,4.038751
832,24.686176,112.844676,2.265831,10.622837,18.400000,7.777163
833,24.659936,2.933034,2.265163,1.712610,14.900000,13.187390
834,24.636740,5.407581,2.265236,2.325421,12.900000,10.574579
835,24.607093,0.000023,2.262516,0.004820,5.000000,4.995180
836,24.596286,15.615651,2.264546,3.951664,-1.000000,2.951664
837,24.594142,22.809939,2.267561,4.775975,-6.000000,-1.224025
838,24.595633,25.838008,2.270937,5.083110,-9.200000,-4.116890
839,24.571153,4.154263,2.270658,2.038201,-8.700000,-6.661799
840,24.542933,0.979451,2.269126,0.989672,-4.000000,-4.989672
841,24.619673,88.774701,2.277672,9.422033,-10.400000,-0.977967
842,24.601496,9.386983,2.278610,3.063818,-5.600000,-2.536182
843,24.576901,3.966463,2.278268,1.991598,1.400000,-0.591598
844,24.551320,3.088592,2.277648,1.757439,5.100000,3.342561
845,24.531196,7.627089,2.278223,2.761718,6.000000,8.761718
846,24.505103,2.560840,2.277418,1.600262,12.700000,11.099738
847,24.535394,50.040271,2.283108,7.073915,21.700000,14.626085
848,26.987939,2094.483887,2.334628,45.765532,57.000000,11.234468
849,27.013189,48.324132,2.340091,6.951556,16.000000,22.951556
850,27.913158,788.387145,2.370515,28.078233,-29.000000,-0.921767
851,28.049651,143.522796,2.381860,11.980100,-26.000000,-14.019900
852,28.019389,2.387510,2.380873,1.545157,-12.000000,-10.454843
853,27.998719,10.469992,2.381880,3.235737,-11.000000,-7.764263
854,27.980758,12.732026,2.383276,3.568196,-5.000000,-8.568196
855,27.964029,13.744235,2.384832,3.707322,-2.900000,-6.607322
856,27.932345,0.969299,2.383188,0.984530,-2.500000,-1.515470
857,27.899599,0.000000,2.380395,0.000283,-2.700000,-2.700283
858,27.867402,0.403165,2.378351,0.634952,-2.600000,-1.965048
859,27.834983,0.149518,2.376021,0.386676,-1.200000,-0.813324
860,27.836454,29.093848,2.379547,5.393871,4.500000,-0.893871
861,27.834608,26.254905,2.382749,5.123954,8.400000,3.276046
862,27.813522,9.742244,2.383610,3.121257,6.000000,2.878743
863,27.801230,17.255370,2.385671,4.153958,-1.000000,3.153958
864,27.774088,4.458603,2.385352,2.111540,-2.000000,0.111540
865,27.775925,29.356059,2.388875,5.418123,5.000000,-0.418123
866,28.986472,1071.267120,2.424073,32.730217,38.000000,5.269783
867,73.485365,38431.531390,2.648425,196.039617,208.000000,11.960383
868,76.206895,2424.886892,2.702354,49.243141,63.000000,112.243141
869,76.130082,9.764051,2.702843,3.124748,-81.000000,-77.875252
870,76.049728,6.543236,2.702675,2.557975,-60.000000,-57.442025
871,80.523739,3955.017640,2.772094,62.888931,61.000000,-1.888931
872,83.604716,2754.811527,2.829369,52.486298,53.000000,0.513702
873,84.894817,1204.702950,2.866054,34.708831,-32.000000,2.708831
874,85.062071,230.405420,2.880207,15.179111,-35.000000,-19.820889
875,87.573528,2272.541218,2.931632,47.671178,-36.000000,11.671178
876,88.484911,882.299334,2.962333,29.703524,-24.000000,5.703524
877,88.718061,292.025301,2.978515,17.088748,-19.000000,-1.911252
878,88.647450,27.003294,2.981052,5.196469,-17.000000,-11.803531
879,88.565640,17.064261,2.982367,4.130891,-23.000000,-18.869109
880,88.475357,9.477224,2.982476,3.078510,-15.000000,-18.078510
881,88.471352,84.963616,2.989586,9.217571,-7.000000,-16.217571
882,88.379046,7.426032,2.989285,2.725075,-11.000000,-8.274925
883,88.394720,102.156565,2.997382,10.107253,-1.000000,-11.107253
884,88.583386,254.420716,3.012102,15.950571,12.000000,-3.950571
885,88.605361,107.943587,3.020476,10.389590,-4.000000,6.389590
886,88.752501,218.382981,3.033806,14.777787,-20.000000,-5.222213
887,88.672658,18.251218,3.035209,4.272144,-10.000000,-5.727856
888,88.655106,73.156566,3.041451,8.553161,-11.000000,-2.446839
889,88.636660,72.330225,3.047624,8.504718,-11.000000,-2.495282
890,88.538978,2.090883,3.045816,1.445989,-6.000000,-7.445989
891,88.476614,33.222295,3.048881,5.763878,-1.000000,-6.763878
892,88.401114,21.432344,3.050660,4.629508,0.000000,-4.629508
893,88.317310,13.899475,3.051423,3.728200,2.000000,-1.728200
894,88.299375,72.355087,3.057552,8.506179,7.000000,-1.506179
895,88.204226,3.521084,3.056226,1.876455,4.000000,5.876455
896,88.123835,16.495423,3.057353,4.061456,0.000000,4.061456
897,88.028258,2.773953,3.055794,1.665519,3.000000,1.334481
898,87.958133,25.336172,3.058007,5.033505,3.000000,8.033505
899,88.021469,144.643854,3.068028,12.026797,0.000000,12.026797
900,87.948558,22.693422,3.069920,4.763761,-3.000000,1.763761
901,88.445374,533.592702,3.092250,23.099626,-22.000000,1.099626
902,88.428245,73.063785,3.098325,8.547736,0.000000,-8.547736
903,88.398248,61.461002,3.103599,7.839707,-7.000000,0.839707
904,88.311180,10.036881,3.103671,3.168104,-2.000000,-5.168104
905,88.213179,0.012377,3.100349,0.111250,-4.000000,-3.888750
906,88.135458,18.108171,3.101630,4.255370,-5.500000,-1.244630
907,88.060563,20.505895,3.103210,4.528344,-7.800000,-3.271656
908,88.025666,56.513218,3.108093,7.517527,-7.700000,-0.182473
909,87.935296,6.241335,3.107419,2.498266,-5.300000,-2.801734
910,87.838417,0.162459,3.104434,0.403063,-2.600000,-2.196937
911,87.747282,5.179093,3.103521,2.275762,-0.200000,-2.475762
912,87.672249,19.617583,3.104981,4.429174,-6.200000,-1.770826
913,87.576331,0.482905,3.102329,0.694914,-3.100000,-3.794914
914,87.481351,1.144178,3.100095,1.069662,-2.500000,-1.430338
915,87.388274,2.687838,3.098492,1.639463,-1.400000,0.239463
916,87.297407,4.518145,3.097425,2.125593,-1.600000,0.525593
917,87.204452,2.429138,3.095740,1.558569,-1.700000,-0.141431
918,87.110199,1.056905,3.093478,1.028059,-2.600000,-1.571941
919,87.021891,6.308830,3.092842,2.511739,-3.900000,-1.388261
920,86.929613,2.494794,3.091190,1.579492,-3.200000,-1.620508
921,86.836855,1.870927,3.089310,1.367818,-3.000000,-1.632182
922,86.762243,18.343150,3.090611,4.282890,2.100000,-2.182890
923,86.669999,1.990126,3.088783,1.410718,0.100000,1.510718
924,86.592555,15.421243,3.089694,3.926989,-4.400000,-0.473011
925,86.500900,2.178226,3.087941,1.475881,-3.800000,-2.324119
926,86.409615,2.335916,3.086250,1.528370,-2.500000,-0.971630
927,86.343234,25.140504,3.088339,5.014031,3.900000,-1.114031
928,86.406587,144.881128,3.098023,12.036658,18.000000,5.963342
929,87.515217,1111.889672,3.130722,33.345010,48.900000,15.554990
930,88.848382,1322.026082,3.166607,36.359677,-7.700000,28.659677
931,88.753165,0.581661,3.164014,0.762667,-9.900000,-10.662667
932,88.700842,40.197531,3.167436,6.340152,-8.500000,-2.159848
933,88.713615,100.567000,3.174821,10.028310,-7.500000,2.528310
934,88.643617,23.615592,3.176633,4.859588,-7.300000,-2.440412
935,88.562892,13.488347,3.177166,3.672649,-4.800000,-1.127351
936,88.474479,6.161897,3.176420,2.482317,-2.600000,-5.082317
937,88.380271,0.578899,3.173831,0.760854,-1.900000,-1.139146
938,88.293043,6.909577,3.173247,2.628607,-5.900000,-3.271393
939,88.198992,0.355314,3.170491,0.596082,-4.300000,-4.896082
940,88.105036,0.255862,3.167644,0.505828,-3.600000,-3.094172
941,88.011479,0.442132,3.164973,0.664930,-3.600000,-4.264930
942,87.917708,0.053914,3.161847,0.232194,-2.600000,-2.367806
943,87.824268,0.177663,3.158928,0.421501,-1.900000,-2.321501
944,87.731069,0.217034,3.156063,0.465869,-2.000000,-2.465869
945,87.638042,0.193222,3.153176,0.439571,-1.700000,-1.260429
946,87.545386,0.356290,3.150463,0.596900,-0.800000,-1.396900
947,87.452728,0.168935,3.147558,0.411018,-0.900000,-1.311018
948,87.360088,0.000587,3.144249,0.024233,-1.400000,-1.424233
949,87.267880,0.223104,3.141422,0.472339,-1.500000,-1.027661
950,87.175921,0.274562,3.138655,0.523987,-0.300000,-0.823987
951,87.083871,0.004972,3.135415,0.070511,-0.700000,-0.629489
952,86.998106,5.778227,3.134643,2.403794,1.800000,-0.603794
953,86.906641,0.197934,3.131809,0.444897,0.200000,-0.244897
954,86.819701,4.313190,3.130698,2.076822,1.600000,-0.476822
955,86.730084,1.594596,3.128734,1.262773,-1.200000,0.062773
956,86.647385,8.000734,3.128419,2.828557,-3.100000,-0.271443
957,86.557285,0.782150,3.126064,0.884392,-2.000000,-1.115608
958,86.467222,0.636441,3.123624,0.797772,0.900000,0.102228
959,86.378756,1.982800,3.121827,1.408119,1.100000,-0.308119
960,86.291253,2.725613,3.120289,1.650943,1.500000,-0.150943
961,86.205725,4.440927,3.119230,2.107351,-2.100000,0.007351
962,86.118953,3.078578,3.117806,1.754588,-2.600000,-0.845412
963,86.030885,1.660936,3.115899,1.288773,-1.700000,-0.411227
964,85.941499,0.220782,3.113142,0.469874,-0.500000,-0.030126
965,85.852175,0.100870,3.110233,0.317601,-0.200000,0.117601
966,85.762933,0.001532,3.107041,0.039139,-0.200000,-0.239139
967,85.674029,0.148723,3.104215,0.385647,-0.100000,-0.485647
968,85.585399,0.234888,3.101498,0.484652,-0.200000,-0.684652
969,85.497350,0.618079,3.099098,0.786180,-0.500000,-1.286180
970,85.411291,2.364177,3.097482,1.537588,-0.500000,-2.037588
971,85.322975,0.009647,3.094380,0.098220,-0.500000,-0.401780
972,85.234963,0.127562,3.091552,0.357159,-0.700000,-0.342841
973,85.147010,0.008042,3.088455,0.089679,-0.400000,-0.489679
974,85.060705,1.431396,3.086504,1.196410,-0.100000,-1.296410
975,84.973763,0.640010,3.084149,0.800006,-0.300000,-1.100006
976,84.886719,0.366584,3.081599,0.605462,-0.300000,-0.905462
977,84.799607,0.126885,3.078798,0.356209,-0.300000,-0.656209
978,84.713720,1.145397,3.076736,1.070232,0.700000,-0.370232
979,84.626844,0.010490,3.073685,0.102419,0.200000,0.302419
980,84.540569,0.422222,3.071202,0.649786,-1.000000,-0.350214
981,84.454577,0.526317,3.068801,0.725477,-0.400000,-1.125477
982,84.368276,0.051934,3.065896,0.227891,-0.200000,-0.427891
983,84.282120,0.021476,3.062914,0.146546,-0.200000,-0.053454
984,84.196119,0.001575,3.059829,0.039683,-0.300000,-0.339683
985,84.110570,0.272526,3.057242,0.522040,0.000000,-0.522040
986,84.024951,0.031995,3.054311,0.178873,-0.200000,-0.378873
987,83.941054,1.554952,3.052473,1.246977,-0.200000,-1.446977
988,83.855750,0.001737,3.049413,0.041680,-0.200000,-0.158320
989,83.770871,0.250261,3.046825,0.500261,-0.300000,0.200261
990,83.686023,0.110757,3.044072,0.332802,-0.300000,0.032802
991,83.601239,0.003284,3.041046,0.057308,-0.100000,-0.157308
992,83.516902,0.276675,3.038501,0.525999,0.100000,-0.425999
993,83.432505,0.048785,3.035652,0.220872,0.000000,-0.220872
994,83.348251,0.020523,3.032730,0.143259,0.000000,-0.143259
995,83.264177,0.031335,3.029848,0.177017,0.000000,-0.177017
996,83.180274,0.032244,3.026975,0.179567,-0.200000,-0.379567
997,83.098657,2.134002,3.025398,1.460822,0.200000,-1.260822
998,83.015222,0.164927,3.022763,0.406112,0.300000,-0.106112
999,82.931944,0.153628,3.020119,0.391954,-0.100000,-0.491954
1000,83.111281,261.551484,3.033324,16.172553,15.800000,-0.372553
1001,83.058370,30.358763,3.035808,5.509879,5.500000,-0.009879
1002,83.095817,120.430294,3.043762,10.974074,-10.100000,0.874074
1003,83.013642,1.002989,3.041718,1.001494,-3.100000,-4.101494
1004,82.948325,17.696691,3.042883,4.206743,-1.100000,3.106743
1005,82.875674,10.225342,3.043038,3.197709,0.700000,3.897709
1006,82.798002,5.048395,3.042243,2.246863,1.200000,-1.046863
1007,82.715533,0.081278,3.039494,0.285094,-1.800000,-2.085094
1008,82.636920,3.787652,3.038405,1.946189,-0.500000,-2.446189
1009,82.556105,1.418587,3.036567,1.191044,-0.500000,-1.691044
1010,82.474046,0.004044,3.033612,0.063594,-0.700000,-0.636406
1011,82.392263,0.118380,3.030941,0.344064,-0.100000,-0.444064
1012,82.310559,0.034996,3.028120,0.187073,-0.500000,-0.312927
1013,82.229612,0.635040,3.025908,0.796894,-0.600000,0.196894
1014,82.150857,2.687012,3.024535,1.639211,0.300000,-1.339211
1015,82.069855,0.258434,3.022046,0.508364,-0.600000,-0.091636
1016,81.989155,0.400474,3.019686,0.632830,-0.600000,0.032830
1017,81.908441,0.226108,3.017174,0.475508,0.600000,0.124492
1018,81.827880,0.219684,3.014661,0.468705,-0.100000,0.368705
1019,81.747381,0.121296,3.012034,0.348275,-0.400000,-0.051725
1020,81.666922,0.001722,3.009110,0.041492,0.000000,0.041492
1021,81.586719,0.100001,3.006462,0.316229,0.400000,0.083771
1022,81.517370,10.989583,3.006765,3.315054,3.400000,0.084946
1023,81.441861,4.573805,3.005913,2.138646,-1.300000,0.838646
1024,81.363544,1.557935,3.004190,1.248173,0.600000,-0.648173
1025,81.284264,0.418784,3.001882,0.647135,-0.100000,0.547135
1026,81.205070,0.348329,2.999522,0.590194,0.100000,0.690194
1027,81.130121,4.532350,2.998671,2.128932,2.500000,0.371068
1028,81.052340,1.481711,2.996931,1.217255,-0.100000,1.117255
1029,80.982122,9.078856,2.996947,3.013114,-1.900000,1.113114
1030,80.907407,4.324672,2.996053,2.079585,-1.000000,1.079585
1031,80.829529,0.926824,2.994073,0.962717,1.400000,0.437283
1032,80.761712,11.113924,2.994403,3.333755,-3.400000,-0.066245
1033,80.686047,2.902391,2.993149,1.703640,-1.100000,-2.803640
1034,80.631459,24.460368,2.995045,4.945742,3.600000,-1.345742
1035,80.716338,168.141334,3.004717,12.966932,0.600000,13.566932
1036,80.721585,86.132178,3.010798,9.280742,7.800000,-1.480742
1037,81.304884,683.269213,3.033188,26.139419,41.300000,15.160581
1038,81.372105,150.811186,3.042131,12.280521,3.100000,15.380521
1039,81.298313,4.997243,3.041352,2.235451,-13.000000,-10.764549
1040,81.219874,0.035281,3.038597,0.187832,-5.900000,-6.087832
1041,81.196564,57.047438,3.042951,7.552975,-7.700000,-0.147025
1042,81.122544,4.363791,3.042032,2.088969,-6.600000,-4.511031
1043,81.045022,0.577945,3.039835,0.760227,-3.000000,-3.760227
1044,80.972835,5.970331,3.039262,2.443426,-3.200000,-5.643426
1045,80.895069,0.017943,3.036471,0.133953,-4.200000,-4.066047
1046,80.820155,2.834547,3.035173,1.683611,-2.200000,-3.883611
1047,80.743002,0.350073,3.032830,0.591670,-2.500000,-3.091670
1048,80.679988,14.956099,3.033629,3.867312,0.300000,-3.567312
1049,80.629835,28.270153,3.035814,5.316968,3.200000,-2.116968
1050,80.586535,35.338348,3.038595,5.944607,-4.000000,1.944607
1051,80.509783,0.227216,3.036148,0.476672,-4.000000,-3.523328
1052,80.433907,0.991304,3.034201,0.995642,-2.500000,-1.504358
1053,80.358368,1.193433,3.032350,1.092444,1.200000,0.107556
1054,80.282111,0.288461,3.029974,0.537086,0.300000,0.837086
1055,80.207590,1.960869,3.028423,1.400310,0.900000,-0.500310
1056,80.131426,0.083159,3.025819,0.288373,-0.900000,-1.188373
1057,80.055328,0.000498,3.022966,0.022318,-0.700000,-0.677682
1058,79.981740,2.493583,3.021596,1.579108,-2.700000,-1.120892
1059,79.905934,0.006135,3.018807,0.078327,-1.500000,-1.421673
1060,79.851278,22.188565,3.020408,4.710474,4.200000,-0.510474
1061,79.781296,5.880845,3.019845,2.425045,-0.300000,2.125045
1062,79.705998,0.115850,3.017313,0.340368,-0.700000,-1.040368
1063,79.631635,0.955813,3.015387,0.977657,0.700000,-0.277657
1064,79.557312,0.848785,3.013411,0.921295,0.100000,1.021295
1065,79.482328,0.000001,3.010572,0.000922,0.400000,0.400922
1066,79.407509,0.023762,3.007882,0.154150,0.400000,0.554150
1067,79.334834,2.154193,3.006433,1.467717,-1.100000,0.367717
1068,79.261851,1.681296,3.004826,1.296648,-1.800000,-0.503352
1069,79.195269,8.352058,3.004718,2.889993,-3.870000,-0.980007
1070,79.124514,3.769763,3.003721,1.941588,-0.950000,-2.891588
1071,79.068092,18.922516,3.004983,4.350002,3.220000,-1.130002
1072,78.999797,6.129064,3.004487,2.475695,-0.200000,2.275695
1073,78.929496,3.847853,3.003512,1.961594,0.500000,-1.461594
1074,78.856516,0.841502,3.001562,0.917334,0.200000,-0.717334
1075,78.792174,9.946231,3.001704,3.153765,-3.580000,-0.426235
1076,78.722527,4.130007,3.000800,2.032242,-3.570000,-1.537758
1077,78.649373,0.229108,2.998449,0.478652,-0.250000,-0.728652
1078,78.576147,0.004544,2.995720,0.067411,-0.200000,-0.267411
1079,78.505053,2.149824,2.994297,1.466228,0.100000,-1.366228
1080,78.432795,0.755754,2.992322,0.869341,0.100000,-0.769341
1081,78.361663,1.823614,2.990798,1.350413,0.200000,-1.150413
1082,78.289260,0.310482,2.988540,0.557209,0.200000,-0.357209
1083,78.218313,1.738235,2.986993,1.318421,-0.100000,-1.418421
1084,78.145920,0.033646,2.984397,0.183429,-0.050000,0.133429
1085,78.073631,0.001263,2.981669,0.035538,-0.050000,-0.014462
1086,78.001476,0.001498,2.978949,0.038706,0.000000,-0.038706
1087,77.929544,0.099823,2.976490,0.315948,0.300000,-0.015948
1088,77.857654,0.000175,2.973756,0.013238,-0.100000,-0.113238
1089,77.786155,0.281818,2.971505,0.530865,0.600000,0.069135
1090,77.714661,0.143418,2.969117,0.378706,0.600000,0.221294
1091,77.643188,0.023102,2.966526,0.151993,0.400000,0.248007
1092,77.572121,0.322683,2.964321,0.568052,0.500000,-0.068052
1093,77.501672,0.852896,2.962447,0.923524,0.500000,-0.423524
1094,77.432835,2.469804,2.961171,1.571561,0.600000,-0.971561
1095,77.363908,2.233352,2.959827,1.494441,0.600000,-0.894441
1096,77.294218,1.262605,2.958145,1.123657,0.200000,-0.923657
1097,77.224877,1.504271,2.956561,1.226487,0.300000,-0.926487
1098,77.155832,1.689947,2.955047,1.299980,0.500000,-0.799980
1099,77.085674,0.332595,2.952875,0.576710,0.200000,-0.376710
1100,77.016847,1.651527,2.951353,1.285117,0.700000,-0.585117
1101,76.947144,0.552486,2.949340,0.743294,0.700000,-0.043294
1102,76.877443,0.415702,2.947241,0.644750,0.500000,-0.144750
1103,76.808070,0.636365,2.945285,0.797725,0.400000,-0.397725
1104,76.738484,0.263704,2.943075,0.513521,0.300000,-0.213521
1105,76.668794,0.008831,2.940487,0.093974,-0.100000,-0.193974
1106,76.599224,0.003088,2.937869,0.055573,-0.500000,-0.444427
1107,76.529788,0.011565,2.935303,0.107541,-0.700000,-0.807541
1108,76.460972,0.557158,2.933320,0.746430,-1.700000,-0.953570
1109,76.395862,4.514405,2.932589,2.124713,-0.300000,-2.424713
1110,76.326893,0.116046,2.930245,0.340655,-0.200000,-0.540655
1111,76.257953,0.010508,2.927691,0.102510,-0.100000,-0.202510
1112,76.189592,0.513793,2.925695,0.716794,0.000000,-0.716794
1113,76.120929,0.042122,2.923242,0.205236,-0.100000,-0.305236
1114,76.052399,0.052104,2.920814,0.228264,-0.100000,-0.328264
1115,75.984968,1.136911,2.919145,1.066260,-0.200000,-1.266260
1116,75.916715,0.087205,2.916786,0.295305,-0.300000,-0.004695
1117,75.848507,0.001429,2.914199,0.037806,-0.100000,-0.062194
1118,75.780524,0.116269,2.911889,0.340982,0.300000,-0.040982
1119,75.712757,0.219474,2.909698,0.468481,0.600000,0.131519
1120,75.647968,3.408086,2.908745,1.846100,2.000000,0.153900
1121,75.582617,2.651545,2.907598,1.628356,2.100000,0.471644
1122,75.515157,0.162665,2.905358,0.403317,0.400000,0.803317
1123,75.447681,0.008495,2.902844,0.092166,0.000000,0.092166
1124,75.380461,0.161956,2.900612,0.402438,-0.100000,0.302438
1125,75.313557,0.380707,2.898575,0.617014,-0.200000,0.417014
1126,75.246563,0.146803,2.896333,0.383149,-0.100000,0.283149
1127,75.180152,0.667213,2.894481,0.816831,-0.200000,-1.016831
1128,75.113782,0.580257,2.892584,0.761746,0.000000,-0.761746
1129,75.047505,0.551810,2.890673,0.742839,0.100000,-0.642839
1130,74.981509,0.735915,2.888867,0.857855,0.400000,-0.457855
1131,74.916154,1.326638,2.887326,1.151798,0.700000,-0.451798
1132,74.850397,0.741652,2.885530,0.861192,0.500000,-0.361192
1133,74.784262,0.184085,2.883354,0.429051,0.000000,-0.429051
1134,74.718234,0.172408,2.881170,0.415220,0.000000,-0.415220
1135,74.652170,0.000222,2.878636,0.014897,-0.200000,-0.214897
1136,74.586283,0.068336,2.876323,0.261412,-0.100000,-0.361412
1137,74.520497,0.050836,2.873984,0.225468,-0.100000,-0.325468
1138,74.454787,0.004616,2.871509,0.067938,-0.300000,-0.232062
1139,74.389677,0.555133,2.869636,0.745073,-0.800000,-0.054927
1140,74.324759,0.643505,2.867816,0.802188,-1.100000,-1.902188
1141,74.259404,0.016274,2.865406,0.127568,-1.000000,-0.872432
1142,74.194256,0.120637,2.863193,0.347328,-0.700000,-0.352672
1143,74.129320,0.232021,2.861102,0.481686,0.000000,-0.481686
1144,74.064295,0.001180,2.858623,0.034352,0.000000,-0.034352
1145,73.999388,0.004460,2.856176,0.066780,0.000000,-0.066780
1146,73.934988,0.455137,2.854265,0.674639,-0.800000,-0.125361
1147,73.874338,4.612048,2.853647,2.147568,-2.610000,-0.462432
1148,73.810641,1.005055,2.852029,1.002524,-1.320000,-2.322524
1149,73.759351,15.083580,2.852930,3.883758,3.250000,-0.633758
1150,73.698005,3.456764,2.852063,1.859237,3.180000,5.039237
1151,73.655370,24.795737,2.853918,4.979532,-0.700000,4.279532
1152,73.592737,1.752353,2.852585,1.323765,0.400000,1.723765
1153,73.532537,4.422774,2.851933,2.103039,0.000000,2.103039
1154,73.471062,2.836861,2.850917,1.684298,0.100000,1.784298
1155,73.408688,1.678302,2.849566,1.295493,0.000000,1.295493
1156,73.345144,0.206169,2.847487,0.454059,0.000000,0.454059
1157,73.282375,0.972707,2.845872,0.986259,-0.300000,0.686259
1158,73.220214,1.548840,2.844485,1.244524,-0.300000,0.944524
1159,73.157184,0.419463,2.842583,0.647660,-0.200000,0.447660
1160,73.094005,0.123002,2.840427,0.350716,0.100000,0.450716
1161,73.031307,0.552713,2.838615,0.743446,-0.400000,0.343446
1162,72.968685,0.515079,2.836783,0.717690,-0.200000,0.517690
1163,72.906220,0.570779,2.834987,0.755499,0.100000,0.855499
1164,72.843600,0.267844,2.832989,0.517537,0.200000,0.717537
1165,72.781327,0.544379,2.831185,0.737820,1.300000,0.562180
1166,72.718718,0.029235,2.828896,0.170982,0.500000,0.670982
1167,72.656325,0.155889,2.826803,0.394827,0.900000,0.505173
1168,72.593907,0.001764,2.824410,0.041999,0.800000,0.758001
1169,72.534632,3.538982,2.823601,1.881218,-0.900000,0.981218
1170,72.472426,0.002269,2.821220,0.047637,-0.400000,-0.352363
1171,72.413935,4.213351,2.820561,2.052645,-1.500000,0.552645
1172,72.352854,1.070723,2.819032,1.034758,-1.100000,-0.065242
1173,72.291255,0.344650,2.817123,0.587069,-0.400000,0.187069
1174,72.230318,0.993882,2.815567,0.996936,1.500000,0.503064
1175,72.168821,0.218057,2.813562,0.466966,0.300000,0.766966
1176,72.107261,0.020828,2.811284,0.144318,0.300000,0.155682
1177,72.047270,1.737410,2.810011,1.318108,1.700000,0.381892
1178,71.985983,0.096221,2.807882,0.310196,1.200000,1.510196
1179,71.934512,11.507596,2.808379,3.392285,4.100000,0.707715
1180,71.874548,1.417366,2.807003,1.190532,1.900000,3.090532
1181,71.817465,4.686978,2.806458,2.164943,0.300000,2.464943
1182,71.766050,11.250360,2.806923,3.354156,4.800000,1.445844
1183,71.714957,11.527680,2.807422,3.395244,9.500000,6.104756
1184,71.654786,0.713953,2.805759,0.844957,5.300000,6.144957
1185,71.601058,8.201685,2.805808,2.863858,0.400000,3.263858
1186,71.547143,7.872933,2.805808,2.805875,-0.900000,1.905875
1187,71.495978,11.019376,2.806242,3.319545,-1.400000,1.919545
1188,71.445144,11.309031,2.806712,3.362890,-1.800000,1.562890
1189,71.396551,13.862414,2.807486,3.723226,-2.900000,0.823226
1190,71.337081,0.864355,2.805903,0.929707,-2.600000,-1.670293
1191,71.276990,0.009707,2.803622,0.098526,-0.500000,-0.401474
1192,71.217598,0.719078,2.801976,0.847985,0.600000,-0.247985
1193,71.158009,0.365803,2.800128,0.604816,-0.500000,0.104816
1194,71.098864,0.775331,2.798515,0.880529,-1.100000,-0.219471
1195,71.040637,1.751225,2.797276,1.323339,-1.400000,-0.076661
1196,70.981243,0.242187,2.795342,0.492125,-0.200000,0.292125
1197,70.923235,1.778109,2.794117,1.333457,1.500000,0.166543
1198,70.869100,6.286197,2.793876,2.507229,3.400000,0.892771
1199,70.811980,2.610996,2.792891,1.615858,4.500000,2.884142
1200,70.754936,2.587631,2.791900,1.608611,5.000000,3.391389
1201,70.697469,1.966767,2.790740,1.402415,5.500000,4.097585
1202,70.638920,0.554824,2.789032,0.744865,4.900000,4.155135
1203,70.581296,1.548620,2.787744,1.244435,2.800000,4.044435
1204,70.522531,0.062677,2.785629,0.250353,1.700000,1.449647
1205,70.463909,0.117326,2.783595,0.342529,0.800000,1.142529
1206,70.407097,2.175887,2.782506,1.475089,0.500000,1.975089
1207,70.348573,0.003013,2.780239,0.054888,0.400000,0.454888
1208,70.290150,0.007696,2.778003,0.087725,0.400000,0.312275
1209,70.232739,1.109915,2.776572,1.053525,0.200000,1.253525
1210,70.174707,0.245791,2.774680,0.495774,0.400000,0.895774
1211,70.117516,1.145817,2.773268,1.070428,-0.100000,0.970428
1212,70.059615,0.172506,2.771317,0.415338,0.100000,-0.315338
1213,70.001717,0.060968,2.769229,0.246916,0.200000,-0.046916
1214,69.944041,0.213804,2.767322,0.462390,0.400000,-0.062390
1215,69.886461,0.214305,2.765419,0.462930,0.500000,0.037070
1216,69.829975,1.425412,2.764123,1.193906,1.100000,-0.093906
1217,69.774947,3.081246,2.763291,1.755348,2.000000,0.244652
1218,69.717722,0.304304,2.761469,0.551638,0.800000,0.248362
1219,69.661364,1.242759,2.760114,1.114791,1.400000,0.285209
1220,69.605584,1.832159,2.758957,1.353573,2.200000,0.846427
1221,69.552405,4.887130,2.758507,2.210685,3.600000,1.389315
1222,69.495338,0.044379,2.756415,0.210664,2.300000,2.089336
1223,69.438330,0.002674,2.754196,0.051713,2.000000,2.051713
1224,69.383594,2.660944,2.753276,1.631240,1.300000,2.931240
1225,69.330057,4.014774,2.752662,2.003690,0.400000,2.403690
1226,69.274186,1.055849,2.751250,1.027545,2.000000,0.972455
1227,69.218384,1.028268,2.749829,1.014036,2.600000,1.585964
1228,69.161898,0.079116,2.747813,0.281276,2.000000,1.718724
1229,69.105937,0.609308,2.746207,0.780582,1.900000,1.119418
1230,69.049584,0.017560,2.744075,0.132515,1.100000,1.232515
1231,68.993411,0.125290,2.742127,0.353963,1.200000,0.846037
1232,68.937228,0.001332,2.739924,0.036497,0.900000,0.863503
1233,68.881189,0.064949,2.737902,0.254851,0.900000,1.154851
1234,68.825188,0.000229,2.735688,0.015139,1.100000,1.115139
1235,68.769322,0.053945,2.733654,0.232260,1.600000,1.367740
1236,68.715148,2.027274,2.732591,1.423824,-0.100000,1.323824
1237,68.659948,0.653644,2.731031,0.808483,0.800000,-0.008483
1238,68.604588,0.344592,2.729293,0.587019,0.500000,1.087019
1239,68.549083,0.056796,2.727276,0.238319,0.700000,0.938319
1240,68.493694,0.088213,2.725310,0.297007,1.000000,0.702993
1241,68.444109,7.156407,2.725269,2.675146,3.500000,0.824854
1242,68.452203,78.464588,2.730223,8.858024,11.000000,2.141976
1243,69.224714,1025.593081,2.753867,32.024882,38.000000,5.975118
1244,69.473390,377.582918,2.767317,19.431493,8.000000,27.431493
1245,69.434351,21.026495,2.768782,4.585466,-5.000000,-0.414534
1246,69.429747,63.716251,2.772979,7.982246,-6.000000,1.982246
1247,69.378706,5.985127,2.772717,2.446452,-2.000000,0.446452
1248,69.325280,2.917538,2.771861,1.708080,-1.000000,-2.708080
1249,69.392965,153.592834,2.779589,12.393258,12.000000,-0.393258
1250,69.560404,278.021967,2.790740,16.673991,16.000000,-0.673991
1251,69.677860,216.027721,2.800289,14.697881,-3.000000,11.697881
1252,69.834441,265.091762,2.811091,16.281639,-18.000000,-1.718361
1253,69.955377,220.883633,2.820740,14.862154,-20.000000,-5.137846
1254,69.931842,40.536294,2.823577,6.366812,-13.000000,-6.633188
1255,69.878561,3.277526,2.822767,1.810394,-8.000000,-6.189606
1256,69.823047,0.374622,2.821001,0.612064,-6.000000,-6.612064
1257,69.768919,2.000527,2.819878,1.414400,-4.600000,-6.014400
1258,69.942692,287.680753,2.831155,16.961154,12.600000,-4.361154
1259,90.391688,25733.432590,2.956721,160.416435,163.000000,2.583565
1260,92.906450,3248.933043,2.999749,56.999413,104.000000,47.000587
1261,93.575696,934.147943,3.021677,30.563834,-53.000000,-22.436166
1262,93.813648,392.920067,3.035032,19.822211,-56.000000,-36.177789
1263,95.402150,2093.737537,3.068966,45.757377,-24.000000,21.757377
1264,95.818196,619.620121,3.086286,24.892170,-15.000000,9.892170
1265,95.763295,26.587071,3.087927,5.156265,-14.000000,-19.156265
1266,95.801888,144.468750,3.095005,12.019515,-9.000000,-21.019515
1267,95.772598,58.808251,3.098626,7.668654,-5.000000,-12.668654
1268,95.697172,0.433515,3.096695,0.658419,-6.000000,-5.341581
1269,95.641162,24.844578,3.098188,4.984434,-10.000000,-5.015566
1270,95.626770,77.421119,3.102691,8.798927,-11.000000,-2.201073
1271,95.564119,16.248141,3.103423,4.030898,-8.000000,-3.969102
1272,95.492976,5.355116,3.102801,2.314112,-6.000000,-3.685888
1273,95.425413,9.754847,3.102817,3.123275,-5.000000,-1.876725
1274,95.396459,58.654427,3.106404,7.658618,-9.000000,-1.341382
1275,95.375089,68.235333,3.110459,8.260468,-13.000000,-4.739532
1276,95.339637,50.279728,3.113588,7.090820,-14.000000,-6.909180
1277,95.272302,9.621517,3.113579,3.101857,-7.000000,-3.898143
1278,95.198168,0.826576,3.111849,0.909162,-4.000000,-3.090838
1279,95.140862,22.132465,3.113098,4.704515,2.000000,-2.704515
1280,95.069867,4.551204,3.112330,2.133355,-3.000000,-0.866645
1281,95.005410,12.758080,3.112690,3.571845,-5.000000,-1.428155
1282,94.933384,2.956896,3.111600,1.719563,-4.000000,-2.280437
1283,94.863822,5.963794,3.111077,2.442088,-3.300000,-0.857912
1284,94.789977,0.342355,3.109103,0.585111,-2.500000,-1.914889
1285,94.716490,0.652795,3.107307,0.807957,-1.400000,-0.592043
1286,94.642666,0.074009,3.105095,0.272046,-0.300000,-0.027954
1287,94.568900,0.000154,3.102685,0.012408,-0.200000,-0.187592
1288,94.495257,0.012216,3.100354,0.110527,-0.400000,-0.510527
1289,94.421799,0.101054,3.098189,0.317890,-0.300000,-0.617890
1290,94.348483,0.137178,3.096068,0.370376,0.100000,-0.270376
1291,94.275332,0.203258,3.094012,0.450841,0.200000,-0.250841
1292,94.202182,0.059086,3.091799,0.243076,-0.300000,-0.543076
1293,94.129812,0.916986,3.090143,0.957594,-0.300000,0.657594
1294,94.057289,0.575142,3.088336,0.758381,-0.200000,0.558381
1295,93.984851,0.539607,3.086513,0.734579,-0.100000,0.634579
1296,93.912811,0.909409,3.084862,0.953629,-0.100000,0.853629
1297,93.840647,0.604541,3.083077,0.777522,-0.300000,0.477522
1298,93.768541,0.535253,3.081260,0.731610,-0.100000,0.631610
1299,93.696287,0.199691,3.079226,0.446868,-0.200000,0.246868
1300,93.624043,0.067717,3.077051,0.260225,-0.200000,0.060225
1301,93.551873,0.020117,3.074787,0.141834,0.000000,0.141834
1302,93.481478,2.178694,3.073556,1.476040,0.000000,1.476040
1303,93.411319,2.345715,3.072369,1.531573,-0.100000,1.431573
1304,93.340276,1.054790,3.070795,1.027030,-0.100000,0.927030
1305,93.268621,0.117467,3.068699,0.342734,-0.300000,0.042734
1306,93.196994,0.009870,3.066418,0.099348,-0.300000,-0.399348
1307,93.125503,0.044356,3.064226,0.210608,-0.300000,-0.089392
1308,93.054089,0.001812,3.061909,0.042565,-0.300000,-0.257435
1309,92.982793,0.012509,3.059648,0.111844,-0.300000,-0.188156
1310,92.911641,0.059139,3.057492,0.243184,-0.400000,-0.156816
1311,92.840613,0.077913,3.055366,0.279129,-0.100000,0.179129
1312,92.770212,0.755736,3.053695,0.869331,-0.400000,0.469331
1313,92.700156,1.066576,3.052151,1.032751,-0.500000,0.532751
1314,92.629412,0.025410,3.049943,0.159406,-0.200000,-0.040594
1315,92.558863,0.140544,3.047902,0.374892,-0.300000,0.074892
1316,92.488426,0.144538,3.045869,0.380181,-0.300000,0.080181
1317,92.418050,0.085262,3.043772,0.291996,-0.200000,0.091996
1318,92.347719,0.003634,3.041501,0.060285,-0.400000,-0.339715
1319,92.277501,0.010578,3.039266,0.102851,-0.300000,-0.402851
1320,92.207395,0.017907,3.037058,0.133816,-0.400000,-0.266184
1321,92.137382,0.000076,3.034759,0.008694,-0.200000,-0.208694
1322,92.067603,0.169401,3.032769,0.411583,-0.500000,-0.088417
1323,91.997840,0.049783,3.030639,0.223122,-0.400000,-0.176878
1324,91.928288,0.188832,3.028672,0.434548,-0.500000,-0.065452
1325,91.858960,0.345667,3.026824,0.587934,-0.500000,0.087934
1326,91.790107,0.836361,3.025226,0.914528,-0.700000,0.214528
1327,91.721109,0.505620,3.023477,0.711070,-0.900000,-0.188930
1328,91.651836,0.003800,3.021240,0.061645,-0.700000,-0.761645
1329,91.598932,21.553592,3.022464,4.642585,-5.300000,-0.657415
1330,91.537030,9.516702,3.022511,3.084915,-4.400000,-7.484915
1331,91.468051,0.001640,3.020264,0.040502,-0.900000,-0.859498
1332,91.416470,22.969230,3.021598,4.792622,-6.100000,-1.307378
1333,91.365345,23.471153,3.022970,4.844704,-9.500000,-4.655296
1334,91.307439,14.349888,3.023546,3.788125,-9.200000,-5.411875
1335,91.264351,33.957524,3.025652,5.827308,-10.400000,-4.572692
1336,91.208718,17.161679,3.026491,4.142666,-9.000000,-4.857334
1337,91.141508,1.617765,3.025174,1.271914,-3.200000,-4.471914
1338,91.078862,7.571649,3.024969,2.751663,-0.200000,-2.951663
1339,91.015705,6.763858,3.024652,2.600742,-0.700000,-3.300742
1340,90.955655,10.789468,3.024846,3.284733,-0.200000,-3.484733
1341,90.891492,5.169454,3.024284,2.273643,-0.200000,-2.473643
1342,90.826775,4.300586,3.023574,2.073785,0.000000,-2.073785
1343,90.763804,6.507732,3.023221,2.551026,0.100000,-2.451026
1344,90.698097,2.716536,3.022195,1.648192,0.000000,-1.648192
1345,90.631442,1.313984,3.020796,1.146291,0.000000,-1.146291
1346,90.564773,1.161524,3.019348,1.077740,-0.100000,-1.177740
1347,90.497581,0.325626,3.017525,0.570636,0.000000,-0.570636
1348,90.430783,0.721014,3.015911,0.849126,0.000000,-0.849126
1349,90.363731,0.246109,3.014038,0.496093,0.000000,-0.496093
1350,90.296695,0.133087,3.012070,0.364810,-0.100000,-0.464810
1351,90.230661,1.349141,3.010696,1.161525,0.300000,-0.861525
1352,90.163806,0.110680,3.008709,0.332686,-0.100000,0.232686
1353,90.096983,0.019239,3.006582,0.138705,0.000000,0.138705
1354,90.030635,0.526727,3.004892,0.725760,-0.500000,0.225760
1355,89.965304,1.769347,3.003653,1.330168,0.300000,-1.030168
1356,89.898909,0.198952,3.001761,0.446041,0.100000,-0.346041
1357,89.832469,0.004644,2.999593,0.068145,-0.100000,-0.168145
1358,89.766489,0.496022,2.997897,0.704288,0.000000,-0.704288
1359,89.700386,0.196968,2.996013,0.443811,-0.100000,-0.543811
1360,89.634467,0.314125,2.994216,0.560468,0.000000,-0.560468
1361,89.568625,0.287140,2.992405,0.535854,0.000000,-0.535854
1362,89.502736,0.091315,2.990424,0.302184,0.000000,0.302184
1363,89.436939,0.085086,2.988438,0.291694,0.200000,-0.091694
1364,89.374169,4.069764,2.987724,2.017366,0.100000,2.117366
1365,89.311255,3.748141,2.986951,1.936012,0.100000,2.036012
1366,89.247165,2.020608,2.985802,1.421481,0.100000,1.521481
1367,89.304214,167.004997,2.993093,12.923041,12.800000,-0.123041
1368,89.273567,47.501823,2.995951,6.892157,14.900000,21.792157
1369,89.208644,0.653788,2.994349,0.808571,4.700000,3.891429
1370,89.143997,0.900734,2.992851,0.949070,-6.700000,-5.750930
1371,89.084622,7.978071,2.992728,2.824548,-7.100000,-4.275452
1372,89.019698,0.268634,2.990919,0.518300,-0.200000,-0.718300
1373,88.959138,6.112704,2.990541,2.472388,-0.100000,2.372388
1374,88.894938,1.004675,2.989089,1.002335,0.000000,-1.002335
1375,88.833092,4.104695,2.988387,2.026005,-3.500000,-1.473995
1376,88.811879,59.728138,2.991842,7.728398,-10.300000,-2.571602
1377,88.756648,12.980256,2.992287,3.602812,-8.500000,-4.897188
1378,88.692109,0.080176,2.990315,0.283154,-3.000000,-3.283154
1379,88.627707,0.138950,2.988411,0.372760,-0.100000,0.272760
1380,88.563300,0.004023,2.986286,0.063425,0.100000,0.163425
1381,88.499372,0.534330,2.984648,0.730979,-1.400000,-2.130979
1382,88.435157,0.011259,2.982559,0.106108,-2.100000,-2.206108
1383,88.374141,4.293746,2.981899,2.072135,0.100000,-1.972135
1384,88.312503,3.313571,2.981057,1.820322,-0.100000,-1.920322
1385,88.248659,0.144672,2.979174,0.380357,-0.100000,-0.480357
1386,88.185336,0.735472,2.977639,0.857597,-0.100000,-0.957597
1387,88.121929,0.493364,2.975993,0.702399,-0.100000,-0.802399
1388,88.058416,0.220590,2.974183,0.469670,-0.100000,-0.569670
1389,87.996260,1.972879,2.973049,1.404592,-0.100000,-1.504592
1390,87.933094,0.447865,2.971387,0.669227,-0.100000,0.569227
1391,87.870597,1.249369,2.970051,1.117752,-0.200000,-1.317752
1392,87.808825,2.130726,2.968962,1.459701,0.100000,-1.359701
1393,87.747507,2.638106,2.967994,1.624225,0.000000,1.624225
1394,87.686575,3.052767,2.967116,1.747217,-0.100000,1.647217
1395,87.628984,7.577795,2.966962,2.752779,0.000000,2.752779
1396,87.567841,2.517430,2.965970,1.586641,0.000000,1.586641
1397,87.505505,0.733150,2.964456,0.856242,0.100000,0.956242
1398,87.443304,0.798546,2.962970,0.893614,0.000000,0.893614
1399,87.380874,0.352768,2.961272,0.593942,0.100000,-0.493942
1400,87.318387,0.148901,2.959427,0.385877,0.000000,-0.385877
1401,87.256003,0.168101,2.957602,0.410001,0.000000,-0.410001
1402,87.193603,0.020626,2.955589,0.143617,0.000000,0.143617
1403,87.131324,0.065842,2.953660,0.256597,0.000000,0.256597
1404,87.069109,0.030510,2.951675,0.174672,0.000000,0.174672
1405,87.006971,0.013800,2.949652,0.117475,0.100000,0.217475
1406,86.944912,0.000002,2.947549,0.001558,-0.100000,-0.098442
1407,86.882969,0.038316,2.945588,0.195745,0.000000,-0.195745
1408,86.821091,0.007101,2.943550,0.084268,0.100000,0.015732
1409,86.759300,0.003931,2.941500,0.062695,0.000000,-0.062695
1410,86.697598,0.005944,2.939462,0.077096,0.000000,-0.077096
1411,86.636009,0.042954,2.937521,0.207255,0.100000,-0.107255
1412,86.574516,0.054009,2.935599,0.232399,0.000000,-0.232399
1413,86.513222,0.210157,2.933841,0.458429,0.100000,-0.358429
1414,86.451867,0.003626,2.931803,0.060214,0.000000,0.060214
1415,86.390604,0.008711,2.929791,0.093333,0.000000,0.093333
1416,86.329631,0.296646,2.928102,0.544653,0.000000,0.544653
1417,86.268750,0.305326,2.926421,0.552564,0.000000,0.552564
1418,86.207894,0.217750,2.924681,0.466637,0.000000,0.466637
1419,86.147123,0.217929,2.922944,0.466829,0.000000,0.466829
1420,86.086426,0.199674,2.921196,0.446849,0.000000,0.446849
1421,86.027473,2.549675,2.920261,1.596770,0.100000,-1.496770
1422,85.966886,0.115054,2.918441,0.339196,0.100000,-0.239196
1423,85.910817,6.405071,2.918168,2.530824,2.300000,-0.230824
1424,85.852733,3.431662,2.917417,1.852475,-2.500000,-0.647525
1425,85.793265,1.348763,2.916182,1.161362,0.000000,-1.161362
1426,85.733188,0.363484,2.914555,0.602896,-0.100000,0.502896
1427,85.672976,0.052620,2.912668,0.229390,0.000000,0.229390
1428,85.612813,0.000991,2.910644,0.031487,0.000000,-0.031487
1429,85.552810,0.107530,2.908832,0.327918,-0.100000,-0.427918
1430,85.493004,0.270418,2.907157,0.520018,0.000000,-0.520018
1431,85.434939,2.633600,2.906257,1.622837,-0.100000,-1.722837
1432,85.375116,0.007629,2.904283,0.087344,-0.100000,-0.012656
1433,85.315371,0.000049,2.902255,0.007017,0.000000,0.007017
1434,85.255751,0.058055,2.900394,0.240945,0.000000,-0.240945
1435,85.196250,0.109547,2.898599,0.330979,0.100000,-0.230979
1436,85.136763,0.011756,2.896650,0.108424,-0.200000,-0.091576
1437,85.077364,0.017941,2.894722,0.133943,-0.200000,-0.333943
1438,85.018054,0.026777,2.892818,0.163637,-0.340000,-0.176363
1439,84.958915,0.153391,2.891075,0.391652,0.050000,-0.341652
1440,84.899872,0.173710,2.889352,0.416786,-0.010000,-0.426786
1441,84.840827,0.051909,2.887500,0.227836,-0.100000,-0.327836
1442,84.781868,0.057398,2.885658,0.239578,-0.070000,-0.309578
1443,84.723013,0.089956,2.883861,0.299927,0.010000,-0.289927
1444,84.664302,0.178390,2.882152,0.422363,-0.100000,-0.522363
1445,84.605798,0.359970,2.880568,0.599975,-0.010000,-0.609975
1446,84.547129,0.005509,2.878622,0.074220,-0.030000,-0.104220
1447,84.488540,0.002633,2.876663,0.051316,-0.030000,0.021316
1448,84.430032,0.003395,2.874711,0.058266,-0.090000,-0.031734