# TEST CONFIGURATION BEGIN
# File Stream: filename: mean_daily_temperature_fisher_ri.csv  -  n_targets: 1
# [mean_daily_temperature_fisher_ri_ADE_HETERO_SIZE_8] Pipeline: Array BaseStreamModel: base_models: [<skmultiflow.lazy.knn_forecast.KNNForecast object at 0x7f226dbb0da0>, <skmultiflow.lazy.knn_forecast.KNNForecast object at 0x7f226dbb0d68>, <skmultiflow.lazy.knn_forecast.KNNForecast object at 0x7f226c2963c8>, <skmultiflow.lazy.knn_forecast.KNNForecast object at 0x7f226c296390>, <skmultiflow.trees.regression_hoeffding_tree.RegressionHoeffdingTree object at 0x7f226c296358>, <skmultiflow.trees.regression_hoeffding_tree.RegressionHoeffdingTree object at 0x7f226b0c2b38>, <skmultiflow.trees.regression_hoeffding_adaptive_tree.RegressionHAT object at 0x7f226b0c2b00>, <skmultiflow.trees.regression_hoeffding_adaptive_tree.RegressionHAT object at 0x7f226b0c2ac8>]
 Array BaseStreamModel: base_models: [<skmultiflow.lazy.knn_forecast.KNNForecast object at 0x7f226dbb0da0>, <skmultiflow.lazy.knn_forecast.KNNForecast object at 0x7f226dbb0d68>, <skmultiflow.lazy.knn_forecast.KNNForecast object at 0x7f226c2963c8>, <skmultiflow.lazy.knn_forecast.KNNForecast object at 0x7f226c296390>, <skmultiflow.trees.regression_hoeffding_tree.RegressionHoeffdingTree object at 0x7f226c296358>, <skmultiflow.trees.regression_hoeffding_tree.RegressionHoeffdingTree object at 0x7f226b0c2b38>, <skmultiflow.trees.regression_hoeffding_adaptive_tree.RegressionHAT object at 0x7f226b0c2b00>, <skmultiflow.trees.regression_hoeffding_adaptive_tree.RegressionHAT object at 0x7f226b0c2ac8>]
# Prequential Evaluator: n_wait: 1 - max_samples: 600000 - max_time: 10000000 - output_file: mean_daily_temperature_fisher_ri_ADE_HETERO_SIZE_8_SIZE_8 - batch_size: 1 - pretrain_size: 5 - task_type: regression - show_plot: False - metrics: ['mean_square_error', 'mean_absolute_error', 'true_vs_predicted']
# TEST CONFIGURATION END
id,global_mse_[mean_daily_temperature_fisher_ri_ADE_HETERO_SIZE_8],sliding_mse_[mean_daily_temperature_fisher_ri_ADE_HETERO_SIZE_8],global_mae_[mean_daily_temperature_fisher_ri_ADE_HETERO_SIZE_8],sliding_mae_[mean_daily_temperature_fisher_ri_ADE_HETERO_SIZE_8],true_value_[mean_daily_temperature_fisher_ri_ADE_HETERO_SIZE_8],predicted_value_[mean_daily_temperature_fisher_ri_ADE_HETERO_SIZE_8]
5,33.142301,33.142301,5.756935,5.756935,28.500000,22.743065
6,17.844667,2.547032,3.676439,1.595942,24.250000,25.845942
7,70.555642,175.977592,6.872844,13.265655,12.250000,25.515655
8,60.699431,31.130799,6.549508,5.579498,11.250000,16.829498
9,67.402183,94.213189,7.180876,9.706348,17.500000,27.206348
10,56.260870,0.554307,6.108149,0.744518,18.000000,18.744518
11,48.656785,3.032272,5.484320,1.741342,15.500000,17.241342
12,42.731113,1.251412,4.938613,1.118665,19.500000,20.618665
13,44.323443,57.062080,5.229205,7.553945,15.000000,22.553945
14,39.922229,0.311309,4.762080,0.557950,21.000000,20.442050
15,36.309206,0.178969,4.367622,0.423047,21.000000,20.576953
16,33.299231,0.189510,4.039931,0.435328,20.000000,19.564672
17,36.300678,72.318045,4.383321,8.504002,28.000000,19.495998
18,34.670642,13.480163,4.332479,3.671534,26.500000,22.828466
19,32.374771,0.232584,4.075799,0.482270,23.500000,23.017730
20,31.496924,18.329221,4.088640,4.281264,19.250000,23.531264
21,33.111616,58.946693,4.299760,7.677675,13.500000,21.177675
22,32.105497,15.001474,4.276061,3.873174,19.000000,15.126826
23,33.791738,64.144070,4.472531,8.008999,25.500000,17.491001
24,37.992772,117.812427,4.791612,10.854143,30.000000,19.145857
25,37.765338,33.216657,4.837887,5.763389,28.000000,22.236611
26,36.919012,19.146164,4.816875,4.375633,28.500000,24.124367
27,36.485156,26.940308,4.833116,5.190405,30.000000,24.809595
28,35.290854,7.821918,4.748268,2.796769,28.000000,25.203231
29,35.329027,36.245173,4.799153,6.020396,26.500000,20.479604
30,34.546978,14.995756,4.763510,3.872435,24.500000,20.627565
31,33.358524,2.458715,4.645159,1.568029,24.250000,22.681971
32,32.174862,0.216004,4.495859,0.464763,28.000000,28.464763
33,31.090906,0.740141,4.370495,0.860314,28.250000,27.389686
34,30.055566,0.030703,4.230653,0.175224,27.000000,27.175224
35,30.016786,28.853391,4.267456,5.371535,20.750000,26.121535
36,30.114243,33.135381,4.313983,5.756334,15.500000,21.256334
37,29.202692,0.033068,4.188767,0.181845,19.500000,19.318155
38,28.350204,0.218093,4.079303,0.467005,22.000000,22.467005
39,27.914708,13.107851,4.066194,3.620477,19.000000,22.620477
40,29.462102,83.620903,4.207257,9.144447,12.250000,21.394447
41,34.665591,221.991175,4.496233,14.899368,6.000000,20.899368
42,37.094645,126.969654,4.674439,11.268081,5.500000,16.768081
43,36.841686,27.229236,4.688381,5.218164,22.000000,16.781836
44,36.710656,31.600511,4.711707,5.621433,13.500000,19.121433
45,35.854290,1.599647,4.627635,1.264772,17.500000,18.764772
46,35.664059,27.864590,4.643137,5.278692,19.500000,24.778692
47,37.213621,102.295235,4.770369,10.114111,17.000000,27.114111
48,37.995900,71.633892,4.854308,8.463681,14.250000,22.713681
49,41.574760,199.044575,5.059952,14.108316,7.000000,21.108316
50,42.029438,62.489971,5.121802,7.905060,2.750000,10.655060
51,45.751308,216.957315,5.326221,14.729471,1.750000,16.479471
52,45.186038,18.618326,5.305152,4.314896,13.000000,8.685104
53,44.265465,0.077971,5.202582,0.279233,13.500000,13.779233
54,43.639622,12.973316,5.170567,3.601849,18.500000,14.898151
55,44.167209,70.546545,5.233874,8.399199,12.750000,21.149199
56,45.661589,121.875008,5.345524,11.039701,9.250000,20.289701
57,48.839915,214.112853,5.520752,14.632596,2.000000,16.632596
58,48.570291,34.280201,5.526940,5.854930,1.000000,6.854930
59,48.218806,29.238608,5.524765,5.407274,4.250000,9.657274
60,51.859557,252.100877,5.709638,15.877685,2.750000,18.627685
61,53.167607,126.418423,5.806725,11.243595,1.500000,12.743595
62,54.274022,117.339650,5.893374,10.832343,0.250000,11.082343
63,53.416381,3.673220,5.825970,1.916565,6.250000,8.166565
64,55.322005,167.753833,5.944737,12.951982,15.500000,2.548018
65,54.415961,0.053289,5.851067,0.230843,15.500000,15.269157
66,53.632046,5.813241,5.795583,2.411066,15.500000,17.911066
67,53.684224,56.919270,5.823343,7.544486,12.500000,20.044486
68,53.751748,58.005735,5.851356,7.616150,8.500000,16.116150
69,53.121896,12.811414,5.816401,3.579304,8.500000,12.079304
70,52.323417,0.422276,5.738120,0.649828,12.000000,11.350172
71,51.565502,1.543108,5.671017,1.242219,13.000000,11.757781
72,50.821505,0.973712,5.602131,0.986769,11.750000,10.763231
73,50.086226,0.087215,5.525221,0.295322,9.500000,9.795322
74,49.900561,37.089684,5.533291,6.090130,4.000000,10.090130
75,49.424946,16.131939,5.511927,4.016459,3.000000,7.016459
76,48.967496,16.488531,5.491770,4.060607,2.000000,6.060607
77,48.354269,4.201888,5.444620,2.049851,2.000000,4.049851
78,48.525591,61.032127,5.476616,7.812306,10.750000,2.937694
79,48.032625,11.553103,5.448914,3.398986,9.500000,6.101014
80,47.532474,10.021215,5.418871,3.165630,5.000000,8.165630
81,46.921360,0.476692,5.357463,0.690429,7.500000,8.190429
82,46.437292,9.163987,5.327587,3.027208,11.500000,8.472792
83,46.268106,33.071623,5.332944,5.750793,10.500000,4.749207
84,45.689938,0.014685,5.267797,0.121183,0.750000,0.871183
85,45.302237,14.286164,5.249426,3.779704,4.250000,0.470296
86,44.977083,18.639559,5.238059,4.317356,7.500000,3.182644
87,44.722824,23.873618,5.233818,4.886064,8.500000,3.613936
88,44.633541,37.223069,5.244143,6.101071,5.000000,-1.101071
89,44.131332,1.945806,5.198858,1.394922,3.000000,1.605078
90,43.637760,1.684134,5.153496,1.297742,2.000000,3.297742
91,44.123601,85.905911,5.200795,9.268544,5.500000,14.768544
92,44.101303,42.161396,5.215482,6.493181,3.500000,9.993181
93,44.049672,39.506131,5.227503,6.285390,0.500000,6.785390
94,43.560306,0.006704,5.170329,0.081880,5.750000,5.668120
95,43.394560,28.477379,5.172155,5.336420,6.000000,0.663580
96,42.923231,0.032334,5.117890,0.179815,2.500000,2.320185
97,42.752697,27.063586,5.118797,5.202267,0.000000,5.202267
98,42.529967,21.816031,5.114031,4.670763,0.500000,5.170763
99,42.122901,3.858714,5.080877,1.964361,5.000000,6.964361
100,41.684242,0.011650,5.029075,0.107936,5.000000,5.107936
101,41.268870,1.393135,4.989397,1.180311,4.500000,3.319689
102,40.850290,0.248069,4.943567,0.498065,3.750000,4.248065
103,40.442527,0.481719,4.900643,0.694060,4.500000,5.194060
104,40.248655,21.055364,4.897523,4.588612,0.500000,5.088612
105,39.854971,0.486564,4.855939,0.697541,0.000000,0.697541
106,39.484044,2.020397,4.822267,1.421407,0.000000,1.421407
107,39.186955,8.883864,4.804386,2.980581,4.500000,1.519419
108,38.811753,0.165955,4.762107,0.407376,1.750000,1.342624
109,38.450285,0.857602,4.725574,0.926068,1.500000,0.573932
110,38.138607,5.412449,4.702941,2.326467,4.000000,1.673533
111,38.372935,63.211655,4.733292,7.950576,10.750000,2.799424
112,38.287941,29.193661,4.739494,5.403116,13.250000,7.846884
113,38.081549,15.791224,4.732470,3.973817,14.500000,10.526183
114,38.058548,35.551428,4.743652,5.962502,18.000000,12.037498
115,37.715879,0.022267,4.702261,0.149223,12.500000,12.350777
116,37.458947,8.939473,4.686972,2.989895,3.250000,6.239895
117,37.214964,9.888878,4.673323,3.144659,0.000000,3.144659
118,36.964118,8.618556,4.658081,2.935738,5.750000,2.814262
119,36.664447,2.501949,4.631330,1.581755,6.500000,4.918245
120,36.652581,35.288001,4.642615,5.940370,12.000000,6.059630
121,36.408353,8.077894,4.627227,2.842164,9.250000,6.407836
122,36.126900,3.196865,4.603165,1.787978,9.000000,10.787978
123,36.304266,57.233434,4.628057,7.565278,5.000000,12.565278
124,36.023857,2.655172,4.603069,1.629470,6.250000,7.879470
125,35.974697,30.075530,4.610350,5.484116,4.000000,9.484116
126,35.735147,6.749646,4.593855,2.598008,4.000000,6.598008
127,35.666442,27.284348,4.598974,5.223442,9.500000,4.276558
128,35.484952,13.161773,4.591143,3.627916,6.000000,2.372084
129,35.213239,1.520747,4.564279,1.233186,4.500000,3.266814
130,35.053960,15.144077,4.558940,3.891539,10.500000,6.608461
131,35.294849,65.646837,4.586840,8.102274,14.500000,6.397726
132,35.047791,3.671492,4.565975,1.916114,13.750000,11.833886
133,34.790751,1.889666,4.541236,1.374651,13.500000,12.125349
134,34.523958,0.107640,4.508827,0.328085,11.000000,10.671915
135,34.369500,14.289885,4.503265,3.780196,13.500000,9.719804
136,34.215887,14.092580,4.497589,3.754009,11.000000,7.245991
137,33.964390,0.766800,4.470357,0.875671,11.000000,10.124329
138,34.166051,60.986973,4.495275,7.809416,15.250000,7.440584
139,34.204623,39.373236,4.508457,6.274810,14.500000,8.225190
140,34.244639,39.646853,4.521605,6.296575,15.500000,9.203425
141,34.233585,32.730223,4.530360,5.721033,17.500000,11.778967
142,34.791792,111.266167,4.573968,10.548278,23.000000,12.451722
143,34.864856,44.947742,4.589294,6.704308,24.500000,17.795692
144,34.720635,14.673929,4.583875,3.830656,25.500000,21.669344
145,34.606144,18.577339,4.581934,4.310144,25.500000,21.189856
146,34.362705,0.037865,4.551037,0.194588,21.000000,20.805412
147,34.124698,0.327694,4.523215,0.572445,19.500000,18.927555
148,33.971541,12.070005,4.515930,3.474191,20.000000,16.525809
149,34.180876,64.325116,4.540098,8.020294,24.500000,16.479706
150,34.584074,93.047822,4.575071,9.646130,27.000000,17.353870
151,34.473358,18.308881,4.573056,4.278888,23.000000,18.721112
152,34.389247,22.024870,4.573867,4.693066,18.000000,22.693066
153,34.571577,61.556414,4.595826,7.845790,15.000000,22.845790
154,34.360238,2.870701,4.576483,1.694314,21.500000,19.805686
155,34.372045,36.143185,4.585989,6.011920,25.500000,19.488080
156,34.239766,14.265616,4.580666,3.776985,20.000000,16.223015
157,34.024805,1.350652,4.558323,1.162176,15.750000,14.587824
158,33.816967,2.017825,4.537948,1.420502,15.000000,16.420502
159,33.901708,46.951739,4.552878,6.852134,14.000000,20.852134
160,33.932015,38.629604,4.563534,6.215272,12.500000,18.715272
161,34.433106,112.603323,4.602056,10.611471,24.500000,13.888529
162,34.917211,110.921766,4.639587,10.531940,24.500000,13.968060
163,34.700266,0.422908,4.614497,0.650314,20.500000,19.849686
164,34.628826,23.269934,4.615806,4.823892,20.000000,24.823892
165,34.563405,24.095918,4.617626,4.908759,17.500000,22.408759
166,34.447708,15.820629,4.613674,3.977515,14.500000,18.477515
167,34.236588,0.035095,4.586519,0.187337,14.000000,14.187337
168,34.039586,1.928169,4.567019,1.388585,18.000000,16.611415
169,33.834098,0.134167,4.541560,0.366288,17.000000,17.366288
170,33.652111,3.624296,4.525670,1.903758,17.750000,15.846242
171,33.534528,14.015736,4.520988,3.743760,18.500000,14.756240
172,33.477674,23.983053,4.523228,4.897250,20.250000,15.352750
173,33.330681,8.635771,4.513851,2.938668,17.000000,19.938668
174,33.137434,0.478711,4.491369,0.691889,17.000000,16.308111
175,32.944276,0.107515,4.467022,0.327894,18.000000,18.327894
176,32.771023,3.144602,4.451360,1.773302,20.000000,18.226698
177,32.872051,50.248887,4.466605,7.088645,24.000000,16.911355
178,32.700674,3.052437,4.450976,1.747122,18.500000,20.247122
179,32.536845,4.030657,4.437014,2.007650,21.000000,18.992350
180,32.448715,17.026050,4.435248,4.126263,24.500000,20.373737
181,32.267064,0.296375,4.413266,0.544403,20.500000,19.955597
182,32.086210,0.075049,4.390011,0.273950,22.000000,21.726050
183,32.070140,29.209688,4.395679,5.404599,17.000000,22.404599
184,32.017407,22.578216,4.397657,4.751654,14.750000,19.501654
185,32.037445,35.644229,4.406346,5.970279,13.500000,19.470279
186,31.867774,1.157314,4.388046,1.075785,17.500000,18.575785
187,31.693705,0.013234,4.364696,0.115040,19.000000,18.884960
188,31.530428,1.650797,4.347958,1.284833,16.000000,17.284833
189,31.374945,2.765949,4.333445,1.663114,17.500000,15.836886
190,31.207148,0.164716,4.312329,0.405853,16.000000,16.405853
191,31.043931,0.685659,4.293696,0.828045,16.750000,17.578045
192,30.896090,3.249698,4.280446,1.802692,17.500000,15.697308
193,30.737907,0.999521,4.263088,0.999760,16.750000,17.749760
194,30.581264,0.975720,4.245850,0.987785,16.000000,16.987785
195,30.421473,0.061185,4.224915,0.247356,18.000000,17.752644
196,30.338460,14.483153,4.222732,3.805674,20.500000,16.694326
197,30.195839,2.812452,4.209542,1.677037,21.000000,19.322963
198,30.101788,11.950065,4.205662,3.456887,16.000000,19.456887
199,29.949351,0.376541,4.187241,0.613629,19.000000,18.386371
200,29.865036,13.423565,4.184571,3.663818,22.000000,18.336182
201,29.893702,35.512264,4.193579,5.959217,22.750000,16.790783
202,30.309033,112.129239,4.225880,10.589109,27.000000,16.410891
203,30.198867,8.386034,4.219196,2.895865,20.000000,22.895865
204,30.130989,16.623180,4.218486,4.077153,16.500000,20.577153
205,29.982043,0.192980,4.199684,0.439295,21.000000,21.439295
206,29.938703,21.227225,4.201702,4.607301,16.000000,20.607301
207,29.791282,0.012247,4.181549,0.110667,19.000000,18.889333
208,29.647982,0.558054,4.164713,0.747030,18.000000,18.747030
209,29.503919,0.115101,4.146053,0.339265,17.750000,17.410735
210,29.402085,8.526252,4.140101,2.919975,21.000000,18.080025
211,29.288747,5.941000,4.131875,2.437417,22.500000,20.062583
212,29.178529,6.363507,4.124138,2.522599,19.000000,16.477401
213,29.341353,63.208686,4.142446,7.950389,13.500000,21.450389
214,29.323946,25.685826,4.146854,5.068119,21.750000,16.681881
215,29.262263,16.308823,4.146340,4.038418,20.750000,16.711582
216,29.154285,6.370907,4.138687,2.524066,16.500000,13.975934
217,29.030216,2.727614,4.127011,1.651549,16.000000,14.348451
218,28.900437,1.257490,4.112966,1.121379,18.000000,19.121379
219,28.797608,6.792295,4.105958,2.606203,20.000000,17.393797
220,28.997553,71.985759,4.126228,8.484442,24.000000,15.515558
221,28.881328,3.776643,4.116169,1.943359,19.500000,17.556641
222,28.757488,1.884205,4.103584,1.372664,18.000000,19.372664
223,28.813977,41.128520,4.114130,6.413152,15.000000,21.413152
224,28.686213,0.705932,4.099249,0.840198,19.250000,18.409802
225,28.556419,0.001697,4.080886,0.041198,18.500000,18.458802
226,28.459032,6.936480,4.074368,2.633720,19.750000,17.116280
227,28.335881,0.996373,4.060573,0.998185,18.250000,17.251815
228,28.209478,0.021799,4.043105,0.147645,15.000000,14.852355
229,28.089093,1.122768,4.029845,1.059608,16.500000,17.559608
230,27.981626,3.801444,4.020641,1.949729,16.500000,18.449729
231,27.913527,12.523281,4.018518,3.538825,13.500000,17.038825
232,27.852703,14.045737,4.017331,3.747764,11.500000,15.247764
233,27.771628,9.286330,4.013095,3.047348,10.250000,13.297348
234,27.679526,6.588367,4.006807,2.566781,13.500000,10.933219
235,27.560578,0.202436,3.991409,0.449929,14.000000,13.550071
236,27.480620,9.010334,3.987143,3.001722,16.000000,12.998278
237,27.370921,1.920820,3.975979,1.385936,14.500000,13.114064
238,27.255511,0.364981,3.961569,0.604137,16.500000,15.895863
239,27.140358,0.194448,3.946588,0.440963,17.500000,17.059037
240,27.083280,13.669861,3.945532,3.697277,12.500000,16.197277
241,27.138090,40.073358,3.955594,6.330352,8.750000,15.080352
242,27.039343,3.636236,3.946986,1.906892,13.000000,11.093108
243,27.113022,44.648603,3.958430,6.681961,19.000000,12.318039
244,27.001565,0.363442,3.944448,0.602862,13.000000,13.602862
245,26.900816,2.721147,3.934926,1.649590,12.500000,14.149590
246,27.288507,120.721980,3.964068,10.987355,7.250000,18.237355
247,27.524012,84.516193,3.985587,9.193269,4.250000,13.443269
248,27.418145,1.692548,3.974585,1.300980,11.500000,10.199020
249,27.321112,3.645015,3.966155,1.909192,13.000000,11.090808
250,27.215330,1.298799,3.954665,1.139649,11.500000,10.360351
251,27.199209,23.233432,3.958169,4.820107,12.750000,7.929893
252,27.090557,0.253301,3.944238,0.503291,12.500000,11.996709
253,27.014299,8.102315,3.939829,2.846456,15.000000,12.153544
254,26.917652,2.852621,3.930826,1.688970,7.500000,9.188970
255,26.867167,14.246015,3.930202,3.774389,6.000000,9.774389
256,26.783195,5.706176,3.924085,2.388760,6.250000,8.638760
257,26.678007,0.170668,3.910208,0.413119,9.000000,8.586881
258,26.573617,0.162779,3.896402,0.403459,10.000000,9.596541
259,26.474619,1.329260,3.885643,1.152936,9.500000,10.652936
260,26.383066,3.036918,3.877272,1.742676,8.000000,9.742676
261,26.353529,18.792241,3.879053,4.335002,5.500000,9.835002
262,26.305335,13.919429,3.878479,3.730875,5.000000,8.730875
263,26.203867,0.025021,3.864115,0.158180,7.500000,7.658180
264,26.106695,0.939151,3.852980,0.969098,6.500000,7.469098
265,26.051561,11.716795,3.851333,3.422980,10.000000,6.577020
266,26.288835,88.217423,3.872482,9.392413,14.500000,5.107587
267,26.222042,8.722262,3.868987,2.953348,10.000000,12.953348
268,26.292604,44.850425,3.879699,6.697046,4.500000,11.197046
269,26.427179,61.954860,3.894762,7.871141,0.500000,8.371141
270,26.469800,37.764536,3.903222,6.145286,0.000000,6.145286
271,26.375198,1.210842,3.892725,1.100383,3.000000,4.100383
272,26.281673,1.310661,3.882471,1.144841,7.250000,6.105159
273,26.214102,8.105075,3.878622,2.846941,9.750000,6.903059
274,26.135924,5.105882,3.872625,2.259620,10.500000,8.240380
275,26.047606,2.201856,3.863811,1.483865,10.500000,11.983865
276,26.042324,24.610926,3.867844,4.960940,5.500000,10.460940
277,25.994823,13.074469,3.866921,3.615864,3.000000,6.615864
278,25.939879,10.940073,3.864880,3.307578,3.500000,6.807578
279,25.915243,19.164991,3.866745,4.377784,10.500000,6.122216
280,26.201582,104.944837,3.889852,10.244259,15.500000,5.255741
281,26.125854,5.225140,3.884061,2.285856,12.750000,10.464144
282,26.229228,54.863617,3.896734,7.406998,6.500000,13.906998
283,26.501984,102.328233,3.919024,10.115742,2.500000,12.615742
284,26.481584,20.789968,3.921312,4.559602,3.250000,7.809602
285,26.471759,23.720788,3.924690,4.870399,2.000000,6.870399
286,26.394675,4.734201,3.918488,2.175822,3.250000,5.425822
287,26.394354,26.303654,3.922764,5.128709,1.000000,6.128709
288,26.327585,7.432057,3.918551,2.726180,0.000000,2.726180
289,26.239047,1.094149,3.908472,1.046016,2.000000,0.953984
290,26.175917,8.183786,3.904808,2.860732,2.000000,-0.860732
291,26.166755,23.546463,3.908110,4.852470,3.000000,-1.852470
292,26.130250,15.653487,3.908278,3.956449,2.500000,-1.456449
293,26.158132,34.187982,3.914987,5.847049,6.000000,0.152951
294,26.136592,19.911747,3.916874,4.462258,9.000000,4.537742
295,26.095755,14.252829,3.916387,3.775292,12.000000,8.224708
296,26.014459,2.357388,3.908233,1.535379,10.500000,12.035379
297,26.172257,72.249170,3.923905,8.499951,1.750000,10.249951
298,26.116918,9.902642,3.921262,3.146846,0.000000,3.146846
299,26.028394,0.002363,3.908134,0.048613,3.500000,3.451387
300,25.963017,6.676696,3.903660,2.583930,1.500000,4.083930
301,25.902129,7.879283,3.899968,2.807006,0.500000,3.307006
302,25.864254,14.615476,3.899710,3.823019,1.000000,4.823019
303,25.783396,1.687614,3.891012,1.299082,1.250000,2.549082
304,25.698909,0.437553,3.880247,0.661478,1.250000,0.588522
305,25.684464,21.350912,3.882707,4.620705,1.000000,5.620705
306,25.600856,0.434725,3.872033,0.659337,4.000000,4.659337
307,25.518429,0.625587,3.861865,0.790941,3.000000,3.790941
308,25.459047,7.466300,3.858150,2.732453,2.500000,5.232453
309,25.394916,5.899131,3.853463,2.428813,2.250000,4.678813
310,25.324077,3.718054,3.847172,1.928226,2.500000,4.428226
311,25.247225,1.730688,3.838925,1.315556,4.500000,3.184444
312,25.198073,10.108236,3.836784,3.179345,4.000000,0.820655
313,25.142172,7.924541,3.833477,2.815056,5.250000,2.434944
314,25.099422,11.889678,3.832234,3.448141,8.000000,4.551859
315,25.137365,36.899833,3.839444,6.074523,12.000000,5.925477
316,25.076383,6.110986,3.835061,2.472041,12.500000,10.027959
317,24.998053,0.559017,3.825198,0.747674,12.250000,11.502326
318,24.926047,2.388236,3.817937,1.545392,9.250000,10.795392
319,24.877755,9.714150,3.815711,3.116753,6.500000,9.616753
320,24.852047,16.753960,3.816589,4.093160,3.500000,7.593160
321,24.842089,21.695407,3.819243,4.657833,1.000000,5.657833
322,24.764346,0.119763,3.808321,0.346068,1.000000,1.346068
323,24.978163,92.971839,3.826609,9.642191,9.500000,-0.142191
324,25.214596,100.636704,3.846000,10.031785,14.500000,4.468215
325,25.463547,105.127921,3.865960,10.253191,19.500000,9.246809
326,25.400795,5.257569,3.861075,2.292939,13.500000,15.792939
327,25.331319,2.959920,3.854448,1.720442,15.000000,13.279558
328,25.265944,4.150001,3.848839,2.037155,10.500000,12.537155
329,25.208218,6.504962,3.844844,2.550483,4.000000,6.550483
330,25.138642,2.526199,3.837925,1.589402,8.000000,6.410598
331,25.084945,7.579974,3.834608,2.753175,7.500000,10.253175
332,25.161310,50.132548,3.844504,7.080434,0.500000,7.580434
333,25.087315,0.816842,3.835566,0.903793,3.000000,2.096207
334,25.248399,78.245200,3.850748,8.845632,12.500000,3.654368
335,25.567763,130.957915,3.873687,11.443684,18.500000,7.056316
336,25.899744,135.785472,3.897118,11.652702,23.500000,11.847298
337,26.041453,73.088652,3.911088,8.549190,26.000000,17.450810
338,26.217551,84.858438,3.926958,9.211864,15.500000,24.711864
339,26.195131,18.706684,3.928147,4.325122,10.500000,14.825122
340,26.746000,211.287045,3.959717,14.535716,2.000000,16.535716
341,26.986492,107.791960,3.978775,10.382291,22.000000,11.617709
342,27.104952,67.025928,3.991225,8.186936,19.500000,11.313064
343,27.028948,1.339494,3.982866,1.157365,11.500000,12.657365
344,26.951966,0.855011,3.973871,0.924668,13.500000,14.424668
345,26.998483,42.814400,3.981406,6.543271,8.500000,15.043271
346,26.926178,2.270036,3.974170,1.506664,8.500000,10.006664
347,26.901078,18.316999,3.975061,4.279836,10.500000,6.220164
348,26.822932,0.018772,3.963904,0.137010,12.000000,11.862990
349,26.784420,13.536294,3.963079,3.679170,7.000000,10.679170
350,26.877562,59.011789,3.973827,7.681913,14.750000,7.068087
351,26.997152,68.375169,3.986205,8.268928,17.500000,9.231072
352,27.114304,67.766103,3.998405,8.232017,22.250000,14.017983
353,27.144820,37.764476,4.004557,6.145281,25.500000,19.354719
354,27.073426,2.156641,3.997311,1.468551,22.500000,23.968551
355,27.135146,48.737090,4.005812,6.981195,28.000000,21.018805
356,27.134797,27.012419,4.009197,5.197347,27.000000,21.802653
357,27.078960,7.424506,4.005559,2.724795,24.000000,21.275205
358,27.027519,8.868901,4.002656,2.978070,23.750000,20.771930
359,26.965995,5.186246,3.997796,2.277333,24.000000,21.722667
360,26.945196,19.561615,3.998990,4.422851,27.000000,22.577149
361,26.876032,2.253488,3.991993,1.501162,22.000000,23.501162
362,26.835852,12.491747,3.990715,3.534367,18.000000,21.534367
363,26.775834,5.289326,3.986005,2.299853,16.000000,18.299853
364,26.708497,2.534644,3.979355,1.592057,18.500000,16.907943
365,26.707926,26.502485,3.982593,5.148056,24.000000,18.851944
366,26.927111,106.052618,4.000039,10.298185,26.500000,16.201815
367,27.040187,67.973886,4.011732,8.244628,31.000000,22.755372
368,26.974963,3.298433,4.005700,1.816159,31.500000,29.683841
369,26.926100,9.140058,4.003009,3.023253,27.000000,30.023253
370,27.029609,64.810420,4.014067,8.050492,16.500000,24.550492
371,27.279842,118.865028,4.032837,10.902524,8.500000,19.402524
372,27.230311,9.052622,4.030054,3.008758,10.500000,13.508758
373,27.308483,56.075808,4.039426,7.488378,19.500000,12.011622
374,27.256493,8.072259,4.036188,2.841172,17.750000,14.908828
375,27.197697,5.443084,4.031597,2.333042,18.000000,15.666958
376,27.155730,11.585761,4.029909,3.403786,14.500000,17.903786
377,27.086196,1.219725,4.022066,1.104412,14.500000,15.604412
378,27.115558,38.067533,4.027809,6.169889,21.500000,15.330111
379,27.177163,50.217378,4.035965,7.086422,8.000000,15.086422
380,27.134400,11.098320,4.034092,3.331414,11.250000,7.918586
381,27.165420,38.828940,4.039920,6.231287,18.500000,12.268713
382,27.370510,104.689358,4.056300,10.231782,22.750000,12.518218
383,27.302256,1.502400,4.048832,1.225724,17.500000,16.274276
384,27.315258,32.242921,4.053120,5.678285,11.500000,17.178285
385,27.554270,118.378758,4.071039,10.880200,3.000000,13.880200
386,27.485595,1.320450,4.063390,1.149108,4.000000,5.149108
387,27.474641,23.290261,4.065381,4.825998,1.000000,5.825998
388,27.459598,21.698066,4.066924,4.658118,2.500000,7.158118
389,28.096537,272.681299,4.099252,16.513064,24.250000,7.736936
390,28.816672,306.068487,4.133956,17.494813,32.500000,15.005187
391,29.061474,123.555128,4.151996,11.115535,32.500000,21.384465
392,29.021361,13.497752,4.150764,3.673929,32.500000,28.826071
393,28.993642,18.238717,4.151072,4.270681,28.500000,32.770681
394,28.944588,9.862294,4.148481,3.140429,21.500000,24.640429
395,28.892927,8.745429,4.145434,2.957267,13.500000,16.457267
396,28.847058,10.912237,4.143286,3.303368,15.000000,18.303368
397,28.781141,2.941560,4.137107,1.715098,20.000000,18.284902
398,28.708173,0.031687,4.127059,0.178008,19.500000,19.678008
399,28.831871,77.568814,4.138908,8.807316,9.500000,18.307316
400,28.836911,30.827979,4.142477,5.552295,7.250000,12.802295
401,28.787239,9.116852,4.139648,3.019413,7.500000,10.519413
402,28.810849,38.184079,4.144773,6.179327,7.500000,13.679327
403,28.944881,82.289661,4.157120,9.071365,20.500000,11.428635
404,29.632832,304.125169,4.190325,17.439185,31.000000,13.560815
405,29.581925,9.219106,4.187447,3.036298,27.750000,24.713702
406,29.549662,16.612319,4.187170,4.075821,27.000000,22.924179
407,29.490914,5.874118,4.182794,2.423658,24.000000,26.423658
408,29.530513,45.489183,4.189135,6.744567,14.000000,20.744567
409,29.502790,18.302371,4.189354,4.278127,16.250000,11.971873
410,29.432007,0.764911,4.181190,0.874592,18.500000,17.625408
411,29.419719,24.430769,4.183061,4.942749,23.000000,18.057251
412,29.379920,13.182067,4.181707,3.630712,13.500000,17.130712
413,29.478269,69.604550,4.191881,8.342934,6.000000,14.342934
414,29.510660,42.758513,4.197606,6.538999,14.000000,7.461001
415,29.489826,20.947828,4.198529,4.576880,19.750000,15.173120
416,29.483474,26.873031,4.200921,5.183920,18.000000,12.816080
417,29.514182,42.165794,4.206472,6.493519,19.000000,12.506481
418,29.849183,168.204553,4.227638,12.969370,29.000000,16.030630
419,29.840299,26.162392,4.229776,5.114919,29.000000,23.885081
420,29.807150,16.050397,4.229239,4.006295,26.000000,21.993705
421,29.736765,0.456611,4.220717,0.675730,21.750000,22.425730
422,29.668384,1.153451,4.213189,1.073988,19.250000,20.323988
423,29.623208,10.739636,4.210955,3.277138,16.500000,19.777138
424,29.815564,110.412713,4.225948,10.507745,9.750000,20.257745
425,29.974792,96.850282,4.239286,9.841254,4.500000,14.341254
426,29.909693,2.503003,4.232989,1.582088,6.000000,7.582088
427,29.956505,49.711137,4.239650,7.050612,1.000000,8.050612
428,29.890201,1.843755,4.232853,1.357849,6.500000,7.857849
429,29.820444,0.243585,4.224055,0.493543,7.250000,6.756457
430,29.751923,0.630514,4.216003,0.794049,8.500000,7.705951
431,30.012840,141.163600,4.233955,11.881229,17.000000,5.118771
432,29.960664,7.681528,4.230538,2.771557,19.500000,16.728443
433,29.918091,11.696560,4.228649,3.420023,20.000000,16.579977
434,29.910560,26.679861,4.230827,5.165255,21.000000,15.834745
435,29.843616,1.057511,4.223396,1.028353,20.250000,19.221647
436,29.774833,0.129721,4.214454,0.360169,18.000000,17.639831
437,29.708670,1.125877,4.207171,1.061073,16.000000,14.938927
438,29.648731,3.695293,4.201906,1.922315,15.500000,17.422315
439,29.650467,30.403837,4.204923,5.513967,9.500000,15.013967
440,29.592567,4.406256,4.200093,2.099108,8.000000,10.099108
441,29.609400,36.948392,4.204391,6.078519,3.500000,9.578519
442,29.589751,21.003055,4.205255,4.582909,2.250000,6.832909
443,29.541872,8.570835,4.202345,2.927599,2.750000,5.677599
444,29.474758,0.011881,4.193042,0.109000,6.500000,6.391000
445,29.415716,3.437287,4.187738,1.853992,6.500000,8.353992
446,29.349310,0.064052,4.178836,0.253085,6.500000,6.753085
447,29.283892,0.369521,4.170775,0.607883,6.000000,6.607883
448,29.222371,1.968318,4.164541,1.402967,6.000000,7.402967
449,29.204091,21.088017,4.165502,4.592169,1.000000,5.592169
450,29.139178,0.252773,4.157290,0.502765,1.750000,2.252765
451,29.081540,3.374954,4.152099,1.837105,0.500000,2.337105
452,29.017655,0.460986,4.144347,0.678959,2.500000,1.821041
453,28.955634,1.170074,4.137526,1.081699,1.500000,2.581699
454,28.891288,0.000141,4.128358,0.011878,2.500000,2.488122
455,28.835752,3.844463,4.123552,1.960730,4.500000,2.539270
456,28.772303,0.156830,4.115305,0.396018,9.000000,8.603982
457,28.726374,7.966591,4.112451,2.822515,8.000000,10.822515
458,28.730847,30.756968,4.115608,5.545896,3.000000,8.545896
459,28.675112,3.371359,4.110598,1.836126,5.000000,6.836126
460,28.660031,21.798242,4.111823,4.668859,3.500000,8.168859
461,28.623219,11.836840,4.110354,3.440471,2.500000,5.940471
462,28.580643,9.123386,4.107974,3.020494,1.000000,4.020494
463,28.527886,4.365182,4.103576,2.089302,5.500000,3.410698
464,28.475375,4.373172,4.099201,2.091213,2.500000,4.591213
465,28.415312,0.786372,4.092233,0.886776,2.500000,1.613224
466,28.364860,5.106449,4.088267,2.259745,0.500000,2.759745
467,28.310774,3.322832,4.083374,1.822864,1.000000,2.822864
468,28.258712,4.153851,4.078966,2.038100,5.000000,2.961900
469,28.299067,47.023982,4.084941,6.857403,9.000000,2.142597
470,28.271265,15.343202,4.084581,3.917040,9.750000,5.832960
471,28.262081,23.982347,4.086321,4.897177,14.500000,9.602823
472,28.369858,78.701765,4.096545,8.871402,6.000000,14.871402
473,28.309541,0.081288,4.088418,0.285111,4.500000,4.785111
474,28.342726,43.906563,4.093818,6.626203,1.000000,7.626203
475,28.298998,7.746962,4.091036,2.783337,1.500000,4.283337
476,28.243169,1.947637,4.085325,1.395577,2.250000,3.645577
477,28.190382,3.274929,4.080514,1.809676,5.000000,6.809676
478,28.139252,3.954786,4.076101,1.988664,5.000000,6.988664
479,28.102304,10.588568,4.074370,3.254008,6.750000,3.495992
480,28.057051,6.562138,4.071192,2.561667,8.000000,5.438333
481,28.002472,2.022941,4.065639,1.422301,7.500000,6.077699
482,27.977452,16.042842,4.065513,4.005352,8.500000,4.494648
483,27.919376,0.158823,4.057857,0.398526,5.000000,5.398526
484,27.885057,11.446370,4.056452,3.383248,1.500000,4.883248
485,28.260927,208.678486,4.078051,14.445708,15.500000,1.054292
486,28.204556,1.090185,4.071756,1.044119,11.750000,10.705881
487,28.153066,3.335153,4.067107,1.826240,10.000000,11.826240
488,28.095368,0.227191,4.059689,0.476646,12.000000,11.523354
489,28.149119,54.164646,4.066493,7.359663,19.000000,11.640337
490,28.163162,34.973945,4.070294,5.913877,21.500000,15.586123
491,28.133633,13.782397,4.069560,3.712465,18.000000,14.287535
492,28.078629,1.291513,4.063549,1.136448,16.500000,17.636448
493,28.021352,0.070138,4.055781,0.264837,17.750000,18.014837
494,27.970786,3.244064,4.051179,1.801129,19.250000,17.448871
495,27.952425,18.955633,4.051796,4.353807,21.000000,16.646193
496,27.895611,0.000013,4.043568,0.003553,18.500000,18.503553
497,27.867436,14.005513,4.042957,3.742394,14.000000,17.742394
498,27.870191,29.228010,4.045717,5.406294,10.500000,15.906294
499,27.842400,14.113754,4.045133,3.756828,14.500000,10.743172
500,27.806322,9.948013,4.043336,3.154047,10.000000,13.154047
501,27.750466,0.045886,4.035632,0.214209,9.750000,9.535791
502,27.696221,0.736006,4.029251,0.857908,9.500000,10.357908
503,27.722202,40.660727,4.033955,6.376576,6.000000,12.376576
504,27.666829,0.036103,4.026267,0.190008,7.500000,7.690008
505,27.650322,19.396441,4.027021,4.404139,12.000000,7.595861
506,27.601547,3.165429,4.022544,1.779165,6.500000,8.279165
507,27.555462,4.420760,4.018726,2.102560,5.750000,7.852560
508,27.538681,19.097845,4.019424,4.370108,13.000000,8.629892
509,27.495395,5.679456,4.016184,2.383161,12.000000,9.616839
510,27.548397,54.314338,4.022811,7.369826,14.000000,6.630174
511,27.497269,1.626644,4.017392,1.275399,10.000000,8.724601
512,27.443771,0.320071,4.010598,0.565749,10.500000,9.934251
513,27.393400,1.805107,4.005358,1.343543,5.500000,6.843543
514,27.574101,119.550582,4.018943,10.933919,14.000000,3.066081
515,27.526852,3.430055,4.014703,1.852041,10.500000,8.647959
516,27.480622,3.856953,4.010697,1.963913,10.750000,8.786087
517,27.443829,8.606164,4.008598,2.933626,8.500000,11.433626
518,27.402562,6.232429,4.005656,2.496483,10.500000,12.996483
519,27.398084,25.096570,4.007606,5.009648,14.000000,8.990352
520,27.431307,44.540767,4.012773,6.673887,16.500000,9.826113
521,27.378618,0.191134,4.005857,0.437189,13.000000,13.437189
522,27.331106,2.767635,4.001335,1.663621,12.250000,13.913621
523,27.282221,1.959436,3.996322,1.399799,12.500000,13.899799
524,27.235402,2.936512,3.991933,1.713625,15.000000,13.286375
525,27.214490,16.340343,3.992029,4.042319,18.500000,14.457681
526,27.171580,4.815397,3.988586,2.194401,19.750000,17.555599
527,27.119650,0.012059,3.981169,0.109815,17.500000,17.609815
528,27.073754,3.070065,3.976915,1.752160,18.750000,16.997840
529,27.059108,19.384751,3.977727,4.402812,22.000000,17.597188
530,27.009865,1.157189,3.972209,1.075727,17.500000,18.575727
531,26.958690,0.040588,3.965054,0.201464,17.500000,17.701464
532,26.937661,15.855845,3.965086,3.981940,14.500000,18.481940
533,26.890530,2.004970,3.960268,1.415969,15.500000,14.084031
534,26.855965,8.571173,3.958319,2.927657,17.500000,14.572343
535,26.808819,1.821412,3.953406,1.349597,15.000000,16.349597
536,26.758517,0.048348,3.946389,0.219881,15.500000,15.719881
537,26.708608,0.156901,3.939728,0.396108,14.750000,15.146108
538,26.680017,11.440972,3.938684,3.382451,18.500000,15.117549
539,26.639119,4.799861,3.935417,2.190858,20.000000,17.809142
540,26.640988,27.640886,3.937884,5.257460,24.000000,18.742540
541,26.593071,0.909574,3.932326,0.953716,22.000000,21.046284
542,26.544582,0.505645,3.926339,0.711087,22.000000,21.288913
543,26.497531,1.184120,3.921073,1.088173,22.000000,20.911827
544,26.450399,1.046482,3.915707,1.022977,20.500000,19.477023
545,26.414645,7.107298,3.913396,2.665952,17.000000,19.665952
546,26.369821,2.120302,3.908863,1.456126,18.500000,17.043874
547,26.334692,7.294534,3.906638,2.700839,20.250000,17.549161
548,26.289391,1.690862,3.901847,1.300332,18.000000,19.300332
549,26.241163,0.005274,3.894821,0.072625,18.000000,17.927375
550,26.193149,0.025742,3.887981,0.160442,19.500000,19.339558
551,26.149525,2.330689,3.883665,1.526659,18.250000,19.776659
552,26.108066,3.430073,3.879957,1.852046,18.000000,19.852046
553,26.064997,2.463183,3.875749,1.569453,18.500000,20.069453
554,26.019614,1.104128,3.870612,1.050775,18.500000,19.550775
555,25.972595,0.112195,3.864196,0.334956,19.750000,20.084956
556,25.932939,4.082213,3.860855,2.020449,21.750000,19.729551
557,25.886044,0.000543,3.853916,0.023292,20.000000,19.976708
558,25.841460,1.186450,3.848925,1.089243,20.500000,19.410757
559,25.831267,20.183991,3.850085,4.492660,24.500000,20.007340
560,25.791811,3.893962,3.846710,1.973313,24.500000,22.526687
561,25.751001,3.060304,3.842944,1.749372,24.500000,22.750628
562,25.711282,3.588010,3.839452,1.894204,25.500000,23.605796
563,25.684087,10.509082,3.838383,3.241771,26.500000,23.258229
564,25.653912,8.786257,3.836822,2.964162,26.000000,23.035838
565,25.616501,4.666624,3.833833,2.160237,24.000000,21.839763
566,25.677230,59.746109,3.840765,7.729561,16.500000,24.229561
567,25.636909,2.976106,3.837007,1.725140,16.750000,15.024860
568,25.594491,1.713265,3.832525,1.308917,16.750000,18.058917
569,25.549250,0.033269,3.826065,0.182397,19.000000,18.817603
570,25.504142,0.018305,3.819544,0.135296,19.000000,18.864704
571,25.500240,23.291628,3.821319,4.826140,23.500000,18.673860
572,25.498267,24.379486,3.823284,4.937559,25.000000,20.062441
573,25.456325,1.633252,3.818811,1.277988,24.000000,22.722012
574,25.426348,8.369549,3.817187,2.893017,19.500000,22.393017
575,25.431027,28.097963,3.819785,5.300751,15.000000,20.300751
576,25.411573,14.303792,3.819719,3.782035,14.000000,17.782035
577,25.368793,0.898234,3.814707,0.947752,16.500000,17.447752
578,25.325106,0.292698,3.809003,0.541016,18.500000,19.041016
579,25.286319,3.022241,3.805403,1.738459,20.500000,18.761541
580,25.245551,1.804007,3.801128,1.343133,21.000000,19.656867
581,25.204965,1.827783,3.796883,1.351955,21.750000,20.398045
582,25.162994,0.945532,3.791996,0.972385,20.500000,19.527615
583,25.145764,15.186746,3.792178,3.897018,14.000000,17.897018
584,25.131551,16.902076,3.792728,4.111213,13.000000,17.111213
585,25.104865,9.627419,3.791540,3.102808,12.750000,15.852808
586,25.068952,4.203081,3.788548,2.050142,14.500000,16.550142
587,25.027546,0.929386,3.783704,0.964047,16.750000,17.714047
588,24.987362,1.560421,3.779364,1.249168,18.500000,17.250832
589,24.952164,4.396237,3.776487,2.096721,16.000000,18.096721
590,24.999568,52.731096,3.782435,7.261618,11.000000,18.261618
591,24.980982,14.089710,3.782386,3.753626,12.000000,15.753626
592,24.942182,2.166425,3.778456,1.471878,16.000000,14.528122
593,24.976196,44.976171,3.783427,6.706428,21.000000,14.293572
594,24.969099,20.789302,3.784743,4.559529,21.500000,16.940471
595,24.933454,3.902768,3.781681,1.975542,21.000000,19.024458
596,24.898358,4.156707,3.778737,2.038800,19.000000,21.038800
597,24.860331,2.348459,3.774949,1.532468,17.500000,19.032468
598,24.844767,15.615018,3.775247,3.951584,13.500000,17.451584
599,24.817779,8.787120,3.773884,2.964308,12.500000,15.464308
600,24.778208,1.233284,3.769415,1.110533,11.500000,12.610533
601,24.736890,0.111527,3.763661,0.333957,11.500000,11.166043
602,24.695546,0.012924,3.757557,0.113682,12.000000,11.886318
603,24.654322,0.002388,3.751365,0.048866,14.000000,13.951134
604,24.615108,1.126179,3.746882,1.061216,16.000000,14.938784
605,24.575048,0.538692,3.741869,0.733957,17.000000,16.266043
606,24.534731,0.304549,3.736570,0.551860,17.250000,16.698140
607,24.495828,1.076131,3.732093,1.037367,16.750000,15.712633
608,24.456156,0.533629,3.727124,0.730499,15.250000,14.519501
609,24.439935,14.643010,3.727288,3.826619,13.500000,17.326619
610,24.490738,55.226294,3.733401,7.431440,9.000000,16.431440
611,24.479283,17.537261,3.734149,4.187751,5.500000,9.687751
612,24.439218,0.119955,3.728577,0.346346,7.500000,7.153654
613,24.417667,11.314973,3.727978,3.363774,7.000000,10.363774
614,24.377730,0.056159,3.722255,0.236979,10.500000,10.736979
615,24.338343,0.311820,3.717077,0.558408,12.500000,11.941592
616,24.313252,8.982821,3.715901,2.997135,15.000000,12.002865
617,24.291355,10.890676,3.715222,3.300102,11.500000,14.800102
618,24.252339,0.334936,3.710114,0.578736,11.500000,12.078736
619,24.217847,3.039900,3.706916,1.743531,12.750000,14.493531
620,24.181931,2.094012,3.703248,1.447070,11.250000,12.697070
621,24.164630,13.506996,3.703202,3.675187,10.500000,14.175187
622,24.174194,30.074990,3.706084,5.484067,7.250000,12.734067
623,24.163368,17.473225,3.706850,4.180099,3.250000,7.430099
624,24.124460,0.040058,3.701194,0.200144,4.000000,4.200144
625,24.095653,6.235374,3.699255,2.497073,7.000000,4.502927
626,24.060945,2.507663,3.695853,1.583560,6.000000,7.583560
627,24.043569,13.235308,3.695761,3.638036,5.000000,8.638036
628,24.010054,3.130074,3.692673,1.769202,10.000000,8.230798
629,23.976904,3.291290,3.689668,1.814191,11.000000,9.185809
630,23.957902,12.082120,3.689326,3.475934,6.500000,9.975934
631,23.936853,10.760024,3.688674,3.280248,9.500000,6.219752
632,23.973376,46.873385,3.693702,6.846414,3.250000,10.096414
633,23.962847,17.350248,3.694452,4.165363,0.500000,4.665363
634,23.946026,13.365587,3.694391,3.655898,0.500000,4.155898
635,23.913686,3.539967,3.691518,1.881480,3.000000,4.881480
636,23.875881,0.020460,3.685903,0.143038,3.500000,3.643038
637,23.838167,0.003173,3.680169,0.056330,3.500000,3.443670
638,23.819091,11.743810,3.679769,3.426924,0.250000,3.676924
639,23.793858,7.796490,3.678372,2.792220,0.750000,3.542220
640,23.763335,4.380854,3.675879,2.093049,6.500000,4.406951
641,23.759457,21.293424,3.677353,4.614480,8.000000,3.385520
642,23.726902,2.989339,3.674299,1.728971,8.750000,7.021029
643,23.692750,1.903854,3.670708,1.379802,8.500000,9.879802
644,23.775721,76.794097,3.678665,8.763224,1.250000,10.013224
645,23.757275,11.951775,3.678319,3.457134,1.000000,4.457134
646,23.727319,4.525630,3.675904,2.127353,2.250000,4.377353
647,23.748925,37.619840,3.679726,6.133501,0.000000,6.133501
648,23.714238,1.410381,3.675856,1.187595,0.500000,1.687595
649,23.684621,4.611299,3.673486,2.147394,0.500000,2.647394
650,23.648102,0.093329,3.668273,0.305498,3.500000,3.194502
651,23.623205,7.539770,3.666847,2.745864,4.750000,2.004136
652,23.586823,0.047944,3.661526,0.218961,4.500000,4.718961
653,23.612627,40.333355,3.665670,6.350855,11.500000,5.149145
654,23.579462,2.055595,3.662236,1.433735,9.000000,10.433735
655,23.543247,0.002997,3.656695,0.054744,9.250000,9.304744
656,23.521600,9.429473,3.655796,3.070745,12.000000,8.929255
657,23.488302,1.778112,3.652240,1.333459,7.750000,9.083459
658,23.455218,1.851776,3.648736,1.360800,8.000000,6.639200
659,23.448037,18.751064,3.649776,4.330250,2.000000,6.330250
660,23.415151,1.875041,3.646300,1.369321,0.500000,1.869321
661,23.385021,3.619622,3.643646,1.902531,3.500000,1.597469
662,23.349481,0.000177,3.638129,0.013298,4.500000,4.486702
663,23.316342,1.510885,3.634473,1.229180,6.250000,5.020820
664,23.511883,152.373238,3.647669,12.343956,16.500000,4.156044
665,23.583621,70.930734,3.654892,8.422039,6.500000,14.922039
666,23.561990,9.263629,3.653969,3.043621,3.750000,6.793621
667,23.538140,7.749737,3.652657,2.783835,3.750000,6.533835
668,23.507920,3.471680,3.649962,1.863244,3.500000,5.363244
669,23.483030,6.956098,3.648439,2.637442,2.000000,4.637442
670,23.453371,3.730264,3.645861,1.931389,3.000000,4.931389
671,23.429251,7.365476,3.644464,2.713941,4.000000,6.713941
672,23.397438,2.178037,3.641217,1.475817,3.000000,4.475817
673,23.377746,10.223575,3.640554,3.197433,5.000000,1.802567
674,23.367298,16.377261,3.641160,4.046883,7.250000,3.203117
675,23.339186,4.504533,3.638897,2.122388,5.000000,7.122388
676,23.310502,4.063355,3.636482,2.015777,9.000000,6.984223
677,23.378713,69.216911,3.643440,8.319670,16.500000,8.180330
678,23.382424,25.879913,3.645582,5.087230,21.000000,15.912770
679,23.349196,0.953111,3.641628,0.976274,19.250000,18.273726
680,23.388129,49.668296,3.646666,7.047574,13.500000,20.547574
681,23.771638,283.023127,3.666129,16.823291,1.000000,17.823291
682,23.741038,3.025082,3.663287,1.739276,4.500000,6.239276
683,23.721725,10.627913,3.662694,3.260048,11.500000,8.239952
684,23.705662,12.798890,3.662568,3.577554,13.500000,9.922446
685,23.800853,88.530638,3.671007,9.409072,19.500000,10.090928
686,23.768269,1.578289,3.667466,1.256300,16.000000,14.743700
687,23.733517,0.032633,3.662361,0.180645,15.000000,14.819355
688,23.733035,23.404101,3.664079,4.837778,17.000000,12.162222
689,23.849011,103.176110,3.673559,10.157564,22.250000,12.092436
690,23.823183,6.131310,3.671813,2.476148,17.000000,19.476148
691,23.806228,12.174954,3.671548,3.489263,14.000000,17.489263
692,24.082291,213.737553,3.687461,14.619766,2.500000,17.119766
693,24.047441,0.070932,3.682495,0.266330,7.500000,7.233670
694,24.095533,57.230815,3.688122,7.565105,14.500000,6.934895
695,24.070908,7.079547,3.686636,2.660742,13.500000,10.839258
696,24.074857,26.803406,3.688790,5.177201,7.000000,12.177201
697,24.042067,1.351974,3.685145,1.162744,9.000000,10.162744
698,24.348315,236.577745,3.701997,15.381084,23.000000,7.618916
699,24.357076,30.437544,3.704609,5.517023,20.500000,14.982977
700,24.328763,4.651277,3.702385,2.156682,18.000000,15.843318
701,24.294389,0.369877,3.697946,0.608175,18.500000,17.891825
702,24.299389,27.784112,3.700199,5.271064,24.250000,18.978936
703,24.404996,98.118846,3.709077,9.905496,29.000000,19.094504
704,24.554777,129.251829,3.720019,11.368897,30.000000,18.631103
705,24.585362,45.994473,3.724387,6.781922,31.500000,24.718078
706,24.550506,0.116446,3.719568,0.341241,29.250000,29.591241
707,24.516632,0.737709,3.715499,0.858900,26.000000,26.858900
708,24.487460,3.979432,3.713055,1.994851,22.500000,24.494851
709,24.497498,31.563750,3.715757,5.618162,28.500000,22.881838
710,24.533790,50.120039,3.720522,7.079551,32.500000,25.420449
711,24.538670,27.984054,3.722741,5.289996,33.500000,28.210004
712,24.540504,25.836612,3.724663,5.082973,35.000000,29.917027
713,24.506054,0.116026,3.719890,0.340626,33.000000,33.340626
714,24.481933,7.379575,3.718477,2.716537,29.000000,31.716537
715,24.514128,47.373143,3.722927,6.882815,21.500000,28.382815
716,24.650324,121.485249,3.733179,11.022035,13.000000,24.022035
717,24.658273,30.318220,3.735665,5.506198,20.500000,14.993802
718,24.623885,0.104847,3.730887,0.323801,20.000000,20.323801
719,24.619326,21.364815,3.732133,4.622209,16.500000,21.122209
720,24.591650,4.803224,3.729982,2.191626,20.250000,18.058374
721,24.561069,2.664602,3.727056,1.632361,22.000000,20.367639
722,24.551260,17.518334,3.727695,4.185491,14.750000,18.935491
723,24.517731,0.443884,3.723437,0.666246,14.750000,14.083754
724,24.492887,6.629896,3.721842,2.574858,14.000000,11.425142
725,24.495454,26.343948,3.723798,5.132636,10.000000,15.132636
726,24.501747,29.039388,3.726104,5.388821,17.000000,11.611179
727,24.618322,108.785463,3.735377,10.430027,24.500000,14.069973
728,24.602821,13.395569,3.735273,3.659996,24.000000,20.340004
729,24.631891,45.678305,3.739443,6.758573,15.500000,22.258573
730,24.679606,59.272655,3.744897,7.698874,10.500000,18.198874
731,24.693486,34.770690,3.747856,5.896668,10.000000,15.896668
732,24.663390,2.783348,3.745000,1.668337,9.000000,10.668337
733,24.674496,32.759981,3.747714,5.723634,6.000000,11.723634
734,24.646711,4.391398,3.745451,2.095566,8.500000,6.404434
735,24.704458,66.859805,3.751513,8.176784,16.750000,8.573216
736,24.690611,14.568506,3.751602,3.816871,16.000000,12.183129
737,24.658008,0.792184,3.747698,0.890047,12.000000,12.890047
738,24.625841,1.047839,3.743987,1.023640,11.500000,12.523640
739,24.601236,6.541321,3.742373,2.557601,10.000000,12.557601
740,24.569990,1.604022,3.739009,1.266500,11.000000,9.733500
741,24.596812,44.338020,3.742970,6.658680,18.000000,11.341320
742,24.597057,24.777222,3.744643,4.977672,18.500000,13.522328
743,24.566792,2.231254,3.741598,1.493738,16.500000,15.006262
744,24.597842,47.543908,3.745859,6.895209,9.500000,16.395209
745,24.567560,2.158684,3.742787,1.469246,11.000000,12.469246
746,24.542919,6.284097,3.741121,2.506810,11.500000,14.006810
747,24.510535,0.481822,3.737020,0.694134,11.500000,12.194134
748,24.481331,2.782315,3.734239,1.668027,8.000000,9.668027
749,24.455153,4.978881,3.732222,2.231341,10.500000,8.268659
750,24.520107,72.910524,3.738665,8.538766,16.500000,7.961234
751,24.764377,206.990309,3.752920,14.387158,27.500000,13.112842
752,24.734434,2.366764,3.749960,1.538429,23.500000,21.961571
753,24.805040,77.618794,3.756716,8.810153,30.500000,21.689847
754,24.774376,1.806293,3.753499,1.343984,29.250000,27.906016
755,24.835634,70.779612,3.759703,8.413062,32.000000,23.586938
756,24.850920,36.330629,3.762719,6.027489,29.000000,22.972511
757,24.878804,45.847217,3.766714,6.771057,17.250000,24.021057
758,24.902097,42.442326,3.770358,6.514778,12.000000,18.514778
759,24.883780,11.072858,3.769772,3.327590,11.000000,14.327590
760,24.895135,33.468053,3.772438,5.785158,6.250000,12.035158
761,24.871173,6.755835,3.770888,2.599199,6.000000,8.599199
762,24.861072,17.214585,3.771387,4.149046,11.500000,7.350954
763,24.829078,0.577210,3.767419,0.759744,13.500000,12.740256
764,24.920978,94.673083,3.775265,9.730009,23.000000,13.269991
765,24.891927,2.813284,3.772508,1.677285,16.000000,17.677285
766,24.881089,16.633121,3.772909,4.078372,12.000000,16.078372
767,25.042988,148.410192,3.783931,12.182372,26.000000,13.817628
768,25.063997,41.093818,3.787368,6.410446,26.250000,19.839554
769,25.058417,20.795787,3.788379,4.560240,25.000000,20.439760
770,25.095191,53.227383,3.792958,7.295710,28.500000,21.204290
771,25.070130,5.872836,3.791172,2.423393,25.000000,27.423393
772,25.043922,4.942884,3.789130,2.223260,23.000000,20.776740
773,25.011698,0.263683,3.784871,0.513500,17.000000,17.513500
774,25.044857,50.543724,3.789188,7.109411,9.250000,16.359411
775,25.097866,65.915068,3.794804,8.118810,4.000000,12.118810
776,25.103741,29.633462,3.796940,5.443663,15.500000,10.056337
777,25.126043,42.343143,3.800446,6.507161,20.000000,13.492839
778,25.241230,114.280908,3.809347,10.690225,27.000000,16.309775
779,25.210050,1.076594,3.805771,1.037590,20.000000,21.037590
780,25.290983,88.013983,3.812956,9.381577,14.000000,23.381577
781,25.261786,2.604819,3.810126,1.613945,14.500000,16.113945
782,25.324004,73.667008,3.816261,8.582949,5.000000,13.582949
783,25.302385,8.483480,3.815101,2.912641,5.000000,7.912641
784,25.318836,38.134104,3.818127,6.175282,12.000000,5.824718
785,25.304708,14.284685,3.818077,3.779509,15.500000,11.720491
786,25.303515,24.371838,3.819508,4.936784,18.250000,13.313216
787,25.278461,5.686471,3.817675,2.384632,16.250000,13.865368
788,25.246343,0.097742,3.813205,0.312637,13.500000,13.812637
789,25.227277,10.279150,3.812431,3.206111,5.000000,8.206111
790,25.305152,86.436903,3.819409,9.297145,0.500000,9.797145
791,25.303109,23.697738,3.820742,4.868032,2.500000,7.368032
792,25.283894,10.161496,3.819938,3.187710,2.500000,5.687710
793,25.262738,8.591614,3.818812,2.931145,1.500000,4.431145
794,25.232587,1.443785,3.815499,1.201576,3.500000,4.701576
795,25.241063,31.937208,3.817820,5.651301,1.000000,6.651301
796,25.210236,0.826029,3.814147,0.908861,0.000000,0.908861
797,25.181842,2.693412,3.811407,1.641162,0.500000,2.141162
798,25.162118,9.521100,3.810493,3.085628,5.000000,1.914372
799,25.130467,0.000111,3.805713,0.010514,5.000000,5.010514
800,25.125087,20.847744,3.806668,4.565933,9.000000,4.434067
801,25.103775,8.139267,3.805471,2.852940,6.000000,8.852940
802,25.074634,1.849489,3.802407,1.359959,7.500000,6.140041
803,25.046904,2.917812,3.799785,1.708160,7.500000,5.791840
804,25.100176,67.665218,3.805318,8.225887,13.500000,5.274113
805,25.068847,0.005096,3.800657,0.071383,13.000000,13.071383
806,25.037642,0.043004,3.796176,0.207373,12.000000,12.207373
807,25.006467,0.003988,3.791527,0.063148,10.500000,10.563148
808,24.984205,7.107560,3.790127,2.666001,13.500000,10.833999
809,24.956026,2.300470,3.787303,1.516730,11.500000,13.016730
810,24.931057,4.830550,3.785331,2.197851,9.250000,11.447851
811,25.000035,80.596522,3.791765,8.977557,2.250000,11.227557
812,24.969236,0.114124,3.787491,0.337823,3.500000,3.162177
813,24.939018,0.522888,3.783703,0.723110,3.000000,3.723110
814,24.919200,8.886735,3.782712,2.981063,7.000000,4.018937
815,24.893037,3.701211,3.780420,1.923853,4.250000,6.173853
816,24.864819,1.979422,3.777497,1.406919,3.750000,5.156919
817,24.841978,6.295081,3.775936,2.509000,7.250000,4.741000
818,24.824504,10.618784,3.775301,3.258648,9.000000,5.741352
819,24.794051,0.004855,3.770754,0.069677,6.500000,6.569677
820,24.774678,8.986098,3.769807,2.997682,2.250000,5.247682
821,24.769854,20.833257,3.770779,4.564346,1.250000,5.814346
822,24.755076,12.681272,3.770523,3.561077,2.000000,5.561077
823,24.739012,11.598963,3.770077,3.405725,8.000000,4.594275
824,24.711973,2.566904,3.767434,1.602156,5.500000,3.897844
825,24.716236,28.211732,3.769314,5.311472,0.250000,5.561472
826,24.688959,2.294285,3.766572,1.514690,2.500000,4.014690
827,24.679348,16.779601,3.766972,4.096291,1.250000,5.346291
828,24.673349,19.735897,3.767792,4.442510,0.250000,4.692510
829,24.649552,5.040840,3.765946,2.245182,4.000000,1.754818
830,24.631159,9.457084,3.765110,3.075237,0.500000,3.575237
831,24.642743,34.211135,3.767630,5.849029,6.000000,0.150971
832,24.629086,13.334791,3.767490,3.651683,8.500000,4.848317
833,24.599536,0.132331,3.763384,0.363773,8.250000,8.613773
834,24.573629,3.096213,3.760970,1.759606,10.500000,8.740394
835,24.598376,45.138573,3.764529,6.718525,16.250000,9.531475
836,24.607740,32.389672,3.766845,5.691193,17.500000,11.808807
837,24.596351,15.120570,3.766991,3.888518,9.500000,13.388518
838,24.599985,27.626776,3.768776,5.256118,6.000000,11.256118
839,24.647419,64.207604,3.773859,8.012965,2.000000,10.012965
840,24.619741,1.508153,3.770814,1.228069,5.000000,3.771931
841,24.590435,0.091169,3.766670,0.301942,4.500000,4.198058
842,24.565453,3.655164,3.764456,1.911848,4.750000,6.661848
843,24.544252,6.777872,3.763072,2.603435,4.000000,6.603435
844,24.536975,18.431297,3.763703,4.293169,0.750000,5.043169
845,24.507858,0.049735,3.759493,0.223013,0.750000,0.526987
846,24.483796,4.247815,3.757476,2.061023,3.500000,1.438977
847,24.471016,13.710687,3.757411,3.702794,5.500000,1.797206
848,24.460158,15.306433,3.757595,3.912344,6.500000,2.587656
849,24.527165,81.080840,3.763804,9.004490,14.500000,5.495510
850,24.511108,10.943541,3.763266,3.308102,7.000000,10.308102
851,24.514373,27.275947,3.764989,5.222638,2.000000,7.222638
852,24.517490,27.157640,3.766694,5.211299,2.000000,7.211299
853,24.489410,0.678197,3.763227,0.823527,7.000000,6.176473
854,24.465367,4.052111,3.761168,2.012986,5.000000,7.012986
855,24.436723,0.089976,3.757101,0.299960,4.000000,3.700040
856,24.416844,7.499144,3.755906,2.738457,7.500000,4.761543
857,24.388722,0.429473,3.752271,0.655342,5.500000,6.155342
858,24.364718,3.889240,3.750186,1.972116,6.250000,4.277884
859,24.336353,0.112256,3.746192,0.335047,5.500000,5.835047
860,24.363251,47.360758,3.749855,6.881915,0.000000,6.881915
861,24.348393,11.630100,3.749459,3.410293,5.000000,1.589707
862,24.368392,41.507919,3.752598,6.442664,7.750000,1.307336
863,24.446449,91.419365,3.759360,9.561347,12.000000,2.438653
864,24.429636,9.986939,3.758663,3.160212,13.500000,10.339788
865,24.403517,1.941503,3.755916,1.393378,13.500000,12.106622
866,24.375289,0.070841,3.751868,0.266159,13.000000,12.733841
867,24.376395,25.329502,3.753352,5.032842,15.000000,9.967158
868,24.365039,14.564799,3.753425,3.816386,15.000000,11.183614
869,24.350907,12.141000,3.753114,3.484394,15.000000,11.515606
870,24.326617,3.315983,3.750883,1.820984,17.000000,15.179016
871,24.313891,13.293349,3.750762,3.646005,13.500000,17.146005
872,24.292305,5.576844,3.749161,2.361534,13.500000,15.861534
873,24.265689,1.163458,3.746088,1.078637,14.000000,15.078637
874,24.252067,12.414527,3.745832,3.523425,18.750000,15.226575
875,24.234585,9.025050,3.744981,3.004172,21.000000,17.995828
876,24.460940,221.616035,3.757758,14.886774,5.500000,20.386774
877,24.436251,2.907451,3.755407,1.705125,7.500000,9.205125
878,24.416870,7.497519,3.754243,2.738160,9.000000,11.738160
879,24.397059,7.081792,3.752994,2.661164,15.250000,12.588836
880,24.380185,9.615942,3.752249,3.100958,15.000000,11.899042
881,24.362732,9.073469,3.751406,3.012220,16.500000,13.487780
882,24.336188,1.057483,3.748304,1.028340,15.500000,14.471660
883,24.309152,0.570884,3.744899,0.755568,14.000000,14.755568
884,24.296635,13.294401,3.744787,3.646149,17.250000,13.603851
885,24.287566,16.306941,3.745120,4.038185,18.000000,13.961815
886,24.260591,0.496145,3.741673,0.704375,17.500000,16.795625
887,24.238143,4.438293,3.739821,2.106726,15.000000,17.106726
888,24.260226,43.759532,3.743074,6.615099,9.500000,16.115099
889,24.237661,4.290624,3.741185,2.071382,13.000000,10.928618
890,24.210360,0.049068,3.737212,0.221513,14.000000,14.221513
891,24.192562,8.423665,3.736271,2.902355,18.000000,15.097645
892,24.171247,5.264540,3.734647,2.294459,18.500000,16.205541
893,24.149793,5.098743,3.732986,2.258040,19.000000,16.741960
894,24.127820,4.593207,3.731200,2.143177,19.000000,16.856823
895,24.101865,1.002432,3.728136,1.001215,16.500000,17.501215
896,24.078890,3.608005,3.726086,1.899475,14.750000,16.649475
897,24.052151,0.201061,3.722416,0.448398,15.750000,15.301602
898,24.048873,21.122005,3.723393,4.595868,20.000000,15.404132
899,24.062288,36.054661,3.725941,6.004553,22.500000,16.495447
900,24.036369,0.839246,3.722806,0.916104,18.000000,18.916104
901,24.010665,0.980124,3.719759,0.990012,19.000000,18.009988
902,23.984601,0.604402,3.716482,0.777433,19.250000,20.027433
903,23.963404,4.928527,3.714818,2.220029,16.500000,18.720029
904,23.937122,0.310284,3.711309,0.557032,16.500000,17.057032
905,23.933449,20.627015,3.712231,4.541697,21.000000,16.458303
906,23.908865,1.759497,3.709586,1.326460,21.500000,20.173540
907,23.898975,14.977548,3.709764,3.870084,16.500000,20.370084
908,23.905747,30.021350,3.711721,5.479174,13.000000,18.479174
909,23.880027,0.629347,3.708496,0.793314,13.500000,14.293314
910,23.855285,1.463266,3.705738,1.209655,13.500000,14.709655
911,23.834493,4.997262,3.704117,2.235456,16.250000,14.014544
912,23.812801,4.137478,3.702278,2.034079,16.500000,18.534079
913,23.792045,4.946072,3.700651,2.223977,15.500000,17.723977
914,23.772585,6.083457,3.699295,2.466467,13.000000,15.466467
915,23.753310,6.212689,3.697970,2.492527,16.500000,14.007473
916,23.727350,0.078510,3.694223,0.280196,16.250000,15.969804
917,23.702143,0.712642,3.691101,0.844181,16.750000,15.905819
918,23.712175,32.871981,3.693336,5.733409,19.500000,13.766591
919,23.687266,0.920178,3.690348,0.959259,18.000000,17.040741
920,23.661412,0.004796,3.686395,0.069254,16.500000,16.430746
921,23.648959,12.241995,3.686190,3.498856,19.500000,16.001144
922,23.636743,12.434731,3.686016,3.526291,16.250000,19.776291
923,23.615378,4.002662,3.684182,2.000665,15.750000,17.750665
924,23.603660,12.834710,3.684072,3.582556,13.500000,17.082556
925,23.582283,3.915508,3.682220,1.978764,14.250000,16.228764
926,23.556841,0.124386,3.678609,0.352684,16.000000,16.352684
927,23.531487,0.155184,3.675050,0.393934,18.000000,17.606066
928,23.509928,3.611195,3.673129,1.900315,19.500000,17.599685
929,23.488676,3.851307,3.671280,1.962475,21.000000,19.037525
930,23.477593,13.226212,3.671243,3.636786,22.500000,18.863214
931,23.494116,38.794487,3.674001,6.228522,22.500000,16.271478
932,23.471575,2.576157,3.671772,1.605041,18.250000,16.644959
933,23.453018,6.231937,3.670507,2.496385,15.000000,17.496385
934,23.432281,4.167512,3.668755,2.041449,14.000000,16.041449
935,23.413937,6.353794,3.667522,2.520673,17.250000,14.729327
936,23.412678,22.240750,3.668647,4.716010,21.000000,16.283990
937,23.398766,10.433402,3.668177,3.230078,23.000000,19.769922
938,23.379019,4.954243,3.666632,2.225813,19.000000,21.225813
939,23.376526,21.048346,3.667618,4.587848,14.750000,19.337848
940,23.352036,0.454064,3.664419,0.673842,17.500000,16.826158
941,23.331142,3.774009,3.662582,1.942681,19.000000,17.057319
942,23.316541,9.636000,3.661986,3.104191,22.000000,18.895809
943,23.303700,11.258285,3.661660,3.355337,22.500000,19.144663
944,23.318348,37.073398,3.664242,6.088793,16.000000,22.088793
945,23.346414,49.728393,3.667842,7.051836,11.750000,18.801836
946,23.322453,0.775300,3.664883,0.880511,16.000000,16.880511
947,23.311698,13.180028,3.664846,3.630431,13.750000,17.380431
948,23.299185,11.499898,3.664557,3.391150,20.000000,16.608850
949,23.289053,13.723516,3.664599,3.704526,14.500000,18.204526
950,23.272372,7.509697,3.663622,2.740383,13.500000,16.240383
951,23.250464,2.525082,3.661431,1.589051,17.250000,15.660949
952,23.271731,43.411747,3.664519,6.588759,11.500000,18.088759
953,23.248906,1.610845,3.661995,1.269191,16.000000,14.730809
954,23.224836,0.381749,3.658791,0.617858,16.500000,17.117858
955,23.200424,0.009685,3.655047,0.098414,16.000000,16.098414
956,23.207709,30.135583,3.656974,5.489589,19.500000,14.010411
957,23.203146,18.859378,3.657693,4.342739,22.500000,18.157261
958,23.186019,6.863994,3.656606,2.619922,23.500000,20.880078
959,23.163105,1.302941,3.653972,1.141465,19.500000,20.641465
960,23.149682,10.330522,3.653512,3.214113,16.000000,19.214113
961,23.131413,5.666411,3.652182,2.380423,15.000000,17.380423
962,23.107621,0.338380,3.648976,0.581704,16.250000,15.668296
963,23.087475,3.787570,3.647201,1.946168,15.000000,16.946168
964,23.067267,3.688519,3.645402,1.920552,17.500000,15.579448
965,23.043469,0.197368,3.642071,0.444262,17.500000,17.944262
966,23.044150,23.698120,3.643346,4.868071,23.000000,18.131929
967,23.113788,90.105588,3.649419,9.492396,11.500000,20.992396
968,23.099607,9.442995,3.648821,3.072946,16.000000,12.927054
969,23.075729,0.057288,3.645288,0.239349,16.000000,16.239349
970,23.061577,9.405196,3.644689,3.066789,13.500000,16.566789
971,23.057634,19.249130,3.645457,4.387383,19.000000,14.612617
972,23.081409,46.071981,3.648704,6.787634,13.500000,20.287634
973,23.073599,15.513512,3.649003,3.938720,11.000000,14.938720
974,23.049858,0.044235,3.645458,0.210322,13.500000,13.710322
975,23.044822,18.159746,3.646092,4.261425,9.500000,13.761425
976,23.021122,0.008608,3.642436,0.092782,10.750000,10.842782
977,23.006836,9.120588,3.641797,3.020031,14.500000,11.479969
978,22.993703,10.215688,3.641339,3.196199,10.500000,13.696199
979,22.976026,5.758410,3.640066,2.399669,9.500000,11.899669
980,22.952818,0.324925,3.636920,0.570022,12.500000,11.929978
981,22.943578,13.925224,3.637017,3.731652,9.500000,13.231652
982,22.970045,48.828930,3.640443,6.987770,5.000000,11.987770
983,22.946582,0.000009,3.636728,0.002955,8.000000,7.997045
984,22.928952,5.668389,3.635446,2.380838,10.500000,8.119162
985,22.910205,4.538883,3.633912,2.130465,7.250000,9.380465
986,22.887604,0.715798,3.631073,0.846049,8.250000,9.096049
987,22.874973,10.470909,3.630671,3.235878,6.000000,9.235878
988,22.852593,0.853537,3.627920,0.923870,6.000000,6.923870
989,22.834570,5.099483,3.626530,2.258203,9.750000,7.491797
990,22.850857,38.893851,3.629177,6.236493,14.500000,8.263507
991,22.834776,6.979075,3.628176,2.641794,14.750000,12.108206
992,22.812122,0.452301,3.625185,0.672534,13.000000,13.672534
993,22.811025,21.727376,3.626233,4.661263,8.000000,12.661263
994,22.803136,15.001098,3.626482,3.873125,6.000000,9.873125
995,22.793662,13.414511,3.626518,3.662583,3.000000,6.662583
996,22.773194,2.488866,3.624453,1.577614,3.500000,5.077614
997,22.753839,3.553417,3.622701,1.885051,7.000000,5.114949
998,22.731573,0.621914,3.619850,0.788615,7.500000,6.711385
999,22.710110,1.375428,3.617391,1.172787,7.500000,8.672787
1000,22.707899,20.507927,3.618306,4.528568,5.250000,9.778568
1001,22.712084,26.880957,3.619877,5.184685,0.500000,5.684685
1002,22.696957,7.614688,3.619014,2.759472,2.000000,4.759472
1003,22.690961,16.707826,3.619483,4.087521,0.500000,4.587521
1004,22.671205,2.934004,3.617577,1.712894,3.000000,4.712894
1005,22.648698,0.141712,3.614339,0.376447,5.000000,4.623553
1006,22.626152,0.057903,3.610972,0.240630,6.000000,5.759370
1007,22.605205,1.616413,3.608639,1.271382,5.250000,6.521382
1008,22.607524,24.933933,3.610019,4.993389,1.500000,6.493389
1009,22.587634,2.617520,3.608036,1.617875,6.250000,4.632125
1010,22.578829,13.730202,3.608133,3.705429,2.250000,5.955429
1011,22.571074,14.769641,3.608367,3.843129,0.500000,4.343129
1012,22.550391,1.722386,3.606089,1.312397,1.000000,2.312397
1013,22.528380,0.341165,3.603094,0.584094,2.000000,2.584094
1014,22.521755,15.836998,3.603467,3.979573,0.250000,4.229573
1015,22.502835,3.393538,3.601724,1.842156,2.000000,3.842156
1016,22.480829,0.232706,3.598642,0.482396,3.000000,3.482396
1017,22.459961,1.341874,3.596233,1.158393,1.000000,2.158393
1018,22.437958,0.148689,3.593067,0.385602,3.000000,3.385602
1019,22.417272,1.441910,3.590710,1.200796,1.500000,2.700796
1020,22.396543,1.356127,3.588322,1.164528,0.500000,1.664528
1021,22.383887,9.525992,3.587828,3.086421,5.000000,1.913579
1022,22.426207,65.465770,3.592252,8.091092,11.000000,2.908908
1023,22.477979,75.181550,3.597236,8.670730,2.500000,11.170730
1024,22.503503,48.512436,3.600538,6.965087,1.250000,8.215087
1025,22.503404,22.402435,3.601647,4.733121,1.500000,6.233121
1026,22.489703,8.501434,3.600976,2.915722,3.000000,5.915722
1027,22.478789,11.324054,3.600745,3.365123,6.750000,3.384877
1028,22.461422,4.695595,3.599345,2.166932,5.750000,7.916932
1029,22.472427,33.740964,3.601501,5.808697,0.000000,5.808697
1030,22.451025,0.514061,3.598689,0.716981,2.250000,1.533019
1031,22.430836,1.717058,3.596461,1.310366,4.250000,2.939634
1032,22.410898,1.934934,3.594316,1.391019,1.750000,3.141019
1033,22.400418,11.626244,3.594136,3.409728,6.000000,2.590272
1034,22.383093,4.555700,3.592719,2.134409,6.500000,4.365591
1035,22.379883,19.074378,3.593470,4.367422,1.000000,5.367422
1036,22.359254,1.090497,3.591000,1.044269,4.500000,3.455731
1037,22.346363,9.042208,3.590435,3.007026,9.000000,5.992974
1038,22.367101,43.789752,3.593362,6.617383,12.000000,5.382617
1039,22.345689,0.205723,3.590329,0.453567,10.000000,9.546433
1040,22.369406,46.916292,3.593475,6.849547,2.750000,9.599547
1041,22.361593,14.267634,3.593652,3.777252,1.000000,4.777252
1042,22.351387,11.767587,3.593495,3.430392,1.250000,4.680392
1043,22.343817,14.485869,3.593699,3.806031,0.250000,4.056031
1044,22.322352,0.020469,3.590381,0.143068,2.000000,1.856932
1045,22.302965,2.140521,3.588338,1.463052,1.000000,2.463052
1046,22.281992,0.449359,3.585537,0.670343,4.000000,3.329657
1047,22.264279,3.807496,3.583970,1.951281,1.000000,2.951281
1048,22.246757,3.970609,3.582446,1.992639,4.000000,2.007361
1049,22.269264,45.766817,3.585492,6.765118,10.500000,3.734882
1050,22.270002,23.041054,3.586653,4.800110,13.250000,8.449890
1051,22.267157,19.291329,3.587422,4.392190,16.000000,11.607810
1052,22.300971,57.704701,3.591248,7.596361,19.750000,12.153639
1053,22.293613,14.582003,3.591464,3.818639,13.500000,17.318639
1054,22.275724,3.510269,3.589828,1.873571,14.000000,12.126429
1055,22.266454,12.533394,3.589781,3.540253,19.000000,15.459747
1056,22.307722,65.680243,3.594073,8.104335,9.500000,17.604335
1057,22.295099,9.015929,3.593511,3.002654,9.000000,12.002654
1058,22.306171,33.964440,3.595631,5.827902,17.500000,11.672098
1059,22.346733,65.099163,3.599870,8.068405,23.000000,14.931595
1060,22.334373,9.294248,3.599348,3.048647,20.000000,16.951353
1061,22.372527,62.663831,3.603432,7.916049,8.000000,15.916049
1062,22.363641,12.970459,3.603431,3.601452,7.750000,11.351452
1063,22.343463,0.995942,3.600970,0.997969,10.000000,10.997969
1064,22.358426,38.203812,3.603404,6.180923,6.250000,12.430923
1065,22.388012,53.748742,3.606918,7.331353,3.000000,10.331353
1066,22.445263,83.189235,3.612110,9.120813,0.750000,9.870813
1067,22.438993,15.780526,3.612449,3.972471,10.000000,6.027529
1068,22.420169,2.410056,3.610513,1.552436,8.500000,10.052436
1069,22.401194,2.211423,3.608519,1.487085,7.000000,8.487085
1070,22.476692,102.881924,3.614649,10.143073,17.500000,7.356927
1071,22.457764,2.281119,3.612677,1.510337,15.000000,16.510337
1072,22.444937,8.757734,3.612065,2.959347,14.000000,16.959347
1073,22.425088,1.226412,3.609722,1.107435,12.500000,11.392565
1074,22.518023,121.865507,3.616665,11.039271,24.500000,13.460729
1075,22.509244,13.116413,3.616670,3.621659,24.750000,21.128341
1076,22.533154,48.140321,3.619769,6.938323,27.000000,20.061677
1077,22.573171,65.471572,3.623936,8.091451,30.000000,21.908549
1078,22.578567,28.368205,3.625521,5.326181,33.000000,27.673819
1079,22.557997,0.466165,3.622784,0.682763,29.500000,28.817237
1080,22.540329,3.546814,3.621167,1.883299,22.250000,24.133299
1081,22.532335,13.931616,3.621270,3.732508,27.000000,23.267492
1082,22.538181,28.833616,3.622892,5.369694,31.500000,26.130306
1083,22.518908,1.743006,3.620758,1.320229,27.000000,28.320229
1084,22.521955,25.809950,3.622110,5.080349,21.250000,26.330349
1085,22.502552,1.547387,3.619910,1.243940,23.500000,22.256060
1086,22.516112,37.174177,3.622199,6.097063,30.500000,24.402937
1087,22.526353,33.606436,3.624207,5.797106,31.500000,25.702894
1088,22.549322,47.425386,3.627217,6.886609,31.000000,24.113391
1089,22.531442,3.149116,3.625509,1.774575,30.500000,28.725425
1090,22.514481,4.111658,3.624038,2.027722,26.500000,28.527722
1091,22.495813,2.222932,3.622076,1.490950,24.500000,25.990950
1092,22.500276,27.350875,3.623554,5.229806,19.500000,24.729806
1093,22.489407,10.664212,3.623225,3.265610,23.300000,20.034390
1094,22.583079,124.592124,3.630141,11.162084,33.500000,22.337916
1095,22.565392,3.287032,3.628476,1.813017,30.500000,28.686983
1096,22.548533,4.155124,3.627020,2.038412,29.000000,26.961588
1097,22.561414,36.627524,3.629238,6.052068,34.000000,27.947932
1098,22.545261,4.889780,3.627942,2.211285,28.000000,30.211285
1099,22.532437,8.502831,3.627292,2.915961,25.500000,22.584039
1100,22.531838,21.876178,3.628250,4.677198,21.300000,25.977198
1101,22.515197,4.276123,3.626827,2.067879,20.000000,22.067879
1102,22.509010,15.722657,3.627136,3.965181,16.500000,20.465181
1103,22.494618,6.692243,3.626189,2.586937,13.500000,16.086937
1104,22.490020,17.436478,3.626689,4.175701,8.000000,12.175701
1105,22.478871,10.215418,3.626298,3.196157,11.000000,7.803843
1106,22.482455,26.427706,3.627672,5.140788,5.500000,10.640788
1107,22.524233,68.563913,3.631890,8.280333,14.500000,6.219667
1108,22.678076,192.366244,3.641163,13.869616,28.300000,14.430384
1109,22.667636,11.142915,3.640889,3.338101,21.000000,24.338101
1110,22.655406,9.141172,3.640331,3.023437,19.000000,22.023437
1111,22.657941,25.461025,3.641601,5.045892,25.500000,20.454108
1112,22.671060,37.194150,3.643818,6.098701,29.000000,22.901299
1113,22.651613,1.103964,3.641480,1.050697,20.500000,21.550697
1114,22.643119,13.223832,3.641475,3.636459,23.800000,20.163541
1115,22.629754,7.794488,3.640711,2.791861,25.500000,22.708139
1116,22.660200,56.485270,3.644195,7.515668,30.000000,22.484332
1117,22.655595,17.534620,3.644683,4.187436,28.000000,23.812564
1118,22.639479,4.702547,3.643358,2.168536,24.500000,22.331464
1119,22.622932,4.190366,3.641927,2.047038,24.000000,21.952962
1120,22.698446,106.896167,3.647928,10.339060,11.500000,21.839060
1121,22.764436,96.408752,3.653452,9.818796,1.500000,11.318796
1122,22.775633,35.283346,3.655497,5.939979,2.000000,7.939979
1123,22.780626,28.361983,3.656990,5.325597,0.500000,5.825597
1124,22.768422,9.113144,3.656420,3.018799,0.800000,3.818799
1125,22.786129,42.617534,3.658982,6.528211,3.500000,10.028211
1126,22.808545,47.936385,3.661892,6.923611,1.000000,7.923611
1127,22.791429,3.587676,3.660317,1.894116,0.500000,2.394116
1128,22.804560,37.550820,3.662513,6.127872,9.500000,3.372128
1129,22.886081,114.515678,3.668769,10.701200,18.500000,7.798800
1130,22.865757,0.000990,3.665539,0.031472,14.500000,14.468528
1131,22.845650,0.205591,3.662689,0.453422,11.800000,12.253422
1132,22.825815,0.471280,3.660050,0.686498,13.500000,12.813502
1133,22.912468,120.657133,3.666538,10.984404,23.800000,12.815596
1134,22.900760,9.682131,3.666047,3.111612,21.000000,17.888388
1135,22.915287,39.331357,3.668350,6.271472,12.500000,18.771472
1136,22.895159,0.130487,3.665429,0.361229,14.500000,14.861229
1137,22.924151,55.742578,3.668784,7.466095,9.500000,16.966095
1138,22.936971,37.461828,3.670946,6.120607,7.000000,13.120607
1139,22.936574,22.487215,3.671889,4.742069,4.500000,9.242069
1140,22.937061,23.489849,3.672923,4.846633,13.000000,8.153367
1141,22.943244,29.966944,3.674508,5.474207,22.800000,17.325793
1142,22.924466,1.573486,3.672381,1.254387,21.000000,19.745613
1143,22.909404,5.768713,3.671266,2.401815,17.000000,19.401815
1144,22.891894,2.948224,3.669551,1.717039,17.500000,19.217039
1145,22.894320,25.659930,3.670775,5.065563,11.500000,16.565563
1146,22.992594,135.123218,3.677739,11.624251,19.000000,7.375749
1147,22.978802,7.228519,3.676874,2.688590,18.000000,15.311410
1148,22.978294,22.398112,3.677797,4.732664,21.000000,16.267336
1149,22.995910,43.147972,3.680322,6.568712,23.800000,17.231288
1150,23.011079,40.379445,3.682655,6.354482,15.000000,21.354482
1151,23.011567,23.570644,3.683677,4.854961,10.000000,14.854961
1152,22.993965,2.805120,3.681927,1.674849,11.500000,13.174849
1153,23.039407,75.206849,3.686270,8.672188,21.000000,12.327812
1154,23.040694,24.518926,3.687371,4.951659,22.300000,17.348341
1155,23.046859,30.136632,3.688937,5.489684,14.000000,19.489684
1156,23.044381,20.192608,3.689635,4.493619,10.500000,14.993619
1157,23.073888,57.065959,3.692987,7.554201,6.000000,13.554201
1158,23.092308,44.329980,3.695556,6.658076,1.000000,7.658076
1159,23.073756,1.664689,3.693474,1.290228,2.500000,3.790228
1160,23.058568,5.517427,3.692311,2.348920,2.500000,4.848920
1161,23.043395,5.502436,3.691147,2.345727,1.500000,3.845727
1162,23.024075,0.671109,3.688667,0.819212,4.300000,3.480788
1163,23.005112,1.046734,3.686367,1.023100,2.500000,3.523100
1164,22.990371,5.904994,3.685284,2.430019,3.500000,1.069981
1165,22.972048,1.717097,3.683238,1.310380,2.500000,3.810380
1166,22.956363,4.746560,3.681943,2.178660,0.300000,2.478660
1167,22.937782,1.346462,3.679775,1.160372,2.500000,1.339628
1168,22.918106,0.035177,3.676775,0.187556,2.800000,2.612444
1169,22.898577,0.166324,3.673969,0.407828,2.000000,1.592172
1170,22.879455,0.602991,3.671484,0.776525,0.000000,0.776525
1171,22.859857,0.008690,3.668418,0.093222,0.500000,0.406778
1172,22.852422,14.174904,3.668501,3.764957,4.500000,0.735043
1173,22.864073,36.472980,3.670529,6.039286,8.500000,2.460714
1174,22.846197,1.949061,3.668585,1.396088,9.000000,7.603912
1175,22.839165,14.611412,3.668716,3.822488,13.500000,9.677512
1176,22.831022,13.295739,3.668697,3.646332,14.000000,10.353668
1177,22.902533,106.713563,3.674376,10.330226,0.000000,10.330226
1178,22.884283,1.476682,3.672281,1.215188,0.000000,1.215188
1179,22.866857,2.408732,3.670477,1.552009,2.000000,3.552009
1180,22.850779,3.959749,3.669048,1.989912,5.500000,3.510088
1181,22.849443,21.278547,3.669850,4.612868,7.800000,3.187132
1182,22.834848,5.656276,3.668753,2.378293,8.500000,6.121707
1183,22.817022,1.817764,3.666785,1.348245,8.300000,6.951755
1184,22.813150,18.247743,3.667298,4.271738,11.000000,6.728262
1185,22.798403,5.397533,3.666160,2.323259,5.000000,7.323259
1186,22.779522,0.481113,3.663645,0.693623,3.000000,3.693623
1187,22.760467,0.236774,3.660959,0.486594,3.500000,3.986594
1188,22.743501,2.673497,3.659248,1.635083,4.500000,6.135083
1189,22.725577,1.502530,3.657195,1.225777,7.000000,5.774223
1190,22.707002,0.696231,3.654815,0.834405,6.500000,5.665595
1191,22.692250,5.195923,3.653656,2.279457,4.800000,7.079457
1192,22.689570,19.509266,3.654298,4.416929,1.000000,5.416929
1193,22.670949,0.549308,3.651848,0.741153,2.500000,3.241153
1194,22.651909,0.012221,3.648872,0.110548,4.000000,4.110548
1195,22.636470,4.264308,3.647543,2.065020,2.000000,4.065020
1196,22.617670,0.227704,3.644883,0.477183,3.000000,2.522817
1197,22.600440,2.062200,3.643031,1.436036,1.000000,2.436036
1198,22.584781,3.902932,3.641635,1.975584,3.300000,1.324416
1199,22.589132,27.784993,3.642998,5.271147,7.300000,2.028853
1200,22.609870,47.390891,3.645708,6.884104,0.000000,6.884104
1201,22.591322,0.408561,3.643197,0.639188,0.300000,0.939188
1202,22.580387,9.490614,3.642727,3.080684,6.500000,3.419316
1203,22.606783,54.230017,3.645831,7.364103,11.800000,4.435897
1204,22.630321,50.851607,3.648735,7.131031,14.000000,6.868969
1205,22.611537,0.071291,3.645919,0.267003,12.000000,12.267003
1206,22.593228,0.603783,3.643533,0.777035,10.500000,11.277035
1207,22.575201,0.906325,3.641295,0.952011,9.500000,8.547989
1208,22.585021,34.398302,3.643142,5.865007,2.000000,7.865007
1209,22.568604,2.803128,3.641508,1.674255,3.000000,4.674255
1210,22.555704,7.011380,3.640684,2.647901,1.500000,4.147901
1211,22.552048,18.142355,3.641197,4.259384,0.300000,4.559384
1212,22.534744,1.649428,3.639246,1.284301,1.000000,2.284301
1213,22.517817,2.069521,3.637426,1.438583,1.500000,2.938583
1214,22.499942,0.888889,3.635199,0.942809,2.500000,3.442809
1215,22.481632,0.327247,3.632669,0.572055,4.300000,3.727945
1216,22.467032,4.786103,3.631477,2.187716,4.500000,6.687716
1217,22.493930,55.094846,3.634603,7.422590,14.000000,6.577410
1218,22.547779,87.866174,3.639330,9.373696,18.500000,9.126304
1219,22.529322,0.122780,3.636623,0.350399,18.000000,17.649601
1220,22.516220,6.596632,3.635745,2.568391,15.500000,18.068391
1221,22.498570,1.035956,3.633593,1.017819,17.800000,16.782181
1222,22.480118,0.024729,3.630739,0.157255,18.500000,18.342745
1223,22.462416,0.901759,3.628540,0.949610,16.500000,15.550390
1224,22.453890,12.060055,3.628412,3.472759,12.500000,15.972759
1225,22.436299,0.974859,3.626249,0.987350,10.500000,11.487350
1226,22.419019,1.321190,3.624222,1.149430,10.500000,11.649430
1227,22.402240,1.897493,3.622385,1.377495,14.000000,12.622505
1228,22.404489,25.154802,3.623523,5.015456,19.500000,14.484544
1229,22.389674,4.256452,3.622250,2.063117,20.500000,18.436883
1230,22.373544,2.614924,3.620614,1.617073,20.500000,18.882927
1231,22.357936,3.222590,3.619126,1.795157,17.000000,18.795157
1232,22.340052,0.395836,3.616691,0.629155,15.800000,16.429155
1233,22.326200,5.315574,3.615625,2.305553,12.000000,14.305553
1234,22.317937,12.163497,3.615521,3.487621,18.000000,14.512379
1235,22.307520,9.494318,3.615087,3.081285,13.800000,16.881285
1236,22.297110,9.482121,3.614652,3.079305,11.500000,14.579305
1237,22.283441,5.443124,3.613612,2.333050,15.500000,13.166950
1238,22.272724,9.058797,3.613123,3.009783,18.500000,15.490217
1239,22.255562,1.078250,3.611038,1.038388,18.000000,16.961612
1240,22.237664,0.133385,3.608412,0.365219,14.000000,14.365219
1241,22.220872,1.465210,3.606474,1.210459,16.500000,15.289541
1242,22.206374,4.273444,3.605230,2.067231,17.500000,15.432769
1243,22.200098,14.429289,3.605386,3.798590,19.300000,15.501410
1244,22.182828,0.785566,3.603193,0.886322,17.000000,16.113678
1245,22.166654,2.111202,3.601461,1.452998,16.500000,15.047002
1246,22.159022,12.687496,3.601429,3.561951,18.800000,15.238049
1247,22.154774,16.878689,3.601837,4.108368,20.500000,16.391632
1248,22.140067,3.859047,3.600521,1.964446,18.000000,19.964446
1249,22.129080,8.461884,3.599965,2.908932,16.000000,18.908932
1250,22.132271,26.105368,3.601176,5.109341,12.000000,17.109341
1251,22.145829,39.038230,3.603299,6.248058,19.000000,12.751942
1252,22.128231,0.184586,3.600756,0.429635,15.800000,16.229635
1253,22.127587,21.323460,3.601570,4.617733,20.500000,15.882267
1254,22.110521,0.794515,3.599402,0.891356,18.500000,17.608644
1255,22.105838,16.252053,3.599747,4.031383,20.500000,16.468617
1256,22.088280,0.124016,3.597154,0.352159,19.300000,18.947841
1257,22.077793,8.947664,3.596670,2.991265,14.500000,17.491265
1258,22.060791,0.756988,3.594496,0.870051,14.500000,13.629949
1259,22.052448,11.590700,3.594344,3.404512,12.000000,15.404512
1260,22.035155,0.332916,3.591942,0.576989,13.000000,13.576989
1261,22.024926,9.176419,3.591494,3.029260,10.500000,13.529260
1262,22.016977,12.025858,3.591396,3.467832,16.000000,12.532168
1263,22.005165,7.145010,3.590667,2.673015,19.300000,16.626985
1264,21.988228,0.664503,3.588464,0.815170,19.500000,18.684830
1265,21.971729,1.183016,3.586481,1.087665,20.500000,19.412335
1266,21.979666,31.988184,3.588120,5.655810,14.000000,19.655810
1267,21.964479,2.798155,3.586604,1.672769,16.000000,14.327231
1268,21.958250,14.091251,3.586736,3.753832,18.000000,14.246168
1269,21.941691,1.011005,3.584696,1.005488,15.800000,16.805488
1270,21.924860,0.634664,3.582493,0.796658,16.000000,15.203342
1271,21.909492,2.452652,3.580902,1.566095,16.000000,17.566095
1272,21.892488,0.349049,3.578544,0.590804,17.000000,17.590804
1273,21.876345,1.406806,3.576658,1.186089,16.500000,17.686089
1274,21.859441,0.408378,3.574345,0.639045,18.000000,17.360955
1275,21.842276,0.042067,3.571694,0.205103,17.500000,17.294897
1276,21.827221,2.693000,3.570177,1.641036,15.500000,17.141036
1277,21.813446,4.291913,3.569000,2.071693,13.500000,15.571693
1278,21.800489,5.305503,3.568006,2.303368,16.500000,14.196632
1279,21.794145,13.712676,3.568112,3.703063,18.800000,15.096937
1280,21.779403,2.983180,3.566669,1.727189,19.000000,17.272811
1281,21.764442,2.674508,3.565157,1.635392,19.000000,17.364608
1282,21.748061,0.829212,3.563080,0.910611,19.000000,18.089389
1283,21.739041,10.211531,3.562792,3.195549,21.300000,18.104451
1284,21.743710,27.715182,3.564122,5.264521,23.500000,18.235479
1285,21.726896,0.204987,3.561693,0.452754,23.000000,22.547246
1286,21.712056,2.701640,3.560197,1.643666,24.300000,22.656334
1287,21.700079,6.345827,3.559386,2.519092,21.500000,24.019092
1288,21.687692,5.794653,3.558488,2.407209,19.500000,21.907209
1289,21.689869,24.485127,3.559570,4.948245,16.500000,21.448245
1290,21.684274,14.495019,3.559762,3.807232,20.500000,16.692768
1291,21.669710,2.940953,3.558329,1.714921,17.500000,19.214921
1292,21.652993,0.137754,3.555854,0.371152,17.500000,17.128848
1293,21.638120,2.481503,3.554318,1.575279,15.500000,17.075279
1294,21.624792,4.445428,3.553197,2.108418,14.000000,16.108418
1295,21.612382,5.603072,3.552278,2.367081,14.000000,16.367081
1296,21.595892,0.307453,3.549958,0.554484,16.000000,16.554484
1297,21.579218,0.036019,3.547359,0.189787,17.500000,17.310213
1298,21.565507,3.837487,3.546132,1.958951,19.500000,17.541049
1299,21.552318,4.486060,3.545029,2.118032,21.300000,19.181968
1300,21.544378,11.262388,3.544883,3.355948,16.500000,19.855948
1301,21.530004,2.900554,3.543463,1.703101,14.500000,16.203101
1302,21.517577,5.399484,3.542523,2.323679,14.000000,16.323679
1303,21.503514,3.249791,3.541184,1.802718,17.000000,15.197282
1304,21.494342,9.580802,3.540841,3.095287,14.000000,17.095287
1305,21.478452,0.821361,3.538816,0.906290,16.500000,15.593710
1306,21.463989,2.646734,3.537347,1.626878,15.500000,17.126878
1307,21.460174,16.493974,3.537749,4.061277,20.000000,15.938723
1308,21.444366,0.846687,3.535742,0.920156,18.500000,19.420156
1309,21.428134,0.261470,3.533425,0.511341,18.800000,18.288659
1310,21.412217,0.640659,3.531332,0.800412,20.300000,19.499588
1311,21.397293,1.905964,3.529686,1.380566,22.000000,20.619434
1312,21.384879,5.159437,3.528724,2.271439,23.000000,20.728561
1313,21.368723,0.237776,3.526401,0.487623,22.000000,21.512377
1314,21.353714,1.706607,3.524706,1.306372,23.500000,22.193628
1315,21.338626,1.573452,3.522975,1.254373,21.300000,22.554373
1316,21.325699,4.378422,3.521884,2.092468,18.800000,20.892468
1317,21.317142,10.089523,3.521621,3.176401,15.800000,18.976401
1318,21.316287,20.194155,3.522361,4.493791,13.000000,17.493791
1319,21.351246,67.287577,3.525920,8.202901,22.500000,14.297099
1320,21.351372,21.517443,3.526766,4.638690,23.000000,18.361310
1321,21.336338,1.551314,3.525034,1.245518,17.800000,19.045518
1322,21.330495,13.635485,3.525161,3.692626,14.000000,17.692626
1323,21.314508,0.242733,3.522862,0.492679,16.800000,16.307321
1324,21.305613,9.573435,3.522537,3.094097,20.500000,17.405903
1325,21.290581,1.448679,3.520782,1.203611,18.500000,17.296389
1326,21.274615,0.182888,3.518442,0.427654,17.500000,17.927654
1327,21.306214,63.080033,3.521786,7.942294,24.300000,16.357706
1328,21.303960,18.322630,3.522359,4.280494,24.800000,20.519506
1329,21.288668,1.042028,3.520471,1.020798,22.500000,21.479202
1330,21.291727,25.344953,3.521613,5.034377,15.000000,20.034377
1331,21.275689,0.008723,3.519029,0.093395,16.000000,15.906605
1332,21.272602,17.175950,3.519500,4.144388,21.000000,16.855612
1333,21.259055,3.268567,3.518212,1.807918,20.800000,18.992082
1334,21.255247,16.195506,3.518593,4.024364,15.500000,19.524364
1335,21.269592,40.347977,3.520722,6.352006,11.500000,17.852006
1336,21.268613,19.965733,3.521433,4.468303,9.500000,13.968303
1337,21.253234,0.767560,3.519448,0.876105,13.500000,14.376105
1338,21.237473,0.228017,3.517168,0.477511,15.000000,14.522489
1339,21.221896,0.442559,3.515032,0.665251,16.000000,16.665251
1340,21.209520,4.688062,3.514021,2.165193,14.000000,16.165193
1341,21.209492,21.171370,3.514835,4.601236,10.300000,14.901236
1342,21.195353,2.291753,3.513339,1.513854,13.000000,14.513854
1343,21.179605,0.109282,3.510962,0.330578,15.500000,15.169422
1344,21.164158,0.480413,3.508859,0.693118,16.300000,15.606882
1345,21.148477,0.136071,3.506518,0.368878,15.500000,15.868878
1346,21.140160,9.987292,3.506260,3.160268,12.500000,15.660268
1347,21.148032,31.711702,3.507842,5.631314,9.000000,14.631314
1348,21.196175,85.852366,3.512126,9.265655,4.000000,13.265655
1349,21.193327,17.364901,3.512613,4.167121,3.000000,7.167121
1350,21.178270,0.927926,3.510719,0.963289,5.000000,5.963289
1351,21.164277,2.328705,3.509246,1.526009,8.500000,6.973991
1352,21.150354,2.396836,3.507791,1.548172,10.500000,8.951828
1353,21.143387,11.751816,3.507732,3.428092,7.000000,10.428092
1354,21.131113,4.572438,3.506717,2.138326,7.000000,9.138326
1355,21.122873,9.999074,3.506462,3.162131,7.000000,10.162131
1356,21.109913,3.602082,3.505273,1.897915,7.000000,8.897915
1357,21.136187,56.657889,3.508245,7.527143,1.500000,9.027143
1358,21.120611,0.046787,3.505814,0.216303,3.500000,3.716303
1359,21.118544,18.319783,3.506385,4.280162,1.500000,5.780162
1360,21.121992,25.793484,3.507545,5.078729,9.300000,4.221271
1361,21.106982,0.753065,3.505600,0.867793,8.800000,7.932207
1362,21.092429,1.344705,3.503872,1.159614,9.000000,7.840386
1363,21.078567,2.254399,3.502399,1.501466,5.500000,7.001466
1364,21.068652,7.594154,3.501850,2.755749,3.500000,6.255749
1365,21.057931,6.476999,3.501147,2.544995,2.000000,4.544995
1366,21.043718,1.699732,3.499533,1.303738,2.000000,3.303738
1367,21.028334,0.074679,3.497166,0.273274,4.000000,3.726726
1368,21.022906,13.625323,3.497309,3.691249,9.500000,5.808751
1369,21.008774,1.732281,3.495711,1.316161,6.300000,7.616161
1370,20.996701,4.516745,3.494707,2.125263,5.500000,7.625263
1371,20.981734,0.537357,3.492687,0.733046,8.300000,7.566954
1372,20.979209,17.527970,3.493194,4.186642,5.000000,9.186642
1373,20.972045,11.170660,3.493084,3.342254,2.000000,5.342254
1374,20.956836,0.136460,3.490804,0.369406,3.000000,3.369406
1375,20.950721,12.572780,3.490844,3.545812,0.500000,4.045812
1376,20.935653,0.277364,3.488684,0.526654,3.000000,2.473346
1377,20.922990,3.549361,3.487515,1.883975,1.300000,3.183975
1378,20.911271,4.821561,3.486575,2.195805,1.500000,3.695805
1379,20.899768,5.094278,3.485681,2.257051,5.000000,2.742949
1380,20.889352,6.567196,3.485010,2.562654,6.500000,3.937346
1381,20.874253,0.098346,3.482707,0.313601,6.800000,6.486399
1382,20.862842,5.149904,3.481826,2.269340,6.000000,8.269340
1383,20.873497,35.556644,3.483625,5.962939,1.500000,7.462939
1384,20.858513,0.194749,3.481421,0.441304,4.000000,3.558696
1385,20.844137,1.005789,3.479626,1.002891,4.000000,5.002891
1386,20.829109,0.074518,3.477306,0.272980,5.000000,5.272980
1387,20.817056,4.159964,3.476266,2.039599,3.000000,5.039599
1388,20.803240,1.695863,3.474695,1.302253,3.500000,4.802253
1389,20.798166,13.775815,3.474866,3.711578,0.500000,4.211578
1390,20.787477,5.983235,3.474124,2.446065,5.000000,2.553935
1391,20.832393,83.086475,3.478191,9.115178,12.000000,2.884822
1392,20.833336,22.140873,3.479075,4.705409,13.300000,8.594591
1393,20.818349,0.016344,3.476663,0.127844,11.500000,11.627844
1394,20.806883,4.880886,3.475751,2.209273,13.500000,11.290727
1395,20.796196,5.941872,3.475005,2.437596,14.500000,12.062404
1396,20.810109,40.162995,3.477061,6.337428,17.800000,11.462572
1397,20.800831,7.885258,3.476581,2.808070,18.000000,15.191930
1398,20.787144,1.720657,3.475028,1.311738,16.500000,17.811738
1399,20.776808,6.369348,3.474346,2.523757,13.800000,16.323757
1400,20.787731,36.025138,3.476157,6.002094,9.000000,15.002094
1401,20.772929,0.108628,3.473904,0.329587,10.000000,10.329587
1402,20.779918,30.543624,3.475372,5.526629,15.800000,10.273371
1403,20.787828,31.845950,3.476922,5.643222,10.000000,15.643222
1404,20.862169,124.865903,3.482420,11.174341,0.500000,11.674341
1405,20.869153,30.647021,3.483886,5.535975,1.000000,6.535975
1406,20.872199,25.138962,3.484977,5.013877,2.000000,7.013877
1407,20.857942,0.869964,3.483158,0.932718,5.000000,4.067282
1408,20.843719,0.889036,3.481349,0.942887,3.000000,3.942887
1409,20.836416,10.582791,3.481186,3.253120,1.000000,4.253120
1410,20.830845,13.004127,3.481275,3.606124,0.500000,4.106124
1411,20.816071,0.042556,3.478948,0.206291,4.000000,3.793709
1412,20.832670,44.187409,3.481198,6.647361,11.000000,4.352639
1413,20.820321,3.433474,3.480042,1.852964,11.500000,9.647036
1414,20.809674,5.807689,3.479283,2.409915,15.800000,13.390085
1415,20.799541,6.511811,3.478626,2.551825,19.500000,16.948175
1416,20.788325,4.963100,3.477740,2.227802,19.000000,16.772198
1417,20.780087,9.147804,3.477419,3.024534,19.000000,15.975466
1418,20.770096,6.652681,3.476784,2.579279,16.000000,18.579279
1419,20.756449,1.459761,3.475181,1.208206,14.500000,15.708206
1420,20.754276,17.679847,3.475696,4.204741,10.800000,15.004741
1421,20.744408,6.771121,3.475080,2.602138,10.800000,13.402138
1422,20.764460,49.177980,3.477575,7.012701,19.000000,11.987299
1423,20.799348,70.271172,3.481031,8.382790,27.000000,18.617210
1424,20.809305,34.937311,3.482742,5.910779,28.500000,22.589221
1425,20.814145,27.688278,3.483995,5.261965,27.000000,21.738035
1426,20.811484,17.029614,3.484447,4.126695,29.800000,25.673305
1427,20.798698,2.617407,3.483135,1.617840,27.000000,28.617840
1428,20.784967,1.245140,3.481472,1.115858,23.000000,24.115858
1429,20.770797,0.592138,3.479569,0.769505,21.000000,20.230495
1430,20.789838,47.924031,3.481984,6.922718,18.000000,24.922718
1431,20.817468,60.217797,3.484982,7.760013,11.500000,19.260013
1432,20.824265,30.524014,3.486410,5.524854,8.000000,13.524854
1433,20.843719,48.624187,3.488850,6.973105,4.000000,10.973105
1434,20.829569,0.609068,3.486956,0.780428,4.800000,5.580428
1435,20.977133,231.992492,3.495163,15.231300,20.500000,5.268700
1436,21.004059,59.535524,3.498111,7.715927,23.500000,15.784073
1437,20.997438,11.515980,3.498038,3.393520,24.000000,20.606480
1438,20.985153,3.381956,3.496881,1.839009,17.500000,19.339009
1439,21.001435,44.349329,3.499085,6.659529,21.000000,14.340471
1440,20.986929,0.170454,3.496936,0.412861,22.800000,22.387139
1441,20.994895,32.434247,3.498465,5.695107,13.000000,18.695107
1442,21.019977,57.063446,3.501286,7.554035,7.800000,15.354035
1443,21.076741,102.703376,3.505895,10.134267,5.000000,15.134267
1444,21.101861,57.248543,3.508715,7.566277,2.500000,10.066277
1445,21.100366,18.947757,3.509301,4.352902,11.500000,7.147098
1446,21.095860,14.602428,3.509517,3.821312,9.500000,13.321312
1447,21.108383,39.167061,3.511422,6.258359,6.500000,12.758359
1448,21.124939,45.014570,3.513636,6.709290,14.500000,7.790710
1449,21.111015,1.004903,3.511899,1.002448,12.800000,11.797552
1450,21.110934,20.994401,3.512639,4.581965,6.800000,11.381965
1451,21.096345,0.001118,3.510234,0.033437,5.500000,5.533437
1452,21.085109,4.826267,3.509327,2.196877,3.800000,5.996877
1453,21.078540,11.566991,3.509252,3.401028,1.500000,4.901028