# TEST CONFIGURATION BEGIN
# File Stream: filename: mean_daily_temperature_fisher_ri.csv  -  n_targets: 1
# [mean_daily_temperature_fisher_ri_ADE_HOMO_ABTSAIN_KNN_SIZE_4_OFFLINE_BATCH_100] Pipeline: Array BaseStreamModel: base_models: [<skmultiflow.lazy.knn_forecast.KNNForecast object at 0x7f2291121588>, <skmultiflow.lazy.knn_forecast.KNNForecast object at 0x7f22911215f8>, <skmultiflow.lazy.knn_forecast.KNNForecast object at 0x7f2291121668>, <skmultiflow.lazy.knn_forecast.KNNForecast object at 0x7f22911216d8>]
 Array BaseStreamModel: base_models: [<skmultiflow.lazy.knn_forecast.KNNForecast object at 0x7f2291121588>, <skmultiflow.lazy.knn_forecast.KNNForecast object at 0x7f22911215f8>, <skmultiflow.lazy.knn_forecast.KNNForecast object at 0x7f2291121668>, <skmultiflow.lazy.knn_forecast.KNNForecast object at 0x7f22911216d8>]
# Prequential Evaluator: n_wait: 1 - max_samples: 600000 - max_time: 10000000 - output_file: mean_daily_temperature_fisher_ri_ADE_HOMO_ABTSAIN_KNN_SIZE_4_OFFLINE_BATCH_100_SIZE_4 - batch_size: 1 - pretrain_size: 5 - task_type: regression - show_plot: False - metrics: ['mean_square_error', 'mean_absolute_error', 'true_vs_predicted']
# TEST CONFIGURATION END
id,global_mse_[mean_daily_temperature_fisher_ri_ADE_HOMO_ABTSAIN_KNN_SIZE_4_OFFLINE_BATCH_100],sliding_mse_[mean_daily_temperature_fisher_ri_ADE_HOMO_ABTSAIN_KNN_SIZE_4_OFFLINE_BATCH_100],global_mae_[mean_daily_temperature_fisher_ri_ADE_HOMO_ABTSAIN_KNN_SIZE_4_OFFLINE_BATCH_100],sliding_mae_[mean_daily_temperature_fisher_ri_ADE_HOMO_ABTSAIN_KNN_SIZE_4_OFFLINE_BATCH_100],true_value_[mean_daily_temperature_fisher_ri_ADE_HOMO_ABTSAIN_KNN_SIZE_4_OFFLINE_BATCH_100],predicted_value_[mean_daily_temperature_fisher_ri_ADE_HOMO_ABTSAIN_KNN_SIZE_4_OFFLINE_BATCH_100]
5,10.240000,10.240000,3.200000,3.200000,28.500000,25.300000
6,7.431250,4.622500,2.675000,2.150000,24.250000,26.400000
7,73.117500,204.490000,6.550000,14.300000,12.250000,26.550000
8,88.478125,134.560000,7.812500,11.600000,11.250000,22.850000
9,72.134500,6.760000,6.770000,2.600000,17.500000,20.100000
10,62.982500,17.222500,6.333333,4.150000,18.000000,22.150000
11,63.127857,64.000000,6.571429,8.000000,15.500000,23.500000
12,55.464687,1.822500,5.918750,1.350000,19.500000,18.150000
13,49.568889,2.402500,5.433333,1.550000,15.000000,16.550000
14,47.264250,26.522500,5.405000,5.150000,21.000000,15.850000
15,43.898409,10.240000,5.204545,3.200000,21.000000,17.800000
16,40.453542,2.560000,4.904167,1.600000,20.000000,18.400000
17,43.164038,75.690000,5.196154,8.700000,28.000000,19.300000
18,42.241607,30.250000,5.217857,5.500000,26.500000,21.000000
19,39.679000,3.802500,5.000000,1.950000,23.500000,21.550000
20,38.492969,20.702500,4.971875,4.550000,19.250000,23.800000
21,40.183971,67.240000,5.161765,8.200000,13.500000,21.700000
22,38.018750,1.210000,4.936111,1.100000,19.000000,17.900000
23,38.310395,43.560000,5.023684,6.600000,25.500000,18.900000
24,40.907375,90.250000,5.247500,9.500000,30.000000,20.500000
25,39.269048,6.502500,5.119048,2.550000,28.000000,25.450000
26,39.316932,40.322500,5.175000,6.350000,28.500000,22.150000
27,40.218913,60.062500,5.286957,7.750000,30.000000,22.250000
28,39.605729,25.502500,5.277083,5.050000,28.000000,22.950000
29,38.554400,13.322500,5.212000,3.650000,26.500000,22.850000
30,37.113942,1.102500,5.051923,1.050000,24.500000,23.450000
31,35.757500,0.490000,4.890741,0.700000,24.250000,23.550000
32,34.630536,4.202500,4.789286,2.050000,28.000000,25.950000
33,33.503966,1.960000,4.672414,1.400000,28.250000,26.850000
34,32.387500,0.010000,4.520000,0.100000,27.000000,27.100000
35,31.694032,10.890000,4.480645,3.300000,20.750000,24.050000
36,32.023906,42.250000,4.543750,6.500000,15.500000,22.000000
37,31.057197,0.122500,4.416667,0.350000,19.500000,19.150000
38,30.146397,0.090000,4.295588,0.300000,22.000000,21.700000
39,29.559643,9.610000,4.261429,3.100000,19.000000,22.100000
40,30.816944,74.822500,4.383333,8.650000,12.250000,20.900000
41,34.516554,167.702500,4.614865,12.950000,6.000000,18.950000
42,37.397697,144.000000,4.809211,12.000000,5.500000,17.500000
43,37.186474,29.160000,4.824359,5.400000,22.000000,16.600000
44,37.097812,33.640000,4.848750,5.800000,13.500000,19.300000
45,36.208598,0.640000,4.750000,0.800000,17.500000,16.700000
46,35.393155,1.960000,4.670238,1.400000,19.500000,20.900000
47,34.693081,5.290000,4.615116,2.300000,17.000000,19.300000
48,35.066477,51.122500,4.672727,7.150000,14.250000,21.400000
49,40.191444,265.690000,4.931111,16.300000,7.000000,23.300000
50,42.020380,124.322500,5.066304,11.150000,2.750000,13.900000
51,43.211649,98.010000,5.169149,9.900000,1.750000,11.650000
52,42.628281,15.210000,5.142708,3.900000,13.000000,9.100000
53,41.758367,0.002500,5.038776,0.050000,13.500000,13.550000
54,41.115400,9.610000,5.000000,3.100000,18.500000,15.400000
55,40.697500,19.802500,4.989216,4.450000,12.750000,17.200000
56,40.897981,51.122500,5.030769,7.150000,9.250000,16.400000
57,43.241840,165.122500,5.178302,12.850000,2.000000,14.850000
58,43.021806,31.360000,5.186111,5.600000,1.000000,6.600000
59,42.894136,36.000000,5.200909,6.000000,4.250000,10.250000
60,43.913884,100.000000,5.286607,10.000000,2.750000,12.750000
61,45.483860,133.402500,5.396491,11.550000,1.500000,13.050000
62,46.288621,92.160000,5.468966,9.600000,0.250000,9.850000
63,45.522754,1.102500,5.394068,1.050000,6.250000,7.300000
64,46.316083,93.122500,5.465000,9.650000,15.500000,5.850000
65,47.279139,105.062500,5.543443,10.250000,15.500000,5.250000
66,46.995645,29.702500,5.541935,5.450000,15.500000,10.050000
67,46.285397,2.250000,5.477778,1.500000,12.500000,14.000000
68,45.680352,7.562500,5.435156,2.750000,8.500000,11.250000
69,45.130231,9.922500,5.400000,3.150000,8.500000,11.650000
70,44.446477,0.002500,5.318939,0.050000,12.000000,12.050000
71,43.799552,1.102500,5.255224,1.050000,13.000000,14.050000
72,43.473419,21.622500,5.246324,4.650000,11.750000,16.400000
73,43.242826,27.562500,5.246377,5.250000,9.500000,14.750000
74,43.900821,89.302500,5.306429,9.450000,4.000000,13.450000
75,43.859401,40.960000,5.321831,6.400000,3.000000,9.400000
76,43.563611,22.562500,5.313889,4.750000,2.000000,6.750000
77,43.330171,26.522500,5.311644,5.150000,2.000000,7.150000
78,42.966284,16.402500,5.294595,4.050000,10.750000,6.700000
79,42.393700,0.022500,5.226000,0.150000,9.500000,9.350000
80,42.764309,70.560000,5.267763,8.400000,5.000000,13.400000
81,42.208929,-0.000000,5.199351,0.000000,7.500000,7.500000
82,41.945000,21.622500,5.192308,4.650000,11.500000,6.850000
83,41.693671,22.090000,5.186076,4.700000,10.500000,5.800000
84,41.742031,45.562500,5.205625,6.750000,0.750000,7.500000
85,41.232747,0.490000,5.150000,0.700000,4.250000,4.950000
86,40.755549,2.102500,5.104878,1.450000,7.500000,6.050000
87,40.315151,4.202500,5.068072,2.050000,8.500000,6.450000
88,39.976905,11.902500,5.048810,3.450000,5.000000,8.450000
89,39.602147,8.122500,5.022941,2.850000,3.000000,5.850000
90,39.404012,22.562500,5.019767,4.750000,2.000000,6.750000
91,39.025833,6.502500,4.991379,2.550000,5.500000,8.050000
92,38.877926,26.010000,4.992614,5.100000,3.500000,8.600000
93,38.806152,32.490000,5.000562,5.700000,0.500000,6.200000
94,38.378333,0.302500,4.951111,0.550000,5.750000,5.200000
95,37.957582,0.090000,4.900000,0.300000,6.000000,6.300000
96,37.693804,13.690000,4.886957,3.700000,2.500000,6.200000
97,37.682070,36.602500,4.899462,6.050000,0.000000,6.050000
98,37.690133,38.440000,4.913298,6.200000,0.500000,6.700000
99,37.307316,1.322500,4.873684,1.150000,5.000000,6.150000
100,36.925365,0.640000,4.831250,0.800000,5.000000,5.800000
101,36.574485,2.890000,4.798969,1.700000,4.500000,2.800000
102,36.202908,0.160000,4.754082,0.400000,3.750000,3.350000
103,35.868157,3.062500,4.723737,1.750000,4.500000,2.750000
104,35.642700,13.322500,4.713000,3.650000,0.500000,4.150000
105,35.378911,9.000000,4.696040,3.000000,0.000000,3.000000
106,35.075294,4.410000,4.670588,2.100000,0.000000,2.100000
107,34.790680,5.760000,4.648544,2.400000,4.500000,2.100000
108,34.466755,1.102500,4.613942,1.050000,1.750000,2.800000
109,34.142524,0.422500,4.576190,0.650000,1.500000,2.150000
110,33.847689,2.890000,4.549057,1.700000,4.000000,2.300000
111,34.175187,68.890000,4.584112,8.300000,10.750000,2.450000
112,34.488958,68.062500,4.618056,8.250000,13.250000,5.000000
113,34.635023,50.410000,4.640826,7.100000,14.500000,7.400000
114,34.931432,67.240000,4.673182,8.200000,18.000000,9.800000
115,34.641261,2.722500,4.645946,1.650000,12.500000,10.850000
116,34.578058,27.562500,4.651339,5.250000,3.250000,8.500000
117,34.336571,7.290000,4.634071,2.700000,0.000000,2.700000
118,34.062237,3.062500,4.608772,1.750000,5.750000,4.000000
119,33.778565,1.440000,4.579130,1.200000,6.500000,7.700000
120,33.498772,1.322500,4.549569,1.150000,12.000000,10.850000
121,33.643312,50.410000,4.571368,7.100000,9.250000,2.150000
122,33.422288,7.562500,4.555932,2.750000,9.000000,6.250000
123,33.148235,0.810000,4.525210,0.900000,5.000000,5.900000
124,32.944521,8.702500,4.512083,2.950000,6.250000,3.300000
125,32.672438,0.022500,4.476033,0.150000,4.000000,4.150000
126,32.404652,0.002500,4.439754,0.050000,4.000000,3.950000
127,32.495346,43.560000,4.457317,6.600000,9.500000,2.900000
128,32.246915,1.690000,4.431855,1.300000,6.000000,4.700000
129,32.192960,25.502500,4.436800,5.050000,13.500000,8.450000
130,32.451766,64.802500,4.465476,8.050000,13.500000,5.450000
131,32.257972,7.840000,4.452362,2.800000,11.000000,8.200000
132,32.233770,29.160000,4.459766,5.400000,15.250000,9.850000
133,32.193508,27.040000,4.465504,5.200000,15.500000,10.300000
134,32.265885,41.602500,4.480769,6.450000,17.500000,11.050000
135,32.357156,44.222500,4.497328,6.650000,24.500000,17.850000
136,32.129072,2.250000,4.474621,1.500000,25.500000,24.000000
137,31.894286,0.902500,4.448120,0.950000,25.500000,24.550000
138,31.772705,15.602500,4.444403,3.950000,21.000000,24.950000
139,31.578259,5.522500,4.428889,2.350000,19.500000,21.850000
140,31.349173,0.422500,4.401103,0.650000,20.000000,19.350000
141,31.162391,5.760000,4.386496,2.400000,27.000000,24.600000
142,31.035779,13.690000,4.381522,3.700000,23.000000,26.700000
143,30.848921,5.062500,4.366187,2.250000,18.000000,20.250000
144,30.699446,9.922500,4.357500,3.150000,15.000000,18.150000
145,30.622163,19.802500,4.358156,4.450000,21.500000,17.050000
146,30.619542,30.250000,4.366197,5.500000,25.500000,20.000000
147,30.408374,0.422500,4.340210,0.650000,20.000000,20.650000
148,30.212830,2.250000,4.320486,1.500000,15.750000,14.250000
149,30.004897,0.062500,4.292414,0.250000,15.000000,15.250000
150,29.842192,6.250000,4.280137,2.500000,14.000000,16.500000
151,29.823129,27.040000,4.286395,5.200000,12.500000,17.700000
152,30.492044,128.822500,4.334122,11.350000,24.500000,13.150000
153,30.529010,36.000000,4.345302,6.000000,24.500000,18.500000
154,30.354883,4.410000,4.330333,2.100000,20.500000,22.600000
155,30.213460,9.000000,4.321523,3.000000,20.000000,23.000000
156,30.031530,2.560000,4.303618,1.600000,17.500000,19.100000
157,29.945114,16.810000,4.302288,4.100000,14.500000,18.600000
158,29.954302,31.360000,4.310714,5.600000,14.000000,19.600000
159,29.775565,2.250000,4.292581,1.500000,18.000000,16.500000
160,29.815465,36.000000,4.303526,6.000000,17.000000,23.000000
161,29.643965,2.890000,4.286943,1.700000,18.500000,20.200000
162,29.485601,4.622500,4.273418,2.150000,20.250000,22.400000
163,29.486965,29.702500,4.280818,5.450000,17.000000,22.450000
164,29.395312,14.822500,4.278125,3.850000,24.000000,20.150000
165,29.309643,15.602500,4.276087,3.950000,18.500000,22.450000
166,29.195941,10.890000,4.270062,3.300000,24.500000,21.200000
167,29.022960,1.000000,4.250000,1.000000,20.500000,21.500000
168,28.895518,8.122500,4.241463,2.850000,22.000000,19.150000
169,28.796773,12.602500,4.237273,3.550000,14.750000,18.300000
170,28.727048,17.222500,4.236747,4.150000,13.500000,17.650000
171,28.578982,4.000000,4.223353,2.000000,17.500000,19.500000
172,28.435119,4.410000,4.210714,2.100000,19.000000,21.100000
173,28.426864,27.040000,4.216568,5.200000,16.000000,21.200000
174,28.323706,10.890000,4.211176,3.300000,17.500000,14.200000
175,28.159532,0.250000,4.189474,0.500000,16.000000,15.500000
176,27.995945,0.022500,4.165988,0.150000,16.750000,16.600000
177,27.840491,1.102500,4.147977,1.050000,17.500000,16.450000
178,27.681652,0.202500,4.126724,0.450000,22.000000,21.550000
179,27.548671,4.410000,4.115143,2.100000,22.750000,20.650000
180,27.531364,24.502500,4.119886,4.950000,27.000000,22.050000
181,27.453164,13.690000,4.117514,3.700000,20.000000,23.700000
182,27.462753,29.160000,4.124719,5.400000,16.500000,21.900000
183,27.310726,0.250000,4.104469,0.500000,21.000000,20.500000
184,27.355681,35.402500,4.114722,5.950000,16.000000,21.950000
185,27.276146,12.960000,4.111878,3.600000,19.000000,22.600000
186,27.252871,23.040000,4.115659,4.800000,18.000000,22.800000
187,27.117077,2.402500,4.101639,1.550000,17.750000,19.300000
188,26.992541,4.202500,4.090489,2.050000,19.000000,21.050000
189,26.881784,6.502500,4.082162,2.550000,13.500000,16.050000
190,27.031667,54.760000,4.100000,7.400000,21.750000,14.350000
191,26.908503,4.000000,4.088770,2.000000,20.750000,18.750000
192,26.785598,3.802500,4.077394,1.950000,16.500000,18.450000
193,26.648161,0.810000,4.060582,0.900000,16.000000,16.900000
194,26.508974,0.202500,4.041579,0.450000,18.000000,17.550000
195,26.717945,66.422500,4.063089,8.150000,24.000000,15.850000
196,26.580664,0.360000,4.045052,0.600000,19.500000,18.900000
197,26.470350,5.290000,4.036010,2.300000,19.250000,16.950000
198,26.337629,0.722500,4.019588,0.850000,19.750000,18.900000
199,26.202769,0.040000,4.000000,0.200000,18.250000,18.450000
200,26.186633,23.040000,4.004082,4.800000,15.000000,19.800000
201,26.085431,6.250000,3.996447,2.500000,16.500000,19.000000
202,25.977033,4.622500,3.987121,2.150000,16.500000,18.650000
203,26.042789,39.062500,3.998492,6.250000,11.500000,17.750000
204,26.117375,40.960000,4.010500,6.400000,10.250000,16.650000
205,26.017301,6.002500,4.002736,2.450000,13.500000,11.050000
206,25.891671,0.640000,3.986881,0.800000,14.000000,13.200000
207,25.766207,0.422500,3.970443,0.650000,14.500000,15.150000
208,25.831385,39.062500,3.981618,6.250000,12.500000,18.750000
209,25.855634,30.802500,3.989268,5.550000,8.750000,14.300000
210,25.737112,1.440000,3.975728,1.200000,13.000000,11.800000
211,25.826413,44.222500,3.988647,6.650000,19.000000,12.350000
212,25.829760,26.522500,3.994231,5.150000,13.000000,18.150000
213,25.732596,5.522500,3.986364,2.350000,12.500000,14.850000
214,25.987250,79.210000,4.009762,8.900000,7.250000,16.150000
215,26.061256,41.602500,4.021327,6.450000,4.250000,10.700000
216,26.015696,16.402500,4.021462,4.050000,11.500000,7.450000
217,25.930364,7.840000,4.015728,2.800000,13.000000,10.200000
218,25.810607,0.302500,3.999533,0.550000,11.500000,12.050000
219,25.724465,7.290000,3.993488,2.700000,12.750000,10.050000
220,25.649861,9.610000,3.989352,3.100000,12.500000,9.400000
221,25.651521,26.010000,3.994470,5.100000,15.000000,9.900000
222,25.672615,30.250000,4.001376,5.500000,7.500000,13.000000
223,25.571016,3.422500,3.991553,1.850000,6.000000,7.850000
224,25.454966,0.040000,3.974318,0.200000,6.250000,6.050000
225,25.379163,8.702500,3.969683,2.950000,9.000000,6.050000
226,25.276374,2.560000,3.959009,1.600000,10.000000,8.400000
227,25.168453,1.210000,3.946188,1.100000,9.500000,10.600000
228,25.068248,2.722500,3.935938,1.650000,8.000000,9.650000
229,24.986878,6.760000,3.930000,2.600000,5.000000,7.600000
230,24.924502,10.890000,3.927212,3.300000,7.500000,4.200000
231,24.815099,0.090000,3.911233,0.300000,6.500000,6.800000
232,24.933629,51.840000,3.925658,7.200000,14.500000,7.300000
233,24.825448,0.160000,3.910262,0.400000,10.000000,10.400000
234,24.861261,33.062500,3.918261,5.750000,0.500000,6.250000
235,24.872955,27.562500,3.924026,5.250000,0.000000,5.250000
236,24.789547,5.522500,3.917241,2.350000,3.000000,5.350000
237,24.683326,0.040000,3.901288,0.200000,7.250000,7.450000
238,24.602457,5.760000,3.894872,2.400000,9.750000,7.350000
239,24.661340,38.440000,3.904681,6.200000,10.500000,4.300000
240,24.573792,4.000000,3.896610,2.000000,10.500000,8.500000
241,24.553660,19.802500,3.898945,4.450000,5.500000,9.950000
242,24.471765,5.062500,3.892017,2.250000,3.000000,5.250000
243,24.373985,1.102500,3.880126,1.050000,3.500000,4.550000
244,24.403094,31.360000,3.887292,5.600000,10.500000,4.900000
245,24.535239,56.250000,3.902282,7.500000,15.500000,8.000000
246,24.440837,1.690000,3.891529,1.300000,12.750000,11.450000
247,24.345237,1.210000,3.880041,1.100000,3.250000,4.350000
248,24.300061,13.322500,3.879098,3.650000,2.000000,5.650000
249,24.259816,14.440000,3.878776,3.800000,3.250000,7.050000
250,24.307541,36.000000,3.887398,6.000000,1.000000,7.000000
251,24.239747,7.562500,3.882794,2.750000,0.000000,2.750000
252,24.142016,0.002500,3.867339,0.050000,2.000000,2.050000
253,24.045070,0.002500,3.852008,0.050000,2.000000,1.950000
254,23.950580,0.422500,3.839200,0.650000,3.000000,2.350000
255,23.855159,-0.000000,3.823904,0.000000,2.500000,2.500000
256,23.803710,10.890000,3.821825,3.300000,6.000000,2.700000
257,23.777698,17.222500,3.823123,4.150000,9.000000,4.850000
258,23.718346,8.702500,3.819685,2.950000,12.000000,9.050000
259,23.661814,9.302500,3.816667,3.050000,10.500000,13.550000
260,24.063770,126.562500,3.845703,11.250000,1.750000,13.000000
261,24.003998,8.702500,3.842218,2.950000,0.000000,2.950000
262,23.910998,0.010000,3.827713,0.100000,3.500000,3.600000
263,23.888417,18.062500,3.829344,4.250000,1.500000,5.750000
264,23.885154,23.040000,3.833077,4.800000,0.500000,5.300000
265,23.830460,9.610000,3.830268,3.100000,1.000000,4.100000
266,23.781069,10.890000,3.828244,3.300000,1.250000,4.550000
267,23.710760,5.290000,3.822433,2.300000,4.500000,6.800000
268,23.704621,22.090000,3.825758,4.700000,12.500000,7.800000
269,23.661396,12.250000,3.824528,3.500000,12.250000,8.750000
270,23.635639,16.810000,3.825564,4.100000,9.250000,13.350000
271,23.622959,20.250000,3.828090,4.500000,6.500000,11.000000
272,23.543778,2.402500,3.819590,1.550000,3.500000,5.050000
273,23.528225,19.360000,3.821747,4.400000,1.000000,5.400000
274,23.475537,9.302500,3.818889,3.050000,1.000000,4.050000
275,23.517362,34.810000,3.826568,5.900000,9.500000,3.600000
276,23.576820,39.690000,3.835662,6.300000,14.500000,8.200000
277,23.761374,73.960000,3.853114,8.600000,19.500000,10.900000
278,23.683422,2.402500,3.844708,1.550000,13.500000,11.950000
279,23.655482,16.000000,3.845273,4.000000,15.000000,11.000000
280,23.575435,1.562500,3.835870,1.250000,10.500000,9.250000
281,23.533294,11.902500,3.834477,3.450000,4.000000,7.450000
282,23.449371,0.202500,3.822302,0.450000,8.000000,8.450000
283,23.494355,36.000000,3.830108,6.000000,7.500000,13.500000
284,23.866482,127.690000,3.856786,11.300000,0.500000,11.800000
285,23.794395,3.610000,3.849822,1.900000,3.000000,4.900000
286,23.873989,46.240000,3.860284,6.800000,12.500000,5.700000
287,24.182924,111.302500,3.883922,10.550000,23.500000,12.950000
288,24.493407,112.360000,3.907570,10.600000,26.000000,15.400000
289,24.408728,0.360000,3.895965,0.600000,15.500000,14.900000
290,24.335350,3.422500,3.888811,1.850000,10.500000,12.350000
291,24.735714,139.240000,3.916376,11.800000,2.000000,13.800000
292,24.924861,79.210000,3.933681,8.900000,22.000000,13.100000
293,24.840311,0.490000,3.922491,0.700000,19.500000,18.800000
294,24.893698,40.322500,3.930862,6.350000,11.500000,17.850000
295,24.818677,3.062500,3.923368,1.750000,13.500000,15.250000
296,24.762483,8.410000,3.919863,2.900000,8.500000,11.400000
297,24.678660,0.202500,3.908020,0.450000,8.500000,8.950000
298,24.606998,3.610000,3.901190,1.900000,10.500000,8.600000
299,24.524610,0.302500,3.889831,0.550000,12.000000,12.550000
300,24.480811,11.560000,3.888176,3.400000,27.000000,23.600000
301,24.466566,20.250000,3.890236,4.500000,23.750000,19.250000
302,24.384471,0.002500,3.877349,0.050000,22.000000,21.950000
303,24.391622,26.522500,3.881605,5.150000,18.000000,23.150000
304,24.436392,37.822500,3.889167,6.150000,16.000000,22.150000
305,24.559934,61.622500,3.902326,7.850000,26.500000,18.650000
306,24.813055,101.002500,3.922682,10.050000,8.500000,18.550000
307,24.934538,61.622500,3.935644,7.850000,10.500000,18.350000
308,24.867023,4.410000,3.929605,2.100000,19.500000,17.400000
309,24.786156,0.202500,3.918197,0.450000,17.750000,18.200000
310,24.705817,0.202500,3.906863,0.450000,18.000000,17.550000
311,24.628599,1.000000,3.897394,1.000000,14.500000,15.500000
312,24.814554,81.902500,3.914123,9.050000,18.500000,9.450000
313,24.796901,19.360000,3.915696,4.400000,17.500000,21.900000
314,24.797556,25.000000,3.919194,5.000000,11.500000,16.500000
315,25.150490,134.560000,3.943891,11.600000,3.000000,14.600000
316,25.293349,69.722500,3.958013,8.350000,1.000000,9.350000
317,25.297276,26.522500,3.961821,5.150000,2.500000,7.650000
318,25.832030,193.210000,3.993471,13.900000,24.250000,10.350000
319,26.750222,315.062500,4.037143,17.750000,32.500000,14.750000
320,27.344755,214.622500,4.070728,14.650000,32.500000,17.850000
321,27.299377,12.960000,4.069243,3.600000,21.500000,25.100000
322,27.476808,83.722500,4.085220,9.150000,13.500000,22.650000
323,27.392210,0.490000,4.074608,0.700000,20.000000,19.300000
324,27.308367,0.562500,4.064219,0.750000,19.500000,20.250000
325,27.461807,76.562500,4.078816,8.750000,9.500000,18.250000
326,27.572803,63.202500,4.090839,7.950000,7.250000,15.200000
327,28.541316,340.402500,4.135294,18.450000,31.000000,12.550000
328,28.477423,7.840000,4.131173,2.800000,16.250000,13.450000
329,29.019000,204.490000,4.162462,14.300000,4.500000,18.800000
330,29.159502,74.822500,4.176227,8.650000,6.000000,14.650000
331,29.933448,282.240000,4.214832,16.800000,1.000000,17.800000
332,29.842378,0.062500,4.202744,0.250000,6.500000,6.250000
333,29.811862,19.802500,4.203495,4.450000,1.750000,6.200000
334,29.767614,15.210000,4.202576,3.900000,5.000000,8.900000
335,30.153520,157.502500,4.227795,12.550000,15.500000,2.950000
336,30.069029,2.102500,4.219428,1.450000,12.000000,10.550000
337,30.246907,89.302500,4.235135,9.450000,19.000000,9.550000
338,30.264132,36.000000,4.240419,6.000000,18.000000,12.000000
339,30.194754,7.022500,4.235672,2.650000,21.000000,18.350000
340,30.108490,1.210000,4.226339,1.100000,10.000000,11.100000
341,30.486513,157.502500,4.251039,12.550000,14.000000,1.450000
342,30.414808,6.250000,4.245858,2.500000,10.500000,13.000000
343,30.331726,2.250000,4.237758,1.500000,18.500000,20.000000
344,30.243404,0.302500,4.226912,0.550000,16.750000,17.300000
345,30.232493,26.522500,4.229619,5.150000,25.000000,19.850000
346,30.287368,49.000000,4.237719,7.000000,5.500000,12.500000
347,30.200117,0.360000,4.227114,0.600000,7.500000,8.100000
348,30.140262,9.610000,4.223837,3.100000,7.000000,10.100000
349,30.092580,13.690000,4.222319,3.700000,0.500000,4.200000
350,30.151301,50.410000,4.230636,7.100000,6.500000,13.600000
351,30.082421,6.250000,4.225648,2.500000,13.500000,11.000000
352,30.138800,49.702500,4.233764,7.050000,19.500000,12.450000
353,30.087543,12.250000,4.231662,3.500000,16.000000,12.500000
354,30.013007,4.000000,4.225286,2.000000,7.500000,9.500000
355,29.946759,6.760000,4.220655,2.600000,13.500000,10.900000
356,29.978047,40.960000,4.226847,6.400000,7.000000,13.400000
357,29.905028,4.202500,4.220680,2.050000,9.000000,6.950000
358,30.137952,112.360000,4.238701,10.600000,30.000000,19.400000
359,30.144577,32.490000,4.242817,5.700000,20.500000,14.800000
360,30.060751,0.302500,4.232444,0.550000,20.000000,19.450000
361,30.038424,22.090000,4.233754,4.700000,16.500000,21.200000
362,29.991732,13.322500,4.232123,3.650000,20.250000,16.600000
363,29.930028,7.840000,4.228134,2.800000,22.000000,19.200000
364,30.173896,117.722500,4.246528,10.850000,24.500000,13.650000
365,30.099287,3.240000,4.239751,1.800000,16.500000,14.700000
366,30.016146,0.002500,4.228177,0.050000,22.500000,22.550000
367,29.978643,16.402500,4.227686,4.050000,18.250000,22.300000
368,29.960907,23.522500,4.229396,4.850000,23.500000,18.650000
369,29.980767,37.210000,4.234521,6.100000,23.500000,17.400000
370,30.060847,59.290000,4.243989,7.700000,13.000000,20.700000