# TEST CONFIGURATION BEGIN
# File Stream: filename: air_company_stock4.csv  -  n_targets: 1
# [air_company_stock4_ADE_HOMO_HTREE_SIZE_8_OFFLINE_BATCH_100] Pipeline: Array BaseStreamModel: base_models: [<skmultiflow.trees.regression_hoeffding_tree.RegressionHoeffdingTree object at 0x7f22906968d0>, <skmultiflow.trees.regression_hoeffding_tree.RegressionHoeffdingTree object at 0x7f2290696898>, <skmultiflow.trees.regression_hoeffding_tree.RegressionHoeffdingTree object at 0x7f2290696f28>, <skmultiflow.trees.regression_hoeffding_tree.RegressionHoeffdingTree object at 0x7f22906967b8>, <skmultiflow.trees.regression_hoeffding_tree.RegressionHoeffdingTree object at 0x7f22906963c8>, <skmultiflow.trees.regression_hoeffding_tree.RegressionHoeffdingTree object at 0x7f2290696390>, <skmultiflow.trees.regression_hoeffding_tree.RegressionHoeffdingTree object at 0x7f22906969b0>, <skmultiflow.trees.regression_hoeffding_tree.RegressionHoeffdingTree object at 0x7f2290696cf8>]
 Array MetaStreamModel: base_models: [<skmultiflow.trees.regression_hoeffding_tree.RegressionHoeffdingTree object at 0x7f228f6c9f98>, <skmultiflow.trees.regression_hoeffding_tree.RegressionHoeffdingTree object at 0x7f22906964e0>, <skmultiflow.trees.regression_hoeffding_tree.RegressionHoeffdingTree object at 0x7f2290696518>, <skmultiflow.trees.regression_hoeffding_tree.RegressionHoeffdingTree object at 0x7f2290696550>, <skmultiflow.trees.regression_hoeffding_tree.RegressionHoeffdingTree object at 0x7f2290696588>, <skmultiflow.trees.regression_hoeffding_tree.RegressionHoeffdingTree object at 0x7f22906965c0>, <skmultiflow.trees.regression_hoeffding_tree.RegressionHoeffdingTree object at 0x7f22906962b0>, <skmultiflow.trees.regression_hoeffding_tree.RegressionHoeffdingTree object at 0x7f2290696b38>]
# Prequential Evaluator: n_wait: 1 - max_samples: 600000 - max_time: 10000000 - output_file: air_company_stock4_ADE_HOMO_HTREE_SIZE_8_OFFLINE_BATCH_100_SIZE_8 - batch_size: 1 - pretrain_size: 5 - task_type: regression - show_plot: False - metrics: ['mean_square_error', 'mean_absolute_error', 'true_vs_predicted']
# TEST CONFIGURATION END
id,global_mse_[air_company_stock4_ADE_HOMO_HTREE_SIZE_8_OFFLINE_BATCH_100],sliding_mse_[air_company_stock4_ADE_HOMO_HTREE_SIZE_8_OFFLINE_BATCH_100],global_mae_[air_company_stock4_ADE_HOMO_HTREE_SIZE_8_OFFLINE_BATCH_100],sliding_mae_[air_company_stock4_ADE_HOMO_HTREE_SIZE_8_OFFLINE_BATCH_100],true_value_[air_company_stock4_ADE_HOMO_HTREE_SIZE_8_OFFLINE_BATCH_100],predicted_value_[air_company_stock4_ADE_HOMO_HTREE_SIZE_8_OFFLINE_BATCH_100]
5,0.154903,0.154903,0.393577,0.393577,0.125000,-0.268577
6,0.657367,1.159831,0.735266,1.076954,0.500000,-0.576954
7,0.788584,1.051018,0.831908,1.025192,0.625000,-0.400192
8,0.803060,0.846488,0.853943,0.920048,1.375000,0.454952
9,0.749340,0.534458,0.829368,0.731067,0.500000,1.231067
10,0.774953,0.903019,0.849518,0.950273,0.500000,1.450273
11,1.045185,2.666577,0.961440,1.632966,-0.500000,1.132966
12,1.017812,0.826204,0.954879,0.908958,-0.375000,0.533958
13,0.943438,0.348444,0.914370,0.590292,-0.125000,0.465292
14,0.873729,0.246346,0.872566,0.496332,-0.250000,0.246332
15,0.796521,0.024447,0.807456,0.156355,-0.250000,-0.093645
16,0.779284,0.589667,0.804159,0.767898,-0.500000,0.267898
17,0.724184,0.062983,0.761606,0.250964,0.125000,0.375964
18,0.702559,0.421443,0.753576,0.649187,0.125000,0.774187
19,0.669951,0.213428,0.734136,0.461983,0.750000,0.288017
20,0.655571,0.439871,0.729705,0.663228,1.250000,0.586772
21,0.715950,1.682028,0.763071,1.296930,-0.375000,0.921930
22,0.767427,1.642526,0.791879,1.281611,-0.750000,0.531611
23,0.742340,0.290784,0.778582,0.539244,0.250000,0.789244
24,0.733186,0.559244,0.777044,0.747826,-0.250000,0.497826
25,0.702177,0.082002,0.753678,0.286360,0.250000,-0.036360
26,0.682054,0.259475,0.742574,0.509387,0.500000,-0.009387
27,0.652969,0.013100,0.715265,0.114453,-0.125000,-0.010547
28,0.649361,0.566387,0.716820,0.752587,-0.375000,0.377587
29,0.688290,1.622566,0.739099,1.273800,-0.625000,0.648800
30,0.701361,1.028140,0.749671,1.013972,1.125000,0.111028
31,0.740850,1.767580,0.771146,1.329504,-0.125000,1.204504
32,0.768334,1.510399,0.787497,1.228983,0.125000,1.353983
33,0.793345,1.493651,0.802486,1.222150,0.125000,1.347150
34,0.828920,1.860590,0.821204,1.364034,0.000000,1.364034
35,0.869190,2.077290,0.841206,1.441281,-0.250000,1.191281
36,0.912144,2.243709,0.861728,1.497902,-0.375000,1.122902
37,0.887817,0.109375,0.845637,0.330718,-0.125000,0.205718
38,0.967575,3.599580,0.876567,1.897256,-1.250000,0.647256
39,0.950899,0.383907,0.869225,0.619602,0.875000,0.255398
40,0.958523,1.225349,0.875829,1.106955,-0.250000,0.856955
41,0.934189,0.058177,0.858676,0.241199,0.000000,0.241199
42,0.912737,0.119004,0.845158,0.344969,1.000000,0.655031
43,0.891172,0.071704,0.830353,0.267776,0.625000,0.892776
44,0.872064,0.126847,0.818498,0.356156,0.875000,0.518844
45,0.910361,2.442243,0.836651,1.562768,-0.375000,1.187768
46,0.888704,0.000791,0.817401,0.028131,0.125000,0.096869
47,0.882230,0.610314,0.816559,0.781226,-0.125000,0.656226
48,0.872857,0.469818,0.813579,0.685432,-0.500000,0.185432
49,0.867171,0.616979,0.812955,0.785480,-1.000000,-0.214520
50,0.860659,0.567650,0.811661,0.753425,-0.875000,-0.121575
51,0.845958,0.169681,0.803156,0.411924,-0.625000,-0.213076
52,0.844102,0.756898,0.804548,0.869999,-0.750000,0.119999
53,0.837967,0.543471,0.803174,0.737205,0.500000,-0.237205
54,0.827192,0.299195,0.798050,0.546987,-0.375000,0.171987
55,0.825342,0.732859,0.799188,0.856072,0.875000,0.018928
56,0.809733,0.013670,0.786067,0.116920,0.875000,0.758080
57,0.812934,0.979395,0.789908,0.989644,-0.375000,0.614644
58,0.797953,0.003959,0.776446,0.062918,0.250000,0.312918
59,0.798853,0.847475,0.779066,0.920584,-0.250000,0.670584
60,0.792990,0.470480,0.777403,0.685915,-0.250000,0.435915
61,0.785169,0.347192,0.774102,0.589230,0.000000,0.589230
62,0.813467,2.426472,0.787612,1.557714,-1.500000,0.057714
63,0.807280,0.448439,0.785613,0.669656,-0.875000,-0.205344
64,0.800062,0.374182,0.782714,0.611704,-0.250000,0.361704
65,0.788195,0.076166,0.774407,0.275981,0.125000,-0.150981
66,0.775757,0.017075,0.764024,0.130672,-0.125000,0.005672
67,0.763505,0.003857,0.752883,0.062104,0.000000,0.062104
68,0.752921,0.086166,0.745706,0.293541,0.500000,0.206459
69,0.749288,0.516776,0.745293,0.718871,0.375000,1.093871
70,0.751355,0.885659,0.748259,0.941095,-0.375000,0.566095
71,0.742556,0.161816,0.743095,0.402264,-0.250000,0.152264
72,0.733290,0.112506,0.737100,0.335419,-0.250000,0.085419
73,0.723121,0.031630,0.728995,0.177848,-0.125000,0.052848
74,0.722590,0.685919,0.730412,0.828202,0.750000,-0.078202
75,0.717256,0.343907,0.728384,0.586436,0.500000,-0.086436
76,0.708865,0.113079,0.722938,0.336273,0.250000,-0.086273
77,0.720825,1.581955,0.730265,1.257758,-0.875000,0.382758
78,0.711086,0.000133,0.720552,0.011528,0.125000,0.113472
79,0.701947,0.025646,0.713080,0.160142,0.375000,0.214858
80,0.693797,0.082614,0.707479,0.287426,0.125000,-0.162426
81,0.684996,0.016116,0.699940,0.126949,-0.375000,-0.501949
82,0.678720,0.195423,0.696634,0.442067,-0.750000,-0.307933
83,0.670186,0.004530,0.688668,0.067304,-0.125000,-0.192304
84,0.662692,0.070672,0.683382,0.265842,0.500000,0.234158
85,0.655502,0.080336,0.678445,0.283436,-0.500000,-0.216564
86,0.649309,0.147689,0.674858,0.384303,-0.125000,-0.509303
87,0.645269,0.313913,0.673477,0.560279,-0.625000,-0.064721
88,0.637905,0.026741,0.667406,0.163527,0.125000,-0.038527
89,0.633332,0.249214,0.665428,0.499213,-0.250000,0.249213
90,0.637630,1.002941,0.669335,1.001469,0.750000,-0.251469
91,0.636790,0.564575,0.670278,0.751382,-0.500000,0.251382
92,0.655786,2.308454,0.679927,1.519360,-1.125000,0.394360
93,0.658438,0.891813,0.682898,0.944358,-0.750000,0.194358
94,0.656246,0.461122,0.682855,0.679060,1.000000,0.320940
95,0.686845,3.440772,0.695735,1.854932,2.000000,0.145068
96,0.692199,1.179372,0.699977,1.085989,-0.625000,0.460989
97,0.685074,0.029638,0.694302,0.172158,-0.500000,-0.327842
98,0.690690,1.212919,0.698632,1.101326,-0.250000,0.851326
99,0.699534,1.530884,0.704302,1.237289,-0.375000,0.862289
100,0.712334,1.928366,0.711430,1.388656,1.625000,0.236344
101,0.704991,0.000040,0.704161,0.006314,0.000000,-0.006314
102,0.728766,3.034884,0.714752,1.742092,0.750000,-0.992092
103,0.723101,0.167953,0.711672,0.409820,0.250000,0.659820
104,0.717337,0.146700,0.708386,0.383015,0.875000,0.491985
105,0.710696,0.046654,0.703510,0.215996,0.250000,0.465996
106,0.704997,0.129345,0.700139,0.359646,0.000000,0.359646
107,0.699660,0.155269,0.697167,0.394041,0.125000,-0.269041
108,0.701214,0.861348,0.699388,0.928088,-0.875000,0.053088
109,0.695673,0.119379,0.696018,0.345513,0.000000,-0.345513
110,0.699288,1.078874,0.699250,1.038689,0.875000,-0.163689
111,0.693351,0.063991,0.695079,0.252963,-0.625000,-0.372037
112,0.687014,0.008973,0.689521,0.094725,-0.250000,-0.344725
113,0.691288,1.152864,0.693045,1.073715,-1.000000,0.073715
114,0.691045,0.664633,0.694156,0.815251,0.500000,-0.315251
115,0.685194,0.041515,0.689738,0.203752,0.250000,0.453752
116,0.690097,1.234379,0.693500,1.111026,0.750000,-0.361026
117,0.687512,0.397974,0.692945,0.630852,-1.000000,-0.369148
118,0.683093,0.183708,0.690627,0.428611,-0.250000,0.178611
119,0.679325,0.249801,0.688967,0.499801,-0.375000,0.124801
120,0.676260,0.323766,0.687933,0.569004,0.750000,0.180996
121,0.670623,0.016736,0.683159,0.129366,0.000000,0.129366
122,0.666227,0.151931,0.680673,0.389783,0.250000,-0.139783
123,0.666407,0.687611,0.681921,0.829223,-0.875000,-0.045777
124,0.660963,0.013108,0.677192,0.114491,0.625000,0.510509
125,0.661963,0.781951,0.678904,0.884280,-0.250000,0.634280
126,0.657358,0.100201,0.675934,0.316546,-0.125000,0.191546
127,0.652343,0.040488,0.672074,0.201217,-0.375000,-0.173783
128,0.650109,0.375302,0.671595,0.612619,-0.500000,0.112619
129,0.648935,0.503462,0.671898,0.709551,0.625000,-0.084551
130,0.651735,1.001641,0.674509,1.000820,-0.500000,0.500820
131,0.656620,1.272222,0.678079,1.127928,-1.500000,-0.372072
132,0.652235,0.095253,0.675193,0.308632,0.125000,-0.183632
133,0.647290,0.014319,0.670886,0.119664,0.125000,0.005336
134,0.645780,0.450998,0.670892,0.671564,-0.750000,-0.078436
135,0.643935,0.404170,0.670623,0.635743,0.500000,-0.135743
136,0.639901,0.111414,0.668072,0.333787,0.000000,-0.333787
137,0.636065,0.129663,0.665756,0.360088,-0.250000,0.110088
138,0.632450,0.151700,0.663694,0.389487,0.125000,0.514487
139,0.627865,0.013463,0.659637,0.116032,-0.125000,-0.241032
140,0.626387,0.426891,0.659591,0.653369,0.375000,-0.278369
141,0.622168,0.048296,0.656381,0.219764,0.375000,0.155236
142,0.619496,0.253520,0.655273,0.503508,-0.875000,-0.371492
143,0.628711,1.900377,0.660477,1.378542,-1.500000,-0.121458
144,0.624229,0.001210,0.656007,0.034788,-0.375000,-0.340212
145,0.621851,0.288869,0.655167,0.537465,0.250000,-0.287465
146,0.633970,2.342859,0.661332,1.530640,1.125000,-0.405640
147,0.629537,0.000054,0.656758,0.007320,-0.375000,-0.382320
148,0.627599,0.350350,0.656308,0.591904,-1.000000,-0.408096
149,0.623456,0.026866,0.652912,0.163907,0.000000,0.163907
150,0.621950,0.403686,0.652792,0.635363,-0.125000,0.510363
151,0.620126,0.353794,0.652397,0.594806,0.250000,-0.344806
152,0.616003,0.009963,0.648664,0.099816,-0.125000,-0.224816
153,0.612156,0.042682,0.645697,0.206596,-0.250000,-0.456596
154,0.608128,0.008068,0.641991,0.089822,0.375000,0.285178
155,0.604573,0.071240,0.639507,0.266908,0.125000,0.391908
156,0.601157,0.085351,0.637222,0.292149,0.125000,-0.167149
157,0.598168,0.143815,0.635536,0.379230,0.250000,-0.129230
158,0.594297,0.001993,0.631699,0.044648,-0.125000,-0.169648
159,0.592304,0.285402,0.631070,0.534230,-0.500000,0.034230
160,0.588617,0.017237,0.627866,0.131291,0.125000,-0.006291
161,0.591564,1.051202,0.630397,1.025281,0.875000,-0.150281
162,0.587987,0.026415,0.627436,0.162528,0.125000,-0.037528
163,0.587412,0.496661,0.627922,0.704742,0.500000,-0.204742
164,0.583762,0.003407,0.624363,0.058370,0.000000,-0.058370
165,0.581796,0.267206,0.623695,0.516919,-0.375000,0.141919
166,0.578206,0.000169,0.619926,0.012999,0.125000,0.137999
167,0.575610,0.155077,0.618538,0.393799,0.250000,-0.143799
168,0.575468,0.552322,0.619298,0.743184,0.375000,-0.368184
169,0.572262,0.046509,0.616852,0.215660,-0.375000,-0.159340
170,0.569509,0.115145,0.615180,0.339330,0.000000,-0.339330
171,0.566109,0.001719,0.611745,0.041466,0.000000,0.041466
172,0.563288,0.092266,0.609912,0.303754,-0.250000,0.053754
173,0.561032,0.182016,0.608827,0.426633,0.250000,-0.176633
174,0.557782,0.008445,0.605786,0.091894,-0.125000,-0.216894
175,0.557558,0.519601,0.606459,0.720834,0.375000,-0.345834
176,0.554326,0.001617,0.603167,0.040216,0.125000,0.084784
177,0.554246,0.540448,0.603930,0.735152,0.500000,-0.235152
178,0.551993,0.162330,0.602775,0.402902,0.375000,-0.027902
179,0.549131,0.051036,0.600621,0.225911,0.250000,0.024089
180,0.550354,0.764397,0.602176,0.874298,0.750000,-0.124298
181,0.548744,0.265379,0.601684,0.515149,-0.375000,0.140149
182,0.550823,0.918860,0.603689,0.958572,-0.875000,0.083572
183,0.549420,0.299627,0.603375,0.547382,0.375000,-0.172382
184,0.546433,0.011868,0.600628,0.108940,0.125000,0.016060
185,0.546479,0.554710,0.601424,0.744789,0.625000,-0.119789
186,0.544285,0.147215,0.600228,0.383686,0.375000,-0.008686
187,0.541318,0.001223,0.597139,0.034966,-0.125000,-0.159966
188,0.547309,1.643720,0.600862,1.282076,-0.875000,0.407076
189,0.544539,0.034745,0.598621,0.186400,0.500000,0.313600
190,0.541614,0.000544,0.595528,0.023317,0.125000,0.148317
191,0.538774,0.010521,0.592892,0.102572,0.000000,-0.102572
192,0.537134,0.230409,0.592292,0.480010,0.250000,-0.230010
193,0.536512,0.419650,0.592585,0.647804,-0.750000,-0.102196
194,0.541171,1.421636,0.595742,1.192324,1.125000,-0.067324
195,0.538741,0.077224,0.594078,0.277892,0.625000,0.902892
196,0.539380,0.661263,0.595219,0.813181,-1.000000,-0.186819
197,0.540882,0.829332,0.596854,0.910677,0.750000,-0.160677
198,0.538761,0.129487,0.595632,0.359842,0.125000,0.484842
199,0.536000,0.000203,0.592650,0.014236,-0.125000,-0.110764
200,0.533265,0.000015,0.589646,0.003836,0.375000,0.371164
201,0.532099,0.303487,0.589449,0.550896,0.250000,-0.300896
202,0.529623,0.042021,0.587508,0.204990,0.000000,-0.204990
203,0.533399,1.280936,0.590243,1.131784,-0.750000,0.381784
204,0.531390,0.131600,0.589105,0.362767,0.000000,-0.362767
205,0.529268,0.104878,0.587786,0.323849,-0.250000,0.073849
206,0.527510,0.174104,0.586942,0.417258,-0.500000,-0.082742
207,0.526633,0.349612,0.586963,0.591280,0.250000,-0.341280
208,0.525278,0.250186,0.586538,0.500186,0.250000,-0.250186
209,0.522919,0.041598,0.584671,0.203956,0.000000,-0.203956
210,0.525835,1.123681,0.586979,1.060038,-0.875000,0.185038
211,0.523352,0.011743,0.584667,0.108366,-0.125000,-0.233366
212,0.522180,0.279760,0.584399,0.528924,-0.500000,0.028924
213,0.520640,0.200280,0.583744,0.447527,-0.250000,0.197527
214,0.518371,0.044086,0.581964,0.209967,-0.250000,-0.040033
215,0.516048,0.028259,0.580003,0.168105,0.000000,-0.168105
216,0.513840,0.048029,0.578300,0.219154,0.125000,-0.094154
217,0.511450,0.004658,0.575906,0.068251,0.250000,0.318251
218,0.509077,0.003618,0.573496,0.060147,0.000000,0.060147
219,0.516656,2.138604,0.577630,1.462397,-1.000000,0.462397
220,0.517682,0.738252,0.578934,0.859216,0.875000,0.015784
221,0.517439,0.464935,0.579408,0.681862,-0.125000,0.556862
222,0.516150,0.236524,0.578981,0.486337,0.375000,-0.111337
223,0.513963,0.037070,0.577217,0.192536,0.250000,0.057464
224,0.512152,0.115653,0.576139,0.340078,-0.375000,-0.034922
225,0.510312,0.105540,0.575002,0.324869,0.250000,-0.074869
226,0.509534,0.337412,0.575028,0.580872,-0.125000,0.455872
227,0.512650,1.204550,0.577371,1.097520,-1.250000,-0.152480
228,0.511348,0.220847,0.576892,0.469944,-0.625000,-0.155056
229,0.509338,0.059292,0.575410,0.243499,-0.125000,-0.368499
230,0.507380,0.066811,0.574008,0.258478,0.000000,-0.258478
231,0.505729,0.132468,0.573082,0.363962,0.250000,-0.113962
232,0.504664,0.263013,0.572818,0.512848,0.125000,-0.387848
233,0.503234,0.177057,0.572154,0.420781,-0.500000,-0.079219
234,0.501240,0.044619,0.570585,0.211233,0.250000,0.461233
235,0.499241,0.039582,0.568976,0.198953,0.375000,0.176047
236,0.497332,0.056377,0.567547,0.237439,-0.375000,-0.137561
237,0.495199,0.000293,0.565185,0.017115,-0.250000,-0.232885
238,0.493084,0.000288,0.562842,0.016969,-0.250000,-0.266969
239,0.492418,0.336688,0.562916,0.580248,0.250000,-0.330248
240,0.490597,0.062652,0.561591,0.250304,0.250000,-0.000304
241,0.489051,0.123987,0.560707,0.352118,0.000000,-0.352118
242,0.489928,0.697851,0.561862,0.835375,0.500000,-0.335375
243,0.487954,0.018235,0.560076,0.135036,0.000000,0.135036
244,0.490239,1.036256,0.561984,1.017967,-0.875000,0.142967
245,0.489879,0.403585,0.562288,0.635283,0.625000,-0.010283
246,0.488287,0.104598,0.561301,0.323417,0.500000,0.176583
247,0.486502,0.054597,0.559952,0.233659,0.125000,-0.108659
248,0.484509,0.000064,0.557690,0.007971,0.000000,0.007971
249,0.482719,0.045954,0.556289,0.214368,-0.375000,-0.160632
250,0.480770,0.003242,0.554259,0.056942,0.000000,0.056942
251,0.478869,0.011248,0.552444,0.106057,0.250000,0.356057
252,0.476938,0.000056,0.550247,0.007502,-0.125000,-0.117498
253,0.475105,0.020425,0.548611,0.142916,-0.250000,-0.107084
254,0.473558,0.088489,0.547607,0.297472,-0.375000,-0.077528
255,0.471683,0.002913,0.545640,0.053969,0.000000,-0.053969
256,0.470181,0.093157,0.544686,0.305217,0.375000,0.069783
257,0.468349,0.006754,0.542858,0.082185,-0.125000,-0.042815
258,0.466509,0.000781,0.540830,0.027941,-0.125000,-0.152941
259,0.465419,0.188681,0.540413,0.434375,0.500000,0.065625
260,0.464232,0.161631,0.539872,0.402033,0.500000,0.097967
261,0.466834,1.132965,0.541913,1.064408,1.125000,0.060592
262,0.465194,0.043577,0.540622,0.208750,0.375000,0.166250
263,0.463407,0.002346,0.538722,0.048438,-0.125000,-0.076562
264,0.462227,0.156619,0.538172,0.395751,-0.250000,0.145751
265,0.460529,0.018988,0.536638,0.137797,0.000000,0.137797
266,0.459055,0.074347,0.535630,0.272667,-0.250000,0.022667
267,0.457401,0.024256,0.534186,0.155744,-0.250000,-0.094256
268,0.457332,0.439037,0.534672,0.662599,0.375000,-0.287599
269,0.464988,2.486301,0.538605,1.576801,1.500000,-0.076801
270,0.463607,0.097590,0.537755,0.312395,0.750000,0.437605
271,0.462559,0.183699,0.537346,0.428601,-0.250000,0.178601
272,0.463903,0.822763,0.538725,0.907063,-0.875000,0.032063
273,0.462227,0.013158,0.537149,0.114706,0.125000,0.010294
274,0.460518,0.000629,0.535252,0.025086,0.500000,0.525086
275,0.458874,0.015127,0.533731,0.122993,0.000000,0.122993
276,0.457384,0.053670,0.532621,0.231668,-0.125000,-0.356668
277,0.456811,0.300807,0.532679,0.548459,0.375000,-0.173459
278,0.457256,0.578683,0.533511,0.760712,-0.375000,0.385712
279,0.460105,1.240873,0.535622,1.113945,-0.750000,0.363945
280,0.458560,0.033703,0.534346,0.183584,0.000000,-0.183584
281,0.459907,0.831593,0.535709,0.911917,-1.000000,-0.088083
282,0.459231,0.271983,0.535658,0.521520,0.375000,-0.146520
283,0.458339,0.210430,0.535382,0.458726,0.750000,0.291274
284,0.457546,0.236292,0.535206,0.486099,-0.500000,-0.013901
285,0.457710,0.503681,0.535827,0.709705,0.750000,0.040295
286,0.456471,0.108264,0.535094,0.329036,0.875000,0.545964
287,0.455672,0.230426,0.534899,0.480028,-0.375000,0.105028
288,0.454426,0.101580,0.534138,0.318716,0.000000,0.318716
289,0.453176,0.098285,0.533364,0.313504,0.250000,-0.063504
290,0.452853,0.360875,0.533600,0.600729,0.500000,-0.100729
291,0.451279,0.000889,0.531844,0.029815,0.250000,0.220185
292,0.454708,1.438968,0.534163,1.199570,0.875000,-0.324570
293,0.453230,0.027564,0.532889,0.166023,-0.250000,-0.083977
294,0.451887,0.063729,0.531922,0.252446,0.375000,0.122554
295,0.450379,0.013213,0.530489,0.114948,0.000000,0.114948
296,0.451510,0.780614,0.531698,0.883523,-1.000000,-0.116477
297,0.450429,0.134655,0.531136,0.366953,0.125000,-0.241953
298,0.449084,0.055033,0.530127,0.234591,0.125000,-0.109591
299,0.449087,0.449863,0.530604,0.670718,0.250000,-0.420718
300,0.447832,0.077773,0.529753,0.278877,-0.250000,0.028877
301,0.446487,0.048221,0.528709,0.219592,-0.125000,-0.344592
302,0.445561,0.170528,0.528320,0.412950,0.375000,-0.037950
303,0.446040,0.588929,0.529120,0.767417,-0.375000,0.392417
304,0.447087,0.760227,0.530263,0.871910,0.625000,-0.246910
305,0.446253,0.195855,0.529971,0.442555,-0.125000,0.317555
306,0.445114,0.102181,0.529275,0.319657,-0.250000,0.069657
307,0.446166,0.763999,0.530413,0.874070,-0.625000,0.249070
308,0.444983,0.086507,0.529636,0.294121,0.375000,0.080879
309,0.443624,0.030670,0.528473,0.175130,0.000000,0.175130
310,0.442215,0.012272,0.527108,0.110777,0.000000,0.110777
311,0.440822,0.014585,0.525785,0.120770,0.125000,0.004230
312,0.439401,0.003233,0.524262,0.056864,0.000000,0.056864
313,0.438076,0.029990,0.523126,0.173176,0.000000,0.173176
314,0.437583,0.285212,0.523161,0.534053,-0.375000,0.159053
315,0.439619,1.070787,0.524806,1.034788,0.875000,-0.159788
316,0.438640,0.133996,0.524298,0.366055,0.125000,0.491055
317,0.438673,0.449242,0.524764,0.670255,0.625000,-0.045255
318,0.437299,0.007224,0.523363,0.084995,0.000000,0.084995
319,0.436154,0.076463,0.522580,0.276519,-0.250000,0.026519
320,0.436042,0.400907,0.522930,0.633172,-0.625000,0.008172
321,0.434815,0.047034,0.521964,0.216872,0.250000,0.033128
322,0.434118,0.213249,0.521775,0.461789,-0.500000,-0.038211
323,0.432910,0.048643,0.520831,0.220551,0.000000,-0.220551
324,0.433213,0.529743,0.521478,0.727834,0.625000,-0.102834
325,0.433416,0.498479,0.522053,0.706030,-0.625000,0.081030
326,0.432153,0.026885,0.520940,0.163966,0.000000,-0.163966
327,0.431222,0.131383,0.520450,0.362468,-0.125000,0.237468
328,0.429909,0.005800,0.519079,0.076160,-0.125000,-0.201160
329,0.428678,0.029712,0.518012,0.172370,-0.125000,0.047370
330,0.429113,0.570673,0.518740,0.755429,-0.875000,-0.119571
331,0.427836,0.011372,0.517480,0.106640,-0.250000,-0.356640
332,0.426533,0.000580,0.515976,0.024081,0.125000,0.149081
333,0.425440,0.066814,0.515193,0.258485,-0.375000,-0.116515
334,0.424548,0.130940,0.514728,0.361856,0.125000,-0.236856
335,0.424112,0.280512,0.514773,0.529634,0.500000,-0.029634
336,0.424852,0.669803,0.515688,0.818415,1.000000,0.181585
337,0.423578,0.000641,0.514215,0.025326,0.500000,0.525326
338,0.422402,0.030655,0.513200,0.175086,0.250000,0.074914
339,0.421391,0.083619,0.512531,0.289169,0.250000,-0.039169
340,0.420469,0.111703,0.512001,0.334220,-0.125000,0.209220
341,0.419753,0.179074,0.511737,0.423171,0.500000,0.076829
342,0.420099,0.536899,0.512391,0.732734,-0.625000,0.107734
343,0.419413,0.187426,0.512156,0.432927,0.125000,-0.307927
344,0.418730,0.187261,0.511923,0.432737,-0.375000,0.057737
345,0.418354,0.290390,0.512002,0.538879,0.375000,-0.163879
346,0.417994,0.295355,0.512094,0.543465,-0.500000,0.043465
347,0.416776,0.000295,0.510651,0.017189,0.000000,-0.017189
348,0.415800,0.081032,0.509994,0.284662,-0.250000,0.034662
349,0.414821,0.077839,0.509324,0.278996,-0.125000,0.153996
350,0.413698,0.026447,0.508322,0.162626,-0.250000,-0.087374
351,0.412518,0.004101,0.507042,0.064039,0.125000,0.060961
352,0.411418,0.029582,0.506079,0.171995,0.000000,-0.171995
353,0.410382,0.050148,0.505271,0.223938,-0.125000,0.098938
354,0.409212,0.000706,0.503903,0.026573,0.000000,-0.026573
355,0.408063,0.005973,0.502688,0.077285,0.000000,0.077285
356,0.406904,0.000014,0.501270,0.003750,0.000000,0.003750
357,0.406506,0.266551,0.501313,0.516286,0.500000,-0.016286
358,0.406718,0.481543,0.501857,0.693933,-0.500000,0.193933
359,0.406692,0.397365,0.502219,0.630369,0.500000,-0.130369
360,0.405550,0.000057,0.500829,0.007532,0.125000,0.132532
361,0.404468,0.019515,0.499818,0.139695,0.000000,-0.139695
362,0.405282,0.695811,0.500752,0.834153,0.750000,-0.084153
363,0.405125,0.348940,0.501002,0.590711,0.625000,0.034289
364,0.407019,1.086931,0.502507,1.042560,0.875000,-0.167560
365,0.405966,0.026913,0.501569,0.164053,0.375000,0.210947
366,0.404871,0.009377,0.500451,0.096834,0.000000,-0.096834
367,0.403755,0.000046,0.499091,0.006755,-0.375000,-0.368245
368,0.403958,0.477478,0.499618,0.690998,-1.000000,-0.309002
369,0.403132,0.102396,0.499126,0.319994,-0.375000,-0.055006
370,0.402041,0.004114,0.497938,0.064144,-0.125000,-0.060856
371,0.401642,0.255368,0.497958,0.505340,0.125000,-0.380340
372,0.407210,2.450885,0.500859,1.565530,0.875000,-0.690530
373,0.407269,0.428717,0.501276,0.654765,0.625000,-0.029765
374,0.406289,0.044596,0.500492,0.211178,-0.125000,0.086178
375,0.405194,0.000172,0.499178,0.013109,0.250000,0.263109
376,0.404255,0.055897,0.498472,0.236425,-0.250000,-0.013575
377,0.403211,0.014853,0.497462,0.121872,-0.125000,-0.246872
378,0.402318,0.069098,0.496835,0.262865,0.125000,-0.137865
379,0.401992,0.280182,0.496921,0.529322,-0.750000,-0.220678
380,0.401027,0.039327,0.496127,0.198311,-0.625000,-0.426689
381,0.399983,0.007384,0.495039,0.085930,-0.250000,-0.164070
382,0.398937,0.004625,0.493910,0.068004,-0.125000,-0.193004
383,0.397942,0.021694,0.492995,0.147290,-0.250000,-0.102710
384,0.397795,0.342195,0.493237,0.584974,0.375000,-0.209974
385,0.396859,0.041259,0.492476,0.203122,0.125000,-0.078122
386,0.396805,0.376081,0.492792,0.613254,0.750000,0.136746
387,0.398266,0.956219,0.494058,0.977865,1.250000,0.272135
388,0.397492,0.101047,0.493599,0.317879,-0.125000,0.192879
389,0.397041,0.224054,0.493547,0.473343,0.375000,-0.098343
390,0.396605,0.228772,0.493507,0.478301,-0.375000,0.103301
391,0.395843,0.101781,0.493056,0.319031,0.000000,-0.319031
392,0.395362,0.208993,0.492964,0.457158,-0.500000,-0.042842
393,0.394442,0.037444,0.492194,0.193504,-0.250000,-0.443504
394,0.399007,2.174814,0.494713,1.474725,0.875000,-0.599725
395,0.398650,0.259633,0.494751,0.509542,0.625000,0.115458
396,0.397686,0.020659,0.493856,0.143733,-0.125000,-0.268733
397,0.396686,0.004674,0.492773,0.068368,0.125000,0.193368
398,0.396007,0.129269,0.492435,0.359540,-0.250000,0.109540
399,0.395545,0.213479,0.492358,0.462038,-0.250000,0.212038
400,0.394751,0.080981,0.491833,0.284571,0.375000,0.090429
401,0.393947,0.075702,0.491288,0.275140,-0.375000,-0.099860
402,0.392996,0.015340,0.490364,0.123857,-0.375000,-0.251143
403,0.396129,1.643110,0.492348,1.281838,1.375000,0.093162
404,0.397341,0.881051,0.493464,0.938643,-0.500000,0.438643
405,0.396823,0.189577,0.493319,0.435405,-0.500000,-0.064595
406,0.395851,0.006048,0.492285,0.077769,0.250000,0.172231
407,0.396506,0.659904,0.493079,0.812345,0.875000,0.062655
408,0.395538,0.005440,0.492042,0.073756,0.125000,0.198756
409,0.394994,0.175194,0.491860,0.418562,0.500000,0.081438
410,0.394243,0.090094,0.491388,0.300157,0.000000,-0.300157
411,0.394568,0.526549,0.491964,0.725637,1.000000,0.274363
412,0.393911,0.126314,0.491629,0.355407,0.750000,0.394593
413,0.393061,0.046423,0.490954,0.215460,-0.375000,-0.159540
414,0.392105,0.000977,0.489832,0.031250,-0.250000,-0.281250
415,0.391397,0.101064,0.489414,0.317906,-0.375000,-0.057094
416,0.391512,0.438627,0.489834,0.662289,-0.750000,-0.087711
417,0.390577,0.005652,0.488830,0.075178,-0.125000,-0.049822
418,0.389642,0.003453,0.487791,0.058758,-0.250000,-0.308758
419,0.389227,0.217352,0.487739,0.466210,0.000000,-0.466210
420,0.388816,0.218451,0.487690,0.467387,-0.250000,0.217387
421,0.388057,0.072209,0.487165,0.268718,0.375000,0.106282
422,0.387477,0.145601,0.486912,0.381577,-0.125000,0.256577
423,0.389112,1.072528,0.488222,1.035629,1.250000,0.214371
424,0.390998,1.181030,0.489647,1.086752,-0.750000,0.336752
425,0.390415,0.145585,0.489390,0.381557,0.500000,0.118443
426,0.390200,0.299917,0.489528,0.547646,-0.125000,0.422646
427,0.389380,0.043282,0.488863,0.208042,0.000000,0.208042
428,0.388669,0.087966,0.488409,0.296590,-0.250000,0.046590
429,0.387855,0.042567,0.487745,0.206317,0.375000,0.168683
430,0.387019,0.031777,0.487019,0.178261,0.000000,-0.178261
431,0.386371,0.110112,0.486656,0.331831,0.625000,0.293169
432,0.390045,1.958877,0.488789,1.399599,1.375000,-0.024599
433,0.389139,0.001510,0.487740,0.038857,0.250000,0.211143
434,0.388401,0.071820,0.487229,0.267992,0.250000,-0.017992
435,0.388613,0.479894,0.487706,0.692744,-0.500000,0.192744
436,0.387782,0.029621,0.486975,0.172108,0.000000,-0.172108
437,0.387148,0.113167,0.486627,0.336404,-0.250000,0.086404
438,0.386272,0.006731,0.485695,0.082044,0.000000,-0.082044
439,0.385534,0.065250,0.485166,0.255440,0.000000,-0.255440
440,0.384725,0.032898,0.484469,0.181378,-0.250000,-0.068622
441,0.383909,0.028428,0.483746,0.168605,-0.250000,-0.081395
442,0.423979,17.934449,0.492310,4.234908,-4.000000,0.234908
443,0.425422,1.057223,0.493531,1.028213,1.500000,0.471787
444,0.424458,0.001410,0.492495,0.037555,0.750000,0.787555
445,0.426603,1.370434,0.494033,1.170655,1.125000,-0.045655
446,0.425714,0.033609,0.493330,0.183327,0.125000,0.308327
447,0.426631,0.831974,0.494275,0.912126,-0.500000,0.412126
448,0.428205,1.125402,0.495551,1.060850,-0.875000,0.185850
449,0.432688,2.423359,0.497936,1.556714,-0.250000,1.306714
450,0.431923,0.091192,0.497496,0.301980,0.000000,-0.301980
451,0.430966,0.004261,0.496530,0.065276,-0.375000,-0.309724
452,0.430032,0.012642,0.495672,0.112436,-0.375000,-0.487436
453,0.429364,0.130000,0.495371,0.360556,-0.625000,-0.264444
454,0.429042,0.284545,0.495456,0.533427,0.375000,-0.158427
455,0.428268,0.079996,0.494984,0.282835,-0.125000,0.157835
456,0.427484,0.073835,0.494490,0.271726,-0.250000,0.021726
457,0.426777,0.107437,0.494122,0.327776,-0.375000,-0.047224
458,0.427173,0.606526,0.494749,0.778798,-0.750000,0.028798
459,0.426297,0.028575,0.494034,0.169040,0.125000,-0.044040
460,0.425693,0.150591,0.493801,0.388061,0.500000,0.111939
461,0.424770,0.003803,0.492856,0.061672,-0.125000,-0.186672
462,0.423875,0.015135,0.492048,0.123026,0.000000,-0.123026
463,0.423318,0.168033,0.491869,0.409918,-0.500000,-0.090082
464,0.422425,0.012660,0.491045,0.112518,-0.125000,-0.012482
465,0.426252,2.186692,0.493187,1.478747,-1.375000,0.103747
466,0.425709,0.175385,0.493026,0.418790,-0.625000,-0.206210
467,0.427305,1.164455,0.494292,1.079099,-1.250000,-0.170901
468,0.466384,18.560114,0.502511,4.308145,-4.500000,-0.191855
469,0.465443,0.028637,0.501795,0.169225,-1.000000,-0.830775
470,0.470342,2.748780,0.504276,1.657944,1.250000,-0.407944
471,0.469579,0.113887,0.503918,0.337471,0.375000,0.037529
472,0.470112,0.719058,0.504654,0.847973,-0.625000,0.222973
473,0.470275,0.546313,0.505154,0.739130,0.375000,-0.364130
474,0.469379,0.049293,0.504551,0.222020,0.500000,0.277980
475,0.472581,1.977314,0.506465,1.406170,-0.375000,1.031170
476,0.471923,0.162144,0.506245,0.402671,0.125000,-0.277671
477,0.470927,0.000783,0.505234,0.027978,-0.250000,-0.277978
478,0.470591,0.311790,0.505346,0.558382,0.000000,-0.558382
479,0.470135,0.253794,0.505343,0.503779,-0.750000,-0.246221
480,0.469916,0.366172,0.505553,0.605121,0.000000,-0.605121
481,0.472505,1.704922,0.507230,1.305727,1.125000,-0.180727
482,0.471746,0.109587,0.506862,0.331040,-0.500000,-0.168960
483,0.470873,0.053635,0.506287,0.231592,-0.375000,-0.606592
484,0.471877,0.952651,0.507266,0.976039,0.625000,-0.351039
485,0.471094,0.095243,0.506853,0.308615,0.000000,-0.308615
486,0.470163,0.022348,0.506111,0.149492,0.000000,-0.149492
487,0.469382,0.092839,0.505694,0.304694,0.125000,-0.179694
488,0.468412,0.000073,0.504667,0.008518,0.000000,-0.008518
489,0.469683,1.084947,0.505774,1.041608,0.875000,-0.166608
490,0.468814,0.047067,0.505180,0.216949,0.250000,0.033051
491,0.468658,0.393167,0.505430,0.627031,0.625000,-0.002031
492,0.469310,0.786628,0.506212,0.886920,0.750000,-0.136920
493,0.475048,3.275147,0.508877,1.809737,1.625000,-0.184737
494,0.474294,0.105860,0.508503,0.325361,-0.250000,0.075361
495,0.474032,0.345257,0.508664,0.587586,0.375000,-0.212586
496,0.473263,0.095854,0.508259,0.309603,-0.125000,0.184603
497,0.475391,1.522525,0.509731,1.233907,1.000000,-0.233907
498,0.475514,0.536194,0.510182,0.732253,1.000000,0.267747
499,0.474780,0.111781,0.509827,0.334336,-0.375000,-0.040664
500,0.475275,0.720566,0.510510,0.848862,0.500000,-0.348862
501,0.474948,0.312947,0.510608,0.559417,-0.500000,0.059417
502,0.474397,0.200385,0.510482,0.447644,-0.750000,-0.302356
503,0.475686,1.117728,0.511578,1.057226,-1.250000,-0.192774
504,0.475811,0.537817,0.512021,0.733360,-1.125000,-0.391640
505,0.476432,0.786905,0.512770,0.887077,0.500000,-0.387077
506,0.475622,0.070057,0.512276,0.264682,-0.250000,0.014682
507,0.474730,0.027005,0.511584,0.164331,-0.625000,-0.460669
508,0.474196,0.205371,0.511468,0.453179,0.250000,-0.203179
509,0.473394,0.069344,0.510977,0.263332,-0.250000,0.013332
510,0.472950,0.248904,0.510953,0.498903,-0.625000,-0.126097
511,0.472019,0.000896,0.510004,0.029929,-0.125000,-0.095071
512,0.471230,0.071106,0.509525,0.266658,0.125000,-0.141658
513,0.470873,0.289713,0.509581,0.538250,0.250000,-0.288250
514,0.470034,0.042950,0.508989,0.207244,-0.375000,-0.167756
515,0.469281,0.085225,0.508564,0.291934,-0.125000,-0.416934
516,0.468872,0.259500,0.508566,0.509412,-0.750000,-0.240588
517,0.468285,0.167689,0.508372,0.409498,0.375000,-0.034498
518,0.467706,0.170788,0.508187,0.413266,0.500000,0.086734
519,0.467882,0.558453,0.508652,0.747297,-0.875000,-0.127703
520,0.468390,0.729985,0.509322,0.854392,-1.125000,-0.270608
521,0.467546,0.032256,0.508684,0.179599,-0.375000,-0.195401
522,0.466903,0.134236,0.508409,0.366382,0.250000,-0.116382
523,0.466958,0.495750,0.508786,0.704095,0.750000,0.045905
524,0.466203,0.074356,0.508332,0.272683,-0.500000,-0.227317
525,0.465310,0.000578,0.507403,0.024043,-0.125000,-0.149043
526,0.464426,0.004044,0.506553,0.063591,0.125000,0.061409
527,0.463554,0.008220,0.505757,0.090663,0.000000,0.090663
528,0.462693,0.012490,0.505005,0.111761,0.000000,-0.111761
529,0.461914,0.053503,0.504484,0.231306,0.000000,-0.231306
530,0.461324,0.151813,0.504266,0.389632,-0.375000,0.014632
531,0.461150,0.369697,0.504463,0.608027,-0.625000,-0.016973
532,0.460493,0.114135,0.504147,0.337839,0.125000,-0.212839
533,0.460384,0.403113,0.504394,0.634912,-0.625000,0.009912
534,0.460450,0.495213,0.504770,0.703714,0.375000,-0.328714
535,0.459612,0.015205,0.504052,0.123308,0.000000,-0.123308
536,0.460839,1.112433,0.505087,1.054719,0.750000,-0.304719
537,0.460678,0.375124,0.505289,0.612474,-0.625000,-0.012526
538,0.459844,0.015532,0.504576,0.124626,0.000000,-0.124626
539,0.460726,0.931389,0.505436,0.965085,0.750000,-0.215085
540,0.460728,0.461962,0.505761,0.679678,0.750000,0.070322
541,0.461038,0.627209,0.506294,0.791965,0.500000,-0.291965
542,0.469187,4.845266,0.509445,2.201196,2.000000,-0.201196
543,0.468324,0.003842,0.508615,0.061985,0.250000,0.311985
544,0.468444,0.533332,0.509025,0.730296,0.750000,0.019704
545,0.470521,1.592164,0.510417,1.261810,-1.125000,0.136810
546,0.472020,1.282564,0.511564,1.132503,-1.375000,-0.242497
547,0.471178,0.014977,0.510848,0.122382,0.125000,0.002618
548,0.470335,0.012642,0.510115,0.112435,0.250000,0.137565
549,0.470224,0.409757,0.510354,0.640122,0.250000,-0.390122
550,0.469809,0.243968,0.510324,0.493931,-0.625000,-0.131069
551,0.470281,0.727672,0.510950,0.853037,0.625000,-0.228037
552,0.469449,0.014673,0.510239,0.121132,0.500000,0.378868
553,0.468951,0.195949,0.510116,0.442661,-0.125000,0.317661
554,0.468757,0.361968,0.510282,0.601638,0.500000,-0.101638
555,0.469671,0.972510,0.511146,0.986159,1.000000,0.013841
556,0.469764,0.521165,0.511528,0.721918,-0.625000,0.096918
557,0.468980,0.036182,0.510947,0.190216,0.250000,0.059784
558,0.469629,0.828266,0.511667,0.910091,-0.750000,0.160091
559,0.469397,0.340901,0.511797,0.583868,-0.625000,-0.041132
560,0.469213,0.367072,0.511966,0.605864,0.500000,-0.105864
561,0.468778,0.226962,0.511903,0.476405,-0.500000,-0.023595
562,0.468100,0.090620,0.511525,0.301032,0.000000,-0.301032
563,0.467432,0.094662,0.511160,0.307672,0.500000,0.192328
564,0.468038,0.806657,0.511851,0.898141,0.875000,-0.023141
565,0.467217,0.007671,0.511095,0.087582,0.125000,0.212582
566,0.467713,0.745673,0.511722,0.863524,-0.750000,0.113524
567,0.467552,0.377097,0.511904,0.614082,0.500000,-0.114082
568,0.466728,0.002953,0.511092,0.054337,0.125000,0.179337
569,0.466596,0.392257,0.511296,0.626304,0.500000,-0.126304
570,0.468018,1.271306,0.512385,1.127522,-1.125000,0.002522
571,0.467193,0.000219,0.511508,0.014784,-0.500000,-0.514784
572,0.467304,0.530016,0.511889,0.728022,-0.875000,-0.146978
573,0.466894,0.234545,0.511840,0.484298,-0.625000,-0.140702
574,0.466079,0.002299,0.511026,0.047950,-0.250000,-0.202050
575,0.465623,0.205560,0.510925,0.453387,0.250000,-0.203387
576,0.465633,0.471354,0.511232,0.686552,0.500000,-0.186552
577,0.466267,0.828661,0.511929,0.910308,-0.625000,0.285308
578,0.466156,0.402921,0.512143,0.634761,-0.375000,0.259761
579,0.465644,0.171281,0.511972,0.413861,0.625000,0.211139
580,0.464848,0.007189,0.511230,0.084788,0.375000,0.290212
581,0.464179,0.079270,0.510832,0.281549,-0.250000,0.031549
582,0.467869,2.596671,0.512736,1.611419,1.500000,-0.111419
583,0.467292,0.133636,0.512482,0.365563,0.125000,0.490563
584,0.467688,0.697210,0.513038,0.834991,1.000000,0.165009
585,0.466996,0.065930,0.512597,0.256769,0.125000,0.381769
586,0.467058,0.502914,0.512935,0.709164,-0.625000,0.084164
587,0.471538,3.078793,0.515065,1.754649,1.625000,-0.129649
588,0.471586,0.499778,0.515393,0.706950,-0.125000,0.581950
589,0.471432,0.381529,0.515568,0.617680,0.250000,-0.367680
590,0.473109,1.453955,0.516746,1.205801,-1.000000,0.205801
591,0.472517,0.125401,0.516469,0.354120,-0.625000,-0.270880
592,0.471717,0.002329,0.515673,0.048256,-0.125000,-0.076744
593,0.470916,0.000009,0.514802,0.003045,0.250000,0.246955
594,0.470118,0.000034,0.513940,0.005830,-0.250000,-0.255830
595,0.469326,0.001719,0.513140,0.041464,-0.125000,-0.083536
596,0.469895,0.806397,0.513790,0.897996,-1.000000,-0.102004
597,0.470398,0.768221,0.514402,0.876482,1.000000,0.123518
598,0.470983,0.817956,0.515059,0.904409,-0.500000,0.404409
599,0.470247,0.032807,0.514497,0.181128,0.125000,-0.056128
600,0.469473,0.008882,0.513792,0.094247,0.000000,-0.094247
601,0.468715,0.017038,0.513150,0.130528,0.250000,0.119472
602,0.468077,0.087275,0.512786,0.295423,0.250000,-0.045423
603,0.467500,0.122614,0.512515,0.350162,-0.125000,0.225162
604,0.466875,0.092256,0.512167,0.303736,0.125000,-0.178736
605,0.466158,0.036396,0.511632,0.190778,-0.125000,0.065778
606,0.465434,0.030150,0.511071,0.173637,-0.375000,-0.201363
607,0.465287,0.376779,0.511241,0.613823,0.500000,-0.113823
608,0.467502,1.803164,0.512618,1.342819,1.375000,0.032181
609,0.468961,1.349813,0.513691,1.161815,-0.750000,0.411815
610,0.469929,1.055877,0.514539,1.027559,1.250000,0.222441
611,0.469464,0.187439,0.514404,0.432942,0.750000,0.317058
612,0.469675,0.598102,0.514830,0.773370,-0.500000,0.273370
613,0.468904,0.000205,0.514008,0.014317,0.125000,0.139317
614,0.468225,0.054765,0.513549,0.234020,0.250000,0.015980
615,0.472388,3.011681,0.515549,1.735420,-1.750000,-0.014580
616,0.472393,0.475442,0.515833,0.689523,-0.625000,0.064523
617,0.474522,1.777603,0.517167,1.333268,-1.750000,-0.416732
618,0.474746,0.611592,0.517598,0.782044,0.250000,-0.532044
619,0.474966,0.610328,0.518027,0.781235,1.000000,0.218765
620,0.474201,0.003621,0.517284,0.060173,0.000000,0.060173
621,0.473535,0.063432,0.516854,0.251856,0.125000,-0.126856
622,0.474295,0.943326,0.517589,0.971250,-0.500000,0.471250
623,0.474750,0.755887,0.518157,0.869417,-0.750000,0.119417
624,0.476543,1.586506,0.519353,1.259566,-1.000000,0.259566
625,0.475815,0.024201,0.518767,0.155566,-0.250000,-0.094434
626,0.475055,0.002790,0.518018,0.052824,-0.125000,-0.072176
627,0.474374,0.050970,0.517549,0.225766,-0.375000,-0.149234
628,0.474654,0.648884,0.518011,0.805533,0.625000,-0.180533
629,0.473897,0.001783,0.517249,0.042230,0.250000,0.292230
630,0.474010,0.544741,0.517602,0.738066,0.875000,0.136934
631,0.473391,0.085848,0.517244,0.292999,0.000000,0.292999
632,0.472649,0.007634,0.516559,0.087371,0.000000,0.087371
633,0.472266,0.231634,0.516503,0.481284,-0.500000,-0.018716
634,0.471517,0.000106,0.515700,0.010307,0.000000,0.010307
635,0.470858,0.056055,0.515258,0.236760,-0.250000,-0.013240
636,0.471560,0.914574,0.515956,0.956333,-1.000000,-0.043667
637,0.470914,0.062639,0.515536,0.250278,-0.125000,-0.375278
638,0.470241,0.044061,0.515054,0.209906,0.125000,-0.084906
639,0.469502,0.001120,0.514295,0.033469,0.000000,0.033469
640,0.473534,3.033574,0.516225,1.741716,-1.625000,0.116716
641,0.473132,0.217637,0.516147,0.466516,0.250000,-0.216516
642,0.472829,0.279878,0.516167,0.529035,-0.375000,0.154035
643,0.472153,0.040677,0.515675,0.201685,-0.125000,0.076685
644,0.472291,0.560691,0.516040,0.748793,0.625000,-0.123793
645,0.471704,0.095929,0.515718,0.309724,-0.375000,-0.065276
646,0.470973,0.002463,0.514992,0.049628,-0.125000,-0.174628
647,0.473202,1.903859,0.516337,1.379804,-1.125000,0.254804
648,0.472480,0.008547,0.515678,0.092451,-0.125000,-0.217451
649,0.471832,0.054461,0.515241,0.233368,0.250000,0.016632
650,0.471118,0.010593,0.514602,0.102922,0.000000,-0.102922
651,0.470833,0.286922,0.514635,0.535651,-0.625000,-0.089349
652,0.470725,0.400754,0.514818,0.633051,-0.750000,-0.116949
653,0.470340,0.220844,0.514749,0.469941,0.250000,-0.219941
654,0.469806,0.122819,0.514496,0.350455,-0.250000,0.100455
655,0.469338,0.165265,0.514330,0.406528,-0.625000,-0.218472
656,0.470120,0.979212,0.515059,0.989551,0.750000,-0.239551
657,0.469796,0.258761,0.515049,0.508686,-0.375000,0.133686
658,0.469086,0.005381,0.514374,0.073358,-0.125000,-0.051642
659,0.469426,0.691573,0.514858,0.831609,-0.750000,0.081609
660,0.468723,0.008682,0.514215,0.093175,-0.250000,-0.156825
661,0.468352,0.224666,0.514154,0.473990,0.375000,-0.098990
662,0.467781,0.093023,0.513836,0.304997,-0.250000,0.054997
663,0.467252,0.119084,0.513580,0.345086,0.125000,-0.220086
664,0.466547,0.001654,0.512864,0.040663,-0.125000,-0.084337
665,0.465844,0.001720,0.512150,0.041473,-0.125000,-0.166473
666,0.465446,0.202661,0.512057,0.450179,0.375000,-0.075179
667,0.465098,0.234915,0.512016,0.484680,0.500000,0.015320
668,0.464407,0.006071,0.511362,0.077919,-0.125000,-0.202919
669,0.465356,1.095165,0.512166,1.046501,1.000000,-0.046501
670,0.464659,0.001204,0.511450,0.034701,0.250000,0.284701
671,0.463984,0.014780,0.510865,0.121572,0.250000,0.128428
672,0.463532,0.161985,0.510703,0.402474,0.500000,0.097526
673,0.463082,0.162685,0.510542,0.403342,0.500000,0.096658
674,0.462391,0.000002,0.509783,0.001522,0.125000,0.126522
675,0.461725,0.015096,0.509206,0.122867,0.000000,0.122867
676,0.461275,0.159537,0.509043,0.399421,-0.375000,0.024421
677,0.461152,0.378585,0.509200,0.615292,0.625000,0.009708
678,0.460604,0.091930,0.508895,0.303199,0.500000,0.196801
679,0.460118,0.132229,0.508680,0.363633,0.250000,-0.113633
680,0.459558,0.081560,0.508350,0.285587,-0.250000,0.035587
681,0.458908,0.019317,0.507804,0.138985,-0.125000,0.013985
682,0.458541,0.210147,0.507731,0.458418,-0.375000,0.083418
683,0.458174,0.209739,0.507658,0.457973,-0.375000,0.082973
684,0.457590,0.060642,0.507273,0.246257,-0.250000,-0.003743
685,0.458179,0.859026,0.507890,0.926836,1.000000,0.073164
686,0.458956,0.988333,0.508603,0.994149,-0.625000,0.369149
687,0.458863,0.395264,0.508778,0.628701,-0.500000,0.128701
688,0.459664,1.006956,0.509502,1.003472,1.000000,-0.003472
689,0.459158,0.112459,0.509247,0.335349,-0.125000,0.210349
690,0.461047,1.755101,0.510436,1.324802,1.250000,-0.074802
691,0.460517,0.096905,0.510146,0.311296,-0.125000,0.186296
692,0.462024,1.497300,0.511183,1.223642,1.000000,-0.223642
693,0.462664,0.903580,0.511821,0.950569,-0.750000,0.200569
694,0.462075,0.055736,0.511422,0.236084,-0.250000,-0.013916
695,0.461444,0.025969,0.510915,0.161148,-0.250000,-0.088852
696,0.461775,0.690659,0.511377,0.831059,-0.875000,-0.043941
697,0.461290,0.126093,0.511152,0.355096,0.000000,-0.355096
698,0.460879,0.176027,0.511020,0.419555,0.375000,-0.044555
699,0.461285,0.743055,0.511525,0.862007,0.750000,-0.112007
700,0.460840,0.151065,0.511348,0.388671,0.625000,0.236329
701,0.460648,0.326987,0.511435,0.571828,-0.500000,0.071828
702,0.460915,0.647121,0.511855,0.804438,-0.750000,0.054438
703,0.460308,0.036768,0.511397,0.191749,-0.125000,0.066749
704,0.459892,0.168924,0.511253,0.411003,0.375000,-0.036003
705,0.460074,0.587796,0.511618,0.766678,-0.875000,-0.108322
706,0.459595,0.123607,0.511390,0.351578,0.250000,-0.101578
707,0.459534,0.417092,0.511581,0.645827,-0.500000,0.145827
708,0.459192,0.218172,0.511518,0.467089,0.500000,0.032911
709,0.458703,0.114432,0.511272,0.338279,-0.125000,0.213279
710,0.458057,0.002988,0.510625,0.054664,0.000000,-0.054664
711,0.457925,0.364332,0.510757,0.603599,0.500000,-0.103599
712,0.457614,0.237923,0.510724,0.487774,0.625000,0.137226
713,0.457592,0.442169,0.510942,0.664958,0.625000,-0.039958
714,0.457902,0.678001,0.511382,0.823408,0.875000,0.051592
715,0.457438,0.127686,0.511165,0.357332,-0.250000,0.107332
716,0.456865,0.049768,0.510761,0.223088,0.000000,0.223088
717,0.456437,0.151215,0.510590,0.388863,0.375000,-0.013863
718,0.457048,0.892845,0.511198,0.944905,1.000000,0.055095
719,0.457760,0.966425,0.511858,0.983069,-0.875000,0.108069
720,0.458176,0.755353,0.512357,0.869110,0.625000,-0.244110
721,0.457573,0.025499,0.511865,0.159685,0.250000,0.090315
722,0.456942,0.005002,0.511251,0.070728,0.125000,0.054272
723,0.456632,0.234110,0.511213,0.483849,0.500000,0.016151
724,0.456333,0.240983,0.511184,0.490900,-0.500000,-0.009100
725,0.455829,0.092870,0.510898,0.304746,0.125000,-0.179746
726,0.455555,0.258173,0.510894,0.508108,-0.375000,0.133108
727,0.455061,0.098552,0.510622,0.313929,0.250000,-0.063929
728,0.455651,0.882261,0.511214,0.939287,0.875000,-0.064287
729,0.455592,0.412703,0.511395,0.642420,-0.625000,0.017420
730,0.456747,1.294063,0.512257,1.137569,1.125000,-0.012569
731,0.456126,0.005249,0.511652,0.072449,0.000000,0.072449
732,0.455818,0.231851,0.511611,0.481509,0.375000,-0.106509
733,0.457714,1.838264,0.512769,1.355826,1.375000,0.019174
734,0.457519,0.315431,0.512836,0.561632,-0.500000,0.061632
735,0.456944,0.037016,0.512398,0.192395,0.125000,-0.067395
736,0.458058,1.272314,0.513239,1.127969,1.125000,-0.002969
737,0.457551,0.086849,0.512940,0.294702,0.375000,0.080298
738,0.456998,0.051298,0.512550,0.226492,-0.250000,-0.023508
739,0.457008,0.464663,0.512780,0.681662,0.500000,-0.181662
740,0.459134,2.021659,0.514015,1.421851,1.375000,-0.046851
741,0.459818,0.963280,0.514650,0.981468,-0.875000,0.106468
742,0.459870,0.497656,0.514908,0.705447,-0.875000,-0.169553
743,0.459307,0.044213,0.514496,0.210268,-0.500000,-0.289732
744,0.458823,0.100713,0.514230,0.317354,-0.625000,-0.307646
745,0.458259,0.041443,0.513810,0.203575,-0.500000,-0.296425
746,0.458215,0.425118,0.513997,0.652010,-0.750000,-0.097990
747,0.457981,0.284740,0.514023,0.533610,0.250000,-0.283610
748,0.457375,0.007308,0.513447,0.085486,0.000000,0.085486
749,0.456767,0.004347,0.512846,0.065931,-0.125000,-0.190931
750,0.456262,0.079543,0.512537,0.282033,-0.500000,-0.217967
751,0.456090,0.328099,0.512618,0.572799,0.375000,-0.197799
752,0.455756,0.206482,0.512540,0.454403,-0.500000,-0.045597
753,0.455165,0.012426,0.512004,0.111473,0.000000,-0.111473
754,0.454686,0.096306,0.511735,0.310332,-0.500000,-0.189668
755,0.454124,0.032452,0.511294,0.180144,0.000000,-0.180144
756,0.456347,2.126032,0.512553,1.458092,1.375000,-0.083092
757,0.456253,0.385301,0.512697,0.620726,0.625000,0.004274
758,0.456934,0.969992,0.513323,0.984882,0.625000,-0.359882
759,0.456365,0.027074,0.512861,0.164543,0.125000,-0.039543
760,0.455867,0.080116,0.512557,0.283048,0.125000,-0.158048
761,0.456132,0.656082,0.512950,0.809989,0.750000,-0.059989
762,0.471759,12.301879,0.516900,3.507403,3.625000,0.117597
763,0.471409,0.206110,0.516817,0.453993,0.250000,0.703993
764,0.472129,1.018818,0.517465,1.009365,-0.750000,0.259365
765,0.473317,1.375688,0.518327,1.172897,1.250000,0.077103
766,0.473509,0.619908,0.518680,0.787342,1.125000,0.337658
767,0.473231,0.261620,0.518670,0.511488,0.875000,0.363512
768,0.472613,0.000967,0.518032,0.031098,0.000000,0.031098
769,0.472039,0.032928,0.517592,0.181462,-1.000000,-0.818538
770,0.472824,1.073549,0.518269,1.036122,-1.000000,0.036122
771,0.472306,0.075626,0.517952,0.275003,-0.125000,0.150003
772,0.472876,0.909718,0.518519,0.953791,0.750000,-0.203791
773,0.472876,0.473043,0.518740,0.687781,-1.000000,-0.312219
774,0.480708,6.504005,0.521378,2.550295,2.250000,-0.300295
775,0.481705,1.249384,0.522151,1.117759,-0.625000,0.492759
776,0.481609,0.407511,0.522302,0.638366,0.750000,0.111634
777,0.481542,0.429337,0.522474,0.655238,-0.125000,0.530238
778,0.481297,0.291850,0.522497,0.540231,-0.250000,0.290231
779,0.482477,1.395872,0.523347,1.181470,-0.875000,0.306470
780,0.483356,1.165183,0.524064,1.079436,-0.875000,0.204436
781,0.483579,0.655987,0.524432,0.809930,0.375000,-0.434930
782,0.484315,1.056507,0.525079,1.027865,-1.000000,0.027865
783,0.483761,0.053063,0.524700,0.230353,-0.375000,-0.144647
784,0.483236,0.073647,0.524376,0.271379,0.125000,-0.146379
785,0.484321,1.330758,0.525181,1.153585,-1.250000,-0.096415
786,0.484660,0.749406,0.525617,0.865682,0.625000,-0.240682
787,0.485576,1.202352,0.526346,1.096518,-1.000000,0.096518
788,0.485024,0.052139,0.525966,0.228339,-0.625000,-0.396661
789,0.485861,1.142111,0.526657,1.068696,-1.125000,-0.056304
790,0.485389,0.114960,0.526418,0.339058,0.125000,-0.214058
791,0.485131,0.282267,0.526425,0.531288,0.375000,-0.156288
792,0.492581,6.356421,0.528956,2.521194,2.500000,-0.021194
793,0.493237,1.009999,0.529559,1.004987,-0.500000,0.504987
794,0.492613,0.000424,0.528915,0.020603,0.250000,0.229397
795,0.492029,0.030704,0.528468,0.175224,0.000000,0.175224
796,0.491408,0.000001,0.527802,0.001171,0.250000,0.248829
797,0.490861,0.057265,0.527438,0.239301,0.000000,0.239301
798,0.490924,0.540998,0.527700,0.735526,0.875000,0.139474
799,0.490325,0.015142,0.527191,0.123052,-0.125000,-0.248052
800,0.490281,0.454692,0.527376,0.674309,0.875000,0.200691
801,0.490757,0.869809,0.527885,0.932636,1.250000,0.317364
802,0.490364,0.177357,0.527751,0.421138,-0.125000,0.296138
803,0.490190,0.351387,0.527832,0.592779,0.750000,0.157221
804,0.489615,0.030400,0.527391,0.174355,0.500000,0.325645
805,0.489806,0.642616,0.527733,0.801633,0.875000,0.073367
806,0.494841,4.527148,0.529728,2.127710,2.500000,0.372290
807,0.496466,1.800324,0.530739,1.341762,1.500000,0.158238
808,0.496214,0.293640,0.530753,0.541885,-0.375000,0.166885
809,0.500370,3.841940,0.532529,1.960087,-1.625000,0.335087
810,0.499775,0.020998,0.532048,0.144908,0.250000,0.105092
811,0.504324,4.170812,0.533919,2.042257,-1.625000,0.417257
812,0.513880,8.224887,0.536808,2.867906,2.375000,-0.492906
813,0.513550,0.247468,0.536759,0.497461,-0.500000,-0.002539
814,0.516327,2.762670,0.538148,1.662128,-1.750000,-0.087872
815,0.517159,1.190972,0.538830,1.091316,0.750000,-0.341316
816,0.520504,3.233730,0.540381,1.798257,-1.625000,0.173257
817,0.519875,0.008958,0.539833,0.094648,-0.625000,-0.530352
818,0.522295,2.489746,0.541108,1.577893,1.500000,-0.077893
819,0.522737,0.882306,0.541597,0.939312,0.500000,-0.439312
820,0.522141,0.036505,0.541168,0.191062,-0.375000,-0.183938
821,0.521571,0.056495,0.540796,0.237687,0.500000,0.262313
822,0.521077,0.117588,0.540554,0.342910,0.000000,0.342910
823,0.521217,0.635506,0.540867,0.797186,1.125000,0.327814
824,0.520590,0.007256,0.540312,0.085185,0.750000,0.664815
825,0.527052,5.826051,0.542594,2.413721,-2.500000,-0.086279
826,0.526473,0.050724,0.542208,0.225221,0.250000,0.024779
827,0.528722,2.377757,0.543422,1.541998,1.625000,0.083002
828,0.532860,3.937782,0.545171,1.984385,-1.875000,0.109385
829,0.532528,0.259580,0.545128,0.509490,0.125000,-0.384490
830,0.532246,0.299485,0.545130,0.547252,-0.625000,-0.077748
831,0.531769,0.137233,0.544919,0.370450,-0.500000,-0.129550
832,0.531130,0.003378,0.544331,0.058125,0.500000,0.558125
833,0.530582,0.076538,0.544008,0.276655,0.375000,0.098345
834,0.529984,0.034408,0.543576,0.185494,-0.625000,-0.439506
835,0.530265,0.763749,0.543974,0.873927,1.125000,0.251073
836,0.530234,0.504361,0.544174,0.710184,1.000000,0.289816
837,0.529630,0.026889,0.543717,0.163979,0.125000,0.288979
838,0.529197,0.168831,0.543558,0.410890,0.750000,0.339110
839,0.530611,1.709605,0.544473,1.307519,-1.375000,-0.067481
840,0.530263,0.239561,0.544407,0.489449,0.125000,-0.364449
841,0.529791,0.135247,0.544196,0.367760,0.000000,0.367760
842,0.530148,0.829292,0.544633,0.910655,0.375000,-0.535655
843,0.531911,2.008810,0.545674,1.417325,1.125000,-0.292325
844,0.531310,0.027455,0.545221,0.165695,0.250000,0.084305
845,0.534125,2.898699,0.546597,1.702557,1.500000,-0.202557
846,0.540091,5.557547,0.548748,2.357445,-1.875000,0.482445
847,0.539496,0.038145,0.548329,0.195307,-0.500000,-0.304693
848,0.538908,0.043064,0.547925,0.207520,0.125000,-0.082520
849,0.539077,0.682079,0.548254,0.825881,0.625000,-0.200881
850,0.542140,3.130415,0.549697,1.769298,1.625000,-0.144298
851,0.541578,0.065807,0.549351,0.256528,0.500000,0.243472
852,0.541202,0.222633,0.549260,0.471840,0.375000,-0.096840
853,0.542034,1.248143,0.549929,1.117203,-0.625000,0.492203
854,0.541883,0.413130,0.550038,0.642752,-0.375000,0.267752
855,0.542486,1.055424,0.550599,1.027338,-0.750000,0.277338
856,0.542410,0.477509,0.550764,0.691020,-0.625000,0.066020
857,0.541777,0.002629,0.550178,0.051277,0.125000,0.073723
858,0.543981,2.424274,0.551357,1.557008,-1.500000,0.057008
859,0.543350,0.004220,0.550788,0.064962,-0.125000,-0.189962
860,0.542751,0.030051,0.550347,0.173352,0.125000,0.298352
861,0.542118,0.000670,0.549735,0.025892,0.125000,0.099108
862,0.542032,0.468096,0.549892,0.684175,-0.500000,0.184175
863,0.542007,0.520958,0.550092,0.721774,0.750000,0.028226
864,0.541438,0.052553,0.549719,0.229245,0.250000,0.020755
865,0.541359,0.473768,0.549880,0.688308,-0.500000,0.188308
866,0.540769,0.032080,0.549450,0.179110,0.000000,0.179110
867,0.540159,0.014779,0.548954,0.121570,0.000000,0.121570
868,0.539614,0.068762,0.548622,0.262226,0.375000,0.112774
869,0.541759,2.395373,0.549777,1.547699,-1.250000,0.297699
870,0.541230,0.083352,0.549476,0.288708,-0.375000,-0.086292
871,0.540864,0.224195,0.549388,0.473492,0.375000,-0.098492
872,0.540282,0.035529,0.548972,0.188491,0.250000,0.061509
873,0.539669,0.007966,0.548443,0.089253,0.000000,-0.089253
874,0.539592,0.472087,0.548602,0.687086,0.500000,-0.187086
875,0.539224,0.219165,0.548510,0.468150,0.250000,-0.218150
876,0.538661,0.048953,0.548135,0.221253,-0.125000,0.096253
877,0.538051,0.005895,0.547595,0.076781,0.000000,0.076781
878,0.537441,0.004572,0.547046,0.067615,0.000000,-0.067615
879,0.536950,0.107913,0.546796,0.328502,-0.375000,-0.046498
880,0.536434,0.085190,0.546505,0.291874,0.250000,-0.041874
881,0.535855,0.028465,0.546074,0.168717,0.250000,0.081283
882,0.535259,0.013037,0.545582,0.114181,0.375000,0.260819
883,0.534836,0.163170,0.545421,0.403943,-0.125000,0.278943
884,0.534283,0.047753,0.545050,0.218524,0.375000,0.156476
885,0.533776,0.088157,0.544768,0.296912,0.000000,0.296912
886,0.534802,1.438620,0.545510,1.199425,1.500000,0.300575
887,0.534433,0.208674,0.545410,0.456809,1.125000,0.668191
888,0.534607,0.688825,0.545732,0.829955,-0.500000,0.329955
889,0.534211,0.183585,0.545599,0.428469,-0.375000,0.053469
890,0.536304,2.389011,0.546728,1.545643,-1.500000,0.045643
891,0.537534,1.626838,0.547549,1.275476,1.000000,-0.275476
892,0.539152,1.974127,0.548515,1.405036,-1.125000,0.280036
893,0.538547,0.001507,0.547942,0.038815,-0.375000,-0.413815
894,0.537959,0.015479,0.547466,0.124416,0.250000,0.125584
895,0.537378,0.020079,0.547010,0.141699,0.375000,0.233301
896,0.537954,1.051730,0.547547,1.025539,-0.875000,0.150539
897,0.537398,0.040832,0.547160,0.202068,0.000000,0.202068
898,0.538311,1.353454,0.547849,1.163381,-1.125000,0.038381
899,0.542672,4.441429,0.549592,2.107470,2.000000,-0.107470
900,0.544345,2.041638,0.550573,1.428859,-1.000000,0.428859
901,0.543738,0.000647,0.549988,0.025429,0.000000,-0.025429
902,0.543173,0.035818,0.549586,0.189255,0.125000,-0.064255
903,0.542572,0.002918,0.549035,0.054021,0.250000,0.195979
904,0.542015,0.040973,0.548650,0.202419,-0.125000,0.077419
905,0.541451,0.034352,0.548247,0.185342,0.500000,0.314658
906,0.540971,0.108333,0.548004,0.329140,0.125000,-0.204140
907,0.540506,0.121539,0.547783,0.348624,0.375000,0.026376
908,0.540785,0.792297,0.548161,0.890111,-0.750000,0.140111
909,0.542974,2.521611,0.549310,1.587958,1.500000,-0.087958
910,0.544421,1.854135,0.550207,1.361666,-1.125000,0.236666
911,0.543881,0.054801,0.549859,0.234095,0.250000,0.015905
912,0.543306,0.021492,0.549414,0.146602,0.250000,0.396602
913,0.550277,6.879978,0.551696,2.622971,-2.250000,0.372971
914,0.551030,1.235339,0.552311,1.111458,-1.250000,-0.138542
915,0.551288,0.785974,0.552678,0.886552,-0.875000,0.011552
916,0.550713,0.026936,0.552252,0.164121,-0.375000,-0.210879
917,0.550575,0.424746,0.552361,0.651725,-0.500000,0.151725
918,0.550118,0.133267,0.552156,0.365057,0.125000,-0.240057
919,0.549572,0.050080,0.551797,0.223785,-0.500000,-0.276215
920,0.549209,0.217652,0.551704,0.466532,0.750000,0.283468
921,0.549056,0.408771,0.551799,0.639352,0.875000,0.235648
922,0.548813,0.325551,0.551820,0.570571,-0.375000,0.195571
923,0.549314,1.009841,0.552313,1.004908,-1.000000,0.004908
924,0.549374,0.603918,0.552557,0.777121,-0.875000,-0.097879
925,0.548993,0.199043,0.552441,0.446142,0.250000,-0.196142
926,0.548707,0.285456,0.552422,0.534281,-0.500000,0.034281
927,0.548840,0.670748,0.552711,0.818992,0.750000,-0.068992
928,0.548522,0.254966,0.552659,0.504941,-0.375000,0.129941
929,0.549612,1.557014,0.553410,1.247804,1.125000,-0.122804
930,0.549023,0.004696,0.552887,0.068525,0.125000,0.056475
931,0.548665,0.216511,0.552792,0.465308,-0.375000,0.090308
932,0.548087,0.012964,0.552319,0.113860,0.000000,-0.113860
933,0.547592,0.087928,0.552044,0.296527,-0.250000,0.046527
934,0.547071,0.063161,0.551721,0.251318,0.000000,0.251318
935,0.546971,0.453563,0.551851,0.673471,0.750000,0.076529
936,0.547598,1.131206,0.552400,1.063582,-1.000000,0.063582
937,0.548948,1.807626,0.553249,1.344480,-1.375000,-0.030520
938,0.548409,0.045866,0.552886,0.214163,0.000000,-0.214163
939,0.547842,0.017429,0.552436,0.132019,-0.125000,-0.257019
940,0.548404,1.074176,0.552953,1.036425,-1.250000,-0.213575