# TEST CONFIGURATION BEGIN
# File Stream: filename: air_company_stock4.csv  -  n_targets: 1
# [air_company_stock4_ADE_HOMO_HATREE_SIZE_8_OFFLINE_BATCH_100] Pipeline: Array BaseStreamModel: base_models: [<skmultiflow.trees.regression_hoeffding_adaptive_tree.RegressionHAT object at 0x7f22903cc908>, <skmultiflow.trees.regression_hoeffding_adaptive_tree.RegressionHAT object at 0x7f22903cc8d0>, <skmultiflow.trees.regression_hoeffding_adaptive_tree.RegressionHAT object at 0x7f22903cc4e0>, <skmultiflow.trees.regression_hoeffding_adaptive_tree.RegressionHAT object at 0x7f22903cc518>, <skmultiflow.trees.regression_hoeffding_adaptive_tree.RegressionHAT object at 0x7f22903cc898>, <skmultiflow.trees.regression_hoeffding_adaptive_tree.RegressionHAT object at 0x7f22903ccf28>, <skmultiflow.trees.regression_hoeffding_adaptive_tree.RegressionHAT object at 0x7f22903cc860>, <skmultiflow.trees.regression_hoeffding_adaptive_tree.RegressionHAT object at 0x7f22903cc780>]
 Array MetaStreamModel: base_models: [<skmultiflow.trees.regression_hoeffding_tree.RegressionHoeffdingTree object at 0x7f22903ccc88>, <skmultiflow.trees.regression_hoeffding_tree.RegressionHoeffdingTree object at 0x7f22903ccc18>, <skmultiflow.trees.regression_hoeffding_tree.RegressionHoeffdingTree object at 0x7f22903cce80>, <skmultiflow.trees.regression_hoeffding_tree.RegressionHoeffdingTree object at 0x7f22903ccbe0>, <skmultiflow.trees.regression_hoeffding_tree.RegressionHoeffdingTree object at 0x7f22903cceb8>, <skmultiflow.trees.regression_hoeffding_tree.RegressionHoeffdingTree object at 0x7f22903cc940>, <skmultiflow.trees.regression_hoeffding_tree.RegressionHoeffdingTree object at 0x7f22903ccef0>, <skmultiflow.trees.regression_hoeffding_tree.RegressionHoeffdingTree object at 0x7f22903cc4a8>]
# Prequential Evaluator: n_wait: 1 - max_samples: 600000 - max_time: 10000000 - output_file: air_company_stock4_ADE_HOMO_HATREE_SIZE_8_OFFLINE_BATCH_100_SIZE_8 - batch_size: 1 - pretrain_size: 5 - task_type: regression - show_plot: False - metrics: ['mean_square_error', 'mean_absolute_error', 'true_vs_predicted']
# TEST CONFIGURATION END
id,global_mse_[air_company_stock4_ADE_HOMO_HATREE_SIZE_8_OFFLINE_BATCH_100],sliding_mse_[air_company_stock4_ADE_HOMO_HATREE_SIZE_8_OFFLINE_BATCH_100],global_mae_[air_company_stock4_ADE_HOMO_HATREE_SIZE_8_OFFLINE_BATCH_100],sliding_mae_[air_company_stock4_ADE_HOMO_HATREE_SIZE_8_OFFLINE_BATCH_100],true_value_[air_company_stock4_ADE_HOMO_HATREE_SIZE_8_OFFLINE_BATCH_100],predicted_value_[air_company_stock4_ADE_HOMO_HATREE_SIZE_8_OFFLINE_BATCH_100]
5,0.691871,0.691871,0.831788,0.831788,0.125000,0.956788
6,0.504985,0.318099,0.697895,0.564003,0.500000,-0.064003
7,0.470722,0.402197,0.676660,0.634190,0.625000,-0.009190
8,0.451523,0.393926,0.664404,0.627635,1.375000,0.747365
9,0.581715,1.102484,0.741522,1.049992,0.500000,1.549992
10,0.953262,2.810994,0.897368,1.676602,0.500000,2.176602
11,1.170007,2.470481,0.993712,1.571776,-0.500000,1.071776
12,1.128606,0.838795,0.983981,0.915857,-0.375000,0.540857
13,1.060300,0.513855,0.954298,0.716837,-0.125000,0.591837
14,1.016874,0.626040,0.937991,0.791227,-0.250000,0.541227
15,0.939352,0.164126,0.889548,0.405125,-0.250000,0.155125
16,0.892823,0.381009,0.866858,0.617259,-0.500000,0.117259
17,0.855190,0.403593,0.849045,0.635290,0.125000,-0.510290
18,0.805638,0.161462,0.817100,0.401824,0.125000,-0.276824
19,0.798450,0.697816,0.818317,0.835354,0.750000,-0.085354
20,0.796382,0.765370,0.821851,0.874854,1.250000,0.375146
21,0.837585,1.496820,0.845474,1.223446,-0.375000,0.848446
22,0.863160,1.297947,0.861796,1.139275,-0.750000,0.389275
23,0.817749,0.000352,0.817426,0.018753,0.250000,0.231247
24,0.779678,0.056328,0.788421,0.237336,-0.250000,-0.012664
25,0.745975,0.071913,0.763647,0.268166,0.250000,-0.018166
26,0.722467,0.228798,0.750678,0.478328,0.500000,0.021672
27,0.692021,0.022202,0.724518,0.149004,-0.125000,-0.274004
28,0.667443,0.102161,0.707648,0.319626,-0.375000,-0.055374
29,0.651250,0.262608,0.699840,0.512453,-0.625000,-0.112547
30,0.676222,1.300516,0.716785,1.140402,1.125000,-0.015402
31,0.654195,0.081501,0.700811,0.285484,-0.125000,-0.410484
32,0.638051,0.202164,0.691840,0.449627,0.125000,-0.324627
33,0.623796,0.224664,0.684328,0.473987,0.125000,-0.348987
34,0.605362,0.070769,0.670384,0.266025,0.000000,-0.266025
35,0.586028,0.006016,0.651261,0.077563,-0.250000,-0.327563
36,0.568163,0.014342,0.634651,0.119756,-0.375000,-0.255244
37,0.553232,0.075431,0.623742,0.274648,-0.125000,-0.399648
38,0.610700,2.507140,0.651967,1.583395,-1.250000,0.333395
39,0.620976,0.970368,0.661485,0.985072,0.875000,-0.110072
40,0.603784,0.002078,0.644376,0.045585,-0.250000,-0.204415
41,0.590178,0.100361,0.635523,0.316798,0.000000,-0.316798
42,0.615699,1.559968,0.651667,1.248987,1.000000,-0.248987
43,0.609705,0.381910,0.650803,0.617989,0.625000,0.007011
44,0.614974,0.820496,0.657178,0.905812,0.875000,-0.030812
45,0.611902,0.489005,0.658205,0.699289,-0.375000,0.324289
46,0.598596,0.053044,0.648017,0.230312,0.125000,-0.105312
47,0.585706,0.044336,0.637844,0.210562,-0.125000,0.085562
48,0.578869,0.284891,0.635478,0.533752,-0.500000,0.033752
49,0.592778,1.204778,0.645748,1.097624,-1.000000,0.097624
50,0.603038,1.064744,0.654142,1.031864,-0.875000,0.156864
51,0.597148,0.326188,0.652376,0.571128,-0.625000,-0.053872
52,0.613496,1.381870,0.663275,1.175530,-0.750000,0.425530
53,0.601588,0.029997,0.653273,0.173197,0.500000,0.326803
54,0.595422,0.293294,0.651039,0.541566,-0.375000,0.166566
55,0.598187,0.736435,0.655100,0.858158,0.875000,0.016842
56,0.595640,0.465736,0.655626,0.682448,0.875000,0.192552
57,0.597123,0.674254,0.658749,0.821130,-0.375000,0.446130
58,0.586777,0.038402,0.650179,0.195965,0.250000,0.054035
59,0.577199,0.059977,0.642810,0.244902,-0.250000,-0.005098
60,0.567826,0.052315,0.635416,0.228725,-0.250000,-0.478725
61,0.558984,0.063858,0.628701,0.252701,0.000000,-0.252701
62,0.578636,1.698803,0.640334,1.303381,-1.500000,-0.196619
63,0.570482,0.097531,0.634774,0.312299,-0.875000,-0.562701
64,0.561016,0.002502,0.625028,0.050017,-0.250000,-0.300017
65,0.554704,0.176037,0.621660,0.419568,0.125000,-0.294568
66,0.545796,0.002392,0.612422,0.048909,-0.125000,-0.076091
67,0.537231,0.006180,0.603949,0.078613,0.000000,0.078613
68,0.532801,0.253728,0.602383,0.503714,0.500000,-0.003714
69,0.524641,0.002412,0.593871,0.049109,0.375000,0.424109
70,0.521604,0.324216,0.593500,0.569400,-0.375000,0.194400
71,0.513829,0.000632,0.585017,0.025137,-0.250000,-0.224863
72,0.506286,0.000937,0.576864,0.030607,-0.250000,-0.219393
73,0.498981,0.002189,0.569182,0.046791,-0.125000,-0.078209
74,0.499992,0.569775,0.571834,0.754835,0.750000,-0.004835
75,0.496988,0.286720,0.571321,0.535462,0.500000,-0.035462
76,0.490286,0.014423,0.565054,0.120097,0.250000,0.129903
77,0.506924,1.704884,0.575200,1.305712,-0.875000,0.430712
78,0.500293,0.016227,0.569149,0.127385,0.125000,-0.002385
79,0.498391,0.357621,0.569534,0.598014,0.375000,-0.223014
80,0.493102,0.096483,0.566127,0.310618,0.125000,-0.185618
81,0.487723,0.078890,0.562422,0.280874,-0.375000,-0.094126
82,0.484066,0.202431,0.560980,0.449924,-0.750000,-0.300076
83,0.478800,0.068089,0.557182,0.260939,-0.125000,-0.385939
84,0.477102,0.342977,0.557538,0.585642,0.500000,-0.085642
85,0.476706,0.444993,0.558890,0.667078,-0.500000,0.167078
86,0.470949,0.004622,0.552904,0.067984,-0.125000,-0.192984
87,0.466964,0.140229,0.550754,0.374471,-0.625000,-0.250529
88,0.463911,0.210476,0.549659,0.458776,0.125000,-0.333776
89,0.458504,0.004351,0.543968,0.065964,-0.250000,-0.315964
90,0.464988,1.016123,0.549364,1.008029,0.750000,-0.258029
91,0.460099,0.039650,0.545339,0.199124,-0.500000,-0.300876
92,0.462648,0.684366,0.548542,0.827264,-1.125000,-0.297736
93,0.458390,0.083679,0.545629,0.289273,-0.750000,-0.460727
94,0.471222,1.613327,0.553680,1.270168,1.000000,-0.270168
95,0.520900,4.991950,0.572148,2.234267,2.000000,-0.234267
96,0.530522,1.406052,0.578817,1.185771,-0.625000,0.560771
97,0.528543,0.346477,0.578923,0.588623,-0.500000,0.088623
98,0.524524,0.150804,0.576895,0.388334,-0.250000,0.138334
99,0.521141,0.203167,0.575567,0.450740,-0.375000,0.075740
100,0.545692,2.877996,0.587243,1.696466,1.625000,-0.071466
101,0.540067,0.000045,0.581258,0.006693,0.000000,0.006693
102,0.542377,0.766456,0.584261,0.875474,0.750000,-0.125474
103,0.538104,0.119359,0.581849,0.345484,0.250000,-0.095484
104,0.540072,0.734868,0.584603,0.857244,0.875000,0.017756
105,0.537103,0.240285,0.583668,0.490189,0.250000,-0.240189
106,0.532348,0.052066,0.580183,0.228180,0.000000,-0.228180
107,0.528986,0.186065,0.578738,0.431353,0.125000,-0.306353
108,0.531237,0.763027,0.581572,0.873514,-0.875000,-0.001486
109,0.526314,0.014321,0.577173,0.119670,0.000000,-0.119670
110,0.526835,0.581531,0.578922,0.762582,0.875000,0.112418
111,0.527356,0.582613,0.580645,0.763291,-0.625000,0.138291
112,0.522631,0.017087,0.576479,0.130717,-0.250000,-0.119283
113,0.522517,0.510162,0.577743,0.714256,-1.000000,-0.285744
114,0.521214,0.379224,0.578089,0.615812,0.500000,-0.115812
115,0.516570,0.005716,0.573562,0.075607,0.250000,0.174393
116,0.514499,0.284663,0.573205,0.533538,0.750000,0.216462
117,0.520421,1.183676,0.577761,1.087969,-1.000000,0.087969
118,0.517328,0.167781,0.576286,0.409611,-0.250000,0.159611
119,0.513432,0.069305,0.573564,0.263258,-0.375000,-0.111742
120,0.511763,0.319858,0.573495,0.565560,0.750000,0.184440
121,0.507469,0.009368,0.569420,0.096788,0.000000,-0.096788
122,0.503582,0.048751,0.566466,0.220797,0.250000,0.029203
123,0.502140,0.331991,0.566547,0.576187,-0.875000,-0.298813
124,0.500793,0.340497,0.566689,0.583521,0.625000,0.041479
125,0.496809,0.018693,0.563135,0.136721,-0.250000,-0.386721
126,0.493167,0.052549,0.560399,0.229237,-0.125000,-0.354237
127,0.489282,0.015350,0.556850,0.123894,-0.375000,-0.498894
128,0.485405,0.008474,0.553101,0.092053,-0.500000,-0.592053
129,0.490667,1.143203,0.557230,1.069207,0.625000,-0.444207
130,0.488406,0.205727,0.556407,0.453572,-0.500000,-0.046428
131,0.498507,1.771181,0.562506,1.330857,-1.500000,-0.169143
132,0.494763,0.019383,0.559199,0.139223,0.125000,-0.014223
133,0.491123,0.025154,0.556093,0.158599,0.125000,-0.033599
134,0.493341,0.779426,0.558607,0.882851,-0.750000,0.132851
135,0.490531,0.125266,0.557044,0.353930,0.500000,0.146070
136,0.486907,0.012166,0.553660,0.110300,0.000000,-0.110300
137,0.483733,0.064733,0.551410,0.254426,-0.250000,0.004426
138,0.480150,0.003606,0.547743,0.060050,0.125000,0.185050
139,0.477269,0.091239,0.545923,0.302059,-0.125000,-0.427059
140,0.479659,0.802261,0.548495,0.895690,0.375000,-0.520690
141,0.478349,0.300180,0.548491,0.547887,0.375000,-0.172887
142,0.481051,0.851277,0.551202,0.922647,-0.875000,0.047647
143,0.492613,2.088129,0.557632,1.445036,-1.500000,-0.054964
144,0.494609,0.772169,0.559926,0.878731,-0.375000,0.503731
145,0.491165,0.008963,0.556626,0.094671,0.250000,0.344671
146,0.490882,0.450988,0.557436,0.671557,1.125000,0.453443
147,0.492905,0.780141,0.559714,0.883256,-0.375000,0.508256
148,0.499558,1.450883,0.564192,1.204526,-1.000000,0.204526
149,0.497229,0.161881,0.563076,0.402345,0.000000,0.402345
150,0.496232,0.351679,0.563281,0.593025,-0.125000,0.468025
151,0.493231,0.055161,0.561047,0.234864,0.250000,0.015136
152,0.489918,0.002821,0.557615,0.053115,-0.125000,-0.071885
153,0.486713,0.012433,0.554621,0.111502,-0.250000,-0.361502
154,0.485286,0.272682,0.554405,0.522189,0.375000,-0.147189
155,0.482423,0.052945,0.552257,0.230098,0.125000,-0.105098
156,0.480691,0.219096,0.551703,0.468077,0.125000,-0.343077
157,0.479182,0.249875,0.551364,0.499875,0.250000,-0.249875
158,0.476107,0.005634,0.548271,0.075062,-0.125000,-0.200062
159,0.473565,0.082045,0.546582,0.286434,-0.500000,-0.213566
160,0.470728,0.030971,0.544206,0.175986,0.125000,-0.050986
161,0.473720,0.940449,0.546917,0.969767,0.875000,-0.094767
162,0.470781,0.009368,0.544068,0.096791,0.125000,0.028209
163,0.469569,0.278083,0.543963,0.527336,0.500000,-0.027336
164,0.466640,0.000988,0.540760,0.031437,0.000000,0.031437
165,0.464728,0.158731,0.539875,0.398410,-0.375000,0.023410
166,0.461962,0.016670,0.537340,0.129112,0.125000,-0.004112
167,0.459911,0.127642,0.536235,0.357270,0.250000,-0.107270
168,0.458049,0.154539,0.535362,0.393114,0.375000,-0.018114
169,0.456952,0.277097,0.535308,0.526400,-0.375000,0.151400
170,0.454382,0.030282,0.533132,0.174016,0.000000,-0.174016
171,0.451792,0.021892,0.530825,0.147960,0.000000,-0.147960
172,0.449340,0.039846,0.528854,0.199614,-0.250000,-0.050386
173,0.447387,0.119339,0.527769,0.345455,0.250000,-0.095455
174,0.444789,0.005750,0.525110,0.075829,-0.125000,-0.049171
175,0.444152,0.335719,0.525428,0.579412,0.375000,-0.204412
176,0.441657,0.015122,0.523088,0.122972,0.125000,0.002028
177,0.440144,0.179893,0.522516,0.424137,0.500000,0.075863
178,0.438119,0.087720,0.521215,0.296175,0.375000,0.078825
179,0.435640,0.004427,0.518617,0.066533,0.250000,0.183467
180,0.436517,0.589948,0.520034,0.768081,0.750000,-0.018081
181,0.436366,0.409836,0.520713,0.640184,-0.375000,0.265184
182,0.436798,0.513140,0.521812,0.716338,-0.875000,-0.158662
183,0.434414,0.010093,0.519458,0.100465,0.375000,0.274535
184,0.432090,0.016036,0.517276,0.126635,0.125000,-0.001635
185,0.431620,0.347130,0.517673,0.589177,0.625000,0.035823
186,0.429538,0.052634,0.516089,0.229422,0.375000,0.145578
187,0.427368,0.032445,0.514253,0.180126,-0.125000,0.055126
188,0.430933,1.083304,0.517115,1.040819,-0.875000,0.165819
189,0.428787,0.034003,0.515317,0.184399,0.500000,0.315601
190,0.426612,0.024177,0.513382,0.155489,0.125000,-0.030489
191,0.424457,0.023563,0.511458,0.153501,0.000000,0.153501
192,0.422590,0.073539,0.510180,0.271181,0.250000,-0.021181
193,0.422850,0.471782,0.511114,0.686864,-0.750000,-0.063136
194,0.428805,1.554332,0.514986,1.246728,1.125000,-0.121728
195,0.428015,0.277736,0.515049,0.527007,0.625000,0.097993
196,0.432513,1.291734,0.518286,1.136545,-1.000000,0.136545
197,0.433056,0.537257,0.519398,0.732978,0.750000,0.017022
198,0.430949,0.024260,0.517524,0.155757,0.125000,-0.030757
199,0.428757,0.003610,0.515178,0.060085,-0.125000,-0.064915
200,0.426588,0.003638,0.512857,0.060318,0.375000,0.314682
201,0.425131,0.139446,0.512150,0.373425,0.250000,-0.123425
202,0.423408,0.084143,0.511028,0.290075,0.000000,-0.290075
203,0.426802,1.098746,0.513727,1.048211,-0.750000,0.298211
204,0.424685,0.003407,0.511451,0.058369,0.000000,-0.058369
205,0.423181,0.122348,0.510646,0.349783,-0.250000,0.099783
206,0.423524,0.492511,0.511593,0.701792,-0.500000,0.201792
207,0.421592,0.031349,0.509945,0.177056,0.250000,0.072944
208,0.419735,0.042776,0.508459,0.206823,0.250000,0.043177
209,0.417788,0.020469,0.506676,0.143070,0.000000,0.143070
210,0.421355,1.152628,0.509428,1.073605,-0.875000,0.198605
211,0.419332,0.002671,0.507217,0.051683,-0.125000,-0.073317
212,0.418885,0.326273,0.507525,0.571203,-0.500000,0.071203
213,0.417342,0.096351,0.506582,0.310405,-0.250000,0.060405
214,0.415920,0.118742,0.505810,0.344590,-0.250000,0.094590
215,0.413966,0.003717,0.503702,0.060970,0.000000,-0.060970
216,0.412084,0.014899,0.501902,0.122061,0.125000,0.002939
217,0.410350,0.042815,0.500517,0.206918,0.250000,0.043082
218,0.408757,0.069507,0.499410,0.263642,0.000000,0.263642
219,0.413089,1.339992,0.502471,1.157580,-1.000000,0.157580
220,0.416520,1.154166,0.505119,1.074321,0.875000,-0.199321
221,0.414624,0.005079,0.503119,0.071269,-0.125000,-0.053731
222,0.414166,0.314846,0.503385,0.561111,0.375000,-0.186111
223,0.412883,0.133139,0.502753,0.364883,0.250000,-0.114883
224,0.411424,0.091899,0.501846,0.303148,-0.375000,-0.071852
225,0.410228,0.147279,0.501311,0.383769,0.250000,-0.133769
226,0.408574,0.043054,0.499988,0.207495,-0.125000,0.082495
227,0.413956,1.608715,0.503433,1.268351,-1.250000,0.018351
228,0.414640,0.567076,0.504548,0.753045,-0.625000,0.128045
229,0.413089,0.065792,0.503445,0.256500,-0.125000,0.131500
230,0.411265,0.000757,0.501339,0.027517,0.000000,0.027517
231,0.409467,0.003167,0.499379,0.056278,0.250000,0.306278
232,0.407687,0.003698,0.497455,0.060811,0.125000,0.185811
233,0.408716,0.643176,0.498785,0.801982,-0.500000,0.301982
234,0.407024,0.019600,0.497225,0.139999,0.250000,0.389999
235,0.406024,0.175972,0.496889,0.419491,0.375000,-0.044491
236,0.404613,0.078696,0.495956,0.280527,-0.375000,-0.094473
237,0.402947,0.016401,0.494377,0.128067,-0.250000,-0.121933
238,0.401258,0.007687,0.492639,0.087675,-0.250000,-0.162325
239,0.399850,0.070593,0.491673,0.265694,0.250000,-0.015694
240,0.398425,0.063351,0.490657,0.251696,0.250000,-0.001696
241,0.396813,0.016544,0.489129,0.128624,0.000000,0.128624
242,0.396520,0.327019,0.489477,0.571855,0.500000,-0.071855
243,0.395171,0.074067,0.488567,0.272152,0.000000,0.272152
244,0.395174,0.396020,0.489154,0.629301,-0.875000,-0.245699
245,0.395216,0.405156,0.489765,0.636519,0.625000,-0.011519
246,0.395587,0.484961,0.490619,0.696391,0.500000,-0.196391
247,0.394248,0.070197,0.489690,0.264948,0.125000,-0.139948
248,0.392638,0.001569,0.487846,0.039611,0.000000,0.039611
249,0.391489,0.111016,0.487214,0.333191,-0.375000,-0.041809
250,0.389939,0.010150,0.485643,0.100746,0.000000,-0.100746
251,0.388388,0.007035,0.484017,0.083874,0.250000,0.166126
252,0.387284,0.114486,0.483429,0.338357,-0.125000,0.213357
253,0.385791,0.015592,0.481989,0.124870,-0.250000,-0.125130
254,0.384416,0.042018,0.480881,0.204983,-0.375000,-0.170017
255,0.382948,0.015936,0.479469,0.126237,0.000000,-0.126237
256,0.382240,0.204382,0.479360,0.452086,0.375000,-0.077086
257,0.380883,0.039109,0.478247,0.197761,-0.125000,0.072761
258,0.379384,0.000092,0.476402,0.009592,-0.125000,-0.134592
259,0.379111,0.309744,0.476716,0.556546,0.500000,-0.056546
260,0.378811,0.302207,0.477001,0.549733,0.500000,-0.049733
261,0.381466,1.061372,0.479154,1.030229,1.125000,0.094771
262,0.380031,0.011068,0.477704,0.105206,0.375000,0.269794
263,0.379471,0.234936,0.477732,0.484702,-0.125000,0.359702
264,0.379129,0.290635,0.477968,0.539106,-0.250000,0.289106
265,0.378143,0.121768,0.477473,0.348953,0.000000,0.348953
266,0.378783,0.545901,0.478471,0.738851,-0.250000,0.488851
267,0.378346,0.263742,0.478604,0.513559,-0.250000,0.263559
268,0.377227,0.083031,0.477883,0.288150,0.375000,0.086850
269,0.383740,2.103221,0.481552,1.450248,1.500000,0.049752
270,0.382590,0.077770,0.480790,0.278873,0.750000,0.471127
271,0.383280,0.566895,0.481809,0.752924,-0.250000,0.502924
272,0.386809,1.328979,0.484313,1.152814,-0.875000,0.277814
273,0.385666,0.079271,0.483559,0.281550,0.125000,0.406550
274,0.384240,0.000777,0.481872,0.027872,0.500000,0.472128
275,0.383151,0.089045,0.481195,0.298404,0.000000,0.298404
276,0.381768,0.006913,0.479731,0.083145,-0.125000,-0.041855
277,0.381326,0.261237,0.479846,0.511114,0.375000,-0.136114
278,0.380471,0.147073,0.479495,0.383501,-0.375000,0.008501
279,0.381996,0.799690,0.481003,0.894254,-0.750000,0.144254
280,0.380649,0.010300,0.479628,0.101490,0.000000,0.101490
281,0.382741,0.960021,0.481433,0.979806,-1.000000,-0.020194
282,0.381741,0.104711,0.480866,0.323591,0.375000,0.051409
283,0.381930,0.434676,0.481505,0.659300,0.750000,0.090700
284,0.381721,0.323395,0.481817,0.568679,-0.500000,0.068679
285,0.382271,0.536288,0.482708,0.732317,0.750000,0.017683
286,0.383053,0.602742,0.483749,0.776365,0.875000,0.098635
287,0.382264,0.159738,0.483452,0.399673,-0.375000,0.024673
288,0.381126,0.059068,0.482606,0.243040,0.000000,0.243040
289,0.380201,0.117573,0.482116,0.342889,0.250000,-0.092889
290,0.380330,0.417095,0.482688,0.645829,0.500000,-0.145829
291,0.379024,0.005483,0.481264,0.074050,0.250000,0.175950
292,0.379803,0.603344,0.482290,0.776752,0.875000,0.098248
293,0.378769,0.080854,0.481605,0.284348,-0.250000,0.034348
294,0.377675,0.061677,0.480801,0.248349,0.375000,0.126651
295,0.376377,0.000000,0.479150,0.000444,0.000000,0.000444
296,0.378410,0.970001,0.480882,0.984886,-1.000000,-0.015114
297,0.377146,0.007989,0.479546,0.089380,0.125000,0.035620
298,0.375884,0.006003,0.478178,0.077481,0.125000,0.047519
299,0.374824,0.063169,0.477409,0.251334,0.250000,-0.001334
300,0.374328,0.228125,0.477410,0.477624,-0.250000,0.227624
301,0.373093,0.007465,0.476094,0.086399,-0.125000,-0.038601
302,0.372840,0.297663,0.476327,0.545585,0.375000,-0.170585
303,0.372810,0.363999,0.476752,0.603323,-0.375000,0.228323
304,0.373192,0.487380,0.477489,0.698126,0.625000,-0.073126
305,0.371955,0.001000,0.476008,0.031624,-0.125000,-0.156624
306,0.370724,0.000013,0.474444,0.003563,-0.250000,-0.253563
307,0.370542,0.315758,0.474733,0.561924,-0.625000,-0.063076
308,0.369767,0.134892,0.474379,0.367277,0.375000,0.007723
309,0.368562,0.002110,0.472974,0.045932,0.000000,0.045932
310,0.367362,0.001501,0.471555,0.038743,0.000000,0.038743
311,0.366326,0.049253,0.470742,0.221930,0.125000,-0.096930
312,0.365156,0.005885,0.469463,0.076715,0.000000,0.076715
313,0.363999,0.007584,0.468225,0.087085,0.000000,-0.087085
314,0.363224,0.123982,0.467851,0.352110,-0.375000,-0.022890
315,0.365550,1.086526,0.469698,1.042366,0.875000,-0.167366
316,0.364395,0.005184,0.468423,0.072003,0.125000,0.052997
317,0.364986,0.549456,0.469295,0.741253,0.625000,-0.116253
318,0.363824,0.000024,0.467816,0.004864,0.000000,-0.004864
319,0.362950,0.088583,0.467276,0.297628,-0.250000,0.047628
320,0.363046,0.393056,0.467781,0.626942,-0.625000,0.001942
321,0.361926,0.008023,0.466588,0.089571,0.250000,0.160429
322,0.362072,0.408551,0.467131,0.639180,-0.500000,0.139180
323,0.360972,0.011241,0.465999,0.106022,0.000000,0.106022
324,0.361191,0.431048,0.466594,0.656542,0.625000,-0.031542
325,0.361650,0.508468,0.467362,0.713069,-0.625000,0.088069
326,0.360527,0.000022,0.465925,0.004702,0.000000,0.004702
327,0.359459,0.015350,0.464866,0.123896,-0.125000,-0.001104
328,0.358351,0.000580,0.463506,0.024092,-0.125000,-0.100908
329,0.357365,0.038092,0.462680,0.195172,-0.125000,0.070172
330,0.358430,0.704398,0.463835,0.839284,-0.875000,-0.035716
331,0.357414,0.026205,0.462912,0.161878,-0.250000,-0.088122
332,0.356324,0.000009,0.461510,0.002931,0.125000,0.127931
333,0.356022,0.256712,0.461647,0.506667,-0.375000,0.131667
334,0.354944,0.000491,0.460315,0.022155,0.125000,0.102845
335,0.354408,0.177530,0.460197,0.421343,0.500000,0.078657
336,0.356183,0.943540,0.461737,0.971360,1.000000,0.028640
337,0.355244,0.043497,0.460977,0.208559,0.500000,0.291441
338,0.354203,0.007527,0.459856,0.086759,0.250000,0.163241
339,0.353149,0.001380,0.458594,0.037148,0.250000,0.212852
340,0.352364,0.089146,0.458118,0.298573,-0.125000,0.173573
341,0.351757,0.147942,0.457900,0.384632,0.500000,0.115368
342,0.352257,0.520743,0.458680,0.721625,-0.625000,0.096625
343,0.351375,0.053178,0.458008,0.230603,0.125000,-0.105603
344,0.350413,0.024347,0.457119,0.156035,-0.375000,-0.218965
345,0.350195,0.276115,0.457320,0.525467,0.375000,-0.150467
346,0.349651,0.164208,0.457168,0.405226,-0.500000,-0.094774
347,0.348746,0.039100,0.456411,0.197736,0.000000,-0.197736
348,0.347733,0.000158,0.455121,0.012575,-0.250000,-0.237425
349,0.346727,0.000846,0.453886,0.029087,-0.125000,-0.154087
350,0.345739,0.004901,0.452777,0.070004,-0.250000,-0.179996
351,0.345067,0.112621,0.452439,0.335591,0.125000,-0.210591
352,0.344081,0.001778,0.451260,0.042172,0.000000,0.042172
353,0.343252,0.054735,0.450637,0.233955,-0.125000,0.108955
354,0.342271,0.000062,0.449372,0.007860,0.000000,-0.007860
355,0.341297,0.000242,0.448136,0.015543,0.000000,-0.015543
356,0.340341,0.004925,0.447062,0.070178,0.000000,-0.070178
357,0.340592,0.428708,0.447651,0.654758,0.500000,-0.154758
358,0.340559,0.329012,0.448007,0.573595,-0.500000,0.073595
359,0.340456,0.303989,0.448298,0.551352,0.500000,-0.051352
360,0.339660,0.056998,0.447709,0.238744,0.125000,-0.113744
361,0.338761,0.018750,0.446839,0.136931,0.000000,-0.136931
362,0.340037,0.795833,0.448082,0.892095,0.750000,-0.142095
363,0.340079,0.354901,0.448494,0.595736,0.625000,0.029264
364,0.341058,0.692706,0.449560,0.832290,0.875000,0.042710
365,0.340154,0.014426,0.448647,0.120109,0.375000,0.254891
366,0.339644,0.155781,0.448498,0.394692,0.000000,-0.394692
367,0.350504,4.281649,0.452963,2.069215,-0.375000,1.694215
368,0.354442,1.784030,0.455388,1.335676,-1.000000,0.335676
369,0.353776,0.111480,0.455055,0.333886,-0.375000,-0.041114
370,0.352846,0.013382,0.454128,0.115679,-0.125000,-0.009321
371,0.351981,0.035126,0.453401,0.187419,0.125000,-0.062419
372,0.353327,0.847536,0.454671,0.920617,0.875000,-0.045617
373,0.353126,0.279238,0.454870,0.528430,0.625000,0.096570
374,0.352502,0.121900,0.454585,0.349142,-0.125000,0.224142
375,0.351551,0.000005,0.453366,0.002321,0.250000,0.252321
376,0.350833,0.084438,0.452928,0.290583,-0.250000,0.040583
377,0.349907,0.005163,0.451906,0.071854,-0.125000,-0.053146
378,0.348985,0.005080,0.450889,0.071276,0.125000,0.053724
379,0.349316,0.473352,0.451521,0.688006,-0.750000,-0.061994
380,0.348670,0.106164,0.451187,0.325829,-0.625000,-0.299171
381,0.348035,0.109279,0.450867,0.330574,-0.250000,0.080574
382,0.347139,0.009656,0.449934,0.098265,-0.125000,-0.026735
383,0.346637,0.156721,0.449791,0.395880,-0.250000,0.145880
384,0.345973,0.094390,0.449416,0.307230,0.375000,0.067770
385,0.345121,0.021110,0.448618,0.145293,0.125000,-0.020293
386,0.345111,0.341582,0.448974,0.584450,0.750000,0.165550
387,0.347203,1.146228,0.450597,1.070620,1.250000,0.179380
388,0.346891,0.227506,0.450665,0.476976,-0.125000,0.351976
389,0.346290,0.115518,0.450378,0.339879,0.375000,0.035121
390,0.345688,0.113886,0.450085,0.337470,-0.375000,-0.037530
391,0.344841,0.017913,0.449268,0.133839,0.000000,-0.133839
392,0.344765,0.315194,0.449557,0.561421,-0.500000,0.061421
393,0.343910,0.012236,0.448686,0.110617,-0.250000,-0.139383
394,0.345983,1.152581,0.450288,1.073583,0.875000,-0.198583
395,0.345752,0.255391,0.450429,0.505363,0.625000,0.119637
396,0.345199,0.128877,0.450196,0.358995,-0.125000,0.233995
397,0.344377,0.022322,0.449430,0.149405,0.125000,-0.024405
398,0.343687,0.072569,0.448973,0.269386,-0.250000,0.019386
399,0.342950,0.052543,0.448417,0.229222,-0.250000,-0.020778
400,0.342372,0.114218,0.448138,0.337962,0.375000,0.037038
401,0.341642,0.052418,0.447586,0.228950,-0.375000,-0.146050
402,0.340793,0.003860,0.446617,0.062130,-0.375000,-0.312870
403,0.345365,2.164820,0.449186,1.471333,1.375000,-0.096333
404,0.345381,0.351739,0.449545,0.593076,-0.500000,0.093076
405,0.345174,0.262489,0.449702,0.512337,-0.500000,0.012337
406,0.344423,0.043056,0.449099,0.207500,0.250000,0.042500
407,0.345660,0.843067,0.450263,0.918187,0.875000,-0.043187
408,0.344808,0.001666,0.449250,0.040812,0.125000,0.165812
409,0.344130,0.070142,0.448795,0.264844,0.500000,0.235156
410,0.343402,0.048361,0.448231,0.219911,0.000000,-0.219911
411,0.344465,0.776010,0.449294,0.880914,1.000000,0.119086
412,0.344701,0.440903,0.449820,0.664005,0.750000,0.085995
413,0.344377,0.212388,0.449847,0.460856,-0.375000,0.085856
414,0.343539,0.000520,0.448806,0.022809,-0.250000,-0.272809
415,0.343144,0.181401,0.448750,0.425912,-0.375000,0.050912
416,0.343942,0.671833,0.449650,0.819654,-0.750000,0.069654
417,0.343917,0.333496,0.449960,0.577491,-0.125000,0.452491
418,0.343167,0.033297,0.449314,0.182475,-0.250000,-0.067525
419,0.342414,0.031015,0.448655,0.176110,0.000000,-0.176110
420,0.342596,0.418144,0.449131,0.646640,-0.250000,0.396640
421,0.341802,0.011139,0.448307,0.105540,0.375000,0.269460
422,0.341211,0.095041,0.447972,0.308287,-0.125000,0.183287
423,0.342864,1.033600,0.449330,1.016661,1.250000,0.233339
424,0.344295,0.943906,0.450573,0.971548,-0.750000,0.221548
425,0.344311,0.350935,0.450910,0.592398,0.500000,-0.092398
426,0.343506,0.004821,0.450006,0.069431,-0.125000,-0.055569
427,0.342705,0.004680,0.449104,0.068413,0.000000,-0.068413
428,0.341962,0.027563,0.448436,0.166021,-0.250000,-0.083979
429,0.341424,0.113355,0.448173,0.336682,0.375000,0.038318
430,0.340877,0.108470,0.447894,0.329347,0.000000,-0.329347
431,0.340512,0.184937,0.447852,0.430043,0.625000,0.194957
432,0.345472,2.463636,0.450473,1.569597,1.375000,-0.194597
433,0.344687,0.008711,0.449641,0.093335,0.250000,0.156665
434,0.344066,0.077454,0.449242,0.278305,0.250000,-0.028305
435,0.343654,0.166617,0.449147,0.408187,-0.500000,-0.091813
436,0.342891,0.013744,0.448379,0.117236,0.000000,-0.117236
437,0.342421,0.139728,0.448207,0.373803,-0.250000,0.123803
438,0.341633,0.000169,0.447204,0.013014,0.000000,0.013014
439,0.340869,0.009512,0.446400,0.097531,0.000000,-0.097531
440,0.340439,0.153374,0.446274,0.391630,-0.250000,0.141630
441,0.339822,0.070847,0.445862,0.266172,-0.250000,0.016172
442,0.377523,16.852647,0.454217,4.105198,-4.000000,0.105198
443,0.379059,1.051774,0.455518,1.025560,1.500000,0.474440
444,0.378217,0.008584,0.454694,0.092648,0.750000,0.657352
445,0.377827,0.206216,0.454692,0.454110,1.125000,0.670890
446,0.377566,0.262491,0.454823,0.512339,0.125000,0.637339
447,0.378818,0.932461,0.455976,0.965640,-0.500000,0.465640
448,0.379612,0.731188,0.456875,0.855096,-0.875000,-0.019904
449,0.381878,1.388026,0.458496,1.178145,-0.250000,0.928145
450,0.381132,0.049108,0.457964,0.221604,0.000000,0.221604
451,0.381150,0.389182,0.458335,0.623845,-0.375000,0.248845
452,0.380628,0.147191,0.458169,0.383655,-0.375000,0.008655
453,0.380493,0.320204,0.458409,0.565866,-0.625000,-0.059134
454,0.380059,0.185102,0.458346,0.430235,0.375000,-0.055235
455,0.379319,0.046234,0.457807,0.215020,-0.125000,0.090020
456,0.378532,0.023796,0.457135,0.154260,-0.250000,-0.095740
457,0.377783,0.039151,0.456563,0.197867,-0.375000,-0.177133
458,0.377634,0.310122,0.456784,0.556886,-0.750000,-0.193114
459,0.377021,0.098896,0.456471,0.314478,0.125000,-0.189478
460,0.376804,0.277885,0.456626,0.527148,0.500000,-0.027148
461,0.376023,0.019808,0.455935,0.140740,-0.125000,0.015740
462,0.375203,0.000487,0.454987,0.022072,0.000000,-0.022072
463,0.374811,0.195215,0.454959,0.441831,-0.500000,-0.058169
464,0.373999,0.001581,0.454056,0.039763,-0.125000,-0.164763
465,0.376704,1.620997,0.455833,1.273184,-1.375000,-0.101816
466,0.376590,0.323713,0.456078,0.568958,-0.625000,-0.056042
467,0.378651,1.330935,0.457584,1.153662,-1.250000,-0.096338
468,0.420387,19.744451,0.466175,4.443473,-4.500000,-0.056527
469,0.420468,0.457709,0.466627,0.676542,-1.000000,-0.323458
470,0.426195,3.089217,0.469397,1.757617,1.250000,-0.507617
471,0.425334,0.024113,0.468725,0.155282,0.375000,0.219718
472,0.426879,1.148479,0.470013,1.071671,-0.625000,0.446671
473,0.426821,0.399558,0.470359,0.632106,0.375000,-0.257106
474,0.426429,0.242710,0.470406,0.492656,0.500000,0.007344
475,0.426975,0.683740,0.471163,0.826886,-0.375000,0.451886
476,0.426332,0.123312,0.470909,0.351158,0.125000,-0.226158
477,0.425543,0.053058,0.470400,0.230342,-0.250000,-0.480342
478,0.425113,0.221661,0.470401,0.470809,0.000000,-0.470809
479,0.424646,0.203386,0.470360,0.450984,-0.750000,-0.299016
480,0.424158,0.192689,0.470294,0.438963,0.000000,-0.438963
481,0.427456,1.997262,0.472271,1.413245,1.125000,-0.288245
482,0.426836,0.130980,0.472040,0.361911,-0.500000,-0.138089
483,0.425960,0.007093,0.471231,0.084222,-0.375000,-0.290778
484,0.426943,0.898032,0.472223,0.947646,0.625000,-0.322646
485,0.426093,0.018173,0.471522,0.134806,0.000000,-0.134806
486,0.425408,0.095809,0.471186,0.309530,0.000000,-0.309530
487,0.424850,0.155908,0.471028,0.394852,0.125000,-0.269852
488,0.424269,0.143726,0.470838,0.379113,0.000000,-0.379113
489,0.426587,1.548406,0.472432,1.244350,0.875000,-0.369350
490,0.426045,0.163062,0.472291,0.403809,0.250000,-0.153809
491,0.427157,0.967739,0.473341,0.983737,0.625000,-0.358737
492,0.428488,1.076319,0.474497,1.037458,0.750000,-0.287458
493,0.434552,3.394070,0.477295,1.842300,1.625000,-0.217300
494,0.433813,0.072409,0.476870,0.269089,-0.250000,0.019089
495,0.433262,0.163136,0.476721,0.403901,0.375000,-0.028901
496,0.432386,0.002506,0.475854,0.050064,-0.125000,-0.175064
497,0.434048,1.251636,0.477158,1.118765,1.000000,-0.118765
498,0.435231,1.018495,0.478235,1.009205,1.000000,-0.009205
499,0.434873,0.257952,0.478295,0.507890,-0.375000,0.132890
500,0.434940,0.468219,0.478710,0.684265,0.500000,-0.184265
501,0.434748,0.339218,0.478919,0.582424,-0.500000,0.082424
502,0.434713,0.417701,0.479255,0.646298,-0.750000,-0.103702
503,0.436967,1.559325,0.480797,1.248729,-1.250000,-0.001271
504,0.438637,1.271751,0.482091,1.127719,-1.125000,0.002719
505,0.438367,0.303464,0.482228,0.550876,0.500000,-0.050876
506,0.437768,0.137672,0.482007,0.371042,-0.250000,0.121042
507,0.437439,0.272191,0.482086,0.521720,-0.625000,-0.103280
508,0.436868,0.149793,0.481897,0.387031,0.250000,-0.137031
509,0.436135,0.066614,0.481454,0.258096,-0.250000,0.008096
510,0.435730,0.231435,0.481453,0.481077,-0.625000,-0.143923
511,0.434874,0.001427,0.480578,0.037769,-0.125000,-0.087231
512,0.434149,0.066619,0.480140,0.258107,0.125000,-0.133107
513,0.433563,0.135997,0.479921,0.368778,0.250000,-0.118778
514,0.432936,0.113744,0.479641,0.337260,-0.375000,-0.037740
515,0.432095,0.003226,0.478814,0.056801,-0.125000,-0.181801
516,0.431992,0.379207,0.479082,0.615798,-0.750000,-0.134202
517,0.431798,0.332450,0.479272,0.576584,0.375000,-0.201584
518,0.431606,0.333274,0.479462,0.577299,0.500000,-0.077299
519,0.431921,0.593746,0.480028,0.770549,-0.875000,-0.104451
520,0.432607,0.785849,0.480815,0.886481,-1.125000,-0.238519
521,0.431900,0.067427,0.480388,0.259668,-0.375000,-0.115332
522,0.431259,0.099542,0.480069,0.315503,0.250000,-0.065503
523,0.431439,0.524816,0.480540,0.724442,0.750000,0.025558
524,0.431483,0.454134,0.480912,0.673895,-0.500000,0.173895
525,0.430659,0.002298,0.480081,0.047940,-0.125000,-0.172940
526,0.429834,0.000117,0.479182,0.010805,0.125000,0.135805
527,0.429020,0.004006,0.478387,0.063289,0.000000,-0.063289
528,0.428214,0.006585,0.477629,0.081147,0.000000,-0.081147
529,0.427428,0.015637,0.476957,0.125047,0.000000,-0.125047
530,0.426744,0.067879,0.476546,0.260536,-0.375000,-0.114464
531,0.426350,0.219036,0.476529,0.468013,-0.625000,-0.156987
532,0.425598,0.029390,0.475952,0.171435,0.125000,-0.046435
533,0.425398,0.319423,0.476120,0.565175,-0.625000,-0.059825
534,0.425277,0.361705,0.476357,0.601419,0.375000,-0.226419
535,0.424478,0.000709,0.475510,0.026624,0.000000,-0.026624
536,0.425036,0.721221,0.476212,0.849247,0.750000,-0.099247
537,0.424886,0.345026,0.476421,0.587389,-0.625000,-0.037611
538,0.424096,0.003290,0.475636,0.057359,0.000000,-0.057359
539,0.424743,0.770310,0.476387,0.877673,0.750000,-0.127673
540,0.424825,0.468844,0.476776,0.684722,0.750000,0.065278
541,0.424706,0.360542,0.477006,0.600451,0.500000,-0.100451
542,0.431657,4.164599,0.479913,2.040735,2.000000,-0.040735
543,0.430857,0.000232,0.479051,0.015234,0.250000,0.265234
544,0.430742,0.368612,0.479288,0.607134,0.750000,0.142866
545,0.433617,1.986146,0.481007,1.409307,-1.125000,0.284307
546,0.435533,1.472194,0.482358,1.213340,-1.375000,-0.161660
547,0.434847,0.063352,0.481934,0.251699,0.125000,-0.126699
548,0.434067,0.010383,0.481235,0.101899,0.250000,0.148101
549,0.433403,0.072275,0.480845,0.268841,0.250000,-0.018841
550,0.433630,0.557085,0.481332,0.746381,-0.625000,0.121381
551,0.434083,0.681530,0.481961,0.825548,0.625000,-0.200548
552,0.433520,0.125327,0.481727,0.354016,0.500000,0.145984
553,0.432815,0.046758,0.481244,0.216235,-0.125000,0.091235
554,0.432710,0.375041,0.481482,0.612406,0.500000,-0.112406
555,0.434010,1.149174,0.482554,1.071995,1.000000,-0.071995
556,0.433919,0.383517,0.482802,0.619288,-0.625000,-0.005712
557,0.433197,0.034925,0.482267,0.186882,0.250000,0.063118
558,0.433241,0.457334,0.482617,0.676265,-0.750000,-0.073735
559,0.432966,0.280863,0.482702,0.529966,-0.625000,-0.095034
560,0.432785,0.332176,0.482870,0.576347,0.500000,-0.076347
561,0.432465,0.254242,0.482909,0.504225,-0.500000,0.004225
562,0.431690,0.000302,0.482074,0.017368,0.000000,-0.017368
563,0.431231,0.175091,0.481961,0.418439,0.500000,0.081561
564,0.431655,0.668801,0.482560,0.817802,0.875000,0.057198
565,0.430892,0.003592,0.481807,0.059933,0.125000,0.184933
566,0.431370,0.699277,0.482438,0.836228,-0.750000,0.086228
567,0.431489,0.498525,0.482835,0.706063,0.500000,-0.206063
568,0.430739,0.008654,0.482144,0.093026,0.125000,0.031974
569,0.430517,0.304984,0.482268,0.552253,0.500000,-0.052253
570,0.431815,1.165439,0.483323,1.079555,-1.125000,-0.045445
571,0.431262,0.118193,0.483077,0.343792,-0.500000,-0.156208
572,0.431641,0.646314,0.483642,0.803937,-0.875000,-0.071063
573,0.431481,0.340947,0.483818,0.583907,-0.625000,-0.041093
574,0.430826,0.057775,0.483391,0.240365,-0.250000,-0.009635
575,0.430278,0.118139,0.483146,0.343713,0.250000,-0.093713
576,0.429854,0.187728,0.483059,0.433275,0.500000,0.066725
577,0.431079,1.131851,0.484073,1.063885,-0.625000,0.438885
578,0.430751,0.242912,0.484088,0.492861,-0.375000,0.117861
579,0.430471,0.269431,0.484149,0.519068,0.625000,0.105932
580,0.429920,0.112977,0.483892,0.336120,0.375000,0.038880
581,0.429252,0.044768,0.483420,0.211584,-0.250000,-0.038416
582,0.433030,2.612831,0.485380,1.616425,1.500000,-0.116425
583,0.432283,0.000709,0.484588,0.026627,0.125000,0.151627
584,0.433265,1.001672,0.485478,1.000835,1.000000,-0.000835
585,0.432527,0.004535,0.484758,0.067345,0.125000,0.192345
586,0.432574,0.459853,0.485091,0.678125,-0.625000,0.053125
587,0.436758,2.871863,0.487165,1.694657,1.625000,-0.069657
588,0.436276,0.155502,0.487006,0.394337,-0.125000,0.269337
589,0.435636,0.061403,0.486597,0.247797,0.250000,0.002203
590,0.437054,1.267012,0.487688,1.125616,-1.000000,0.125616
591,0.436871,0.329484,0.487835,0.574007,-0.625000,-0.050993
592,0.436207,0.046192,0.487371,0.214923,-0.125000,0.089923
593,0.435506,0.023316,0.486803,0.152694,0.250000,0.097306
594,0.434884,0.068847,0.486422,0.262388,-0.250000,0.012388
595,0.434188,0.023551,0.485859,0.153462,-0.125000,0.028462
596,0.434986,0.906207,0.486646,0.951949,-1.000000,-0.048051
597,0.435802,0.919372,0.487442,0.958839,1.000000,0.041161
598,0.435993,0.548883,0.487869,0.740866,-0.500000,0.240866
599,0.435290,0.017739,0.487273,0.133188,0.125000,-0.008188
600,0.434562,0.001339,0.486517,0.036589,0.000000,-0.036589
601,0.433933,0.059239,0.486110,0.243391,0.250000,0.006609
602,0.433292,0.050888,0.485674,0.225584,0.250000,0.024416
603,0.432663,0.056523,0.485260,0.237746,-0.125000,0.112746
604,0.431994,0.030683,0.484743,0.175167,0.125000,-0.050167
605,0.431277,0.001076,0.483991,0.032805,-0.125000,-0.092195
606,0.430726,0.100100,0.483713,0.316385,-0.375000,-0.058615
607,0.430488,0.287190,0.483799,0.535901,0.500000,-0.035901
608,0.432628,1.722823,0.485172,1.312564,1.375000,0.062436
609,0.433581,1.008990,0.486030,1.004485,-0.750000,0.254485
610,0.435282,1.464443,0.487225,1.210142,1.250000,0.039858
611,0.435223,0.399557,0.487463,0.632105,0.750000,0.117895
612,0.435128,0.377343,0.487672,0.614282,-0.500000,0.114282
613,0.434413,0.000134,0.486890,0.011591,0.125000,0.113409
614,0.433783,0.049904,0.486458,0.223393,0.250000,0.026607
615,0.437977,2.996385,0.488495,1.731007,-1.750000,-0.018993
616,0.438065,0.492011,0.488843,0.701435,-0.625000,0.076435
617,0.442166,2.951940,0.490849,1.718121,-1.750000,-0.031879
618,0.441822,0.230911,0.490832,0.480532,0.250000,-0.230532
619,0.442211,0.680799,0.491375,0.825105,1.000000,0.174895
620,0.441521,0.017278,0.490791,0.131448,0.000000,0.131448
621,0.440825,0.012100,0.490174,0.110001,0.125000,0.014999
622,0.441107,0.615081,0.490650,0.784271,-0.500000,0.284271
623,0.441285,0.551298,0.491057,0.742495,-0.750000,-0.007505
624,0.442418,1.143530,0.491989,1.069360,-1.000000,0.069360
625,0.441901,0.121281,0.491758,0.348254,-0.250000,0.098254
626,0.441306,0.071804,0.491398,0.267962,-0.125000,0.142962
627,0.441102,0.314271,0.491509,0.560599,-0.375000,0.185599
628,0.440959,0.352286,0.491673,0.593537,0.625000,0.031463
629,0.440267,0.008090,0.491030,0.089945,0.250000,0.160055
630,0.440248,0.428795,0.491292,0.654825,0.875000,0.220175
631,0.439609,0.039578,0.490825,0.198941,0.000000,0.198941
632,0.438917,0.004831,0.490154,0.069504,0.000000,-0.069504
633,0.438450,0.144821,0.489980,0.380554,-0.500000,-0.119446
634,0.437784,0.019081,0.489422,0.138134,0.000000,-0.138134
635,0.437137,0.029618,0.488919,0.172099,-0.250000,-0.077901
636,0.437903,0.921364,0.489664,0.959877,-1.000000,-0.040123
637,0.437225,0.008448,0.489036,0.091913,-0.125000,-0.216913
638,0.436695,0.101630,0.488767,0.318795,0.125000,-0.193795
639,0.436013,0.003285,0.488088,0.057316,0.000000,-0.057316
640,0.439395,2.586906,0.489849,1.608386,-1.625000,-0.016614
641,0.439135,0.274066,0.489902,0.523514,0.250000,-0.273514
642,0.438569,0.077863,0.489571,0.279040,-0.375000,-0.095960
643,0.437884,0.001050,0.488856,0.032409,-0.125000,-0.092591
644,0.438124,0.591394,0.489294,0.769021,0.625000,-0.144021
645,0.437587,0.093553,0.489008,0.305864,-0.375000,-0.069136
646,0.436910,0.003245,0.488335,0.056963,-0.125000,-0.181963
647,0.438202,1.267910,0.489326,1.126015,-1.125000,0.001015
648,0.437540,0.011358,0.488732,0.106574,-0.125000,-0.231574
649,0.437056,0.125466,0.488523,0.354212,0.250000,-0.104212
650,0.436392,0.008177,0.487907,0.090425,0.000000,-0.090425
651,0.436022,0.197333,0.487840,0.444222,-0.625000,-0.180778
652,0.435897,0.354771,0.488006,0.595626,-0.750000,-0.154374
653,0.435619,0.255551,0.488033,0.505521,0.250000,-0.255521
654,0.435009,0.039339,0.487587,0.198340,-0.250000,-0.051660
655,0.434681,0.221381,0.487561,0.470512,-0.625000,-0.154488
656,0.435529,0.987206,0.488337,0.993582,0.750000,-0.243582
657,0.435099,0.155000,0.488192,0.393700,-0.375000,0.018700
658,0.434440,0.003844,0.487541,0.062001,-0.125000,-0.062999
659,0.434520,0.487018,0.487862,0.697867,-0.750000,-0.052133
660,0.433869,0.007175,0.487247,0.084708,-0.250000,-0.165292
661,0.433478,0.177157,0.487146,0.420900,0.375000,-0.045900
662,0.432893,0.048813,0.486742,0.220936,-0.250000,-0.029064
663,0.432358,0.080413,0.486433,0.283572,0.125000,-0.158572
664,0.431704,0.000321,0.485723,0.017921,-0.125000,-0.107079
665,0.431052,0.000942,0.485035,0.030686,-0.125000,-0.155686
666,0.430808,0.269206,0.485086,0.518851,0.375000,-0.143851
667,0.430659,0.332419,0.485224,0.576558,0.500000,-0.076558
668,0.430011,0.000475,0.484526,0.021793,-0.125000,-0.146793
669,0.431134,1.176416,0.485429,1.084627,1.000000,-0.084627
670,0.430606,0.079781,0.485124,0.282455,0.250000,-0.032455
671,0.430116,0.103645,0.484879,0.321939,0.250000,-0.071939
672,0.429849,0.251948,0.484905,0.501944,0.500000,-0.001944
673,0.429700,0.329750,0.485038,0.574238,0.500000,-0.074238
674,0.429095,0.024663,0.484549,0.157044,0.125000,-0.032044
675,0.428465,0.006453,0.483946,0.080329,0.000000,0.080329
676,0.427895,0.045340,0.483543,0.212932,-0.375000,-0.162068
677,0.427626,0.246494,0.483562,0.496481,0.625000,0.128519
678,0.427356,0.246127,0.483581,0.496112,0.500000,0.003888
679,0.426831,0.072809,0.483264,0.269832,0.250000,-0.019832
680,0.426226,0.017978,0.482748,0.134082,-0.250000,-0.115918
681,0.425600,0.002152,0.482103,0.046388,-0.125000,-0.078612
682,0.425188,0.146050,0.481956,0.382164,-0.375000,0.007164
683,0.424836,0.186354,0.481882,0.431687,-0.375000,0.056687
684,0.424669,0.311415,0.481994,0.558046,-0.250000,0.308046
685,0.424981,0.637225,0.482458,0.798264,1.000000,0.201736
686,0.425381,0.697422,0.482975,0.835118,-0.625000,0.210118
687,0.425214,0.311543,0.483085,0.558160,-0.500000,0.058160
688,0.426199,1.099137,0.483912,1.048397,1.000000,-0.048397
689,0.425650,0.050223,0.483532,0.224104,-0.125000,0.099104
690,0.427023,1.367025,0.484532,1.169199,1.250000,0.080801
691,0.426505,0.071757,0.484217,0.267875,-0.125000,0.142875
692,0.427414,1.051451,0.485003,1.025403,1.000000,-0.025403
693,0.427972,0.811819,0.485607,0.901010,-0.750000,0.151010
694,0.427473,0.083693,0.485322,0.289297,-0.250000,0.039297
695,0.426886,0.021863,0.484834,0.147861,-0.250000,-0.102139
696,0.427343,0.743261,0.485379,0.862126,-0.875000,-0.012874
697,0.426751,0.017055,0.484867,0.130595,0.000000,-0.130595
698,0.426329,0.134181,0.484696,0.366307,0.375000,0.008693
699,0.426398,0.474143,0.484990,0.688580,0.750000,0.061420
700,0.425970,0.128609,0.484808,0.358622,0.625000,0.266378
701,0.426264,0.630459,0.485252,0.794014,-0.500000,0.294014
702,0.426734,0.754214,0.485801,0.868455,-0.750000,0.118455
703,0.426171,0.033582,0.485368,0.183253,-0.125000,0.058253
704,0.425665,0.072078,0.485058,0.268474,0.375000,0.106526
705,0.426655,1.119249,0.485875,1.057946,-0.875000,0.182946
706,0.426259,0.148934,0.485733,0.385919,0.250000,-0.135919
707,0.425971,0.223736,0.485715,0.473008,-0.500000,-0.026992
708,0.425729,0.255433,0.485743,0.505403,0.500000,-0.005403
709,0.425177,0.036873,0.485326,0.192024,-0.125000,0.067024
710,0.424576,0.001105,0.484686,0.033234,0.000000,-0.033234
711,0.424492,0.365179,0.484855,0.604301,0.500000,-0.104301
712,0.424373,0.340173,0.484994,0.583243,0.625000,0.041757
713,0.424364,0.417800,0.485222,0.646375,0.625000,-0.021375
714,0.424869,0.782744,0.485784,0.884728,0.875000,-0.009728
715,0.424489,0.154558,0.485654,0.393139,-0.250000,0.143139
716,0.423941,0.034427,0.485233,0.185546,0.000000,0.185546
717,0.423645,0.213217,0.485200,0.461754,0.375000,-0.086754
718,0.424599,1.104543,0.485992,1.050972,1.000000,-0.050972
719,0.425226,0.872828,0.486619,0.934253,-0.875000,0.059253
720,0.425252,0.444145,0.486870,0.666442,0.625000,-0.041442
721,0.424767,0.077480,0.486579,0.278353,0.250000,-0.028353
722,0.424177,0.001104,0.485948,0.033227,0.125000,0.091773
723,0.423824,0.170214,0.485846,0.412570,0.500000,0.087430
724,0.423623,0.279476,0.485905,0.528654,-0.500000,0.028654
725,0.423055,0.013916,0.485395,0.117964,0.125000,0.007036
726,0.422785,0.227917,0.485384,0.477407,-0.375000,0.102407
727,0.422302,0.073296,0.485087,0.270732,0.250000,-0.020732
728,0.422572,0.618431,0.485503,0.786404,0.875000,0.088596
729,0.422799,0.587117,0.485890,0.766236,-0.625000,0.141236
730,0.423569,0.981585,0.486586,0.990750,1.125000,0.134250
731,0.423054,0.049482,0.486223,0.222446,0.000000,-0.222446
732,0.422978,0.367445,0.486387,0.606173,0.375000,-0.231173
733,0.425552,2.299583,0.487800,1.516438,1.375000,-0.141438
734,0.425169,0.145777,0.487655,0.381808,-0.500000,-0.118192
735,0.424631,0.032127,0.487233,0.179239,0.125000,-0.054239
736,0.426063,1.472371,0.488225,1.213413,1.125000,-0.088413
737,0.425757,0.202010,0.488172,0.449455,0.375000,-0.074455
738,0.425348,0.125182,0.487989,0.353811,-0.250000,0.103811
739,0.425156,0.284364,0.488051,0.533258,0.500000,-0.033258
740,0.427202,1.931466,0.489276,1.389772,1.375000,-0.014772
741,0.427871,0.919697,0.489913,0.959008,-0.875000,0.084008
742,0.428561,0.937245,0.490561,0.968114,-0.875000,0.093114
743,0.428107,0.092907,0.490310,0.304806,-0.500000,-0.195194
744,0.427912,0.284194,0.490368,0.533099,-0.625000,-0.091901
745,0.427618,0.209980,0.490324,0.458236,-0.500000,-0.041764
746,0.427574,0.395157,0.490511,0.628615,-0.750000,-0.121385
747,0.427189,0.141607,0.490357,0.376307,0.250000,-0.126307
748,0.426616,0.000451,0.489727,0.021245,0.000000,0.021245
749,0.426050,0.005020,0.489164,0.070850,-0.125000,-0.054150
750,0.425822,0.255971,0.489187,0.505935,-0.500000,0.005935
751,0.425609,0.266518,0.489223,0.516254,0.375000,-0.141254
752,0.425299,0.194225,0.489158,0.440710,-0.500000,-0.059290
753,0.424733,0.000965,0.488547,0.031071,0.000000,-0.031071
754,0.424493,0.245170,0.488555,0.495146,-0.500000,-0.004854
755,0.423929,0.000480,0.487934,0.021911,0.000000,-0.021911
756,0.425704,1.759179,0.489049,1.326341,1.375000,0.048659
757,0.425624,0.365158,0.489202,0.604283,0.625000,0.020717
758,0.425406,0.261423,0.489231,0.511295,0.625000,0.113705
759,0.424844,0.000914,0.488623,0.030234,0.125000,0.155234
760,0.424285,0.002166,0.488039,0.046540,0.125000,0.078460
761,0.424521,0.603200,0.488420,0.776659,0.750000,-0.026659
762,0.441203,13.069122,0.492545,3.615124,3.625000,0.009876
763,0.440745,0.093431,0.492299,0.305664,0.250000,0.555664
764,0.441486,1.004461,0.492969,1.002228,-0.750000,0.252228
765,0.443226,1.765476,0.494068,1.328712,1.250000,-0.078712
766,0.443591,0.721050,0.494534,0.849147,1.125000,0.275853
767,0.443283,0.208795,0.494484,0.456941,0.875000,0.418059
768,0.442930,0.173674,0.494383,0.416743,0.000000,0.416743
769,0.444134,1.363881,0.495263,1.167853,-1.000000,0.167853
770,0.444931,1.054618,0.495957,1.026946,-1.000000,0.026946
771,0.444454,0.078968,0.495677,0.281013,-0.125000,0.156013
772,0.444368,0.378238,0.495832,0.615010,0.750000,0.134990
773,0.445558,1.359828,0.496704,1.166116,-1.000000,0.166116
774,0.452781,6.007085,0.499242,2.450936,2.250000,-0.200936
775,0.453400,0.930061,0.499845,0.964397,-0.625000,0.339397
776,0.453230,0.322106,0.499933,0.567544,0.750000,0.182456
777,0.453002,0.277038,0.499967,0.526344,-0.125000,0.401344
778,0.452703,0.221350,0.499929,0.470478,-0.250000,0.220478
779,0.453788,1.293709,0.500751,1.137413,-0.875000,0.262413
780,0.454544,1.040633,0.501421,1.020114,-0.875000,0.145114
781,0.454257,0.231362,0.501394,0.481001,0.375000,-0.106001
782,0.455099,1.109653,0.502104,1.053401,-1.000000,0.053401
783,0.454656,0.110308,0.501886,0.332127,-0.375000,-0.042873
784,0.454078,0.003559,0.501319,0.059659,0.125000,0.065341
785,0.455804,1.801737,0.502396,1.342288,-1.250000,0.092288
786,0.455687,0.364890,0.502526,0.604061,0.625000,0.020939
787,0.456443,1.046959,0.503191,1.023210,-1.000000,0.023210
788,0.456251,0.305941,0.503254,0.553119,-0.625000,-0.071881
789,0.457189,1.192628,0.504004,1.092075,-1.125000,-0.032925
790,0.456740,0.104855,0.503775,0.323813,0.125000,-0.198813
791,0.456390,0.180845,0.503675,0.425259,0.375000,-0.050259
792,0.464332,6.714958,0.506325,2.591324,2.500000,-0.091324
793,0.464299,0.438025,0.506522,0.661835,-0.500000,0.161835
794,0.463757,0.036300,0.506122,0.190525,0.250000,0.059475
795,0.463174,0.002560,0.505546,0.050601,0.000000,-0.050601
796,0.462660,0.056201,0.505207,0.237068,0.250000,0.012932
797,0.462109,0.025500,0.504771,0.159687,0.000000,0.159687
798,0.462444,0.728131,0.505210,0.853306,0.875000,0.021694
799,0.461889,0.020864,0.504756,0.144445,-0.125000,0.019445
800,0.461896,0.467644,0.504981,0.683845,0.875000,0.191155
801,0.462746,1.139414,0.505687,1.067433,1.250000,0.182567
802,0.462282,0.092317,0.505434,0.303837,-0.125000,0.178837
803,0.462084,0.304482,0.505492,0.551799,0.750000,0.198201
804,0.461630,0.098957,0.505254,0.314574,0.500000,0.185426
805,0.461759,0.564989,0.505561,0.751658,0.875000,0.123342
806,0.467376,4.966597,0.507710,2.228586,2.500000,0.271414
807,0.468380,1.273523,0.508483,1.128505,1.500000,0.371495
808,0.469046,1.003300,0.509096,1.001649,-0.375000,0.626649
809,0.473330,3.918251,0.510923,1.979457,-1.625000,0.354457
810,0.472884,0.113945,0.510707,0.337557,0.250000,-0.087557
811,0.476322,3.247022,0.512308,1.801949,-1.625000,0.176949
812,0.483405,6.199180,0.514755,2.489815,2.375000,-0.114815
813,0.483002,0.157364,0.514609,0.396691,-0.500000,-0.103309
814,0.486827,3.581262,0.516310,1.892422,-1.750000,0.142422
815,0.487098,0.706467,0.516710,0.840516,0.750000,-0.090516
816,0.489845,2.717899,0.518104,1.648605,-1.625000,0.023605
817,0.489804,0.456509,0.518298,0.675654,-0.625000,0.050654
818,0.491676,2.013620,0.519404,1.419021,1.500000,0.080979
819,0.492089,0.828745,0.519884,0.910354,0.500000,-0.410354
820,0.491743,0.209052,0.519807,0.457222,-0.375000,0.082222
821,0.491259,0.097000,0.519552,0.311449,0.500000,0.188551
822,0.490701,0.034265,0.519143,0.185109,0.000000,-0.185109
823,0.491343,1.016596,0.519740,1.008264,1.125000,0.116736
824,0.490844,0.082424,0.519457,0.287095,0.750000,0.462905
825,0.498407,6.700181,0.521977,2.588471,-2.500000,0.088471
826,0.498019,0.179067,0.521856,0.423163,0.250000,-0.173163
827,0.501068,3.007583,0.523330,1.734238,1.625000,-0.109238
828,0.504214,3.093670,0.524829,1.758883,-1.875000,-0.116117
829,0.503613,0.007872,0.524300,0.088726,0.125000,0.213726
830,0.503341,0.278837,0.524305,0.528050,-0.625000,-0.096950
831,0.502784,0.043335,0.523923,0.208171,-0.500000,-0.291829
832,0.502178,0.000442,0.523315,0.021033,0.500000,0.478967
833,0.501708,0.112667,0.523089,0.335659,0.375000,0.039341
834,0.501403,0.248338,0.523059,0.498335,-0.625000,-0.126665
835,0.501824,0.851454,0.523540,0.922743,1.125000,0.202257
836,0.502210,0.823116,0.524001,0.907257,1.000000,0.092743
837,0.501614,0.005634,0.523462,0.075059,0.125000,0.049941
838,0.501291,0.232092,0.523412,0.481759,0.750000,0.268241
839,0.503057,1.976403,0.524469,1.405846,-1.375000,0.030846
840,0.502527,0.059414,0.524133,0.243750,0.125000,-0.118750
841,0.501970,0.036401,0.523735,0.190792,0.000000,0.190792
842,0.501879,0.425672,0.523889,0.652435,0.375000,-0.277435
843,0.502715,1.203658,0.524572,1.097113,1.125000,0.027887
844,0.502174,0.048303,0.524209,0.219780,0.250000,0.030220
845,0.504734,2.654839,0.525523,1.629368,1.500000,-0.129368
846,0.509566,4.573372,0.527439,2.138544,-1.875000,0.263544
847,0.509265,0.256250,0.527414,0.506211,-0.500000,0.006211
848,0.508673,0.009011,0.526901,0.094924,0.125000,0.030076
849,0.508841,0.650896,0.527233,0.806782,0.625000,-0.181782
850,0.511025,2.356048,0.528424,1.534942,1.625000,0.090058
851,0.510753,0.280868,0.528426,0.529969,0.500000,-0.029969
852,0.510673,0.443306,0.528588,0.665813,0.375000,-0.290813
853,0.511297,1.040165,0.529166,1.019885,-0.625000,0.394885
854,0.511085,0.330925,0.529220,0.575260,-0.375000,0.200260
855,0.511988,1.279978,0.529928,1.131361,-0.750000,0.381361
856,0.512344,0.814919,0.530366,0.902729,-0.625000,0.277729
857,0.511756,0.011215,0.529868,0.105902,0.125000,0.230902
858,0.514606,2.945217,0.531257,1.716164,-1.500000,0.216164
859,0.514093,0.076530,0.530959,0.276641,-0.125000,0.151641
860,0.513514,0.018385,0.530497,0.135591,0.125000,0.260591
861,0.512917,0.001523,0.529924,0.039028,0.125000,0.085972
862,0.512884,0.484886,0.530118,0.696337,-0.500000,0.196337
863,0.512823,0.460455,0.530291,0.678569,0.750000,0.071431
864,0.512343,0.099646,0.530041,0.315668,0.250000,-0.065668
865,0.512077,0.283585,0.530044,0.532527,-0.500000,0.032527
866,0.511545,0.053606,0.529698,0.231530,0.000000,0.231530
867,0.510961,0.007198,0.529182,0.084840,0.000000,0.084840
868,0.510440,0.060757,0.528855,0.246490,0.375000,0.128510
869,0.512376,2.185573,0.529953,1.478368,-1.250000,0.228368
870,0.511858,0.063819,0.529632,0.252624,-0.375000,-0.122376
871,0.511487,0.189780,0.529524,0.435637,0.375000,-0.060637
872,0.510991,0.081009,0.529242,0.284621,0.250000,-0.034621
873,0.510404,0.000957,0.528668,0.030932,0.000000,-0.030932
874,0.510194,0.327887,0.528719,0.572614,0.500000,-0.072614
875,0.509862,0.221175,0.528652,0.470292,0.250000,-0.220292
876,0.509333,0.048070,0.528297,0.219248,-0.125000,0.094248
877,0.508772,0.019837,0.527853,0.140843,0.000000,0.140843
878,0.508194,0.003243,0.527314,0.056945,0.000000,-0.056945
879,0.507761,0.129983,0.527124,0.360531,-0.375000,-0.014469
880,0.507210,0.024694,0.526702,0.157143,0.250000,0.092857
881,0.506723,0.079732,0.526423,0.282368,0.250000,-0.032368
882,0.506247,0.088922,0.526163,0.298197,0.375000,0.076803
883,0.505752,0.071404,0.525868,0.267216,-0.125000,0.142216
884,0.505308,0.114826,0.525656,0.338860,0.375000,0.036140
885,0.504743,0.007726,0.525159,0.087900,0.000000,0.087900
886,0.506165,1.759067,0.526067,1.326298,1.500000,0.173702
887,0.506561,0.856105,0.526519,0.925260,1.125000,0.199740
888,0.506395,0.359568,0.526602,0.599640,-0.500000,0.099640
889,0.506031,0.184036,0.526492,0.428994,-0.375000,0.053994
890,0.508092,2.332217,0.527621,1.527160,-1.500000,0.027160
891,0.508823,1.156059,0.528239,1.075202,1.000000,-0.075202
892,0.509787,1.365077,0.528959,1.168365,-1.125000,0.043365
893,0.509265,0.045641,0.528605,0.213638,-0.375000,-0.161362
894,0.508702,0.008701,0.528116,0.093279,0.250000,0.156721
895,0.508214,0.073792,0.527828,0.271647,0.375000,0.103353
896,0.509084,1.284063,0.528506,1.133165,-0.875000,0.258165
897,0.508606,0.082184,0.528236,0.286677,0.000000,0.286677
898,0.509448,1.261564,0.528901,1.123194,-1.125000,-0.001806
899,0.513141,3.814761,0.530492,1.953141,2.000000,0.046859
900,0.514074,1.349275,0.531197,1.161583,-1.000000,0.161583
901,0.513510,0.007517,0.530701,0.086699,0.000000,0.086699
902,0.512939,0.001450,0.530153,0.038075,0.125000,0.086925
903,0.512443,0.066313,0.529849,0.257512,0.250000,-0.007512
904,0.511968,0.085284,0.529585,0.292034,-0.125000,0.167034
905,0.511497,0.087310,0.529325,0.295483,0.500000,0.204517
906,0.511002,0.065273,0.529022,0.255486,0.125000,-0.130486
907,0.510594,0.142689,0.528854,0.377741,0.375000,-0.002741
908,0.511091,0.960116,0.529353,0.979855,-0.750000,0.229855
909,0.513019,2.255983,0.530428,1.501993,1.500000,-0.001993
910,0.513984,1.387340,0.531142,1.177854,-1.125000,0.052854
911,0.513424,0.005898,0.530642,0.076799,0.250000,0.173201
912,0.512896,0.033694,0.530259,0.183559,0.250000,0.066441
913,0.518016,5.166778,0.532177,2.273055,-2.250000,0.023055
914,0.519400,1.777851,0.533057,1.333361,-1.250000,0.083361
915,0.519588,0.690210,0.533384,0.830789,-0.875000,-0.044211
916,0.519018,0.000075,0.532808,0.008657,-0.375000,-0.383657
917,0.518833,0.350052,0.532873,0.591652,-0.500000,0.091652
918,0.518323,0.052356,0.532540,0.228813,0.125000,-0.103813
919,0.517868,0.102202,0.532308,0.319690,-0.500000,-0.180310
920,0.517641,0.310211,0.532334,0.556966,0.750000,0.193034
921,0.517869,0.726876,0.532684,0.852570,0.875000,0.022430
922,0.517506,0.184287,0.532571,0.429286,-0.375000,0.054286
923,0.518017,0.986794,0.533072,0.993375,-1.000000,-0.006625
924,0.518135,0.626627,0.533354,0.791598,-0.875000,-0.083402
925,0.517688,0.106663,0.533129,0.326593,0.250000,-0.076593
926,0.517405,0.257350,0.533101,0.507297,-0.500000,0.007297
927,0.517484,0.589548,0.533355,0.767820,0.750000,-0.017820
928,0.516951,0.025245,0.532950,0.158887,-0.375000,-0.216113
929,0.517975,1.463952,0.533682,1.209939,1.125000,-0.084939
930,0.517448,0.030257,0.533293,0.173945,0.125000,-0.048945
931,0.517068,0.165492,0.533157,0.406808,-0.375000,0.031808
932,0.516511,0.000022,0.532588,0.004699,0.000000,-0.004699
933,0.516005,0.046655,0.532247,0.215997,-0.250000,-0.034003
934,0.515460,0.009044,0.531777,0.095098,0.000000,-0.095098
935,0.515478,0.532374,0.531989,0.729639,0.750000,0.020361
936,0.515706,0.727976,0.532334,0.853215,-1.000000,-0.146785
937,0.517347,2.046104,0.533296,1.430421,-1.375000,0.055421
938,0.516798,0.004696,0.532799,0.068530,0.000000,-0.068530
939,0.516260,0.014193,0.532356,0.119134,-0.125000,-0.244134
940,0.517196,1.392197,0.533048,1.179914,-1.250000,-0.070086