# TEST CONFIGURATION BEGIN
# File Stream: filename: air_company_stock4.csv  -  n_targets: 1
# [air_company_stock4_ADE_HOMO_HATREE_SIZE_4] Pipeline: Array BaseStreamModel: base_models: [<skmultiflow.trees.regression_hoeffding_adaptive_tree.RegressionHAT object at 0x7f229edba208>, <skmultiflow.trees.regression_hoeffding_adaptive_tree.RegressionHAT object at 0x7f229edba400>, <skmultiflow.trees.regression_hoeffding_adaptive_tree.RegressionHAT object at 0x7f229edbaa58>, <skmultiflow.trees.regression_hoeffding_adaptive_tree.RegressionHAT object at 0x7f229edbac50>]
 Array BaseStreamModel: base_models: [<skmultiflow.trees.regression_hoeffding_adaptive_tree.RegressionHAT object at 0x7f229edba208>, <skmultiflow.trees.regression_hoeffding_adaptive_tree.RegressionHAT object at 0x7f229edba400>, <skmultiflow.trees.regression_hoeffding_adaptive_tree.RegressionHAT object at 0x7f229edbaa58>, <skmultiflow.trees.regression_hoeffding_adaptive_tree.RegressionHAT object at 0x7f229edbac50>]
# Prequential Evaluator: n_wait: 1 - max_samples: 600000 - max_time: 10000000 - output_file: air_company_stock4_ADE_HOMO_HATREE_SIZE_4_SIZE_4 - batch_size: 1 - pretrain_size: 5 - task_type: regression - show_plot: False - metrics: ['mean_square_error', 'mean_absolute_error', 'true_vs_predicted']
# TEST CONFIGURATION END
id,global_mse_[air_company_stock4_ADE_HOMO_HATREE_SIZE_4],sliding_mse_[air_company_stock4_ADE_HOMO_HATREE_SIZE_4],global_mae_[air_company_stock4_ADE_HOMO_HATREE_SIZE_4],sliding_mae_[air_company_stock4_ADE_HOMO_HATREE_SIZE_4],true_value_[air_company_stock4_ADE_HOMO_HATREE_SIZE_4],predicted_value_[air_company_stock4_ADE_HOMO_HATREE_SIZE_4]
5,8.218030,8.218030,2.866711,2.866711,0.125000,2.991711
6,4.836428,1.454825,2.036436,1.206161,0.500000,1.706161
7,4.082468,2.574550,1.892471,1.604540,0.625000,2.229540
8,3.125305,0.253816,1.545304,0.503802,1.375000,0.871198
9,2.501257,0.005064,1.250475,0.071161,0.500000,0.571161
10,2.160811,0.458583,1.154927,0.677188,0.500000,1.177188
11,1.884127,0.224022,1.057553,0.473309,-0.500000,-0.026691
12,1.715557,0.535568,1.016837,0.731825,-0.375000,0.356825
13,1.557016,0.288688,0.963555,0.537297,-0.125000,0.412297
14,1.572689,1.713741,0.998109,1.309099,-0.250000,1.059099
15,1.709859,3.081563,1.066957,1.755438,-0.250000,1.505438
16,1.910078,4.112487,1.147038,2.027927,-0.500000,1.527927
17,1.815494,0.680486,1.122260,0.824916,0.125000,0.949916
18,1.731375,0.637832,1.099144,0.798644,0.125000,0.923644
19,1.621685,0.086013,1.045420,0.293280,0.750000,1.043280
20,1.545525,0.403139,1.019764,0.634933,1.250000,0.615067
21,1.485738,0.529131,1.002567,0.727414,-0.375000,0.352414
22,1.426888,0.426436,0.983148,0.653021,-0.750000,-0.096979
23,1.391580,0.756041,0.977167,0.869506,0.250000,-0.619506
24,1.326485,0.089687,0.943282,0.299478,-0.250000,0.049478
25,1.265249,0.040523,0.907950,0.201304,0.250000,0.048696
26,1.209381,0.036163,0.875324,0.190165,0.500000,0.309835
27,1.165097,0.190838,0.856260,0.436850,-0.125000,-0.561850
28,1.146529,0.719473,0.855924,0.848217,-0.375000,0.473217
29,1.120760,0.502304,0.850037,0.708734,-0.625000,0.083734
30,1.089063,0.296630,0.838291,0.544638,1.125000,0.580362
31,1.053329,0.124258,0.820299,0.352503,-0.125000,0.227503
32,1.053355,1.054038,0.827669,1.026663,0.125000,1.151663
33,1.018867,0.053205,0.807082,0.230663,0.125000,0.355663
34,0.987874,0.089081,0.790128,0.298464,0.000000,0.298464
35,0.956643,0.019717,0.769170,0.140419,-0.250000,-0.109581
36,0.935441,0.278167,0.761615,0.527416,-0.375000,0.152416
37,0.915935,0.291765,0.754904,0.540152,-0.125000,0.415152
38,1.167336,9.463549,0.823180,3.076288,-1.250000,1.826288
39,1.149166,0.531413,0.820489,0.728981,0.875000,1.603981
40,1.192786,2.719469,0.843505,1.649081,-0.250000,1.399081
41,1.165255,0.174136,0.831986,0.417296,0.000000,0.417296
42,1.167078,1.234533,0.839331,1.111095,1.000000,-0.111095
43,1.143319,0.240485,0.830384,0.490392,0.625000,0.134608
44,1.165255,2.020768,0.845163,1.421537,0.875000,-0.546537
45,1.136886,0.002094,0.825665,0.045764,-0.375000,-0.329236
46,1.124709,0.625459,0.824836,0.790859,0.125000,-0.665859
47,1.098839,0.012304,0.808234,0.110924,-0.125000,-0.235924
48,1.088038,0.623576,0.807812,0.789668,-0.500000,0.289668
49,1.095157,1.408414,0.816233,1.186766,-1.000000,0.186766
50,1.099410,1.290788,0.823187,1.136128,-0.875000,0.261128
51,1.123063,2.211086,0.837310,1.486972,-0.625000,0.861972
52,1.217092,5.636468,0.869327,2.374125,-0.750000,1.624125
53,1.228039,1.753492,0.878610,1.324195,0.500000,1.824195
54,1.300795,4.865874,0.905156,2.205873,-0.375000,1.830873
55,1.275941,0.033198,0.890980,0.182204,0.875000,1.057204
56,1.257587,0.321555,0.884751,0.567058,0.875000,0.307942
57,1.236769,0.154227,0.875467,0.392717,-0.375000,0.017717
58,1.222677,0.475810,0.872029,0.689790,0.250000,-0.439790
59,1.203344,0.159366,0.863432,0.399207,-0.250000,-0.649207
60,1.181903,0.002656,0.848934,0.051534,-0.250000,-0.301534
61,1.161517,0.019892,0.836515,0.141038,0.000000,0.141038
62,1.195082,3.108286,0.852489,1.763033,-1.500000,0.263033
63,1.184977,0.598869,0.851156,0.773866,-0.875000,-0.101134
64,1.169002,0.226465,0.844902,0.475883,-0.250000,0.225883
65,1.163765,0.849586,0.846161,0.921730,0.125000,1.046730
66,1.171917,1.669163,0.853352,1.291961,-0.125000,1.166961
67,1.169916,1.045880,0.856039,1.022683,0.000000,1.022683
68,1.151739,0.006546,0.843928,0.080908,0.500000,0.580908
69,1.136841,0.183415,0.837533,0.428269,0.375000,-0.053269
70,1.124101,0.295960,0.833086,0.544022,-0.375000,0.169022
71,1.114614,0.488458,0.831083,0.698898,-0.250000,0.448898
72,1.099589,0.092914,0.823344,0.304818,-0.250000,0.054818
73,1.084784,0.078088,0.815462,0.279443,-0.125000,0.154443
74,1.073117,0.268097,0.811209,0.517780,0.750000,0.232220
75,1.058206,0.014418,0.801475,0.120074,0.500000,0.379926
76,1.043627,0.008517,0.791625,0.092289,0.250000,0.157711
77,1.035360,0.440141,0.789869,0.663431,-0.875000,-0.211569
78,1.025204,0.283806,0.786394,0.532734,0.125000,-0.407734
79,1.017189,0.424120,0.784592,0.651245,0.375000,-0.276245
80,1.004520,0.054305,0.777335,0.233035,0.125000,-0.108035
81,0.992719,0.095866,0.771260,0.309622,-0.375000,-0.065378
82,0.982814,0.220152,0.767388,0.469203,-0.750000,-0.280797
83,0.970735,0.028557,0.759813,0.168987,-0.125000,-0.293987
84,0.961041,0.195174,0.755838,0.441786,0.500000,0.058214
85,0.952696,0.285147,0.753099,0.533992,-0.500000,0.033992
86,0.943936,0.234345,0.749818,0.484091,-0.125000,0.359091
87,0.937306,0.393648,0.748344,0.627414,-0.625000,0.002414
88,0.926489,0.028687,0.741451,0.169373,0.125000,-0.044373
89,0.916015,0.036218,0.734967,0.190311,-0.250000,-0.440311
90,0.914897,0.819863,0.736950,0.905463,0.750000,-0.155463
91,0.915167,0.938333,0.739613,0.968676,-0.500000,0.468676
92,0.926271,1.892340,0.746841,1.375624,-1.125000,0.250624
93,0.915948,0.007574,0.739427,0.087031,-0.750000,-0.837031
94,0.924129,1.652156,0.745493,1.285362,1.000000,-0.285362
95,0.962041,4.374171,0.760284,2.091452,2.000000,-0.091452
96,0.954019,0.224044,0.757165,0.473333,-0.625000,-0.151667
97,0.947899,0.384859,0.755694,0.620370,-0.500000,-1.120370
98,0.962564,2.326414,0.763881,1.525259,-0.250000,-1.775259
99,0.957008,0.434659,0.762780,0.659287,-0.375000,-1.034287
100,1.011793,6.216396,0.780806,2.493270,1.625000,-0.868270
101,1.001681,0.030970,0.774570,0.175984,0.000000,-0.175984
102,1.011593,1.972985,0.781000,1.404630,0.750000,-0.654630
103,1.003074,0.168284,0.777254,0.410224,0.250000,-0.160224
104,1.004803,1.175993,0.780326,1.084432,0.875000,-0.209432
105,1.018249,2.362797,0.787819,1.537139,0.250000,-1.287139
106,1.015877,0.776339,0.788734,0.881101,0.000000,-0.881101
107,1.012434,0.661170,0.788971,0.813124,0.125000,-0.688124
108,1.012650,1.034902,0.791166,1.017301,-0.875000,0.142301
109,1.003011,0.000583,0.783861,0.024154,0.000000,-0.024154
110,0.996846,0.349502,0.782044,0.591187,0.875000,0.283813
111,0.995352,0.837058,0.783285,0.914909,-0.625000,0.289909
112,0.987436,0.140357,0.779502,0.374642,-0.250000,0.124642
113,0.984699,0.689179,0.779966,0.830168,-1.000000,-0.169832
114,0.980030,0.471088,0.779115,0.686358,0.500000,-0.186358
115,0.974606,0.377993,0.777635,0.614811,0.250000,-0.364811
116,0.968075,0.243114,0.775094,0.493066,0.750000,0.256934
117,0.973167,1.543487,0.779230,1.242372,-1.000000,0.242372
118,0.964901,0.030809,0.773934,0.175524,-0.250000,-0.074476
119,0.957676,0.134072,0.770388,0.366158,-0.375000,-0.741158
120,0.953537,0.477457,0.769704,0.690982,0.750000,0.059018
121,0.948034,0.309773,0.767882,0.556573,0.000000,0.556573
122,0.940206,0.024284,0.762695,0.155833,0.250000,0.405833
123,0.948805,1.963486,0.768061,1.401244,-0.875000,0.526244
124,0.941382,0.058044,0.763668,0.240923,0.625000,0.384077
125,0.933606,0.000511,0.757544,0.022598,-0.250000,-0.227402
126,0.926349,0.048269,0.753135,0.219702,-0.125000,0.094702
127,0.921903,0.379431,0.752020,0.615980,-0.375000,0.240980
128,0.915284,0.101160,0.748520,0.318057,-0.500000,-0.181943
129,0.909976,0.251745,0.746546,0.501742,0.625000,0.123258
130,0.906958,0.529746,0.746398,0.727837,-0.500000,0.227837
131,0.928837,3.685583,0.755637,1.919787,-1.500000,0.419787
132,0.922312,0.093644,0.752124,0.306013,0.125000,-0.181013
133,0.916446,0.165653,0.749449,0.407005,0.125000,0.532005
134,0.919428,1.304071,0.752468,1.141959,-0.750000,0.391959
135,0.913008,0.078390,0.748861,0.279982,0.500000,0.220018
136,0.909122,0.400116,0.747980,0.632548,0.000000,0.632548
137,0.902697,0.054487,0.744111,0.233424,-0.250000,-0.016576
138,0.896896,0.125390,0.741201,0.354104,0.125000,-0.229104
139,0.890278,0.003492,0.736148,0.059093,-0.125000,-0.184093
140,0.886778,0.414263,0.735468,0.643633,0.375000,-0.268633
141,0.882157,0.253695,0.733776,0.503682,0.375000,-0.128682
142,0.886955,1.544360,0.737464,1.242723,-0.875000,0.367723
143,0.901268,2.876470,0.744360,1.696016,-1.500000,0.196016
144,0.894898,0.009357,0.739734,0.096730,-0.375000,-0.471730
145,0.888802,0.035423,0.735823,0.188209,0.250000,0.438209
146,0.888415,0.833855,0.737072,0.913157,1.125000,0.211843
147,0.885513,0.473425,0.736729,0.688059,-0.375000,0.313059
148,0.884729,0.772625,0.737717,0.878991,-1.000000,-0.121009
149,0.887310,1.258951,0.740367,1.122030,0.000000,-1.122030
150,0.881334,0.014878,0.736132,0.121974,-0.125000,-0.003026
151,0.875350,0.001548,0.731392,0.039343,0.250000,0.210657
152,0.871115,0.248648,0.729819,0.498646,-0.125000,0.373646
153,0.866257,0.147207,0.727496,0.383676,-0.250000,0.133676
154,0.860882,0.059995,0.724279,0.244939,0.375000,0.619939
155,0.855656,0.071779,0.721257,0.267915,0.125000,0.392915
156,0.851528,0.228197,0.719654,0.477700,0.125000,0.602700
157,0.846169,0.031679,0.716114,0.177985,0.250000,0.427985
158,0.841766,0.168101,0.714126,0.410001,-0.125000,0.285001
159,0.843172,1.059708,0.716160,1.029421,-0.500000,0.529421
160,0.837781,0.002081,0.711862,0.045623,0.125000,0.170623
161,0.832669,0.035295,0.708524,0.187871,0.875000,0.687129
162,0.827749,0.055287,0.705528,0.235132,0.125000,0.360132
163,0.822597,0.008596,0.701674,0.092717,0.500000,0.407283
164,0.817577,0.019421,0.698160,0.139358,0.000000,0.139358
165,0.814087,0.255679,0.696964,0.505647,-0.375000,0.130647
166,0.809270,0.033636,0.693794,0.183401,0.125000,-0.058401
167,0.804345,0.006470,0.690031,0.080436,0.250000,0.169564
168,0.800238,0.130813,0.688029,0.361681,0.375000,0.013319
169,0.798234,0.469662,0.688012,0.685319,-0.375000,0.310319
170,0.793425,0.000001,0.683874,0.001114,0.000000,0.001114
171,0.788697,0.003728,0.680145,0.061058,0.000000,0.061058
172,0.785654,0.277538,0.679232,0.526819,-0.250000,0.276819
173,0.781045,0.006630,0.675695,0.081423,0.250000,0.331423
174,0.776788,0.057439,0.673130,0.239665,-0.125000,0.114665
175,0.774017,0.302911,0.672412,0.550373,0.375000,-0.175373
176,0.769634,0.020108,0.669327,0.141804,0.125000,-0.016804
177,0.766882,0.293632,0.668591,0.541878,0.500000,-0.041878
178,0.763841,0.237796,0.667551,0.487643,0.375000,-0.112643
179,0.759723,0.043179,0.664923,0.207794,0.250000,0.042206
180,0.762105,1.178818,0.667314,1.085734,0.750000,-0.335734
181,0.758171,0.065870,0.664994,0.256651,-0.375000,-0.118349
182,0.757607,0.657837,0.665815,0.811072,-0.875000,-0.063928
183,0.758462,0.910503,0.667426,0.954203,0.375000,-0.579203
184,0.754312,0.011614,0.664317,0.107770,0.125000,0.232770
185,0.750664,0.093988,0.662340,0.306575,0.625000,0.318425
186,0.746540,0.000013,0.658721,0.003645,0.375000,0.371355
187,0.743005,0.099714,0.656847,0.315775,-0.125000,0.190775
188,0.740295,0.244361,0.655964,0.494329,-0.875000,-0.380671
189,0.739208,0.539198,0.656387,0.734301,0.500000,-0.234301
190,0.735424,0.035389,0.653870,0.188120,0.125000,0.313120
191,0.731980,0.091300,0.651989,0.302159,0.000000,0.302159
192,0.728141,0.010353,0.649062,0.101747,0.250000,0.148253
193,0.728606,0.815937,0.650407,0.903293,-0.750000,0.153293
194,0.736487,2.226025,0.654837,1.491987,1.125000,-0.366987
195,0.739026,1.221398,0.657194,1.105169,0.625000,-0.480169
196,0.737836,0.510686,0.657493,0.714623,-1.000000,-0.285377
197,0.748705,2.835479,0.662812,1.683888,0.750000,-0.933888
198,0.745870,0.198652,0.661692,0.445704,0.125000,-0.320704
199,0.744907,0.558074,0.662130,0.747043,-0.125000,-0.872043
200,0.746175,0.993432,0.663837,0.996711,0.375000,-0.621711
201,0.744117,0.340781,0.663431,0.583765,0.250000,-0.333765
202,0.742081,0.341000,0.663029,0.583952,0.000000,-0.583952
203,0.740179,0.363647,0.662728,0.603031,-0.750000,-0.146969
204,0.736493,0.002973,0.659687,0.054522,0.000000,0.054522
205,0.735697,0.576536,0.660182,0.759300,-0.250000,0.509300
206,0.737468,1.093262,0.662090,1.045592,-0.500000,0.545592
207,0.733941,0.021582,0.659553,0.146907,0.250000,0.396907
208,0.731180,0.170664,0.658345,0.413116,0.250000,0.663116
209,0.728011,0.081476,0.656525,0.285440,0.000000,0.285440
210,0.734926,2.152525,0.660461,1.467149,-0.875000,0.592149
211,0.731529,0.031756,0.658131,0.178203,-0.125000,0.053203
212,0.730569,0.532004,0.658473,0.729386,-0.500000,0.229386
213,0.730475,0.710855,0.659357,0.843122,-0.250000,0.593122
214,0.730001,0.630887,0.659999,0.794284,-0.250000,0.544284
215,0.727918,0.290471,0.659426,0.538954,0.000000,0.538954
216,0.726613,0.451370,0.659484,0.671841,0.125000,0.796841
217,0.724669,0.312423,0.659012,0.558948,0.250000,0.808948
218,0.723598,0.495601,0.659222,0.703989,0.000000,0.703989
219,0.738573,3.943242,0.665392,1.985760,-1.000000,0.985760
220,0.737440,0.493854,0.665565,0.702747,0.875000,0.172253
221,0.734131,0.019181,0.663136,0.138495,-0.125000,0.013495
222,0.731850,0.237005,0.662328,0.486831,0.375000,-0.111831
223,0.730223,0.375509,0.662101,0.612788,0.250000,-0.362788
224,0.726910,0.001456,0.659265,0.038162,-0.375000,-0.336838
225,0.729172,1.226821,0.661294,1.107620,0.250000,-0.857620
226,0.725997,0.024276,0.659017,0.155807,-0.125000,-0.280807
227,0.729530,1.513863,0.661579,1.230391,-1.250000,-0.019609
228,0.726775,0.112259,0.660122,0.335051,-0.625000,-0.289949
229,0.723744,0.044789,0.658128,0.211633,-0.125000,0.086633
230,0.721381,0.189740,0.657144,0.435591,0.000000,0.435591
231,0.718487,0.064588,0.655368,0.254141,0.250000,0.504141
232,0.715927,0.134755,0.654104,0.367089,0.125000,0.492089
233,0.713453,0.149237,0.652935,0.386313,-0.500000,-0.113687
234,0.711417,0.245240,0.652249,0.495217,0.250000,-0.245217
235,0.708639,0.069767,0.650569,0.264134,0.375000,0.110866
236,0.706264,0.157501,0.649475,0.396864,-0.375000,0.021864
237,0.703394,0.037668,0.647521,0.194084,-0.250000,-0.055916
238,0.700424,0.008444,0.645146,0.091892,-0.250000,-0.158108
239,0.697742,0.070165,0.643528,0.264887,0.250000,-0.014887
240,0.694786,0.000097,0.640843,0.009873,0.250000,0.259873
241,0.692064,0.049723,0.639080,0.222987,0.000000,0.222987
242,0.689502,0.082243,0.637600,0.286780,0.500000,0.213220
243,0.686747,0.030984,0.635668,0.176022,0.000000,0.176022
244,0.692019,1.952115,0.638841,1.397181,-0.875000,0.522181
245,0.693221,0.981768,0.640302,0.990842,0.625000,-0.365842
246,0.691127,0.186374,0.639440,0.431710,0.500000,0.068290
247,0.688443,0.038899,0.637620,0.197228,0.125000,-0.072228
248,0.685623,0.000386,0.635088,0.019656,0.000000,-0.019656
249,0.683163,0.082999,0.633671,0.288095,-0.375000,-0.086905
250,0.680921,0.131488,0.632569,0.362613,0.000000,-0.362613
251,0.678263,0.024494,0.630642,0.156507,0.250000,0.093493
252,0.677605,0.514975,0.630993,0.717618,-0.125000,0.592618
253,0.676805,0.478569,0.631237,0.691787,-0.250000,0.441787
254,0.675432,0.333410,0.631022,0.577417,-0.375000,0.202417
255,0.672993,0.063285,0.629510,0.251566,0.000000,0.251566
256,0.670483,0.040582,0.627811,0.201451,0.375000,0.576451
257,0.669082,0.315937,0.627551,0.562083,-0.125000,0.437083
258,0.667524,0.273476,0.627140,0.522949,-0.125000,0.397949
259,0.665129,0.056695,0.625614,0.238108,0.500000,0.261892
260,0.662625,0.024107,0.623777,0.155266,0.500000,0.344734
261,0.663636,0.922419,0.625087,0.960426,1.125000,0.164574
262,0.661468,0.104361,0.623916,0.323049,0.375000,0.051951
263,0.658978,0.016534,0.622003,0.128584,-0.125000,-0.253584
264,0.656988,0.141570,0.621058,0.376257,-0.250000,-0.626257
265,0.654933,0.120487,0.620009,0.347113,0.000000,-0.347113
266,0.652474,0.010764,0.618038,0.103751,-0.250000,-0.353751
267,0.649996,0.000670,0.615787,0.025888,-0.250000,-0.224112
268,0.647782,0.065628,0.614425,0.256180,0.375000,0.118820
269,0.650481,1.362934,0.616511,1.167448,1.500000,0.332552
270,0.648975,0.249900,0.616073,0.499900,0.750000,0.250100
271,0.646544,0.000056,0.613794,0.007454,-0.250000,-0.257454
272,0.644199,0.017953,0.612003,0.133988,-0.875000,-0.741012
273,0.645525,1.000804,0.613447,1.000402,0.125000,-0.875402
274,0.646561,0.925251,0.614738,0.961899,0.500000,-0.461899
275,0.644199,0.006461,0.612766,0.080383,0.000000,-0.080383
276,0.641834,0.001042,0.610632,0.032280,-0.125000,-0.157280
277,0.639940,0.124706,0.609689,0.353138,0.375000,0.021862
278,0.638641,0.284059,0.609409,0.532972,-0.375000,0.157972
279,0.640556,1.165418,0.611118,1.079545,-0.750000,0.329545
280,0.638282,0.012666,0.609312,0.112545,0.000000,-0.112545
281,0.643158,1.988959,0.612203,1.410305,-1.000000,0.410305
282,0.640900,0.015465,0.610449,0.124360,0.375000,0.250640
283,0.639158,0.154997,0.609672,0.393696,0.750000,0.356304
284,0.639277,0.672449,0.610423,0.820030,-0.500000,0.320030
285,0.638650,0.463028,0.610672,0.680462,0.750000,0.069538
286,0.638932,0.718345,0.611512,0.847552,0.875000,0.027448
287,0.636675,0.000006,0.609360,0.002506,-0.375000,-0.372494
288,0.635063,0.179013,0.608704,0.423099,0.000000,-0.423099
289,0.634629,0.511252,0.609077,0.715019,0.250000,-0.465019
290,0.636027,1.034604,0.610504,1.017155,0.500000,-0.517155
291,0.633934,0.035219,0.609031,0.187667,0.250000,0.062333
292,0.635108,0.972068,0.610340,0.985935,0.875000,-0.110935
293,0.632951,0.011867,0.608605,0.108935,-0.250000,-0.141065
294,0.630991,0.064357,0.607381,0.253687,0.375000,0.121313
295,0.629119,0.086159,0.606302,0.293529,0.000000,-0.293529
296,0.629234,0.662964,0.607014,0.814226,-1.000000,-0.185774
297,0.628406,0.386591,0.607065,0.621765,0.125000,-0.496765
298,0.626274,0.001471,0.605130,0.038357,0.125000,0.086643
299,0.624257,0.031352,0.603679,0.177065,0.250000,0.072935
300,0.622732,0.172915,0.603045,0.415830,-0.250000,0.165830
301,0.620758,0.036362,0.601656,0.190689,-0.125000,0.065689
302,0.619762,0.323885,0.601547,0.569109,0.375000,-0.194109
303,0.618491,0.239665,0.601172,0.489556,-0.375000,0.114556
304,0.617186,0.227155,0.600757,0.476607,0.625000,0.148393
305,0.615826,0.207861,0.600276,0.455918,-0.125000,0.330918
306,0.614138,0.105842,0.599366,0.325334,-0.250000,0.075334
307,0.613931,0.551526,0.599839,0.742648,-0.625000,0.117648
308,0.612781,0.264437,0.599557,0.514234,0.375000,-0.139234
309,0.611335,0.171770,0.598950,0.414451,0.000000,0.414451
310,0.610120,0.239367,0.598592,0.489251,0.000000,0.489251
311,0.608317,0.056568,0.597416,0.237841,0.125000,0.362841
312,0.606647,0.094132,0.596473,0.306809,0.000000,0.306809
313,0.604874,0.058855,0.595328,0.242600,0.000000,0.242600
314,0.603791,0.269113,0.595081,0.518761,-0.375000,0.143761
315,0.602874,0.318611,0.594982,0.564456,0.875000,0.310544
316,0.601384,0.137856,0.594265,0.371290,0.125000,0.496290
317,0.599742,0.087391,0.593311,0.295620,0.625000,0.329380
318,0.597835,0.000912,0.591518,0.030198,0.000000,0.030198
319,0.596061,0.039195,0.590268,0.197977,-0.250000,-0.052023
320,0.594334,0.050199,0.589110,0.224051,-0.625000,-0.400949
321,0.592558,0.031304,0.587809,0.176929,0.250000,0.073071
322,0.592591,0.603189,0.588403,0.776652,-0.500000,0.276652
323,0.591084,0.111980,0.587608,0.334635,0.000000,0.334635
324,0.589527,0.092575,0.586722,0.304262,0.625000,0.320738
325,0.590556,0.919992,0.587882,0.959162,-0.625000,0.334162
326,0.588760,0.012293,0.586401,0.110872,0.000000,-0.110872
327,0.586938,0.000101,0.584617,0.010053,-0.125000,-0.135053
328,0.585136,0.003064,0.582983,0.055356,-0.125000,-0.180356
329,0.583379,0.014309,0.581557,0.119621,-0.125000,-0.005379
330,0.584023,0.793197,0.582505,0.890616,-0.875000,0.015616
331,0.582524,0.093728,0.581660,0.306150,-0.250000,0.056150
332,0.580754,0.002161,0.580029,0.046489,0.125000,0.171489
333,0.579964,0.320778,0.579987,0.566373,-0.375000,0.191373
334,0.578258,0.017133,0.578626,0.130894,0.125000,0.255894
335,0.576520,0.002713,0.577036,0.052083,0.500000,0.447917
336,0.576042,0.417842,0.577244,0.646407,1.000000,0.353593
337,0.574719,0.135449,0.576616,0.368034,0.500000,0.131966
338,0.573130,0.044150,0.575519,0.210120,0.250000,0.039880
339,0.572179,0.254509,0.575307,0.504489,0.250000,-0.254489
340,0.570481,0.001576,0.573713,0.039702,-0.125000,-0.085298
341,0.569922,0.382081,0.573845,0.618127,0.500000,-0.118127
342,0.569363,0.381167,0.573973,0.617388,-0.625000,-0.007612
343,0.568147,0.157108,0.573450,0.396369,0.125000,-0.271369
344,0.567238,0.258920,0.573260,0.508842,-0.375000,0.133842
345,0.566179,0.206358,0.572911,0.454267,0.375000,-0.079267
346,0.565503,0.334904,0.572928,0.578709,-0.500000,0.078709
347,0.563947,0.031683,0.571776,0.177998,0.000000,-0.177998
348,0.562568,0.089718,0.570985,0.299529,-0.250000,0.049529
349,0.561111,0.059818,0.570039,0.244577,-0.125000,0.119577
350,0.559748,0.089404,0.569255,0.299005,-0.250000,0.049005
351,0.558135,0.000032,0.567631,0.005687,0.125000,0.130687
352,0.556919,0.135235,0.567057,0.367743,0.000000,0.367743
353,0.556140,0.285049,0.566962,0.533900,-0.125000,0.408900
354,0.555136,0.204491,0.566634,0.452207,0.000000,0.452207
355,0.554243,0.241913,0.566421,0.491846,0.000000,0.491846
356,0.552858,0.066714,0.565545,0.258290,0.000000,0.258290
357,0.551847,0.196013,0.565198,0.442733,0.500000,0.057267
358,0.553430,1.112079,0.566580,1.054552,-0.500000,0.554552
359,0.552578,0.250908,0.566395,0.500907,0.500000,-0.000907
360,0.551710,0.243755,0.566191,0.493715,0.125000,-0.368715
361,0.550641,0.169844,0.565759,0.412121,0.000000,-0.412121
362,0.552904,1.360905,0.567437,1.166578,0.750000,-0.416578
363,0.553441,0.745586,0.568262,0.863473,0.625000,-0.238473
364,0.556729,1.737123,0.570345,1.318000,0.875000,-0.443000
365,0.555605,0.150934,0.569841,0.388502,0.375000,-0.013502
366,0.554557,0.176381,0.569427,0.419977,0.000000,-0.419977
367,0.561439,3.052738,0.572672,1.747209,-0.375000,-2.122209
368,0.559941,0.016267,0.571449,0.127543,-1.000000,-0.872457
369,0.558415,0.002921,0.570031,0.054043,-0.375000,-0.320957
370,0.556968,0.028860,0.568938,0.169883,-0.125000,0.044883
371,0.555464,0.005000,0.567580,0.070711,0.125000,0.195711
372,0.557455,1.287892,0.569122,1.134853,0.875000,-0.259853
373,0.556837,0.329607,0.569135,0.574114,0.625000,0.050886
374,0.555439,0.039519,0.568134,0.198793,-0.125000,-0.323793
375,0.554876,0.346637,0.568190,0.588758,0.250000,-0.338758
376,0.553416,0.011828,0.566955,0.108758,-0.250000,-0.141242
377,0.551936,0.001360,0.565534,0.036880,-0.125000,-0.088120
378,0.550562,0.037926,0.564542,0.194745,0.125000,-0.069745
379,0.550009,0.343069,0.564599,0.585721,-0.750000,-0.164279
380,0.548956,0.154296,0.564142,0.392806,-0.625000,-0.232194
381,0.547501,0.000163,0.562679,0.012759,-0.250000,-0.237241
382,0.546093,0.015418,0.561519,0.124168,-0.125000,-0.000832
383,0.545493,0.318561,0.561527,0.564413,-0.250000,0.314413
384,0.544180,0.046595,0.560617,0.215859,0.375000,0.159141
385,0.542760,0.003272,0.559296,0.057198,0.125000,0.067802
386,0.542434,0.418249,0.559525,0.646722,0.750000,0.103278
387,0.544577,1.363351,0.561113,1.167626,1.250000,0.082374
388,0.543188,0.011133,0.559926,0.105515,-0.125000,-0.019485
389,0.542570,0.305188,0.559907,0.552438,0.375000,-0.177438
390,0.541211,0.017863,0.558802,0.133653,-0.375000,-0.241347
391,0.540477,0.257089,0.558669,0.507040,0.000000,-0.507040
392,0.539243,0.061961,0.557870,0.248920,-0.500000,-0.251080
393,0.538195,0.131426,0.557368,0.362527,-0.250000,-0.612527
394,0.540904,1.594559,0.559177,1.262759,0.875000,-0.387759
395,0.540075,0.217026,0.558938,0.465860,0.625000,0.159140
396,0.538714,0.006358,0.557716,0.079739,-0.125000,-0.045261
397,0.537363,0.007989,0.556524,0.089383,0.125000,0.214383
398,0.536102,0.040614,0.555623,0.201529,-0.250000,-0.048471
399,0.534997,0.099409,0.555015,0.315292,-0.250000,0.065292
400,0.533742,0.038228,0.554107,0.195520,0.375000,0.179480
401,0.533338,0.373100,0.554250,0.610819,-0.375000,0.235819
402,0.532323,0.129417,0.553761,0.359745,-0.375000,-0.015255
403,0.535222,1.688865,0.555630,1.299563,1.375000,0.075437
404,0.535863,0.791849,0.556466,0.889859,-0.500000,0.389859
405,0.535139,0.245468,0.556314,0.495447,-0.500000,-0.004553
406,0.534676,0.349005,0.556399,0.590766,0.250000,-0.340766
407,0.536380,1.221462,0.557761,1.105198,0.875000,-0.230198
408,0.535334,0.113926,0.557216,0.337529,0.125000,-0.212529
409,0.534435,0.170958,0.556861,0.413470,0.500000,0.086530
410,0.533316,0.080378,0.556188,0.283511,0.000000,-0.283511
411,0.534419,0.981998,0.557256,0.990958,1.000000,0.009042
412,0.535019,0.779490,0.558054,0.882887,0.750000,-0.132887
413,0.533868,0.063931,0.557308,0.252846,-0.375000,-0.122154
414,0.532864,0.122261,0.556801,0.349658,-0.250000,-0.599658
415,0.531870,0.124469,0.556305,0.352802,-0.375000,-0.022198
416,0.531088,0.209586,0.556066,0.457805,-0.750000,-0.292195
417,0.529804,0.000854,0.554790,0.029229,-0.125000,-0.095771
418,0.528987,0.191524,0.554507,0.437635,-0.250000,0.187635
419,0.527827,0.047585,0.553697,0.218140,0.000000,0.218140
420,0.528564,0.834652,0.554562,0.913593,-0.250000,0.663593
421,0.527306,0.003621,0.553376,0.060175,0.375000,0.435175
422,0.526693,0.271296,0.553299,0.520861,-0.125000,0.395861
423,0.527375,0.812380,0.554129,0.901321,1.250000,0.348679
424,0.528937,1.183494,0.555400,1.087885,-0.750000,0.337885
425,0.528501,0.345258,0.555476,0.587586,0.500000,-0.087586
426,0.527258,0.003967,0.554309,0.062985,-0.125000,-0.187985
427,0.526083,0.030342,0.553411,0.174191,0.000000,-0.174191
428,0.524844,0.000881,0.552176,0.029684,-0.250000,-0.220316
429,0.524308,0.296857,0.552158,0.544846,0.375000,-0.169846
430,0.523135,0.024688,0.551231,0.157123,0.000000,-0.157123
431,0.522112,0.086264,0.550628,0.293707,0.625000,0.331293
432,0.523979,1.321288,0.552027,1.149473,1.375000,0.225527
433,0.522800,0.017875,0.551052,0.133696,0.250000,0.383696
434,0.521604,0.008825,0.549989,0.093939,0.250000,0.156061
435,0.521306,0.393138,0.550168,0.627007,-0.500000,0.127007
436,0.520205,0.045430,0.549387,0.213143,0.000000,-0.213143
437,0.519013,0.004014,0.548265,0.063360,-0.250000,-0.186640
438,0.518039,0.096720,0.547718,0.310998,0.000000,-0.310998
439,0.516849,0.000096,0.546482,0.009785,0.000000,-0.009785
440,0.516715,0.458688,0.546782,0.677265,-0.250000,0.427265
441,0.516707,0.512958,0.547169,0.716211,-0.250000,0.466211
442,0.558967,19.026509,0.555879,4.361939,-4.000000,0.361939
443,0.562088,1.929191,0.557776,1.388953,1.500000,0.111047
444,0.562653,0.810565,0.558555,0.900314,0.750000,-0.150314
445,0.564999,1.597290,0.560154,1.263839,1.125000,-0.138839
446,0.564379,0.291249,0.560108,0.539675,0.125000,-0.414675
447,0.563492,0.171165,0.559777,0.413721,-0.500000,-0.086279
448,0.564258,0.903854,0.560658,0.950713,-0.875000,-1.825713
449,0.563102,0.049802,0.559900,0.223164,-0.250000,-0.026836
450,0.562360,0.232062,0.559724,0.481728,0.000000,0.481728
451,0.562587,0.663768,0.560295,0.814719,-0.375000,0.439719
452,0.562479,0.514463,0.560645,0.717261,-0.375000,0.342261
453,0.563196,0.884325,0.561491,0.940385,-0.625000,0.315385
454,0.561959,0.006311,0.560420,0.079444,0.375000,0.295556
455,0.561270,0.251535,0.560289,0.501533,-0.125000,0.376533
456,0.561557,0.690784,0.560888,0.831134,-0.250000,0.581134
457,0.561421,0.500000,0.561211,0.707106,-0.375000,0.332106
458,0.562178,0.905224,0.562071,0.951432,-0.750000,0.201432
459,0.561005,0.028213,0.561204,0.167967,0.125000,0.292967
460,0.559882,0.049120,0.560460,0.221631,0.500000,0.278369
461,0.559700,0.476765,0.560744,0.690481,-0.125000,0.565481
462,0.558753,0.125779,0.560294,0.354653,0.000000,0.354653
463,0.558480,0.433241,0.560508,0.658211,-0.500000,0.158211
464,0.557342,0.035394,0.559698,0.188134,-0.125000,0.063134
465,0.561252,2.359523,0.561816,1.536074,-1.375000,0.161074
466,0.560919,0.407391,0.561982,0.638272,-0.625000,0.013272
467,0.564167,2.064976,0.563871,1.437003,-1.250000,0.187003
468,0.607176,20.520195,0.572419,4.529922,-4.500000,0.029922
469,0.605870,0.000020,0.571197,0.004432,-1.000000,-1.004432
470,0.610081,2.567953,0.573411,1.602483,1.250000,-0.352483
471,0.608780,0.002863,0.572297,0.053511,0.375000,0.321489
472,0.610267,1.304378,0.573515,1.142093,-0.625000,0.517093
473,0.610300,0.626144,0.573979,0.791293,0.375000,-0.416293
474,0.612266,1.534101,0.575393,1.238588,0.500000,-0.738588
475,0.611234,0.126099,0.574925,0.355104,-0.375000,-0.019896
476,0.610575,0.300393,0.574869,0.548081,0.125000,-0.423081
477,0.609343,0.027838,0.574006,0.166848,-0.250000,-0.416848
478,0.608364,0.145124,0.573599,0.380952,0.000000,-0.380952
479,0.607447,0.172644,0.573266,0.415505,-0.750000,-0.334495
480,0.606453,0.134536,0.572832,0.366792,0.000000,-0.366792
481,0.607692,1.197409,0.573925,1.094262,1.125000,0.030738
482,0.607506,0.518972,0.574232,0.720397,-0.500000,0.220397
483,0.606252,0.006866,0.573206,0.082861,-0.375000,-0.292139
484,0.606936,0.934506,0.574026,0.966699,0.625000,-0.341699
485,0.605725,0.024131,0.573155,0.155343,0.000000,-0.155343
486,0.604500,0.015628,0.572225,0.125011,0.000000,-0.125011
487,0.603703,0.219177,0.572010,0.468163,0.125000,-0.343163
488,0.602480,0.012151,0.571056,0.110230,0.000000,-0.110230
489,0.603219,0.960927,0.571900,0.980269,0.875000,-0.105269
490,0.602078,0.048632,0.571177,0.220526,0.250000,0.029474
491,0.601952,0.540379,0.571513,0.735105,0.625000,-0.110105
492,0.601726,0.492059,0.571780,0.701469,0.750000,0.048531
493,0.606797,3.081235,0.574200,1.755345,1.625000,-0.130345
494,0.605702,0.070361,0.573569,0.265256,-0.250000,0.015256
495,0.605196,0.357333,0.573619,0.597773,0.375000,-0.222773
496,0.603970,0.001695,0.572536,0.041171,-0.125000,-0.166171
497,0.605977,1.593618,0.573936,1.262386,1.000000,-0.262386
498,0.607543,1.379704,0.575152,1.174608,1.000000,-0.174608
499,0.606503,0.092375,0.574604,0.303932,-0.375000,-0.071068
500,0.606156,0.434470,0.574774,0.659144,0.500000,-0.159144
501,0.605535,0.297578,0.574715,0.545507,-0.500000,0.045507
502,0.605078,0.377962,0.574796,0.614786,-0.750000,-0.135214
503,0.605600,0.865325,0.575508,0.930228,-1.250000,-0.319772
504,0.606422,1.016972,0.576374,1.008450,-1.125000,-0.116550
505,0.605641,0.215105,0.576149,0.463794,0.500000,0.036206
506,0.605297,0.432727,0.576312,0.657820,-0.250000,0.407820
507,0.605542,0.728567,0.576863,0.853561,-0.625000,0.228561
508,0.604416,0.037938,0.576105,0.194776,0.250000,0.055224
509,0.603598,0.191665,0.575831,0.437795,-0.250000,0.187795
510,0.603165,0.384461,0.575919,0.620050,-0.625000,-0.004950
511,0.602028,0.026767,0.575105,0.163607,-0.125000,-0.288607
512,0.600859,0.007949,0.574149,0.089156,0.125000,0.035844
513,0.599712,0.016971,0.573277,0.130274,0.250000,0.119726
514,0.598894,0.182755,0.572991,0.427498,-0.375000,0.052498
515,0.597735,0.006384,0.572026,0.079900,-0.125000,-0.045100
516,0.597669,0.564277,0.572376,0.751184,-0.750000,0.001184
517,0.596813,0.158310,0.572036,0.397882,0.375000,-0.022882
518,0.595654,0.001190,0.570990,0.034496,0.500000,0.465504
519,0.596605,1.085520,0.571904,1.041883,-0.875000,0.166883
520,0.597867,1.247763,0.572961,1.117033,-1.125000,-0.007967
521,0.596714,0.001453,0.571926,0.038118,-0.375000,-0.336882
522,0.595712,0.078093,0.571362,0.279451,0.250000,-0.029451
523,0.595289,0.375921,0.571442,0.613124,0.750000,0.136876
524,0.596017,0.973916,0.572241,0.986872,-0.500000,0.486872
525,0.594902,0.014903,0.571377,0.122079,-0.125000,-0.002921
526,0.593847,0.044534,0.570687,0.211031,0.125000,-0.086031
527,0.592722,0.005413,0.569736,0.073574,0.000000,0.073574
528,0.591594,0.001532,0.568723,0.039146,0.000000,-0.039146
529,0.590496,0.015055,0.567874,0.122699,0.000000,-0.122699
530,0.589714,0.179004,0.567599,0.423089,-0.375000,0.048089
531,0.589780,0.624989,0.568022,0.790563,-0.625000,0.165563
532,0.588773,0.057757,0.567401,0.240326,0.125000,0.365326
533,0.590237,1.363214,0.568536,1.167567,-0.625000,0.542567
534,0.589471,0.184326,0.568273,0.429332,0.375000,-0.054332
535,0.588444,0.044394,0.567600,0.210699,0.000000,0.210699
536,0.588377,0.552616,0.567930,0.743382,0.750000,0.006618
537,0.587972,0.372290,0.568009,0.610156,-0.625000,-0.014844
538,0.586942,0.038116,0.567311,0.195232,0.000000,-0.195232
539,0.587605,0.941676,0.568065,0.970400,0.750000,-0.220400
540,0.587758,0.669855,0.568532,0.818447,0.750000,-0.068447
541,0.587913,0.670660,0.568998,0.818939,0.500000,-0.318939
542,0.595238,4.529116,0.571896,2.128172,2.000000,-0.128172
543,0.594170,0.019196,0.571092,0.138549,0.250000,0.111451
544,0.593985,0.494234,0.571336,0.703018,0.750000,0.046982
545,0.594402,0.819608,0.571954,0.905322,-1.125000,-0.219678
546,0.594609,0.706606,0.572449,0.840599,-1.375000,-0.534401
547,0.594744,0.667938,0.572900,0.817275,0.125000,-0.692275
548,0.593740,0.048758,0.572253,0.220812,0.250000,0.029188
549,0.592653,0.001190,0.571266,0.034502,0.250000,0.215498
550,0.592878,0.715513,0.571769,0.845880,-0.625000,0.220880
551,0.592832,0.567507,0.572101,0.753331,0.625000,-0.128331
552,0.591970,0.120860,0.571692,0.347650,0.500000,0.152350
553,0.591124,0.127535,0.571301,0.357121,-0.125000,0.232121
554,0.590419,0.202923,0.571081,0.450470,0.500000,0.049530
555,0.590574,0.676127,0.571537,0.822269,1.000000,0.177731
556,0.590128,0.344456,0.571565,0.586904,-0.625000,-0.038096
557,0.589220,0.087704,0.571067,0.296148,0.250000,-0.046148
558,0.589323,0.646643,0.571488,0.804141,-0.750000,0.054141
559,0.588626,0.202136,0.571268,0.449595,-0.625000,-0.175405
560,0.588368,0.445553,0.571441,0.667497,0.500000,-0.167497
561,0.588041,0.406166,0.571559,0.637312,-0.500000,0.137312
562,0.586988,0.000222,0.570562,0.014890,0.000000,-0.014890
563,0.586256,0.177722,0.570295,0.421571,0.500000,0.078429
564,0.586006,0.446584,0.570470,0.668269,0.875000,0.206731
565,0.584967,0.002803,0.569548,0.052942,0.125000,0.177942
566,0.585367,0.810043,0.570136,0.900024,-0.750000,0.150024
567,0.585270,0.530928,0.570417,0.728648,0.500000,-0.228648
568,0.584235,0.001039,0.569463,0.032235,0.125000,0.092765
569,0.583797,0.336772,0.569482,0.580321,0.500000,-0.080321
570,0.584876,1.194570,0.570407,1.092964,-1.125000,-0.032036
571,0.583927,0.047124,0.569784,0.217080,-0.500000,-0.282920
572,0.583620,0.409509,0.569907,0.639929,-0.875000,-0.235071
573,0.583207,0.348310,0.569943,0.590178,-0.625000,-0.034822
574,0.582195,0.006600,0.569086,0.081239,-0.250000,-0.168761
575,0.581251,0.043173,0.568453,0.207782,0.250000,0.042218
576,0.580489,0.145369,0.568126,0.381273,0.500000,0.118727
577,0.581124,0.944073,0.568830,0.971634,-0.625000,0.346634
578,0.581136,0.588413,0.569175,0.767081,-0.375000,0.392081
579,0.580734,0.349761,0.569214,0.591406,0.625000,0.033594
580,0.579733,0.004344,0.568340,0.065909,0.375000,0.309091
581,0.579156,0.246821,0.568216,0.496811,-0.250000,0.246811
582,0.582138,2.302499,0.569858,1.517399,1.500000,-0.017399
583,0.581266,0.077302,0.569354,0.278033,0.125000,0.403033
584,0.581416,0.668236,0.569782,0.817457,1.000000,0.182543
585,0.580438,0.013168,0.568999,0.114751,0.125000,0.010249
586,0.580004,0.328266,0.569006,0.572945,-0.625000,-0.052055
587,0.586544,4.392637,0.571625,2.095862,1.625000,-0.470862
588,0.585757,0.126934,0.571256,0.356279,-0.125000,0.231279
589,0.585027,0.158339,0.570960,0.397918,0.250000,-0.147918
590,0.585511,0.868829,0.571576,0.932110,-1.000000,-0.067890
591,0.584645,0.077336,0.571076,0.278094,-0.625000,-0.346906
592,0.583744,0.054577,0.570502,0.233617,-0.125000,-0.358617
593,0.582786,0.019571,0.569771,0.139896,0.250000,0.110104
594,0.582035,0.139702,0.569439,0.373767,-0.250000,0.123767
595,0.581150,0.058894,0.568886,0.242680,-0.125000,0.117680
596,0.582307,1.266050,0.569825,1.125189,-1.000000,0.125189
597,0.582891,0.929159,0.570490,0.963929,1.000000,0.036071
598,0.582789,0.521805,0.570746,0.722361,-0.500000,0.222361
599,0.581831,0.012850,0.569977,0.113359,0.125000,0.011641
600,0.580901,0.027728,0.569300,0.166518,0.000000,-0.166518
601,0.580074,0.087326,0.568841,0.295510,0.250000,-0.045510
602,0.579598,0.295285,0.568799,0.543401,0.250000,-0.293401
603,0.578649,0.010857,0.568023,0.104196,-0.125000,-0.020804
604,0.577711,0.015841,0.567286,0.125860,0.125000,-0.000860
605,0.576759,0.005993,0.566471,0.077416,-0.125000,-0.047584
606,0.576176,0.225827,0.566320,0.475212,-0.375000,0.100212
607,0.575650,0.259063,0.566225,0.508982,0.500000,-0.008982
608,0.576735,1.230699,0.567124,1.109369,1.375000,0.265631
609,0.578675,1.750560,0.568373,1.323087,-0.750000,0.573087
610,0.579349,0.987138,0.569075,0.993548,1.250000,0.256452
611,0.578865,0.285192,0.569017,0.534033,0.750000,0.215967
612,0.578580,0.405967,0.569129,0.637155,-0.500000,0.137155
613,0.577799,0.102523,0.568721,0.320193,0.125000,-0.195193
614,0.577042,0.116532,0.568348,0.341368,0.250000,-0.091368
615,0.581620,3.374048,0.570424,1.836858,-1.750000,0.086858
616,0.581103,0.265377,0.570334,0.515147,-0.625000,-0.109853
617,0.585100,3.030799,0.572243,1.740919,-1.750000,-0.009081
618,0.584732,0.359194,0.572287,0.599328,0.250000,-0.349328
619,0.585255,0.906458,0.572905,0.952081,1.000000,0.047919
620,0.584468,0.100617,0.572490,0.317201,0.000000,0.317201
621,0.583526,0.003522,0.571658,0.059347,0.125000,0.065653
622,0.583307,0.448076,0.571816,0.669385,-0.500000,0.169385
623,0.582810,0.275227,0.571740,0.524621,-0.750000,-0.225379
624,0.583228,0.842340,0.572298,0.917791,-1.000000,-0.082209
625,0.582341,0.032379,0.571666,0.179942,-0.250000,-0.070058
626,0.581884,0.297832,0.571625,0.545739,-0.125000,0.420739
627,0.581632,0.425034,0.571754,0.651946,-0.375000,0.276946
628,0.581084,0.239539,0.571622,0.489428,0.625000,0.135572
629,0.580188,0.021477,0.570942,0.146551,0.250000,0.396551
630,0.580373,0.695733,0.571362,0.834106,0.875000,0.040894
631,0.579490,0.026569,0.570711,0.163000,0.000000,0.163000
632,0.578588,0.013375,0.569986,0.115651,0.000000,0.115651
633,0.577874,0.129239,0.569651,0.359499,-0.500000,-0.140501
634,0.576980,0.014836,0.568941,0.121803,0.000000,-0.121803
635,0.576076,0.006555,0.568167,0.080963,-0.250000,-0.169037
636,0.576680,0.957554,0.568817,0.978547,-1.000000,-0.021453
637,0.575771,0.001366,0.567976,0.036955,-0.125000,-0.161955
638,0.574866,0.001915,0.567149,0.043757,0.125000,0.081243
639,0.574098,0.087509,0.566722,0.295819,0.000000,0.295819
640,0.578610,3.443422,0.568749,1.855646,-1.625000,0.230646
641,0.578008,0.195097,0.568549,0.441698,0.250000,-0.191698
642,0.577596,0.315244,0.568538,0.561466,-0.375000,0.186466
643,0.576727,0.022128,0.567881,0.148754,-0.125000,0.023754
644,0.576528,0.449435,0.568041,0.670399,0.625000,-0.045399
645,0.575975,0.222329,0.567891,0.471518,-0.375000,0.096518
646,0.575078,0.000148,0.567025,0.012166,-0.125000,-0.137166
647,0.575937,1.127400,0.567795,1.061791,-1.125000,-0.063209
648,0.575077,0.021989,0.567143,0.148287,-0.125000,-0.273287
649,0.574398,0.137112,0.566838,0.370286,0.250000,-0.120286
650,0.573509,0.000026,0.565968,0.005065,0.000000,-0.005065
651,0.573190,0.367389,0.566031,0.606126,-0.625000,-0.018874
652,0.572875,0.368729,0.566094,0.607230,-0.750000,-0.142770
653,0.572366,0.242874,0.565981,0.492822,0.250000,-0.242822
654,0.571642,0.101631,0.565601,0.318796,-0.250000,0.068796
655,0.571380,0.401003,0.565705,0.633248,-0.625000,0.008248
656,0.571710,0.786466,0.566197,0.886829,0.750000,-0.136829
657,0.571260,0.278179,0.566138,0.527426,-0.375000,0.152426
658,0.570408,0.013807,0.565452,0.117503,-0.125000,-0.007497
659,0.570177,0.418885,0.565577,0.647213,-0.750000,-0.102787
660,0.569311,0.002078,0.564784,0.045580,-0.250000,-0.295580
661,0.569042,0.392545,0.564878,0.626534,0.375000,-0.251534
662,0.568268,0.060351,0.564393,0.245664,-0.250000,-0.004336
663,0.567494,0.057583,0.563901,0.239965,0.125000,-0.114965
664,0.566641,0.004950,0.563153,0.070355,-0.125000,-0.054645
665,0.565790,0.003901,0.562395,0.062461,-0.125000,-0.187461
666,0.565336,0.265149,0.562324,0.514926,0.375000,-0.139926
667,0.565016,0.353403,0.562372,0.594477,0.500000,-0.094477
668,0.564167,0.001545,0.561584,0.039313,-0.125000,-0.085687
669,0.564556,0.822362,0.562104,0.906842,1.000000,0.093158
670,0.563708,0.000094,0.561274,0.009704,0.250000,0.240296
671,0.562869,0.003875,0.560526,0.062246,0.250000,0.187754
672,0.562443,0.278554,0.560477,0.527782,0.500000,-0.027782
673,0.561974,0.248683,0.560385,0.498681,0.500000,0.001319
674,0.561143,0.004730,0.559651,0.068774,0.125000,0.056226
675,0.560314,0.004994,0.558922,0.070671,0.000000,0.070671
676,0.559683,0.136481,0.558640,0.369433,-0.375000,-0.005567
677,0.558883,0.021347,0.558027,0.146108,0.625000,0.478892
678,0.558192,0.093303,0.557653,0.305456,0.500000,0.194544
679,0.557437,0.048396,0.557152,0.219990,0.250000,0.030010
680,0.556737,0.084202,0.556757,0.290176,-0.250000,0.040176
681,0.555933,0.012461,0.556100,0.111628,-0.125000,-0.013372
682,0.555240,0.086359,0.555713,0.293869,-0.375000,-0.081131
683,0.554610,0.127165,0.555420,0.356602,-0.375000,-0.018398
684,0.554829,0.703610,0.555837,0.838815,-0.250000,0.588815
685,0.554621,0.412945,0.555964,0.642608,1.000000,0.357392
686,0.555613,1.231172,0.556776,1.109582,-0.625000,0.484582
687,0.555550,0.512909,0.557009,0.716177,-0.500000,0.216177
688,0.556612,1.281783,0.557850,1.132159,1.000000,-0.132159
689,0.555882,0.056840,0.557384,0.238411,-0.125000,0.113411
690,0.557745,1.833331,0.558545,1.354006,1.250000,-0.104006
691,0.556961,0.019165,0.557933,0.138438,-0.125000,0.013438
692,0.558248,1.442880,0.558868,1.201200,1.000000,-0.201200
693,0.557865,0.293822,0.558844,0.542053,-0.750000,-0.207947
694,0.557056,0.000207,0.558055,0.014381,-0.250000,-0.235619
695,0.556286,0.024600,0.557474,0.156845,-0.250000,-0.406845
696,0.556247,0.529697,0.557720,0.727803,-0.875000,-0.147197
697,0.555627,0.126585,0.557429,0.355788,0.000000,-0.355788
698,0.555099,0.188729,0.557252,0.434430,0.375000,-0.059430
699,0.555028,0.505701,0.557473,0.711127,0.750000,0.038873
700,0.554338,0.074752,0.557065,0.273408,0.625000,0.351592
701,0.554537,0.693575,0.557461,0.832811,-0.500000,0.332811
702,0.554594,0.594087,0.557766,0.770771,-0.750000,0.020771
703,0.553813,0.008948,0.557104,0.094596,-0.125000,-0.219596
704,0.553172,0.105002,0.556771,0.324039,0.375000,0.050961
705,0.553861,1.036234,0.557429,1.017956,-0.875000,0.142956
706,0.553231,0.111336,0.557110,0.333671,0.250000,-0.083671
707,0.553040,0.418838,0.557238,0.647177,-0.500000,0.147177
708,0.552424,0.119792,0.556938,0.346109,0.500000,0.153891
709,0.551702,0.043121,0.556443,0.207656,-0.125000,0.082656
710,0.550921,0.000439,0.555684,0.020948,0.000000,-0.020948
711,0.550342,0.141161,0.555430,0.375714,0.500000,0.124286
712,0.550008,0.314260,0.555437,0.560589,0.625000,0.064411
713,0.549805,0.405873,0.555552,0.637082,0.625000,-0.012082
714,0.549890,0.610192,0.555870,0.781148,0.875000,0.093852
715,0.549467,0.249090,0.555790,0.499089,-0.250000,0.249089
716,0.548829,0.095052,0.555442,0.308305,0.000000,0.308305
717,0.548459,0.285407,0.555413,0.534235,0.375000,-0.159235
718,0.549247,1.110815,0.556111,1.053952,1.000000,-0.053952
719,0.549601,0.802913,0.556586,0.896054,-0.875000,0.021054
720,0.549665,0.594879,0.556886,0.771284,0.625000,-0.146284
721,0.548935,0.026206,0.556335,0.161882,0.250000,0.088118
722,0.548194,0.017146,0.555743,0.130941,0.125000,-0.005941
723,0.547974,0.390128,0.555839,0.624602,0.500000,-0.124602
724,0.547567,0.254512,0.555767,0.504492,-0.500000,0.004492
725,0.546829,0.016088,0.555172,0.126838,0.125000,-0.001838
726,0.546206,0.096757,0.554834,0.311058,-0.375000,-0.063942
727,0.545577,0.091181,0.554484,0.301962,0.250000,-0.051962
728,0.545793,0.702427,0.554876,0.838109,0.875000,0.036891
729,0.545978,0.679820,0.555248,0.824512,-0.625000,0.199512
730,0.546862,1.187276,0.555984,1.089622,1.125000,0.035378
731,0.546133,0.016966,0.555399,0.130255,0.000000,-0.130255
732,0.545695,0.227225,0.555290,0.476681,0.375000,-0.101681
733,0.547853,2.119436,0.556526,1.455828,1.375000,-0.080828
734,0.547284,0.132220,0.556261,0.363620,-0.500000,-0.136380
735,0.546604,0.050446,0.555808,0.224602,0.125000,-0.099602
736,0.547874,1.475657,0.556708,1.214766,1.125000,-0.089766
737,0.547448,0.235663,0.556611,0.485452,0.375000,-0.110452
738,0.546952,0.183923,0.556437,0.428863,-0.250000,0.178863
739,0.546664,0.335176,0.556467,0.578944,0.500000,-0.078944
740,0.548351,1.788381,0.557528,1.337303,1.375000,0.037697
741,0.549110,1.107567,0.558200,1.052410,-0.875000,0.177410
742,0.549567,0.886601,0.558719,0.941595,-0.875000,0.066595
743,0.548840,0.012317,0.558113,0.110983,-0.500000,-0.389017
744,0.548342,0.179861,0.557932,0.424100,-0.625000,-0.200900
745,0.547894,0.216446,0.557807,0.465237,-0.500000,-0.034763
746,0.547681,0.389853,0.557897,0.624382,-0.750000,-0.125618
747,0.547150,0.152872,0.557672,0.390988,0.250000,-0.140988
748,0.546605,0.141929,0.557429,0.376735,0.000000,0.376735
749,0.545979,0.080610,0.557062,0.283919,-0.125000,0.158919
750,0.545683,0.325144,0.557080,0.570214,-0.500000,0.070214
751,0.545213,0.194462,0.556924,0.440978,0.375000,-0.065978
752,0.544706,0.165791,0.556724,0.407175,-0.500000,-0.092825
753,0.543980,0.001235,0.556028,0.035142,0.000000,0.035142
754,0.543791,0.402217,0.556132,0.634206,-0.500000,0.134206
755,0.543067,0.000019,0.555397,0.004387,0.000000,-0.004387
756,0.544593,1.690366,0.556388,1.300141,1.375000,0.074859
757,0.544156,0.215399,0.556265,0.464111,0.625000,0.160889
758,0.544035,0.453302,0.556420,0.673277,0.625000,-0.048277
759,0.543361,0.034871,0.555931,0.186739,0.125000,-0.061739
760,0.542707,0.049340,0.555489,0.222126,0.125000,-0.097126
761,0.543161,0.886109,0.555999,0.941333,0.750000,-0.191333
762,0.558043,11.823521,0.559801,3.438535,3.625000,0.186465
763,0.557534,0.171700,0.559610,0.414367,0.250000,0.664367
764,0.558776,1.501528,0.560486,1.225369,-0.750000,0.475369
765,0.561345,2.514234,0.561833,1.585633,1.250000,-0.335633
766,0.561881,0.969139,0.562388,0.984449,1.125000,0.140551
767,0.561742,0.456337,0.562536,0.675527,0.875000,0.199473
768,0.561133,0.096402,0.562206,0.310487,0.000000,0.310487
769,0.562127,1.321057,0.562974,1.149372,-1.000000,0.149372
770,0.562724,1.020100,0.563557,1.010000,-1.000000,0.010000
771,0.561999,0.006070,0.562924,0.077908,-0.125000,-0.047092
772,0.561293,0.020167,0.562376,0.142012,0.750000,0.607988
773,0.563418,2.195193,0.563571,1.481618,-1.000000,0.481618
774,0.570392,5.933205,0.566003,2.435817,2.250000,-0.185817
775,0.571323,1.288811,0.566741,1.135258,-0.625000,0.510258
776,0.570928,0.266277,0.566675,0.516021,0.750000,0.233979
777,0.570295,0.081360,0.566311,0.285236,-0.125000,0.160236
778,0.569763,0.158500,0.566094,0.398120,-0.250000,0.148120
779,0.570080,0.815826,0.566529,0.903231,-0.875000,0.028231
780,0.570480,0.880448,0.567008,0.938322,-0.875000,0.063322
781,0.570155,0.317789,0.567004,0.563728,0.375000,-0.188728
782,0.571127,1.326370,0.567755,1.151681,-1.000000,0.151681
783,0.570567,0.134598,0.567498,0.366875,-0.375000,-0.008125
784,0.569835,0.000058,0.566780,0.007607,0.125000,0.132607
785,0.571681,2.010992,0.567870,1.418094,-1.250000,0.168094
786,0.571321,0.290670,0.567833,0.539138,0.625000,0.085862
787,0.572090,1.173371,0.568491,1.083223,-1.000000,0.083223
788,0.571731,0.290762,0.568454,0.539224,-0.625000,-0.085776
789,0.572545,1.210219,0.569131,1.100099,-1.125000,-0.024901
790,0.571936,0.093731,0.568797,0.306155,0.125000,-0.181155
791,0.571248,0.030560,0.568296,0.174814,0.375000,0.200186
792,0.577884,5.800881,0.570631,2.408502,2.500000,0.091498
793,0.578061,0.717628,0.570982,0.847129,-0.500000,0.347129
794,0.577331,0.000983,0.570299,0.031345,0.250000,0.281345
795,0.576604,0.002607,0.569642,0.051058,0.000000,-0.051058
796,0.575904,0.022085,0.569111,0.148611,0.250000,0.101389
797,0.575189,0.008497,0.568509,0.092177,0.000000,0.092177
798,0.575284,0.650924,0.568809,0.806798,0.875000,0.068202
799,0.574701,0.112168,0.568515,0.334915,-0.125000,0.209915
800,0.574281,0.239638,0.568416,0.489529,0.875000,0.385471
801,0.574446,0.706035,0.568757,0.840259,1.250000,0.409741
802,0.573952,0.180733,0.568577,0.425127,-0.125000,0.300127
803,0.573593,0.286446,0.568535,0.535207,0.750000,0.214793
804,0.572956,0.064237,0.568141,0.253449,0.500000,0.246551
805,0.572646,0.324439,0.568143,0.569595,0.875000,0.305405
806,0.578347,5.145084,0.570263,2.268278,2.500000,0.231722
807,0.579061,1.151783,0.570889,1.073211,1.500000,0.426789
808,0.579259,0.738423,0.571248,0.859316,-0.375000,0.484316
809,0.582788,3.419999,0.572836,1.849324,-1.625000,0.224324
810,0.582517,0.364451,0.572874,0.603697,0.250000,-0.353697
811,0.584694,2.339314,0.574059,1.529482,-1.625000,-0.095518
812,0.593993,8.097749,0.576871,2.845654,2.375000,-0.470654
813,0.593531,0.220636,0.576738,0.469719,-0.500000,-0.030281
814,0.596330,2.860958,0.578114,1.691437,-1.750000,-0.058563
815,0.597406,1.468554,0.578896,1.211839,0.750000,-0.461839
816,0.599652,2.421669,0.580099,1.556171,-1.625000,-0.068829
817,0.599062,0.119252,0.579811,0.345329,-0.625000,-0.279671
818,0.601532,2.610135,0.581083,1.615591,1.500000,-0.115591
819,0.601756,0.783628,0.581456,0.885228,0.500000,-0.385228
820,0.601119,0.082064,0.581095,0.286467,-0.375000,-0.088533
821,0.600451,0.055500,0.580672,0.235584,0.500000,0.264416
822,0.599718,0.000623,0.579993,0.024966,0.000000,-0.024966
823,0.599857,0.714013,0.580316,0.844993,1.125000,0.280007
824,0.599143,0.014004,0.579753,0.118340,0.750000,0.631660
825,0.607952,7.831467,0.582455,2.798476,-2.500000,0.298476
826,0.607304,0.075358,0.582081,0.274514,0.250000,-0.024514
827,0.609988,2.816224,0.583412,1.678161,1.625000,-0.053161
828,0.612795,2.923009,0.584779,1.709681,-1.875000,-0.165319
829,0.612052,0.000010,0.584074,0.003126,0.125000,0.128126
830,0.611643,0.273928,0.584001,0.523381,-0.625000,-0.101619
831,0.610960,0.047230,0.583557,0.217326,-0.500000,-0.282674
832,0.610237,0.012304,0.582987,0.110925,0.500000,0.389075
833,0.609628,0.105344,0.582675,0.324568,0.375000,0.050432
834,0.609540,0.536090,0.582855,0.732182,-0.625000,0.107182
835,0.609668,0.716129,0.583172,0.846244,1.125000,0.278756
836,0.609543,0.505511,0.583326,0.710993,1.000000,0.289007
837,0.608813,0.001280,0.582668,0.035783,0.125000,0.160783
838,0.608314,0.193327,0.582497,0.439690,0.750000,0.310310
839,0.610031,2.041673,0.583510,1.428871,-1.375000,0.053871
840,0.609365,0.053441,0.583089,0.231173,0.125000,-0.106173
841,0.608662,0.021011,0.582565,0.144952,0.000000,0.144952
842,0.608487,0.462019,0.582681,0.679720,0.375000,-0.304720
843,0.609118,1.137299,0.583258,1.066442,1.125000,0.058558
844,0.608481,0.074719,0.582889,0.273347,0.250000,-0.023347
845,0.611087,2.799808,0.584186,1.673263,1.500000,-0.173263
846,0.615672,4.471730,0.586003,2.114647,-1.875000,0.239647
847,0.615238,0.249701,0.585901,0.499701,-0.500000,-0.000299
848,0.614571,0.051914,0.585477,0.227846,0.125000,-0.102846
849,0.614771,0.784243,0.585832,0.885575,0.625000,-0.260575
850,0.617294,2.749114,0.587099,1.658045,1.625000,-0.033045
851,0.616835,0.228030,0.586970,0.477524,0.500000,0.022476
852,0.616386,0.236145,0.586851,0.485947,0.375000,-0.110947
853,0.616598,0.796463,0.587211,0.892448,-0.625000,0.267448
854,0.616235,0.308283,0.587173,0.555232,-0.375000,0.180232
855,0.616952,1.226453,0.587784,1.107453,-0.750000,0.357453
856,0.617242,0.863667,0.588185,0.929337,-0.625000,0.304337
857,0.616646,0.109182,0.587883,0.330427,0.125000,0.455427
858,0.620354,3.783193,0.589472,1.945043,-1.500000,0.445043
859,0.619907,0.238349,0.589354,0.488210,-0.125000,0.363210
860,0.619321,0.118119,0.589067,0.343684,0.125000,0.468684
861,0.618603,0.004172,0.588455,0.064589,0.125000,0.189589
862,0.618608,0.622896,0.588689,0.789237,-0.500000,0.289237
863,0.618370,0.413738,0.588752,0.643225,0.750000,0.106775
864,0.617672,0.018446,0.588226,0.135815,0.250000,0.114185
865,0.617364,0.352654,0.588232,0.593846,-0.500000,0.093846
866,0.616751,0.088477,0.587895,0.297450,0.000000,0.297450
867,0.616050,0.012395,0.587343,0.111334,0.000000,0.111334
868,0.615379,0.036276,0.586883,0.190461,0.375000,0.184539
869,0.617381,2.346441,0.587976,1.531810,-1.250000,0.281810
870,0.616832,0.141996,0.587732,0.376824,-0.375000,0.001824
871,0.616233,0.098114,0.587415,0.313232,0.375000,0.061768
872,0.615626,0.088918,0.587082,0.298191,0.250000,-0.048191
873,0.614920,0.001807,0.586455,0.042505,0.000000,-0.042505
874,0.614642,0.373288,0.586484,0.610973,0.500000,-0.110973
875,0.614134,0.172136,0.586287,0.414893,0.250000,-0.164893
876,0.613454,0.021621,0.585783,0.147042,-0.125000,0.022042
877,0.612783,0.027326,0.585301,0.165306,0.000000,0.165306
878,0.612083,0.000650,0.584661,0.025504,0.000000,-0.025504
879,0.611620,0.207466,0.584513,0.455485,-0.375000,0.080485
880,0.610942,0.017432,0.583997,0.132031,0.250000,0.117969
881,0.610265,0.017150,0.583480,0.130959,0.250000,0.119041
882,0.609581,0.009916,0.582929,0.099577,0.375000,0.275423
883,0.609128,0.210988,0.582788,0.459334,-0.125000,0.334334
884,0.608490,0.048268,0.582376,0.219699,0.375000,0.155301
885,0.607871,0.063307,0.582000,0.251610,0.000000,0.251610
886,0.608755,1.387026,0.582676,1.177721,1.500000,0.322279
887,0.608651,0.517180,0.582830,0.719152,1.125000,0.405848
888,0.608528,0.499625,0.582970,0.706841,-0.500000,0.206841
889,0.608083,0.214984,0.582836,0.463664,-0.375000,0.088664
890,0.609643,1.990194,0.583770,1.410742,-1.500000,-0.089258
891,0.610694,1.541686,0.584512,1.241647,1.000000,-0.241647
892,0.611455,1.286839,0.585131,1.134389,-1.125000,0.009389
893,0.610778,0.009065,0.584580,0.095213,-0.375000,-0.279787
894,0.610115,0.020922,0.584086,0.144646,0.250000,0.105354
895,0.609539,0.096972,0.583780,0.311403,0.375000,0.063597
896,0.609966,0.990700,0.584241,0.995339,-0.875000,0.120339
897,0.609363,0.071222,0.583885,0.266874,0.000000,0.266874
898,0.610192,1.350270,0.584532,1.162011,-1.125000,0.037011
899,0.613497,3.568505,0.585990,1.889049,2.000000,0.110951
900,0.614233,1.272534,0.586595,1.128067,-1.000000,0.128067
901,0.613550,0.001730,0.585987,0.041596,0.000000,0.041596
902,0.612908,0.037481,0.585550,0.193600,0.125000,-0.068600
903,0.612329,0.091940,0.585236,0.303217,0.250000,-0.053217
904,0.611674,0.022680,0.584753,0.150600,-0.125000,0.025600
905,0.611116,0.109583,0.584472,0.331033,0.500000,0.168967
906,0.610512,0.065851,0.584108,0.256615,0.125000,-0.131615
907,0.610050,0.193117,0.583948,0.439451,0.375000,-0.064451
908,0.610520,1.035651,0.584428,1.017669,-0.750000,0.267669
909,0.611951,1.905436,0.585307,1.380375,1.500000,0.119625
910,0.613133,1.683073,0.586093,1.297333,-1.125000,0.172333
911,0.612471,0.012626,0.585571,0.112366,0.250000,0.137634
912,0.611806,0.008537,0.585028,0.092394,0.250000,0.157606
913,0.617058,5.385835,0.586937,2.320740,-2.250000,0.070740
914,0.618156,1.616043,0.587689,1.271237,-1.250000,0.021237
915,0.618047,0.518502,0.587834,0.720071,-0.875000,-0.154929
916,0.617372,0.003079,0.587251,0.055487,-0.375000,-0.430487
917,0.617187,0.448367,0.587341,0.669602,-0.500000,0.169602
918,0.616569,0.052581,0.586949,0.229306,0.125000,-0.104306
919,0.616054,0.144904,0.586724,0.380663,-0.500000,-0.119337
920,0.615616,0.215149,0.586590,0.463841,0.750000,0.286159
921,0.615420,0.435777,0.586670,0.660134,0.875000,0.214866
922,0.614968,0.200228,0.586518,0.447468,-0.375000,0.072468
923,0.615743,1.327263,0.587134,1.152069,-1.000000,0.152069
924,0.615687,0.563996,0.587312,0.750997,-0.875000,-0.124003
925,0.615256,0.219105,0.587182,0.468087,0.250000,-0.218087
926,0.614771,0.167918,0.586990,0.409778,-0.500000,-0.090222
927,0.614833,0.672167,0.587242,0.819858,0.750000,-0.069858
928,0.614225,0.052854,0.586855,0.229900,-0.375000,-0.145100
929,0.614980,1.312758,0.587460,1.145756,1.125000,-0.020756
930,0.614361,0.041271,0.587045,0.203152,0.125000,-0.078152
931,0.613821,0.114072,0.586776,0.337746,-0.375000,-0.037254
932,0.613169,0.009146,0.586246,0.095635,0.000000,-0.095635
933,0.612532,0.020745,0.585770,0.144032,-0.250000,-0.105968
934,0.611890,0.016051,0.585277,0.126694,0.000000,-0.126694
935,0.611721,0.454695,0.585372,0.674310,0.750000,0.075690
936,0.611977,0.850011,0.585734,0.921961,-1.000000,-0.078039
937,0.613941,2.444007,0.586781,1.563332,-1.375000,0.188332
938,0.613311,0.025641,0.586325,0.160128,0.000000,-0.160128
939,0.612672,0.016331,0.585834,0.127794,-0.125000,-0.252794
940,0.613380,1.274959,0.586415,1.129141,-1.250000,-0.120859