# TEST CONFIGURATION BEGIN
# File Stream: filename: air_company_stock4.csv  -  n_targets: 1
# [air_company_stock4_ADE_HOMO_HTREE_SIZE_8] Pipeline: Array BaseStreamModel: base_models: [<skmultiflow.trees.regression_hoeffding_tree.RegressionHoeffdingTree object at 0x7f229039a048>, <skmultiflow.trees.regression_hoeffding_tree.RegressionHoeffdingTree object at 0x7f229039a080>, <skmultiflow.trees.regression_hoeffding_tree.RegressionHoeffdingTree object at 0x7f229039a0b8>, <skmultiflow.trees.regression_hoeffding_tree.RegressionHoeffdingTree object at 0x7f229039a0f0>, <skmultiflow.trees.regression_hoeffding_tree.RegressionHoeffdingTree object at 0x7f228f6c9d68>, <skmultiflow.trees.regression_hoeffding_tree.RegressionHoeffdingTree object at 0x7f228f6c9a58>, <skmultiflow.trees.regression_hoeffding_tree.RegressionHoeffdingTree object at 0x7f228f6c9f28>, <skmultiflow.trees.regression_hoeffding_tree.RegressionHoeffdingTree object at 0x7f228f6c9a20>]
 Array BaseStreamModel: base_models: [<skmultiflow.trees.regression_hoeffding_tree.RegressionHoeffdingTree object at 0x7f229039a048>, <skmultiflow.trees.regression_hoeffding_tree.RegressionHoeffdingTree object at 0x7f229039a080>, <skmultiflow.trees.regression_hoeffding_tree.RegressionHoeffdingTree object at 0x7f229039a0b8>, <skmultiflow.trees.regression_hoeffding_tree.RegressionHoeffdingTree object at 0x7f229039a0f0>, <skmultiflow.trees.regression_hoeffding_tree.RegressionHoeffdingTree object at 0x7f228f6c9d68>, <skmultiflow.trees.regression_hoeffding_tree.RegressionHoeffdingTree object at 0x7f228f6c9a58>, <skmultiflow.trees.regression_hoeffding_tree.RegressionHoeffdingTree object at 0x7f228f6c9f28>, <skmultiflow.trees.regression_hoeffding_tree.RegressionHoeffdingTree object at 0x7f228f6c9a20>]
# Prequential Evaluator: n_wait: 1 - max_samples: 600000 - max_time: 10000000 - output_file: air_company_stock4_ADE_HOMO_HTREE_SIZE_8_SIZE_8 - batch_size: 1 - pretrain_size: 5 - task_type: regression - show_plot: False - metrics: ['mean_square_error', 'mean_absolute_error', 'true_vs_predicted']
# TEST CONFIGURATION END
id,global_mse_[air_company_stock4_ADE_HOMO_HTREE_SIZE_8],sliding_mse_[air_company_stock4_ADE_HOMO_HTREE_SIZE_8],global_mae_[air_company_stock4_ADE_HOMO_HTREE_SIZE_8],sliding_mae_[air_company_stock4_ADE_HOMO_HTREE_SIZE_8],true_value_[air_company_stock4_ADE_HOMO_HTREE_SIZE_8],predicted_value_[air_company_stock4_ADE_HOMO_HTREE_SIZE_8]
5,0.173750,0.173750,0.416833,0.416833,0.125000,-0.291833
6,1.258889,2.344028,0.973927,1.531022,0.500000,-1.031022
7,1.188019,1.046278,0.990244,1.022877,0.625000,-0.397877
8,1.552925,2.647642,1.149472,1.627158,1.375000,-0.252158
9,1.584585,1.711225,1.181206,1.308138,0.500000,-0.808138
10,1.785156,2.788012,1.262627,1.669734,0.500000,-1.169734
11,1.675404,1.016896,1.226311,1.008413,-0.500000,0.508413
12,1.752554,2.292602,1.262289,1.514134,-0.375000,1.139134
13,1.602758,0.404391,1.192692,0.635917,-0.125000,0.510917
14,1.450238,0.077556,1.101271,0.278488,-0.250000,0.028488
15,1.318411,0.000143,1.002243,0.011955,-0.250000,-0.238045
16,1.221876,0.159985,0.952054,0.399982,-0.500000,-0.100018
17,1.137611,0.126434,0.906171,0.355575,0.125000,-0.230575
18,1.078546,0.310700,0.881259,0.557405,0.125000,-0.432405
19,1.045404,0.581415,0.873342,0.762506,0.750000,-0.012506
20,1.112203,2.114197,0.909635,1.454028,1.250000,-0.204028
21,1.047376,0.010144,0.862052,0.100715,-0.375000,-0.475715
22,1.056300,1.207998,0.875221,1.099090,-0.750000,0.349090
23,1.010418,0.184552,0.851767,0.429595,0.250000,0.679595
24,0.982828,0.458612,0.843039,0.677209,-0.250000,0.427209
25,0.936958,0.019550,0.809552,0.139823,0.250000,0.110177
26,0.894501,0.002903,0.775204,0.053881,0.500000,0.446119
27,0.862272,0.153246,0.758519,0.391466,-0.125000,0.266466
28,0.853793,0.658773,0.760733,0.811648,-0.375000,0.436648
29,0.871804,1.304062,0.775982,1.141955,-0.625000,0.516955
30,0.865642,0.711602,0.778581,0.843565,1.125000,0.281435
31,0.836611,0.081814,0.760339,0.286031,-0.125000,-0.411031
32,0.854286,1.331487,0.774394,1.153901,0.125000,-1.028901
33,0.835160,0.299629,0.766566,0.547384,0.125000,-0.422384
34,0.815693,0.251155,0.757719,0.501154,0.000000,-0.501154
35,0.791710,0.072221,0.741946,0.268740,-0.250000,-0.518740
36,0.767476,0.016214,0.722739,0.127334,-0.375000,-0.247666
37,0.746604,0.078727,0.709341,0.280583,-0.125000,0.155583
38,0.749553,0.846849,0.715544,0.920244,-1.250000,-0.329756
39,0.741470,0.466646,0.714617,0.683115,0.875000,0.191885
40,0.726687,0.209281,0.707474,0.457473,-0.250000,-0.707473
41,0.715869,0.326420,0.703795,0.571332,0.000000,-0.571332
42,0.753626,2.150648,0.723866,1.466509,1.000000,-0.466509
43,0.775439,1.604342,0.737783,1.266626,0.625000,-0.641626
44,0.776953,0.835994,0.742197,0.914327,0.875000,-0.039327
45,0.762248,0.174031,0.734269,0.417171,-0.375000,0.042171
46,0.760874,0.704535,0.736771,0.839366,0.125000,0.964366
47,0.752113,0.384184,0.734052,0.619826,-0.125000,0.494826
48,0.755201,0.887990,0.738785,0.942332,-0.500000,0.442332
49,0.782525,1.984743,0.753675,1.408809,-1.000000,0.408809
50,0.793249,1.275848,0.761846,1.129535,-0.875000,0.254535
51,0.781817,0.255946,0.756400,0.505911,-0.625000,-0.119089
52,0.765714,0.008863,0.742603,0.094142,-0.750000,-0.655858
53,0.773495,1.147015,0.749305,1.070988,0.500000,-0.570988
54,0.758051,0.001286,0.735036,0.035866,-0.375000,-0.410866
55,0.774503,1.597086,0.745403,1.263759,0.875000,-0.388759
56,0.787334,1.441715,0.754159,1.200714,0.875000,-0.325714
57,0.772984,0.026809,0.743019,0.163736,-0.375000,-0.538736
58,0.758734,0.003438,0.730345,0.058635,0.250000,0.308635
59,0.750605,0.311656,0.727217,0.558262,-0.250000,0.308262
60,0.738699,0.083884,0.719403,0.289627,-0.250000,0.039627
61,0.725928,0.010762,0.708601,0.103738,0.000000,0.103738
62,0.746588,1.924193,0.720301,1.387153,-1.500000,-0.112847
63,0.754788,1.230367,0.726892,1.109219,-0.875000,0.234219
64,0.744296,0.125310,0.720677,0.353992,-0.250000,0.103992
65,0.734566,0.150753,0.715228,0.388270,0.125000,-0.263270
66,0.722810,0.005660,0.704906,0.075234,-0.125000,-0.200234
67,0.712414,0.067891,0.697852,0.260558,0.000000,-0.260558
68,0.707876,0.421981,0.697099,0.649601,0.500000,-0.149601
69,0.721289,1.579699,0.705710,1.256861,0.375000,-0.881861
70,0.710393,0.002153,0.695721,0.046400,-0.375000,-0.328600
71,0.710073,0.688984,0.697726,0.830051,-0.250000,0.580051
72,0.705356,0.389301,0.696641,0.623940,-0.250000,0.373940
73,0.695215,0.005607,0.687630,0.074883,-0.125000,-0.050117
74,0.696761,0.803471,0.690612,0.896365,0.750000,-0.146365
75,0.694196,0.514658,0.690989,0.717396,0.500000,-0.217396
76,0.688199,0.262409,0.688506,0.512258,0.250000,-0.262258
77,0.681375,0.189988,0.685046,0.435876,-0.875000,-0.439124
78,0.672230,0.004651,0.676710,0.068198,0.125000,0.193198
79,0.663292,0.001942,0.668275,0.044071,0.375000,0.330929
80,0.654930,0.027729,0.661673,0.166521,0.125000,0.291521
81,0.660632,1.093974,0.666663,1.045932,-0.375000,0.670932
82,0.684446,2.518168,0.678461,1.586874,-0.750000,0.836874
83,0.679015,0.255371,0.676269,0.505342,-0.125000,0.380342
84,0.674022,0.279611,0.674426,0.528782,0.500000,-0.028782
85,0.666192,0.039798,0.668562,0.199493,-0.500000,-0.300507
86,0.662075,0.328572,0.667400,0.573212,-0.125000,0.448212
87,0.662352,0.685022,0.669330,0.827661,-0.625000,0.202661
88,0.654470,0.000310,0.661572,0.017608,0.125000,0.107392
89,0.646785,0.001220,0.654200,0.034928,-0.250000,-0.215072
90,0.645856,0.566908,0.655348,0.752933,0.750000,-0.002933
91,0.638432,0.000004,0.647838,0.001972,-0.500000,-0.498028
92,0.641496,0.908055,0.651304,0.952919,-1.125000,-0.172081
93,0.641133,0.609197,0.652756,0.780511,-0.750000,0.030511
94,0.650081,1.446377,0.658866,1.202654,1.000000,-0.202654
95,0.706330,5.768750,0.678019,2.401822,2.000000,-0.401822
96,0.703116,0.410708,0.677616,0.640865,-0.625000,-1.265865
97,0.695606,0.004605,0.671059,0.067861,-0.500000,-0.432139
98,0.688746,0.050823,0.666318,0.225439,-0.250000,-0.475439
99,0.681514,0.001661,0.659734,0.040760,-0.375000,-0.334240
100,0.710718,3.485116,0.672308,1.866846,1.625000,-0.241846
101,0.704078,0.066681,0.668039,0.258227,0.000000,-0.258227
102,0.707059,0.996185,0.671407,0.998091,0.750000,-0.248091
103,0.700748,0.082255,0.667522,0.286801,0.250000,-0.036801
104,0.700617,0.687698,0.669139,0.829275,0.875000,0.045725
105,0.693945,0.026760,0.664134,0.163584,0.250000,0.086416
106,0.688289,0.116945,0.660975,0.341973,0.000000,0.341973
107,0.683900,0.236290,0.659278,0.486096,0.125000,0.611096
108,0.694226,1.757767,0.665687,1.325808,-0.875000,0.450808
109,0.691382,0.395654,0.665337,0.629010,0.000000,0.629010
110,0.687770,0.308477,0.664300,0.555407,0.875000,0.319593
111,0.687986,0.710913,0.665972,0.843157,-0.625000,0.218157
112,0.683402,0.192870,0.663872,0.439170,-0.250000,0.189170
113,0.690569,1.464616,0.668884,1.210213,-1.000000,0.210213
114,0.685903,0.177291,0.666631,0.421059,0.500000,0.078941
115,0.681278,0.172568,0.664368,0.415413,0.250000,-0.165413
116,0.683647,0.946599,0.667123,0.972933,0.750000,-0.222933
117,0.692750,1.712306,0.672799,1.308551,-1.000000,0.308551
118,0.687667,0.113227,0.669849,0.336492,-0.250000,0.086492
119,0.684014,0.267631,0.668523,0.517330,-0.375000,0.142330
120,0.682586,0.518298,0.668966,0.719929,0.750000,0.030071
121,0.676871,0.013997,0.664260,0.118308,0.000000,0.118308
122,0.673190,0.242492,0.662803,0.492434,0.250000,-0.242434
123,0.673132,0.666318,0.664093,0.816283,-0.875000,-0.058717
124,0.669660,0.256507,0.662780,0.506465,0.625000,0.118535
125,0.664141,0.001783,0.657651,0.042231,-0.250000,-0.207769
126,0.658876,0.021862,0.653472,0.147859,-0.125000,0.022859
127,0.654931,0.173634,0.651547,0.416694,-0.375000,0.041694
128,0.651873,0.275685,0.650527,0.525057,-0.500000,0.025057
129,0.652453,0.724451,0.652132,0.851147,0.625000,-0.226147
130,0.647694,0.052804,0.648780,0.229792,-0.500000,-0.270208
131,0.660030,2.214305,0.655389,1.488054,-1.500000,-0.011946
132,0.656162,0.164929,0.653441,0.406114,0.125000,0.531114
133,0.651466,0.050407,0.650116,0.224514,0.125000,-0.099514
134,0.651268,0.625713,0.651200,0.791020,-0.750000,0.041020
135,0.647486,0.155783,0.649242,0.394694,0.500000,0.105306
136,0.642653,0.009571,0.645065,0.097831,0.000000,-0.097831
137,0.638513,0.092026,0.642496,0.303358,-0.250000,0.053358
138,0.633966,0.029271,0.638978,0.171088,0.125000,-0.046088
139,0.629689,0.056557,0.636006,0.237817,-0.125000,0.112817
140,0.625453,0.053511,0.633030,0.231325,0.375000,0.143675
141,0.621580,0.094949,0.630659,0.308137,0.375000,0.066863
142,0.629875,1.766204,0.635719,1.328986,-0.875000,0.453986
143,0.647860,3.129775,0.643873,1.769117,-1.500000,0.269117
144,0.644056,0.115330,0.641700,0.339602,-0.375000,-0.035398
145,0.640946,0.205511,0.640364,0.453333,0.250000,-0.203333
146,0.649263,1.822039,0.645360,1.349829,1.125000,-0.224829
147,0.644894,0.024537,0.641943,0.156643,-0.375000,-0.531643
148,0.642563,0.309192,0.641346,0.556050,-1.000000,-0.443950
149,0.640166,0.295000,0.640669,0.543139,0.000000,-0.543139
150,0.635803,0.003105,0.636662,0.055727,-0.125000,-0.069273
151,0.631638,0.023544,0.633375,0.153441,0.250000,0.096559
152,0.627428,0.008652,0.629724,0.093017,-0.125000,-0.031983
153,0.623228,0.001576,0.625764,0.039694,-0.250000,-0.210306
154,0.619266,0.028874,0.622725,0.169924,0.375000,0.205076
155,0.615304,0.021030,0.619562,0.145016,0.125000,-0.020016
156,0.611267,0.001686,0.615756,0.041063,0.125000,0.166063
157,0.607309,0.005761,0.612227,0.075903,0.250000,0.174097
158,0.604810,0.222491,0.611315,0.471689,-0.125000,0.346689
159,0.604761,0.597085,0.612356,0.772713,-0.500000,0.272713
160,0.601303,0.065410,0.610070,0.255754,0.125000,0.380754
161,0.601174,0.581033,0.611039,0.762255,0.875000,0.112745
162,0.597901,0.083987,0.609006,0.289804,0.125000,-0.164804
163,0.596267,0.338081,0.608833,0.581447,0.500000,-0.081447
164,0.592547,0.001101,0.605235,0.033178,0.000000,0.033178
165,0.590087,0.196436,0.604229,0.443211,-0.375000,0.068211
166,0.586502,0.009356,0.601096,0.096724,0.125000,0.221724
167,0.582924,0.003317,0.597762,0.057596,0.250000,0.307596
168,0.579489,0.019580,0.594970,0.139929,0.375000,0.235071
169,0.578996,0.498075,0.595641,0.705745,-0.375000,0.330745
170,0.576413,0.150370,0.594389,0.387776,0.000000,0.387776
171,0.573450,0.081529,0.592540,0.285532,0.000000,0.285532
172,0.571528,0.250515,0.591992,0.500515,-0.250000,0.250515
173,0.568337,0.032303,0.589552,0.179730,0.250000,0.429730
174,0.565383,0.066158,0.587598,0.257211,-0.125000,0.132211
175,0.562717,0.109470,0.586096,0.330863,0.375000,0.044137
176,0.559561,0.019960,0.583510,0.141279,0.125000,-0.016279
177,0.557392,0.184297,0.582619,0.429299,0.500000,0.070701
178,0.554481,0.050812,0.580566,0.225415,0.375000,0.149585
179,0.551346,0.005808,0.577684,0.076211,0.250000,0.173789
180,0.548798,0.102982,0.576225,0.320908,0.750000,0.429092
181,0.547821,0.375887,0.576433,0.613096,-0.375000,0.238096
182,0.548945,0.747786,0.578053,0.864746,-0.875000,-0.010254
183,0.546098,0.039458,0.575933,0.198640,0.375000,0.176360
184,0.543079,0.002693,0.573022,0.051898,0.125000,0.176898
185,0.541157,0.195211,0.572297,0.441827,0.625000,0.183173
186,0.538299,0.021003,0.569949,0.144923,0.375000,0.230077
187,0.535430,0.013172,0.567462,0.114770,-0.125000,-0.010230
188,0.535589,0.564688,0.568461,0.751457,-0.875000,-0.123543
189,0.533407,0.131861,0.567352,0.363126,0.500000,0.136874
190,0.530711,0.032049,0.565264,0.179023,0.125000,0.304023
191,0.528065,0.035863,0.563254,0.189375,0.000000,0.189375
192,0.525384,0.024142,0.561084,0.155378,0.250000,0.405378
193,0.524470,0.352621,0.561257,0.593819,-0.750000,-0.156181
194,0.529465,1.473367,0.564692,1.213823,1.125000,-0.088823
195,0.530932,0.809709,0.566447,0.899838,0.625000,-0.274838
196,0.532679,0.866371,0.568344,0.930791,-1.000000,-0.069209
197,0.532844,0.564563,0.569293,0.751374,0.750000,-0.001374
198,0.530622,0.101750,0.568002,0.318982,0.125000,-0.193982
199,0.528211,0.060487,0.566351,0.245941,-0.125000,0.120941
200,0.526157,0.125559,0.565269,0.354343,0.375000,0.020657
201,0.523607,0.023948,0.563185,0.154753,0.250000,0.095247
202,0.521038,0.014933,0.560958,0.122202,0.000000,0.122202
203,0.521234,0.559877,0.561899,0.748250,-0.750000,-0.001750
204,0.519502,0.174883,0.561181,0.418190,0.000000,0.418190
205,0.519144,0.447623,0.561717,0.669046,-0.250000,0.419046
206,0.519389,0.568550,0.562669,0.754023,-0.500000,0.254023
207,0.516831,0.000141,0.559956,0.011871,0.250000,0.238129
208,0.515050,0.153517,0.559132,0.391812,0.250000,-0.141812
209,0.512551,0.002676,0.556657,0.051725,0.000000,0.051725
210,0.516149,1.253847,0.559390,1.119753,-0.875000,0.244753
211,0.514781,0.232961,0.559019,0.482660,-0.125000,0.357660
212,0.514762,0.510817,0.559768,0.714715,-0.500000,0.214715
213,0.512752,0.094585,0.558561,0.307546,-0.250000,0.057546
214,0.510908,0.125601,0.557589,0.354403,-0.250000,0.104403
215,0.508790,0.064073,0.556146,0.253126,0.000000,-0.253126
216,0.507007,0.130704,0.555228,0.361530,0.125000,-0.236530
217,0.505068,0.093958,0.554060,0.306525,0.250000,-0.056525
218,0.504368,0.355444,0.554257,0.596192,0.000000,-0.596192
219,0.502073,0.010856,0.552164,0.104194,-1.000000,-0.895806
220,0.504109,0.941861,0.554101,0.970495,0.875000,-0.095495
221,0.501833,0.010301,0.552015,0.101494,-0.125000,-0.226494
222,0.500337,0.175680,0.551405,0.419142,0.375000,-0.044142
223,0.498560,0.111017,0.550409,0.333192,0.250000,-0.083192
224,0.496337,0.009630,0.548353,0.098134,-0.375000,-0.276866
225,0.494753,0.146114,0.547602,0.382249,0.250000,-0.132249
226,0.492524,0.000066,0.545171,0.008108,-0.125000,-0.133108
227,0.497971,1.707110,0.548586,1.306564,-1.250000,0.056564
228,0.501334,1.251335,0.551131,1.118631,-0.625000,0.493631
229,0.499296,0.042818,0.549601,0.206924,-0.125000,0.081924
230,0.497171,0.019060,0.547780,0.138057,0.000000,0.138057
231,0.495242,0.059178,0.546438,0.243265,0.250000,0.006735
232,0.494100,0.234885,0.546167,0.484650,0.125000,-0.359650
233,0.492060,0.027090,0.544501,0.164591,-0.500000,-0.335409
234,0.492744,0.649245,0.545637,0.805757,0.250000,-0.555757
235,0.491000,0.089907,0.544573,0.299845,0.375000,0.075155
236,0.490612,0.400935,0.544955,0.633195,-0.375000,0.258195
237,0.489588,0.252145,0.544771,0.502141,-0.250000,0.252141
238,0.488755,0.294559,0.544762,0.542733,-0.250000,0.292733
239,0.486794,0.027883,0.543155,0.166982,0.250000,0.083018
240,0.484892,0.037899,0.541678,0.194676,0.250000,0.055324
241,0.482961,0.027348,0.540090,0.165371,0.000000,-0.165371
242,0.481478,0.130007,0.539336,0.360565,0.500000,0.139435
243,0.479728,0.063112,0.538131,0.251222,0.000000,-0.251222
244,0.481228,0.839934,0.539707,0.916479,-0.875000,0.041479
245,0.479634,0.097078,0.538760,0.311574,0.625000,0.313426
246,0.478817,0.281863,0.538728,0.530908,0.500000,-0.030908
247,0.476908,0.014813,0.537012,0.121708,0.125000,0.003292
248,0.475073,0.029300,0.535513,0.171173,0.000000,0.171173
249,0.474037,0.221253,0.535247,0.470376,-0.375000,0.095376
250,0.472124,0.003468,0.533310,0.058890,0.000000,0.058890
251,0.470303,0.022186,0.531754,0.148950,0.250000,0.101050
252,0.468755,0.086426,0.530795,0.293984,-0.125000,-0.418984
253,0.467276,0.100429,0.529936,0.316905,-0.250000,0.066905
254,0.467295,0.472173,0.530565,0.687149,-0.375000,0.312149
255,0.465487,0.013374,0.528912,0.115644,0.000000,0.115644
256,0.464008,0.092765,0.528022,0.304574,0.375000,0.070426
257,0.462204,0.007687,0.526281,0.087676,-0.125000,-0.212676
258,0.460430,0.011507,0.524632,0.107270,-0.125000,-0.017730
259,0.460010,0.353366,0.524906,0.594446,0.500000,-0.094446
260,0.459056,0.215773,0.524670,0.464514,0.500000,0.035486
261,0.462089,1.238466,0.526958,1.112864,1.125000,0.012136
262,0.461979,0.433853,0.527469,0.658675,0.375000,-0.283675
263,0.460225,0.007768,0.525773,0.088138,-0.125000,-0.213138
264,0.458545,0.023323,0.524338,0.152720,-0.250000,-0.097280
265,0.456788,0.000025,0.522348,0.005014,0.000000,-0.005014
266,0.455203,0.041558,0.521132,0.203858,-0.250000,-0.046142
267,0.453499,0.006852,0.519466,0.082780,-0.250000,-0.167220
268,0.453783,0.528531,0.520252,0.727002,0.375000,-0.352002
269,0.460158,2.143128,0.523813,1.463943,1.500000,0.036057
270,0.463365,1.313412,0.526152,1.146042,0.750000,-0.396042
271,0.461814,0.049232,0.525013,0.221882,-0.250000,-0.471882
272,0.461975,0.504875,0.525705,0.710545,-0.875000,-0.164455
273,0.460392,0.036025,0.524456,0.189804,0.125000,-0.064804
274,0.459399,0.192419,0.524138,0.438655,0.500000,0.061345
275,0.457750,0.012362,0.522615,0.111183,0.000000,-0.111183
276,0.456119,0.014275,0.521132,0.119478,-0.125000,-0.244478
277,0.454607,0.043287,0.519986,0.208055,0.375000,0.166945
278,0.454013,0.292022,0.520060,0.540391,-0.375000,0.165391
279,0.455644,0.902336,0.521623,0.949914,-0.750000,0.199914
280,0.454469,0.131309,0.521046,0.362365,0.000000,0.362365
281,0.457545,1.306610,0.523292,1.143071,-1.000000,0.143071
282,0.456105,0.057293,0.522270,0.239359,0.375000,0.135641
283,0.456568,0.585220,0.523140,0.764997,0.750000,-0.014997
284,0.455414,0.133519,0.522577,0.365402,-0.500000,-0.134598
285,0.456409,0.735000,0.523768,0.857321,0.750000,-0.107321
286,0.458375,1.010625,0.525476,1.005298,0.875000,-0.130298
287,0.457601,0.239612,0.525349,0.489502,-0.375000,0.114502
288,0.456016,0.007237,0.523798,0.085073,0.000000,0.085073
289,0.454467,0.014652,0.522385,0.121046,0.250000,0.371046
290,0.453633,0.215882,0.522183,0.464631,0.500000,0.035369
291,0.452053,0.000334,0.520428,0.018267,0.250000,0.231733
292,0.451686,0.346140,0.520663,0.588337,0.875000,0.286663
293,0.450510,0.111881,0.520019,0.334486,-0.250000,0.084486
294,0.449145,0.054661,0.519032,0.233798,0.375000,0.141202
295,0.447863,0.076019,0.518196,0.275716,0.000000,0.275716
296,0.451799,1.597171,0.520749,1.263792,-1.000000,0.263792
297,0.450661,0.118486,0.520147,0.344218,0.125000,0.469218
298,0.449369,0.070882,0.519283,0.266237,0.125000,0.391237
299,0.447924,0.022905,0.518036,0.151344,0.250000,0.098656
300,0.447586,0.348092,0.518279,0.589994,-0.250000,0.339994
301,0.446718,0.189608,0.518000,0.435440,-0.125000,0.310440
302,0.445268,0.014818,0.516670,0.121728,0.375000,0.253272
303,0.444746,0.288952,0.516740,0.537542,-0.375000,0.162542
304,0.443726,0.138910,0.516260,0.372707,0.625000,0.252293
305,0.442279,0.008045,0.514843,0.089692,-0.125000,-0.035308
306,0.441298,0.146246,0.514405,0.382422,-0.250000,0.132422
307,0.440885,0.315948,0.514562,0.562093,-0.625000,-0.062907
308,0.439723,0.087803,0.513844,0.296316,0.375000,0.078684
309,0.438282,0.000153,0.512200,0.012350,0.000000,0.012350
310,0.436862,0.003643,0.510723,0.060359,0.000000,-0.060359
311,0.435490,0.015798,0.509469,0.125692,0.125000,-0.000692
312,0.434080,0.001056,0.507920,0.032489,0.000000,-0.032489
313,0.432780,0.032497,0.506860,0.180269,0.000000,0.180269
314,0.431973,0.182444,0.506603,0.427135,-0.375000,0.052135
315,0.431322,0.229795,0.506515,0.479370,0.875000,0.395630
316,0.430123,0.057034,0.505657,0.238818,0.125000,-0.113818
317,0.429998,0.391057,0.506040,0.625345,0.625000,-0.000345
318,0.428629,0.000047,0.504450,0.006880,0.000000,-0.006880
319,0.427408,0.044177,0.503516,0.210183,-0.250000,-0.039817
320,0.427552,0.472820,0.504098,0.687619,-0.625000,0.062619
321,0.426220,0.005439,0.502741,0.073752,0.250000,0.323752
322,0.425853,0.309250,0.502909,0.556102,-0.500000,0.056102
323,0.424733,0.068717,0.502154,0.262139,0.000000,0.262139
324,0.424700,0.414255,0.502596,0.643626,0.625000,-0.018626
325,0.424226,0.272541,0.502657,0.522055,-0.625000,-0.102945
326,0.422941,0.010374,0.501412,0.101850,0.000000,-0.101850
327,0.421659,0.008885,0.500151,0.094260,-0.125000,-0.030740
328,0.420446,0.028641,0.499130,0.169237,-0.125000,0.044237
329,0.419178,0.008296,0.497874,0.091085,-0.125000,-0.033915
330,0.420202,0.752896,0.499009,0.867696,-0.875000,-0.007304
331,0.419066,0.048942,0.498159,0.221228,-0.250000,-0.028772
332,0.417790,0.000570,0.496713,0.023878,0.125000,0.148878
333,0.417575,0.346992,0.496994,0.589060,-0.375000,0.214060
334,0.416314,0.001285,0.495597,0.035851,0.125000,0.160851
335,0.416059,0.332048,0.495840,0.576236,0.500000,-0.076236
336,0.418634,1.271084,0.497743,1.127424,1.000000,-0.127424
337,0.419496,0.705484,0.498770,0.839931,0.500000,-0.339931
338,0.419774,0.512295,0.499420,0.715748,0.250000,-0.465748
339,0.419395,0.292885,0.499545,0.541188,0.250000,-0.291188
340,0.418148,0.000592,0.498130,0.024334,-0.125000,-0.149334
341,0.417389,0.162270,0.497847,0.402827,0.500000,0.097173
342,0.417333,0.398479,0.498242,0.631252,-0.625000,0.006252
343,0.416118,0.005457,0.496990,0.073871,0.125000,0.198871
344,0.415695,0.272316,0.497063,0.521839,-0.375000,0.146839
345,0.414807,0.112722,0.496590,0.335740,0.375000,0.039260
346,0.414438,0.288680,0.496709,0.537290,-0.500000,0.037290
347,0.413240,0.003475,0.495433,0.058949,0.000000,0.058949
348,0.412040,0.000340,0.494046,0.018449,-0.250000,-0.231551
349,0.410952,0.036744,0.493170,0.191686,-0.125000,0.066686
350,0.409882,0.040720,0.492328,0.201792,-0.250000,-0.048208
351,0.408706,0.001953,0.491036,0.044195,0.125000,0.080805
352,0.407543,0.003789,0.489802,0.061556,0.000000,-0.061556
353,0.406537,0.056564,0.489080,0.237831,-0.125000,0.112831
354,0.405478,0.035848,0.488224,0.189335,0.000000,0.189335
355,0.404491,0.059210,0.487526,0.243332,0.000000,0.243332
356,0.403527,0.064992,0.486865,0.254935,0.000000,0.254935
357,0.402609,0.079641,0.486286,0.282207,0.500000,0.217793
358,0.402781,0.463254,0.486835,0.680628,-0.500000,0.180628
359,0.402295,0.230561,0.486816,0.480167,0.500000,0.019833
360,0.401201,0.012811,0.485766,0.113184,0.125000,0.011816
361,0.400114,0.013118,0.484727,0.114532,0.000000,0.114532
362,0.400086,0.389932,0.485117,0.624445,0.750000,0.125555
363,0.400153,0.424174,0.485580,0.651287,0.625000,-0.026287
364,0.400595,0.559092,0.486308,0.747724,0.875000,0.127276
365,0.399542,0.020583,0.485358,0.143468,0.375000,0.231532
366,0.398455,0.006165,0.484234,0.078520,0.000000,0.078520
367,0.401313,1.435688,0.486201,1.198202,-0.375000,0.823202
368,0.403735,1.283054,0.487977,1.132720,-1.000000,0.132720
369,0.402655,0.009619,0.486909,0.098076,-0.375000,-0.276924
370,0.401684,0.047267,0.486173,0.217411,-0.125000,-0.342411
371,0.400915,0.119561,0.485790,0.345776,0.125000,-0.220776
372,0.403469,1.340763,0.487617,1.157913,0.875000,-0.282913
373,0.403859,0.547290,0.488300,0.739791,0.625000,-0.114791
374,0.402770,0.000910,0.487062,0.030159,-0.125000,-0.155159
375,0.401947,0.097443,0.486590,0.312159,0.250000,-0.062159
376,0.401367,0.185989,0.486442,0.431265,-0.250000,0.181265
377,0.401023,0.273149,0.486539,0.522637,-0.125000,0.397637
378,0.399974,0.008720,0.485487,0.093379,0.125000,0.218379
379,0.400717,0.678612,0.486390,0.823779,-0.750000,0.073779
380,0.401505,0.697198,0.487317,0.834984,-0.625000,0.209984
381,0.401430,0.373106,0.487644,0.610824,-0.250000,0.360824
382,0.400817,0.169714,0.487444,0.411964,-0.125000,0.286964
383,0.400429,0.253855,0.487487,0.503840,-0.250000,0.253840
384,0.399479,0.039201,0.486725,0.197992,0.375000,0.177008
385,0.398438,0.002994,0.485592,0.054718,0.125000,0.179718
386,0.399287,0.722670,0.486546,0.850100,0.750000,-0.100100
387,0.401740,1.338839,0.488297,1.157082,1.250000,0.092918
388,0.400719,0.009820,0.487283,0.099095,-0.125000,-0.025905
389,0.399716,0.014231,0.486327,0.119293,0.375000,0.255707
390,0.399990,0.505573,0.486909,0.711037,-0.375000,0.336037
391,0.399203,0.095359,0.486449,0.308803,0.000000,0.308803
392,0.399861,0.654642,0.487281,0.809100,-0.500000,0.309100
393,0.399265,0.168012,0.487082,0.409892,-0.250000,0.159892
394,0.400170,0.752058,0.488056,0.867212,0.875000,0.007788
395,0.399748,0.235544,0.488049,0.485329,0.625000,0.139671
396,0.398833,0.041003,0.487321,0.202492,-0.125000,0.077492
397,0.397849,0.011913,0.486359,0.109146,0.125000,0.015854
398,0.397000,0.063342,0.485763,0.251678,-0.250000,0.001678
399,0.396333,0.133607,0.485459,0.365522,-0.250000,0.115522
400,0.395433,0.039909,0.484737,0.199774,0.375000,0.175226
401,0.394569,0.052321,0.484092,0.228737,-0.375000,-0.146263
402,0.394105,0.209942,0.484027,0.458194,-0.375000,0.083194
403,0.396300,1.269816,0.485638,1.126861,1.375000,0.248139
404,0.396278,0.387624,0.485981,0.622594,-0.500000,0.122594
405,0.396304,0.406921,0.486360,0.637904,-0.500000,0.137904
406,0.395362,0.017274,0.485477,0.131429,0.250000,0.118571
407,0.396274,0.763076,0.486440,0.873542,0.875000,0.001458
408,0.395294,0.000387,0.485284,0.019675,0.125000,0.144675
409,0.394836,0.209948,0.485218,0.458200,0.500000,0.041800
410,0.393879,0.005955,0.484212,0.077171,0.000000,0.077171
411,0.395166,0.917963,0.485377,0.958104,1.000000,0.041896
412,0.394669,0.192220,0.485262,0.438429,0.750000,0.311571
413,0.394726,0.417863,0.485656,0.646423,-0.375000,0.271423
414,0.394587,0.337835,0.485889,0.581236,-0.250000,0.331236
415,0.395291,0.684105,0.486719,0.827107,-0.375000,0.452107
416,0.396178,0.760665,0.487655,0.872161,-0.750000,0.122161
417,0.395489,0.111796,0.487283,0.334359,-0.125000,0.209359
418,0.394534,0.000054,0.486124,0.007378,-0.250000,-0.242622
419,0.393584,0.000026,0.484965,0.005111,0.000000,0.005111
420,0.393550,0.379625,0.485281,0.616137,-0.250000,0.366137
421,0.392611,0.001828,0.484219,0.042759,0.375000,0.332241
422,0.392213,0.226165,0.484199,0.475568,-0.125000,0.350568
423,0.393363,0.874225,0.485275,0.935000,1.250000,0.315000
424,0.394436,0.844063,0.486307,0.918729,-0.750000,0.168729
425,0.393868,0.155219,0.486087,0.393978,0.500000,0.106022
426,0.393061,0.053544,0.485484,0.231395,-0.125000,0.106395
427,0.392146,0.005698,0.484514,0.075483,0.000000,0.075483
428,0.391520,0.126992,0.484212,0.356359,-0.250000,0.106359
429,0.390856,0.109334,0.483851,0.330656,0.375000,0.044344
430,0.390059,0.051029,0.483245,0.225896,0.000000,-0.225896
431,0.389646,0.213734,0.483196,0.462313,0.625000,0.162687
432,0.393445,2.015602,0.485384,1.419719,1.375000,-0.044719
433,0.392887,0.154143,0.485168,0.392610,0.250000,-0.142610
434,0.392057,0.036235,0.484483,0.190355,0.250000,0.059645
435,0.392548,0.603324,0.485161,0.776740,-0.500000,0.276740
436,0.391749,0.047467,0.484542,0.217870,0.000000,0.217870
437,0.391208,0.157773,0.484340,0.397207,-0.250000,0.147207
438,0.390334,0.011846,0.483475,0.108837,0.000000,-0.108837
439,0.389446,0.003915,0.482507,0.062574,0.000000,-0.062574
440,0.389203,0.283533,0.482622,0.532478,-0.250000,0.282478
441,0.388898,0.255731,0.482675,0.505698,-0.250000,0.255698
442,0.430861,18.768962,0.491464,4.332316,-4.000000,0.332316
443,0.431771,0.830440,0.492420,0.911285,1.500000,0.588715
444,0.431169,0.166653,0.492229,0.408232,0.750000,0.341768
445,0.433021,1.248060,0.493646,1.117166,1.125000,0.007834
446,0.432286,0.108210,0.493273,0.328953,0.125000,0.453953
447,0.431667,0.157937,0.493057,0.397413,-0.500000,-0.102587
448,0.433062,1.051223,0.494256,1.025292,-0.875000,0.150292
449,0.432282,0.085621,0.493803,0.292610,-0.250000,0.042610
450,0.431325,0.005699,0.492865,0.075492,0.000000,-0.075492
451,0.430375,0.006436,0.491942,0.080223,-0.375000,-0.294777
452,0.429543,0.057862,0.491380,0.240546,-0.375000,-0.134454
453,0.430189,0.719639,0.492175,0.848315,-0.625000,0.223315
454,0.429399,0.074678,0.491689,0.273272,0.375000,0.101728
455,0.428566,0.053418,0.491111,0.231122,-0.125000,0.106122
456,0.427709,0.041279,0.490474,0.203173,-0.250000,-0.046827
457,0.427014,0.112806,0.490133,0.335866,-0.375000,-0.039134
458,0.427110,0.470636,0.490564,0.686029,-0.750000,-0.063971
459,0.426202,0.014132,0.489748,0.118878,0.125000,0.006122
460,0.425873,0.276263,0.489826,0.525608,0.500000,-0.025608
461,0.424943,0.000929,0.488821,0.030484,-0.125000,-0.094516
462,0.424042,0.012010,0.487993,0.109591,0.000000,-0.109591
463,0.423354,0.108198,0.487646,0.328934,-0.500000,-0.171066
464,0.422451,0.008101,0.486782,0.090004,-0.125000,-0.034996
465,0.426317,2.204924,0.488947,1.484899,-1.375000,0.109899
466,0.427586,1.012146,0.490066,1.006055,-0.625000,0.381055
467,0.431131,2.069075,0.492115,1.438428,-1.250000,0.188428
468,0.477951,22.155599,0.501198,4.706973,-4.500000,0.206973
469,0.479119,1.021242,0.502294,1.010565,-1.000000,0.010565
470,0.483786,2.653798,0.504712,1.629048,1.250000,-0.379048
471,0.483287,0.250581,0.504703,0.500581,0.375000,-0.125581
472,0.482631,0.176595,0.504522,0.420232,-0.625000,-0.204768
473,0.483794,1.028138,0.505609,1.013971,0.375000,-0.638971
474,0.484114,0.634013,0.506227,0.796249,0.500000,-0.296249
475,0.483165,0.037312,0.505562,0.193162,-0.375000,-0.181838
476,0.482298,0.073901,0.505067,0.271848,0.125000,-0.146848
477,0.481958,0.321545,0.505198,0.567049,-0.250000,0.317049
478,0.480950,0.004225,0.504270,0.064998,0.000000,-0.064998
479,0.480807,0.412719,0.504560,0.642432,-0.750000,-0.107568
480,0.479817,0.009472,0.503705,0.097323,0.000000,0.097323
481,0.481802,1.426887,0.505153,1.194524,1.125000,-0.069524
482,0.481079,0.136308,0.504869,0.369199,-0.500000,-0.130801
483,0.480125,0.023857,0.504137,0.154459,-0.375000,-0.220541
484,0.480473,0.647228,0.504763,0.804505,0.625000,-0.179505
485,0.479497,0.010913,0.503931,0.104465,0.000000,-0.104465
486,0.478623,0.058455,0.503387,0.241775,0.000000,-0.241775
487,0.477762,0.062745,0.502863,0.250490,0.125000,-0.125490
488,0.476894,0.057365,0.502319,0.239510,0.000000,-0.239510
489,0.478142,1.082565,0.503429,1.040464,0.875000,-0.165464
490,0.477441,0.137269,0.503155,0.370499,0.250000,-0.120499
491,0.477451,0.482403,0.503548,0.694552,0.625000,-0.069552
492,0.478047,0.768291,0.504313,0.876522,0.750000,-0.126522
493,0.482889,2.845799,0.506731,1.686950,1.625000,-0.061950
494,0.482071,0.081762,0.506280,0.285941,-0.250000,0.035941
495,0.481666,0.283341,0.506333,0.532298,0.375000,-0.157298
496,0.480980,0.144200,0.506076,0.379737,-0.125000,0.254737
497,0.482383,1.172907,0.507246,1.083008,1.000000,-0.083008
498,0.482968,0.771275,0.507997,0.878222,1.000000,0.121778
499,0.482322,0.163266,0.507787,0.404061,-0.375000,0.029061
500,0.481588,0.117883,0.507456,0.343341,0.500000,0.156659
501,0.481212,0.295053,0.507528,0.543188,-0.500000,0.043188
502,0.481566,0.657299,0.508137,0.810740,-0.750000,0.060740
503,0.484507,1.949257,0.509916,1.396158,-1.250000,0.146158
504,0.486045,1.253520,0.511136,1.119607,-1.125000,-0.005393
505,0.485930,0.428173,0.511421,0.654349,0.500000,-0.154349
506,0.485097,0.068040,0.510922,0.260845,-0.250000,0.010845
507,0.484401,0.135076,0.510637,0.367527,-0.625000,-0.257473
508,0.483700,0.130809,0.510342,0.361675,0.250000,-0.111675
509,0.482796,0.027115,0.509657,0.164666,-0.250000,-0.085334
510,0.482572,0.369900,0.509852,0.608194,-0.625000,-0.016806
511,0.481624,0.001623,0.508926,0.040292,-0.125000,-0.084708
512,0.480698,0.011378,0.508134,0.106668,0.125000,0.018332
513,0.479969,0.109555,0.507786,0.330991,0.250000,-0.080991
514,0.479332,0.155100,0.507562,0.393828,-0.375000,0.018828
515,0.478509,0.058687,0.507043,0.242255,-0.125000,0.117255
516,0.478501,0.474235,0.507398,0.688647,-0.750000,-0.061353
517,0.477859,0.149329,0.507162,0.386431,0.375000,-0.011431
518,0.477398,0.241140,0.507131,0.491060,0.500000,0.008940
519,0.477821,0.695135,0.507765,0.833747,-0.875000,-0.041253
520,0.479366,1.274905,0.508969,1.129117,-1.125000,0.004117
521,0.478719,0.144817,0.508721,0.380548,-0.375000,0.005548
522,0.478032,0.122781,0.508415,0.350401,0.250000,-0.100401
523,0.478554,0.749146,0.509103,0.865532,0.750000,-0.115532
524,0.477760,0.065906,0.508618,0.256722,-0.500000,-0.243278
525,0.476897,0.028071,0.507963,0.167545,-0.125000,-0.292545
526,0.476333,0.182198,0.507808,0.426846,0.125000,-0.301846
527,0.475439,0.008678,0.507015,0.093156,0.000000,-0.093156
528,0.474556,0.012889,0.506264,0.113530,0.000000,-0.113530
529,0.473654,0.001251,0.505367,0.035372,0.000000,-0.035372
530,0.472929,0.092340,0.504984,0.303875,-0.375000,-0.071125
531,0.472972,0.495464,0.505361,0.703892,-0.625000,0.078892
532,0.472246,0.089524,0.504971,0.299205,0.125000,-0.174205
533,0.472486,0.599382,0.505480,0.774198,-0.625000,0.149198
534,0.471993,0.211273,0.505393,0.459644,0.375000,-0.084644
535,0.471147,0.022321,0.504723,0.149403,0.000000,-0.149403
536,0.471980,0.914680,0.505572,0.956389,0.750000,-0.206389
537,0.471655,0.298613,0.505649,0.546455,-0.625000,-0.078545
538,0.470834,0.033310,0.505044,0.182509,0.000000,-0.182509
539,0.471344,0.743444,0.505711,0.862232,0.750000,-0.112232
540,0.471589,0.602673,0.506216,0.776320,0.750000,-0.026320
541,0.471011,0.161136,0.506021,0.401417,0.500000,0.098583
542,0.476525,3.437593,0.508527,1.854075,2.000000,0.145925
543,0.475817,0.094858,0.508155,0.307990,0.250000,-0.057990
544,0.475929,0.536608,0.508570,0.732535,0.750000,0.017465
545,0.477481,1.315700,0.509750,1.147040,-1.125000,0.022040
546,0.482399,3.142940,0.512081,1.772834,-1.375000,0.397834
547,0.481517,0.003464,0.511246,0.058859,0.125000,0.066141
548,0.481170,0.292899,0.511301,0.541202,0.250000,-0.291202
549,0.480684,0.216063,0.511216,0.464826,0.250000,-0.214826
550,0.480774,0.529559,0.511612,0.727708,-0.625000,0.102708
551,0.480845,0.520136,0.511995,0.721204,0.625000,-0.096204
552,0.480432,0.254490,0.511982,0.504470,0.500000,-0.004470
553,0.479634,0.041888,0.511422,0.204665,-0.125000,0.079665
554,0.479006,0.134318,0.511158,0.366494,0.500000,0.133506
555,0.479477,0.738373,0.511790,0.859286,1.000000,0.140714
556,0.479848,0.684282,0.512362,0.827213,-0.625000,0.202213
557,0.479087,0.059269,0.511875,0.243451,0.250000,0.006549
558,0.480052,1.013713,0.512769,1.006833,-0.750000,0.256833
559,0.480084,0.497674,0.513116,0.705460,-0.625000,0.080460
560,0.479565,0.191548,0.512980,0.437662,0.500000,0.062338
561,0.478954,0.139424,0.512730,0.373395,-0.500000,-0.126605
562,0.478242,0.081726,0.512323,0.285878,0.000000,-0.285878
563,0.477788,0.224045,0.512253,0.473334,0.500000,0.026666
564,0.478212,0.715500,0.512849,0.845872,0.875000,0.029128
565,0.477375,0.008919,0.512103,0.094440,0.125000,0.030560
566,0.477773,0.700702,0.512682,0.837080,-0.750000,0.087080
567,0.477038,0.063871,0.512220,0.252727,0.500000,0.247273
568,0.476197,0.003055,0.511410,0.055276,0.125000,0.180276
569,0.475578,0.126339,0.511134,0.355442,0.500000,0.144558
570,0.479166,2.506602,0.513028,1.583225,-1.125000,0.458225
571,0.478934,0.347220,0.513162,0.589254,-0.500000,0.089254
572,0.479815,0.979234,0.514001,0.989562,-0.875000,0.114562
573,0.479922,0.541143,0.514390,0.735625,-0.625000,0.110625
574,0.479145,0.036553,0.513823,0.191187,-0.250000,-0.058813
575,0.478337,0.017995,0.513158,0.134147,0.250000,0.115853
576,0.478306,0.460867,0.513448,0.678872,0.500000,-0.178872
577,0.477693,0.126623,0.513173,0.355841,-0.625000,-0.269159
578,0.476901,0.023509,0.512546,0.153327,-0.375000,-0.221673
579,0.477045,0.559639,0.512956,0.748090,0.625000,-0.123090
580,0.476378,0.092961,0.512595,0.304896,0.375000,0.070104
581,0.475734,0.104692,0.512267,0.323562,-0.250000,0.073562
582,0.477612,1.561269,0.513543,1.249508,1.500000,0.250492
583,0.477165,0.218770,0.513463,0.467728,0.125000,-0.342728
584,0.478122,1.032138,0.514330,1.015942,1.000000,-0.015942
585,0.477303,0.002273,0.513527,0.047675,0.125000,0.077325
586,0.476830,0.201880,0.513416,0.449310,-0.625000,-0.175690
587,0.480505,2.619287,0.515312,1.618421,1.625000,0.006579
588,0.479949,0.156165,0.515106,0.395177,-0.125000,0.270177
589,0.479332,0.118568,0.514814,0.344337,0.250000,-0.094337
590,0.480972,1.440554,0.515984,1.200231,-1.000000,0.200231
591,0.480494,0.200512,0.515867,0.447785,-0.625000,-0.177215
592,0.479697,0.011996,0.515176,0.109528,-0.125000,-0.015472
593,0.478927,0.025655,0.514574,0.160171,0.250000,0.089829
594,0.478127,0.007110,0.513844,0.084319,-0.250000,-0.165681
595,0.477496,0.105206,0.513524,0.324355,-0.125000,0.199355
596,0.479014,1.376299,0.514638,1.173158,-1.000000,0.173158
597,0.480038,1.086040,0.515528,1.042133,1.000000,-0.042133
598,0.479819,0.349977,0.515656,0.591588,-0.500000,0.091588
599,0.479013,0.000471,0.514825,0.021710,0.125000,0.103290
600,0.478212,0.001591,0.514029,0.039886,0.000000,-0.039886
601,0.477479,0.040810,0.513506,0.202015,0.250000,0.047985
602,0.476782,0.060589,0.513059,0.246148,0.250000,0.003852
603,0.476054,0.040485,0.512538,0.201208,-0.125000,0.076208
604,0.475334,0.044054,0.512034,0.209891,0.125000,-0.084891
605,0.474688,0.086934,0.511672,0.294846,-0.125000,0.169846
606,0.474283,0.231169,0.511621,0.480800,-0.375000,0.105800
607,0.473780,0.171040,0.511459,0.413570,0.500000,0.086430
608,0.475537,1.534944,0.512663,1.238928,1.375000,0.136072
609,0.475662,0.550929,0.513042,0.742246,-0.750000,-0.007754
610,0.477129,1.364696,0.514124,1.168202,1.250000,0.081798
611,0.476947,0.366603,0.514274,0.605478,0.750000,0.144522
612,0.476851,0.418516,0.514492,0.646928,-0.500000,0.146928
613,0.476068,0.000040,0.513658,0.006331,0.125000,0.118669
614,0.475679,0.238678,0.513617,0.488547,0.250000,-0.238547
615,0.479828,3.011140,0.515616,1.735264,-1.750000,-0.014736
616,0.480471,0.873019,0.516300,0.934355,-0.625000,0.309355
617,0.484673,3.056383,0.518310,1.748252,-1.750000,-0.001748
618,0.484110,0.139166,0.518073,0.373050,0.250000,-0.123050
619,0.484617,0.796081,0.518682,0.892233,1.000000,0.107767
620,0.483844,0.008307,0.517988,0.091144,0.000000,0.091144
621,0.483067,0.004444,0.517256,0.066665,0.125000,0.058335
622,0.482572,0.177296,0.517101,0.421066,-0.500000,-0.078934
623,0.482834,0.644564,0.517562,0.802847,-0.750000,0.052847
624,0.483954,1.177073,0.518477,1.084930,-1.000000,0.084930
625,0.483241,0.041375,0.517970,0.203409,-0.250000,-0.046591
626,0.482742,0.172556,0.517805,0.415398,-0.125000,-0.540398
627,0.482016,0.030759,0.517256,0.175384,-0.375000,-0.199616
628,0.481956,0.444734,0.517495,0.666884,0.625000,-0.041884
629,0.481344,0.099326,0.517172,0.315160,0.250000,-0.065160
630,0.482322,1.093578,0.518016,1.045743,0.875000,-0.170743
631,0.481553,0.000123,0.517207,0.011107,0.000000,0.011107
632,0.480799,0.007897,0.516525,0.088864,0.000000,0.088864
633,0.480508,0.297832,0.516572,0.545740,-0.500000,0.045740
634,0.479755,0.005903,0.515874,0.076832,0.000000,0.076832
635,0.479080,0.054182,0.515425,0.232771,-0.250000,-0.017229
636,0.479887,0.988841,0.516183,0.994405,-1.000000,-0.005595
637,0.479178,0.031275,0.515647,0.176848,-0.125000,0.051848
638,0.478424,0.001359,0.514892,0.036865,0.125000,0.161865
639,0.477684,0.008265,0.514224,0.090914,0.000000,0.090914
640,0.481980,3.209798,0.516233,1.791591,-1.625000,0.166591
641,0.481223,0.000109,0.515439,0.010429,0.250000,0.260429
642,0.480805,0.214024,0.515356,0.462627,-0.375000,0.087627
643,0.480068,0.010421,0.514709,0.102081,-0.125000,-0.022919
644,0.479827,0.325462,0.514796,0.570492,0.625000,0.054508
645,0.479223,0.092980,0.514469,0.304927,-0.375000,-0.070073
646,0.478498,0.013732,0.513850,0.117183,-0.125000,-0.007817
647,0.479562,1.162675,0.514728,1.078274,-1.125000,-0.046726
648,0.478866,0.031156,0.514203,0.176510,-0.125000,0.051510
649,0.478271,0.095301,0.513884,0.308709,0.250000,-0.058709
650,0.477545,0.009082,0.513236,0.095298,0.000000,-0.095298
651,0.477356,0.354960,0.513364,0.595785,-0.625000,-0.029215
652,0.477562,0.611096,0.513778,0.781727,-0.750000,0.031727
653,0.476969,0.092472,0.513455,0.304092,0.250000,-0.054092
654,0.476305,0.045686,0.512994,0.213742,-0.250000,-0.036258
655,0.476121,0.356411,0.513123,0.597002,-0.625000,-0.027998
656,0.476148,0.493643,0.513413,0.702597,0.750000,0.047403
657,0.475571,0.099321,0.513110,0.315153,-0.375000,-0.059847
658,0.474850,0.004415,0.512427,0.066447,-0.125000,-0.058553
659,0.474807,0.446482,0.512664,0.668193,-0.750000,-0.081807
660,0.474136,0.034443,0.512166,0.185588,-0.250000,-0.064412
661,0.473961,0.359301,0.512299,0.599417,0.375000,-0.224417
662,0.473264,0.015382,0.511709,0.124023,-0.250000,-0.125977
663,0.472738,0.126370,0.511471,0.355486,0.125000,-0.230486
664,0.472024,0.001593,0.510757,0.039909,-0.125000,-0.085091
665,0.471316,0.003966,0.510080,0.062979,-0.125000,-0.062021
666,0.470895,0.192930,0.509973,0.439238,0.375000,-0.064238
667,0.470536,0.232769,0.509931,0.482461,0.500000,0.017539
668,0.469877,0.032754,0.509436,0.180981,-0.125000,0.055981
669,0.470626,0.968307,0.510149,0.984026,1.000000,0.015974
670,0.470030,0.073684,0.509791,0.271449,0.250000,-0.021449
671,0.469508,0.121591,0.509549,0.348699,0.250000,-0.098699
672,0.469308,0.336093,0.509654,0.579736,0.500000,-0.079736
673,0.468892,0.191021,0.509546,0.437059,0.500000,0.062941
674,0.468289,0.064850,0.509165,0.254656,0.125000,-0.129656
675,0.467596,0.003403,0.508494,0.058332,0.000000,-0.058332
676,0.467208,0.206690,0.508413,0.454632,-0.375000,0.079632
677,0.467174,0.444599,0.508649,0.666782,0.625000,-0.041782
678,0.466564,0.055586,0.508244,0.235766,0.500000,0.264234
679,0.466067,0.131353,0.508028,0.362427,0.250000,-0.112427
680,0.465696,0.214915,0.507962,0.463590,-0.250000,0.213590
681,0.465119,0.075017,0.507616,0.273891,-0.125000,0.148891
682,0.464659,0.153565,0.507446,0.391874,-0.375000,0.016874
683,0.464129,0.104516,0.507174,0.323290,-0.375000,-0.051710
684,0.463791,0.234708,0.507141,0.484467,-0.250000,-0.734467
685,0.466529,2.328382,0.508637,1.525904,1.000000,-0.525904
686,0.466670,0.562801,0.508991,0.750201,-0.625000,0.125201
687,0.466348,0.246693,0.508973,0.496682,-0.500000,-0.003318
688,0.467607,1.327005,0.509913,1.151957,1.000000,-0.151957
689,0.466959,0.024330,0.509397,0.155980,-0.125000,0.030980
690,0.468601,1.592955,0.510494,1.262123,1.250000,-0.012123
691,0.467994,0.051967,0.510083,0.227963,-0.125000,0.102963
692,0.469867,1.756266,0.511267,1.325242,1.000000,-0.325242
693,0.470112,0.638583,0.511685,0.799114,-0.750000,0.049114
694,0.469478,0.032869,0.511206,0.181297,-0.250000,-0.068703
695,0.468862,0.044046,0.510770,0.209872,-0.250000,-0.040128
696,0.469186,0.692579,0.511235,0.832213,-0.875000,-0.042787
697,0.468510,0.000907,0.510541,0.030113,0.000000,-0.030113
698,0.468044,0.145453,0.510354,0.381382,0.375000,-0.006382
699,0.468584,0.842934,0.510941,0.918115,0.750000,-0.168115
700,0.468833,0.641661,0.511358,0.801037,0.625000,-0.176037
701,0.468211,0.035537,0.510895,0.188511,-0.500000,-0.311489
702,0.468159,0.432301,0.511105,0.657496,-0.750000,-0.092504
703,0.467493,0.001991,0.510437,0.044619,-0.125000,-0.169619
704,0.467128,0.212043,0.510366,0.460481,0.375000,-0.085481
705,0.467542,0.757920,0.510880,0.870586,-0.875000,-0.004414
706,0.466920,0.030407,0.510401,0.174377,0.250000,0.075623
707,0.466352,0.067755,0.510045,0.260299,-0.500000,-0.239701
708,0.466008,0.223968,0.509993,0.473253,0.500000,0.026747
709,0.465384,0.026023,0.509498,0.161315,-0.125000,0.036315
710,0.464724,0.000065,0.508788,0.008056,0.000000,0.008056
711,0.464299,0.164260,0.508641,0.405290,0.500000,0.094710
712,0.464314,0.474587,0.508896,0.688903,0.625000,-0.063903
713,0.464018,0.254408,0.508890,0.504389,0.625000,0.120611
714,0.464267,0.640935,0.509300,0.800584,0.875000,0.074416
715,0.463614,0.000019,0.508590,0.004361,-0.250000,-0.245639
716,0.463010,0.033659,0.508134,0.183465,0.000000,0.183465
717,0.462477,0.082480,0.507824,0.287193,0.375000,0.087807
718,0.462959,0.806955,0.508371,0.898307,1.000000,0.101693
719,0.463768,1.041502,0.509087,1.020540,-0.875000,0.145540
720,0.463505,0.275106,0.509108,0.524505,0.625000,0.100495
721,0.463013,0.110929,0.508863,0.333060,0.250000,-0.083060
722,0.462368,0.000207,0.508174,0.014387,0.125000,0.110613
723,0.461842,0.083638,0.507870,0.289202,0.500000,0.210798
724,0.461967,0.552437,0.508197,0.743261,-0.500000,0.243261
725,0.461334,0.005000,0.507590,0.070709,0.125000,0.054291
726,0.460927,0.167807,0.507454,0.409642,-0.375000,0.034642
727,0.460291,0.000731,0.506790,0.027035,0.250000,0.222965
728,0.460429,0.560196,0.507123,0.748462,0.875000,0.126538
729,0.460483,0.499914,0.507399,0.707046,-0.625000,0.082046
730,0.461703,1.345949,0.508298,1.160150,1.125000,-0.035150
731,0.461112,0.032131,0.507846,0.179250,0.000000,0.179250
732,0.460504,0.018300,0.507334,0.135278,0.375000,0.239722
733,0.461859,1.448718,0.508289,1.203627,1.375000,0.171373
734,0.462178,0.694703,0.508735,0.833488,-0.500000,0.333488
735,0.461546,0.000349,0.508064,0.018691,0.125000,0.106309
736,0.462375,1.068011,0.508782,1.033446,1.125000,0.091554
737,0.461838,0.068775,0.508446,0.262251,0.375000,0.112749
738,0.461554,0.253594,0.508439,0.503582,-0.250000,0.253582
739,0.461021,0.069325,0.508105,0.263297,0.500000,0.236703
740,0.462450,1.513230,0.509086,1.230134,1.375000,0.144866
741,0.463465,1.210441,0.509889,1.100201,-0.875000,0.225201
742,0.464454,1.193394,0.510678,1.092426,-0.875000,0.217426
743,0.465221,1.031243,0.511361,1.015501,-0.500000,0.515501
744,0.465148,0.411069,0.511536,0.641147,-0.625000,0.016147
745,0.464773,0.187224,0.511430,0.432694,-0.500000,-0.067306
746,0.464616,0.348065,0.511536,0.589970,-0.750000,-0.160030
747,0.464122,0.097972,0.511269,0.313004,0.250000,-0.063004
748,0.463514,0.012057,0.510729,0.109806,0.000000,0.109806
749,0.462895,0.001741,0.510099,0.041722,-0.125000,-0.083278
750,0.462455,0.134631,0.509908,0.366921,-0.500000,-0.133079
751,0.462098,0.196302,0.509818,0.443060,0.375000,-0.068060
752,0.461945,0.347659,0.509925,0.589626,-0.500000,0.089626
753,0.461340,0.008793,0.509369,0.093773,0.000000,0.093773
754,0.461204,0.359345,0.509489,0.599454,-0.500000,0.099454
755,0.460616,0.019310,0.508996,0.138960,0.000000,0.138960
756,0.462218,1.665207,0.510035,1.290429,1.375000,0.084571
757,0.462088,0.364235,0.510159,0.603519,0.625000,0.021481
758,0.462140,0.501753,0.510422,0.708345,0.625000,-0.083345
759,0.461617,0.067182,0.510089,0.259196,0.125000,-0.134196
760,0.461075,0.052108,0.509717,0.228272,0.125000,-0.103272
761,0.461181,0.541166,0.510015,0.735640,0.750000,0.014360
762,0.477200,12.603694,0.514026,3.550168,3.625000,0.074832
763,0.477519,0.718753,0.514465,0.847793,0.250000,-0.597793
764,0.477394,0.382813,0.514603,0.618719,-0.750000,-0.131281
765,0.478450,1.280825,0.515414,1.131735,1.250000,0.118265
766,0.478656,0.635517,0.515783,0.797193,1.125000,0.327807
767,0.478228,0.152217,0.515619,0.390150,0.875000,0.484850
768,0.477711,0.082924,0.515321,0.287965,0.000000,0.287965
769,0.479690,1.991899,0.516492,1.411346,-1.000000,0.411346
770,0.481534,1.892539,0.517614,1.375696,-1.000000,0.375696
771,0.480956,0.037979,0.517193,0.194883,-0.125000,0.069883
772,0.482133,1.384823,0.518052,1.176785,0.750000,-0.426785
773,0.482170,0.510234,0.518307,0.714307,-1.000000,-0.285693
774,0.487314,4.443409,0.520371,2.107939,2.250000,0.142061
775,0.487918,0.953296,0.520963,0.976369,-0.625000,0.351369
776,0.487871,0.451093,0.521158,0.671634,0.750000,0.078366
777,0.487484,0.189104,0.521046,0.434860,-0.125000,0.309860
778,0.487332,0.369660,0.521159,0.607996,-0.250000,0.357996
779,0.487952,0.967463,0.521755,0.983597,-0.875000,0.108597
780,0.488749,1.106893,0.522439,1.052090,-0.875000,0.177090
781,0.488189,0.053307,0.522064,0.230883,0.375000,0.144117
782,0.489140,1.228286,0.522817,1.108281,-1.000000,0.108281
783,0.489037,0.409053,0.522967,0.639572,-0.375000,0.264572
784,0.488426,0.012037,0.522437,0.109714,0.125000,0.015286
785,0.489708,1.490137,0.523331,1.220712,-1.250000,-0.029288
786,0.489465,0.299676,0.523362,0.547427,0.625000,0.077573
787,0.490206,1.069367,0.524014,1.034102,-1.000000,0.034102
788,0.490179,0.469472,0.524220,0.685181,-0.625000,0.060181
789,0.490954,1.098249,0.524887,1.047974,-1.125000,-0.077026
790,0.490521,0.150970,0.524714,0.388549,0.125000,-0.263549
791,0.490176,0.218719,0.524641,0.467674,0.375000,-0.092674
792,0.499177,7.582686,0.527470,2.753668,2.500000,-0.253668
793,0.498547,0.002124,0.526860,0.046082,-0.500000,-0.453918
794,0.497986,0.055770,0.526492,0.236156,0.250000,0.013844
795,0.497371,0.010875,0.525958,0.104285,0.000000,0.104285
796,0.496813,0.055530,0.525591,0.235649,0.250000,0.014351
797,0.496249,0.049711,0.525210,0.222959,0.000000,0.222959
798,0.496146,0.414940,0.525360,0.644159,0.875000,0.230841
799,0.495530,0.005918,0.524796,0.076928,-0.125000,-0.048072
800,0.495538,0.502051,0.525026,0.708556,0.875000,0.166444
801,0.495963,0.834139,0.525514,0.913312,1.250000,0.336688
802,0.495662,0.255857,0.525489,0.505823,-0.125000,0.380823
803,0.495266,0.179065,0.525361,0.423161,0.750000,0.326839
804,0.494682,0.028630,0.524916,0.169203,0.500000,0.330797
805,0.494519,0.364105,0.525014,0.603411,0.875000,0.271589
806,0.499228,4.270457,0.526936,2.066508,2.500000,0.433492
807,0.501174,2.061848,0.528068,1.435914,1.500000,0.064086
808,0.501022,0.379663,0.528177,0.616168,-0.375000,0.241168
809,0.506109,4.595441,0.530184,2.143698,-1.625000,0.518698
810,0.505493,0.009954,0.529650,0.099770,0.250000,0.150230
811,0.509025,3.356124,0.531264,1.831973,-1.625000,0.206973
812,0.516235,6.334207,0.533721,2.516785,2.375000,-0.141785
813,0.516417,0.663984,0.534069,0.814852,-0.500000,0.314852
814,0.518685,2.352925,0.535303,1.533925,-1.750000,-0.216075
815,0.518830,0.636401,0.535627,0.797748,0.750000,-0.047748
816,0.520825,2.139034,0.536768,1.462544,-1.625000,-0.162456
817,0.520897,0.579442,0.537044,0.761211,-0.625000,0.136211
818,0.523239,2.427365,0.538299,1.558000,1.500000,-0.058000
819,0.523461,0.703550,0.538667,0.838779,0.500000,-0.338779
820,0.523040,0.180212,0.538527,0.424514,-0.375000,0.049514
821,0.522597,0.161283,0.538360,0.401601,0.500000,0.098399
822,0.521959,0.000820,0.537737,0.028642,0.000000,-0.028642
823,0.522516,0.977845,0.538287,0.988860,1.125000,0.136140
824,0.521932,0.043716,0.537886,0.209083,0.750000,0.540917
825,0.531103,8.051204,0.540687,2.837464,-2.500000,0.337464
826,0.530466,0.007262,0.540133,0.085219,0.250000,0.335219
827,0.532121,1.892861,0.541148,1.375813,1.625000,0.249187
828,0.535919,3.661246,0.542814,1.913438,-1.875000,0.038438
829,0.535277,0.006295,0.542252,0.079343,0.125000,0.204343
830,0.534861,0.191921,0.542126,0.438087,-0.625000,-0.186913
831,0.534246,0.026014,0.541665,0.161289,-0.500000,-0.338711
832,0.533647,0.038446,0.541248,0.196076,0.500000,0.303924
833,0.533018,0.012089,0.540728,0.109951,0.375000,0.265049
834,0.532475,0.082444,0.540422,0.287130,-0.625000,-0.337870
835,0.532812,0.812898,0.540857,0.901609,1.125000,0.223391
836,0.532723,0.458327,0.541020,0.676999,1.000000,0.323001
837,0.532130,0.038885,0.540608,0.197194,0.125000,0.322194
838,0.531596,0.087063,0.540313,0.295064,0.750000,0.454936
839,0.533238,1.902896,0.541318,1.379455,-1.375000,0.004455
840,0.532601,0.000214,0.540688,0.014637,0.125000,0.139637
841,0.532231,0.222634,0.540606,0.471841,0.000000,0.471841
842,0.531682,0.072177,0.540281,0.268657,0.375000,0.106343
843,0.532286,1.038965,0.540852,1.019296,1.125000,0.105704
844,0.531656,0.003010,0.540274,0.054867,0.250000,0.304867
845,0.533548,2.122683,0.541364,1.456943,1.500000,0.043057
846,0.538519,4.719037,0.543301,2.172334,-1.875000,0.297334
847,0.538403,0.440997,0.543444,0.664076,-0.500000,0.164076
848,0.537800,0.029053,0.543002,0.170451,0.125000,0.295451
849,0.537433,0.227620,0.542924,0.477096,0.625000,0.147904
850,0.539122,1.966333,0.543940,1.402260,1.625000,0.222740
851,0.538494,0.007206,0.543398,0.084887,0.500000,0.415113
852,0.538253,0.334528,0.543439,0.578384,0.375000,-0.203384
853,0.538010,0.331993,0.543478,0.576188,-0.625000,-0.048812
854,0.537627,0.212578,0.543381,0.461062,-0.375000,0.086062
855,0.538194,1.020196,0.543929,1.010047,-0.750000,0.260047
856,0.537750,0.159546,0.543760,0.399433,-0.625000,-0.225567
857,0.537231,0.094896,0.543483,0.308052,0.125000,-0.183052
858,0.538498,1.619894,0.544337,1.272751,-1.500000,-0.227249
859,0.537960,0.077688,0.544026,0.278726,-0.125000,0.153726
860,0.537365,0.029117,0.543590,0.170638,0.125000,0.295638
861,0.536739,0.000815,0.542989,0.028543,0.125000,0.096457
862,0.536754,0.549922,0.543221,0.741568,-0.500000,0.241568
863,0.536636,0.435216,0.543356,0.659709,0.750000,0.090291
864,0.536018,0.004727,0.542804,0.068752,0.250000,0.181248
865,0.535937,0.466697,0.542967,0.683152,-0.500000,0.183152
866,0.535415,0.085597,0.542677,0.292570,0.000000,0.292570
867,0.534851,0.049326,0.542306,0.222095,0.000000,0.222095
868,0.534261,0.025022,0.541861,0.158183,0.375000,0.216817
869,0.536424,2.404594,0.543027,1.550675,-1.250000,0.300675
870,0.536530,0.628293,0.543315,0.792649,-0.375000,0.417649
871,0.535964,0.045821,0.542936,0.214058,0.375000,0.160942
872,0.535372,0.022242,0.542482,0.149136,0.250000,0.100864
873,0.534819,0.055267,0.542128,0.235090,0.000000,0.235090
874,0.534366,0.140302,0.541936,0.374570,0.500000,0.125430
875,0.533779,0.022783,0.541487,0.150939,0.250000,0.099061
876,0.533168,0.001395,0.540909,0.037351,-0.125000,-0.087649
877,0.532574,0.014337,0.540426,0.119739,0.000000,0.119739
878,0.532018,0.046577,0.540055,0.215818,0.000000,0.215818
879,0.531700,0.253921,0.540013,0.503905,-0.375000,0.128905
880,0.531143,0.044266,0.539637,0.210396,0.250000,0.039604
881,0.530555,0.014996,0.539162,0.122460,0.250000,0.372460
882,0.529961,0.009037,0.538656,0.095065,0.375000,0.279935
883,0.529481,0.108539,0.538418,0.329453,-0.125000,0.204453
884,0.528902,0.019852,0.537966,0.140897,0.375000,0.234103
885,0.528384,0.072002,0.537660,0.268332,0.000000,0.268332
886,0.529704,1.692912,0.538526,1.301119,1.500000,0.198881
887,0.529721,0.544423,0.538751,0.737850,1.125000,0.387150
888,0.529636,0.454732,0.538905,0.674338,-0.500000,0.174338
889,0.529457,0.371690,0.538985,0.609664,-0.375000,0.234664
890,0.531489,2.329149,0.540099,1.526155,-1.500000,0.026155
891,0.532119,1.090312,0.540667,1.044180,1.000000,-0.044180
892,0.533860,2.078295,0.541682,1.441629,-1.125000,0.316629
893,0.533425,0.147524,0.541504,0.384089,-0.375000,0.009089
894,0.532990,0.145816,0.541325,0.381859,0.250000,-0.131859
895,0.532498,0.094515,0.541063,0.307433,0.375000,0.067567
896,0.533072,1.045189,0.541602,1.022345,-0.875000,0.147345
897,0.532495,0.017388,0.541143,0.131863,0.000000,0.131863
898,0.533116,1.087513,0.541704,1.042839,-1.125000,-0.082161
899,0.537108,4.106240,0.543363,2.026386,2.000000,-0.026386
900,0.538008,1.343397,0.544050,1.159050,-1.000000,0.159050
901,0.537453,0.040005,0.543667,0.200014,0.000000,0.200014
902,0.536873,0.016678,0.543205,0.129143,0.125000,-0.004143
903,0.536360,0.075413,0.542907,0.274614,0.250000,-0.024614
904,0.535841,0.069576,0.542596,0.263774,-0.125000,0.138774
905,0.535336,0.081073,0.542310,0.284734,0.500000,0.215266
906,0.534852,0.098954,0.542058,0.314570,0.125000,-0.189570
907,0.534378,0.106284,0.541818,0.326013,0.375000,0.048987
908,0.534683,0.810489,0.542215,0.900272,-0.750000,0.150272
909,0.536140,1.853321,0.543120,1.361367,1.500000,0.138633
910,0.537442,1.715903,0.543966,1.309925,-1.125000,0.184925
911,0.536852,0.001619,0.543411,0.040237,0.250000,0.209763
912,0.536412,0.137198,0.543221,0.370402,0.250000,-0.120402
913,0.543423,6.910263,0.545515,2.628738,-2.250000,0.378738
914,0.544948,1.930455,0.546442,1.389408,-1.250000,0.139408
915,0.545336,0.898610,0.546883,0.947951,-0.875000,0.072951
916,0.544776,0.034522,0.546487,0.185802,-0.375000,-0.189198
917,0.544617,0.399923,0.546581,0.632394,-0.500000,0.132394
918,0.544025,0.003367,0.546047,0.058029,0.125000,0.066971
919,0.543578,0.134897,0.545851,0.367284,-0.500000,-0.132716
920,0.544128,1.047505,0.546373,1.023477,0.750000,-0.273477
921,0.544508,0.892767,0.546807,0.944864,0.875000,-0.069864
922,0.543974,0.053915,0.546464,0.232197,-0.375000,-0.142803
923,0.544544,1.067809,0.546994,1.033349,-1.000000,0.033349
924,0.544765,0.748542,0.547340,0.865183,-0.875000,-0.009817
925,0.544340,0.152723,0.547170,0.390798,0.250000,-0.140798
926,0.543958,0.192200,0.547052,0.438406,-0.500000,-0.061594
927,0.544430,0.980164,0.547532,0.990032,0.750000,-0.240032
928,0.543946,0.097224,0.547277,0.311808,-0.375000,-0.063192
929,0.545091,1.602825,0.548054,1.266027,1.125000,-0.141027
930,0.544578,0.069948,0.547748,0.264478,0.125000,-0.139478
931,0.544070,0.073737,0.547450,0.271545,-0.375000,-0.103455
932,0.543487,0.002526,0.546914,0.050259,0.000000,-0.050259
933,0.542919,0.016194,0.546462,0.127255,-0.250000,-0.122745
934,0.542367,0.029361,0.546059,0.171350,0.000000,0.171350
935,0.542460,0.629345,0.546325,0.793312,0.750000,-0.043312
936,0.542809,0.867382,0.546738,0.931333,-1.000000,-0.068667
937,0.544797,2.397366,0.547811,1.548343,-1.375000,0.173343
938,0.544213,0.000001,0.547226,0.001177,0.000000,-0.001177
939,0.543635,0.003920,0.546708,0.062607,-0.125000,-0.062393
940,0.544662,1.504340,0.547434,1.226515,-1.250000,-0.023485