# TEST CONFIGURATION BEGIN
# File Stream: filename: k_index.csv  -  n_targets: 1
# [k_index_ADE_HOMO_ABTSAIN_KNN_SIZE_4_OFFLINE_BATCH_100] Pipeline: Array BaseStreamModel: base_models: [<skmultiflow.lazy.knn_forecast.KNNForecast object at 0x7f222c5cd748>, <skmultiflow.lazy.knn_forecast.KNNForecast object at 0x7f222c5cd710>, <skmultiflow.lazy.knn_forecast.KNNForecast object at 0x7f222c5cd6d8>, <skmultiflow.lazy.knn_forecast.KNNForecast object at 0x7f222c5cd400>]
 Array BaseStreamModel: base_models: [<skmultiflow.lazy.knn_forecast.KNNForecast object at 0x7f222c5cd748>, <skmultiflow.lazy.knn_forecast.KNNForecast object at 0x7f222c5cd710>, <skmultiflow.lazy.knn_forecast.KNNForecast object at 0x7f222c5cd6d8>, <skmultiflow.lazy.knn_forecast.KNNForecast object at 0x7f222c5cd400>]
# Prequential Evaluator: n_wait: 1 - max_samples: 600000 - max_time: 10000000 - output_file: k_index_ADE_HOMO_ABTSAIN_KNN_SIZE_4_OFFLINE_BATCH_100_SIZE_4 - batch_size: 1 - pretrain_size: 5 - task_type: regression - show_plot: False - metrics: ['mean_square_error', 'mean_absolute_error', 'true_vs_predicted']
# TEST CONFIGURATION END
id,global_mse_[k_index_ADE_HOMO_ABTSAIN_KNN_SIZE_4_OFFLINE_BATCH_100],sliding_mse_[k_index_ADE_HOMO_ABTSAIN_KNN_SIZE_4_OFFLINE_BATCH_100],global_mae_[k_index_ADE_HOMO_ABTSAIN_KNN_SIZE_4_OFFLINE_BATCH_100],sliding_mae_[k_index_ADE_HOMO_ABTSAIN_KNN_SIZE_4_OFFLINE_BATCH_100],true_value_[k_index_ADE_HOMO_ABTSAIN_KNN_SIZE_4_OFFLINE_BATCH_100],predicted_value_[k_index_ADE_HOMO_ABTSAIN_KNN_SIZE_4_OFFLINE_BATCH_100]
5,16.483600,16.483600,4.060000,4.060000,7.250000,3.190000
6,274.585000,532.686400,13.570000,23.080000,29.300000,6.220000
7,233.815200,152.275600,13.160000,12.340000,20.900000,8.560000
8,270.034300,378.691600,14.735000,19.460000,-9.500000,9.960000
9,218.477440,12.250000,12.488000,3.500000,1.500000,-2.000000
10,184.420800,14.137600,11.033333,3.760000,1.750000,5.510000
11,161.732629,25.603600,10.180000,5.060000,0.500000,5.560000
12,231.631362,720.922500,12.263750,26.850000,-19.800000,7.050000
13,209.231256,30.030400,11.510000,5.480000,7.600000,2.120000
14,212.178380,238.702500,11.904000,15.450000,30.400000,14.950000
15,238.748673,504.451600,12.863636,22.460000,-7.800000,14.660000
16,222.751750,46.785600,12.361667,6.840000,-3.800000,3.040000
17,302.504700,1259.540100,14.140769,35.490000,-17.500000,17.990000
18,313.455971,455.822500,14.655714,21.350000,24.750000,3.400000
19,311.464613,283.585600,14.801333,16.840000,-7.250000,9.590000
20,295.790831,60.684100,14.363125,7.790000,-11.100000,-3.310000
21,326.170782,812.250000,15.194706,28.500000,-19.300000,9.200000
22,308.064072,0.250000,14.378333,0.500000,9.900000,9.400000
23,291.855563,0.102400,13.638421,0.320000,12.550000,12.870000
24,313.174785,718.240000,14.296500,26.800000,19.750000,-7.050000
25,311.669719,281.568400,14.414762,16.780000,25.550000,8.770000
26,298.741477,27.248400,13.996818,5.220000,7.550000,2.330000
27,287.606670,42.640900,13.672174,6.530000,-3.200000,3.330000
28,280.747563,122.988100,13.564583,11.090000,-10.400000,0.690000
29,283.790944,356.832100,13.777600,18.890000,18.300000,-0.590000
30,275.156292,59.290000,13.543846,7.700000,-4.500000,3.200000
31,265.055452,2.433600,13.100000,1.560000,3.200000,1.640000
32,265.922761,289.340100,13.239643,17.010000,-2.300000,14.710000
33,256.855024,2.958400,12.842414,1.720000,12.750000,11.030000
34,248.530820,7.128900,12.503333,2.670000,10.800000,8.130000
35,253.885619,414.529600,12.756774,20.360000,-17.000000,3.360000
36,247.709506,56.250000,12.592500,7.500000,9.800000,2.300000
37,246.074867,193.766400,12.632727,13.920000,-2.450000,11.470000
38,239.599374,25.908100,12.410882,5.090000,11.450000,6.360000
39,245.546409,447.745600,12.660857,21.160000,20.350000,-0.810000
40,242.210119,125.440000,12.620278,11.200000,11.750000,0.550000
41,239.139457,128.595600,12.585676,11.340000,-3.900000,7.440000
42,249.784126,643.636900,12.922105,25.370000,16.200000,-9.170000
43,244.381008,39.062500,12.751026,6.250000,4.400000,10.650000
44,238.318405,1.876900,12.466500,1.370000,-5.500000,-6.870000
45,236.691371,171.610000,12.481951,13.100000,15.350000,2.250000
46,231.609014,23.232400,12.299524,4.820000,4.350000,9.170000
47,226.224453,0.072900,12.019767,0.270000,2.400000,2.670000
48,221.507134,18.662400,11.844773,4.320000,-1.300000,3.020000
49,218.178996,71.740900,11.769778,8.470000,15.600000,7.130000
50,213.826791,17.977600,11.606087,4.240000,-2.600000,1.640000
51,215.637798,298.944100,11.727021,17.290000,16.250000,-1.040000
52,213.800846,127.464100,11.717917,11.290000,-7.200000,4.090000
53,218.862463,461.820100,11.917347,21.490000,-9.800000,11.690000
54,215.768416,64.160100,11.839200,8.010000,-5.200000,2.810000
55,211.547271,0.490000,11.620784,0.700000,9.350000,10.050000
56,210.850162,175.297600,11.651923,13.240000,20.350000,7.110000
57,208.010968,60.372900,11.578679,7.770000,9.750000,1.980000
58,214.455513,556.016400,11.800926,23.580000,35.450000,11.870000
59,218.279451,424.772100,11.961091,20.610000,24.500000,3.890000
60,215.325405,52.852900,11.877321,7.270000,-2.750000,4.520000
61,219.544653,455.822500,12.043509,21.350000,-17.500000,3.850000
62,218.957752,185.504400,12.070690,13.620000,-5.000000,8.620000
63,215.319439,4.297273,11.901237,2.072987,3.757013,5.830000
64,216.788388,303.456400,11.993216,17.420000,16.950000,-0.470000
65,217.872388,282.912400,12.072344,16.820000,25.650000,8.830000
66,214.405480,2.924100,11.905209,1.710000,20.150000,21.860000
67,212.536011,96.628900,11.872270,9.830000,19.000000,9.170000
68,209.473962,16.564900,11.750359,4.070000,14.500000,10.430000
69,208.455607,143.280900,11.753738,11.970000,6.900000,-5.070000
70,214.024462,576.000000,11.939288,24.000000,20.400000,-3.600000
71,211.232034,26.931809,11.838546,5.189587,10.469587,5.280000
72,211.113536,203.174159,11.874066,14.253917,-8.600000,5.653917
73,238.335138,2089.404100,12.364442,45.710000,-39.000000,6.710000
74,235.227402,20.793600,12.252950,4.560000,2.900000,-1.660000
75,238.626415,476.557334,12.387841,21.830193,-9.318790,12.511403
76,235.724694,29.702500,12.291482,5.450000,2.600000,8.050000
77,241.466111,654.848100,12.473653,25.590000,-15.600000,9.990000
78,244.282300,449.864100,12.591712,21.210000,-14.000000,7.210000
79,243.623624,194.881600,12.609956,13.960000,0.700000,14.660000
80,241.519662,83.722500,12.564430,9.150000,-3.400000,5.750000
81,247.523833,703.840900,12.745801,26.530000,-17.700000,8.830000
82,253.544918,717.168400,12.925727,26.780000,25.300000,-1.480000
83,251.739740,110.935908,12.895434,10.532612,-8.462612,2.070000
84,250.155399,124.992400,12.873991,11.180000,-11.900000,-0.720000
85,247.248158,14.668900,12.762337,3.830000,0.500000,4.330000
86,248.210541,326.163600,12.826943,18.060000,-10.500000,7.560000
87,249.290226,337.824400,12.893847,18.380000,-15.900000,2.480000
88,270.989990,2072.070400,13.282254,45.520000,-34.800000,10.720000
89,267.901497,8.468100,13.160227,2.910000,9.250000,6.340000
90,297.286017,2794.970196,13.621939,52.867478,-44.300000,8.567478
91,294.491576,54.169600,13.549963,7.360000,-10.500000,-3.140000
92,292.331994,104.448400,13.512122,10.220000,-16.900000,-6.680000
93,289.582309,47.610000,13.437829,6.900000,-12.600000,-5.700000
94,289.741688,303.926444,13.482225,17.433486,-1.386514,-18.820000
95,289.884746,302.760000,13.525278,17.400000,-18.550000,-1.150000
96,290.558134,351.836406,13.582147,18.757303,9.100000,-9.657303
97,287.436435,0.240100,13.441372,0.490000,-7.600000,-8.090000
98,286.428115,192.654400,13.446038,13.880000,-9.900000,3.980000
99,285.325823,181.710400,13.446395,13.480000,14.200000,0.720000
100,290.851780,815.817682,13.603855,28.562522,26.150000,-2.412522
101,288.052896,19.360000,13.508970,4.400000,-2.400000,2.000000
102,285.186871,7.182400,13.398470,2.680000,-2.900000,-0.220000
103,282.429226,12.180100,13.298385,3.490000,7.100000,10.590000
104,287.139959,753.502500,13.439901,27.450000,26.900000,-0.550000
105,289.507322,526.243600,13.533961,22.940000,26.150000,3.210000
106,291.179824,460.102500,13.611569,21.450000,34.300000,12.850000
107,288.730870,38.937600,13.540001,6.240000,16.400000,22.640000
108,291.235861,549.249971,13.635155,23.436083,27.250000,3.813917
109,296.860828,881.857327,13.788117,29.696083,31.800000,2.103917
110,294.430411,39.236660,13.717134,6.263917,10.000000,16.263917
111,293.763646,223.086566,13.728526,14.936083,27.750000,12.813917
112,294.955312,422.463517,13.791724,20.553917,0.900000,21.453917
113,292.269230,2.172432,13.678716,1.473917,-5.500000,-4.026083
114,291.222747,177.156100,13.675364,13.310000,10.400000,-2.910000
115,288.600247,0.125257,13.555351,0.353917,4.000000,4.353917
116,286.043016,2.190400,13.447536,1.480000,3.600000,2.120000
117,283.826013,35.521600,13.381274,5.960000,8.300000,2.340000
118,284.922700,408.848400,13.441263,20.220000,-13.500000,6.720000
119,283.932819,171.086400,13.438122,13.080000,1.600000,14.680000
120,282.665209,136.890000,13.423138,11.700000,-0.700000,11.000000
121,282.881767,308.002500,13.458410,17.550000,-13.200000,4.350000
122,280.511014,3.132900,13.359356,1.770000,5.700000,7.470000
123,278.407980,30.250000,13.293311,5.500000,8.300000,13.800000
124,279.491615,408.444100,13.350950,20.210000,14.100000,-6.110000
125,277.236352,6.604900,13.261851,2.570000,22.700000,20.130000
126,274.984645,2.528100,13.166180,1.590000,9.600000,11.190000
127,272.943094,23.873804,13.098862,4.886083,21.150000,16.263917
128,270.839946,12.152772,13.021340,3.486083,16.450000,12.963917
129,269.396151,90.365608,12.993218,9.506083,22.950000,13.443917
130,268.489040,155.100057,12.988938,12.453917,7.200000,19.653917
131,266.785412,52.128400,12.943513,7.220000,5.400000,12.620000
132,265.223905,66.912400,12.906298,8.180000,6.650000,-1.530000
133,268.983503,750.212100,13.018575,27.390000,31.750000,4.360000
134,268.697719,231.831581,13.035555,15.226017,25.166017,9.940000
135,267.958592,171.872100,13.036124,13.110000,40.050000,26.940000
136,267.270694,177.156100,13.038198,13.310000,4.800000,18.110000
137,266.876184,214.800760,13.050363,14.656083,25.400000,10.743917
138,264.917795,4.452100,12.968718,2.110000,7.500000,9.610000
139,264.475507,205.208964,12.978766,14.325117,27.299034,12.973917
140,263.214140,92.929600,12.954216,9.640000,19.300000,9.660000
141,264.402428,426.009600,13.010317,20.640000,28.800000,8.160000
142,265.965078,480.048100,13.074807,21.910000,35.750000,13.840000
143,266.012668,272.580100,13.099521,16.510000,37.750000,21.240000
144,265.042493,130.188100,13.087453,11.410000,34.650000,23.240000
145,263.162816,0.008100,12.995272,0.090000,29.900000,29.990000
146,261.671591,51.408900,12.954249,7.170000,26.800000,33.970000
147,259.848300,0.940900,12.870443,0.970000,33.150000,32.180000
148,258.120342,11.022400,12.804121,3.320000,29.650000,26.330000
149,258.040133,246.490000,12.824092,15.700000,10.200000,25.900000
150,257.486133,177.156100,12.827420,13.310000,12.200000,25.510000
151,256.019094,41.831459,12.784157,6.467724,26.627724,20.160000
152,255.549329,186.493872,12.790050,13.656276,28.800000,15.143724
153,254.112596,41.476089,12.747433,6.440193,30.600000,24.159807
154,253.108038,103.428900,12.730251,10.170000,30.800000,20.630000
155,251.433050,0.184900,12.648792,0.430000,30.050000,30.480000
156,251.793688,306.250000,12.680708,17.500000,15.900000,33.400000
157,250.364073,33.062500,12.635409,5.750000,24.600000,18.850000
158,248.949636,32.540808,12.590403,5.704455,33.700000,27.995545
159,247.343718,0.032400,12.510336,0.180000,31.950000,32.130000
160,246.795592,161.836089,12.511689,12.721481,19.458519,32.180000
161,245.536404,49.102969,12.476630,7.007351,21.854353,28.861704
162,244.389206,64.279116,12.448407,8.017426,28.300000,20.282574
163,242.852271,0.016674,12.370927,0.129129,31.600000,31.470871
164,241.368960,5.522500,12.308296,2.350000,27.600000,29.950000
165,240.363361,79.467510,12.287217,8.914455,34.600000,25.685545
166,238.958826,12.828615,12.233479,3.581706,26.938294,30.520000
167,237.493852,0.168100,12.160942,0.410000,22.800000,23.210000
168,237.666352,265.783861,12.186198,16.302879,35.650000,19.347121
169,237.242329,167.702500,12.190827,12.950000,35.550000,22.600000
170,235.832423,3.198004,12.128161,1.788296,25.750000,23.961704
171,234.430346,1.685573,12.063312,1.298296,30.200000,28.901704
172,233.047071,2.040030,12.000008,1.428296,30.150000,28.721704
173,231.687302,3.246136,11.939663,1.801704,26.700000,28.501704
174,230.365433,6.969600,11.884959,2.640000,31.200000,28.560000
175,229.157532,23.814400,11.843994,4.880000,25.000000,29.880000
176,227.837257,2.070166,11.783499,1.438807,30.448807,29.010000
177,226.596876,13.251337,11.736428,3.640239,33.050000,29.409761
178,225.325534,5.383507,11.682312,2.320239,31.750000,29.429761
179,224.038440,0.083962,11.617212,0.289761,29.100000,29.389761
180,222.959956,34.225292,11.584445,5.850239,35.350000,29.499761
181,221.723572,4.119931,11.530464,2.029761,28.300000,30.329761
182,220.479283,0.240100,11.468439,0.490000,32.000000,31.510000
183,219.280002,5.808100,11.417833,2.410000,33.250000,30.840000
184,218.062280,0.090000,11.356067,0.300000,31.900000,31.600000
185,217.025861,30.470400,11.323824,5.520000,25.600000,31.120000
186,216.436875,109.830400,11.319187,10.480000,19.700000,30.180000
187,215.396119,25.978639,11.285186,5.096924,29.746924,24.650000
188,214.378011,28.064255,11.252645,5.297571,22.269473,27.567044
189,213.280180,11.279163,11.209973,3.358446,31.400000,28.041554
190,212.278888,27.040000,11.177661,5.200000,30.750000,25.550000
191,220.161506,1686.328457,11.337486,41.064930,-13.300000,27.764930
192,225.228109,1172.682706,11.459332,34.244455,34.100000,-0.144455
193,225.364451,250.996827,11.482525,15.842879,35.550000,19.707121
194,225.291044,211.417219,11.498618,14.540193,34.150000,19.609807
195,225.145031,197.402500,11.511976,14.050000,34.000000,19.950000
196,226.001920,389.667600,11.554831,19.740000,38.200000,18.460000
197,224.854212,4.494400,11.505946,2.120000,33.700000,31.580000
198,223.730764,6.905252,11.460182,2.627785,33.757785,31.130000
199,222.759020,34.240718,11.431420,5.851557,26.350000,32.201557
200,221.628668,1.210000,11.378708,1.100000,29.600000,30.700000
201,220.711965,41.038186,11.353467,6.406105,33.150000,26.743895
202,219.611008,2.722500,11.304459,1.650000,33.100000,31.450000
203,218.535146,5.514495,11.259453,2.348296,31.700000,29.351704
204,218.036521,118.810000,11.257656,10.900000,18.750000,29.650000
205,217.186909,47.264659,11.235852,6.874930,17.700000,24.574930
206,216.222897,22.456457,11.203688,4.738824,21.450000,26.188824
207,215.477517,64.910745,11.188186,8.056720,32.400000,24.343280
208,214.671155,50.979600,11.168342,7.140000,27.100000,19.960000
209,213.635236,2.307910,11.121273,1.519181,20.910819,22.430000
210,213.903803,268.960000,11.146898,16.400000,34.100000,17.700000
211,213.307218,90.410555,11.138982,9.508446,33.050000,23.541554
212,212.315664,7.064093,11.098208,2.657836,26.700000,24.042164
213,222.582448,2358.073600,11.277451,48.560000,-35.100000,13.460000
214,225.263357,785.573348,11.357216,28.028081,-21.128081,6.900000
215,230.547037,1340.119642,11.476886,36.607645,-36.100000,0.507645
216,229.859786,84.849939,11.466200,9.211403,-9.150000,0.061403
217,232.835900,863.772100,11.550349,29.390000,-25.300000,4.090000
218,239.185087,1591.561852,11.682798,39.894384,-38.400000,1.494384
219,238.205539,28.582302,11.653325,5.346242,-12.350000,-7.003758
220,237.433303,71.402500,11.638495,8.450000,-14.550000,-6.100000
221,240.867497,982.653389,11.729319,31.347303,20.150000,-11.197303
222,240.125133,79.032100,11.716295,8.890000,19.000000,10.110000
223,241.421816,524.098758,11.767331,22.893203,-7.300000,15.593203
224,240.953551,138.403618,11.767318,11.764507,17.844507,6.080000
225,241.658653,396.781057,11.804205,19.919364,20.049364,0.130000
226,242.295755,383.095230,11.839199,19.572819,-6.100000,13.472819
227,243.166166,436.397415,11.879786,20.890127,32.100000,11.209873
228,246.256105,935.312510,11.963282,30.582879,35.900000,5.317121
229,245.459124,66.935350,11.946473,8.181403,3.200000,11.381403
230,247.123043,621.504900,12.003923,24.930000,30.850000,5.920000
231,246.356433,73.102500,11.988707,8.550000,-1.450000,7.100000
232,245.345049,15.760900,11.953537,3.970000,-4.400000,-0.430000
233,246.514163,513.072270,12.000252,22.651099,36.000000,13.348901
234,247.928833,571.888271,12.052051,23.914186,-18.176541,5.737645
235,249.125722,524.410000,12.099012,22.900000,-14.400000,8.500000
236,248.281602,53.290000,12.078327,7.300000,0.800000,-6.500000
237,249.859932,616.032400,12.133012,24.820000,25.550000,0.730000
238,249.343648,129.049600,12.129709,11.360000,-14.700000,-3.340000
239,248.585733,71.233600,12.114008,8.440000,23.350000,14.910000
240,247.581965,11.696400,12.077169,3.420000,14.600000,18.020000
241,252.170951,1335.171600,12.180387,36.540000,-19.400000,17.140000
242,252.663719,369.449886,12.209970,19.221079,-10.959677,8.261403
243,251.979409,89.113600,12.198380,9.440000,-6.650000,2.790000
244,251.287549,85.932900,12.186179,9.270000,21.000000,11.730000
245,252.913449,643.129600,12.240842,25.360000,-13.900000,11.460000
246,252.988248,271.014641,12.258287,16.462522,8.550000,-7.912522
247,252.005633,14.212900,12.223356,3.770000,-0.900000,-4.670000
248,250.978056,1.276900,12.177891,1.130000,2.200000,1.070000
249,249.956889,0.792100,12.131818,0.890000,1.000000,0.110000
250,250.818122,461.820100,12.169859,21.490000,-21.300000,0.190000
251,251.678044,463.218967,12.207724,21.522522,29.900000,8.377478
252,253.052066,592.435600,12.256645,24.340000,29.900000,5.560000
253,252.117773,20.412909,12.225566,4.518065,-8.300000,-3.781935
254,251.561289,112.996900,12.219184,10.630000,17.550000,6.920000
255,250.594909,9.000000,12.182454,3.000000,3.100000,0.100000
256,251.638087,513.475600,12.224032,22.660000,-11.200000,11.460000
257,251.777713,286.963600,12.242672,16.940000,14.700000,-2.240000
258,250.860656,18.845138,12.211563,4.341099,20.900000,16.558901
259,249.947057,17.892900,12.180263,4.230000,13.800000,9.570000
260,248.990480,5.063468,12.141474,2.250215,10.299658,12.549873
261,256.144119,2087.475706,12.272009,45.688901,-37.000000,8.688901
262,255.836346,176.738588,12.275971,13.294307,-18.100000,-4.805693
263,254.860066,2.979911,12.235239,1.726242,-8.700000,-6.973758
264,255.288834,366.339600,12.261795,19.140000,19.400000,0.260000
265,256.128915,474.549959,12.298279,21.784168,-16.414168,5.370000
266,255.173676,5.856400,12.260576,2.420000,-1.150000,1.270000
267,256.728502,664.092900,12.311943,25.770000,-19.800000,5.970000
268,255.770896,3.920400,12.272807,1.980000,-12.800000,-10.820000
269,254.813147,1.967560,12.231787,1.402697,1.800000,3.202697
270,257.619372,1001.268913,12.304761,31.642834,26.200000,-5.442834
271,258.745805,558.376900,12.347178,23.630000,22.450000,-1.180000
272,258.107936,87.796900,12.336069,9.370000,10.250000,19.620000
273,257.668355,139.860802,12.334174,11.826276,34.400000,22.573724
274,259.730812,814.531600,12.394195,28.540000,-4.100000,24.440000
275,260.770524,541.492900,12.434327,23.270000,-32.000000,-8.730000
276,260.343604,144.648357,12.432830,12.026985,11.476985,-0.550000
277,259.491588,27.743043,12.406582,5.267166,5.600000,10.867166
278,258.994464,123.279604,12.401825,11.103135,7.400000,18.503135
279,260.592829,698.544900,12.452836,26.430000,31.650000,5.220000
280,259.859030,58.064400,12.435326,7.620000,26.950000,19.330000
281,259.405013,134.096400,12.432238,11.580000,34.500000,22.920000
282,258.873030,111.513600,12.425504,10.560000,15.300000,25.860000
283,258.586083,178.814767,12.428897,13.372164,10.150000,23.522164
284,257.745879,23.328900,12.401758,4.830000,2.050000,6.880000
285,257.315786,136.890000,12.399260,11.700000,6.300000,-5.400000
286,256.798157,111.344277,12.392710,10.551980,-2.661980,7.890000
287,256.407144,146.141370,12.391636,12.088894,18.258894,6.170000
288,256.550842,297.217600,12.408708,17.240000,9.000000,26.240000
289,255.743364,26.419600,12.383204,5.140000,13.800000,18.940000
290,255.306757,130.873600,12.379906,11.440000,24.700000,13.260000
291,254.421057,1.110876,12.340443,1.053981,12.279222,13.333203
292,254.124450,168.998220,12.342733,12.999932,7.000000,19.999932
293,253.459937,62.080397,12.327288,7.879111,-3.769239,4.109873
294,252.620517,10.027863,12.295699,3.166680,8.596680,5.430000
295,252.859638,322.204958,12.315130,17.950068,29.050000,11.099932
296,252.685583,202.035446,12.321633,14.213917,9.700000,23.913917
297,251.838457,4.477806,12.286802,2.116083,14.200000,12.083917
298,250.988007,1.806114,12.249581,1.343917,9.750000,11.093917
299,251.082147,278.759177,12.264654,16.696083,21.050000,4.353917
300,251.087319,252.613011,12.276914,15.893804,27.723804,11.830000
301,250.802665,166.545198,12.279030,12.905239,32.950000,20.044761
302,250.157318,58.489397,12.263489,7.647836,31.350000,23.702164
303,249.327703,2.102343,12.227323,1.449946,25.138878,26.588824
304,248.611494,34.464852,12.206134,5.870677,22.400378,28.271055
305,248.025235,72.147530,12.193802,8.493970,19.900000,28.393970
306,247.203986,0.008100,12.153723,0.090000,29.000000,28.910000
307,246.506547,35.880100,12.133381,5.990000,31.550000,25.560000
308,245.772736,23.427910,12.109390,4.840239,34.900000,30.059761
309,244.969196,0.693069,12.072417,0.832508,30.457253,31.289761
310,244.170277,0.499838,12.035275,0.706992,32.950000,32.243008
311,243.465106,27.682863,12.013210,5.261451,25.550000,30.811451
312,243.139945,143.315632,12.013075,11.971451,18.600000,30.571451
313,242.433295,24.784929,11.990309,4.978446,31.500000,26.521554
314,241.741865,28.090000,11.968727,5.300000,34.500000,29.200000
315,240.994865,9.424900,11.940114,3.070000,30.000000,26.930000
316,240.277570,17.198941,11.915136,4.147161,18.600000,22.747161
317,239.594007,26.322436,11.893460,5.130540,33.150000,28.019460
318,238.948546,36.919057,11.874934,6.076105,32.900000,26.823895
319,238.445857,80.601541,11.865737,8.977836,33.800000,24.822164
320,237.755649,20.340100,11.842459,4.510000,31.250000,26.740000
321,237.009722,1.296838,11.808693,1.138788,32.200000,31.061212
322,236.264424,0.005105,11.771784,0.071451,30.150000,30.221451
323,235.530181,2.040753,11.739360,1.428549,31.600000,30.171451
324,234.794628,0.153234,11.703898,0.391451,29.750000,30.141451
325,234.092012,9.254746,11.676914,3.042161,26.519289,29.561451
326,233.478890,36.666762,11.659456,6.055309,22.450000,28.505309
327,232.759329,1.060900,11.626547,1.030000,28.900000,29.930000
328,232.041272,0.108900,11.591681,0.330000,31.550000,31.220000
329,231.337158,3.204100,11.561522,1.790000,33.250000,31.460000
330,230.682493,17.916290,11.539041,4.232764,30.550000,26.317236
331,230.028157,16.714777,11.516257,4.088371,30.450000,26.361629
332,229.844477,169.780900,11.520872,13.030000,31.700000,18.670000
333,229.462672,104.230858,11.516885,10.209352,13.600648,23.810000
334,228.811656,14.627301,11.493575,3.824565,27.700000,23.875435
335,228.262655,47.092448,11.479584,6.862394,24.407368,31.269761
336,227.579515,1.459980,11.448646,1.208296,29.900000,28.691704
337,226.902502,2.134143,11.418653,1.460871,27.700000,29.160871
338,226.230346,2.402500,11.389106,1.550000,29.750000,28.200000
339,225.585599,10.240000,11.364661,3.200000,27.500000,30.700000
340,224.914256,0.014457,11.331195,0.120239,29.400000,29.279761
341,224.334017,29.373814,11.313654,5.419761,24.800000,30.219761
342,229.873568,2096.702250,11.415654,45.789761,-16.200000,29.589761
343,231.259199,699.602500,11.460003,26.450000,26.550000,0.100000
344,230.691214,38.143997,11.444462,6.176083,33.100000,26.923917
345,230.086675,24.543657,11.425429,4.954156,35.150000,30.195844
346,229.805325,133.864900,11.425852,11.570000,32.000000,20.430000
347,229.691188,190.656338,11.432797,13.807836,36.050000,22.242164
348,229.120341,33.319922,11.416342,5.772341,31.450000,25.677659
349,228.650094,66.885077,11.406956,8.178330,33.400000,25.221670
350,228.039086,17.241309,11.385989,4.152266,32.550000,28.397734
351,227.386709,1.664100,11.356894,1.290000,30.250000,28.960000
352,226.742609,3.240000,11.329431,1.800000,30.150000,28.350000
353,226.634624,189.055939,11.336366,13.749761,17.000000,30.749761
354,227.954311,688.525079,11.378948,26.239761,-9.300000,16.939761
355,227.546008,84.640000,11.372740,9.200000,15.050000,5.850000
356,227.605189,248.377600,11.385204,15.760000,9.150000,24.910000
357,227.633129,237.468100,11.396605,15.410000,31.850000,16.440000
358,227.014022,8.469225,11.372632,2.910193,24.000000,21.089807
359,227.073314,248.062500,11.384963,15.750000,26.700000,10.950000
360,230.654376,1501.931488,11.461844,38.754761,-13.400000,25.354761
361,232.248505,799.758400,11.508954,28.280000,-31.300000,-3.020000
362,234.886051,1176.490000,11.572616,34.300000,-39.900000,-5.600000
363,234.772579,194.149615,11.579193,13.933758,14.000000,0.066242
364,235.410779,464.524633,11.606898,21.552834,22.000000,0.447166
365,237.872794,1124.198286,11.667624,33.529066,29.000000,-4.529066
366,237.354158,50.126400,11.654951,7.080000,11.550000,18.630000
367,236.725581,9.180900,11.631191,3.030000,21.700000,18.670000
368,237.258100,430.562500,11.656243,20.750000,5.450000,26.200000
369,236.608328,0.091165,11.625135,0.301935,-8.200000,-8.501935
370,236.236471,100.508583,11.620764,10.025397,-9.200000,0.825397
371,235.597522,1.742400,11.592696,1.320000,-3.900000,-5.220000
372,234.961860,1.673810,11.564710,1.293758,-8.100000,-9.393758
373,238.127957,1403.251600,11.634887,37.460000,-39.100000,-1.640000
374,238.534325,388.484100,11.656712,19.710000,-22.900000,-3.190000
375,238.266916,139.325468,11.657108,11.803621,11.350000,-0.453621
376,240.385798,1026.491199,11.711898,32.038901,-30.200000,1.838901
377,240.555822,303.804900,11.727228,17.430000,20.300000,2.870000
378,239.986603,27.667600,11.709936,5.260000,-0.750000,4.510000
379,240.291871,354.462197,11.728915,18.827166,-10.400000,8.427166
380,240.377495,272.486545,11.741623,16.507166,-18.650000,-2.142834
381,241.107910,515.744100,11.770717,22.710000,-18.500000,4.210000
382,242.633974,817.960000,11.815239,28.600000,21.400000,-7.200000
383,243.430246,544.421120,11.845628,23.332834,24.250000,0.917166
384,242.802305,4.812575,11.820228,2.193758,3.450000,1.256242
385,245.361466,1217.842768,11.880799,34.897604,-21.500000,13.397604
386,244.798584,30.340500,11.864117,5.508221,20.100000,14.591779
387,244.184544,9.621032,11.841239,3.101779,8.550000,11.651779
388,243.963555,159.324880,11.843273,12.622396,10.550000,-2.072396
389,243.435882,40.809369,11.829104,6.388221,14.650000,8.261779
390,244.231052,550.371600,11.859236,23.460000,20.000000,-3.460000
391,244.634297,400.286710,11.880290,20.007166,-29.000000,-8.992834
392,244.015579,4.571989,11.855181,2.138221,19.000000,16.861779
393,243.413960,9.985600,11.832829,3.160000,6.100000,9.260000
394,243.257129,182.250000,11.837104,13.500000,17.650000,4.150000
395,242.638945,1.546934,11.810011,1.243758,3.900000,2.656242
396,242.163463,56.250000,11.799016,7.500000,12.400000,4.900000
397,241.899915,138.589307,11.798948,11.772396,10.950000,-0.822396
398,241.629842,135.491194,11.798545,11.640068,21.100000,9.459932
399,244.707326,1457.235807,11.865317,38.173758,34.500000,-3.673758
400,245.778114,668.739600,11.900658,25.860000,21.600000,-4.260000
401,245.685498,209.009662,11.907097,14.457166,-5.900000,8.557166
402,249.829155,1894.860900,11.986552,43.530000,33.900000,-9.630000
403,249.209120,2.435273,11.960421,1.560536,7.300000,8.860536
404,248.589941,1.537430,11.933620,1.239932,9.600000,10.839932
405,247.970395,0.152100,11.904833,0.390000,15.100000,15.490000
406,251.754830,1769.313073,11.979854,42.063203,-16.500000,25.563203
407,251.289732,64.320400,11.970028,8.020000,7.400000,-0.620000
408,250.674467,2.722500,11.944483,1.650000,0.900000,2.550000
409,250.094433,15.760900,11.924793,3.970000,23.800000,27.770000
410,249.763396,115.693315,11.921915,10.756083,17.750000,6.993917
411,249.187098,15.210000,11.902205,3.900000,15.600000,11.700000
412,248.608464,13.104400,11.881905,3.620000,28.600000,32.220000
413,248.137471,55.972446,11.871146,7.481474,22.800000,30.281474
414,248.516201,403.416832,11.891181,20.085239,34.700000,14.614761
415,248.134373,91.584900,11.885533,9.570000,18.400000,27.970000
416,247.664242,54.440357,11.874593,7.378371,34.400000,27.021629
417,247.174565,45.427600,11.862161,6.740000,38.150000,31.410000
418,246.603829,10.890000,11.841479,3.300000,32.250000,28.950000
419,247.170573,481.802500,11.865837,21.950000,5.300000,27.250000
420,246.880650,126.562500,11.864357,11.250000,4.200000,-7.050000
421,247.962510,698.016400,11.899262,26.420000,34.100000,7.680000
422,247.652491,118.374400,11.896824,10.880000,-16.000000,-5.120000
423,247.388141,136.890000,11.896354,11.700000,15.200000,3.500000
424,253.802380,2941.368377,11.997159,54.234384,-44.000000,10.234384
425,258.878484,2390.842472,12.084805,48.896242,-45.000000,3.896242
426,258.284276,8.122500,12.062922,2.850000,-5.700000,-2.850000
427,257.791508,49.843600,12.051095,7.060000,35.750000,28.690000
428,259.794106,1106.892900,12.101139,33.270000,-6.050000,27.220000
429,259.243043,25.592483,12.084569,5.058901,0.400000,5.458901
430,258.645224,4.571989,12.061221,2.138221,7.900000,5.761779
431,258.280920,103.087538,12.056753,10.153203,18.400000,28.553203
432,257.749435,30.805148,12.041550,5.550239,34.700000,29.149761
433,257.151643,1.296588,12.016136,1.138678,24.850000,25.988678
434,256.554345,0.313600,11.989494,0.560000,33.300000,32.740000
435,256.135051,75.838831,11.981881,8.708549,37.650000,28.941451
436,257.482427,838.201148,12.021163,28.951704,0.250000,29.201704
437,257.008168,52.128400,12.010075,7.220000,34.100000,26.880000
438,256.845927,186.595600,12.013877,13.660000,33.700000,20.040000
439,256.282545,11.774854,11.994147,3.431451,28.200000,31.631451
440,255.695058,0.137976,11.967490,0.371451,29.000000,29.371451
441,255.248452,60.528400,11.957907,7.780000,34.050000,26.270000
442,254.781759,50.836900,11.946885,7.130000,35.600000,28.470000
443,254.461214,114.062400,11.943999,10.680000,32.950000,22.270000
444,253.918037,15.463307,11.925790,3.932341,35.750000,31.817659
445,253.901905,246.804100,11.934371,15.710000,40.150000,24.440000
446,254.027915,309.597992,11.947179,17.595397,-24.000000,-6.404603
447,254.170363,317.132739,11.960409,17.808221,19.000000,1.191779
448,253.965189,163.072900,11.962233,12.770000,23.050000,10.280000
449,254.439565,465.062517,11.983813,21.565308,29.300000,7.734692
450,254.478759,271.920100,11.993916,16.490000,20.200000,3.710000
451,253.909703,0.110778,11.967829,0.332834,-19.700000,-20.032834
452,256.408663,1373.443600,12.023838,37.060000,-36.600000,0.460000
453,255.922108,37.945600,12.010778,6.160000,13.650000,7.490000
454,256.433842,486.202500,12.033088,22.050000,6.900000,28.950000
455,255.900199,15.760900,12.015210,3.970000,15.400000,11.430000
456,256.168421,377.136400,12.031592,19.420000,26.900000,7.480000
457,256.854398,566.916100,12.057593,23.810000,13.700000,-10.110000
458,256.559538,122.988100,12.055462,11.090000,21.300000,10.210000
459,256.206318,95.844100,12.050482,9.790000,3.600000,13.390000
460,256.711663,486.643600,12.072433,22.060000,-0.600000,21.460000
461,257.763793,737.535457,12.105442,27.157604,-23.800000,3.357604
462,260.832013,1663.008400,12.168051,40.780000,-38.800000,1.980000
463,260.967283,322.920900,12.180691,17.970000,12.300000,-5.670000
464,260.410580,4.884100,12.159016,2.210000,2.550000,0.340000
465,259.882987,17.190002,12.141634,4.146083,23.050000,18.903917
466,259.846548,243.048100,12.149098,15.590000,32.550000,16.960000
467,259.325819,18.748900,12.132210,4.330000,35.250000,30.920000
468,258.774370,3.453811,12.110068,1.858443,33.600000,31.741557
469,258.271415,24.900100,12.094756,4.990000,33.750000,28.760000
470,257.814627,45.408047,12.083262,6.738549,36.000000,29.261451
471,257.276610,6.561030,12.062873,2.561451,29.450000,32.011451
472,256.887862,75.342400,12.055645,8.680000,36.400000,27.720000
473,256.367607,12.888100,12.037594,3.590000,33.550000,29.960000
474,255.848957,12.602500,12.019535,3.550000,29.250000,32.800000
475,255.502239,92.544400,12.014441,9.620000,12.900000,22.520000
476,255.778144,385.729600,12.030597,19.640000,23.800000,4.160000
477,255.518446,132.940900,12.029538,11.530000,21.350000,9.820000
478,258.555261,1694.968900,12.091016,41.170000,40.650000,-0.520000
479,258.413012,190.987059,12.094656,13.819807,13.350000,27.169807
480,259.974251,1001.562843,12.135733,31.647478,-22.500000,9.147478
481,260.419494,472.354763,12.155855,21.733724,1.800000,23.533724
482,260.076424,96.432400,12.150968,9.820000,22.900000,32.720000
483,259.651213,56.400100,12.141279,7.510000,31.850000,24.340000
484,259.115139,2.335690,12.119169,1.528296,23.300000,21.771704
485,258.635149,28.240249,12.105021,5.314156,12.650000,7.335844
486,258.111425,6.200100,12.085073,2.490000,34.600000,32.110000
487,257.588761,5.664400,12.064980,2.380000,31.500000,29.120000
488,257.346682,140.422500,12.064535,11.850000,34.200000,22.350000
489,256.936866,58.586097,12.055442,7.654156,31.900000,24.245844
490,256.408588,0.193600,12.031542,0.440000,32.350000,31.910000
491,255.882898,0.397737,12.008131,0.630664,8.400000,7.769336
492,255.440138,39.816100,11.996455,6.310000,29.250000,22.940000