# TEST CONFIGURATION BEGIN
# File Stream: filename: air_company_stock2.csv  -  n_targets: 1
# [air_company_stock2_ADE_HOMO_ABSTAIN_HATREE_SIZE_4] Pipeline: Array BaseStreamModel: base_models: [<skmultiflow.trees.regression_hoeffding_adaptive_tree.RegressionHAT object at 0x7f22d904ef98>, <skmultiflow.trees.regression_hoeffding_adaptive_tree.RegressionHAT object at 0x7f22d904e198>, <skmultiflow.trees.regression_hoeffding_adaptive_tree.RegressionHAT object at 0x7f22d904e5f8>, <skmultiflow.trees.regression_hoeffding_adaptive_tree.RegressionHAT object at 0x7f22d904ef60>]
 Array BaseStreamModel: base_models: [<skmultiflow.trees.regression_hoeffding_adaptive_tree.RegressionHAT object at 0x7f22d904ef98>, <skmultiflow.trees.regression_hoeffding_adaptive_tree.RegressionHAT object at 0x7f22d904e198>, <skmultiflow.trees.regression_hoeffding_adaptive_tree.RegressionHAT object at 0x7f22d904e5f8>, <skmultiflow.trees.regression_hoeffding_adaptive_tree.RegressionHAT object at 0x7f22d904ef60>]
# Prequential Evaluator: n_wait: 1 - max_samples: 600000 - max_time: 10000000 - output_file: air_company_stock2_ADE_HOMO_ABSTAIN_HATREE_SIZE_4_SIZE_4 - batch_size: 1 - pretrain_size: 5 - task_type: regression - show_plot: False - metrics: ['mean_square_error', 'mean_absolute_error', 'true_vs_predicted']
# TEST CONFIGURATION END
id,global_mse_[air_company_stock2_ADE_HOMO_ABSTAIN_HATREE_SIZE_4],sliding_mse_[air_company_stock2_ADE_HOMO_ABSTAIN_HATREE_SIZE_4],global_mae_[air_company_stock2_ADE_HOMO_ABSTAIN_HATREE_SIZE_4],sliding_mae_[air_company_stock2_ADE_HOMO_ABSTAIN_HATREE_SIZE_4],true_value_[air_company_stock2_ADE_HOMO_ABSTAIN_HATREE_SIZE_4],predicted_value_[air_company_stock2_ADE_HOMO_ABSTAIN_HATREE_SIZE_4]
5,0.049005,0.049005,0.221370,0.221370,1.250000,1.471370
6,0.024599,0.000193,0.117624,0.013877,0.375000,0.361123
7,0.190930,0.523594,0.319615,0.723598,0.625000,-0.098598
8,0.177292,0.136376,0.332034,0.369292,0.500000,0.869292
9,0.228568,0.433670,0.397335,0.658537,0.000000,0.658537
10,0.599192,2.452313,0.592110,1.565986,-0.250000,1.315986
11,0.952280,3.070811,0.757862,1.752373,-0.625000,1.127373
12,0.900363,0.536942,0.754724,0.732763,-0.375000,0.357763
13,0.824208,0.214965,0.722382,0.463643,0.250000,0.713643
14,0.761412,0.196250,0.694444,0.443001,-0.625000,-0.181999
15,0.702645,0.114971,0.662138,0.339074,0.375000,0.035926
16,0.648163,0.048865,0.625381,0.221053,0.250000,0.028947
17,0.616392,0.235146,0.614576,0.484918,0.625000,0.140082
18,0.864873,4.095125,0.715223,2.023642,-1.000000,1.023642
19,0.950845,2.154455,0.765396,1.467806,0.375000,1.842806
20,0.893282,0.029827,0.728352,0.172706,0.250000,0.422706
21,0.872523,0.540391,0.728750,0.735113,0.125000,0.860113
22,0.824530,0.008649,0.693431,0.093000,-0.500000,-0.407000
23,0.906512,2.382188,0.738168,1.543434,-0.375000,1.168434
24,0.901515,0.806569,0.746164,0.898092,0.000000,-0.898092
25,0.878180,0.411479,0.741178,0.641466,0.250000,0.891466
26,0.840368,0.046311,0.717270,0.215200,0.250000,0.034800
27,0.812059,0.189262,0.704999,0.435043,0.125000,0.560043
28,0.785401,0.172273,0.692919,0.415058,0.500000,0.084942
29,0.756435,0.061236,0.675100,0.247459,0.500000,0.252541
30,0.732815,0.142318,0.663644,0.377251,0.625000,1.002251
31,0.724694,0.513541,0.665606,0.716618,-0.500000,0.216618
32,0.730483,0.886805,0.675467,0.941703,-0.875000,0.066703
33,0.712897,0.220468,0.668366,0.469540,-0.125000,0.344540
34,0.703058,0.417753,0.667632,0.646338,0.000000,0.646338
35,0.692453,0.374284,0.665830,0.611788,0.750000,0.138212
36,0.673787,0.095163,0.654663,0.308485,0.250000,0.558485
37,0.686104,1.080217,0.666320,1.039335,1.000000,-0.039335
38,0.667752,0.062145,0.654054,0.249289,0.750000,0.500711
39,0.648941,0.009372,0.638133,0.096808,1.375000,1.278192
40,0.643443,0.451030,0.639062,0.671588,1.000000,1.671588
41,0.660634,1.279484,0.652362,1.131143,0.375000,1.506143
42,0.698910,2.115114,0.673467,1.454343,-0.750000,0.704343
43,0.977273,11.555097,0.743359,3.399279,-1.625000,1.774279
44,1.179923,9.083249,0.800121,3.013843,-1.250000,1.763843
45,1.174684,0.965124,0.804567,0.982407,0.125000,1.107407
46,1.202928,2.360956,0.821995,1.536540,-0.750000,0.786540
47,1.180708,0.247450,0.814448,0.497444,-0.875000,-0.377556
48,1.167684,0.607656,0.813654,0.779523,-0.375000,0.404523
49,1.159232,0.787362,0.815291,0.887334,-0.625000,0.262334
50,1.215957,3.768567,0.839769,1.941280,0.125000,2.066280
51,1.371558,8.529199,0.884040,2.920479,1.625000,4.545479
52,1.346529,0.170153,0.874216,0.412496,0.500000,0.912496
53,1.319049,0.000017,0.856458,0.004064,0.875000,0.870936
54,1.432175,6.975360,0.892150,2.641091,-0.875000,1.766091
55,1.472967,3.512588,0.911406,1.874190,-0.125000,1.749190
56,1.485677,2.133872,0.921971,1.460778,0.375000,1.835778
57,1.469546,0.630750,0.919560,0.794198,-0.750000,0.044198
58,1.461422,1.030836,0.921333,1.015301,-0.500000,-1.515301
59,1.444329,0.521323,0.917709,0.722027,-0.125000,0.597027
60,1.420420,0.105419,0.907119,0.324683,0.000000,0.324683
61,1.442995,2.707173,0.920071,1.645349,0.125000,1.770349
62,1.458787,2.358942,0.930688,1.535885,-0.625000,0.910885
63,1.455641,1.273173,0.934039,1.128349,1.250000,0.121651
64,1.439914,0.511985,0.930397,0.715531,0.250000,0.965531
65,1.421192,0.297906,0.924092,0.545808,0.250000,-0.295808
66,1.402397,0.255884,0.917346,0.505850,0.000000,0.505850
67,1.389008,0.558914,0.914652,0.747606,0.000000,0.747606
68,1.376706,0.601652,0.912480,0.775662,0.125000,-0.650662
69,1.357153,0.105785,0.903446,0.325246,0.375000,0.700246
70,1.372377,2.361920,0.913043,1.536854,1.375000,-0.161854
71,1.395026,2.889843,0.924788,1.699954,-1.375000,0.324954
72,1.375915,0.095498,0.915733,0.309028,0.125000,0.434028
73,1.382687,1.843205,0.922137,1.357647,-0.375000,0.982647
74,1.374004,0.774847,0.921539,0.880254,0.125000,1.005254
75,1.361796,0.507262,0.918591,0.712223,0.250000,-0.462223
76,1.396459,3.857535,0.933111,1.964061,-0.750000,1.214061
77,1.378885,0.113560,0.924945,0.336987,-1.000000,-1.336987
78,1.362830,0.190822,0.918349,0.436832,0.750000,1.186832
79,1.346143,0.111272,0.910552,0.333574,0.625000,0.291426
80,1.386228,4.392601,0.926148,2.095853,-0.750000,1.345853
81,1.443998,5.834553,0.945490,2.415482,-1.125000,1.290482
82,1.429023,0.275912,0.940103,0.525273,0.375000,-0.150273
83,1.415352,0.349014,0.935681,0.590774,1.000000,0.409226
84,1.426251,2.287301,0.942889,1.512382,-0.625000,0.887382
85,1.410638,0.161580,0.936211,0.401971,-0.250000,-0.651971
86,1.395634,0.180279,0.929972,0.424593,0.000000,0.424593
87,1.378836,0.001424,0.919222,0.037736,-0.625000,-0.662736
88,1.362773,0.029578,0.910327,0.171981,0.000000,0.171981
89,1.349875,0.266390,0.905689,0.516129,1.125000,0.608871
90,1.334711,0.045769,0.897645,0.213938,-0.875000,-0.661062
91,1.320460,0.094921,0.890869,0.308092,-0.375000,-0.066908
92,1.313450,0.703525,0.890277,0.838764,-0.125000,0.713764
93,1.300578,0.167890,0.884878,0.409744,0.625000,1.034744
94,1.297436,1.017766,0.886255,1.008844,-0.625000,0.383844
95,1.292229,0.823608,0.886489,0.907529,1.250000,0.342471
96,1.281696,0.323245,0.883033,0.568546,0.500000,-0.068546
97,1.269767,0.172219,0.878000,0.414993,0.000000,0.414993
98,1.258792,0.238203,0.873852,0.488060,-0.250000,0.238060
99,1.246012,0.044601,0.866876,0.211190,0.750000,0.961190
100,1.233302,0.025933,0.859524,0.161038,0.250000,0.088962
101,1.227709,0.690713,0.859231,0.831091,-0.250000,0.581091
102,1.215229,0.004651,0.851159,0.068201,0.250000,0.318201
103,1.232025,2.878105,0.859698,1.696498,-1.250000,0.446498
104,1.220981,0.127553,0.854672,0.357146,0.500000,0.142854
105,1.210989,0.211804,0.850767,0.460222,0.250000,0.710222
106,1.221195,2.252059,0.857139,1.500686,-1.125000,0.375686
107,1.209424,0.008790,0.849727,0.093753,-0.500000,-0.593753
108,1.198120,0.033788,0.843324,0.183815,0.500000,0.683815
109,1.189631,0.306761,0.840567,0.553860,0.000000,-0.553860
110,1.195812,1.844852,0.845451,1.358253,-0.875000,0.483253
111,1.188145,0.375456,0.843276,0.612745,0.250000,-0.362745
112,1.177968,0.088957,0.838230,0.298256,0.000000,-0.298256
113,1.172277,0.557721,0.837391,0.746807,-0.250000,0.496807
114,1.163268,0.181208,0.833648,0.425685,0.000000,-0.425685
115,1.153365,0.064057,0.828418,0.253096,0.000000,0.253096
116,1.154668,1.299288,0.831199,1.139863,0.250000,-0.889863
117,1.147617,0.357936,0.829138,0.598278,0.250000,-0.348278
118,1.141573,0.458565,0.827805,0.677174,-0.625000,0.052174
119,1.135700,0.466242,0.826544,0.682820,0.375000,-0.307820
120,1.128151,0.259942,0.823814,0.509845,0.375000,-0.134845
121,1.118769,0.030494,0.818265,0.174625,0.375000,0.200375
122,1.116668,0.870826,0.819239,0.933181,-0.500000,0.433181
123,1.107953,0.079563,0.814725,0.282070,0.000000,0.282070
124,1.105583,0.823546,0.815498,0.907494,0.625000,-0.282494
125,1.100332,0.470214,0.814426,0.685722,-0.125000,0.560722
126,1.091541,0.027827,0.809117,0.166813,-0.375000,-0.208187
127,1.086656,0.490702,0.808234,0.700502,-0.375000,0.325502
128,1.078023,0.016182,0.802742,0.127209,0.000000,-0.127209
129,1.070732,0.166661,0.799586,0.408241,-0.875000,-0.466759
130,1.062471,0.029837,0.794611,0.172733,0.125000,-0.047733
131,1.057407,0.419352,0.793453,0.647574,0.625000,-0.022574
132,1.050906,0.225252,0.790962,0.474608,0.125000,-0.349608
133,1.051079,1.073248,0.792862,1.035977,0.125000,-0.910977
134,1.045559,0.333534,0.791205,0.577524,-0.250000,0.327524
135,1.037604,0.003428,0.785612,0.058548,-0.375000,-0.316452
136,1.029777,0.004417,0.780164,0.066458,0.000000,-0.066458
137,1.024044,0.267334,0.778186,0.517043,-0.750000,-0.232957
138,1.017062,0.088373,0.774597,0.297276,-0.625000,-0.922276
139,1.010450,0.124518,0.771473,0.352872,-0.250000,0.102872
140,1.007422,0.598550,0.771489,0.773660,0.125000,-0.648660
141,1.000073,0.000669,0.766047,0.025864,-0.500000,-0.525864
142,0.994216,0.191775,0.763669,0.437921,-0.625000,-0.187079
143,0.987833,0.106976,0.760528,0.327072,-0.375000,-0.702072
144,0.987411,0.928790,0.761979,0.963738,0.750000,-0.213738
145,0.982267,0.262082,0.760206,0.511940,-0.375000,-0.886940
146,0.986143,1.532683,0.763571,1.238016,-0.125000,-1.363016
147,0.979287,0.005795,0.758764,0.076122,-0.375000,-0.451122
148,0.973619,0.162970,0.756298,0.403695,-0.250000,-0.653695
149,0.977990,1.607489,0.759826,1.267868,0.500000,-0.767868
150,0.971461,0.024753,0.755699,0.157330,0.000000,-0.157330
151,0.976782,1.753689,0.759567,1.324269,0.125000,-1.199269
152,0.970338,0.023022,0.755460,0.151729,0.000000,0.151729
153,0.966706,0.429228,0.754787,0.655155,-0.500000,0.155155
154,0.960382,0.018049,0.750651,0.134348,0.250000,0.115652
155,0.958497,0.675784,0.751124,0.822061,0.250000,1.072061
156,0.993538,6.284625,0.762675,2.506915,2.000000,-0.506915
157,0.987296,0.038507,0.758973,0.196233,-0.375000,-0.571233
158,0.986818,0.913674,0.760251,0.955863,0.125000,-0.830863
159,0.986510,0.939085,0.761598,0.969064,0.000000,0.969064
160,0.987587,1.154567,0.763604,1.074508,0.000000,1.074508
161,0.981443,0.023077,0.759708,0.151911,-0.250000,-0.098089
162,0.978154,0.461746,0.759200,0.679519,0.125000,0.804519
163,0.973174,0.186331,0.757140,0.431661,0.000000,-0.431661
164,0.968041,0.151882,0.754844,0.389721,-0.375000,0.014721
165,0.962032,0.000611,0.750309,0.024727,0.250000,0.225273
166,0.966189,1.635454,0.753572,1.278849,-0.500000,0.778849
167,0.962310,0.333878,0.752494,0.577822,-0.125000,0.452822
168,0.956683,0.039496,0.749117,0.198737,0.125000,-0.073737
169,0.951116,0.038197,0.745761,0.195440,0.000000,0.195440
170,0.945473,0.014256,0.741988,0.119398,-0.375000,-0.255602
171,0.943302,0.582983,0.742117,0.763533,-0.250000,0.513533
172,0.939315,0.273497,0.740813,0.522970,0.125000,-0.397970
173,0.933946,0.031985,0.737487,0.178844,0.000000,0.178844
174,0.928531,0.013329,0.733828,0.115452,-0.250000,-0.134548
175,0.925853,0.470570,0.733549,0.685981,0.500000,-0.185981
176,0.921380,0.156591,0.731584,0.395716,0.125000,-0.270716
177,0.916938,0.152849,0.729615,0.390959,-0.125000,-0.515959
178,0.911979,0.054121,0.726759,0.232638,0.125000,-0.107638
179,0.906879,0.019370,0.723402,0.139175,-0.250000,-0.110825
180,0.908400,1.174567,0.725449,1.083775,0.375000,-0.708775
181,0.904615,0.238488,0.724110,0.488352,0.375000,-0.113352
182,0.899597,0.011394,0.720641,0.106743,0.500000,0.393257
183,0.901085,1.165906,0.722648,1.079771,-0.875000,0.204771
184,0.896137,0.010517,0.719203,0.102553,0.000000,0.102553
185,0.891998,0.146984,0.717347,0.383386,0.000000,0.383386
186,0.887225,0.023330,0.714245,0.152740,0.500000,0.347260
187,0.882474,0.017748,0.711070,0.133222,0.125000,-0.008222
188,0.878021,0.063090,0.708571,0.251177,-0.125000,0.126177
189,0.877827,0.842115,0.709701,0.917668,0.500000,-0.417668
190,0.878462,0.995981,0.711251,0.997988,1.625000,0.627012
191,0.887172,2.507234,0.715915,1.583425,-0.500000,1.083425
192,0.882807,0.066547,0.713479,0.257967,-0.250000,0.007967
193,0.883239,0.964539,0.714900,0.982109,0.000000,0.982109
194,0.883560,0.944277,0.716252,0.971739,-0.625000,0.346739
195,0.880702,0.337498,0.715544,0.580946,0.875000,0.294054
196,0.876420,0.058739,0.713079,0.242362,0.625000,0.867362
197,0.881482,1.853338,0.716438,1.361374,0.750000,-0.611374
198,0.877002,0.012307,0.713317,0.110938,0.000000,0.110938
199,0.873650,0.223392,0.712083,0.472644,-0.250000,0.222644
200,0.880878,2.290271,0.716171,1.513364,-0.875000,0.638364
201,0.883311,1.360144,0.718456,1.166252,-0.500000,0.666252
202,0.879655,0.159412,0.716844,0.399265,0.125000,-0.274265
203,0.878448,0.639529,0.717260,0.799706,-0.625000,0.174706
204,0.874900,0.168787,0.715728,0.410837,0.000000,-0.410837
205,0.873994,0.692908,0.716308,0.832411,-1.000000,-0.167589
206,0.871675,0.405601,0.715915,0.636868,0.125000,-0.511868
207,0.867386,0.001032,0.712547,0.032129,-0.250000,-0.217871
208,0.866482,0.682829,0.713105,0.826335,-0.750000,0.076335
209,0.862564,0.063437,0.710855,0.251868,-0.375000,-0.626868
210,0.859660,0.264271,0.709899,0.514073,0.250000,0.764073
211,0.859163,0.756698,0.710672,0.869884,0.125000,-0.744884
212,0.855058,0.005323,0.707606,0.072960,0.250000,0.177040
213,0.852286,0.275752,0.706733,0.525121,-0.375000,0.150121
214,0.848233,0.001083,0.703525,0.032913,0.000000,-0.032913
215,0.845135,0.194576,0.702281,0.441108,0.000000,0.441108
216,0.841300,0.032227,0.699815,0.179519,-0.125000,0.054519
217,0.837527,0.037565,0.697439,0.193818,0.500000,0.306182
218,0.836070,0.525872,0.697569,0.725170,-0.625000,0.100170
219,0.832183,0.000336,0.694410,0.018334,-0.500000,-0.518334
220,0.829347,0.219524,0.693364,0.468534,0.750000,0.281466
221,0.826131,0.131523,0.691840,0.362661,0.750000,0.387339
222,0.823697,0.295435,0.691160,0.543539,-0.750000,-0.206461
223,0.820324,0.085086,0.689336,0.291695,-0.125000,0.166695
224,0.816781,0.040878,0.687121,0.202184,0.375000,0.172816
225,0.814036,0.210084,0.686086,0.458349,0.000000,0.458349
226,0.810500,0.028954,0.683762,0.170158,0.250000,0.079842
227,0.807200,0.074765,0.681922,0.273433,-0.125000,0.148433
228,0.805696,0.470147,0.681939,0.685673,0.500000,-0.185673
229,0.802198,0.018827,0.679518,0.137211,0.000000,0.137211
230,0.799623,0.220065,0.678587,0.469110,-0.125000,0.344110
231,0.796458,0.081163,0.676853,0.284890,-0.125000,0.159890
232,0.794783,0.414585,0.676708,0.643883,-0.250000,0.393883
233,0.793084,0.405705,0.676534,0.636950,0.250000,-0.386950
234,0.789737,0.023371,0.674258,0.152875,0.125000,0.277875
235,0.786439,0.027987,0.672063,0.167293,-0.125000,-0.292293
236,0.783168,0.027407,0.669880,0.165551,-0.500000,-0.334449
237,0.780369,0.131167,0.668559,0.362169,0.125000,-0.237169
238,0.779440,0.562776,0.668908,0.750184,0.375000,-0.375184
239,0.776128,0.001262,0.666213,0.035520,-0.125000,-0.160520
240,0.776453,0.852804,0.667303,0.923474,0.250000,-0.673474
241,0.773376,0.047114,0.665403,0.217059,0.000000,-0.217059
242,0.771348,0.290728,0.664873,0.539192,0.000000,-0.539192
243,0.775124,1.673924,0.667504,1.293802,1.125000,-0.168802
244,0.774950,0.733313,0.668291,0.856337,-0.375000,0.481337
245,0.771835,0.024113,0.666162,0.155285,-0.250000,-0.405285
246,0.781827,3.190099,0.670790,1.786085,-1.125000,0.661085
247,0.779653,0.253456,0.670101,0.503444,0.625000,0.121556
248,0.776618,0.039171,0.668166,0.197917,0.500000,0.697917
249,0.775005,0.381291,0.667959,0.617487,-0.250000,0.367487
250,0.773908,0.505114,0.668133,0.710714,0.125000,-0.585714
251,0.773606,0.699344,0.668814,0.836268,0.000000,0.836268
252,0.770704,0.054101,0.667055,0.232596,-0.375000,-0.142404
253,0.770646,0.756055,0.667868,0.869514,-0.625000,0.244514
254,0.767783,0.054904,0.666134,0.234315,0.000000,0.234315
255,0.764724,0.000004,0.663488,0.002054,-0.125000,-0.127054
256,0.762249,0.141001,0.662345,0.375501,-0.250000,0.125501
257,0.765662,1.625845,0.664767,1.275086,1.000000,-0.275086
258,0.763204,0.141260,0.663630,0.375846,0.375000,0.750846
259,0.760992,0.199154,0.662777,0.446267,0.000000,-0.446267
260,0.763606,1.430130,0.664860,1.195881,-1.250000,-0.054119
261,0.764861,1.086262,0.666328,1.042239,1.000000,-0.042239
262,0.762782,0.228408,0.665598,0.477920,-0.125000,0.352920
263,0.759967,0.033756,0.663737,0.183729,0.125000,-0.058729
264,0.758734,0.439303,0.663734,0.662800,0.500000,-0.162800
265,0.756844,0.265579,0.663165,0.515343,0.000000,0.515343
266,0.754063,0.028047,0.661273,0.167472,-0.750000,-0.582528
267,0.754038,0.747625,0.662047,0.864653,-0.625000,0.239653
268,0.751227,0.011837,0.659951,0.108796,0.250000,0.141204
269,0.750062,0.442543,0.659971,0.665239,-0.500000,0.165239
270,0.747362,0.031963,0.658162,0.178782,-0.125000,0.053782
271,0.748152,0.958125,0.659363,0.978839,0.750000,-0.228839
272,0.745422,0.016709,0.657385,0.129265,0.125000,0.254265
273,0.745426,0.746268,0.658153,0.863868,0.250000,-0.613868
274,0.743503,0.226404,0.657477,0.475819,-0.250000,0.225819
275,0.740762,0.000686,0.655148,0.026190,0.000000,-0.026190
276,0.739042,0.272730,0.654659,0.522236,-0.375000,0.147236
277,0.737113,0.212505,0.653950,0.460983,0.500000,0.039017
278,0.735466,0.285981,0.653515,0.534772,0.000000,0.534772
279,0.734165,0.377646,0.653373,0.614529,-0.375000,0.239529
280,0.733172,0.460052,0.653463,0.678271,0.500000,-0.178271
281,0.731605,0.299103,0.653078,0.546903,-0.125000,0.421903
282,0.728973,0.000000,0.650731,0.000460,0.000000,-0.000460
283,0.726579,0.060879,0.649283,0.246737,0.125000,0.371737
284,0.741504,4.905715,0.654874,2.214885,2.375000,0.160115
285,0.740258,0.391231,0.654770,0.625484,-0.375000,0.250484
286,0.738139,0.142820,0.653788,0.377916,-0.125000,-0.502916
287,0.735598,0.018934,0.651964,0.137600,0.250000,0.387600
288,0.735108,0.596452,0.652388,0.772303,0.000000,0.772303
289,0.735150,0.747013,0.653131,0.864299,0.500000,-0.364299
290,0.732665,0.024577,0.651396,0.156771,0.500000,0.656771
291,0.730177,0.018451,0.649599,0.135835,-0.625000,-0.489165
292,0.727860,0.062971,0.648215,0.250939,-0.250000,0.000939
293,0.725630,0.083520,0.646972,0.288998,0.250000,0.538998
294,0.723302,0.050335,0.645515,0.224355,0.375000,0.599355
295,0.723031,0.644659,0.646056,0.802906,-0.250000,0.552906
296,0.721239,0.199752,0.645374,0.446936,0.125000,-0.321936
297,0.720309,0.448582,0.645457,0.669763,0.375000,-0.294763
298,0.718266,0.119779,0.644439,0.346091,-0.375000,-0.028909
299,0.716191,0.106198,0.643359,0.325880,0.125000,-0.200880
300,0.714163,0.115717,0.642335,0.340172,0.500000,0.159828
301,0.712069,0.092443,0.641196,0.304045,0.000000,-0.304045
302,0.709732,0.015538,0.639462,0.124651,-0.375000,-0.250349
303,0.708270,0.272512,0.639070,0.522027,-0.375000,0.147027
304,0.705911,0.000684,0.637026,0.026147,-0.250000,-0.223853
305,0.703713,0.044373,0.635610,0.210649,0.500000,0.289351
306,0.701409,0.007821,0.633798,0.088434,0.250000,0.161566
307,0.701400,0.698588,0.634465,0.835816,0.500000,-0.335816
308,0.699497,0.123010,0.633531,0.350728,0.500000,0.149272
309,0.698530,0.404447,0.633539,0.635961,-0.625000,0.010961
310,0.697724,0.451877,0.633666,0.672218,0.625000,-0.047218
311,0.696878,0.438052,0.633758,0.661855,0.125000,0.786855
312,0.697996,1.041100,0.635013,1.020343,0.875000,-0.145343
313,0.695801,0.019907,0.633414,0.141092,0.375000,0.233908
314,0.693586,0.009030,0.631678,0.095027,0.125000,0.220027
315,0.691941,0.182078,0.631019,0.426706,0.375000,-0.051706
316,0.697333,2.374163,0.633935,1.540832,-0.500000,1.040832
317,0.695423,0.099668,0.632918,0.315702,0.250000,-0.065702
318,0.695482,0.713950,0.633593,0.844956,-0.250000,0.594956
319,0.693951,0.213097,0.633047,0.461625,-0.125000,0.336625
320,0.692148,0.124368,0.632160,0.352658,-0.375000,-0.022342
321,0.690683,0.227651,0.631671,0.477128,0.875000,0.397872
322,0.688576,0.020699,0.630137,0.143871,0.125000,-0.018871
323,0.687118,0.223269,0.629643,0.472513,-0.250000,0.222513
324,0.685789,0.262020,0.629275,0.511879,-0.625000,-0.113121
325,0.684544,0.286218,0.628981,0.534994,0.875000,0.340006
326,0.682533,0.036949,0.627625,0.192220,0.125000,-0.067220
327,0.681549,0.364694,0.627551,0.603899,-0.625000,-0.021101
328,0.679463,0.005539,0.625844,0.074426,-0.125000,-0.050574
329,0.677671,0.097226,0.624878,0.311811,0.000000,0.311811
330,0.676478,0.288606,0.624609,0.537220,0.250000,-0.287220
331,0.674568,0.051972,0.623396,0.227974,0.000000,0.227974
332,0.672731,0.071937,0.622313,0.268211,0.250000,-0.018211
333,0.671214,0.173658,0.621688,0.416723,0.250000,-0.166723
334,0.669430,0.082719,0.620676,0.287608,0.250000,-0.037608
335,0.667472,0.021211,0.619241,0.145639,0.500000,0.354361
336,0.666549,0.361114,0.619185,0.600928,0.000000,0.600928
337,0.664574,0.008917,0.617610,0.094432,0.000000,-0.094432
338,0.662588,0.001148,0.615862,0.033877,0.250000,0.283877
339,0.660623,0.004336,0.614220,0.065845,0.250000,0.184155
340,0.659460,0.269879,0.613938,0.519499,0.250000,-0.269499
341,0.660745,1.092595,0.615218,1.045273,-0.875000,0.170273
342,0.658865,0.025147,0.613867,0.158579,-0.250000,-0.091421
343,0.656925,0.001350,0.612165,0.036741,0.125000,0.161741
344,0.656218,0.416526,0.612262,0.645389,0.750000,0.104611
345,0.657514,1.098008,0.613540,1.047859,-1.125000,-0.077141
346,0.655645,0.018372,0.612142,0.135544,-0.125000,0.010544
347,0.654307,0.196645,0.611650,0.443446,0.625000,0.181554
348,0.652539,0.046030,0.610496,0.214547,0.375000,0.589547
349,0.650648,0.000276,0.608775,0.016619,0.000000,-0.016619
350,0.650414,0.569543,0.609196,0.754681,-0.375000,0.379681
351,0.649207,0.231831,0.608828,0.481488,-0.500000,-0.018512
352,0.647551,0.072827,0.607854,0.269865,-0.125000,0.144865
353,0.647199,0.524611,0.608188,0.724300,-0.250000,0.474300
354,0.646469,0.391645,0.608238,0.625815,0.500000,-0.125815
355,0.644629,0.000624,0.606576,0.024970,0.250000,0.274970
356,0.643774,0.343686,0.606519,0.586247,0.125000,-0.461247
357,0.642029,0.027860,0.605273,0.166913,0.000000,-0.166913
358,0.641331,0.394910,0.605339,0.628418,-0.500000,0.128418
359,0.641796,0.806566,0.606163,0.898090,0.375000,-0.523090
360,0.640425,0.153758,0.605562,0.392120,0.375000,-0.017120
361,0.640212,0.564375,0.605970,0.751249,0.250000,-0.501249
362,0.638744,0.114658,0.605223,0.338611,-0.125000,-0.463611
363,0.636967,0.000505,0.603600,0.022481,-0.125000,-0.147481
364,0.636524,0.477559,0.603843,0.691057,0.375000,-0.316057
365,0.634865,0.037807,0.602709,0.194439,0.375000,0.180561
366,0.633189,0.028104,0.601507,0.167642,-0.250000,-0.082358
367,0.631506,0.022331,0.600262,0.149437,0.125000,-0.024437
368,0.630073,0.109640,0.599522,0.331119,0.500000,0.168881
369,0.628474,0.046574,0.598471,0.215811,0.750000,0.534189
370,0.628272,0.554717,0.598871,0.744793,0.000000,0.744793
371,0.627147,0.215282,0.598503,0.463985,0.500000,0.036015
372,0.627081,0.602922,0.598987,0.776481,-0.375000,0.401481
373,0.625383,0.000468,0.597422,0.021622,0.125000,0.103378
374,0.624284,0.218817,0.597072,0.467779,0.000000,0.467779
375,0.622666,0.023713,0.595878,0.153991,0.125000,0.278991
376,0.622214,0.454824,0.596089,0.674406,-0.750000,-0.075594
377,0.621948,0.522856,0.596429,0.723088,-0.625000,0.098088
378,0.620805,0.194484,0.596014,0.441004,-0.500000,-0.058996
379,0.620570,0.532831,0.596371,0.729953,-0.625000,0.104953
380,0.618962,0.015966,0.595121,0.126355,-0.125000,-0.251355
381,0.617521,0.075668,0.594272,0.275078,-0.375000,-0.099922
382,0.616127,0.090638,0.593496,0.301062,0.000000,-0.301062
383,0.614723,0.083817,0.592694,0.289511,0.250000,-0.039511
384,0.616354,1.234550,0.594058,1.111103,1.000000,-0.111103
385,0.616502,0.672856,0.594652,0.820278,0.375000,-0.445278
386,0.614892,0.001335,0.593191,0.036540,-0.125000,-0.161540
387,0.613373,0.032936,0.592116,0.181482,-0.500000,-0.318518
388,0.611783,0.002941,0.590715,0.054231,-0.375000,-0.429231
389,0.611342,0.441946,0.590908,0.664790,0.500000,-0.164790
390,0.609813,0.021242,0.589755,0.145747,0.125000,-0.020747
391,0.608292,0.021031,0.588605,0.145020,-0.625000,-0.479980
392,0.612431,2.214427,0.590924,1.488095,1.125000,-0.363095
393,0.616213,2.083698,0.593115,1.443502,-0.875000,0.568502
394,0.615010,0.147073,0.592578,0.383501,0.375000,-0.008501
395,0.613640,0.079267,0.591782,0.281545,0.250000,0.531545
396,0.612824,0.293861,0.591656,0.542089,0.625000,0.082911
397,0.611405,0.055029,0.590747,0.234583,-0.125000,0.109583
398,0.610903,0.413633,0.590880,0.643143,0.000000,0.643143
399,0.618951,3.789996,0.594313,1.946791,-1.500000,0.446791
400,0.617883,0.195816,0.593929,0.442511,-0.125000,0.317511
401,0.617797,0.583696,0.594358,0.764000,-0.125000,0.639000
402,0.616650,0.161185,0.593873,0.401479,0.250000,-0.151479
403,0.615340,0.093943,0.593153,0.306502,-0.125000,0.181502
404,0.614375,0.229732,0.592868,0.479303,0.500000,0.020697
405,0.613186,0.137575,0.592315,0.370911,0.000000,0.370911
406,0.612140,0.192471,0.591933,0.438715,0.000000,0.438715
407,0.610714,0.037401,0.590944,0.193394,0.000000,0.193394
408,0.609217,0.005872,0.589671,0.076628,0.250000,0.326628
409,0.609237,0.617371,0.590155,0.785730,-0.500000,0.285730
410,0.607806,0.028323,0.589116,0.168295,-0.250000,-0.081705
411,0.606322,0.003687,0.587818,0.060724,0.500000,0.560724
412,0.606582,0.712509,0.588446,0.844102,-1.000000,-0.155898
413,0.605139,0.016648,0.587322,0.129027,-0.125000,-0.254027
414,0.603700,0.014815,0.586187,0.121717,0.375000,0.253283
415,0.602262,0.012633,0.585034,0.112398,-0.125000,-0.012602
416,0.600944,0.059420,0.584206,0.243763,-0.500000,-0.256237
417,0.599993,0.208158,0.583896,0.456243,0.750000,0.293757
418,0.598546,0.000996,0.582562,0.031556,0.000000,-0.031556
419,0.597630,0.218347,0.582284,0.467277,-0.375000,0.092277
420,0.596625,0.179576,0.581903,0.423764,0.375000,-0.048764
421,0.595936,0.309246,0.581841,0.556099,0.000000,0.556099
422,0.594993,0.201691,0.581523,0.449100,0.250000,-0.199100
423,0.594291,0.300868,0.581445,0.548514,-0.500000,0.048514
424,0.592876,0.000105,0.580085,0.010259,0.125000,0.135259
425,0.591473,0.002034,0.578814,0.045096,0.250000,0.204904
426,0.590219,0.062313,0.578034,0.249626,0.500000,0.250374
427,0.588986,0.068861,0.577288,0.262413,0.125000,-0.137413
428,0.587708,0.047128,0.576438,0.217091,0.125000,0.342091
429,0.587148,0.349782,0.576473,0.591424,0.375000,-0.216424
430,0.585779,0.003955,0.575268,0.062887,0.125000,0.187887
431,0.584410,0.000993,0.573994,0.031520,0.250000,0.218480
432,0.583240,0.083630,0.573329,0.289188,-0.250000,0.039188
433,0.582547,0.286127,0.573239,0.534909,-0.500000,0.034909
434,0.581238,0.019817,0.572234,0.140775,0.125000,-0.015775
435,0.579954,0.027813,0.571293,0.166773,0.375000,0.208227
436,0.578784,0.074355,0.570602,0.272681,0.125000,-0.147681
437,0.604904,11.888552,0.577247,3.447978,-3.375000,0.072978
438,0.611592,3.507747,0.580232,1.872898,-1.500000,0.372898
439,0.610248,0.026889,0.579275,0.163978,0.375000,0.538978
440,0.608913,0.028057,0.578331,0.167502,0.500000,0.332498
441,0.608913,0.609109,0.578793,0.780454,0.000000,-0.780454
442,0.607752,0.100452,0.578196,0.316941,0.000000,0.316941
443,0.606639,0.119034,0.577664,0.345013,-0.625000,-0.279987
444,0.608306,1.340218,0.578983,1.157678,-0.625000,0.532678
445,0.608378,0.639872,0.579484,0.799920,-0.500000,0.299920
446,0.607290,0.127314,0.578980,0.356811,-0.625000,-0.268189
447,0.606105,0.082645,0.578322,0.287481,-0.250000,0.037481
448,0.605493,0.334342,0.578322,0.578224,0.000000,-0.578224
449,0.604147,0.006392,0.577202,0.079952,0.250000,0.170048
450,0.603308,0.229878,0.576983,0.479456,0.500000,0.020544
451,0.602064,0.047335,0.576178,0.217565,-0.750000,-0.532435
452,0.603426,1.212425,0.577350,1.101102,0.500000,-0.601102
453,0.603156,0.481868,0.577610,0.694167,-0.625000,0.069167
454,0.602867,0.473386,0.577856,0.688031,0.125000,-0.563031
455,0.601701,0.077123,0.577190,0.277710,0.000000,-0.277710
456,0.600396,0.011459,0.576150,0.107048,0.000000,0.107048
457,0.599156,0.038758,0.575313,0.196871,-0.250000,-0.446871
458,0.600374,1.152066,0.576410,1.073343,-0.625000,0.448343
459,0.599156,0.046314,0.575616,0.215206,-0.375000,-0.159794
460,0.598623,0.356123,0.575662,0.596760,-0.375000,0.221760
461,0.597560,0.113039,0.575138,0.336212,-0.250000,0.086212
462,0.598779,1.155522,0.576230,1.074952,-1.375000,-0.300048
463,0.649056,23.675868,0.585575,4.865785,-4.875000,-0.009215
464,0.652268,2.126694,0.587472,1.458319,-1.000000,-2.458319
465,0.651232,0.174614,0.587104,0.417869,0.125000,0.542869
466,0.650498,0.312454,0.587044,0.558976,0.000000,-0.558976
467,0.655527,2.978532,0.589503,1.725842,0.750000,-0.975842
468,0.654555,0.204586,0.589208,0.452312,0.000000,0.452312
469,0.653185,0.017540,0.588225,0.132438,-0.500000,-0.367562
470,0.652430,0.301282,0.588141,0.548891,0.125000,0.673891
471,0.651850,0.381714,0.588204,0.617830,-0.125000,0.492830
472,0.650462,0.002342,0.587051,0.048398,-0.125000,-0.173398
473,0.649087,0.005694,0.585960,0.075460,0.250000,0.325460
474,0.647736,0.014164,0.584967,0.119014,0.125000,0.005986
475,0.646785,0.199569,0.584673,0.446731,1.000000,1.446731
476,0.645461,0.021669,0.583746,0.147204,-0.125000,0.022204
477,0.647253,1.493294,0.585096,1.222004,0.500000,-0.722004
478,0.646259,0.176130,0.584747,0.419678,0.125000,-0.294678
479,0.645575,0.321155,0.584709,0.566705,0.125000,-0.441705
480,0.647065,1.354918,0.585926,1.164009,0.625000,-0.539009
481,0.646718,0.481418,0.586152,0.693843,0.625000,-0.068843
482,0.645430,0.031277,0.585296,0.176852,-0.500000,-0.676852
483,0.644255,0.082462,0.584673,0.287162,-0.625000,-0.337838
484,0.642932,0.009189,0.583655,0.095857,0.000000,-0.095857
485,0.643606,0.967356,0.584486,0.983542,0.750000,-0.233542
486,0.642563,0.141041,0.584053,0.375554,-0.125000,0.250554
487,0.641248,0.007108,0.583018,0.084307,-0.500000,-0.415693
488,0.640557,0.307023,0.582958,0.554097,-0.750000,-0.195903
489,0.639352,0.055907,0.582244,0.236447,-0.250000,-0.013553
490,0.638165,0.062352,0.581560,0.249704,0.250000,0.000296
491,0.637211,0.173790,0.581222,0.416882,0.500000,0.083118
492,0.638322,1.179433,0.582256,1.086017,0.750000,-0.336017
493,0.637026,0.004517,0.581203,0.067209,-0.250000,-0.317209
494,0.635746,0.009896,0.580220,0.099478,-0.375000,-0.474478
495,0.634516,0.031652,0.579400,0.177910,-0.250000,-0.072090
496,0.636792,1.754610,0.580915,1.324617,-1.125000,0.199617
497,0.637327,0.900247,0.581661,0.948814,-1.375000,-0.426186
498,0.636631,0.293752,0.581581,0.541989,-0.500000,0.041989
499,0.635551,0.102021,0.581051,0.319407,-0.625000,-0.305593
500,0.634314,0.021796,0.580177,0.147636,-0.250000,-0.397636
501,0.633234,0.097524,0.579638,0.312288,0.125000,-0.187288
502,0.631995,0.016231,0.578730,0.127399,-0.375000,-0.502399
503,0.631867,0.568214,0.579081,0.753800,0.250000,-0.503800
504,0.630707,0.051912,0.578379,0.227841,0.125000,-0.102841
505,0.629727,0.139743,0.577970,0.373822,-0.750000,-0.376178
506,0.628497,0.012284,0.577040,0.110832,-0.250000,-0.360832
507,0.627279,0.015520,0.576140,0.124580,-0.125000,-0.000420
508,0.626927,0.450261,0.576328,0.671015,-1.125000,-0.453985
509,0.626997,0.662211,0.576799,0.813764,0.625000,-0.188764
510,0.625958,0.100899,0.576286,0.317645,-0.500000,-0.182355
511,0.627277,1.294891,0.577394,1.137933,0.625000,-0.512933
512,0.626895,0.433304,0.577553,0.658258,0.625000,-0.033258
513,0.625963,0.152365,0.577186,0.390340,-0.500000,-0.109660
514,0.624777,0.021220,0.576340,0.145670,-0.375000,-0.520670
515,0.624980,0.728722,0.576882,0.853652,-0.375000,0.478652
516,0.625257,0.766446,0.577465,0.875469,-1.375000,-0.499531
517,0.624162,0.063900,0.576832,0.252784,0.125000,-0.127784
518,0.626232,1.687674,0.578238,1.299105,-0.875000,0.424105
519,0.625360,0.177552,0.577933,0.421369,-0.250000,-0.671369
520,0.626164,1.040155,0.578790,1.019880,-0.750000,0.269880
521,0.625095,0.073354,0.578194,0.270839,0.000000,-0.270839
522,0.624819,0.482162,0.578418,0.694379,0.625000,-0.069379
523,0.623661,0.023576,0.577600,0.153544,0.125000,0.278544
524,0.622605,0.074873,0.577015,0.273628,-0.250000,-0.523628
525,0.621523,0.058615,0.576372,0.242104,-0.125000,0.117104
526,0.620354,0.011700,0.575475,0.108167,-0.125000,-0.016833
527,0.619189,0.010717,0.574573,0.103525,-0.125000,-0.021475
528,0.618261,0.133276,0.574173,0.365069,-0.125000,0.240069
529,0.618263,0.619315,0.574578,0.786966,0.250000,-0.536966
530,0.617650,0.295330,0.574519,0.543442,0.250000,-0.293442
531,0.617675,0.630864,0.574936,0.794269,0.500000,-0.294269
532,0.617472,0.510509,0.575200,0.714499,0.625000,-0.089499
533,0.616652,0.183668,0.574923,0.428565,0.125000,-0.303565
534,0.615609,0.064152,0.574316,0.253283,-0.375000,-0.628283
535,0.615628,0.625640,0.574724,0.790974,0.375000,-0.415974
536,0.614492,0.011395,0.573845,0.106748,-0.250000,-0.356748
537,0.614065,0.386665,0.573935,0.621824,0.250000,-0.371824
538,0.612925,0.005508,0.572999,0.074215,-0.250000,-0.175785
539,0.611780,0.000097,0.571946,0.009829,-0.250000,-0.240171
540,0.610640,0.000939,0.570936,0.030644,-0.375000,-0.405644
541,0.609545,0.022498,0.570153,0.149995,0.125000,-0.024995
542,0.609158,0.401364,0.570270,0.633533,0.250000,-0.383533
543,0.608373,0.185929,0.570012,0.431195,0.375000,-0.056195
544,0.607248,0.001301,0.569024,0.036075,-0.375000,-0.411075
545,0.606232,0.057268,0.568414,0.239307,-0.500000,-0.260693
546,0.605498,0.208415,0.568208,0.456525,0.125000,-0.331525
547,0.604693,0.168515,0.567917,0.410506,0.500000,0.089494
548,0.603582,0.000008,0.566879,0.002872,0.000000,-0.002872
549,0.602973,0.272118,0.566796,0.521649,0.375000,-0.146649
550,0.603434,0.854401,0.567450,0.924338,0.875000,-0.049338
551,0.602568,0.129985,0.567072,0.360534,-0.375000,-0.014466
552,0.602757,0.705798,0.567570,0.840118,-0.750000,0.090118
553,0.601743,0.046077,0.566928,0.214655,-0.250000,-0.035345
554,0.601263,0.338028,0.566954,0.581401,-0.500000,0.081401
555,0.600651,0.264181,0.566858,0.513986,0.375000,-0.138986
556,0.599757,0.107048,0.566424,0.327183,-0.125000,0.202183
557,0.598752,0.044048,0.565779,0.209876,0.000000,-0.209876
558,0.598113,0.244421,0.565650,0.494390,0.500000,0.005610
559,0.597217,0.100917,0.565203,0.317674,0.375000,0.057326
560,0.596194,0.028620,0.564491,0.169173,-0.250000,-0.080827
561,0.596208,0.603693,0.564872,0.776977,-0.625000,0.151977
562,0.595340,0.112108,0.564460,0.334825,0.125000,-0.209825
563,0.594350,0.042065,0.563817,0.205097,0.125000,-0.080097
564,0.593340,0.028697,0.563113,0.169401,-0.125000,0.044401
565,0.592332,0.027913,0.562407,0.167073,0.000000,-0.167073
566,0.591279,0.000323,0.561438,0.017969,0.000000,-0.017969
567,0.590305,0.042870,0.560809,0.207050,-0.125000,-0.332050
568,0.590165,0.511261,0.561082,0.715025,-0.750000,-0.034975
569,0.589661,0.305754,0.561068,0.552950,0.250000,-0.302950
570,0.588626,0.003718,0.560184,0.060975,-0.125000,-0.064025
571,0.587703,0.065338,0.559647,0.255613,-0.375000,-0.119387
572,0.587101,0.245883,0.559535,0.495865,-0.750000,-0.254135
573,0.586903,0.474383,0.559762,0.688755,-0.750000,-0.061245
574,0.587175,0.741647,0.560291,0.861189,0.250000,-0.611189
575,0.586307,0.091417,0.559839,0.302352,-0.250000,0.052352
576,0.585314,0.018524,0.559098,0.136102,-0.250000,-0.386102
577,0.584332,0.022600,0.558385,0.150335,0.000000,-0.150335
578,0.583470,0.089601,0.557933,0.299333,-0.250000,0.049333
579,0.582456,0.000505,0.557002,0.022476,-0.250000,-0.227524
580,0.582320,0.504288,0.557268,0.710132,-0.625000,0.085132
581,0.581362,0.029517,0.556600,0.171805,-0.125000,-0.296805
582,0.580585,0.131963,0.556266,0.363267,0.250000,-0.113267
583,0.579783,0.116554,0.555894,0.341401,0.250000,-0.091401
584,0.579183,0.231242,0.555765,0.480877,0.375000,-0.105877
585,0.578192,0.003742,0.554914,0.061170,0.125000,0.186170
586,0.577665,0.271683,0.554856,0.521232,0.250000,-0.271232
587,0.576773,0.057265,0.554315,0.239301,0.125000,-0.114301
588,0.575829,0.025477,0.553639,0.159616,-0.250000,-0.090384
589,0.574920,0.044037,0.553051,0.209851,0.000000,-0.209851
590,0.574310,0.217706,0.552904,0.466590,-0.375000,0.091590
591,0.573880,0.321881,0.552928,0.567345,0.375000,-0.192345
592,0.572925,0.012161,0.552175,0.110275,0.000000,0.110275
593,0.572771,0.482179,0.552417,0.694391,0.625000,-0.069391
594,0.571928,0.075683,0.551947,0.275106,0.250000,-0.025106
595,0.571035,0.044024,0.551368,0.209818,0.250000,0.040182
596,0.570287,0.128390,0.551042,0.358316,-0.500000,-0.141684
597,0.569599,0.161957,0.550791,0.402439,0.375000,-0.027439
598,0.569139,0.296308,0.550780,0.544342,0.375000,-0.169342
599,0.568281,0.058835,0.550262,0.242560,-0.125000,0.117560
600,0.567655,0.195029,0.550080,0.441620,0.250000,-0.191620
601,0.566707,0.001875,0.549231,0.043298,0.125000,0.081702
602,0.565778,0.011285,0.548490,0.106233,-0.125000,-0.231233
603,0.564835,0.000670,0.547618,0.025882,0.000000,-0.025882
604,0.563911,0.010385,0.546875,0.101905,-0.125000,-0.023095
605,0.562973,0.000593,0.546006,0.024362,-0.250000,-0.225638
606,0.562056,0.010656,0.545270,0.103230,0.125000,0.021770
607,0.561294,0.102870,0.544898,0.320734,-0.500000,-0.179266
608,0.560396,0.018656,0.544222,0.136588,0.000000,-0.136588
609,0.560850,0.835261,0.544833,0.913926,-0.625000,0.288926
610,0.559943,0.010723,0.544105,0.103550,0.000000,-0.103550
611,0.560835,1.101581,0.544937,1.049562,-1.000000,0.049562
612,0.561263,0.821409,0.545532,0.906316,-1.000000,-0.093684
613,0.560396,0.033179,0.544935,0.182150,-0.375000,-0.192850
614,0.559834,0.217055,0.544806,0.465892,0.625000,0.159108
615,0.559529,0.373529,0.544914,0.611170,-0.625000,-0.013830
616,0.558618,0.002474,0.544105,0.049736,-0.125000,-0.174736
617,0.557710,0.002082,0.543292,0.045634,0.000000,-0.045634
618,0.556811,0.005368,0.542526,0.073267,0.125000,0.051733
619,0.556100,0.119457,0.542206,0.345626,-0.375000,-0.029374
620,0.555502,0.187795,0.542029,0.433354,0.375000,-0.058354
621,0.555539,0.578349,0.542384,0.760493,0.875000,0.114507
622,0.554913,0.168703,0.542171,0.410734,-0.375000,0.035734
623,0.554606,0.365077,0.542271,0.604216,-0.750000,-0.145784
624,0.553887,0.108768,0.541928,0.329800,-0.125000,0.204800
625,0.553041,0.028421,0.541327,0.168584,-0.125000,0.043584
626,0.552555,0.251004,0.541262,0.501003,0.250000,-0.251003
627,0.551877,0.129926,0.540972,0.360453,-0.250000,0.110453
628,0.551049,0.035313,0.540406,0.187916,-0.125000,-0.312916
629,0.550791,0.389368,0.540540,0.623993,0.500000,-0.123993
630,0.550093,0.114211,0.540216,0.337951,-0.250000,0.087951
631,0.551420,1.381867,0.541229,1.175528,-1.250000,-0.074472
632,0.550594,0.033150,0.540657,0.182073,0.125000,-0.057073
633,0.550008,0.181955,0.540476,0.426562,-0.625000,-0.198438
634,0.549162,0.016988,0.539825,0.130338,-0.500000,-0.369662
635,0.555111,4.302785,0.542257,2.074316,-2.125000,-0.050684
636,0.554556,0.204588,0.542115,0.452314,-0.625000,-0.172686
637,0.554122,0.279337,0.542093,0.528523,0.000000,-0.528523
638,0.553263,0.010091,0.541397,0.100452,0.000000,0.100452
639,0.557735,3.392697,0.543445,1.841927,1.500000,-0.341927
640,0.556893,0.022100,0.542824,0.148662,0.750000,0.601338
641,0.558812,1.779660,0.544066,1.334039,1.000000,-0.334039
642,0.558688,0.479192,0.544298,0.692237,-0.250000,0.442237
643,0.560334,1.610997,0.545433,1.269250,-1.125000,0.144250
644,0.559620,0.103408,0.545083,0.321571,-0.625000,-0.303429
645,0.560206,0.935058,0.545741,0.966984,-0.500000,0.466984
646,0.559417,0.053378,0.545251,0.231037,-0.500000,-0.268963
647,0.558695,0.095644,0.544884,0.309263,-0.125000,0.184263
648,0.557833,0.003403,0.544128,0.058334,0.125000,0.066666
649,0.556968,0.000038,0.543294,0.006127,-0.125000,-0.131127
650,0.557390,0.829612,0.543863,0.910830,-0.750000,0.160830
651,0.559397,1.855571,0.545128,1.362194,1.000000,-0.362194
652,0.558565,0.020197,0.544506,0.142117,0.125000,0.267117
653,0.558149,0.288699,0.544495,0.537308,0.250000,-0.287308
654,0.557558,0.174064,0.544299,0.417210,-0.625000,-0.207790
655,0.557191,0.318492,0.544330,0.564351,-0.625000,-0.060649
656,0.556554,0.141632,0.544072,0.376340,0.000000,-0.376340
657,0.555704,0.001595,0.543300,0.039940,0.125000,0.085060
658,0.554886,0.020973,0.542691,0.144820,-0.125000,-0.269820
659,0.555433,0.913001,0.543321,0.955511,-1.000000,-0.044489
660,0.554601,0.009945,0.542645,0.099723,-0.375000,-0.275277
661,0.554081,0.213008,0.542522,0.461528,0.375000,-0.086528
662,0.553259,0.012981,0.541870,0.113935,0.250000,0.136065
663,0.552423,0.002046,0.541117,0.045236,-0.250000,-0.295236
664,0.551868,0.186737,0.540952,0.432130,0.375000,-0.057130
665,0.551034,0.000457,0.540165,0.021381,-0.375000,-0.353619
666,0.550214,0.007864,0.539483,0.088680,-0.375000,-0.286320
667,0.549867,0.320544,0.539524,0.566166,0.375000,-0.191166
668,0.549066,0.017912,0.538913,0.133834,0.125000,-0.008834
669,0.548499,0.171611,0.538725,0.414260,0.000000,-0.414260
670,0.547780,0.069776,0.538313,0.264152,-0.250000,0.014152
671,0.547016,0.038045,0.537798,0.195052,-0.125000,0.070052
672,0.546353,0.104673,0.537478,0.323533,0.250000,-0.073533
673,0.545538,0.001057,0.536723,0.032512,0.125000,0.092488
674,0.547262,1.700314,0.537868,1.303961,1.125000,-0.178961
675,0.548117,1.121084,0.538644,1.058813,-0.625000,0.433813
676,0.549428,1.429397,0.539622,1.195574,-1.625000,-0.429426
677,0.548612,0.000018,0.538826,0.004278,-0.125000,-0.120722
678,0.548516,0.483638,0.539059,0.695441,-0.375000,0.320441
679,0.547729,0.017738,0.538458,0.133185,-0.125000,-0.258185
680,0.547910,0.669984,0.538872,0.818525,-0.625000,0.193525
681,0.547576,0.321651,0.538914,0.567143,-0.750000,-0.182857
682,0.547525,0.512945,0.539175,0.716202,0.375000,-0.341202
683,0.547049,0.224078,0.539078,0.473369,0.750000,0.276631
684,0.552186,4.040819,0.541242,2.010179,2.125000,0.114821
685,0.553082,1.161774,0.542030,1.077856,-0.500000,0.577856
686,0.552280,0.006438,0.541352,0.080239,-0.375000,-0.455239
687,0.553163,1.155084,0.542133,1.074748,-1.250000,-0.175252
688,0.552784,0.294445,0.542134,0.542627,-0.625000,-0.082373
689,0.552302,0.222298,0.542031,0.471485,0.125000,-0.346485
690,0.552299,0.550525,0.542322,0.741974,-0.500000,0.241974
691,0.552163,0.458909,0.542519,0.677428,-1.375000,-0.697572
692,0.553004,1.130282,0.543276,1.063147,-1.000000,0.063147
693,0.552607,0.279801,0.543255,0.528962,-0.750000,-0.221038
694,0.554938,2.160860,0.544598,1.469986,1.500000,0.030014
695,0.554679,0.375864,0.544697,0.613077,-0.125000,0.488077
696,0.553907,0.020546,0.544117,0.143340,-0.500000,-0.356660
697,0.553194,0.059924,0.543685,0.244793,-0.125000,-0.369793
698,0.559613,5.007697,0.546126,2.237788,2.125000,-0.112788
699,0.559129,0.223741,0.546021,0.473012,0.250000,0.723012
700,0.558401,0.052471,0.545566,0.229065,-0.250000,-0.020935
701,0.557936,0.233993,0.545477,0.483729,0.125000,-0.358729
702,0.560306,2.212064,0.546826,1.487301,1.625000,0.137699
703,0.560981,1.032092,0.547497,1.015919,-0.500000,0.515919
704,0.560207,0.019158,0.546913,0.138413,0.125000,-0.013413
705,0.559763,0.249397,0.546845,0.499397,-0.500000,-0.000603
706,0.558982,0.011131,0.546217,0.105503,0.125000,0.019497
707,0.558710,0.367652,0.546302,0.606343,0.500000,-0.106343
708,0.558062,0.102562,0.545981,0.320253,0.125000,0.445253
709,0.557512,0.170603,0.545792,0.413041,0.125000,-0.288041
710,0.556737,0.010118,0.545162,0.100588,0.375000,0.274412
711,0.555965,0.011058,0.544539,0.105155,-0.250000,-0.144845
712,0.555758,0.409644,0.544674,0.640034,-0.625000,0.015034
713,0.555942,0.685778,0.545074,0.828117,-0.750000,0.078117
714,0.555180,0.014871,0.544478,0.121947,0.000000,-0.121947
715,0.555169,0.547755,0.544753,0.740105,0.625000,-0.115105
716,0.554439,0.035251,0.544252,0.187751,-0.250000,-0.062249
717,0.553976,0.224522,0.544153,0.473837,0.125000,-0.348837
718,0.553251,0.036366,0.543658,0.190699,-0.125000,0.065699
719,0.552533,0.039664,0.543176,0.199157,0.125000,-0.074157
720,0.551808,0.033220,0.542672,0.182265,0.125000,-0.057265
721,0.551038,0.000150,0.541932,0.012260,0.125000,0.137260
722,0.550502,0.165620,0.541744,0.406965,-0.750000,-0.343035
723,0.551025,0.927167,0.542330,0.962895,0.750000,-0.212895
724,0.550264,0.002712,0.541649,0.052073,0.000000,-0.052073
725,0.549530,0.020963,0.541099,0.144786,-0.250000,-0.105214
726,0.549669,0.650279,0.541466,0.806399,0.500000,-0.306399
727,0.548975,0.047874,0.541020,0.218801,0.125000,-0.093801
728,0.550459,1.622898,0.542032,1.273930,0.875000,-0.398930
729,0.549793,0.067916,0.541644,0.260608,-0.125000,0.135608
730,0.549038,0.001485,0.540951,0.038539,-0.375000,-0.336461
731,0.548581,0.217243,0.540848,0.466093,0.250000,-0.216093
732,0.547919,0.066738,0.540460,0.258337,0.250000,-0.008337
733,0.548507,0.976051,0.541074,0.987953,0.750000,-0.237953
734,0.547864,0.079501,0.540719,0.281959,0.375000,0.093041
735,0.547682,0.414957,0.540861,0.644171,0.375000,-0.269171
736,0.547209,0.201129,0.540734,0.448474,-0.375000,0.073474
737,0.546759,0.217329,0.540633,0.466185,-0.500000,-0.033815
738,0.546976,0.705844,0.541041,0.840145,0.750000,-0.090145
739,0.547682,1.066125,0.541709,1.032533,-0.625000,0.407533
740,0.546980,0.030952,0.541212,0.175931,-0.250000,-0.425931
741,0.546280,0.031439,0.540719,0.177309,-0.125000,0.052309
742,0.545559,0.013763,0.540145,0.117315,0.000000,0.117315
743,0.544846,0.019053,0.539601,0.138031,0.250000,0.111969
744,0.544119,0.006664,0.538982,0.081634,0.125000,0.206634
745,0.543538,0.113640,0.538710,0.337105,-0.375000,-0.037895
746,0.542942,0.101193,0.538412,0.318109,0.375000,0.056891
747,0.542258,0.034378,0.537937,0.185414,-0.375000,-0.189586
748,0.548999,5.557720,0.540383,2.357482,-2.500000,-0.142518
749,0.550306,1.522791,0.541314,1.234014,-1.250000,-0.015986
750,0.549594,0.019242,0.540774,0.138716,0.000000,0.138716
751,0.549165,0.228785,0.540690,0.478314,-0.375000,0.103314
752,0.548476,0.034371,0.540216,0.185395,-0.250000,-0.064605
753,0.548428,0.512106,0.540450,0.715616,0.750000,0.034384
754,0.547970,0.205253,0.540333,0.453049,-0.250000,0.203049
755,0.552944,4.283248,0.542369,2.069601,2.250000,0.180399
756,0.553324,0.838427,0.542866,0.915657,1.875000,0.959343
757,0.569210,12.516073,0.546843,3.537806,4.000000,0.462194
758,0.568527,0.054239,0.546427,0.232892,1.375000,1.142108
759,0.569613,1.387940,0.547263,1.178108,-0.500000,0.678108
760,0.570535,1.267148,0.548029,1.125677,-1.125000,0.000677
761,0.572777,2.267693,0.549294,1.505886,-1.500000,0.005886
762,0.572357,0.254033,0.549234,0.504017,0.625000,0.120983
763,0.572305,0.533376,0.549473,0.730326,0.750000,0.019674
764,0.573403,1.406796,0.550310,1.186084,1.000000,-0.186084
765,0.575520,2.183984,0.551529,1.477831,-1.125000,0.352831
766,0.574921,0.119073,0.551258,0.345070,-0.250000,0.095070
767,0.585405,8.574420,0.554374,2.928211,-2.500000,0.428211
768,0.584719,0.060834,0.553971,0.246646,0.500000,0.253354
769,0.585430,1.128634,0.554635,1.062372,1.500000,0.437628
770,0.589958,4.054579,0.556540,2.013599,-1.000000,1.013599
771,0.590606,1.086528,0.557173,1.042366,0.500000,-0.542366
772,0.592881,2.338249,0.558439,1.529133,-1.000000,0.529133
773,0.593494,1.064004,0.559054,1.031506,-1.125000,-0.093494
774,0.595094,1.825369,0.560083,1.351062,1.625000,0.273938
775,0.597427,2.393768,0.561363,1.547181,-0.625000,0.922181
776,0.596997,0.265471,0.561303,0.515239,-0.875000,-0.359761
777,0.596549,0.251125,0.561225,0.501124,-0.125000,0.376124
778,0.595835,0.043432,0.560770,0.208403,-0.250000,-0.458403
779,0.595073,0.005314,0.560140,0.072895,0.375000,0.302105
780,0.594338,0.025131,0.559623,0.158528,0.750000,0.591472
781,0.593685,0.086773,0.559281,0.294573,0.000000,-0.294573
782,0.596017,2.408055,0.560557,1.551791,-1.500000,0.051791
783,0.595672,0.327383,0.560572,0.572174,0.250000,-0.322174
784,0.594964,0.042840,0.560119,0.206978,0.000000,0.206978
785,0.594761,0.436552,0.560248,0.660721,-0.500000,0.160721
786,0.594016,0.012604,0.559675,0.112268,-0.125000,-0.237268
787,0.593336,0.060945,0.559275,0.246870,0.125000,-0.121870
788,0.592664,0.066701,0.558891,0.258265,0.000000,-0.258265
789,0.592079,0.133742,0.558645,0.365708,-0.250000,0.115708
790,0.591907,0.457116,0.558795,0.676104,-0.625000,0.051104
791,0.591212,0.044249,0.558352,0.210354,0.250000,0.039646
792,0.590592,0.103147,0.558051,0.321166,-0.125000,0.196166
793,0.619540,23.430738,0.563479,4.840531,4.750000,-0.090531
794,0.619362,0.478747,0.563641,0.691916,0.625000,1.316916
795,0.618838,0.205089,0.563501,0.452867,-0.250000,-0.702867
796,0.620395,1.851257,0.564508,1.360609,0.625000,-0.735609
797,0.619623,0.008919,0.563915,0.094440,-0.125000,-0.030560
798,0.618913,0.055690,0.563502,0.235987,-0.250000,-0.485987
799,0.618149,0.011591,0.562928,0.107662,0.125000,0.232662
800,0.617971,0.476494,0.563088,0.690286,0.250000,-0.440286
801,0.624437,5.771382,0.565396,2.402370,2.000000,-0.402370
802,0.623871,0.172611,0.565208,0.415465,0.625000,0.209535
803,0.623494,0.322520,0.565212,0.567909,0.625000,0.057091
804,0.623183,0.374561,0.565270,0.612014,0.750000,0.137986
805,0.623054,0.520241,0.565465,0.721277,0.875000,0.153723
806,0.622282,0.003781,0.564836,0.061487,0.000000,0.061487
807,0.621549,0.033714,0.564362,0.183613,0.000000,0.183613
808,0.621542,0.616156,0.564636,0.784956,-1.000000,-0.215044
809,0.622235,1.178975,0.565284,1.085806,-1.375000,-0.289194
810,0.621758,0.237626,0.565187,0.487469,0.500000,0.012531
811,0.623613,2.118820,0.566290,1.455617,-1.375000,0.080617
812,0.626807,3.204619,0.567805,1.790145,1.500000,-0.290145
813,0.626359,0.264103,0.567738,0.513909,0.875000,0.361091
814,0.625682,0.078315,0.567383,0.279847,0.000000,0.279847
815,0.625102,0.154935,0.567169,0.393618,-0.250000,0.143618
816,0.624489,0.127467,0.566910,0.357025,0.125000,0.482025
817,0.627213,2.839428,0.568285,1.685060,1.625000,-0.060060
818,0.626958,0.419435,0.568383,0.647638,0.250000,0.897638
819,0.626189,0.000345,0.567708,0.018586,0.000000,-0.018586
820,0.625570,0.120552,0.567438,0.347206,-0.250000,0.097206
821,0.628682,3.168043,0.568922,1.779900,1.875000,0.095100
822,0.627942,0.023417,0.568414,0.153026,0.625000,0.471974
823,0.628046,0.713579,0.568751,0.844736,-0.500000,0.344736
824,0.627498,0.178286,0.568572,0.422239,-0.500000,-0.077761
825,0.627184,0.369890,0.568621,0.608186,0.750000,0.141814
826,0.626442,0.017653,0.568090,0.132863,0.375000,0.242137
827,0.627216,1.262842,0.568766,1.123762,1.375000,0.251238
828,0.627607,0.949337,0.569258,0.974339,-0.625000,0.349339
829,0.627425,0.477718,0.569406,0.691172,0.625000,-0.066172
830,0.626735,0.057338,0.569006,0.239453,0.500000,0.260547
831,0.626023,0.038183,0.568554,0.195405,0.500000,0.304595
832,0.625284,0.013764,0.568009,0.117321,0.000000,0.117321
833,0.625237,0.586592,0.568248,0.765893,-0.375000,0.390893
834,0.625467,0.816218,0.568652,0.903448,-1.125000,-0.221552
835,0.624875,0.133792,0.568408,0.365775,0.500000,0.134225
836,0.624132,0.006227,0.567819,0.078914,0.125000,0.203914
837,0.623714,0.276314,0.567769,0.525655,-0.250000,0.275655
838,0.622985,0.015805,0.567239,0.125717,0.000000,0.125717
839,0.622239,0.000093,0.566571,0.009638,0.125000,0.115362
840,0.621505,0.008669,0.566005,0.093110,0.250000,0.156890
841,0.620764,0.001244,0.565371,0.035267,0.375000,0.339733
842,0.620031,0.006116,0.564789,0.078207,0.000000,0.078207
843,0.620255,0.808141,0.565188,0.898967,-0.750000,0.148967
844,0.619535,0.015470,0.564663,0.124379,0.125000,0.000621
845,0.618805,0.005118,0.564076,0.071540,0.250000,0.178460
846,0.618492,0.355612,0.564115,0.596332,-0.500000,0.096332
847,0.618077,0.268828,0.564061,0.518487,-0.625000,-0.106513
848,0.617547,0.170218,0.563881,0.412574,0.250000,-0.162574
849,0.618939,1.793989,0.564799,1.339399,1.375000,0.035601
850,0.618211,0.003237,0.564199,0.056898,0.125000,0.181898
851,0.617482,0.001140,0.563572,0.033758,0.000000,0.033758
852,0.617977,1.036459,0.564108,1.018066,-0.875000,0.143066
853,0.617284,0.029718,0.563647,0.172389,0.250000,0.077611
854,0.617073,0.438055,0.563762,0.661857,-0.375000,0.286857
855,0.616370,0.019376,0.563264,0.139197,0.000000,0.139197
856,0.615790,0.121424,0.563011,0.348460,-0.375000,-0.026540
857,0.615233,0.141328,0.562792,0.375936,-0.250000,0.125936
858,0.614932,0.358097,0.562834,0.598412,0.500000,-0.098412
859,0.614264,0.043658,0.562420,0.208944,0.250000,0.458944
860,0.614592,0.894917,0.562868,0.946001,1.000000,0.053999
861,0.614044,0.145298,0.562656,0.381180,0.000000,0.381180
862,0.615004,1.437132,0.563397,1.198804,1.250000,0.051196
863,0.614308,0.017736,0.562897,0.133175,0.375000,0.508175
864,0.613675,0.070073,0.562550,0.264713,0.000000,0.264713
865,0.614774,1.559343,0.563347,1.248737,-1.375000,-0.126263
866,0.614166,0.090851,0.563043,0.301416,0.625000,0.323584
867,0.613483,0.024742,0.562573,0.157295,-0.125000,0.032295
868,0.613986,1.048027,0.563107,1.023732,1.125000,0.101268
869,0.614223,0.818994,0.563502,0.904983,0.875000,-0.029983
870,0.613743,0.198941,0.563366,0.446028,-0.250000,0.196028
871,0.613045,0.008583,0.562823,0.092644,-0.375000,-0.282356
872,0.612355,0.013796,0.562310,0.117456,0.125000,0.242456
873,0.612084,0.376486,0.562369,0.613584,0.625000,0.011416
874,0.613812,2.115847,0.563395,1.454595,-1.125000,0.329595
875,0.613361,0.220539,0.563287,0.469616,0.250000,-0.219616
876,0.612751,0.081975,0.562969,0.286313,0.250000,-0.036313
877,0.614207,1.883765,0.563897,1.372503,1.500000,0.127497
878,0.613516,0.010566,0.563369,0.102792,0.375000,0.272208
879,0.613091,0.241222,0.563287,0.491144,-0.375000,0.116144
880,0.612691,0.262839,0.563229,0.512678,0.250000,-0.262678
881,0.612117,0.108758,0.562963,0.329785,0.000000,0.329785
882,0.611461,0.036484,0.562539,0.191007,0.375000,0.183993
883,0.610785,0.017723,0.562050,0.133127,0.125000,0.258127
884,0.610398,0.269988,0.562002,0.519604,-0.375000,0.144604
885,0.609900,0.171658,0.561835,0.414317,0.375000,-0.039317
886,0.609417,0.183388,0.561683,0.428238,0.000000,0.428238
887,0.610135,1.244208,0.562310,1.115441,-1.125000,-0.009559
888,0.609610,0.145740,0.562106,0.381758,-0.375000,0.006758
889,0.611986,2.712620,0.563332,1.647003,1.625000,-0.022003
890,0.611301,0.005101,0.562777,0.071420,0.375000,0.446420
891,0.612133,1.349298,0.563452,1.161593,-1.000000,0.161593
892,0.611452,0.006537,0.562908,0.080849,0.000000,-0.080849
893,0.611317,0.491645,0.563064,0.701174,-0.375000,0.326174
894,0.610773,0.127792,0.562833,0.357480,-0.125000,0.232480
895,0.610089,0.000560,0.562228,0.023665,0.250000,0.226335
896,0.609428,0.020436,0.561758,0.142954,0.250000,0.107046
897,0.608746,0.000591,0.561156,0.024309,0.125000,0.100691
898,0.608143,0.070055,0.560824,0.264679,0.000000,0.264679
899,0.607464,0.000021,0.560203,0.004586,0.125000,0.129586
900,0.606811,0.022646,0.559745,0.150487,0.000000,0.150487
901,0.606282,0.132366,0.559527,0.363821,0.375000,0.011179
902,0.605794,0.167560,0.559360,0.409341,-0.375000,0.034341
903,0.605120,0.000002,0.558739,0.001500,0.000000,-0.001500
904,0.611895,6.702996,0.560995,2.589014,2.500000,-0.089014
905,0.618614,6.665971,0.563238,2.581854,-2.625000,-0.043146
906,0.619688,1.587290,0.564010,1.259877,-1.750000,-0.490123
907,0.619184,0.163963,0.563834,0.404924,0.000000,0.404924
908,0.619774,1.152670,0.564398,1.073625,-0.625000,0.448625
909,0.622629,3.203325,0.565752,1.789783,-1.625000,0.164783
910,0.623009,0.967248,0.566213,0.983488,1.375000,0.391512
911,0.622802,0.435705,0.566317,0.660080,-0.500000,0.160080
912,0.623038,0.836456,0.566700,0.914579,1.500000,0.585421
913,0.623182,0.754460,0.567032,0.868597,0.000000,0.868597
914,0.622753,0.232340,0.566939,0.482017,-0.125000,0.357017
915,0.622621,0.503112,0.567095,0.709304,-0.250000,0.459304
916,0.622234,0.269588,0.567043,0.519219,0.125000,0.644219
917,0.621561,0.007808,0.566518,0.088364,0.000000,0.088364
918,0.621536,0.598660,0.566745,0.773731,-0.375000,0.398731
919,0.621287,0.393134,0.566811,0.627004,-0.750000,-0.122996
920,0.620611,0.002339,0.566245,0.048359,0.000000,-0.048359
921,0.620179,0.224561,0.566144,0.473878,-0.375000,0.098878
922,0.620496,0.910680,0.566567,0.954296,-1.125000,-0.170704
923,0.620851,0.947189,0.567010,0.973236,0.875000,-0.098236
924,0.620950,0.711919,0.567310,0.843753,0.625000,-0.218753
925,0.620481,0.188888,0.567166,0.434612,-0.375000,0.059612
926,0.619831,0.021522,0.566710,0.146704,0.125000,-0.021704
927,0.619794,0.585165,0.566925,0.764961,0.875000,0.110039
928,0.634694,14.388033,0.570417,3.793156,3.875000,0.081844
929,0.649521,14.349299,0.573895,3.788047,3.875000,0.086953
930,0.649639,0.758632,0.574216,0.870995,-0.750000,0.120995
931,0.651800,2.652974,0.575354,1.628795,-2.500000,-0.871205
932,0.651129,0.029520,0.574919,0.171814,0.125000,0.296814
933,0.650696,0.248578,0.574837,0.498576,0.250000,-0.248576
934,0.650413,0.387265,0.574888,0.622306,0.375000,-0.247306
935,0.649962,0.230285,0.574786,0.479880,0.000000,-0.479880