# TEST CONFIGURATION BEGIN
# File Stream: filename: air_company_stock2.csv  -  n_targets: 1
# [air_company_stock2_ADE_HOMO_ABSTAIN_HTREE_SIZE_8] Pipeline: Array BaseStreamModel: base_models: [<skmultiflow.trees.regression_hoeffding_tree.RegressionHoeffdingTree object at 0x7f229f6028d0>, <skmultiflow.trees.regression_hoeffding_tree.RegressionHoeffdingTree object at 0x7f229f602898>, <skmultiflow.trees.regression_hoeffding_tree.RegressionHoeffdingTree object at 0x7f229f602780>, <skmultiflow.trees.regression_hoeffding_tree.RegressionHoeffdingTree object at 0x7f229f602c88>, <skmultiflow.trees.regression_hoeffding_tree.RegressionHoeffdingTree object at 0x7f229f602160>, <skmultiflow.trees.regression_hoeffding_tree.RegressionHoeffdingTree object at 0x7f229f602c50>, <skmultiflow.trees.regression_hoeffding_tree.RegressionHoeffdingTree object at 0x7f229f602128>, <skmultiflow.trees.regression_hoeffding_tree.RegressionHoeffdingTree object at 0x7f229f6020f0>]
 Array BaseStreamModel: base_models: [<skmultiflow.trees.regression_hoeffding_tree.RegressionHoeffdingTree object at 0x7f229f6028d0>, <skmultiflow.trees.regression_hoeffding_tree.RegressionHoeffdingTree object at 0x7f229f602898>, <skmultiflow.trees.regression_hoeffding_tree.RegressionHoeffdingTree object at 0x7f229f602780>, <skmultiflow.trees.regression_hoeffding_tree.RegressionHoeffdingTree object at 0x7f229f602c88>, <skmultiflow.trees.regression_hoeffding_tree.RegressionHoeffdingTree object at 0x7f229f602160>, <skmultiflow.trees.regression_hoeffding_tree.RegressionHoeffdingTree object at 0x7f229f602c50>, <skmultiflow.trees.regression_hoeffding_tree.RegressionHoeffdingTree object at 0x7f229f602128>, <skmultiflow.trees.regression_hoeffding_tree.RegressionHoeffdingTree object at 0x7f229f6020f0>]
# Prequential Evaluator: n_wait: 1 - max_samples: 600000 - max_time: 10000000 - output_file: air_company_stock2_ADE_HOMO_ABSTAIN_HTREE_SIZE_8_SIZE_8 - batch_size: 1 - pretrain_size: 5 - task_type: regression - show_plot: False - metrics: ['mean_square_error', 'mean_absolute_error', 'true_vs_predicted']
# TEST CONFIGURATION END
id,global_mse_[air_company_stock2_ADE_HOMO_ABSTAIN_HTREE_SIZE_8],sliding_mse_[air_company_stock2_ADE_HOMO_ABSTAIN_HTREE_SIZE_8],global_mae_[air_company_stock2_ADE_HOMO_ABSTAIN_HTREE_SIZE_8],sliding_mae_[air_company_stock2_ADE_HOMO_ABSTAIN_HTREE_SIZE_8],true_value_[air_company_stock2_ADE_HOMO_ABSTAIN_HTREE_SIZE_8],predicted_value_[air_company_stock2_ADE_HOMO_ABSTAIN_HTREE_SIZE_8]
5,0.000173,0.000173,0.013140,0.013140,1.250000,1.263140
6,0.291569,0.582965,0.388330,0.763521,0.375000,1.138521
7,0.236339,0.125878,0.377151,0.354793,0.625000,0.270207
8,0.177475,0.000885,0.290302,0.029755,0.500000,0.529755
9,0.348974,1.034968,0.435709,1.017334,0.000000,1.017334
10,0.699005,2.449161,0.623920,1.564980,-0.250000,1.314980
11,0.999044,2.799279,0.773804,1.673105,-0.625000,1.048105
12,0.879369,0.041639,0.702585,0.204056,-0.375000,-0.579056
13,0.959580,1.601273,0.765122,1.265414,0.250000,-1.015414
14,0.867984,0.043615,0.709494,0.208843,-0.625000,-0.833843
15,1.095000,3.365166,0.811762,1.834439,0.375000,-1.459439
16,1.137778,1.608328,0.849798,1.268199,0.250000,-1.018199
17,1.120519,0.913411,0.857946,0.955726,0.625000,-0.330726
18,1.117215,1.074265,0.870698,1.036467,-1.000000,0.036467
19,1.045122,0.035824,0.825270,0.189272,0.375000,0.185728
20,0.982567,0.044246,0.786837,0.210348,0.250000,0.039652
21,0.928198,0.058289,0.754754,0.241431,0.125000,-0.116431
22,0.877026,0.007102,0.717505,0.084273,-0.500000,-0.584273
23,0.831104,0.004506,0.683275,0.067123,-0.375000,-0.442123
24,0.798725,0.183533,0.670531,0.428407,0.000000,-0.428407
25,0.779615,0.397409,0.668620,0.630404,0.250000,-0.380404
26,0.759682,0.341079,0.664775,0.584020,0.250000,-0.334020
27,0.749316,0.521282,0.667263,0.721998,0.125000,-0.596998
28,0.742095,0.575998,0.671083,0.758946,0.500000,-0.258946
29,0.727013,0.365044,0.668407,0.604189,0.500000,-0.104189
30,0.710914,0.308456,0.664060,0.555388,0.625000,0.069612
31,0.749705,1.758258,0.688576,1.325993,-0.500000,0.825993
32,0.762455,1.106712,0.701556,1.052004,-0.875000,0.177004
33,0.739226,0.088800,0.687640,0.297993,-0.125000,0.172993
34,0.714730,0.004364,0.666921,0.066064,0.000000,0.066064
35,0.738787,1.460492,0.684391,1.208508,0.750000,-0.458508
36,0.768564,1.691657,0.703649,1.300637,0.250000,-1.050637
37,0.819127,2.437118,0.729633,1.561127,1.000000,-0.561127
38,0.816867,0.742284,0.733513,0.861559,0.750000,-0.111559
39,0.802429,0.311549,0.728503,0.558166,1.375000,0.816834
40,0.781942,0.064892,0.715343,0.254740,1.000000,1.254740
41,0.769704,0.329153,0.711516,0.573718,0.375000,0.948718
42,0.805743,2.139197,0.731281,1.462599,-0.750000,0.712599
43,0.849013,2.493246,0.753017,1.579002,-1.625000,-0.045998
44,0.835294,0.300266,0.747891,0.547965,-1.250000,-0.702035
45,0.829268,0.588216,0.748356,0.766953,0.125000,-0.641953
46,0.825891,0.687431,0.750279,0.829115,-0.750000,-1.579115
47,0.874130,2.900192,0.772435,1.702995,-0.875000,-2.577995
48,0.918578,2.829815,0.793112,1.682205,-0.375000,-2.057205
49,0.899340,0.052886,0.780597,0.229969,-0.625000,-0.854969
50,0.882389,0.119611,0.771146,0.345848,0.125000,0.470848
51,0.901539,1.782410,0.783145,1.335069,1.625000,0.289931
52,0.994481,5.362745,0.815074,2.315760,0.500000,-1.815760
53,1.089460,5.648462,0.846943,2.376649,0.875000,-1.501649
54,1.071644,0.198675,0.838919,0.445730,-0.875000,-1.320730
55,1.064430,0.703721,0.838918,0.838881,-0.125000,-0.963881
56,1.045526,0.081426,0.828273,0.285353,0.375000,0.089647
57,1.043857,0.957057,0.831103,0.978293,-0.750000,0.228293
58,1.027518,0.161580,0.823156,0.401970,-0.500000,-0.901970
59,1.024499,0.861467,0.825065,0.928153,-0.125000,-1.053153
60,1.006525,0.017924,0.812723,0.133880,0.000000,0.133880
61,0.993307,0.253133,0.807291,0.503123,0.125000,-0.378123
62,1.067151,5.276225,0.832976,2.297004,-0.625000,1.672004
63,1.057161,0.477750,0.830573,0.691195,1.250000,0.558805
64,1.040124,0.034975,0.819847,0.187015,0.250000,0.437015
65,1.025268,0.133912,0.812406,0.365940,0.250000,0.615940
66,1.009102,0.022925,0.801744,0.151411,0.000000,0.151411
67,1.001915,0.556330,0.800858,0.745875,0.000000,0.745875
68,0.988062,0.115313,0.793650,0.339578,0.125000,0.464578
69,0.977765,0.318776,0.790126,0.564603,0.375000,-0.189603
70,0.974909,0.789244,0.791615,0.888394,1.375000,0.486606
71,0.978042,1.184836,0.796046,1.088502,-1.375000,-0.286498
72,0.966961,0.224526,0.791308,0.473841,0.125000,-0.348841
73,0.964571,0.802079,0.792819,0.895589,-0.375000,0.520589
74,0.958948,0.570966,0.792288,0.755623,0.125000,0.880623
75,0.945505,0.004464,0.782070,0.066812,0.250000,0.316812
76,0.940728,0.601549,0.781980,0.775596,-0.750000,0.025596
77,0.928591,0.054777,0.774474,0.234045,-1.000000,-0.765955
78,0.950216,2.528832,0.785498,1.590230,0.750000,-0.840230
79,0.937903,0.026715,0.777204,0.163447,0.625000,0.788447
80,0.932162,0.501613,0.776297,0.708246,-0.750000,-0.041754
81,0.939590,1.504082,0.782142,1.226410,-1.125000,0.101410
82,0.937669,0.789789,0.783508,0.888701,0.375000,-0.513701
83,0.934346,0.675131,0.783991,0.821663,1.000000,0.178337
84,0.926216,0.283958,0.780852,0.532877,-0.625000,-0.092123
85,0.914835,0.004316,0.772023,0.065693,-0.250000,-0.184307
86,0.904131,0.037169,0.764959,0.192792,0.000000,-0.192792
87,0.896140,0.240821,0.761656,0.490735,-0.625000,-0.134265
88,0.887236,0.148254,0.757172,0.385038,0.000000,-0.385038
89,0.885974,0.779928,0.758654,0.883136,1.125000,0.241864
90,0.875895,0.019202,0.751444,0.138571,-0.875000,-0.736429
91,0.866922,0.095229,0.746353,0.308591,-0.375000,-0.683591
92,0.857758,0.060493,0.740667,0.245954,-0.125000,0.120954
93,0.855353,0.643732,0.741360,0.802329,0.625000,1.427329
94,0.861477,1.406526,0.746300,1.185971,-0.625000,0.560971
95,0.861325,0.847584,0.748216,0.920643,1.250000,0.329357
96,0.859355,0.680139,0.749047,0.824705,0.500000,-0.324705
97,0.851313,0.111401,0.744582,0.333767,0.000000,-0.333767
98,0.844997,0.257630,0.742060,0.507573,-0.250000,0.257573
99,0.836154,0.004965,0.734991,0.070460,0.750000,0.820460
100,0.832688,0.503360,0.734725,0.709479,0.250000,0.959479
101,0.825216,0.107888,0.730537,0.328463,-0.250000,0.078463
102,0.816810,0.001503,0.723478,0.038766,0.250000,0.211234
103,0.827084,1.833896,0.729849,1.354214,-1.250000,0.104214
104,0.828300,0.948728,0.732291,0.974027,0.500000,-0.474027
105,0.820112,0.001304,0.725398,0.036108,0.250000,0.286108
106,0.830030,1.831669,0.731555,1.353392,-1.125000,0.228392
107,0.821977,0.000581,0.724686,0.024114,-0.500000,-0.524114
108,0.814890,0.084909,0.720520,0.291392,0.500000,0.208608
109,0.807183,0.005739,0.714380,0.075755,0.000000,-0.075755
110,0.802794,0.341893,0.713156,0.584716,-0.875000,-0.290284
111,0.795301,0.001034,0.706792,0.032162,0.250000,0.217838
112,0.789769,0.197831,0.704366,0.444782,0.000000,-0.444782
113,0.782575,0.005617,0.698591,0.074948,-0.250000,-0.175052
114,0.775464,0.000425,0.692428,0.020606,0.000000,-0.020606
115,0.768502,0.002654,0.686654,0.051518,0.000000,0.051518
116,0.764186,0.285104,0.685291,0.533951,0.250000,-0.283951
117,0.758520,0.123980,0.682342,0.352108,0.250000,-0.102108
118,0.754515,0.301883,0.681176,0.549439,-0.625000,-0.075561
119,0.748475,0.059968,0.677382,0.244885,0.375000,0.130115
120,0.742572,0.063757,0.673720,0.252502,0.375000,0.122498
121,0.736234,0.000952,0.668225,0.030847,0.375000,0.405847
122,0.734151,0.490427,0.668497,0.700305,-0.500000,0.200305
123,0.730264,0.271586,0.667259,0.521139,0.000000,0.521139
124,0.724496,0.038214,0.663327,0.195484,0.625000,0.429516
125,0.720119,0.194767,0.661492,0.441324,-0.125000,0.316324
126,0.720126,0.721045,0.663030,0.849144,-0.375000,0.474144
127,0.718568,0.528426,0.663550,0.726929,-0.375000,0.351929
128,0.712785,0.001584,0.658520,0.039800,0.000000,0.039800
129,0.712245,0.645174,0.659677,0.803227,-0.875000,-0.071773
130,0.706612,0.002559,0.654843,0.050591,0.125000,0.175591
131,0.705999,0.628806,0.655931,0.792973,0.625000,-0.167973
132,0.702704,0.284239,0.654972,0.533141,0.125000,-0.408141
133,0.698932,0.216069,0.653498,0.464833,0.125000,-0.339833
134,0.695486,0.250940,0.652324,0.500939,-0.250000,0.250939
135,0.695799,0.736518,0.653896,0.858206,-0.375000,0.483206
136,0.691446,0.121202,0.651580,0.348141,0.000000,0.348141
137,0.696761,1.398266,0.655571,1.182483,-0.750000,0.432483
138,0.692376,0.109226,0.653145,0.330494,-0.625000,-0.294506
139,0.687293,0.006196,0.648890,0.078715,-0.250000,-0.328715
140,0.685202,0.402842,0.648786,0.634698,0.125000,-0.509698
141,0.680203,0.000359,0.644189,0.018954,-0.500000,-0.481046
142,0.676268,0.137165,0.642204,0.370358,-0.625000,-0.254642
143,0.671415,0.001700,0.637881,0.041228,-0.375000,-0.333772
144,0.671580,0.694477,0.639277,0.833353,0.750000,-0.083353
145,0.667679,0.121653,0.637217,0.348788,-0.375000,-0.026212
146,0.662992,0.002122,0.633054,0.046070,-0.125000,-0.078930
147,0.659539,0.169195,0.631503,0.411334,-0.375000,0.036334
148,0.655154,0.028100,0.628282,0.167632,-0.250000,-0.082368
149,0.652151,0.219633,0.627181,0.468650,0.500000,0.031350
150,0.647861,0.025899,0.623988,0.160933,0.000000,0.160933
151,0.644113,0.096815,0.621859,0.311150,0.125000,-0.186150
152,0.640366,0.089624,0.619680,0.299373,0.000000,-0.299373
153,0.639743,0.547497,0.620488,0.739930,-0.500000,0.239930
154,0.635488,0.001592,0.616617,0.039898,0.250000,0.289898
155,0.633298,0.304715,0.616189,0.552010,0.250000,0.802010
156,0.654870,3.912205,0.625148,1.977929,2.000000,0.022071
157,0.651744,0.176642,0.623809,0.420288,-0.375000,0.045288
158,0.648015,0.077495,0.621566,0.278380,0.125000,-0.153380
159,0.644873,0.160996,0.620144,0.401243,0.000000,0.401243
160,0.645621,0.761611,0.621763,0.872703,0.000000,0.872703
161,0.649489,1.252831,0.624932,1.119299,-0.250000,0.869299
162,0.646151,0.122078,0.623189,0.349396,0.125000,0.474396
163,0.642627,0.085775,0.621111,0.292873,0.000000,-0.292873
164,0.641118,0.401258,0.621188,0.633449,-0.375000,-1.008449
165,0.637993,0.137922,0.619637,0.371379,0.250000,-0.121379
166,0.636672,0.424063,0.619831,0.651201,-0.500000,0.151201
167,0.633157,0.063754,0.617578,0.252496,-0.125000,0.127496
168,0.629446,0.024458,0.614766,0.156389,0.125000,0.281389
169,0.625749,0.019486,0.611886,0.139592,0.000000,0.139592
170,0.622624,0.106969,0.610170,0.327061,-0.375000,-0.047939
171,0.619556,0.110314,0.608505,0.332135,-0.250000,0.082135
172,0.615868,0.000002,0.604891,0.001335,0.125000,0.123665
173,0.612234,0.001752,0.601559,0.041858,0.000000,0.041858
174,0.609131,0.084708,0.599733,0.291046,-0.250000,0.041046
175,0.607355,0.305464,0.599458,0.552688,0.500000,-0.052688
176,0.604208,0.065946,0.597466,0.256799,0.125000,-0.131799
177,0.600717,0.000304,0.594113,0.017447,-0.125000,-0.142447
178,0.597270,0.000901,0.590871,0.030009,0.125000,0.094991
179,0.595179,0.231477,0.590244,0.481121,-0.250000,0.231121
180,0.593201,0.246974,0.589714,0.496965,0.375000,-0.121965
181,0.590691,0.149002,0.588563,0.386008,0.375000,-0.011008
182,0.589050,0.298556,0.588326,0.546403,0.500000,-0.046403
183,0.588231,0.442507,0.588756,0.665212,-0.875000,-0.209788
184,0.584995,0.005591,0.585900,0.074772,0.000000,0.074772
185,0.582277,0.093193,0.584350,0.305276,0.000000,0.305276
186,0.579768,0.125482,0.583085,0.354234,0.500000,0.145766
187,0.577062,0.084698,0.581489,0.291029,0.125000,-0.166029
188,0.573968,0.007660,0.578805,0.087523,-0.125000,-0.212523
189,0.572927,0.381512,0.579015,0.617667,0.500000,-0.117667
190,0.584751,2.772106,0.584853,1.664964,1.625000,-0.039964
191,0.583929,0.431107,0.585237,0.656587,-0.500000,0.156587
192,0.581186,0.068121,0.583512,0.261000,-0.250000,0.011000
193,0.579431,0.249542,0.583068,0.499541,0.000000,0.499541
194,0.578967,0.491379,0.583689,0.700984,-0.625000,0.075984
195,0.584156,1.569901,0.587193,1.252957,0.875000,-0.377957
196,0.583253,0.410830,0.587473,0.640960,0.625000,-0.015960
197,0.592395,2.347667,0.592368,1.532210,0.750000,-0.782210
198,0.593885,0.881544,0.594154,0.938906,0.000000,-0.938906
199,0.591493,0.127450,0.592938,0.357002,-0.250000,0.107002
200,0.595985,1.471934,0.596103,1.213233,-0.875000,0.338233
201,0.596466,0.690614,0.597295,0.831032,-0.500000,0.331032
202,0.593496,0.008517,0.594745,0.092288,0.125000,0.217288
203,0.590646,0.026225,0.592570,0.161942,-0.625000,-0.463058
204,0.591288,0.719023,0.593847,0.847952,0.000000,-0.847952
205,0.588568,0.044635,0.591943,0.211270,-1.000000,-0.788730
206,0.587926,0.458983,0.592367,0.677483,0.125000,-0.552483
207,0.585068,0.007725,0.589882,0.087891,-0.250000,-0.162109
208,0.586476,0.872180,0.591568,0.933906,-0.750000,0.183906
209,0.583631,0.003323,0.588963,0.057648,-0.375000,-0.317352
210,0.581870,0.220913,0.588386,0.470014,0.250000,-0.220014
211,0.579849,0.163455,0.587497,0.404295,0.125000,-0.279295
212,0.579726,0.554275,0.588252,0.744496,0.250000,-0.494496
213,0.579087,0.446251,0.588633,0.668020,-0.375000,0.293020
214,0.576338,0.001610,0.586021,0.040124,0.000000,0.040124
215,0.573992,0.081456,0.584597,0.285404,0.000000,0.285404
216,0.572081,0.168753,0.583777,0.410796,-0.125000,0.285796
217,0.570462,0.227313,0.583274,0.476773,0.500000,0.023227
218,0.569384,0.339799,0.583273,0.582923,-0.625000,-0.042077
219,0.567041,0.065609,0.581751,0.256143,-0.500000,-0.243857
220,0.567661,0.700941,0.582934,0.837222,0.750000,-0.087222
221,0.565908,0.187393,0.582242,0.432889,0.750000,0.317111
222,0.564349,0.225847,0.581752,0.475233,-0.750000,-0.274767
223,0.561869,0.021216,0.579760,0.145658,-0.125000,0.020658
224,0.559579,0.058264,0.578222,0.241380,0.375000,0.133620
225,0.557048,0.000032,0.575631,0.005622,0.000000,-0.005622
226,0.554602,0.014191,0.573575,0.119126,0.250000,0.130874
227,0.552161,0.010196,0.571456,0.100974,-0.125000,-0.024026
228,0.552738,0.681370,0.572590,0.825451,0.500000,-0.325451
229,0.550633,0.079163,0.571295,0.281360,0.000000,-0.281360
230,0.548199,0.000615,0.568877,0.024798,-0.125000,-0.100202
231,0.546543,0.172173,0.568199,0.414938,-0.125000,0.289938
232,0.544841,0.158648,0.567454,0.398307,-0.250000,0.148307
233,0.542749,0.065610,0.566094,0.256144,0.250000,-0.006144
234,0.540794,0.093224,0.564961,0.305326,0.125000,-0.180326
235,0.538802,0.080468,0.563743,0.283669,-0.125000,0.158669
236,0.537072,0.137561,0.562912,0.370892,-0.500000,-0.129108
237,0.534826,0.013855,0.561001,0.117706,0.125000,0.007294
238,0.532984,0.103581,0.559979,0.321840,0.375000,0.053160
239,0.530815,0.023477,0.558248,0.153221,-0.125000,0.028221
240,0.529229,0.156298,0.557558,0.395346,0.250000,-0.145346
241,0.527033,0.008869,0.555602,0.094175,0.000000,-0.094175
242,0.524828,0.002267,0.553468,0.047612,0.000000,-0.047612
243,0.527250,1.103735,0.555548,1.050588,1.125000,0.074412
244,0.527282,0.534821,0.556280,0.731314,-0.375000,0.356314
245,0.525715,0.149767,0.555578,0.386998,-0.250000,0.136998
246,0.532179,2.089885,0.559256,1.445644,-1.125000,0.320644
247,0.531330,0.325919,0.559304,0.570893,0.625000,0.054107
248,0.530238,0.264779,0.559120,0.514567,0.500000,-0.014567
249,0.528154,0.019865,0.557414,0.140943,-0.250000,-0.109057
250,0.527710,0.418869,0.557779,0.647201,0.125000,-0.522201
251,0.526484,0.224963,0.557441,0.474302,0.000000,-0.474302
252,0.526054,0.419761,0.557805,0.647889,-0.375000,0.272889
253,0.526507,0.638754,0.558775,0.799221,-0.625000,0.174221
254,0.525473,0.268062,0.558611,0.517747,0.000000,0.517747
255,0.523472,0.023122,0.556991,0.152058,-0.125000,-0.277058
256,0.521415,0.005245,0.555068,0.072419,-0.250000,-0.322419
257,0.527330,2.017987,0.558489,1.420559,1.000000,-0.420559
258,0.527084,0.464631,0.558974,0.681639,0.375000,-0.306639
259,0.525116,0.025433,0.557407,0.159479,0.000000,-0.159479
260,0.530369,1.869814,0.560571,1.367411,-1.250000,0.117411
261,0.530636,0.598908,0.561401,0.773892,1.000000,0.226108
262,0.528998,0.108051,0.560499,0.328711,-0.125000,0.203711
263,0.527199,0.063127,0.559305,0.251250,0.125000,-0.126250
264,0.528137,0.771014,0.560531,0.878074,0.500000,-0.378074
265,0.526975,0.224943,0.560201,0.474282,0.000000,-0.474282
266,0.525481,0.135522,0.559468,0.368134,-0.750000,-0.381866
267,0.524328,0.222225,0.559133,0.471407,-0.625000,-0.153593
268,0.522408,0.017456,0.557516,0.132123,0.250000,0.382123
269,0.520565,0.033971,0.556107,0.184311,-0.500000,-0.315689
270,0.518655,0.012565,0.554438,0.112092,-0.125000,-0.237092
271,0.524179,1.993521,0.557650,1.411921,0.750000,-0.661921
272,0.522925,0.188074,0.557187,0.433675,0.125000,-0.308675
273,0.522574,0.428543,0.557549,0.654632,0.250000,-0.404632
274,0.522214,0.425454,0.557900,0.652268,-0.250000,0.402268
275,0.521406,0.303244,0.557873,0.550676,0.000000,0.550676
276,0.520715,0.333440,0.557945,0.577443,-0.375000,0.202443
277,0.518962,0.042023,0.556653,0.204994,0.500000,0.295006
278,0.517265,0.054127,0.555470,0.232651,0.000000,-0.232651
279,0.515648,0.072584,0.554430,0.269414,-0.375000,-0.105586
280,0.514858,0.297531,0.554397,0.545464,0.500000,-0.045464
281,0.513286,0.079381,0.553413,0.281747,-0.125000,0.156747
282,0.511936,0.137940,0.552758,0.371402,0.000000,0.371402
283,0.510288,0.052123,0.551595,0.228304,0.125000,0.353304
284,0.521511,3.652852,0.556451,1.911244,2.375000,0.463756
285,0.519676,0.005737,0.554741,0.075741,-0.375000,-0.299259
286,0.517870,0.010504,0.553137,0.102488,-0.125000,-0.227488
287,0.516085,0.012777,0.551582,0.113036,0.250000,0.363036
288,0.514970,0.199367,0.551212,0.446506,0.000000,0.446506
289,0.513310,0.041925,0.549996,0.204755,0.500000,0.295245
290,0.511742,0.064944,0.548964,0.254840,0.500000,0.245160
291,0.510859,0.258257,0.548822,0.508190,-0.625000,-0.116810
292,0.510941,0.534293,0.549454,0.730953,-0.250000,-0.980953
293,0.509291,0.034311,0.548194,0.185232,0.250000,0.064768
294,0.507742,0.059894,0.547148,0.244733,0.375000,0.130267
295,0.506602,0.175945,0.546709,0.419458,-0.250000,0.169458
296,0.504904,0.011044,0.545197,0.105091,0.125000,0.019909
297,0.504237,0.309419,0.545234,0.556255,0.375000,-0.181255
298,0.502948,0.125217,0.544583,0.353860,-0.375000,-0.021140
299,0.501278,0.010168,0.543079,0.100839,0.125000,0.225839
300,0.499609,0.007430,0.541536,0.086200,0.500000,0.413800
301,0.497927,0.000068,0.539740,0.008244,0.000000,-0.008244
302,0.496576,0.095350,0.538965,0.308788,-0.375000,-0.066212
303,0.496101,0.354515,0.539154,0.595412,-0.375000,0.220412
304,0.494752,0.091255,0.538364,0.302085,-0.250000,0.052085
305,0.493512,0.121664,0.537734,0.348803,0.500000,0.151197
306,0.491913,0.010648,0.536295,0.103189,0.250000,0.146811
307,0.491423,0.343486,0.536459,0.586077,0.500000,-0.086077
308,0.491038,0.374235,0.536707,0.611748,0.500000,-0.111748
309,0.492137,0.826113,0.537927,0.908908,-0.625000,0.283908
310,0.491092,0.172370,0.537526,0.415175,0.625000,0.209825
311,0.490105,0.188200,0.537188,0.433820,0.125000,0.558820
312,0.489731,0.374836,0.537432,0.612239,0.875000,0.262761
313,0.489160,0.313283,0.537504,0.559717,0.375000,-0.184717
314,0.487681,0.030765,0.536336,0.175399,0.125000,-0.050399
315,0.486500,0.120255,0.535726,0.346778,0.375000,0.028222
316,0.486985,0.637957,0.536569,0.798722,-0.500000,0.298722
317,0.485586,0.049193,0.535564,0.221795,0.250000,0.471795
318,0.485196,0.362882,0.535777,0.602397,-0.250000,0.352397
319,0.483861,0.064881,0.534884,0.254717,-0.125000,0.129717
320,0.482483,0.048401,0.533888,0.220003,-0.375000,-0.154997
321,0.483438,0.785036,0.534999,0.886022,0.875000,-0.011022
322,0.482322,0.128558,0.534444,0.358550,0.125000,-0.233550
323,0.480893,0.026567,0.533279,0.162995,-0.250000,-0.087005
324,0.481262,0.599056,0.534032,0.773987,-0.625000,0.148987
325,0.481414,0.530066,0.534636,0.728057,0.875000,0.146943
326,0.480072,0.049274,0.533665,0.221977,0.125000,0.346977
327,0.480038,0.469156,0.534133,0.684950,-0.625000,0.059950
328,0.478865,0.099815,0.533460,0.315935,-0.125000,0.190935
329,0.477432,0.013142,0.532171,0.114640,0.000000,-0.114640
330,0.476094,0.041345,0.531163,0.203335,0.250000,0.046665
331,0.474639,0.000139,0.529574,0.011795,0.000000,0.011795
332,0.473197,0.001927,0.528094,0.043902,0.250000,0.206098
333,0.472409,0.213763,0.527894,0.462345,0.250000,-0.212345
334,0.471087,0.036052,0.526869,0.189873,0.250000,0.060127
335,0.469766,0.033836,0.525833,0.183946,0.500000,0.316054
336,0.468824,0.157259,0.525444,0.396559,0.000000,0.396559
337,0.467566,0.049665,0.524535,0.222857,0.000000,0.222857
338,0.466174,0.002825,0.523124,0.053151,0.250000,0.303151
339,0.464783,0.000192,0.521604,0.013864,0.250000,0.263864
340,0.463410,0.003328,0.520223,0.057692,0.250000,0.192308
341,0.466445,1.486382,0.522297,1.219173,-0.875000,0.344173
342,0.465103,0.012593,0.521084,0.112220,-0.250000,-0.137780
343,0.463744,0.004412,0.519743,0.066423,0.125000,0.058577
344,0.463622,0.422351,0.520126,0.649885,0.750000,0.100115
345,0.464506,0.764969,0.521165,0.874625,-1.125000,-0.250375
346,0.463147,0.000017,0.519653,0.004077,-0.125000,-0.129077
347,0.462629,0.285233,0.519695,0.534072,0.625000,0.090928
348,0.461496,0.073004,0.518970,0.270193,0.375000,0.104807
349,0.460162,0.001088,0.517561,0.032979,0.000000,-0.032979
350,0.459383,0.190647,0.517327,0.436631,-0.375000,0.061631
351,0.459350,0.447960,0.517765,0.669299,-0.500000,0.169299
352,0.458034,0.001320,0.516382,0.036330,-0.125000,-0.088670
353,0.457440,0.250799,0.516337,0.500798,-0.250000,0.250798
354,0.457245,0.389142,0.516644,0.623812,0.500000,-0.123812
355,0.456665,0.253674,0.516607,0.503660,0.250000,-0.253660
356,0.456105,0.259770,0.516588,0.509677,0.125000,-0.384677
357,0.455011,0.069791,0.515873,0.264180,0.000000,-0.264180
358,0.455835,0.746827,0.516857,0.864192,-0.500000,0.364192
359,0.454645,0.033298,0.515915,0.182478,0.375000,0.192522
360,0.453393,0.008879,0.514730,0.094229,0.375000,0.280771
361,0.452302,0.064059,0.513997,0.253098,0.250000,-0.003098
362,0.451105,0.023804,0.512992,0.154286,-0.125000,-0.279286
363,0.449884,0.012571,0.511876,0.112123,-0.125000,-0.012877
364,0.448851,0.078199,0.511231,0.279640,0.375000,0.095360
365,0.447695,0.031333,0.510305,0.177012,0.375000,0.197988
366,0.446615,0.056731,0.509553,0.238182,-0.250000,-0.011818
367,0.447268,0.683689,0.510427,0.826855,0.125000,-0.701855
368,0.447102,0.386902,0.510734,0.622014,0.500000,-0.122014
369,0.447586,0.623852,0.511499,0.789843,0.750000,-0.039843
370,0.446404,0.015050,0.510436,0.122677,0.000000,0.122677
371,0.445401,0.078137,0.509807,0.279529,0.500000,0.220471
372,0.445580,0.511253,0.510365,0.715019,-0.375000,0.340019
373,0.444374,0.000696,0.509053,0.026378,0.125000,0.098622
374,0.443496,0.119264,0.508611,0.345347,0.000000,0.345347
375,0.442361,0.022600,0.507645,0.150331,0.125000,0.275331
376,0.442160,0.367680,0.507910,0.606366,-0.750000,-0.143634
377,0.441284,0.115143,0.507458,0.339327,-0.625000,-0.285673
378,0.440374,0.101176,0.506952,0.318082,-0.500000,-0.181918
379,0.439494,0.110089,0.506485,0.331796,-0.625000,-0.293204
380,0.438401,0.028698,0.505588,0.169404,-0.125000,-0.294404
381,0.437242,0.001504,0.504350,0.038782,-0.375000,-0.413782
382,0.436319,0.088241,0.503802,0.297054,0.000000,-0.297054
383,0.435983,0.309010,0.503939,0.555887,0.250000,-0.305887
384,0.436826,0.756356,0.504902,0.869687,1.000000,0.130313
385,0.437546,0.711271,0.505790,0.843369,0.375000,-0.468369
386,0.436401,0.000045,0.504484,0.006738,-0.125000,-0.118262
387,0.436087,0.315956,0.504634,0.562100,-0.500000,0.062100
388,0.435021,0.026773,0.503746,0.163624,-0.375000,-0.211376
389,0.434038,0.056651,0.503056,0.238015,0.500000,0.261985
390,0.433037,0.047795,0.502319,0.218620,0.125000,-0.093620
391,0.432006,0.034099,0.501498,0.184660,-0.625000,-0.440340
392,0.439016,3.151748,0.504781,1.775316,1.125000,-0.650316
393,0.438579,0.269151,0.504817,0.518798,-0.875000,-0.356202
394,0.439036,0.616787,0.505537,0.785358,0.375000,-0.410358
395,0.437916,0.000858,0.504319,0.029293,0.250000,0.220707
396,0.437488,0.270373,0.504358,0.519974,0.625000,0.105026
397,0.436376,0.000291,0.503119,0.017066,-0.125000,-0.107934
398,0.435269,0.000246,0.501881,0.015684,0.000000,0.015684
399,0.441422,2.865853,0.504897,1.692883,-1.500000,0.192883
400,0.440409,0.040250,0.504128,0.200623,-0.125000,-0.325623
401,0.439673,0.148149,0.503828,0.384901,-0.125000,0.259901
402,0.439501,0.371061,0.504092,0.609147,0.250000,-0.359147
403,0.438685,0.114133,0.503676,0.337836,-0.125000,-0.462836
404,0.439387,0.719379,0.504537,0.848162,0.500000,-0.348162
405,0.438348,0.022718,0.503655,0.150724,0.000000,-0.150724
406,0.437300,0.017106,0.502727,0.130789,0.000000,0.130789
407,0.437024,0.325928,0.502896,0.570901,0.000000,0.570901
408,0.435942,0.000054,0.501670,0.007324,0.250000,0.257324
409,0.435699,0.337407,0.501865,0.580867,-0.500000,0.080867
410,0.434640,0.005815,0.500817,0.076259,-0.250000,-0.173741
411,0.434640,0.434792,0.501207,0.659387,0.500000,-0.159387
412,0.436215,1.077224,0.502522,1.037894,-1.000000,0.037894
413,0.435151,0.000819,0.501363,0.028625,-0.125000,-0.153625
414,0.434248,0.065086,0.500763,0.255119,0.375000,0.119881
415,0.433256,0.026461,0.499940,0.162670,-0.125000,0.037670
416,0.432396,0.079113,0.499409,0.281270,-0.500000,-0.218730
417,0.432107,0.312855,0.499554,0.559335,0.750000,0.190665
418,0.431066,0.001095,0.498428,0.033087,0.000000,-0.033087
419,0.430134,0.044372,0.497734,0.210647,-0.375000,-0.164353
420,0.429189,0.037010,0.497000,0.192380,0.375000,0.182620
421,0.428167,0.002880,0.495937,0.053662,0.000000,0.053662
422,0.427375,0.097204,0.495496,0.311776,0.250000,-0.061776
423,0.426863,0.213018,0.495415,0.461539,-0.500000,-0.038461
424,0.425880,0.013852,0.494516,0.117694,0.125000,0.007306
425,0.424917,0.020329,0.493680,0.142581,0.250000,0.107419
426,0.424057,0.062101,0.493101,0.249201,0.500000,0.250799
427,0.423059,0.002068,0.492043,0.045478,0.125000,0.079522
428,0.422061,0.000017,0.490892,0.004153,0.125000,0.120847
429,0.421185,0.049595,0.490261,0.222699,0.375000,0.152301
430,0.420215,0.007718,0.489316,0.087850,0.125000,0.212850
431,0.419263,0.013810,0.488446,0.117516,0.250000,0.367516
432,0.418788,0.216082,0.488390,0.464847,-0.250000,0.214847
433,0.418606,0.340658,0.488612,0.583659,-0.500000,0.083659
434,0.417750,0.050610,0.487999,0.224968,0.125000,-0.099968
435,0.417091,0.133730,0.487716,0.365691,0.375000,0.009309
436,0.416313,0.080754,0.487244,0.284173,0.125000,-0.159173
437,0.438440,9.997663,0.493421,3.161908,-3.375000,-0.213092
438,0.463954,11.511460,0.500102,3.392854,-1.500000,1.892854
439,0.463669,0.340039,0.500293,0.583128,0.375000,-0.208128
440,0.463932,0.578070,0.500889,0.760309,0.500000,-0.260309
441,0.465919,1.332371,0.502385,1.154284,0.000000,-1.154284
442,0.466314,0.638738,0.503062,0.799211,0.000000,-0.799211
443,0.465974,0.317047,0.503199,0.563070,-0.625000,-0.061930
444,0.465202,0.126418,0.502863,0.355553,-0.625000,-0.269447
445,0.467895,1.652694,0.504638,1.285571,-0.500000,0.785571
446,0.468352,0.670244,0.505349,0.818684,-0.625000,0.193684
447,0.467296,0.000283,0.504246,0.016825,-0.250000,-0.266825
448,0.467992,0.776233,0.505095,0.881041,0.000000,-0.881041
449,0.476764,4.371632,0.508658,2.090845,0.250000,-1.840845
450,0.477557,0.830527,0.509561,0.911332,0.500000,-0.411332
451,0.477236,0.334223,0.509714,0.578120,-0.750000,-0.171880
452,0.477451,0.573178,0.510267,0.757086,0.500000,-0.257086
453,0.478044,0.743945,0.511051,0.862523,-0.625000,0.237523
454,0.476984,0.001081,0.509988,0.032880,0.125000,0.157880
455,0.475928,0.000795,0.508920,0.028201,0.000000,0.028201
456,0.474925,0.022318,0.508125,0.149392,0.000000,0.149392
457,0.473890,0.006235,0.507177,0.078963,-0.250000,-0.171037
458,0.473660,0.369216,0.507399,0.607632,-0.625000,-0.017368
459,0.473340,0.328292,0.507543,0.572968,-0.375000,0.197968
460,0.472719,0.190166,0.507386,0.436081,-0.375000,0.061081
461,0.472266,0.265679,0.507404,0.515441,-0.250000,0.265441
462,0.474922,1.688859,0.509133,1.299561,-1.375000,-0.075439
463,0.523522,22.781936,0.518423,4.773043,-4.875000,-0.101957
464,0.522389,0.002390,0.517402,0.048886,-1.000000,-1.048886
465,0.522047,0.364774,0.517590,0.603965,0.125000,-0.478965
466,0.522295,0.636584,0.518197,0.797862,0.000000,-0.797862
467,0.532526,5.259410,0.522031,2.293340,0.750000,-1.543340
468,0.532020,0.297649,0.522081,0.545572,0.000000,-0.545572
469,0.530882,0.002789,0.521072,0.052809,-0.500000,-0.447191
470,0.530372,0.293575,0.521117,0.541825,0.125000,-0.416825
471,0.531533,1.072295,0.522218,1.035517,-0.125000,0.910517
472,0.530401,0.001827,0.521194,0.042738,-0.125000,-0.082262
473,0.529852,0.272741,0.521196,0.522246,0.250000,-0.272246
474,0.531283,1.202693,0.522420,1.096674,0.125000,-0.971674
475,0.539139,4.231485,0.525679,2.057057,1.000000,-1.057057
476,0.538050,0.025050,0.524900,0.158271,-0.125000,-0.283271
477,0.538320,0.665654,0.525515,0.815876,0.500000,-0.315876
478,0.537324,0.066509,0.524951,0.257894,0.125000,-0.132894
479,0.536255,0.029125,0.524205,0.170659,0.125000,-0.045659
480,0.536359,0.585810,0.524711,0.765383,0.625000,-0.140383
481,0.536219,0.469915,0.525049,0.685503,0.625000,-0.060503
482,0.535172,0.035423,0.524344,0.188210,-0.500000,-0.311790
483,0.534169,0.055044,0.523739,0.234615,-0.625000,-0.390385
484,0.533079,0.010847,0.522865,0.104147,0.000000,-0.104147
485,0.533980,0.966524,0.523822,0.983119,0.750000,-0.233119
486,0.532875,0.001392,0.522812,0.037308,-0.125000,-0.162308
487,0.531882,0.052910,0.522206,0.230022,-0.500000,-0.269978
488,0.531255,0.228547,0.522115,0.478066,-0.750000,-0.271934
489,0.530160,0.000451,0.521082,0.021248,-0.250000,-0.228752
490,0.529076,0.003212,0.520127,0.056677,0.250000,0.193323
491,0.528145,0.075691,0.519624,0.275120,0.500000,0.224880
492,0.528827,0.860838,0.520460,0.927813,0.750000,-0.177813
493,0.527762,0.008272,0.519582,0.090953,-0.250000,-0.340953
494,0.526818,0.064890,0.519041,0.254736,-0.375000,-0.120264
495,0.526171,0.209256,0.518916,0.457445,-0.250000,0.207445
496,0.529922,2.371530,0.520991,1.539977,-1.125000,0.414977
497,0.533081,2.087356,0.522865,1.444768,-1.375000,0.069768
498,0.532510,0.251012,0.522821,0.501011,-0.500000,0.001011
499,0.531459,0.012410,0.521989,0.111402,-0.625000,-0.736402
500,0.530431,0.021625,0.521234,0.147056,-0.250000,-0.397056
501,0.529637,0.135825,0.520926,0.368544,0.125000,-0.243544
502,0.528597,0.011690,0.520097,0.108120,-0.375000,-0.266880
503,0.528202,0.331395,0.520209,0.575669,0.250000,-0.325669
504,0.527149,0.001924,0.519256,0.043861,0.125000,0.081139
505,0.527928,0.917059,0.520131,0.957632,-0.750000,0.207632
506,0.527013,0.068981,0.519618,0.262642,-0.250000,0.012642
507,0.526148,0.091736,0.519187,0.302880,-0.125000,0.177880
508,0.527018,0.964430,0.520106,0.982054,-1.125000,-0.142946
509,0.527241,0.639916,0.520660,0.799948,0.625000,-0.174948
510,0.526537,0.170942,0.520448,0.413452,-0.500000,-0.086548
511,0.527736,1.134351,0.521522,1.065059,0.625000,-0.440059
512,0.528188,0.757553,0.522209,0.870375,0.625000,-0.245375
513,0.527497,0.176085,0.522007,0.419625,-0.500000,-0.080375
514,0.526488,0.012877,0.521206,0.113477,-0.375000,-0.261523
515,0.525724,0.136265,0.520909,0.369141,-0.375000,-0.005859
516,0.528490,1.941802,0.522613,1.393486,-1.375000,0.018486
517,0.527684,0.115183,0.522256,0.339386,0.125000,-0.214386
518,0.528571,0.983401,0.523169,0.991666,-0.875000,0.116666
519,0.527686,0.072761,0.522677,0.269743,-0.250000,-0.519743
520,0.527115,0.233405,0.522600,0.483120,-0.750000,-0.266880
521,0.526108,0.006543,0.521746,0.080891,0.000000,-0.080891
522,0.526290,0.620355,0.522259,0.787626,0.625000,-0.162626
523,0.525279,0.001199,0.521320,0.034627,0.125000,0.090373
524,0.524313,0.022998,0.520609,0.151650,-0.250000,-0.098350
525,0.523307,0.000447,0.519650,0.021149,-0.125000,-0.103851
526,0.522492,0.097668,0.519253,0.312519,-0.125000,0.187519
527,0.521500,0.003590,0.518375,0.059920,-0.125000,-0.065080
528,0.520576,0.037822,0.517757,0.194480,-0.125000,0.069480
529,0.519955,0.194329,0.517610,0.440828,0.250000,-0.190828
530,0.519518,0.289947,0.517650,0.538468,0.250000,-0.288468
531,0.519527,0.524423,0.518042,0.724171,0.500000,-0.224171
532,0.519751,0.637539,0.518573,0.798460,0.625000,-0.173460
533,0.518875,0.056712,0.518043,0.238143,0.125000,-0.113143
534,0.518420,0.277823,0.518060,0.527089,-0.375000,0.152089
535,0.517904,0.244341,0.518015,0.494308,0.375000,-0.119308
536,0.517044,0.060306,0.517503,0.245572,-0.250000,-0.004428
537,0.516387,0.166742,0.517298,0.408340,0.250000,-0.158340
538,0.515461,0.021988,0.516607,0.148284,-0.250000,-0.101716
539,0.514498,0.000009,0.515647,0.002949,-0.250000,-0.247051
540,0.513548,0.005725,0.514826,0.075662,-0.375000,-0.299338
541,0.512734,0.076164,0.514381,0.275979,0.125000,-0.150979
542,0.512025,0.131453,0.514099,0.362564,0.250000,-0.112564
543,0.511546,0.253764,0.514080,0.503750,0.375000,-0.128750
544,0.510729,0.070124,0.513618,0.264809,-0.375000,-0.110191
545,0.509936,0.082172,0.513199,0.286657,-0.500000,-0.213343
546,0.509018,0.011894,0.512453,0.109059,0.125000,0.015941
547,0.508323,0.131600,0.512178,0.362768,0.500000,0.137232
548,0.507396,0.004222,0.511356,0.064977,0.000000,0.064977
549,0.506910,0.242484,0.511321,0.492427,0.375000,-0.117427
550,0.507691,0.933275,0.512154,0.966061,0.875000,-0.091061
551,0.506928,0.090615,0.511768,0.301023,-0.375000,-0.073977
552,0.506835,0.456071,0.512066,0.675330,-0.750000,-0.074670
553,0.506133,0.121316,0.511768,0.348305,-0.250000,0.098305
554,0.505728,0.283520,0.511806,0.532466,-0.500000,0.032466
555,0.505346,0.295207,0.511863,0.543330,0.375000,-0.168330
556,0.504440,0.004817,0.511061,0.069401,-0.125000,-0.055599
557,0.503628,0.055376,0.510563,0.235322,0.000000,-0.235322
558,0.503917,0.664028,0.511112,0.814879,0.500000,-0.314879
559,0.503121,0.061825,0.510639,0.248647,0.375000,0.126353
560,0.502435,0.121740,0.510348,0.348913,-0.250000,0.098913
561,0.502222,0.384279,0.510545,0.619902,-0.625000,-0.005098
562,0.501325,0.001686,0.509703,0.041066,0.125000,0.083934
563,0.500449,0.011400,0.508983,0.106770,0.125000,0.018230
564,0.499591,0.020129,0.508327,0.141877,-0.125000,0.016877
565,0.498715,0.007897,0.507579,0.088868,0.000000,-0.088868
566,0.497835,0.003971,0.506788,0.063019,0.000000,-0.063019
567,0.496952,0.000751,0.505937,0.027400,-0.125000,-0.097600
568,0.497183,0.627311,0.506444,0.792030,-0.750000,0.042030
569,0.496421,0.066695,0.506005,0.258254,0.250000,-0.008254
570,0.495589,0.025840,0.505395,0.160749,-0.125000,0.035749
571,0.494866,0.085162,0.505018,0.291825,-0.375000,-0.083175
572,0.494795,0.454703,0.505316,0.674316,-0.750000,-0.075684
573,0.494816,0.506675,0.505679,0.711811,-0.750000,-0.038189
574,0.494299,0.200379,0.505577,0.447637,0.250000,-0.197637
575,0.493629,0.111484,0.505277,0.333892,-0.250000,0.083892
576,0.492823,0.032669,0.504709,0.180746,-0.250000,-0.069254
577,0.491999,0.020693,0.504079,0.143852,0.000000,-0.143852
578,0.491425,0.162648,0.503904,0.403297,-0.250000,0.153297
579,0.490737,0.095647,0.503565,0.309269,-0.250000,0.059269
580,0.490894,0.581231,0.504015,0.762385,-0.625000,0.137385
581,0.490086,0.024558,0.503413,0.156710,-0.125000,0.031710
582,0.489372,0.077408,0.503023,0.278222,0.250000,-0.028222
583,0.488607,0.046427,0.502527,0.215469,0.250000,0.034531
584,0.488297,0.308866,0.502618,0.555757,0.375000,-0.180757
585,0.487539,0.047916,0.502130,0.218897,0.125000,-0.093897
586,0.486889,0.109093,0.501835,0.330292,0.250000,-0.080292
587,0.486079,0.014907,0.501183,0.122094,0.125000,0.002906
588,0.485413,0.097168,0.500859,0.311717,-0.250000,0.061717
589,0.484584,0.000219,0.500028,0.014799,0.000000,-0.014799
590,0.483950,0.113394,0.499749,0.336741,-0.375000,-0.038259
591,0.483567,0.259021,0.499765,0.508941,0.375000,-0.133941
592,0.482763,0.011006,0.499094,0.104908,0.000000,-0.104908
593,0.482861,0.540292,0.499494,0.735046,0.625000,-0.110046
594,0.482292,0.147028,0.499298,0.383443,0.250000,-0.133443
595,0.481556,0.047650,0.498822,0.218290,0.250000,0.031710
596,0.481178,0.257552,0.498837,0.507496,-0.500000,0.007496
597,0.480691,0.192087,0.498735,0.438278,0.375000,-0.063278
598,0.480070,0.112124,0.498459,0.334849,0.375000,0.040151
599,0.479267,0.002398,0.497703,0.048965,-0.125000,-0.076035
600,0.478671,0.123960,0.497459,0.352080,0.250000,-0.102080
601,0.477994,0.074193,0.497082,0.272383,0.125000,-0.147383
602,0.477196,0.000986,0.496303,0.031394,-0.125000,-0.093606
603,0.476427,0.016436,0.495689,0.128204,0.000000,-0.128204
604,0.475701,0.040844,0.495199,0.202100,-0.125000,0.077100
605,0.474935,0.015450,0.494582,0.124298,-0.250000,-0.125702
606,0.474207,0.036555,0.494078,0.191194,0.125000,-0.066194
607,0.473674,0.153214,0.493908,0.391425,-0.500000,-0.108575
608,0.472938,0.029021,0.493372,0.170354,0.000000,-0.170354
609,0.472937,0.472004,0.493692,0.687025,-0.625000,0.062025
610,0.472173,0.009931,0.493042,0.099656,0.000000,-0.099656
611,0.473117,1.045328,0.493914,1.022413,-1.000000,0.022413
612,0.473657,0.801753,0.494575,0.895407,-1.000000,-0.104593
613,0.473050,0.103646,0.494291,0.321941,-0.375000,-0.053059
614,0.472793,0.316141,0.494403,0.562264,0.625000,0.062736
615,0.472625,0.370405,0.494589,0.608609,-0.625000,-0.016391
616,0.471859,0.003960,0.493884,0.062928,-0.125000,-0.187928
617,0.471090,0.000043,0.493089,0.006576,0.000000,0.006576
618,0.470335,0.007938,0.492431,0.089097,0.125000,0.035903
619,0.469924,0.217206,0.492388,0.466053,-0.375000,0.091053
620,0.469317,0.096259,0.492093,0.310256,0.375000,0.064744
621,0.469909,0.834300,0.492775,0.913400,0.875000,-0.038400
622,0.469234,0.053118,0.492351,0.230474,-0.375000,-0.144526
623,0.469002,0.325499,0.492477,0.570525,-0.750000,-0.179475
624,0.468246,0.000517,0.491720,0.022733,-0.125000,-0.102267
625,0.467554,0.038348,0.491243,0.195827,-0.125000,0.070827
626,0.466976,0.108115,0.490982,0.328808,0.250000,-0.078808
627,0.466334,0.066795,0.490609,0.258448,-0.250000,0.008448
628,0.465594,0.004757,0.489933,0.068972,-0.125000,-0.193972
629,0.465767,0.573350,0.490361,0.757199,0.500000,-0.257199
630,0.465173,0.094252,0.490068,0.307005,-0.250000,0.057005
631,0.466776,1.470469,0.491220,1.212629,-1.250000,-0.037371
632,0.466108,0.046795,0.490783,0.216322,0.125000,-0.091322
633,0.466151,0.493382,0.491119,0.702411,-0.625000,0.077411
634,0.465550,0.087287,0.490808,0.295445,-0.500000,-0.204555
635,0.471553,4.253928,0.493299,2.062505,-2.125000,-0.062495
636,0.471315,0.320627,0.493415,0.566239,-0.625000,-0.058761
637,0.470744,0.110267,0.493160,0.332064,0.000000,-0.332064
638,0.470018,0.010061,0.492540,0.100304,0.000000,-0.100304
639,0.474065,3.039903,0.494510,1.743532,1.500000,-0.243532
640,0.474542,0.777433,0.495119,0.881722,0.750000,-0.131722
641,0.475472,1.067443,0.495964,1.033171,1.000000,-0.033171
642,0.474747,0.012964,0.495365,0.113861,-0.250000,-0.136139
643,0.476384,1.520771,0.496519,1.233195,-1.125000,0.108195
644,0.476106,0.298150,0.496597,0.546031,-0.625000,-0.078969
645,0.475639,0.176667,0.496478,0.420318,-0.500000,-0.079682
646,0.474931,0.021357,0.495932,0.146142,-0.500000,-0.353858
647,0.474317,0.080106,0.495601,0.283030,-0.125000,-0.408030
648,0.473757,0.113654,0.495355,0.337126,0.125000,-0.212126
649,0.473058,0.022926,0.494822,0.151412,-0.125000,-0.276412
650,0.472811,0.313154,0.494922,0.559602,-0.750000,-0.190398
651,0.473235,0.747559,0.495493,0.864615,1.000000,0.135385
652,0.472600,0.061788,0.495112,0.248572,0.125000,0.373572
653,0.471963,0.058781,0.494723,0.242448,0.250000,0.007552
654,0.471572,0.217829,0.494680,0.466721,-0.625000,-0.158279
655,0.471132,0.185390,0.494581,0.430569,-0.625000,-0.194431
656,0.470469,0.038707,0.494125,0.196741,0.000000,-0.196741
657,0.469814,0.042562,0.493684,0.206305,0.125000,-0.081305
658,0.469096,0.000613,0.492967,0.024755,-0.125000,-0.100245
659,0.469276,0.586945,0.493384,0.766124,-1.000000,-0.233876
660,0.468612,0.033829,0.492912,0.183927,-0.375000,-0.191073
661,0.468302,0.264839,0.492945,0.514625,0.375000,-0.139625
662,0.467647,0.037068,0.492489,0.192531,0.250000,0.057469
663,0.466946,0.005728,0.491856,0.075686,-0.250000,-0.174314
664,0.466632,0.259964,0.491883,0.509867,0.375000,-0.134867
665,0.466061,0.088731,0.491590,0.297877,-0.375000,-0.077123
666,0.465404,0.031640,0.491116,0.177876,-0.375000,-0.197124
667,0.464930,0.151103,0.490962,0.388720,0.375000,-0.013720
668,0.464255,0.016521,0.490416,0.128535,0.125000,-0.003535
669,0.463602,0.030332,0.489940,0.174162,0.000000,-0.174162
670,0.462950,0.028815,0.489459,0.169749,-0.250000,-0.080251
671,0.462256,0.000311,0.488752,0.017622,-0.125000,-0.107378
672,0.461756,0.128242,0.488556,0.358110,0.250000,-0.108110
673,0.461085,0.012960,0.487996,0.113841,0.125000,0.011159
674,0.462477,1.393911,0.489030,1.180640,1.125000,-0.055640
675,0.462278,0.328457,0.489155,0.573112,-0.625000,-0.051888
676,0.463893,1.547927,0.490279,1.244157,-1.625000,-0.380843
677,0.463204,0.000003,0.489553,0.001793,-0.125000,-0.123207
678,0.462858,0.230345,0.489539,0.479943,-0.375000,0.104943
679,0.462173,0.000062,0.488825,0.007888,-0.125000,-0.132888
680,0.461954,0.314307,0.488931,0.560631,-0.625000,-0.064369
681,0.461820,0.371223,0.489109,0.609281,-0.750000,-0.140719
682,0.462003,0.585946,0.489517,0.765471,0.375000,-0.390471
683,0.462045,0.490342,0.489827,0.700244,0.750000,0.049756
684,0.467523,4.187287,0.492116,2.046286,2.125000,0.078714
685,0.467096,0.176680,0.492011,0.420333,-0.500000,-0.079667
686,0.466416,0.003124,0.491371,0.055896,-0.375000,-0.319104
687,0.467052,0.900965,0.492042,0.949192,-1.250000,-0.300808
688,0.466585,0.147810,0.491884,0.384460,-0.625000,-0.240540
689,0.465934,0.020690,0.491376,0.143842,0.125000,-0.018842
690,0.465516,0.179259,0.491277,0.423390,-0.500000,-0.076610
691,0.465991,0.791737,0.491857,0.889796,-1.375000,-0.485204
692,0.465470,0.107358,0.491618,0.327655,-1.000000,-0.672345
693,0.465224,0.296167,0.491695,0.544212,-0.750000,-0.205788
694,0.468139,2.476436,0.493263,1.573669,1.500000,-0.073669
695,0.467782,0.221610,0.493230,0.470755,-0.125000,0.345755
696,0.467305,0.137421,0.493053,0.370703,-0.500000,-0.129297
697,0.466693,0.043481,0.492643,0.208520,-0.125000,-0.333520
698,0.472565,4.541355,0.495003,2.131046,2.125000,-0.006046
699,0.471956,0.049612,0.494612,0.222739,0.250000,0.027261
700,0.471278,0.000350,0.493928,0.018714,-0.250000,-0.231286
701,0.470950,0.242080,0.493925,0.492016,0.125000,-0.367016
702,0.475822,3.872154,0.496037,1.967779,1.625000,-0.342779
703,0.475258,0.081421,0.495735,0.285344,-0.500000,-0.214656
704,0.475088,0.356247,0.495880,0.596864,0.125000,-0.471864
705,0.474476,0.045958,0.495478,0.214377,-0.500000,-0.285623
706,0.474102,0.211610,0.495428,0.460010,0.125000,-0.335010
707,0.474258,0.584427,0.495810,0.764478,0.500000,-0.264478
708,0.473613,0.019783,0.495306,0.140651,0.125000,-0.015651
709,0.473107,0.116644,0.495088,0.341532,0.125000,-0.216532
710,0.472768,0.233932,0.495072,0.483665,0.375000,-0.108665
711,0.472293,0.137072,0.494895,0.370232,-0.250000,0.120232
712,0.472298,0.475958,0.495170,0.689897,-0.625000,0.064897
713,0.472490,0.608553,0.495572,0.780098,-0.750000,0.030098
714,0.471846,0.015360,0.495049,0.123937,0.000000,0.123937
715,0.471755,0.406983,0.495250,0.637953,0.625000,-0.012953
716,0.471155,0.044051,0.494849,0.209883,-0.250000,-0.040117
717,0.470637,0.102010,0.494603,0.319390,0.125000,-0.194390
718,0.470006,0.020026,0.494109,0.141513,-0.125000,0.016513
719,0.469351,0.002194,0.493483,0.046836,0.125000,0.171836
720,0.468707,0.007795,0.492917,0.088287,0.125000,0.213287
721,0.468058,0.003527,0.492312,0.059392,0.125000,0.184392
722,0.468153,0.535984,0.492646,0.732110,-0.750000,-0.017890
723,0.468511,0.725898,0.493146,0.851996,0.750000,-0.101996
724,0.467862,0.000839,0.492501,0.028961,0.000000,-0.028961
725,0.467229,0.012112,0.491971,0.110057,-0.250000,-0.139943
726,0.467345,0.550908,0.492318,0.742232,0.500000,-0.242232
727,0.466819,0.087122,0.492045,0.295164,0.125000,-0.170164
728,0.467678,1.088529,0.492806,1.043326,0.875000,-0.168326
729,0.467044,0.007876,0.492249,0.088744,-0.125000,-0.036256
730,0.466481,0.058243,0.491903,0.241337,-0.375000,-0.133663
731,0.466264,0.308585,0.491991,0.555504,0.250000,-0.305504
732,0.465819,0.142480,0.491834,0.377465,0.250000,-0.127465
733,0.466398,0.888144,0.492452,0.942414,0.750000,-0.192414
734,0.466287,0.385369,0.492628,0.620781,0.375000,-0.245781
735,0.466161,0.374105,0.492790,0.611641,0.375000,-0.236641
736,0.465582,0.042143,0.492398,0.205288,-0.375000,-0.169712
737,0.465089,0.104451,0.492167,0.323188,-0.500000,-0.176812
738,0.465313,0.629642,0.492577,0.793500,0.750000,-0.043500
739,0.465187,0.372271,0.492737,0.610140,-0.625000,-0.014860
740,0.464583,0.021071,0.492265,0.145160,-0.250000,-0.395160
741,0.463963,0.007690,0.491716,0.087692,-0.125000,-0.212692
742,0.463342,0.005263,0.491148,0.072547,0.000000,-0.072547
743,0.462944,0.169290,0.491040,0.411449,0.250000,-0.161449
744,0.462335,0.012384,0.490527,0.111282,0.125000,0.013718
745,0.461835,0.091410,0.490273,0.302341,-0.375000,-0.072659
746,0.461581,0.274027,0.490318,0.523476,0.375000,-0.148476
747,0.461173,0.158102,0.490193,0.397621,-0.375000,0.022621
748,0.468806,6.140373,0.492865,2.477978,-2.500000,-0.022022
749,0.469232,0.786310,0.493393,0.886741,-1.250000,-0.363259
750,0.468604,0.000531,0.492763,0.023046,0.000000,-0.023046
751,0.468046,0.051590,0.492407,0.227135,-0.375000,-0.147865
752,0.467483,0.046745,0.492038,0.216205,-0.250000,-0.466205
753,0.468194,1.000401,0.492717,1.000200,0.750000,-0.250200
754,0.467624,0.040300,0.492327,0.200749,-0.250000,-0.049251
755,0.475199,6.156716,0.494976,2.481273,2.250000,-0.231273
756,0.478480,2.942677,0.496599,1.715423,1.875000,0.159577
757,0.498429,15.499881,0.501168,3.936989,4.000000,0.063011
758,0.506052,6.246169,0.503817,2.499234,1.375000,-1.124234
759,0.505419,0.028059,0.503372,0.167509,-0.500000,-0.667509
760,0.505415,0.502313,0.503644,0.708740,-1.125000,-0.416260
761,0.506000,0.948365,0.504265,0.973841,-1.500000,-0.526159
762,0.507268,1.467577,0.505198,1.211436,0.625000,-0.586436
763,0.509860,2.474185,0.506605,1.572954,0.750000,-0.822954
764,0.512655,2.633800,0.508073,1.622898,1.000000,-0.622898
765,0.512737,0.575277,0.508402,0.758470,-1.125000,-0.366530
766,0.512262,0.150514,0.508244,0.387962,-0.250000,-0.637962
767,0.521775,7.771166,0.511232,2.787681,-2.500000,0.287681
768,0.522120,0.784850,0.511722,0.885918,0.500000,-0.385918
769,0.522516,0.825141,0.512241,0.908373,1.500000,0.591627
770,0.527032,3.982145,0.514177,1.995531,-1.000000,0.995531
771,0.527131,0.602516,0.514519,0.776219,0.500000,-0.276219
772,0.527651,0.926497,0.515102,0.962547,-1.000000,-0.037453
773,0.528691,1.328062,0.515931,1.152416,-1.125000,0.027416
774,0.531351,2.576239,0.517345,1.605067,1.625000,0.019933
775,0.533868,2.472320,0.518714,1.572361,-0.625000,0.947361
776,0.534161,0.760406,0.519171,0.872013,-0.875000,-0.002987
777,0.533473,0.001922,0.518556,0.043837,-0.125000,-0.168837
778,0.532785,0.000717,0.517921,0.026783,-0.250000,-0.223217
779,0.532365,0.207550,0.517841,0.455577,0.375000,-0.080577
780,0.531899,0.170884,0.517706,0.413381,0.750000,0.336619
781,0.531218,0.002771,0.517108,0.052638,0.000000,-0.052638
782,0.532890,1.831986,0.518183,1.353509,-1.500000,-0.146491
783,0.532545,0.263955,0.518177,0.513766,0.250000,-0.263766
784,0.531869,0.005185,0.517605,0.072009,0.000000,0.072009
785,0.531811,0.487138,0.517836,0.697953,-0.500000,0.197953
786,0.531178,0.036067,0.517416,0.189914,-0.125000,0.064914
787,0.530567,0.052860,0.517049,0.229913,0.125000,-0.104913
788,0.529941,0.040245,0.516646,0.200611,0.000000,-0.200611
789,0.529355,0.069517,0.516323,0.263661,-0.250000,0.013661
790,0.529500,0.643684,0.516687,0.802299,-0.625000,0.177299
791,0.528896,0.054394,0.516327,0.233224,0.250000,0.016776
792,0.528316,0.071849,0.516012,0.268046,-0.125000,0.143046
793,0.556015,22.382099,0.521354,4.730972,4.750000,0.019028
794,0.556315,0.793068,0.521821,0.890544,0.625000,-0.265544
795,0.555626,0.011762,0.521299,0.108455,-0.250000,-0.358455
796,0.556950,1.603808,0.522240,1.266415,0.625000,-0.641415
797,0.556249,0.001574,0.521631,0.039669,-0.125000,-0.164669
798,0.555572,0.018392,0.521145,0.135618,-0.250000,-0.114382
799,0.554876,0.002711,0.520555,0.052066,0.125000,0.072934
800,0.554848,0.532503,0.520818,0.729728,0.250000,-0.479728
801,0.563786,7.678470,0.523641,2.771005,2.000000,-0.771005
802,0.563600,0.415245,0.523792,0.644395,0.625000,-0.019395
803,0.563464,0.454918,0.523981,0.674476,0.625000,-0.049476
804,0.563425,0.531976,0.524238,0.729367,0.750000,0.020633
805,0.562860,0.110644,0.523998,0.332632,0.875000,0.542368
806,0.562374,0.173580,0.523865,0.416630,0.000000,0.416630
807,0.561772,0.079025,0.523562,0.281114,0.000000,0.281114
808,0.562572,1.204503,0.524276,1.097498,-1.000000,0.097498
809,0.563686,1.459818,0.525126,1.208229,-1.375000,-0.166771
810,0.563676,0.555658,0.525399,0.745425,0.500000,-0.245425
811,0.565642,2.150173,0.526565,1.466347,-1.375000,0.091347
812,0.570249,4.288176,0.528476,2.070791,1.500000,-0.570791
813,0.569948,0.326388,0.528529,0.571304,0.875000,0.303696
814,0.569362,0.095134,0.528257,0.308438,0.000000,0.308438
815,0.568903,0.197166,0.528154,0.444033,-0.250000,0.194033
816,0.568307,0.085352,0.527863,0.292150,0.125000,0.417150
817,0.569864,1.834023,0.528879,1.354261,1.625000,0.270739
818,0.569325,0.131021,0.528674,0.361968,0.250000,0.611968
819,0.568709,0.066885,0.528343,0.258621,0.000000,0.258621
820,0.568057,0.036771,0.527931,0.191758,-0.250000,-0.058242
821,0.571787,3.615393,0.529612,1.901419,1.875000,-0.026419
822,0.571141,0.043676,0.529220,0.208987,0.625000,0.416013
823,0.571134,0.565773,0.529492,0.752179,-0.500000,0.252179
824,0.570863,0.348399,0.529566,0.590253,-0.500000,0.090253
825,0.570702,0.438794,0.529728,0.662415,0.750000,0.087585
826,0.570013,0.004162,0.529162,0.064514,0.375000,0.310486
827,0.570830,1.242622,0.529873,1.114729,1.375000,0.260271
828,0.571288,0.948662,0.530412,0.973993,-0.625000,0.348993
829,0.571200,0.498725,0.530626,0.706205,0.625000,-0.081205
830,0.570592,0.068367,0.530300,0.261470,0.500000,0.238530
831,0.569919,0.014293,0.529803,0.119553,0.500000,0.380447
832,0.569324,0.077065,0.529498,0.277606,0.000000,0.277606
833,0.569206,0.471986,0.529688,0.687012,-0.375000,0.312012
834,0.570117,1.325336,0.530437,1.151232,-1.125000,0.026232
835,0.569662,0.191298,0.530325,0.437377,0.500000,0.062623
836,0.568988,0.009595,0.529806,0.097954,0.125000,0.222954
837,0.568527,0.184881,0.529686,0.429977,-0.250000,0.179977
838,0.567856,0.008902,0.529164,0.094349,0.000000,0.094349
839,0.567177,0.000353,0.528553,0.018785,0.125000,0.143785
840,0.566498,0.000024,0.527926,0.004899,0.250000,0.254899
841,0.565825,0.003196,0.527363,0.056534,0.375000,0.318466
842,0.565250,0.083451,0.527078,0.288879,0.000000,0.288879
843,0.565703,0.945550,0.527609,0.972394,-0.750000,0.222394
844,0.565030,0.000377,0.527004,0.019413,0.125000,0.144413
845,0.564362,0.003010,0.526443,0.054866,0.250000,0.195134
846,0.564105,0.348436,0.526519,0.590285,-0.500000,0.090285
847,0.563915,0.403626,0.526648,0.635315,-0.625000,0.010315
848,0.563357,0.092749,0.526384,0.304546,0.250000,-0.054546
849,0.564631,1.640572,0.527277,1.280848,1.375000,0.094152
850,0.564013,0.041276,0.526894,0.203165,0.125000,0.328165
851,0.563420,0.062300,0.526567,0.249601,0.000000,0.249601
852,0.564283,1.295105,0.527288,1.138027,-0.875000,0.263027
853,0.563619,0.000127,0.526680,0.011287,0.250000,0.238713
854,0.563881,0.786198,0.527104,0.886678,-0.375000,0.511678
855,0.563329,0.094364,0.526845,0.307188,0.000000,0.307188
856,0.563013,0.294154,0.526863,0.542360,-0.375000,0.167360
857,0.562556,0.173010,0.526733,0.415945,-0.250000,0.165945
858,0.561997,0.085106,0.526458,0.291730,0.500000,0.208270
859,0.561351,0.010051,0.525960,0.100255,0.250000,0.350255
860,0.561340,0.551762,0.526213,0.742807,1.000000,0.257193
861,0.560810,0.107436,0.525982,0.327774,0.000000,0.327774
862,0.561478,1.133834,0.526610,1.064816,1.250000,0.185184
863,0.560833,0.007485,0.526097,0.086513,0.375000,0.288487
864,0.560212,0.026760,0.525676,0.163584,0.000000,0.163584
865,0.562051,2.143316,0.526765,1.464007,-1.375000,0.089007
866,0.561860,0.397191,0.526886,0.630231,0.625000,-0.005231
867,0.561257,0.042243,0.526513,0.205530,-0.125000,0.080530
868,0.562027,1.226335,0.527185,1.107400,1.125000,0.017600
869,0.562250,0.755112,0.527581,0.868972,0.875000,0.006028
870,0.561718,0.101044,0.527338,0.317874,-0.250000,0.067874
871,0.561151,0.070213,0.527036,0.264977,-0.375000,-0.110023
872,0.560505,0.000847,0.526462,0.029096,0.125000,0.095904
873,0.560024,0.141698,0.526290,0.376428,0.625000,0.248572
874,0.561562,1.898463,0.527268,1.377847,-1.125000,0.252847
875,0.561034,0.101379,0.527029,0.318401,0.250000,-0.068401
876,0.560473,0.072101,0.526732,0.268517,0.250000,-0.018517
877,0.562024,1.914580,0.527714,1.383683,1.500000,0.116317
878,0.561399,0.015532,0.527252,0.124628,0.375000,0.250372
879,0.561005,0.216875,0.527182,0.465698,-0.375000,0.090698
880,0.560498,0.116622,0.526970,0.341499,0.250000,-0.091499
881,0.559891,0.028707,0.526562,0.169430,0.000000,0.169430
882,0.559254,0.000247,0.525981,0.015724,0.375000,0.390724
883,0.558625,0.006198,0.525472,0.078727,0.125000,0.203727
884,0.558307,0.278772,0.525475,0.527989,-0.375000,0.152989
885,0.557786,0.099862,0.525237,0.316009,0.375000,0.058991
886,0.557246,0.081373,0.524965,0.285260,0.000000,0.285260
887,0.558686,1.828536,0.525902,1.352234,-1.125000,0.227234
888,0.558152,0.086364,0.525639,0.293877,-0.375000,-0.081123
889,0.560144,2.321436,0.526767,1.523626,1.625000,0.101374
890,0.559512,0.000017,0.526177,0.004102,0.375000,0.370898
891,0.560584,1.510639,0.526969,1.229081,-1.000000,0.229081
892,0.559955,0.001501,0.526420,0.038737,0.000000,-0.038737
893,0.559777,0.401907,0.526541,0.633961,-0.375000,0.258961
894,0.559385,0.210733,0.526465,0.459056,-0.125000,0.334056
895,0.558761,0.003847,0.525944,0.062027,0.250000,0.312027
896,0.558145,0.009364,0.525462,0.096769,0.250000,0.153231
897,0.557520,0.000081,0.524884,0.009008,0.125000,0.115992
898,0.556988,0.081872,0.524617,0.286133,0.000000,0.286133
899,0.556366,0.000011,0.524035,0.003291,0.125000,0.128291
900,0.555760,0.013620,0.523580,0.116704,0.000000,0.116704
901,0.555193,0.047342,0.523239,0.217583,0.375000,0.157417
902,0.554840,0.237913,0.523199,0.487763,-0.375000,0.112763
903,0.554231,0.007369,0.522713,0.085842,0.000000,-0.085842
904,0.560252,5.973466,0.524848,2.444067,2.500000,0.055933
905,0.568682,8.155280,0.527435,2.855745,-2.625000,0.230745
906,0.568739,0.620538,0.527723,0.787742,-1.750000,-0.962258
907,0.568110,0.000065,0.527148,0.008050,0.000000,-0.008050
908,0.568883,1.266993,0.527810,1.125608,-0.625000,0.500608
909,0.571842,3.246819,0.529218,1.801893,-1.625000,0.176893
910,0.573306,1.898348,0.530154,1.377805,1.375000,-0.002805
911,0.573150,0.431915,0.530294,0.657203,-0.500000,0.157203
912,0.574619,1.907246,0.531231,1.381031,1.500000,0.118969
913,0.574585,0.543146,0.531458,0.736985,0.000000,0.736985
914,0.574071,0.107064,0.531233,0.327206,-0.125000,0.202206
915,0.573696,0.232554,0.531179,0.482238,-0.250000,0.232238
916,0.573296,0.208405,0.531097,0.456514,0.125000,0.581514
917,0.572675,0.006880,0.530607,0.082943,0.000000,0.082943
918,0.572306,0.235228,0.530557,0.485003,-0.375000,0.110003
919,0.572357,0.619291,0.530837,0.786950,-0.750000,0.036950
920,0.571737,0.003732,0.530324,0.061093,0.000000,-0.061093
921,0.571322,0.191287,0.530223,0.437364,-0.375000,0.062364
922,0.572007,1.200403,0.530839,1.095629,-1.125000,-0.029371
923,0.572372,0.907937,0.531298,0.952857,0.875000,-0.077857
924,0.572063,0.287728,0.531303,0.536403,0.625000,0.088597
925,0.571932,0.451732,0.531456,0.672110,-0.375000,0.297110
926,0.571315,0.002223,0.530931,0.047145,0.125000,0.077855
927,0.571228,0.491575,0.531115,0.701124,0.875000,0.173876
928,0.585153,13.437507,0.534508,3.665721,3.875000,0.209279
929,0.601697,15.888660,0.538239,3.986058,3.875000,-0.111058
930,0.602294,1.154257,0.538818,1.074364,-0.750000,0.324364
931,0.607195,5.145823,0.540684,2.268441,-2.500000,-0.231559
932,0.606627,0.080302,0.540407,0.283376,0.125000,-0.158376
933,0.606021,0.043724,0.540050,0.209104,0.250000,0.040896
934,0.605862,0.457480,0.540197,0.676373,0.375000,-0.301373
935,0.605522,0.289217,0.540194,0.537789,0.000000,-0.537789