# TEST CONFIGURATION BEGIN
# File Stream: filename: air_company_stock3.csv  -  n_targets: 1
# [air_company_stock3_ADE_HOMO_ABSTAIN_HATREE_SIZE_8] Pipeline: Array BaseStreamModel: base_models: [<skmultiflow.trees.regression_hoeffding_adaptive_tree.RegressionHAT object at 0x7f223ca74e48>, <skmultiflow.trees.regression_hoeffding_adaptive_tree.RegressionHAT object at 0x7f223ca742e8>, <skmultiflow.trees.regression_hoeffding_adaptive_tree.RegressionHAT object at 0x7f223ca74320>, <skmultiflow.trees.regression_hoeffding_adaptive_tree.RegressionHAT object at 0x7f223ca74358>, <skmultiflow.trees.regression_hoeffding_adaptive_tree.RegressionHAT object at 0x7f223ca74390>, <skmultiflow.trees.regression_hoeffding_adaptive_tree.RegressionHAT object at 0x7f223ca743c8>, <skmultiflow.trees.regression_hoeffding_adaptive_tree.RegressionHAT object at 0x7f223ca74400>, <skmultiflow.trees.regression_hoeffding_adaptive_tree.RegressionHAT object at 0x7f223b0595c0>]
 Array BaseStreamModel: base_models: [<skmultiflow.trees.regression_hoeffding_adaptive_tree.RegressionHAT object at 0x7f223ca74e48>, <skmultiflow.trees.regression_hoeffding_adaptive_tree.RegressionHAT object at 0x7f223ca742e8>, <skmultiflow.trees.regression_hoeffding_adaptive_tree.RegressionHAT object at 0x7f223ca74320>, <skmultiflow.trees.regression_hoeffding_adaptive_tree.RegressionHAT object at 0x7f223ca74358>, <skmultiflow.trees.regression_hoeffding_adaptive_tree.RegressionHAT object at 0x7f223ca74390>, <skmultiflow.trees.regression_hoeffding_adaptive_tree.RegressionHAT object at 0x7f223ca743c8>, <skmultiflow.trees.regression_hoeffding_adaptive_tree.RegressionHAT object at 0x7f223ca74400>, <skmultiflow.trees.regression_hoeffding_adaptive_tree.RegressionHAT object at 0x7f223b0595c0>]
# Prequential Evaluator: n_wait: 1 - max_samples: 600000 - max_time: 10000000 - output_file: air_company_stock3_ADE_HOMO_ABSTAIN_HATREE_SIZE_8_SIZE_8 - batch_size: 1 - pretrain_size: 5 - task_type: regression - show_plot: False - metrics: ['mean_square_error', 'mean_absolute_error', 'true_vs_predicted']
# TEST CONFIGURATION END
id,global_mse_[air_company_stock3_ADE_HOMO_ABSTAIN_HATREE_SIZE_8],sliding_mse_[air_company_stock3_ADE_HOMO_ABSTAIN_HATREE_SIZE_8],global_mae_[air_company_stock3_ADE_HOMO_ABSTAIN_HATREE_SIZE_8],sliding_mae_[air_company_stock3_ADE_HOMO_ABSTAIN_HATREE_SIZE_8],true_value_[air_company_stock3_ADE_HOMO_ABSTAIN_HATREE_SIZE_8],predicted_value_[air_company_stock3_ADE_HOMO_ABSTAIN_HATREE_SIZE_8]
5,2.195424,2.195424,1.481696,1.481696,0.000000,-1.481696
6,1.098638,0.001853,0.762371,0.043045,-0.250000,-0.293045
7,0.733352,0.002779,0.525819,0.052716,0.125000,0.072284
8,0.568190,0.072705,0.461774,0.269638,0.375000,0.105362
9,0.557863,0.516555,0.513163,0.718717,0.125000,-0.593717
10,0.650426,1.113239,0.603486,1.055102,0.125000,-0.930102
11,0.557513,0.000034,0.518101,0.005791,0.000000,0.005791
12,0.566125,0.626411,0.552271,0.791462,0.375000,-0.416462
13,0.509387,0.055485,0.517080,0.235552,0.000000,-0.235552
14,0.458448,0.000000,0.465413,0.000412,-0.125000,-0.124588
15,0.416830,0.000648,0.425417,0.025453,-0.125000,-0.099547
16,0.382436,0.004100,0.395301,0.064030,-0.125000,-0.060970
17,0.375421,0.291235,0.406406,0.539662,0.125000,-0.414662
18,0.352770,0.058311,0.394625,0.241477,0.250000,0.008523
19,0.329385,0.001998,0.371297,0.044703,-0.250000,-0.205297
20,0.329562,0.332221,0.384115,0.576386,0.125000,-0.451386
21,0.313556,0.057457,0.375620,0.239702,0.000000,-0.239702
22,0.296299,0.002932,0.357760,0.054143,-0.250000,-0.304143
23,0.281189,0.009196,0.343978,0.095895,-0.250000,-0.154105
24,0.273268,0.122778,0.344299,0.350396,0.375000,0.024604
25,0.272606,0.259356,0.352155,0.509271,0.125000,-0.384271
26,0.294326,0.750466,0.375525,0.866294,0.875000,0.008706
27,0.287420,0.135475,0.375201,0.368069,-0.125000,0.243069
28,0.308536,0.794204,0.396700,0.891181,-0.625000,0.266181
29,0.296663,0.011723,0.385163,0.108274,0.125000,0.016726
30,0.287729,0.064376,0.380107,0.253724,-0.125000,0.128724
31,0.292089,0.405442,0.389612,0.636743,0.375000,1.011743
32,0.304363,0.635767,0.404174,0.797350,-0.125000,0.672350
33,0.295144,0.037002,0.396870,0.192358,0.000000,0.192358
34,0.285781,0.014259,0.387622,0.119412,-0.125000,-0.005588
35,0.280306,0.116059,0.386107,0.340674,-0.125000,0.215674
36,0.273654,0.067434,0.382157,0.259681,0.250000,-0.009681
37,0.267321,0.064655,0.378281,0.254274,0.375000,0.120726
38,0.273674,0.483343,0.387603,0.695229,-0.625000,0.070229
39,0.266051,0.006852,0.378894,0.082776,0.000000,-0.082776
40,0.267802,0.329115,0.384305,0.573685,0.625000,0.051315
41,0.277432,0.624108,0.395270,0.790005,0.750000,-0.040005
42,0.270131,0.000000,0.384879,0.000419,0.500000,0.499581
43,0.296110,1.283296,0.404057,1.132827,2.000000,0.867173
44,0.296440,0.309319,0.407860,0.556164,1.875000,1.318836
45,0.368569,3.253712,0.441907,1.803805,0.125000,1.928805
46,0.630428,11.366643,0.511658,3.371445,-1.250000,2.121445
47,0.641912,1.124231,0.524417,1.060298,-0.250000,0.810298
48,0.628294,0.042737,0.517197,0.206730,-0.750000,-0.543270
49,0.636446,0.995126,0.527872,0.997560,-0.250000,0.747560
50,0.637440,0.682196,0.534352,0.825952,1.375000,0.549048
51,0.625634,0.082534,0.529095,0.287288,0.375000,0.662288
52,0.629254,0.799418,0.536699,0.894102,-1.000000,-0.105898
53,0.619546,0.153554,0.533743,0.391860,-0.125000,0.266860
54,0.610379,0.161211,0.531099,0.401511,-0.125000,-0.526511
55,0.601759,0.170728,0.528787,0.413193,0.000000,-0.413193
56,0.596214,0.313444,0.529384,0.559861,0.875000,0.315139
57,0.589351,0.232468,0.528493,0.482149,-0.250000,0.232149
58,0.579667,0.066409,0.523479,0.257699,-0.125000,-0.382699
59,0.570748,0.089128,0.519389,0.298543,0.250000,-0.048543
60,0.564129,0.200058,0.518101,0.447279,0.000000,0.447279
61,0.563681,0.538593,0.521887,0.733889,-0.375000,0.358889
62,0.639810,4.979196,0.551361,2.231411,-1.500000,0.731411
63,0.629078,0.006595,0.543393,0.081207,0.000000,0.081207
64,0.618957,0.021821,0.536798,0.147720,-0.125000,0.022720
65,0.609317,0.030900,0.530880,0.175783,-0.125000,0.050783
66,0.604466,0.308576,0.531277,0.555496,-0.250000,0.305496
67,0.599849,0.313612,0.531733,0.560011,-0.250000,0.310011
68,0.603572,0.838097,0.537729,0.915476,0.500000,-0.415476
69,0.594955,0.043454,0.532663,0.208456,-0.125000,-0.333456
70,0.585950,0.000667,0.524984,0.025824,0.000000,-0.025824
71,0.577220,0.001027,0.517627,0.032046,0.250000,0.217954
72,0.570336,0.109111,0.514872,0.330320,-0.375000,-0.044680
73,0.563163,0.075373,0.511389,0.274542,-0.500000,-0.225458
74,0.555219,0.007076,0.505285,0.084119,0.125000,0.209119
75,0.551191,0.269264,0.505477,0.518907,0.250000,-0.268907
76,0.543543,0.000520,0.498773,0.022799,-0.250000,-0.227201
77,0.538956,0.208693,0.498199,0.456830,-0.500000,-0.043170
78,0.532275,0.044586,0.494320,0.211154,0.125000,-0.086154
79,0.526764,0.118963,0.492327,0.344911,-0.125000,-0.469911
80,0.520723,0.067626,0.489271,0.260050,-0.125000,-0.385050
81,0.513963,0.000188,0.483095,0.013716,-0.125000,-0.138716
82,0.507404,0.002330,0.477521,0.048275,-0.250000,-0.201725
83,0.507776,0.536798,0.480750,0.732665,0.250000,-0.482665
84,0.513336,0.952622,0.486941,0.976023,0.250000,-0.726023
85,0.507181,0.014728,0.482428,0.121360,-0.250000,-0.371360
86,0.501977,0.080497,0.480005,0.283720,-0.625000,-0.341280
87,0.496310,0.031613,0.476364,0.177800,-0.125000,-0.302800
88,0.498447,0.675800,0.480479,0.822071,0.250000,-0.572071
89,0.492593,0.000859,0.475171,0.029301,-0.250000,-0.279301
90,0.489296,0.209066,0.474963,0.457237,0.250000,-0.207237
91,0.484984,0.114160,0.473387,0.337875,0.000000,0.337875
92,0.480239,0.067426,0.470958,0.259665,0.375000,0.115335
93,0.477636,0.248587,0.471269,0.498585,-0.375000,0.123585
94,0.472331,0.000193,0.466187,0.013888,0.000000,-0.013888
95,0.467386,0.022316,0.462705,0.149385,0.125000,-0.024385
96,0.462323,0.001548,0.458104,0.039349,0.000000,-0.039349
97,0.457726,0.034844,0.455185,0.186665,-0.250000,-0.063335
98,0.458351,0.516421,0.457987,0.718625,0.875000,0.156375
99,0.454846,0.125443,0.456895,0.354179,0.125000,-0.229179
100,0.450256,0.014210,0.453377,0.119206,0.000000,0.119206
101,0.450104,0.435478,0.455506,0.659908,-0.250000,0.409908
102,0.445523,0.001166,0.451207,0.034152,0.125000,0.159152
103,0.445580,0.451122,0.453434,0.671656,0.500000,-0.171656
104,0.441187,0.006330,0.449695,0.079559,0.000000,0.079559
105,0.436829,0.001024,0.445559,0.031998,0.125000,0.156998
106,0.437404,0.495496,0.448092,0.703915,-0.500000,0.203915
107,0.436865,0.381868,0.449741,0.617955,0.375000,-0.242955
108,0.436046,0.351709,0.451119,0.593051,0.375000,-0.218051
109,0.441589,1.018024,0.456432,1.008972,0.875000,-0.133972
110,0.440994,0.378492,0.457930,0.615217,0.625000,0.009783
111,0.436945,0.007803,0.454476,0.088337,0.125000,0.213337
112,0.433367,0.050463,0.452348,0.224640,-0.375000,-0.150360
113,0.429905,0.056041,0.450370,0.236730,-0.375000,-0.138270
114,0.429448,0.379639,0.451877,0.616149,0.125000,-0.491149
115,0.430731,0.571889,0.454619,0.756233,-0.875000,-0.118767
116,0.427628,0.083129,0.453134,0.288322,0.125000,-0.163322
117,0.431528,0.868413,0.457371,0.931887,0.875000,-0.056887
118,0.432111,0.498008,0.459549,0.705697,0.375000,-0.330697
119,0.431764,0.392194,0.460999,0.626254,-0.750000,-0.123746
120,0.428126,0.009686,0.457873,0.098417,0.250000,0.348417
121,0.424841,0.043866,0.455750,0.209443,0.000000,0.209443
122,0.421306,0.007695,0.452631,0.087724,0.250000,0.337724
123,0.425059,0.867868,0.456656,0.931594,-0.375000,0.556594
124,0.422424,0.108807,0.455599,0.329859,0.125000,0.454859
125,0.419358,0.051448,0.453708,0.226822,0.125000,-0.101822
126,0.415999,0.009644,0.450794,0.098206,-0.125000,-0.026794
127,0.413215,0.073534,0.449334,0.271171,-0.250000,0.021171
128,0.410836,0.118244,0.448483,0.343866,-0.125000,0.218866
129,0.407629,0.009886,0.445691,0.099430,0.000000,-0.099430
130,0.405651,0.158470,0.445313,0.398082,-0.375000,0.023082
131,0.403647,0.151141,0.444868,0.388768,-0.500000,-0.111232
132,0.401441,0.121228,0.444112,0.348179,0.250000,-0.098179
133,0.398484,0.019996,0.441766,0.141407,-0.500000,-0.358593
134,0.396124,0.091694,0.440697,0.302811,0.000000,-0.302811
135,0.393142,0.005465,0.437897,0.073924,0.125000,0.051076
136,0.398979,1.163592,0.442752,1.078699,1.000000,-0.078699
137,0.396264,0.038000,0.440889,0.194935,-0.375000,-0.180065
138,0.393393,0.011482,0.438398,0.107152,0.000000,0.107152
139,0.392924,0.330125,0.439407,0.574565,-0.500000,0.074565
140,0.390932,0.121936,0.438743,0.349194,0.125000,-0.224194
141,0.388578,0.068411,0.437450,0.261555,0.125000,-0.136555
142,0.385925,0.022593,0.435369,0.150308,0.000000,0.150308
143,0.383424,0.038165,0.433642,0.195359,-0.250000,-0.054641
144,0.384407,0.521096,0.435701,0.721870,-0.750000,-0.028130
145,0.384583,0.409253,0.437148,0.639729,0.250000,-0.389729
146,0.383325,0.205884,0.437265,0.453744,0.000000,-0.453744
147,0.380954,0.044357,0.435680,0.210611,0.000000,-0.210611
148,0.382601,0.618020,0.438114,0.786143,0.750000,-0.036143
149,0.380647,0.099371,0.437266,0.315232,0.250000,-0.065232
150,0.379587,0.225887,0.437527,0.475276,0.125000,-0.350276
151,0.377085,0.011794,0.435289,0.108600,-0.125000,-0.016400
152,0.379719,0.766927,0.438265,0.875744,-0.500000,0.375744
153,0.377297,0.018732,0.436242,0.136866,-0.125000,0.011866
154,0.374847,0.009812,0.433994,0.099055,0.375000,0.275945
155,0.372975,0.092283,0.433132,0.303781,-0.250000,0.053781
156,0.371554,0.156930,0.432889,0.396144,-0.125000,0.271144
157,0.369207,0.012399,0.430787,0.111352,0.250000,0.361352
158,0.375015,1.263736,0.435290,1.124160,1.125000,0.000840
159,0.372681,0.013226,0.433223,0.115004,-0.250000,-0.134996
160,0.372965,0.416896,0.434585,0.645675,-0.375000,0.270675
161,0.370864,0.043134,0.433140,0.207688,0.250000,0.457688
162,0.368530,0.002183,0.430694,0.046726,0.000000,0.046726
163,0.366385,0.027482,0.429028,0.165776,0.000000,0.165776
164,0.365462,0.218635,0.429269,0.467584,0.000000,0.467584
165,0.363609,0.067120,0.428212,0.259075,-0.125000,0.134075
166,0.361490,0.020305,0.426448,0.142497,0.000000,-0.142497
167,0.359665,0.064045,0.425385,0.253072,0.125000,-0.128072
168,0.357704,0.038029,0.423980,0.195009,0.000000,-0.195009
169,0.355544,0.001423,0.421639,0.037727,-0.125000,-0.162727
170,0.353407,0.000655,0.419253,0.025590,-0.125000,-0.099410
171,0.351501,0.035214,0.417866,0.187655,0.000000,-0.187655
172,0.349731,0.054147,0.416764,0.232696,0.000000,-0.232696
173,0.347663,0.000216,0.414385,0.014704,-0.125000,-0.139704
174,0.345712,0.016008,0.412692,0.126521,-0.125000,-0.251521
175,0.344941,0.213888,0.412983,0.462480,-0.625000,-0.162520
176,0.349637,1.152640,0.416824,1.073611,0.250000,-0.823611
177,0.351994,0.757436,0.419445,0.870308,0.500000,-0.370308
178,0.350016,0.007709,0.417539,0.087798,-0.250000,-0.162202
179,0.348154,0.024165,0.416041,0.155452,0.125000,-0.030452
180,0.346229,0.009449,0.414230,0.097205,0.000000,0.097205
181,0.344603,0.058294,0.413254,0.241441,-0.125000,-0.366441
182,0.342705,0.006814,0.411396,0.082545,0.250000,0.332545
183,0.341177,0.069158,0.410567,0.262980,0.500000,0.237020
184,0.340099,0.147278,0.410418,0.383768,0.500000,0.116232
185,0.338223,0.000501,0.408274,0.022392,0.125000,0.102608
186,0.336682,0.057778,0.407351,0.240371,-0.250000,-0.009629
187,0.335333,0.089823,0.406763,0.299705,0.125000,-0.174705
188,0.334492,0.180570,0.406862,0.424935,-0.375000,0.049935
189,0.332686,0.000282,0.404754,0.016807,0.000000,0.016807
190,0.331351,0.084410,0.404140,0.290535,-0.125000,0.165535
191,0.330758,0.220458,0.404489,0.469529,0.625000,0.155471
192,0.329097,0.018481,0.403061,0.135944,-0.250000,-0.114056
193,0.328226,0.164533,0.403074,0.405626,-0.375000,0.030626
194,0.326536,0.007069,0.401395,0.084075,0.000000,0.084075
195,0.325167,0.065167,0.400630,0.255278,0.250000,-0.005278
196,0.323480,0.001152,0.398721,0.033940,-0.125000,-0.091060
197,0.322137,0.064401,0.397969,0.253773,-0.125000,0.128773
198,0.320791,0.060896,0.397190,0.246771,-0.125000,0.121771
199,0.322381,0.630911,0.399227,0.794299,0.625000,-0.169299
200,0.321060,0.063363,0.398474,0.251721,-0.125000,-0.376721
201,0.322303,0.565946,0.400270,0.752294,0.625000,-0.127294
202,0.321693,0.201659,0.400516,0.449064,0.375000,-0.074064
203,0.321821,0.346993,0.401464,0.589061,-0.625000,-0.035939
204,0.320353,0.028318,0.400298,0.168279,0.125000,-0.043279
205,0.320085,0.266488,0.400875,0.516225,-0.375000,0.141225
206,0.318534,0.006804,0.399299,0.082486,-0.250000,-0.167514
207,0.317209,0.049524,0.398428,0.222540,-0.125000,0.097540
208,0.322381,1.372216,0.402217,1.171416,-1.000000,0.171416
209,0.321197,0.079773,0.401633,0.282442,0.000000,-0.282442
210,0.320141,0.103522,0.401245,0.321748,-0.625000,-0.303252
211,0.318895,0.062374,0.400513,0.249748,0.000000,-0.249748
212,0.318421,0.220164,0.400843,0.469216,0.250000,-0.219216
213,0.322079,1.083008,0.403905,1.040677,-0.750000,0.290677
214,0.320878,0.069993,0.403241,0.264562,-0.125000,0.139562
215,0.319389,0.006599,0.401715,0.081235,0.250000,0.168765
216,0.318319,0.092528,0.401255,0.304184,0.250000,-0.054184
217,0.316994,0.036194,0.400264,0.190248,0.375000,0.184752
218,0.315733,0.047070,0.399408,0.216957,0.125000,0.341957
219,0.314948,0.146929,0.399333,0.383313,-0.250000,0.133313
220,0.313947,0.098824,0.398940,0.314363,-0.375000,-0.060637
221,0.312519,0.004029,0.397394,0.063473,0.000000,-0.063473
222,0.313454,0.516392,0.398867,0.718604,0.500000,-0.218604
223,0.312171,0.032478,0.397869,0.180216,0.125000,-0.055216
224,0.310840,0.019360,0.396693,0.139140,-0.125000,0.014140
225,0.309520,0.019035,0.395522,0.137968,0.250000,0.112032
226,0.308198,0.015967,0.394310,0.126359,0.000000,-0.126359
227,0.306862,0.010351,0.392998,0.101739,-0.125000,-0.023261
228,0.306473,0.219635,0.393335,0.468652,-0.375000,0.093652
229,0.305125,0.003154,0.391837,0.056157,0.000000,-0.056157
230,0.304113,0.076611,0.391328,0.276787,0.125000,-0.151787
231,0.303170,0.090057,0.390926,0.300094,-0.375000,-0.074906
232,0.302049,0.047576,0.390168,0.218120,0.125000,-0.093120
233,0.301062,0.075964,0.389668,0.275616,-0.375000,-0.099384
234,0.300844,0.250869,0.390151,0.500869,0.125000,-0.375869
235,0.299667,0.028906,0.389198,0.170018,-0.250000,-0.420018
236,0.298380,0.001066,0.387661,0.032655,-0.250000,-0.282655
237,0.297276,0.041280,0.386870,0.203174,-0.500000,-0.296826
238,0.296313,0.071830,0.386362,0.268011,0.125000,-0.143011
239,0.295457,0.095309,0.386031,0.308722,0.000000,-0.308722
240,0.294214,0.002016,0.384586,0.044905,-0.125000,-0.169905
241,0.293513,0.128112,0.384473,0.357927,0.250000,-0.107927
242,0.293409,0.268645,0.385036,0.518310,0.375000,-0.143310
243,0.292199,0.004389,0.383702,0.066252,-0.250000,-0.316252
244,0.291676,0.166647,0.383804,0.408224,-0.125000,0.283224
245,0.290561,0.022956,0.382840,0.151512,0.500000,0.348488
246,0.289362,0.000428,0.381344,0.020690,0.000000,0.020690
247,0.288252,0.019485,0.380349,0.139590,0.000000,0.139590
248,0.288376,0.318613,0.381103,0.564458,-0.250000,0.314458
249,0.287359,0.039089,0.380355,0.197710,0.250000,0.052290
250,0.286282,0.022375,0.379417,0.149584,-0.125000,0.024584
251,0.285598,0.117389,0.379268,0.342621,-0.250000,0.092621
252,0.284539,0.022966,0.378349,0.151545,0.000000,0.151545
253,0.283440,0.010996,0.377251,0.104862,0.125000,0.020138
254,0.282342,0.008873,0.376119,0.094196,0.000000,-0.094196
255,0.281267,0.012623,0.375068,0.112353,0.125000,0.012647
256,0.280164,0.003296,0.373808,0.057415,0.000000,0.057415
257,0.279294,0.059908,0.373297,0.244761,0.125000,-0.119761
258,0.278333,0.035197,0.372566,0.187609,-0.250000,-0.062391
259,0.277732,0.125200,0.372493,0.353836,0.250000,-0.103836
260,0.276748,0.025740,0.371665,0.160437,-0.125000,-0.285437
261,0.275733,0.015851,0.370708,0.125901,-0.125000,-0.250901
262,0.274801,0.035383,0.370001,0.188103,0.125000,-0.063103
263,0.274178,0.113393,0.369872,0.336739,0.125000,-0.211739
264,0.273390,0.069399,0.369463,0.263436,0.125000,-0.138436
265,0.272444,0.026382,0.368670,0.162426,0.125000,-0.037426
266,0.271489,0.022198,0.367831,0.148990,0.125000,-0.023990
267,0.270536,0.020922,0.366982,0.144643,-0.375000,-0.230357
268,0.269517,0.001427,0.365735,0.037776,-0.250000,-0.287776
269,0.269034,0.141691,0.365776,0.376419,0.250000,-0.126419
270,0.268295,0.072345,0.365412,0.268969,0.125000,-0.143969
271,0.267410,0.031967,0.364713,0.178793,-0.250000,-0.071207
272,0.266432,0.005265,0.363623,0.072559,0.000000,0.072559
273,0.265654,0.057267,0.363161,0.239305,0.125000,-0.114305
274,0.265062,0.105683,0.363020,0.325089,-0.125000,0.200089
275,0.264286,0.054823,0.362544,0.234143,0.000000,0.234143
276,0.263402,0.023986,0.361781,0.154874,0.125000,0.279874
277,0.262542,0.028497,0.361074,0.168812,-0.125000,0.043812
278,0.261618,0.009279,0.360107,0.096327,0.000000,0.096327
279,0.260702,0.009855,0.359159,0.099274,0.000000,0.099274
280,0.259758,0.000244,0.357914,0.015622,0.000000,-0.015622
281,0.258826,0.001540,0.356764,0.039241,0.000000,0.039241
282,0.257905,0.002736,0.355669,0.052303,0.125000,0.072697
283,0.257059,0.021811,0.354923,0.147687,0.125000,-0.022687
284,0.256639,0.139397,0.354989,0.373359,0.250000,-0.123359
285,0.256235,0.143226,0.355073,0.378453,0.125000,-0.253453
286,0.255553,0.064026,0.354711,0.253033,0.125000,-0.128033
287,0.257349,0.763823,0.356546,0.873970,0.875000,0.001030
288,0.257169,0.206257,0.356889,0.454156,-0.250000,-0.704156
289,0.256408,0.040253,0.356341,0.200631,0.125000,-0.075631
290,0.255539,0.007700,0.355402,0.087751,0.125000,0.212751
291,0.254670,0.006144,0.354437,0.078382,-0.125000,-0.046618
292,0.253996,0.060659,0.354061,0.246291,0.250000,0.003709
293,0.253423,0.088301,0.353864,0.297155,-0.125000,0.172155
294,0.252646,0.028273,0.353224,0.168145,0.125000,-0.043145
295,0.252562,0.228038,0.353651,0.477534,0.375000,-0.102534
296,0.252679,0.286913,0.354274,0.535643,-0.625000,-0.089357
297,0.251822,0.001498,0.353197,0.038706,0.000000,-0.038706
298,0.250977,0.003281,0.352191,0.057278,0.125000,0.067722
299,0.250484,0.105540,0.352098,0.324869,0.250000,-0.074869
300,0.249720,0.024408,0.351436,0.156232,0.125000,-0.031232
301,0.249146,0.079299,0.351201,0.281601,-0.125000,0.156601
302,0.248322,0.003457,0.350220,0.058792,-0.125000,-0.066208
303,0.247964,0.141296,0.350306,0.375893,0.250000,-0.125893
304,0.248229,0.327467,0.351046,0.572247,0.375000,-0.197247
305,0.248611,0.363157,0.351881,0.602625,-0.375000,0.227625
306,0.248435,0.195595,0.352181,0.442261,-0.125000,0.317261
307,0.250087,0.749091,0.353875,0.865501,-0.500000,0.365501
308,0.249464,0.060646,0.353521,0.246264,-0.125000,0.121264
309,0.250180,0.467765,0.354604,0.683934,-0.375000,0.308934
310,0.249375,0.003741,0.353645,0.061161,0.250000,0.311161
311,0.249381,0.251405,0.354126,0.501403,-0.375000,0.126403
312,0.248631,0.018367,0.353417,0.135525,0.250000,0.114475
313,0.248223,0.122450,0.353405,0.349929,0.375000,0.025071
314,0.248017,0.184548,0.353651,0.429590,-0.375000,0.054590
315,0.247525,0.094843,0.353504,0.307966,0.375000,0.067034
316,0.246818,0.027085,0.352899,0.164575,-0.125000,0.039575
317,0.246063,0.010484,0.352098,0.102390,0.000000,-0.102390
318,0.245930,0.204084,0.352416,0.451756,-0.375000,0.076756
319,0.245149,0.000010,0.351307,0.003091,0.125000,0.121909
320,0.244752,0.119666,0.351290,0.345928,0.250000,-0.095928
321,0.244619,0.202499,0.351601,0.449999,-0.500000,-0.050001
322,0.243967,0.037284,0.351103,0.193091,-0.125000,0.068091
323,0.243853,0.207722,0.351431,0.455765,-0.375000,0.080765
324,0.244167,0.344468,0.352167,0.586914,0.375000,-0.211914
325,0.243408,0.000296,0.351123,0.017199,-0.125000,-0.142199
326,0.242681,0.009282,0.350332,0.096342,0.125000,0.028658
327,0.242000,0.022883,0.349716,0.151271,0.125000,-0.026271
328,0.241263,0.003208,0.348811,0.056638,-0.125000,-0.068362
329,0.240537,0.005328,0.347962,0.072991,-0.125000,-0.197991
330,0.239863,0.020894,0.347338,0.144546,0.125000,-0.019546
331,0.239142,0.004137,0.346473,0.064322,-0.250000,-0.185678
332,0.238966,0.181262,0.346715,0.425748,0.250000,-0.175748
333,0.238436,0.064553,0.346433,0.254072,0.125000,-0.129072
334,0.237713,0.000001,0.345386,0.000873,-0.125000,-0.124127
335,0.237005,0.003244,0.344515,0.056957,0.250000,0.193043
336,0.236324,0.010767,0.343789,0.103763,0.000000,0.103763
337,0.235617,0.001022,0.342853,0.031962,0.000000,0.031962
338,0.234916,0.001619,0.341947,0.040242,0.125000,0.165242
339,0.234231,0.005372,0.341145,0.073293,0.125000,0.051707
340,0.233597,0.021253,0.340564,0.145784,0.125000,-0.020784
341,0.232911,0.002182,0.339692,0.046717,0.125000,0.078283
342,0.232230,0.002835,0.338844,0.053243,0.125000,0.071757
343,0.231992,0.151545,0.338993,0.389287,0.375000,-0.014287
344,0.231695,0.131144,0.339061,0.362139,0.125000,-0.237139
345,0.231365,0.119079,0.339079,0.345078,0.375000,0.029922
346,0.231285,0.204064,0.339408,0.451735,-0.375000,0.076735
347,0.230723,0.038634,0.338992,0.196556,0.250000,0.053444
348,0.230113,0.020864,0.338426,0.144443,0.250000,0.105557
349,0.229510,0.021862,0.337874,0.147859,-0.125000,0.022859
350,0.229657,0.280558,0.338428,0.529678,-0.375000,0.154678
351,0.229761,0.265618,0.338938,0.515382,-0.250000,0.265382
352,0.229213,0.038903,0.338531,0.197237,0.125000,-0.072237
353,0.228603,0.016478,0.337929,0.128366,-0.125000,0.003366
354,0.227961,0.004039,0.337145,0.063552,0.000000,0.063552
355,0.227313,0.000361,0.336238,0.018991,0.125000,0.106009
356,0.226967,0.105573,0.336206,0.324920,-0.375000,-0.050080
357,0.226813,0.172424,0.336430,0.415240,0.250000,-0.165240
358,0.226173,0.000352,0.335533,0.018771,-0.250000,-0.268771
359,0.225923,0.137516,0.335632,0.370831,0.125000,-0.245831
360,0.225317,0.010000,0.334970,0.100002,-0.125000,-0.225002
361,0.224697,0.004113,0.334212,0.064132,-0.125000,-0.189132
362,0.225565,0.535439,0.335322,0.731737,0.500000,-0.231737
363,0.224941,0.001617,0.334500,0.040208,-0.125000,-0.165208
364,0.224368,0.018661,0.333950,0.136607,0.000000,-0.136607
365,0.223952,0.074190,0.333780,0.272378,-0.250000,0.022378
366,0.224713,0.499551,0.334810,0.706789,-0.125000,0.581789
367,0.224283,0.068502,0.334609,0.261728,-0.125000,0.136728
368,0.224048,0.138628,0.334712,0.372328,-0.250000,0.122328
369,0.224209,0.282790,0.335252,0.531780,-0.500000,0.031780
370,0.223608,0.004321,0.334516,0.065733,0.000000,-0.065733
371,0.222999,0.000000,0.333605,0.000090,-0.125000,-0.124910
372,0.222464,0.026149,0.333138,0.161707,0.125000,-0.036707
373,0.221874,0.004833,0.332423,0.069519,0.125000,0.055481
374,0.221525,0.092875,0.332348,0.304755,0.375000,0.070245
375,0.221021,0.034545,0.331953,0.185863,0.125000,-0.060863
376,0.220696,0.099969,0.331911,0.316179,0.375000,0.058821
377,0.220109,0.001949,0.331140,0.044151,0.125000,0.080849
378,0.219571,0.018714,0.330620,0.136798,0.250000,0.113202
379,0.219098,0.042146,0.330286,0.205295,0.375000,0.580295
380,0.219116,0.225868,0.330671,0.475256,0.125000,0.600256
381,0.218856,0.121278,0.330718,0.348250,0.125000,0.473250
382,0.219881,0.606137,0.331903,0.778548,-0.250000,0.528548
383,0.219513,0.080440,0.331775,0.283620,-0.125000,0.158620
384,0.219400,0.176765,0.332009,0.420435,-0.375000,0.045435
385,0.218826,0.000420,0.331191,0.020505,0.000000,0.020505
386,0.218409,0.059785,0.330964,0.244509,-0.250000,-0.005491
387,0.218356,0.198032,0.331262,0.445008,-0.375000,0.070008
388,0.217846,0.022256,0.330788,0.149185,0.125000,-0.024185
389,0.217321,0.015995,0.330257,0.126469,-0.250000,-0.123531
390,0.216811,0.020470,0.329772,0.143073,0.000000,-0.143073
391,0.217028,0.300840,0.330337,0.548489,-0.625000,-0.076511
392,0.216881,0.159785,0.330516,0.399731,-0.500000,-0.100269
393,0.216333,0.003608,0.329821,0.060065,-0.125000,-0.185065
394,0.216879,0.429598,0.330656,0.655437,0.500000,-0.155437
395,0.216520,0.076414,0.330517,0.276430,0.125000,-0.151430
396,0.216160,0.075145,0.330373,0.274125,-0.250000,0.024125
397,0.215795,0.072852,0.330219,0.269911,0.000000,0.269911
398,0.215549,0.118731,0.330256,0.344574,-0.375000,-0.030426
399,0.215329,0.129015,0.330329,0.359187,0.500000,0.140813
400,0.214922,0.053795,0.330081,0.231937,-0.125000,0.106937
401,0.214382,0.000921,0.329326,0.030342,0.125000,0.155342
402,0.214190,0.137785,0.329431,0.371194,-0.250000,0.121194
403,0.213692,0.015621,0.328918,0.124983,0.125000,0.000017
404,0.213163,0.001947,0.328206,0.044127,0.000000,-0.044127
405,0.213016,0.154330,0.328368,0.392848,-0.375000,0.017848
406,0.212548,0.024655,0.327941,0.157019,0.250000,0.092981
407,0.212589,0.229372,0.328316,0.478928,0.375000,-0.103928
408,0.212111,0.019164,0.327846,0.138434,-0.125000,0.013434
409,0.211587,0.000014,0.327046,0.003709,0.125000,0.128709
410,0.211530,0.188528,0.327310,0.434198,-0.250000,0.184198
411,0.211010,0.000013,0.326514,0.003541,-0.125000,-0.121459
412,0.210500,0.002648,0.325840,0.051461,0.125000,0.073539
413,0.210042,0.023110,0.325415,0.152020,-0.125000,0.027020
414,0.209771,0.098917,0.325388,0.314510,0.250000,-0.064510
415,0.210040,0.320523,0.325974,0.566148,0.500000,-0.066148
416,0.209609,0.032270,0.325619,0.179637,0.125000,-0.054637
417,0.209304,0.083913,0.325532,0.289677,-0.375000,-0.085323
418,0.208826,0.011448,0.325004,0.106996,0.000000,0.106996
419,0.209568,0.516593,0.325953,0.718744,0.625000,-0.093744
420,0.209065,0.000298,0.325211,0.017268,-0.125000,-0.107732
421,0.208656,0.038607,0.324902,0.196487,-0.125000,0.071487
422,0.208163,0.002720,0.324250,0.052151,0.250000,0.197849
423,0.210205,1.063474,0.325937,1.031249,0.875000,-0.156249
424,0.210021,0.133217,0.326030,0.364990,-0.500000,-0.135010
425,0.209839,0.133074,0.326122,0.364793,0.000000,0.364793
426,0.211078,0.732830,0.327378,0.856055,-0.500000,0.356055
427,0.210632,0.022628,0.326959,0.150427,0.125000,-0.025427
428,0.210638,0.213017,0.327277,0.461537,-0.250000,0.211537
429,0.210293,0.063983,0.327102,0.252948,0.000000,0.252948
430,0.210157,0.152407,0.327251,0.390394,-0.250000,0.140394
431,0.209669,0.001591,0.326578,0.039883,0.000000,0.039883
432,0.209179,0.000001,0.325817,0.000905,0.000000,-0.000905
433,0.208691,0.000016,0.325066,0.003954,0.000000,-0.003954
434,0.208248,0.018195,0.324624,0.134890,-0.125000,0.009890
435,0.207826,0.026353,0.324248,0.162336,-0.125000,0.037336
436,0.207397,0.022263,0.323842,0.149207,0.125000,-0.024207
437,0.206939,0.009367,0.323318,0.096783,0.000000,-0.096783
438,0.206513,0.021708,0.322912,0.147338,0.125000,-0.022338
439,0.206210,0.074912,0.322799,0.273701,-0.250000,0.023701
440,0.205808,0.031074,0.322463,0.176277,-0.250000,-0.073723
441,0.205425,0.038211,0.322173,0.195475,-0.250000,-0.054525
442,0.205192,0.103365,0.322171,0.321504,-0.375000,-0.053496
443,0.204725,0.000120,0.321462,0.010959,-0.125000,-0.114041
444,0.204263,0.001667,0.320824,0.040829,0.000000,-0.040829
445,0.203806,0.002557,0.320212,0.050564,-0.125000,-0.074436
446,0.203824,0.211743,0.320528,0.460156,0.375000,-0.085156
447,0.203516,0.067637,0.320392,0.260070,0.000000,-0.260070
448,0.203061,0.001345,0.319753,0.036678,-0.125000,-0.161678
449,0.203062,0.203555,0.320048,0.451171,-0.500000,-0.048829
450,0.202632,0.011291,0.319569,0.106261,0.000000,-0.106261
451,0.202324,0.065057,0.319424,0.255064,0.125000,-0.130064
452,0.201937,0.028782,0.319090,0.169654,-0.250000,-0.080346
453,0.201512,0.011060,0.318614,0.105167,-0.125000,-0.019833
454,0.201403,0.152525,0.318774,0.390544,-0.375000,0.015544
455,0.200984,0.012646,0.318316,0.112455,-0.125000,-0.237455
456,0.200894,0.160111,0.318497,0.400139,0.500000,0.099861
457,0.200588,0.062307,0.318345,0.249613,0.250000,0.000387
458,0.200582,0.197920,0.318624,0.444882,-0.375000,0.069882
459,0.200203,0.027950,0.318291,0.167182,0.000000,0.167182
460,0.199764,0.000135,0.317618,0.011638,0.000000,0.011638
461,0.199369,0.019273,0.317227,0.138828,-0.125000,0.013828
462,0.199070,0.062451,0.317080,0.249901,-0.125000,0.124901
463,0.198750,0.051910,0.316886,0.227837,-0.125000,0.102837
464,0.198410,0.042782,0.316647,0.206838,0.125000,-0.081838
465,0.197984,0.001810,0.316052,0.042549,-0.125000,-0.082451
466,0.197569,0.006460,0.315542,0.080376,0.000000,-0.080376
467,0.197156,0.006022,0.315028,0.077600,-0.125000,-0.047400
468,0.198406,0.777075,0.316249,0.881519,-1.000000,-0.118481
469,0.198021,0.019751,0.315871,0.140537,-0.125000,0.015537
470,0.197599,0.001027,0.315262,0.032052,0.125000,0.092948
471,0.197176,0.000023,0.314597,0.004764,0.000000,0.004764
472,0.196756,0.000905,0.313989,0.030077,0.125000,0.094923
473,0.196515,0.083571,0.313936,0.289087,-0.125000,0.164087
474,0.196112,0.007313,0.313450,0.085519,0.000000,-0.085519
475,0.195704,0.003748,0.312914,0.061220,0.000000,-0.061220
476,0.195339,0.023419,0.312576,0.153031,0.000000,-0.153031
477,0.195013,0.040979,0.312343,0.202432,-0.375000,-0.172568
478,0.194720,0.056353,0.312185,0.237387,-0.375000,-0.137613
479,0.194360,0.023629,0.311851,0.153719,0.000000,-0.153719
480,0.193973,0.010063,0.311407,0.100314,-0.250000,-0.149686
481,0.193569,0.001215,0.310827,0.034855,-0.125000,-0.159855
482,0.193230,0.031581,0.310548,0.177710,0.125000,-0.052710
483,0.192872,0.021692,0.310208,0.147281,0.000000,-0.147281
484,0.192569,0.047797,0.310017,0.218624,0.000000,-0.218624
485,0.192296,0.061103,0.309886,0.247191,0.125000,-0.122191
486,0.191935,0.018320,0.309524,0.135353,-0.125000,0.010353
487,0.192040,0.242766,0.309903,0.492713,-0.500000,-0.007287
488,0.193059,0.685034,0.310973,0.827668,-0.750000,0.077668
489,0.192860,0.096437,0.310972,0.310543,0.250000,-0.060543
490,0.192583,0.058420,0.310830,0.241702,0.125000,-0.116702
491,0.192623,0.212065,0.311137,0.460506,0.500000,0.039494
492,0.192322,0.045651,0.310937,0.213661,-0.125000,0.088661
493,0.191994,0.031869,0.310666,0.178519,-0.125000,0.053519
494,0.191602,0.000122,0.310055,0.011051,-0.125000,-0.136051
495,0.191212,0.000000,0.309425,0.000519,0.000000,-0.000519
496,0.192343,0.747807,0.310553,0.864758,0.750000,-0.114758
497,0.191953,0.000001,0.309926,0.001193,-0.125000,-0.126193
498,0.191656,0.045052,0.309728,0.212254,-0.250000,-0.037746
499,0.191269,0.000146,0.309127,0.012073,0.000000,0.012073
500,0.190957,0.036419,0.308888,0.190839,-0.375000,-0.184161
501,0.190601,0.014226,0.308507,0.119272,-0.250000,-0.130728
502,0.190223,0.002460,0.307987,0.049597,0.125000,0.075403
503,0.190199,0.178107,0.308215,0.422028,0.375000,-0.047028
504,0.189819,0.000007,0.307604,0.002712,-0.125000,-0.127712
505,0.189519,0.039533,0.307387,0.198829,-0.250000,-0.051171
506,0.189227,0.043154,0.307189,0.207736,0.125000,-0.082736
507,0.188854,0.001475,0.306654,0.038408,-0.250000,-0.211592
508,0.188504,0.012446,0.306267,0.111563,-0.250000,-0.138437
509,0.188590,0.231980,0.306615,0.481643,-0.500000,-0.018357
510,0.188488,0.136845,0.306740,0.369926,-0.500000,-0.130074
511,0.188180,0.032799,0.306492,0.181105,-0.375000,-0.193895
512,0.187810,0.000071,0.305905,0.008417,-0.125000,-0.116583
513,0.187447,0.003097,0.305414,0.055653,-0.125000,-0.180653
514,0.187098,0.009125,0.305002,0.095524,0.000000,-0.095524
515,0.186733,0.000652,0.304455,0.025542,-0.125000,-0.150542
516,0.186596,0.116686,0.304528,0.341593,0.000000,-0.341593
517,0.186284,0.026345,0.304250,0.162311,0.125000,-0.037311
518,0.186104,0.094142,0.304255,0.306825,-0.375000,-0.068175
519,0.186245,0.258395,0.304652,0.508325,0.375000,-0.133325
520,0.185901,0.009124,0.304246,0.095520,-0.250000,-0.154480
521,0.185550,0.004142,0.303782,0.064356,-0.125000,-0.189356
522,0.185201,0.004714,0.303328,0.068660,-0.125000,-0.056340
523,0.184924,0.041516,0.303137,0.203754,0.125000,-0.078754
524,0.185300,0.380576,0.303740,0.616908,0.500000,-0.116908
525,0.184953,0.004310,0.303283,0.065650,0.000000,-0.065650
526,0.184636,0.019382,0.302969,0.139221,0.125000,-0.014221
527,0.184308,0.013531,0.302612,0.116323,-0.125000,-0.008677
528,0.183958,0.000850,0.302090,0.029162,-0.125000,-0.154162
529,0.183625,0.008722,0.301692,0.093393,0.000000,-0.093393
530,0.183612,0.176798,0.301918,0.420473,0.375000,-0.045473
531,0.183522,0.136151,0.302046,0.368987,0.250000,-0.118987
532,0.184056,0.465791,0.302766,0.682489,0.625000,-0.057489
533,0.183900,0.101724,0.302797,0.318942,0.250000,-0.068942
534,0.183637,0.044102,0.302622,0.210006,0.125000,-0.085006
535,0.184600,0.695064,0.303622,0.833705,-0.750000,0.083705
536,0.184387,0.071597,0.303554,0.267576,-0.250000,0.017576
537,0.184042,0.000154,0.303008,0.012415,0.000000,0.012415
538,0.183751,0.028741,0.302758,0.169530,-0.125000,0.044530
539,0.183612,0.109384,0.302810,0.330733,-0.250000,0.080733
540,0.183271,0.000759,0.302297,0.027549,0.125000,0.097451
541,0.183131,0.108153,0.302346,0.328866,0.250000,-0.078866
542,0.183649,0.462070,0.303048,0.679757,0.500000,-0.179757
543,0.183436,0.068547,0.302971,0.261815,0.125000,-0.136815
544,0.183105,0.004577,0.302535,0.067650,-0.125000,-0.057350
545,0.182804,0.020477,0.302241,0.143099,-0.250000,-0.106901
546,0.182587,0.065026,0.302153,0.255002,0.125000,-0.130002
547,0.182263,0.007017,0.301751,0.083766,0.125000,0.041234
548,0.181933,0.002523,0.301289,0.050231,0.125000,0.074769
549,0.182159,0.305152,0.301750,0.552406,0.625000,0.072594
550,0.181849,0.013068,0.301406,0.114316,0.125000,0.010684
551,0.181624,0.058622,0.301298,0.242120,0.250000,0.007880
552,0.181330,0.020693,0.301011,0.143849,0.000000,0.143849
553,0.181001,0.000297,0.300494,0.017230,0.000000,-0.017230
554,0.180714,0.023131,0.300224,0.152088,0.125000,-0.027088
555,0.180959,0.315784,0.300699,0.561947,0.625000,0.063053
556,0.180631,0.000052,0.300167,0.007240,0.125000,0.132240
557,0.180323,0.010318,0.299808,0.101579,0.125000,0.023421
558,0.180091,0.051808,0.299678,0.227613,-0.125000,0.102613
559,0.179989,0.123561,0.299771,0.351512,-0.375000,-0.023488
560,0.179704,0.021445,0.299495,0.146439,0.125000,-0.021439
561,0.179758,0.209459,0.299779,0.457667,-0.375000,0.082667
562,0.179611,0.098261,0.299804,0.313466,-0.250000,0.063466
563,0.179303,0.007098,0.299418,0.084248,0.000000,0.084248
564,0.179016,0.018782,0.299128,0.137046,-0.125000,0.012046
565,0.178869,0.096265,0.299148,0.310266,0.250000,-0.060266
566,0.178644,0.052534,0.299024,0.229202,-0.250000,-0.020798
567,0.178333,0.003421,0.298597,0.058492,-0.125000,-0.066508
568,0.178020,0.002062,0.298148,0.045408,-0.125000,-0.079592
569,0.177726,0.012007,0.297814,0.109577,0.000000,-0.109577
570,0.177434,0.012559,0.297486,0.112068,0.000000,-0.112068
571,0.177210,0.049958,0.297355,0.223514,-0.250000,-0.026486
572,0.177909,0.574673,0.298166,0.758072,-0.875000,-0.116928
573,0.177707,0.062741,0.298083,0.250481,-0.375000,-0.124519
574,0.177404,0.004726,0.297680,0.068743,0.000000,-0.068743
575,0.177096,0.001564,0.297228,0.039548,0.000000,-0.039548
576,0.176786,0.000086,0.296725,0.009260,0.000000,0.009260
577,0.176494,0.009590,0.296378,0.097930,0.000000,0.097930
578,0.176230,0.025042,0.296137,0.158247,0.250000,0.091753
579,0.175924,0.000077,0.295637,0.008776,0.000000,0.008776
580,0.175620,0.000653,0.295168,0.025545,0.000000,0.025545
581,0.175344,0.016631,0.294880,0.128963,-0.125000,0.003963
582,0.175171,0.075155,0.294845,0.274144,0.250000,-0.024144
583,0.175033,0.095295,0.294868,0.308699,-0.375000,-0.066301
584,0.174866,0.078390,0.294843,0.279982,0.250000,-0.029982
585,0.174590,0.014016,0.294539,0.118391,-0.125000,-0.006609
586,0.174347,0.033296,0.294347,0.182471,0.000000,-0.182471
587,0.174147,0.058069,0.294255,0.240975,0.125000,-0.115975
588,0.173927,0.045736,0.294117,0.213861,0.125000,-0.088861
589,0.173661,0.018258,0.293846,0.135122,0.125000,-0.010122
590,0.173380,0.008985,0.293506,0.094788,0.125000,0.030212
591,0.173089,0.002087,0.293084,0.045683,0.000000,-0.045683
592,0.173378,0.343041,0.293581,0.585697,0.500000,-0.085697
593,0.173240,0.092310,0.293599,0.303825,0.000000,-0.303825
594,0.172965,0.011098,0.293280,0.105349,0.000000,-0.105349
595,0.172799,0.074706,0.293246,0.273323,0.250000,-0.023323
596,0.172514,0.004440,0.292863,0.066635,0.000000,-0.066635
597,0.172612,0.230266,0.293178,0.479860,0.375000,-0.104860
598,0.172468,0.087207,0.293182,0.295309,0.250000,-0.045309
599,0.172193,0.008785,0.292847,0.093730,-0.125000,-0.031270
600,0.171905,0.000802,0.292403,0.028323,0.000000,-0.028323
601,0.171819,0.120506,0.292495,0.347140,0.375000,0.027860
602,0.171536,0.002557,0.292090,0.050566,-0.125000,-0.074434
603,0.171375,0.074996,0.292060,0.273854,0.250000,-0.023854
604,0.171108,0.011265,0.291750,0.106136,0.125000,0.018864
605,0.170834,0.006048,0.291394,0.077768,0.000000,-0.077768
606,0.170730,0.108292,0.291456,0.329077,-0.375000,-0.045923
607,0.170466,0.011616,0.291152,0.107776,0.125000,0.017224
608,0.170351,0.101418,0.291197,0.318462,0.250000,-0.068462
609,0.170526,0.275872,0.291584,0.525235,-0.375000,0.150235
610,0.170248,0.001954,0.291176,0.044207,0.250000,0.205793
611,0.169980,0.007848,0.290842,0.088591,0.125000,0.213591
612,0.169998,0.180892,0.291063,0.425315,-0.375000,0.050315
613,0.169775,0.034158,0.290889,0.184819,0.000000,0.184819
614,0.169509,0.007170,0.290550,0.084678,0.125000,0.209678
615,0.169613,0.233549,0.290866,0.483270,0.500000,0.016730
616,0.169341,0.002643,0.290475,0.051406,0.125000,0.073594
617,0.169177,0.069147,0.290430,0.262958,-0.125000,0.137958
618,0.168965,0.039112,0.290279,0.197768,-0.125000,0.072768
619,0.168709,0.011099,0.289978,0.105351,0.125000,0.019649
620,0.171551,1.919814,0.291757,1.385574,1.375000,-0.010574
621,0.174291,1.862107,0.293495,1.364590,1.250000,-0.114590
622,0.176392,1.472593,0.294984,1.213504,-1.000000,0.213504
623,0.176953,0.523360,0.295676,0.723436,-0.250000,0.473436
624,0.180246,2.218833,0.297602,1.489575,-1.375000,0.114575
625,0.179963,0.004325,0.297229,0.065768,-0.125000,-0.190768
626,0.179678,0.002835,0.296836,0.053243,0.250000,0.303243
627,0.180125,0.458014,0.297446,0.676767,-0.375000,0.301767
628,0.179847,0.007053,0.297104,0.083980,0.250000,0.166020
629,0.179561,0.001052,0.296681,0.032435,0.000000,0.032435
630,0.179369,0.059478,0.296596,0.243881,-0.375000,-0.131119
631,0.179103,0.012543,0.296302,0.111994,-0.125000,-0.013006
632,0.179049,0.145269,0.296437,0.381142,-0.375000,0.006142
633,0.178782,0.010640,0.296130,0.103151,-0.250000,-0.146849
634,0.178561,0.039842,0.295976,0.199604,-0.250000,-0.050396
635,0.178323,0.028400,0.295775,0.168524,-0.250000,-0.081476
636,0.178489,0.282884,0.296148,0.531869,-0.625000,-0.093131
637,0.178353,0.092563,0.296161,0.304241,0.125000,-0.179241
638,0.178780,0.449269,0.296751,0.670276,0.500000,-0.170276
639,0.178506,0.004636,0.296391,0.068090,0.000000,0.068090
640,0.178758,0.338709,0.296840,0.581987,0.750000,0.168013
641,0.178721,0.155399,0.296993,0.394207,0.500000,0.105793
642,0.178570,0.082306,0.296977,0.286891,-0.250000,0.036891
643,0.178371,0.051196,0.296866,0.226266,0.375000,0.148734
644,0.178131,0.025052,0.296650,0.158278,0.125000,0.283278
645,0.178025,0.109822,0.296704,0.331394,-0.375000,-0.043606
646,0.178201,0.291309,0.297082,0.539730,-0.375000,0.164730
647,0.178253,0.211375,0.297335,0.459756,-0.375000,0.084756
648,0.177979,0.002285,0.296948,0.047801,-0.125000,-0.077199
649,0.177765,0.039731,0.296797,0.199327,-0.125000,0.074327
650,0.177647,0.101199,0.296830,0.318118,-0.250000,0.068118
651,0.179327,1.265128,0.298109,1.124779,1.125000,0.000221
652,0.179234,0.118858,0.298181,0.344758,0.000000,-0.344758
653,0.178980,0.014499,0.297907,0.120410,-0.125000,-0.004590
654,0.178873,0.109571,0.297958,0.331015,-0.250000,0.081015
655,0.178646,0.030663,0.297770,0.175108,0.000000,-0.175108
656,0.179091,0.469157,0.298363,0.684950,0.500000,-0.184950
657,0.178842,0.016311,0.298102,0.127716,-0.125000,0.002716
658,0.178580,0.007792,0.297781,0.088273,-0.125000,-0.036727
659,0.178516,0.136502,0.297891,0.369462,-0.375000,-0.005538
660,0.178311,0.044054,0.297757,0.209891,-0.375000,-0.165109
661,0.178238,0.130419,0.297853,0.361136,0.250000,-0.111136
662,0.177972,0.002743,0.297480,0.052372,-0.125000,-0.072628
663,0.177708,0.004446,0.297130,0.066682,0.000000,-0.066682
664,0.177822,0.252556,0.297441,0.502550,-0.500000,0.002550
665,0.177584,0.020811,0.297209,0.144261,0.000000,-0.144261
666,0.177728,0.272586,0.297549,0.522097,0.375000,-0.147097
667,0.177831,0.246281,0.297849,0.496267,0.375000,-0.121267
668,0.177727,0.108639,0.297897,0.329605,-0.375000,-0.045395
669,0.177465,0.003870,0.297542,0.062207,-0.125000,-0.062793
670,0.177201,0.001379,0.297151,0.037131,0.000000,0.037131
671,0.177003,0.045238,0.297024,0.212692,0.250000,0.037308
672,0.176978,0.160326,0.297179,0.400407,0.500000,0.099593
673,0.176836,0.081608,0.297162,0.285672,0.375000,0.089328
674,0.176573,0.000920,0.296764,0.030339,0.125000,0.094661
675,0.176578,0.179630,0.296953,0.423828,0.500000,0.076172
676,0.176316,0.000633,0.296549,0.025162,0.000000,-0.025162
677,0.176055,0.000607,0.296145,0.024634,-0.125000,-0.100366
678,0.177316,1.025830,0.297208,1.012833,-0.875000,0.137833
679,0.177133,0.053896,0.297112,0.232155,0.250000,0.017845
680,0.176880,0.006148,0.296788,0.078410,0.000000,0.078410
681,0.176627,0.005983,0.296464,0.077350,0.000000,0.077350
682,0.176786,0.284264,0.296813,0.533164,-0.375000,0.158164
683,0.176865,0.230067,0.297082,0.479653,-0.375000,0.104653
684,0.176738,0.090988,0.297089,0.301642,-0.375000,-0.073358
685,0.176501,0.015228,0.296834,0.123402,0.125000,0.001598
686,0.176323,0.055341,0.296744,0.235247,0.250000,0.014753
687,0.176067,0.001216,0.296360,0.034872,0.125000,0.090128
688,0.175820,0.007167,0.296051,0.084657,0.000000,0.084657
689,0.175566,0.001581,0.295677,0.039758,0.000000,0.039758
690,0.175426,0.079556,0.295657,0.282057,0.250000,-0.032057
691,0.175213,0.029021,0.295474,0.170356,-0.250000,-0.079644
692,0.175059,0.069432,0.295428,0.263499,-0.375000,-0.111501
693,0.174948,0.098354,0.295454,0.313614,-0.375000,-0.061386
694,0.174868,0.120158,0.295528,0.346638,0.250000,-0.096638
695,0.174648,0.022847,0.295320,0.151151,-0.250000,-0.098849
696,0.174399,0.002345,0.294963,0.048424,-0.125000,-0.076576
697,0.174154,0.004475,0.294634,0.066892,-0.125000,-0.058108
698,0.174134,0.160025,0.294786,0.400031,0.250000,-0.150031
699,0.174110,0.157522,0.294932,0.396891,0.250000,-0.146891
700,0.173950,0.063206,0.294870,0.251408,0.375000,0.123592
701,0.173720,0.013628,0.294614,0.116739,0.000000,0.116739
702,0.173503,0.021975,0.294405,0.148240,0.250000,0.101760
703,0.173303,0.033799,0.294246,0.183844,-0.125000,0.058844
704,0.173058,0.001424,0.293880,0.037738,0.000000,0.037738
705,0.172827,0.011643,0.293615,0.107902,0.125000,0.017098
706,0.172658,0.053887,0.293527,0.232136,0.250000,0.017864
707,0.172597,0.129650,0.293622,0.360070,0.375000,0.014930
708,0.173993,1.155575,0.294732,1.074977,1.125000,0.050023
709,0.174608,0.607590,0.295419,0.779481,0.500000,-0.279481
710,0.175088,0.513575,0.296016,0.716642,-0.875000,-0.158358
711,0.174856,0.010682,0.295743,0.103354,0.000000,0.103354
712,0.174736,0.090240,0.295750,0.300400,0.375000,0.074600
713,0.174560,0.050147,0.295649,0.223936,-0.250000,-0.026064
714,0.174368,0.037669,0.295506,0.194085,0.000000,0.194085
715,0.174216,0.066666,0.295453,0.258197,-0.125000,0.133197
716,0.174273,0.214696,0.295689,0.463353,0.375000,-0.088353
717,0.174030,0.001281,0.295324,0.035794,0.000000,0.035794
718,0.173791,0.003229,0.294990,0.056823,0.000000,0.056823
719,0.173633,0.061053,0.294923,0.247089,0.250000,0.002911
720,0.173918,0.377212,0.295369,0.614176,0.625000,0.010824
721,0.173742,0.047614,0.295262,0.218207,-0.250000,-0.031793
722,0.173608,0.077798,0.295239,0.278923,-0.250000,0.028923
723,0.173368,0.000980,0.294872,0.031311,0.000000,-0.031311
724,0.173296,0.121787,0.294947,0.348979,0.250000,-0.098979
725,0.173151,0.068232,0.294900,0.261212,0.250000,-0.011212
726,0.172926,0.010761,0.294635,0.103737,0.125000,0.021263
727,0.172702,0.011412,0.294376,0.106825,-0.125000,-0.018175
728,0.172464,0.000024,0.293976,0.004873,0.000000,-0.004873
729,0.172244,0.012904,0.293727,0.113597,-0.125000,-0.011403
730,0.172034,0.020339,0.293519,0.142616,0.125000,-0.017616
731,0.171817,0.014246,0.293279,0.119356,0.375000,0.255644
732,0.172127,0.396948,0.293742,0.630038,0.875000,0.244962
733,0.172206,0.230079,0.293997,0.479666,0.750000,0.270334
734,0.172145,0.127916,0.294084,0.357654,0.500000,0.142346
735,0.171910,0.000121,0.293697,0.010985,0.125000,0.135985
736,0.172478,0.587586,0.294343,0.766541,-0.625000,0.141541
737,0.172333,0.066551,0.294293,0.257975,-0.125000,0.132975
738,0.172966,0.636778,0.294979,0.797984,-0.500000,0.297984
739,0.172782,0.037362,0.294841,0.193293,0.125000,0.318293
740,0.172552,0.003593,0.294522,0.059945,0.250000,0.309945
741,0.172406,0.065300,0.294469,0.255538,0.000000,0.255538
742,0.172957,0.578752,0.295101,0.760758,-0.500000,0.260758
743,0.173124,0.296753,0.295439,0.544750,0.750000,0.205250
744,0.173199,0.227942,0.295685,0.477432,-0.375000,0.102432
745,0.173438,0.350753,0.296085,0.592244,0.750000,0.157756
746,0.174265,0.787076,0.296881,0.887173,-0.750000,0.137173
747,0.174038,0.005277,0.296580,0.072645,0.125000,0.052355
748,0.173804,0.000026,0.296188,0.005082,0.000000,-0.005082
749,0.175068,1.115373,0.297208,1.056112,-1.000000,0.056112
750,0.174983,0.111626,0.297257,0.334105,-0.250000,0.084105
751,0.174797,0.035947,0.297113,0.189598,0.250000,0.060402
752,0.174637,0.055272,0.297030,0.235100,-0.250000,-0.014900
753,0.175446,0.781146,0.297814,0.883825,1.000000,0.116175
754,0.175216,0.002659,0.297485,0.051569,0.000000,0.051569
755,0.174993,0.007930,0.297208,0.089049,0.125000,0.035951
756,0.175344,0.439020,0.297694,0.662586,0.750000,0.087414
757,0.175112,0.000095,0.297311,0.009762,0.000000,0.009762
758,0.174908,0.021589,0.297112,0.146933,-0.375000,-0.228067
759,0.174693,0.012184,0.296865,0.110382,0.000000,0.110382
760,0.174462,0.000025,0.296479,0.005029,0.125000,0.119971
761,0.174319,0.066255,0.296427,0.257401,-0.250000,0.007401
762,0.174332,0.184695,0.296603,0.429762,0.750000,0.320238
763,0.174106,0.002499,0.296278,0.049989,0.250000,0.200011
764,0.173895,0.013556,0.296041,0.116428,0.375000,0.258572
765,0.175944,1.733527,0.297382,1.316635,-1.000000,0.316635
766,0.175904,0.145368,0.297493,0.381272,-0.250000,0.131272
767,0.176100,0.325775,0.297851,0.570767,-0.500000,0.070767
768,0.175871,0.000639,0.297494,0.025280,0.125000,0.150280
769,0.175646,0.003736,0.297185,0.061123,0.250000,0.188877
770,0.175823,0.311312,0.297525,0.557954,-0.375000,0.182954
771,0.177200,1.232388,0.298585,1.110130,-1.000000,0.110130
772,0.180258,2.525635,0.300265,1.589225,-1.500000,0.089225
773,0.180026,0.001345,0.299923,0.036670,-0.250000,-0.213330
774,0.180375,0.449136,0.300403,0.670176,0.625000,-0.045176
775,0.180150,0.007081,0.300123,0.084151,0.250000,0.165849
776,0.180033,0.089678,0.300122,0.299463,-0.125000,0.174463
777,0.180270,0.363493,0.300514,0.602904,0.625000,0.022096
778,0.180124,0.066916,0.300460,0.258682,0.125000,-0.133682
779,0.179907,0.012323,0.300215,0.111008,0.125000,0.013992
780,0.180231,0.431030,0.300674,0.656529,0.625000,-0.031529
781,0.181140,0.886435,0.301499,0.941507,-0.875000,0.066507
782,0.180951,0.034313,0.301350,0.185237,-0.250000,-0.064763
783,0.180719,0.000173,0.300980,0.013145,0.000000,-0.013145
784,0.180980,0.384536,0.301389,0.620109,-0.750000,-0.129891
785,0.182018,0.991024,0.302278,0.995502,-1.000000,-0.004498
786,0.181822,0.029131,0.302109,0.170679,0.125000,-0.045679
787,0.181622,0.025328,0.301927,0.159149,-0.375000,-0.215851
788,0.182233,0.660272,0.302578,0.812571,-0.875000,-0.062429
789,0.182096,0.074817,0.302541,0.273527,-0.375000,-0.101473
790,0.181866,0.001387,0.302204,0.037248,0.000000,-0.037248
791,0.181857,0.174351,0.302350,0.417554,0.375000,-0.042554
792,0.181697,0.055864,0.302266,0.236357,0.375000,0.138643
793,0.181510,0.034301,0.302118,0.185204,0.000000,0.185204
794,0.181491,0.166372,0.302252,0.407888,0.500000,0.092112
795,0.181553,0.230526,0.302477,0.480131,-0.375000,0.105131
796,0.181415,0.072910,0.302436,0.270019,0.250000,-0.020019
797,0.181187,0.000099,0.302067,0.009949,0.000000,-0.009949
798,0.180964,0.004397,0.301770,0.066313,0.000000,-0.066313
799,0.180744,0.005860,0.301487,0.076552,-0.125000,-0.048448
800,0.180610,0.074157,0.301450,0.272317,0.250000,-0.022317
801,0.180447,0.050568,0.301354,0.224874,0.125000,-0.099874
802,0.180388,0.133753,0.301435,0.365723,-0.375000,-0.009277
803,0.180164,0.001384,0.301104,0.037198,-0.125000,-0.087802
804,0.179947,0.006618,0.300829,0.081351,0.000000,-0.081351
805,0.179871,0.118647,0.300884,0.344452,0.250000,-0.094452
806,0.179745,0.079067,0.300859,0.281188,0.250000,-0.031188
807,0.179522,0.000335,0.300507,0.018292,0.000000,0.018292
808,0.179334,0.028421,0.300343,0.168584,0.125000,-0.043584
809,0.179111,0.000000,0.299971,0.000277,0.000000,0.000277
810,0.179006,0.094845,0.299980,0.307969,0.250000,-0.057969
811,0.178789,0.003629,0.299683,0.060243,0.000000,-0.060243
812,0.178576,0.006941,0.299416,0.083313,0.000000,-0.083313
813,0.178370,0.011606,0.299179,0.107732,0.000000,-0.107732
814,0.178403,0.204903,0.299368,0.452662,-0.500000,-0.047338
815,0.178198,0.011936,0.299134,0.109251,-0.250000,-0.140749
816,0.178015,0.029822,0.298978,0.172691,-0.250000,-0.077309
817,0.177816,0.016248,0.298767,0.127469,0.000000,-0.127469
818,0.177670,0.058795,0.298698,0.242476,0.125000,-0.117476
819,0.177666,0.174631,0.298844,0.417889,0.375000,-0.042889
820,0.177480,0.026218,0.298676,0.161920,0.125000,-0.036920
821,0.177324,0.050087,0.298585,0.223801,0.000000,0.223801
822,0.177162,0.044303,0.298477,0.210483,0.375000,0.164517
823,0.177008,0.051173,0.298389,0.226214,-0.125000,0.101214
824,0.177033,0.197374,0.298567,0.444268,-0.375000,0.069268
825,0.176855,0.031344,0.298419,0.177042,0.250000,0.072958
826,0.176724,0.068846,0.298375,0.262385,-0.250000,0.012385
827,0.176510,0.000287,0.298033,0.016936,0.000000,0.016936
828,0.176902,0.499539,0.298529,0.706781,-0.625000,0.081781
829,0.177100,0.340762,0.298875,0.583749,0.500000,-0.083749
830,0.176988,0.084834,0.298865,0.291263,0.250000,-0.041263
831,0.176845,0.058149,0.298796,0.241141,0.250000,0.008859
832,0.178737,1.743633,0.300029,1.320467,1.375000,0.054533
833,0.178522,0.000334,0.299690,0.018268,0.000000,-0.018268
834,0.178428,0.100917,0.299711,0.317675,0.250000,-0.067675
835,0.179201,0.820591,0.300441,0.905865,-0.875000,0.030865
836,0.178993,0.005791,0.300171,0.076098,-0.375000,-0.298902
837,0.180161,1.151903,0.301099,1.073267,0.875000,-0.198267
838,0.180582,0.531502,0.301612,0.729042,-0.750000,-0.020958
839,0.180610,0.203898,0.301792,0.451551,-0.500000,-0.048449
840,0.180424,0.025066,0.301620,0.158321,0.125000,-0.033321
841,0.180271,0.052759,0.301534,0.229694,-0.500000,-0.270306
842,0.180065,0.007472,0.301278,0.086440,0.000000,-0.086440
843,0.179851,0.000721,0.300951,0.026849,0.000000,-0.026849
844,0.179647,0.008507,0.300702,0.092234,-0.125000,-0.217234
845,0.179752,0.268030,0.300960,0.517717,0.500000,-0.017717
846,0.179602,0.053449,0.300877,0.231190,-0.250000,-0.018810
847,0.179448,0.049768,0.300785,0.223087,0.125000,-0.098087
848,0.179439,0.171823,0.300920,0.414516,0.375000,-0.039516
849,0.179290,0.052987,0.300836,0.230189,0.125000,-0.105189
850,0.179181,0.087359,0.300830,0.295565,0.250000,-0.045565
851,0.179018,0.040940,0.300713,0.202335,0.000000,0.202335
852,0.179186,0.322069,0.301028,0.567511,0.625000,0.057489
853,0.179029,0.045676,0.300925,0.213719,0.375000,0.161281
854,0.178928,0.093262,0.300931,0.305388,-0.125000,0.180388
855,0.178741,0.019343,0.300740,0.139078,0.000000,0.139078
856,0.178974,0.377147,0.301108,0.614123,-0.500000,0.114123
857,0.178926,0.138512,0.301191,0.372172,0.375000,0.002828
858,0.178786,0.059157,0.301124,0.243222,-0.125000,0.118222
859,0.178797,0.188138,0.301279,0.433748,0.375000,-0.058748
860,0.178588,0.000138,0.300940,0.011765,0.125000,0.136765
861,0.179002,0.532878,0.301441,0.729985,-0.625000,0.104985
862,0.179014,0.189713,0.301597,0.435561,0.375000,-0.060561
863,0.178846,0.034583,0.301463,0.185966,0.125000,-0.060966
864,0.178638,0.000180,0.301128,0.013426,0.000000,0.013426
865,0.178442,0.009439,0.300891,0.097157,0.000000,0.097157
866,0.178255,0.017318,0.300695,0.131598,-0.125000,0.006598
867,0.178050,0.001902,0.300397,0.043606,0.000000,-0.043606
868,0.177871,0.023367,0.300226,0.152864,-0.125000,0.027864
869,0.177666,0.000000,0.299879,0.000078,0.000000,0.000078
870,0.177461,0.000003,0.299535,0.001671,0.000000,0.001671
871,0.177677,0.365219,0.299886,0.604333,0.625000,0.020667
872,0.177605,0.115321,0.299932,0.339590,-0.375000,-0.035410
873,0.177436,0.030051,0.299786,0.173353,0.125000,-0.048353
874,0.177261,0.025146,0.299624,0.158576,0.125000,-0.033576
875,0.177058,0.000771,0.299312,0.027774,-0.125000,-0.097226
876,0.176992,0.120045,0.299366,0.346475,-0.375000,-0.028525
877,0.176817,0.023615,0.299199,0.153671,0.125000,-0.028671
878,0.177485,0.760769,0.299855,0.872221,0.750000,-0.122221
879,0.177282,0.000000,0.299512,0.000385,-0.125000,-0.125385
880,0.177348,0.234786,0.299724,0.484547,-0.500000,-0.015453
881,0.177218,0.063869,0.299670,0.252722,0.125000,-0.127722
882,0.177036,0.017363,0.299479,0.131769,0.125000,-0.006769
883,0.176898,0.055560,0.299406,0.235711,-0.125000,0.110711
884,0.176701,0.003487,0.299133,0.059055,0.125000,0.184055
885,0.176583,0.072836,0.299100,0.269882,0.375000,0.105118
886,0.176383,0.000000,0.298761,0.000358,0.125000,0.124642
887,0.176197,0.011876,0.298546,0.108978,0.250000,0.141022
888,0.176152,0.136874,0.298627,0.369965,0.500000,0.130035
889,0.176095,0.125998,0.298691,0.354962,-0.250000,0.104962
890,0.175899,0.002311,0.298408,0.048078,0.125000,0.076922
891,0.175716,0.012936,0.298200,0.113737,0.000000,0.113737
892,0.175518,0.000153,0.297878,0.012386,0.000000,0.012386
893,0.175349,0.025230,0.297721,0.158841,0.250000,0.091159
894,0.175240,0.078416,0.297702,0.280029,0.375000,0.094971
895,0.175048,0.004409,0.297442,0.066401,0.000000,0.066401
896,0.174973,0.108240,0.297477,0.328999,-0.250000,0.078999
897,0.174780,0.002531,0.297201,0.050310,0.000000,0.050310
898,0.174587,0.001973,0.296918,0.044420,0.000000,0.044420
899,0.174437,0.040783,0.296812,0.201947,-0.125000,0.076947
900,0.174244,0.001170,0.296519,0.034212,0.125000,0.090788
901,0.174065,0.013268,0.296316,0.115188,0.125000,0.009812
902,0.173882,0.010306,0.296099,0.101516,0.125000,0.023484
903,0.173691,0.002372,0.295824,0.048700,0.000000,0.048700
904,0.173546,0.042678,0.295725,0.206586,0.250000,0.043414
905,0.173494,0.127193,0.295793,0.356641,-0.375000,-0.018359
906,0.173305,0.002302,0.295518,0.047979,0.000000,-0.047979
907,0.173541,0.387178,0.295880,0.622236,-0.625000,-0.002764
908,0.173972,0.563138,0.296383,0.750425,-0.875000,-0.124575
909,0.174793,0.916242,0.297113,0.957205,0.875000,-0.082205
910,0.174885,0.258131,0.297346,0.508066,0.375000,-0.133066
911,0.174728,0.032643,0.297217,0.180675,-0.250000,-0.069325
912,0.174712,0.160542,0.297331,0.400677,-0.125000,0.275677
913,0.174521,0.000840,0.297036,0.028974,0.000000,0.028974
914,0.174348,0.016980,0.296853,0.130306,-0.125000,0.005306
915,0.174178,0.019874,0.296681,0.140974,0.000000,0.140974
916,0.174391,0.367825,0.297021,0.606486,-0.500000,0.106486
917,0.174200,0.000571,0.296722,0.023903,0.000000,0.023903
918,0.174011,0.000910,0.296430,0.030158,0.125000,0.094842
919,0.173822,0.001299,0.296146,0.036043,0.125000,0.088957
920,0.173795,0.149644,0.296245,0.386838,0.500000,0.113162
921,0.173687,0.074570,0.296220,0.273075,-0.125000,0.148075
922,0.173509,0.010143,0.296007,0.100712,0.125000,0.024288
923,0.173422,0.093328,0.296017,0.305496,-0.250000,0.055496
924,0.173316,0.076493,0.295996,0.276574,0.250000,-0.026574
925,0.173158,0.027154,0.295853,0.164783,-0.125000,0.039783
926,0.172971,0.000782,0.295563,0.027962,0.000000,0.027962
927,0.172931,0.136272,0.295642,0.369151,0.375000,0.005849
928,0.172759,0.014038,0.295451,0.118480,0.125000,0.006520
929,0.172627,0.050787,0.295375,0.225359,0.250000,0.024641
930,0.172445,0.003832,0.295123,0.061901,0.000000,0.061901
931,0.172286,0.024770,0.294974,0.157384,0.125000,-0.032384
932,0.172173,0.067820,0.294937,0.260423,0.250000,-0.010423
933,0.172165,0.165141,0.295057,0.406375,-0.375000,0.031375
934,0.171986,0.005579,0.294820,0.074690,0.000000,-0.074690
935,0.171886,0.078249,0.294804,0.279731,0.250000,-0.029731
936,0.172054,0.329068,0.295103,0.573644,-0.625000,-0.051356
937,0.171962,0.085658,0.295100,0.292674,0.250000,-0.042674
938,0.171780,0.002508,0.294838,0.050078,0.000000,-0.050078
939,0.171736,0.130846,0.294910,0.361726,0.250000,-0.111726
940,0.171714,0.150229,0.295009,0.387594,-0.375000,0.012594