# TEST CONFIGURATION BEGIN
# File Stream: filename: air_company_stock3.csv  -  n_targets: 1
# [air_company_stock3_ADE_HETERO_ABSTAIN_SIZE_4] Pipeline: Array BaseStreamModel: base_models: [<skmultiflow.lazy.knn_forecast.KNNForecast object at 0x7f227c2cbf28>, <skmultiflow.lazy.knn_forecast.KNNForecast object at 0x7f227c2cb748>, <skmultiflow.trees.regression_hoeffding_tree.RegressionHoeffdingTree object at 0x7f227c2cbf98>, <skmultiflow.trees.regression_hoeffding_adaptive_tree.RegressionHAT object at 0x7f227c2cb710>]
 Array BaseStreamModel: base_models: [<skmultiflow.lazy.knn_forecast.KNNForecast object at 0x7f227c2cbf28>, <skmultiflow.lazy.knn_forecast.KNNForecast object at 0x7f227c2cb748>, <skmultiflow.trees.regression_hoeffding_tree.RegressionHoeffdingTree object at 0x7f227c2cbf98>, <skmultiflow.trees.regression_hoeffding_adaptive_tree.RegressionHAT object at 0x7f227c2cb710>]
# Prequential Evaluator: n_wait: 1 - max_samples: 600000 - max_time: 10000000 - output_file: air_company_stock3_ADE_HETERO_ABSTAIN_SIZE_4_SIZE_4 - batch_size: 1 - pretrain_size: 5 - task_type: regression - show_plot: False - metrics: ['mean_square_error', 'mean_absolute_error', 'true_vs_predicted']
# TEST CONFIGURATION END
id,global_mse_[air_company_stock3_ADE_HETERO_ABSTAIN_SIZE_4],sliding_mse_[air_company_stock3_ADE_HETERO_ABSTAIN_SIZE_4],global_mae_[air_company_stock3_ADE_HETERO_ABSTAIN_SIZE_4],sliding_mae_[air_company_stock3_ADE_HETERO_ABSTAIN_SIZE_4],true_value_[air_company_stock3_ADE_HETERO_ABSTAIN_SIZE_4],predicted_value_[air_company_stock3_ADE_HETERO_ABSTAIN_SIZE_4]
5,0.795844,0.795844,0.892101,0.892101,0.000000,0.892101
6,0.750223,0.704601,0.865753,0.839405,-0.250000,0.589405
7,0.747905,0.743270,0.864546,0.862131,0.125000,-0.737131
8,1.419928,3.435995,1.111820,1.853644,0.375000,-1.478644
9,1.327859,0.959585,1.085373,0.979584,0.125000,-0.854584
10,1.141371,0.208933,0.980659,0.457092,0.125000,0.582092
11,0.981959,0.025488,0.863372,0.159650,0.000000,0.159650
12,0.859807,0.004741,0.764058,0.068858,0.375000,0.443858
13,0.787444,0.208539,0.729903,0.456661,0.000000,0.456661
14,0.721324,0.126244,0.692443,0.355309,-0.125000,0.230309
15,0.658369,0.028812,0.644925,0.169742,-0.125000,0.044742
16,0.605291,0.021444,0.603385,0.146438,-0.125000,0.021438
17,0.560099,0.017784,0.567229,0.133358,0.125000,-0.008358
18,0.525226,0.071876,0.545862,0.268098,0.250000,-0.018098
19,0.496298,0.091305,0.529616,0.302166,-0.250000,0.052166
20,0.471597,0.101091,0.516387,0.317949,0.125000,-0.192949
21,0.445486,0.027714,0.495804,0.166476,0.000000,0.166476
22,0.447025,0.473180,0.506475,0.687881,-0.250000,0.437881
23,0.424510,0.019232,0.487117,0.138678,-0.250000,-0.111322
24,0.414454,0.223393,0.486393,0.472645,0.375000,-0.097645
25,0.394851,0.002804,0.465753,0.052950,0.125000,0.177950
26,0.420447,0.957961,0.489071,0.978755,0.875000,-0.103755
27,0.402274,0.002475,0.469970,0.049744,-0.125000,-0.174744
28,0.395788,0.246591,0.471079,0.496579,-0.625000,-0.128421
29,0.383131,0.079370,0.463505,0.281726,0.125000,-0.156726
30,0.370967,0.066871,0.455624,0.258595,-0.125000,0.133595
31,0.371212,0.377571,0.461507,0.614468,0.375000,-0.239468
32,0.358762,0.022623,0.450396,0.150410,-0.125000,0.025410
33,0.346402,0.000308,0.435470,0.017542,0.000000,-0.017542
34,0.342569,0.231428,0.436990,0.481070,-0.125000,0.356070
35,0.333890,0.073528,0.431641,0.271160,-0.125000,0.146160
36,0.324688,0.039416,0.424356,0.198535,0.250000,0.051465
37,0.317726,0.094946,0.420834,0.308133,0.375000,0.066867
38,0.325903,0.595741,0.431158,0.771843,-0.625000,0.146843
39,0.317234,0.022469,0.423122,0.149897,0.000000,-0.149897
40,0.310075,0.059522,0.418146,0.243972,0.625000,0.381028
41,0.307139,0.201461,0.418975,0.448845,0.750000,0.301155
42,0.328095,1.103456,0.435593,1.050455,0.500000,-0.550455
43,0.571939,9.838004,0.504849,3.136559,2.000000,-1.136559
44,0.759107,8.058674,0.563197,2.838780,1.875000,-0.963780
45,0.772145,1.293638,0.577202,1.137382,0.125000,-1.012382
46,0.762288,0.358178,0.577708,0.598479,-1.250000,-0.651521
47,0.744610,0.002127,0.565346,0.046122,-0.250000,-0.203878
48,0.772718,1.981379,0.584488,1.407615,-0.750000,0.657615
49,0.768056,0.562906,0.588172,0.750270,-0.250000,-1.000270
50,0.817267,3.031750,0.613238,1.741192,1.375000,-0.366192
51,0.807805,0.372567,0.613177,0.610383,0.375000,-0.235383
52,0.800122,0.438998,0.614206,0.662570,-1.000000,-0.337430
53,0.784623,0.040688,0.605788,0.201712,-0.125000,-0.326712
54,0.777338,0.420370,0.606639,0.648359,-0.125000,0.523359
55,0.767592,0.280282,0.605125,0.529416,0.000000,0.529416
56,0.770734,0.931018,0.612044,0.964893,0.875000,-0.089893
57,0.756593,0.021256,0.603247,0.145795,-0.250000,-0.395795
58,0.743159,0.031153,0.595344,0.176502,-0.125000,-0.301502
59,0.730551,0.049723,0.588574,0.222986,0.250000,0.027014
60,0.719817,0.129406,0.584487,0.359730,0.000000,0.359730
61,0.711171,0.226997,0.582592,0.476442,-0.375000,0.101442
62,0.730350,1.823562,0.595830,1.350393,-1.500000,-0.149607
63,0.717977,0.000349,0.586048,0.018690,0.000000,-0.018690
64,0.707334,0.079375,0.580976,0.281736,-0.125000,0.156736
65,0.701792,0.369284,0.581414,0.607688,-0.125000,0.482688
66,0.690542,0.004280,0.573091,0.065422,-0.250000,-0.315422
67,0.679649,0.004284,0.565034,0.065454,-0.250000,-0.315454
68,0.669229,0.012807,0.557973,0.113168,0.500000,0.613168
69,0.661991,0.198777,0.556248,0.445844,-0.125000,0.320844
70,0.653718,0.115941,0.552979,0.340501,0.000000,0.340501
71,0.643997,0.002440,0.545463,0.049401,0.250000,0.299401
72,0.648597,0.956787,0.551826,0.978155,-0.375000,0.603155
73,0.645927,0.464356,0.553705,0.681437,-0.500000,0.181437
74,0.637580,0.061648,0.549342,0.248290,0.125000,-0.123290
75,0.628760,0.011355,0.543105,0.106560,0.250000,0.143440
76,0.623317,0.236867,0.542322,0.486690,-0.250000,0.236690
77,0.616397,0.118159,0.539601,0.343743,-0.500000,-0.156257
78,0.608718,0.048098,0.535273,0.219312,0.125000,-0.094312
79,0.602432,0.137291,0.533077,0.370529,-0.125000,0.245529
80,0.596006,0.114066,0.530506,0.337737,-0.125000,0.212737
81,0.588287,0.001642,0.524143,0.040517,-0.125000,-0.165517
82,0.581123,0.029531,0.519626,0.171847,-0.250000,-0.078153
83,0.573981,0.016840,0.514691,0.129769,0.250000,0.120231
84,0.567852,0.083694,0.511874,0.289299,0.250000,-0.039299
85,0.567202,0.515236,0.514416,0.717799,-0.250000,0.467799
86,0.567284,0.573921,0.517382,0.757576,-0.625000,0.132576
87,0.561872,0.118046,0.515288,0.343578,-0.125000,0.218578
88,0.555360,0.014913,0.510607,0.122117,0.250000,0.372117
89,0.551719,0.245808,0.510433,0.495790,-0.250000,0.245790
90,0.548294,0.257184,0.510394,0.507133,0.250000,-0.257133
91,0.542334,0.029755,0.506510,0.172497,0.000000,-0.172497
92,0.538407,0.196792,0.505796,0.443612,0.375000,-0.068612
93,0.532629,0.024211,0.501861,0.155598,-0.375000,-0.219402
94,0.527221,0.045835,0.498663,0.214090,0.000000,-0.214090
95,0.521441,0.001236,0.493570,0.035164,0.125000,0.089836
96,0.516690,0.084420,0.491363,0.290551,0.000000,0.290551
97,0.511709,0.053412,0.488565,0.231110,-0.250000,-0.018890
98,0.517639,1.069180,0.494367,1.034011,0.875000,-0.159011
99,0.512363,0.016342,0.490509,0.127836,0.125000,-0.002836
100,0.507036,0.000992,0.485728,0.031495,0.000000,0.031495
101,0.501941,0.012828,0.481888,0.113262,-0.250000,-0.136738
102,0.496923,0.010194,0.478001,0.100963,0.125000,0.024037
103,0.494333,0.240481,0.478126,0.490389,0.500000,0.009611
104,0.489749,0.035976,0.475242,0.189673,0.000000,-0.189673
105,0.485929,0.103895,0.473728,0.322327,0.125000,-0.197327
106,0.483832,0.272062,0.474197,0.521596,-0.500000,0.021596
107,0.480443,0.134746,0.473157,0.367078,0.375000,0.007922
108,0.476080,0.026718,0.470179,0.163456,0.375000,0.211544
109,0.477717,0.647906,0.473367,0.804926,0.875000,0.070074
110,0.482388,0.972881,0.478206,0.986347,0.625000,-0.361347
111,0.478606,0.077701,0.476342,0.278749,0.125000,-0.153749
112,0.475699,0.164697,0.475689,0.405829,-0.375000,0.030829
113,0.473791,0.267697,0.476072,0.517394,-0.375000,0.142394
114,0.471147,0.182983,0.475633,0.427765,0.125000,0.552765
115,0.482075,1.684071,0.483039,1.297718,-0.875000,0.422718
116,0.478380,0.068235,0.481059,0.261218,0.125000,-0.136218
117,0.483470,1.053640,0.485885,1.026470,0.875000,-0.151470
118,0.479649,0.047857,0.483542,0.218763,0.375000,0.156237
119,0.476823,0.154686,0.482757,0.393301,-0.750000,-0.356699
120,0.481295,0.995567,0.487197,0.997781,0.250000,-0.747781
121,0.477503,0.037579,0.484690,0.193852,0.000000,0.193852
122,0.474444,0.116564,0.483476,0.341415,0.250000,-0.091415
123,0.470616,0.018852,0.480567,0.137302,-0.375000,-0.237698
124,0.467910,0.145940,0.479746,0.382021,0.125000,-0.257021
125,0.464051,0.000978,0.476039,0.031266,0.125000,0.156266
126,0.461221,0.118837,0.474963,0.344728,-0.125000,0.219728
127,0.457815,0.042256,0.472773,0.205563,-0.250000,-0.044437
128,0.454967,0.104691,0.471569,0.323559,-0.125000,0.198559
129,0.452527,0.149861,0.470894,0.387118,0.000000,0.387118
130,0.451268,0.293923,0.471459,0.542146,-0.375000,0.167146
131,0.449541,0.231984,0.471539,0.481647,-0.500000,-0.018353
132,0.446234,0.026171,0.469119,0.161774,0.250000,0.088226
133,0.447010,0.546369,0.471213,0.739168,-0.500000,0.239168
134,0.443639,0.008790,0.468309,0.093754,0.000000,-0.093754
135,0.440800,0.071715,0.466778,0.267796,0.125000,-0.142796
136,0.441222,0.496503,0.468580,0.704630,1.000000,0.295370
137,0.438978,0.142852,0.467899,0.377958,-0.375000,0.002958
138,0.436174,0.063207,0.466283,0.251410,0.000000,-0.251410
139,0.434261,0.177938,0.465954,0.421826,-0.500000,-0.078174
140,0.431091,0.003114,0.462938,0.055805,0.125000,0.069195
141,0.428080,0.018552,0.460553,0.136204,0.125000,-0.011204
142,0.425129,0.020810,0.458261,0.144255,0.000000,-0.144255
143,0.422127,0.007909,0.455604,0.088932,-0.250000,-0.338932
144,0.421717,0.364694,0.456664,0.603899,-0.750000,-0.146101
145,0.419240,0.072423,0.455333,0.269115,0.250000,-0.019115
146,0.416542,0.036202,0.453467,0.190268,0.000000,0.190268
147,0.413682,0.007556,0.450904,0.086928,0.000000,0.086928
148,0.420453,1.388661,0.455956,1.178415,0.750000,-0.428415
149,0.417841,0.041768,0.454221,0.204371,0.250000,0.045629
150,0.415241,0.038248,0.452449,0.195570,0.125000,-0.070570
151,0.413106,0.101334,0.451537,0.318330,-0.125000,-0.443330
152,0.412256,0.287302,0.452107,0.536006,-0.500000,0.036006
153,0.409803,0.046733,0.450524,0.216178,-0.125000,0.091178
154,0.407805,0.110145,0.449733,0.331882,0.375000,0.043118
155,0.405906,0.121080,0.449059,0.347966,-0.250000,0.097966
156,0.403240,0.000747,0.446285,0.027328,-0.125000,-0.152328
157,0.401378,0.118311,0.445616,0.343964,0.250000,-0.093964
158,0.405606,1.052397,0.449384,1.025864,1.125000,0.099136
159,0.403213,0.034689,0.447686,0.186250,-0.250000,-0.063750
160,0.400644,0.002576,0.445142,0.050750,-0.375000,-0.425750
161,0.400280,0.343415,0.446039,0.586016,0.250000,-0.336016
162,0.397759,0.002013,0.443500,0.044871,0.000000,0.044871
163,0.395506,0.039546,0.441961,0.198862,0.000000,-0.198862
164,0.393777,0.118765,0.441353,0.344623,0.000000,-0.344623
165,0.391337,0.000959,0.438804,0.030965,-0.125000,-0.155965
166,0.389307,0.062557,0.437639,0.250113,0.000000,0.250113
167,0.386923,0.000686,0.435115,0.026185,0.125000,0.151185
168,0.384736,0.028291,0.433487,0.168200,0.000000,0.168200
169,0.382490,0.014119,0.431580,0.118824,-0.125000,-0.006176
170,0.380255,0.011437,0.429625,0.106945,-0.125000,-0.018055
171,0.378150,0.028765,0.428068,0.169602,0.000000,0.169602
172,0.376247,0.058372,0.426958,0.241604,0.000000,0.241604
173,0.374906,0.149631,0.426720,0.386822,-0.125000,0.261822
174,0.372724,0.004015,0.424583,0.063361,-0.125000,-0.061639
175,0.372394,0.316238,0.425388,0.562350,-0.625000,-0.062650
176,0.370783,0.095376,0.424711,0.308830,0.250000,-0.058830
177,0.369120,0.083040,0.423922,0.288167,0.500000,0.211833
178,0.367846,0.147506,0.423692,0.384065,-0.250000,0.134065
179,0.367700,0.342299,0.424615,0.585064,0.125000,-0.460064
180,0.365807,0.034515,0.423258,0.185783,0.000000,-0.185783
181,0.364627,0.156864,0.423104,0.396060,-0.125000,0.271060
182,0.363470,0.158677,0.422965,0.398342,0.250000,-0.148342
183,0.363445,0.359093,0.423950,0.599244,0.500000,-0.099244
184,0.362840,0.254450,0.424397,0.504431,0.500000,-0.004431
185,0.360855,0.003598,0.422383,0.059985,0.125000,0.184985
186,0.360110,0.225255,0.422670,0.474611,-0.250000,0.224611
187,0.358410,0.049117,0.421572,0.221623,0.125000,0.346623
188,0.359473,0.553875,0.423325,0.744228,-0.375000,0.369228
189,0.357616,0.015880,0.421718,0.126015,0.000000,0.126015
190,0.355771,0.014590,0.420100,0.120790,-0.125000,-0.004210
191,0.356629,0.516252,0.421696,0.718507,0.625000,-0.093507
192,0.355411,0.127473,0.421352,0.357033,-0.250000,0.107033
193,0.353705,0.032964,0.420083,0.181559,-0.375000,-0.193441
194,0.351877,0.006553,0.418299,0.080953,0.000000,-0.080953
195,0.350268,0.044466,0.417212,0.210870,0.250000,0.039130
196,0.348580,0.026094,0.415881,0.161537,-0.125000,0.036537
197,0.346960,0.035926,0.414708,0.189542,-0.125000,-0.314542
198,0.345181,0.002016,0.412802,0.044904,-0.125000,-0.169904
199,0.344573,0.226431,0.413125,0.475847,0.625000,0.149153
200,0.342815,0.000157,0.411081,0.012515,-0.125000,-0.112485
201,0.345180,0.808656,0.413559,0.899253,0.625000,-0.274253
202,0.345726,0.453377,0.414871,0.673333,0.375000,-0.298333
203,0.346534,0.506410,0.416363,0.711625,-0.625000,0.086625
204,0.345971,0.234019,0.416699,0.483755,0.125000,-0.358755
205,0.344682,0.086810,0.416092,0.294636,-0.375000,-0.080364
206,0.343835,0.173581,0.416095,0.416631,-0.250000,0.166631
207,0.342169,0.005753,0.414419,0.075851,-0.125000,-0.200851
208,0.344600,0.838045,0.416875,0.915448,-1.000000,-0.084552
209,0.342933,0.002738,0.415097,0.052321,0.000000,-0.052321
210,0.344376,0.640277,0.416966,0.800173,-0.625000,0.175173
211,0.342850,0.028549,0.415768,0.168965,0.000000,0.168965
212,0.341779,0.120077,0.415435,0.346521,0.250000,-0.096521
213,0.344285,0.865540,0.417899,0.930344,-0.750000,0.180344
214,0.342826,0.037821,0.416835,0.194477,-0.125000,0.069477
215,0.341564,0.076541,0.416170,0.276660,0.250000,-0.026660
216,0.339969,0.003401,0.414482,0.058321,0.250000,0.308321
217,0.339670,0.276377,0.415005,0.525715,0.375000,-0.150715
218,0.338686,0.128935,0.414743,0.359075,0.125000,-0.234075
219,0.337191,0.017376,0.413427,0.131819,-0.250000,-0.118181
220,0.336429,0.172560,0.413436,0.415404,-0.375000,0.040404
221,0.335056,0.038439,0.412435,0.196060,0.000000,0.196060
222,0.333728,0.045650,0.411523,0.213657,0.500000,0.286343
223,0.332209,0.001083,0.409794,0.032903,0.125000,0.157903
224,0.330700,0.000119,0.407981,0.010905,-0.125000,-0.114095
225,0.329535,0.073328,0.407360,0.270791,0.250000,-0.020791
226,0.328203,0.033803,0.406353,0.183856,0.000000,0.183856
227,0.326762,0.006960,0.404905,0.083424,-0.125000,-0.041576
228,0.325505,0.045198,0.404047,0.212599,-0.375000,-0.162401
229,0.324065,0.001498,0.402423,0.038703,0.000000,-0.038703
230,0.322635,0.000799,0.400767,0.028274,0.125000,0.153274
231,0.322152,0.213036,0.401035,0.461559,-0.375000,0.086559
232,0.320893,0.034955,0.400096,0.186963,0.125000,-0.061963
233,0.319965,0.108395,0.399787,0.329233,-0.375000,-0.045767
234,0.318648,0.017094,0.398617,0.130745,0.125000,-0.005745
235,0.317278,0.002168,0.397093,0.046564,-0.250000,-0.296564
236,0.315916,0.001262,0.395535,0.035526,-0.250000,-0.214474
237,0.314811,0.058620,0.394876,0.242117,-0.500000,-0.257883
238,0.313646,0.042030,0.394065,0.205013,0.125000,-0.080013
239,0.312415,0.024543,0.393055,0.156662,0.000000,0.156662
240,0.311099,0.001659,0.391562,0.040736,-0.125000,-0.165736
241,0.310839,0.249663,0.392018,0.499663,0.250000,-0.249663
242,0.310394,0.204803,0.392272,0.452552,0.375000,-0.077552
243,0.309713,0.147736,0.392239,0.384365,-0.250000,0.134365
244,0.308441,0.004414,0.390882,0.066440,-0.125000,-0.191440
245,0.308661,0.361327,0.391754,0.601105,0.500000,-0.101105
246,0.307453,0.016495,0.390666,0.128432,0.000000,0.128432
247,0.306210,0.005264,0.389357,0.072551,0.000000,-0.072551
248,0.305028,0.017730,0.388307,0.133153,-0.250000,-0.116847
249,0.304029,0.060440,0.387725,0.245845,0.250000,0.004155
250,0.302799,0.001465,0.386305,0.038270,-0.125000,-0.086730
251,0.301625,0.012829,0.385199,0.113266,-0.250000,-0.136734
252,0.300452,0.010691,0.384063,0.103397,0.000000,-0.103397
253,0.299246,0.000188,0.382575,0.013705,0.125000,0.111295
254,0.298138,0.022152,0.381641,0.148836,0.000000,0.148836
255,0.297048,0.024516,0.380744,0.156577,0.125000,-0.031577
256,0.295874,0.001193,0.379370,0.034541,0.000000,0.034541
257,0.294728,0.006104,0.378179,0.078127,0.125000,0.203127
258,0.293794,0.057425,0.377634,0.239636,-0.250000,-0.010364
259,0.293043,0.102236,0.377407,0.319743,0.250000,-0.069743
260,0.291904,0.001553,0.376087,0.039414,-0.125000,-0.085586
261,0.290769,0.000023,0.374642,0.004796,-0.125000,-0.129796
262,0.290023,0.098293,0.374405,0.313516,0.125000,-0.188516
263,0.289081,0.046194,0.373789,0.214927,0.125000,-0.089927
264,0.288040,0.018414,0.372873,0.135698,0.125000,-0.010698
265,0.287419,0.125871,0.372804,0.354783,0.125000,-0.229783
266,0.286419,0.025595,0.371992,0.159984,0.125000,-0.034984
267,0.286662,0.350294,0.372828,0.591856,-0.375000,0.216856
268,0.285577,0.000105,0.371454,0.010231,-0.250000,-0.239769
269,0.284520,0.005535,0.370333,0.074399,0.250000,0.175601
270,0.283451,0.000031,0.368962,0.005562,0.125000,0.130562
271,0.282459,0.018770,0.368093,0.137005,-0.250000,-0.112995
272,0.281700,0.079105,0.367769,0.281256,0.000000,-0.281256
273,0.280678,0.006609,0.366704,0.081298,0.125000,0.043702
274,0.279660,0.005850,0.365629,0.076482,-0.125000,-0.048518
275,0.278645,0.004471,0.364527,0.066866,0.000000,-0.066866
276,0.277682,0.016812,0.363664,0.129661,0.125000,-0.004661
277,0.276948,0.077465,0.363351,0.278325,-0.125000,0.153325
278,0.275949,0.003190,0.362231,0.056481,0.000000,-0.056481
279,0.274955,0.002584,0.361099,0.050834,0.000000,-0.050834
280,0.273967,0.002071,0.359955,0.045507,0.000000,0.045507
281,0.272986,0.002462,0.358835,0.049620,0.000000,-0.049620
282,0.272041,0.010287,0.357909,0.101424,0.125000,0.023576
283,0.271072,0.001632,0.356771,0.040400,0.125000,0.084600
284,0.270149,0.012569,0.355897,0.112111,0.250000,0.137889
285,0.269190,0.000589,0.354717,0.024267,0.125000,0.100733
286,0.268269,0.009595,0.353806,0.097956,0.125000,0.222956
287,0.269163,0.521194,0.355107,0.721937,0.875000,0.153063
288,0.268253,0.010726,0.354222,0.103567,-0.250000,-0.353567
289,0.267948,0.181394,0.354473,0.425904,0.125000,-0.300904
290,0.267511,0.142906,0.354555,0.378030,0.125000,-0.253030
291,0.266766,0.053819,0.354128,0.231990,-0.125000,0.106990
292,0.266164,0.093371,0.353960,0.305567,0.250000,-0.055567
293,0.265272,0.008306,0.353050,0.091138,-0.125000,-0.216138
294,0.264576,0.063312,0.352701,0.251618,0.125000,-0.126618
295,0.264319,0.190013,0.352986,0.435904,0.375000,-0.060904
296,0.264853,0.420015,0.353997,0.648086,-0.625000,0.023086
297,0.264200,0.073739,0.353716,0.271549,0.000000,-0.271549
298,0.263475,0.050937,0.353280,0.225692,0.125000,-0.100692
299,0.262584,0.000515,0.352160,0.022683,0.250000,0.227317
300,0.262071,0.110914,0.352095,0.333038,0.125000,-0.208038
301,0.261523,0.099306,0.351971,0.315129,-0.125000,-0.440129
302,0.260652,0.001842,0.350933,0.042923,-0.125000,-0.082077
303,0.259816,0.010612,0.350104,0.103017,0.250000,0.146983
304,0.259180,0.069069,0.349813,0.262810,0.375000,0.112190
305,0.258893,0.172858,0.350032,0.415762,-0.375000,0.040762
306,0.258037,0.000323,0.348933,0.017975,-0.125000,-0.142975
307,0.258165,0.296836,0.349579,0.544826,-0.500000,0.044826
308,0.257351,0.010677,0.348769,0.103332,-0.125000,-0.021668
309,0.256809,0.092267,0.348622,0.303754,-0.375000,-0.071246
310,0.256367,0.121453,0.348621,0.348501,0.250000,-0.098501
311,0.256577,0.320713,0.349330,0.566315,-0.375000,0.191315
312,0.256005,0.080364,0.349117,0.283485,0.250000,-0.033485
313,0.255268,0.028376,0.348532,0.168452,0.375000,0.206548
314,0.255039,0.184389,0.348793,0.429406,-0.375000,0.054406
315,0.254799,0.180431,0.349037,0.424772,0.375000,-0.049772
316,0.253983,0.000071,0.347946,0.008440,-0.125000,-0.116560
317,0.253190,0.005888,0.347079,0.076732,0.000000,0.076732
318,0.252703,0.100163,0.346982,0.316485,-0.375000,-0.058515
319,0.251920,0.005941,0.346125,0.077077,0.125000,0.047923
320,0.251171,0.015270,0.345421,0.123573,0.250000,0.126427
321,0.251183,0.255163,0.345924,0.505137,-0.500000,0.005137
322,0.250419,0.008197,0.345121,0.090537,-0.125000,-0.215537
323,0.250009,0.119595,0.345123,0.345825,-0.375000,-0.029175
324,0.249316,0.028393,0.344572,0.168504,0.375000,0.206496
325,0.248782,0.077766,0.344367,0.278865,-0.125000,0.153865
326,0.248380,0.119409,0.344371,0.345556,0.125000,-0.220556
327,0.247728,0.037697,0.343905,0.194156,0.125000,-0.069156
328,0.247032,0.022076,0.343303,0.148581,-0.125000,0.023581
329,0.246404,0.043049,0.342885,0.207483,-0.125000,0.082483
330,0.245722,0.023972,0.342308,0.154828,0.125000,-0.029828
331,0.245474,0.164844,0.342503,0.406010,-0.250000,0.156010
332,0.244967,0.079081,0.342316,0.281214,0.250000,-0.031214
333,0.244325,0.033662,0.341833,0.183471,0.125000,-0.058471
334,0.243723,0.045624,0.341444,0.213597,-0.125000,0.088597
335,0.243500,0.169919,0.341658,0.412213,0.250000,-0.162213
336,0.242812,0.015054,0.340999,0.122694,0.000000,-0.122694
337,0.242082,0.000023,0.339989,0.004775,0.000000,-0.004775
338,0.241603,0.082002,0.339828,0.286359,0.125000,-0.161359
339,0.240946,0.021392,0.339251,0.146259,0.125000,-0.021259
340,0.240252,0.007973,0.338507,0.089292,0.125000,0.035708
341,0.239578,0.012831,0.337838,0.113275,0.125000,0.011725
342,0.238905,0.012196,0.337166,0.110437,0.125000,0.014563
343,0.238251,0.017132,0.336557,0.130890,0.375000,0.244110
344,0.237717,0.056888,0.336269,0.238512,0.125000,-0.113512
345,0.237322,0.102797,0.336223,0.320620,0.375000,0.054380
346,0.237246,0.211387,0.336584,0.459768,-0.375000,0.084768
347,0.236909,0.121605,0.336619,0.348719,0.250000,-0.098719
348,0.236339,0.040828,0.336228,0.202058,0.250000,0.047942
349,0.235868,0.074022,0.336042,0.272071,-0.125000,0.147071
350,0.235237,0.017458,0.335453,0.132130,-0.375000,-0.242870
351,0.234566,0.002448,0.334629,0.049482,-0.250000,-0.200518
352,0.233932,0.013826,0.334005,0.117585,0.125000,0.007415
353,0.233300,0.013285,0.333378,0.115262,-0.125000,-0.009738
354,0.232650,0.006103,0.332649,0.078123,0.000000,0.078123
355,0.232027,0.013722,0.332035,0.117139,0.125000,0.007861
356,0.232171,0.282748,0.332602,0.531741,-0.375000,0.156741
357,0.231693,0.063671,0.332375,0.252331,0.250000,-0.002331
358,0.231099,0.021217,0.331848,0.145660,-0.250000,-0.104340
359,0.230573,0.044308,0.331506,0.210495,0.125000,-0.085495
360,0.229946,0.007633,0.330820,0.087367,-0.125000,-0.212367
361,0.229304,0.000588,0.329961,0.024249,-0.125000,-0.100751
362,0.229608,0.338307,0.330664,0.581642,0.500000,-0.081642
363,0.229004,0.012609,0.330056,0.112288,-0.125000,-0.012712
364,0.228372,0.001609,0.329251,0.040112,0.000000,-0.040112
365,0.227903,0.058800,0.329010,0.242487,-0.250000,-0.007513
366,0.227353,0.029064,0.328572,0.170482,-0.125000,0.045482
367,0.226793,0.023950,0.328093,0.154759,-0.125000,0.029759
368,0.226170,0.000108,0.327221,0.010409,-0.250000,-0.260409
369,0.225757,0.075516,0.327077,0.274802,-0.500000,-0.225198
370,0.225375,0.085632,0.326983,0.292629,0.000000,-0.292629
371,0.224781,0.007474,0.326328,0.086455,-0.125000,-0.038545
372,0.224278,0.039824,0.325983,0.199559,0.125000,-0.074559
373,0.223884,0.078854,0.325861,0.280810,0.125000,-0.155810
374,0.223699,0.155264,0.326045,0.394036,0.375000,-0.019036
375,0.223099,0.001107,0.325256,0.033267,0.125000,0.158267
376,0.222874,0.139650,0.325386,0.373697,0.375000,0.001303
377,0.222286,0.003391,0.324670,0.058235,0.125000,0.183235
378,0.221695,0.001262,0.323897,0.035522,0.250000,0.214478
379,0.221299,0.073019,0.323754,0.270220,0.375000,0.104780
380,0.220712,0.000783,0.322967,0.027991,0.125000,0.152991
381,0.220227,0.037763,0.322626,0.194328,0.125000,-0.069328
382,0.219875,0.087433,0.322554,0.295691,-0.250000,0.045691
383,0.219302,0.002437,0.321834,0.049370,-0.125000,-0.075630
384,0.219448,0.274953,0.322367,0.524359,-0.375000,0.149359
385,0.218873,0.000447,0.321576,0.021140,0.000000,0.021140
386,0.218459,0.060620,0.321379,0.246211,-0.250000,-0.003789
387,0.218089,0.076541,0.321262,0.276661,-0.375000,-0.098339
388,0.217617,0.037121,0.320927,0.192668,0.125000,-0.067668
389,0.217272,0.084516,0.320849,0.290717,-0.250000,0.040717
390,0.216710,0.000531,0.320077,0.023049,0.000000,0.023049
391,0.217103,0.368831,0.320819,0.607315,-0.625000,-0.017685
392,0.216978,0.168596,0.321051,0.410605,-0.500000,-0.089395
393,0.216490,0.026971,0.320648,0.164230,-0.125000,0.039230
394,0.216850,0.357161,0.321358,0.597629,0.500000,-0.097629
395,0.216423,0.049862,0.321107,0.223297,0.125000,-0.098297
396,0.215871,0.000026,0.320301,0.005076,-0.250000,-0.244924
397,0.215323,0.000509,0.319543,0.022560,0.000000,0.022560
398,0.215400,0.245349,0.319989,0.495327,-0.375000,0.120327
399,0.216102,0.493018,0.320957,0.702152,0.500000,-0.202152
400,0.215698,0.056105,0.320744,0.236864,-0.125000,-0.361864
401,0.215734,0.229870,0.321144,0.479448,0.125000,-0.354448
402,0.215236,0.017651,0.320671,0.132857,-0.250000,-0.117143
403,0.214801,0.041522,0.320378,0.203771,0.125000,-0.078771
404,0.214282,0.007136,0.319788,0.084476,0.000000,-0.084476
405,0.213821,0.029331,0.319418,0.171262,-0.375000,-0.203738
406,0.213494,0.082515,0.319338,0.287255,0.250000,-0.037255
407,0.213101,0.054947,0.319127,0.234407,0.375000,0.140593
408,0.212757,0.074241,0.319012,0.272472,-0.125000,0.147472
409,0.212344,0.045513,0.318751,0.213338,0.125000,-0.088338
410,0.211833,0.005015,0.318140,0.070815,-0.250000,-0.179185
411,0.211460,0.059778,0.317959,0.244495,-0.125000,0.119495
412,0.211055,0.046543,0.317709,0.215739,0.125000,-0.090739
413,0.210544,0.001783,0.317035,0.042229,-0.125000,-0.082771
414,0.210355,0.133251,0.317152,0.365036,0.250000,-0.115036
415,0.210581,0.303200,0.317720,0.550636,0.500000,-0.050636
416,0.210150,0.032839,0.317389,0.181216,0.125000,-0.056216
417,0.209837,0.080867,0.317309,0.284371,-0.375000,-0.090629
418,0.209516,0.076956,0.317213,0.277409,0.000000,-0.277409
419,0.209665,0.271455,0.317704,0.521014,0.625000,0.103986
420,0.209162,0.000487,0.316993,0.022076,-0.125000,-0.102924
421,0.209023,0.151077,0.317165,0.388686,-0.125000,-0.513686
422,0.209605,0.452212,0.318015,0.672467,0.250000,-0.422467
423,0.210366,0.528671,0.318991,0.727098,0.875000,0.147902
424,0.210093,0.095618,0.318968,0.309222,-0.500000,-0.190778
425,0.209928,0.140764,0.319102,0.375185,0.000000,-0.375185
426,0.209550,0.050452,0.318878,0.224615,-0.500000,-0.275385
427,0.209271,0.091443,0.318839,0.302396,0.125000,-0.177396
428,0.208782,0.001811,0.318187,0.042555,-0.250000,-0.207445
429,0.208390,0.042193,0.317922,0.205410,0.000000,-0.205410
430,0.208114,0.090898,0.317883,0.301493,-0.250000,0.051493
431,0.207688,0.026272,0.317518,0.162087,0.000000,0.162087
432,0.207286,0.035559,0.317217,0.188572,0.000000,0.188572
433,0.206809,0.002856,0.316602,0.053441,0.000000,0.053441
434,0.206531,0.087205,0.316553,0.295306,-0.125000,0.170306
435,0.206328,0.118836,0.316618,0.344725,-0.125000,0.219725
436,0.205850,0.000073,0.315905,0.008520,0.125000,0.116480
437,0.205379,0.001545,0.315266,0.039301,0.000000,-0.039301
438,0.204990,0.036762,0.314981,0.191733,0.125000,-0.066733
439,0.204667,0.064627,0.314842,0.254219,-0.250000,0.004219
440,0.204365,0.073051,0.314740,0.270279,-0.250000,0.020279
441,0.204113,0.094093,0.314721,0.306746,-0.250000,0.056746
442,0.204180,0.233369,0.315106,0.483083,-0.375000,0.108083
443,0.204020,0.134177,0.315222,0.366301,-0.125000,0.241301
444,0.203588,0.013855,0.314773,0.117705,0.000000,0.117705
445,0.203160,0.014891,0.314336,0.122027,-0.125000,-0.002973
446,0.202906,0.090841,0.314307,0.301399,0.375000,0.073601
447,0.202467,0.008158,0.313801,0.090322,0.000000,0.090322
448,0.202098,0.038595,0.313537,0.196456,-0.125000,0.071456
449,0.202038,0.175603,0.313774,0.419050,-0.500000,-0.080950
450,0.201586,0.000620,0.313127,0.024907,0.000000,-0.024907
451,0.201147,0.005165,0.312587,0.071869,0.125000,0.053131
452,0.200821,0.055079,0.312413,0.234690,-0.250000,-0.015310
453,0.200511,0.061650,0.312270,0.248294,-0.125000,-0.373294
454,0.200225,0.071853,0.312172,0.268053,-0.375000,-0.106947
455,0.199910,0.058163,0.312014,0.241169,-0.125000,0.116169
456,0.200060,0.267597,0.312469,0.517298,0.500000,-0.017298
457,0.199845,0.102834,0.312487,0.320677,0.250000,-0.070677
458,0.199700,0.133694,0.312604,0.365641,-0.375000,-0.009359
459,0.199312,0.023342,0.312253,0.152781,0.000000,-0.152781
460,0.198875,0.000014,0.311576,0.003799,0.000000,-0.003799
461,0.198446,0.002756,0.311009,0.052498,-0.125000,-0.072502
462,0.198018,0.002377,0.310437,0.048755,-0.125000,-0.076245
463,0.197644,0.026638,0.310116,0.163213,-0.125000,0.038213
464,0.197220,0.002306,0.309546,0.048018,0.125000,0.076982
465,0.196794,0.000873,0.308939,0.029541,-0.125000,-0.095459
466,0.196375,0.003140,0.308391,0.056038,0.000000,-0.056038
467,0.196082,0.060984,0.308259,0.246949,-0.125000,0.121949
468,0.198208,1.182516,0.309938,1.087435,-1.000000,0.087435
469,0.197783,0.000544,0.309321,0.023330,-0.125000,-0.101670
470,0.197394,0.016645,0.308935,0.129017,0.125000,-0.004017
471,0.197018,0.021583,0.308588,0.146913,0.000000,0.146913
472,0.197250,0.305905,0.309110,0.553087,0.125000,-0.428087
473,0.196903,0.034094,0.308845,0.184645,-0.125000,-0.309645
474,0.196494,0.004895,0.308336,0.069962,0.000000,0.069962
475,0.196082,0.002524,0.307788,0.050235,0.000000,-0.050235
476,0.195711,0.020765,0.307442,0.144100,0.000000,0.144100
477,0.195555,0.121900,0.307530,0.349142,-0.375000,-0.025858
478,0.195161,0.008931,0.307080,0.094504,-0.375000,-0.280496
479,0.194754,0.001862,0.306525,0.043147,0.000000,0.043147
480,0.194528,0.087106,0.306501,0.295137,-0.250000,0.045137
481,0.194129,0.004406,0.305997,0.066381,-0.125000,-0.058619
482,0.193764,0.019526,0.305650,0.139736,0.125000,-0.014736
483,0.193362,0.001321,0.305087,0.036351,0.000000,0.036351
484,0.192962,0.001159,0.304523,0.034050,0.000000,-0.034050
485,0.192884,0.155684,0.304710,0.394567,0.125000,-0.269567
486,0.192664,0.086789,0.304689,0.294599,-0.125000,0.169599
487,0.192979,0.344626,0.305274,0.587048,-0.500000,0.087048
488,0.193151,0.276081,0.305728,0.525434,-0.750000,-0.224566
489,0.192944,0.092958,0.305727,0.304890,0.250000,-0.054890
490,0.192650,0.050092,0.305558,0.223813,0.125000,-0.098813
491,0.193117,0.420218,0.306262,0.648242,0.500000,-0.148242
492,0.192783,0.030021,0.305989,0.173267,-0.125000,-0.298267
493,0.192393,0.002071,0.305457,0.045507,-0.125000,-0.170507
494,0.192041,0.019806,0.305120,0.140736,-0.125000,0.015736
495,0.191719,0.034214,0.304876,0.184969,0.000000,-0.184969
496,0.192964,0.804027,0.306079,0.896675,0.750000,-0.146675
497,0.192648,0.036927,0.305847,0.192163,-0.125000,-0.317163
498,0.192364,0.052426,0.305692,0.228967,-0.250000,-0.478967
499,0.192081,0.052359,0.305537,0.228820,0.000000,-0.228820
500,0.191897,0.101045,0.305561,0.317875,-0.375000,-0.057125
501,0.191512,0.000513,0.304992,0.022648,-0.250000,-0.227352
502,0.191449,0.159936,0.305183,0.399920,0.125000,-0.274920
503,0.191675,0.304085,0.305676,0.551439,0.375000,-0.176439
504,0.191336,0.022528,0.305365,0.150095,-0.125000,0.025095
505,0.190971,0.008410,0.304939,0.091708,-0.250000,-0.158292
506,0.190658,0.033563,0.304696,0.183203,0.125000,-0.058203
507,0.190478,0.100516,0.304721,0.317043,-0.250000,0.067043
508,0.190111,0.005308,0.304261,0.072857,-0.250000,-0.177143
509,0.189818,0.042018,0.304064,0.204984,-0.500000,-0.295016
510,0.189636,0.097842,0.304081,0.312797,-0.500000,-0.187203
511,0.189716,0.230125,0.304428,0.479713,-0.375000,0.104713
512,0.189519,0.089653,0.304418,0.299422,-0.125000,0.174422
513,0.189331,0.093848,0.304422,0.306346,-0.125000,0.181346
514,0.189033,0.037369,0.304204,0.193310,0.000000,0.193310
515,0.188877,0.109511,0.304256,0.330925,-0.125000,0.205925
516,0.188557,0.024926,0.303970,0.157881,0.000000,0.157881
517,0.188231,0.021237,0.303662,0.145729,0.125000,-0.020729
518,0.187922,0.029284,0.303404,0.171125,-0.375000,-0.203875
519,0.188347,0.406792,0.304053,0.637803,0.375000,-0.262803
520,0.188088,0.054828,0.303918,0.234153,-0.250000,-0.015847
521,0.187753,0.015193,0.303568,0.123260,-0.125000,-0.248260
522,0.187392,0.000347,0.303018,0.018627,-0.125000,-0.106373
523,0.187046,0.008136,0.302608,0.090197,0.125000,0.034803
524,0.187068,0.198417,0.302883,0.445441,0.500000,0.054559
525,0.186811,0.053113,0.302744,0.230462,0.000000,-0.230462
526,0.186658,0.106729,0.302790,0.326694,0.125000,-0.201694
527,0.186357,0.029323,0.302538,0.171239,-0.125000,0.046239
528,0.186062,0.031983,0.302302,0.178837,-0.125000,0.053837
529,0.185721,0.006998,0.301886,0.083656,0.000000,-0.083656
530,0.185665,0.156130,0.302063,0.395133,0.375000,-0.020133
531,0.185554,0.127368,0.302167,0.356886,0.250000,-0.106886
532,0.186127,0.487993,0.302918,0.698565,0.625000,-0.073565
533,0.186023,0.131233,0.303030,0.362262,0.250000,-0.112262
534,0.185713,0.021402,0.302734,0.146293,0.125000,-0.021293
535,0.186158,0.422411,0.303388,0.649932,-0.750000,-0.100068
536,0.185812,0.001638,0.302894,0.040468,-0.250000,-0.209532
537,0.185494,0.016518,0.302567,0.128524,0.000000,0.128524
538,0.185244,0.051872,0.302427,0.227754,-0.125000,0.102754
539,0.184897,0.000011,0.301868,0.003322,-0.250000,-0.246678
540,0.185239,0.367792,0.302436,0.606459,0.125000,-0.481459
541,0.184965,0.038471,0.302238,0.196139,0.250000,0.053861
542,0.185121,0.268759,0.302640,0.518420,0.500000,-0.018420
543,0.184838,0.032439,0.302412,0.180110,0.125000,-0.055110
544,0.184503,0.003912,0.301968,0.062547,-0.125000,-0.062453
545,0.184285,0.066876,0.301888,0.258604,-0.250000,0.008604
546,0.183946,0.000088,0.301348,0.009372,0.125000,0.134372
547,0.183608,0.000498,0.300834,0.022312,0.125000,0.147312
548,0.183270,0.000071,0.300297,0.008430,0.125000,0.116570
549,0.183317,0.208582,0.300584,0.456708,0.625000,0.168292
550,0.182987,0.003525,0.300142,0.059371,0.125000,0.065629
551,0.182782,0.070485,0.300079,0.265489,0.250000,-0.015489
552,0.182454,0.003095,0.299633,0.055637,0.000000,-0.055637
553,0.182176,0.029892,0.299402,0.172893,0.000000,0.172893
554,0.181869,0.013567,0.299069,0.116476,0.125000,0.008524
555,0.182128,0.324485,0.299560,0.569636,0.625000,0.055364
556,0.181933,0.074593,0.299512,0.273117,0.125000,-0.148117
557,0.181767,0.089811,0.299513,0.299684,0.125000,-0.174684
558,0.181443,0.002263,0.299058,0.047566,-0.125000,-0.077434
559,0.181477,0.200201,0.299325,0.447439,-0.375000,0.072439
560,0.181150,0.000031,0.298797,0.005597,0.125000,0.130597
561,0.181342,0.287971,0.299224,0.536629,-0.375000,0.161629
562,0.181082,0.036140,0.299028,0.190106,-0.250000,-0.059894
563,0.180758,0.000000,0.298494,0.000308,0.000000,-0.000308
564,0.180673,0.133119,0.298613,0.364855,-0.125000,0.239855
565,0.180397,0.025961,0.298367,0.161123,0.250000,0.088877
566,0.180266,0.106860,0.298418,0.326895,-0.250000,0.076895
567,0.179954,0.004266,0.298004,0.065313,-0.125000,-0.059687
568,0.179644,0.005535,0.297608,0.074400,-0.125000,-0.050600
569,0.179327,0.000054,0.297094,0.007339,0.000000,-0.007339
570,0.179012,0.001252,0.296632,0.035379,0.000000,0.035379
571,0.178730,0.019087,0.296352,0.138155,-0.250000,-0.111845
572,0.179478,0.603652,0.297198,0.776951,-0.875000,-0.098049
573,0.179632,0.267098,0.297584,0.516816,-0.375000,0.141816
574,0.179360,0.024860,0.297339,0.157672,0.000000,0.157672
575,0.179097,0.028882,0.297116,0.169948,0.000000,0.169948
576,0.178792,0.004691,0.296716,0.068492,0.000000,-0.068492
577,0.178529,0.027811,0.296489,0.166766,0.000000,-0.166766
578,0.178256,0.022101,0.296232,0.148665,0.250000,0.101335
579,0.177967,0.012067,0.295907,0.109851,0.000000,-0.109851
580,0.177687,0.016816,0.295619,0.129675,0.000000,0.129675
581,0.177489,0.063283,0.295542,0.251562,-0.125000,0.126562
582,0.177227,0.026134,0.295311,0.161660,0.250000,0.088340
583,0.177295,0.216471,0.295604,0.465265,-0.375000,0.090265
584,0.177331,0.198028,0.295862,0.445004,0.250000,-0.195004
585,0.177031,0.003073,0.295448,0.055435,-0.125000,-0.069565
586,0.176774,0.027545,0.295226,0.165967,0.000000,-0.165967
587,0.176673,0.117718,0.295308,0.343100,0.125000,-0.218100
588,0.176432,0.036486,0.295129,0.191013,0.125000,-0.066013
589,0.176147,0.009398,0.294790,0.096943,0.125000,0.028057
590,0.175886,0.023162,0.294547,0.152191,0.125000,-0.027191
591,0.175621,0.020242,0.294288,0.142274,0.000000,0.142274
592,0.175753,0.253392,0.294643,0.503381,0.500000,-0.003381
593,0.175572,0.069406,0.294590,0.263450,0.000000,-0.263450
594,0.175283,0.004799,0.294208,0.069272,0.000000,-0.069272
595,0.175099,0.066704,0.294148,0.258271,0.250000,-0.008271
596,0.174823,0.011576,0.293832,0.107593,0.000000,0.107593
597,0.174665,0.081345,0.293818,0.285211,0.375000,0.089789
598,0.174617,0.145861,0.293966,0.381918,0.250000,-0.131918
599,0.174330,0.004112,0.293580,0.064125,-0.125000,-0.060875
600,0.174049,0.006382,0.293221,0.079889,0.000000,-0.079889
601,0.173936,0.106681,0.293277,0.326620,0.375000,0.048380
602,0.173690,0.027303,0.293063,0.165236,-0.125000,0.040236
603,0.173711,0.185838,0.293294,0.431089,0.250000,-0.181089
604,0.173584,0.097835,0.293326,0.312785,0.125000,-0.187785
605,0.173307,0.006814,0.292975,0.082546,0.000000,0.082546
606,0.173318,0.180188,0.293194,0.424485,-0.375000,0.049485
607,0.173074,0.026000,0.292975,0.161245,0.125000,-0.036245
608,0.172810,0.013468,0.292682,0.116050,0.250000,0.133950
609,0.172699,0.105977,0.292736,0.325541,-0.375000,-0.049459
610,0.172588,0.105242,0.292789,0.324410,0.250000,-0.074410
611,0.172312,0.005204,0.292425,0.072138,0.125000,0.052862
612,0.172531,0.305214,0.292853,0.552462,-0.375000,0.177462
613,0.172251,0.002309,0.292451,0.048050,0.000000,-0.048050
614,0.171997,0.017174,0.292186,0.131050,0.125000,-0.006050
615,0.171881,0.100847,0.292228,0.317564,0.500000,0.182436
616,0.171679,0.048526,0.292110,0.220286,0.125000,-0.095286
617,0.171399,0.000045,0.291645,0.006743,-0.125000,-0.131743
618,0.171142,0.013682,0.291360,0.116972,-0.125000,-0.008028
619,0.170864,0.000133,0.290905,0.011521,0.125000,0.136521
620,0.173007,1.490833,0.292415,1.220997,1.375000,0.154003
621,0.176456,2.301001,0.294400,1.516905,1.250000,-0.266905
622,0.176591,0.259821,0.294748,0.509727,-1.000000,-0.490273
623,0.177103,0.493832,0.295407,0.702732,-0.250000,-0.952732
624,0.179305,1.541948,0.296934,1.241752,-1.375000,-0.133248
625,0.179022,0.004074,0.296558,0.063827,-0.125000,-0.188827
626,0.178988,0.157779,0.296720,0.397214,0.250000,-0.147214
627,0.178706,0.002883,0.296330,0.053692,-0.375000,-0.428692
628,0.178740,0.200308,0.296572,0.447558,0.250000,-0.197558
629,0.178520,0.041146,0.296422,0.202844,0.000000,-0.202844
630,0.178602,0.230107,0.296715,0.479695,-0.375000,0.104695
631,0.178333,0.009582,0.296398,0.097888,-0.125000,-0.222888
632,0.178330,0.176701,0.296595,0.420358,-0.375000,0.045358
633,0.178320,0.172150,0.296784,0.414909,-0.250000,0.164909
634,0.178166,0.080928,0.296764,0.284479,-0.250000,0.034479
635,0.178059,0.110558,0.296821,0.332503,-0.250000,0.082503
636,0.178661,0.558933,0.297534,0.747618,-0.625000,0.122618
637,0.178393,0.008956,0.297213,0.094635,0.125000,0.030365
638,0.178232,0.076055,0.297180,0.275780,0.500000,0.224220
639,0.177973,0.013970,0.296898,0.118194,0.000000,-0.118194
640,0.178562,0.552235,0.297599,0.743125,0.750000,0.006875
641,0.178729,0.285451,0.297971,0.534276,0.500000,-0.034276
642,0.178607,0.100560,0.298001,0.317112,-0.250000,0.067112
643,0.178962,0.405593,0.298531,0.636862,0.375000,-0.261862
644,0.178685,0.001443,0.298124,0.037983,0.125000,0.087017
645,0.178969,0.361013,0.298596,0.600844,-0.375000,0.225844
646,0.178793,0.065617,0.298530,0.256158,-0.375000,-0.118842
647,0.178678,0.105269,0.298571,0.324451,-0.375000,-0.050549
648,0.178444,0.028056,0.298367,0.167500,-0.125000,0.042500
649,0.178435,0.172062,0.298548,0.414803,-0.125000,0.289803
650,0.178665,0.327082,0.298971,0.571911,-0.250000,0.321911
651,0.179437,0.678296,0.299782,0.823587,1.125000,0.301413
652,0.179160,0.000223,0.299342,0.014950,0.000000,-0.014950
653,0.178884,0.000147,0.298899,0.012128,-0.125000,-0.112872
654,0.178612,0.001845,0.298506,0.042954,-0.250000,-0.292954
655,0.178338,0.000292,0.298073,0.017081,0.000000,-0.017081
656,0.178343,0.181630,0.298270,0.426180,0.500000,0.073820
657,0.178070,0.000207,0.297835,0.014382,-0.125000,-0.110618
658,0.177819,0.013589,0.297558,0.116570,-0.125000,-0.241570
659,0.177755,0.136102,0.297667,0.368920,-0.375000,-0.006080
660,0.177733,0.163123,0.297829,0.403884,-0.375000,0.028884
661,0.177651,0.124003,0.297912,0.352140,0.250000,-0.102140
662,0.177382,0.000425,0.297490,0.020625,-0.125000,-0.104375
663,0.177136,0.015705,0.297229,0.125321,0.000000,-0.125321
664,0.177103,0.154943,0.297375,0.393628,-0.500000,-0.106372
665,0.176838,0.002308,0.296998,0.048042,0.000000,-0.048042
666,0.176674,0.067942,0.296943,0.260657,0.375000,0.114343
667,0.176487,0.052610,0.296841,0.229369,0.375000,0.145631
668,0.176428,0.137677,0.296953,0.371048,-0.375000,-0.003952
669,0.176186,0.015520,0.296693,0.124580,-0.125000,-0.249580
670,0.175923,0.000653,0.296286,0.025560,0.000000,0.025560
671,0.175736,0.051521,0.296182,0.226982,0.250000,0.023018
672,0.175765,0.194760,0.296400,0.441316,0.500000,0.058684
673,0.175697,0.130696,0.296497,0.361519,0.375000,0.013481
674,0.175442,0.004625,0.296156,0.068010,0.125000,0.056990
675,0.175302,0.081535,0.296140,0.285543,0.500000,0.214457
676,0.175058,0.011434,0.295859,0.106930,0.000000,0.106930
677,0.174824,0.017186,0.295614,0.131097,-0.125000,0.006097
678,0.175439,0.589525,0.296314,0.767805,-0.875000,-0.107195
679,0.175330,0.102030,0.296349,0.319422,0.250000,-0.069422
680,0.175095,0.016385,0.296100,0.128005,0.000000,0.128005
681,0.174839,0.001988,0.295728,0.044583,0.000000,0.044583
682,0.174728,0.099062,0.295756,0.314742,-0.375000,-0.060258
683,0.174601,0.088849,0.295760,0.298076,-0.375000,-0.076924
684,0.174742,0.270615,0.296090,0.520207,-0.375000,0.145207
685,0.174556,0.047771,0.295976,0.218567,0.125000,-0.093567
686,0.174360,0.040914,0.295838,0.202271,0.250000,0.047729
687,0.174108,0.002413,0.295477,0.049118,0.125000,0.075882
688,0.173860,0.004426,0.295142,0.066528,0.000000,0.066528
689,0.173632,0.017771,0.294906,0.133306,0.000000,0.133306
690,0.173381,0.001596,0.294535,0.039952,0.250000,0.210048
691,0.173320,0.130837,0.294632,0.361715,-0.250000,0.111715
692,0.173241,0.119032,0.294706,0.345010,-0.375000,-0.029990
693,0.173120,0.090095,0.294713,0.300158,-0.375000,-0.074842
694,0.172906,0.025427,0.294517,0.159457,0.250000,0.090543
695,0.172752,0.066837,0.294465,0.258529,-0.250000,0.008529
696,0.172503,0.000384,0.294068,0.019597,-0.125000,-0.144597
697,0.172265,0.007266,0.293767,0.085243,-0.125000,-0.039757
698,0.172043,0.017930,0.293536,0.133902,0.250000,0.116098
699,0.171852,0.039844,0.293401,0.199610,0.250000,0.050390
700,0.171796,0.132790,0.293503,0.364404,0.375000,0.010596
701,0.171586,0.025004,0.293309,0.158127,0.000000,0.158127
702,0.171349,0.006707,0.293006,0.081894,0.250000,0.168106
703,0.171308,0.142244,0.293127,0.377152,-0.125000,0.252152
704,0.171097,0.023932,0.292929,0.154700,0.000000,0.154700
705,0.170856,0.002342,0.292580,0.048399,0.125000,0.076601
706,0.170654,0.028792,0.292405,0.169681,0.250000,0.080319
707,0.170590,0.125296,0.292493,0.353972,0.375000,0.021028
708,0.172181,1.290897,0.293691,1.136176,1.125000,-0.011176
709,0.172355,0.295230,0.294045,0.543351,0.500000,-0.043351
710,0.173222,0.784167,0.294883,0.885532,-0.875000,0.010532
711,0.173304,0.231478,0.295146,0.481121,0.000000,-0.481121
712,0.173100,0.028236,0.294967,0.168036,0.375000,0.206964
713,0.173141,0.202585,0.295186,0.450094,-0.250000,0.200094
714,0.173081,0.130720,0.295279,0.361552,0.000000,-0.361552
715,0.172937,0.070631,0.295238,0.265765,-0.125000,-0.390765
716,0.172842,0.104988,0.295278,0.324019,0.375000,0.050981
717,0.172607,0.005572,0.294968,0.074644,0.000000,-0.074644
718,0.172367,0.001080,0.294601,0.032860,0.000000,-0.032860
719,0.172179,0.037833,0.294461,0.194506,0.250000,0.055494
720,0.172307,0.263661,0.294767,0.513480,0.625000,0.111520
721,0.172263,0.141265,0.294880,0.375852,-0.250000,0.125852
722,0.172031,0.005232,0.294570,0.072336,-0.250000,-0.177664
723,0.171818,0.019019,0.294353,0.137909,0.000000,-0.137909
724,0.171600,0.015130,0.294115,0.123002,0.250000,0.126998
725,0.171415,0.038104,0.293977,0.195203,0.250000,0.054797
726,0.171302,0.089627,0.293985,0.299378,0.125000,-0.174378
727,0.171065,0.000006,0.293582,0.002453,-0.125000,-0.127453
728,0.170886,0.041384,0.293457,0.203431,0.000000,0.203431
729,0.170836,0.134759,0.293559,0.367096,-0.125000,0.242096
730,0.170602,0.000674,0.293190,0.025967,0.125000,0.150967
731,0.170505,0.100579,0.293223,0.317141,0.375000,0.057859
732,0.171319,0.762974,0.294020,0.873484,0.875000,0.001516
733,0.171647,0.410336,0.294495,0.640575,0.750000,0.109425
734,0.171959,0.399232,0.294958,0.631848,0.500000,-0.131848
735,0.171733,0.007155,0.294670,0.084586,0.125000,0.040414
736,0.172121,0.455854,0.295190,0.675169,-0.625000,0.050169
737,0.171888,0.000778,0.294825,0.027901,-0.125000,-0.152901
738,0.171977,0.237746,0.295088,0.487592,-0.500000,-0.012408
739,0.171754,0.007497,0.294804,0.086586,0.125000,0.038414
740,0.171532,0.009025,0.294532,0.095002,0.250000,0.154998
741,0.171305,0.003589,0.294214,0.059911,0.000000,0.059911
742,0.171381,0.227798,0.294462,0.477282,-0.500000,-0.022718
743,0.172198,0.774993,0.295255,0.880337,0.750000,-0.130337
744,0.172293,0.242596,0.295522,0.492540,-0.375000,0.117540
745,0.173131,0.792979,0.296325,0.890494,0.750000,-0.140494
746,0.173395,0.369125,0.296744,0.607557,-0.750000,-0.142443
747,0.173339,0.131996,0.296834,0.363312,0.125000,-0.238312
748,0.173127,0.015473,0.296602,0.124392,0.000000,-0.124392
749,0.173967,0.798799,0.297403,0.893756,-1.000000,-0.106244
750,0.173739,0.004242,0.297092,0.065128,-0.250000,-0.184872
751,0.173931,0.317158,0.297448,0.563168,0.250000,-0.313168
752,0.173846,0.109964,0.297494,0.331607,-0.250000,0.081607
753,0.175358,1.306550,0.298623,1.143044,1.000000,-0.143044
754,0.175149,0.018814,0.298407,0.137163,0.000000,-0.137163
755,0.175112,0.147180,0.298521,0.383641,0.125000,-0.258641
756,0.176263,1.040876,0.299481,1.020233,0.750000,-0.270233
757,0.176035,0.004067,0.299168,0.063771,0.000000,-0.063771
758,0.175807,0.004570,0.298861,0.067602,-0.375000,-0.442602
759,0.175607,0.024590,0.298672,0.156812,0.000000,-0.156812
760,0.175391,0.012493,0.298425,0.111773,0.125000,0.013227
761,0.175292,0.100602,0.298450,0.317179,-0.250000,0.067179
762,0.175548,0.369280,0.298858,0.607684,0.750000,0.142316
763,0.175323,0.004582,0.298553,0.067692,0.250000,0.317692
764,0.175092,0.000065,0.298171,0.008071,0.375000,0.366929
765,0.176507,1.251818,0.299250,1.118847,-1.000000,0.118847
766,0.176278,0.001904,0.298914,0.043636,-0.250000,-0.293636
767,0.176305,0.196981,0.299104,0.443825,-0.500000,-0.056175
768,0.176124,0.037914,0.298967,0.194715,0.125000,-0.069715
769,0.175969,0.057250,0.298889,0.239270,0.250000,0.010730
770,0.175951,0.162607,0.299026,0.403246,-0.375000,0.028246
771,0.177042,1.012307,0.299947,1.006135,-1.000000,0.006135
772,0.179814,2.305981,0.301534,1.518546,-1.500000,0.018546
773,0.179589,0.006656,0.301248,0.081581,-0.250000,-0.168419
774,0.179690,0.257891,0.301516,0.507830,0.625000,0.117170
775,0.179471,0.010546,0.301259,0.102695,0.250000,0.147305
776,0.179247,0.006682,0.300974,0.081745,-0.125000,-0.206745
777,0.180138,0.867840,0.301790,0.931579,0.625000,-0.306579
778,0.179913,0.006140,0.301501,0.078357,0.125000,0.046643
779,0.179795,0.088043,0.301495,0.296720,0.125000,-0.171720
780,0.180222,0.511349,0.302028,0.715087,0.625000,-0.090087
781,0.180815,0.641194,0.302670,0.800746,-0.875000,-0.074254
782,0.180583,0.000185,0.302298,0.013609,-0.250000,-0.236391
783,0.180352,0.000822,0.301947,0.028663,0.000000,-0.028663
784,0.181048,0.722991,0.302650,0.850289,-0.750000,0.100289
785,0.182050,0.963305,0.303519,0.981481,-1.000000,-0.018519
786,0.182085,0.209741,0.303717,0.457975,0.125000,-0.332975
787,0.182176,0.253552,0.303972,0.503539,-0.375000,0.128539
788,0.182568,0.489047,0.304476,0.699319,-0.875000,-0.175681
789,0.182335,0.000026,0.304095,0.005093,-0.375000,-0.369907
790,0.182104,0.000457,0.303735,0.021368,0.000000,0.021368
791,0.181936,0.049985,0.303633,0.223574,0.375000,0.151426
792,0.181936,0.182394,0.303790,0.427076,0.375000,-0.052076
793,0.181706,0.000156,0.303421,0.012498,0.000000,-0.012498
794,0.181794,0.250849,0.303671,0.500848,0.500000,-0.000848
795,0.181793,0.181428,0.303825,0.425944,-0.375000,0.050944
796,0.181688,0.098788,0.303839,0.314306,0.250000,-0.064306
797,0.181467,0.006431,0.303557,0.080191,0.000000,0.080191
798,0.181241,0.001681,0.303226,0.040999,0.000000,0.040999
799,0.181013,0.000403,0.302870,0.020069,-0.125000,-0.104931
800,0.180875,0.071176,0.302824,0.266789,0.250000,-0.016789
801,0.180656,0.005746,0.302540,0.075803,0.125000,0.049197
802,0.180701,0.216671,0.302744,0.465480,-0.375000,0.090480
803,0.180475,0.000064,0.302375,0.008006,-0.125000,-0.133006
804,0.180254,0.004031,0.302076,0.063489,0.000000,-0.063489
805,0.180109,0.063604,0.302014,0.252199,0.250000,-0.002199
806,0.180016,0.105815,0.302043,0.325292,0.250000,-0.075292
807,0.179795,0.002522,0.301729,0.050218,0.000000,-0.050218
808,0.179587,0.012863,0.301495,0.113414,0.125000,0.011586
809,0.179377,0.010332,0.301247,0.101645,0.000000,0.101645
810,0.179202,0.038222,0.301116,0.195506,0.250000,0.054494
811,0.178988,0.006240,0.300840,0.078997,0.000000,0.078997
812,0.178766,0.000000,0.300469,0.000306,0.000000,0.000306
813,0.178584,0.031835,0.300318,0.178424,0.000000,-0.178424
814,0.178682,0.257406,0.300573,0.507352,-0.500000,0.007352
815,0.178505,0.035474,0.300435,0.188345,-0.250000,-0.061655
816,0.178374,0.071859,0.300395,0.268065,-0.250000,0.018065
817,0.178155,0.000216,0.300044,0.014703,0.000000,0.014703
818,0.177980,0.036200,0.299909,0.190262,0.125000,-0.065262
819,0.177990,0.186121,0.300070,0.431417,0.375000,-0.056417
820,0.177777,0.004012,0.299780,0.063344,0.125000,0.061656
821,0.177579,0.016320,0.299569,0.127750,0.000000,0.127750
822,0.177445,0.067848,0.299522,0.260476,0.375000,0.114524
823,0.177265,0.029457,0.299366,0.171630,-0.125000,0.046630
824,0.177187,0.113366,0.299411,0.336699,-0.375000,-0.038301
825,0.177072,0.082834,0.299397,0.287809,0.250000,-0.037809
826,0.176964,0.088325,0.299394,0.297196,-0.250000,0.047196
827,0.176749,0.000374,0.299054,0.019330,0.000000,-0.019330
828,0.176980,0.366893,0.299426,0.605717,-0.625000,-0.019283
829,0.177269,0.415093,0.299844,0.644277,0.500000,-0.144277
830,0.177108,0.044836,0.299737,0.211745,0.250000,0.038255
831,0.176988,0.078069,0.299713,0.279409,0.250000,-0.029409
832,0.179574,2.317395,0.301189,1.522299,1.375000,-0.147299
833,0.179544,0.155371,0.301302,0.394172,0.000000,-0.394172
834,0.179985,0.545110,0.301828,0.738315,0.250000,-0.488315
835,0.180160,0.325693,0.302152,0.570695,-0.875000,-0.304305
836,0.179995,0.042987,0.302038,0.207333,-0.375000,-0.167667
837,0.180812,0.860117,0.302788,0.927425,0.875000,-0.052425
838,0.181216,0.517941,0.303288,0.719681,-0.750000,-0.030319
839,0.181033,0.028834,0.303128,0.169805,-0.500000,-0.330195
840,0.180955,0.115831,0.303173,0.340339,0.125000,-0.215339
841,0.181031,0.244519,0.303402,0.494489,-0.500000,-0.005511
842,0.180822,0.005976,0.303132,0.077305,0.000000,-0.077305
843,0.180648,0.034049,0.302990,0.184524,0.000000,-0.184524
844,0.180433,0.000015,0.302634,0.003919,-0.125000,-0.128919
845,0.180740,0.439323,0.303063,0.662815,0.500000,-0.162815
846,0.180609,0.070076,0.303017,0.264719,-0.250000,0.014719
847,0.180431,0.030916,0.302866,0.175829,0.125000,-0.050829
848,0.180389,0.144733,0.302958,0.380438,0.375000,-0.005438
849,0.180179,0.002578,0.302660,0.050777,0.125000,0.074223
850,0.180027,0.051553,0.302570,0.227053,0.250000,0.022947
851,0.179814,0.000000,0.302213,0.000115,0.000000,0.000115
852,0.180044,0.375176,0.302579,0.612516,0.625000,0.012484
853,0.179970,0.116761,0.302625,0.341703,0.375000,0.033297
854,0.179761,0.002057,0.302323,0.045359,-0.125000,-0.079641
855,0.179577,0.023137,0.302146,0.152107,0.000000,-0.152107
856,0.179676,0.264658,0.302395,0.514449,-0.500000,0.014449
857,0.179670,0.173899,0.302530,0.417012,0.375000,-0.042012
858,0.179465,0.004997,0.302258,0.070692,-0.125000,-0.054308
859,0.179408,0.130410,0.302327,0.361124,0.375000,0.013876
860,0.179198,0.000136,0.301987,0.011655,0.125000,0.113345
861,0.179616,0.537037,0.302490,0.732828,-0.625000,0.107828
862,0.179494,0.075455,0.302458,0.274690,0.375000,0.100310
863,0.179294,0.007765,0.302208,0.088122,0.125000,0.036878
864,0.179101,0.013221,0.301990,0.114982,0.000000,0.114982
865,0.178913,0.016888,0.301791,0.129954,0.000000,-0.129954
866,0.178712,0.005284,0.301525,0.072689,-0.125000,-0.052311
867,0.178521,0.013879,0.301312,0.117807,0.000000,0.117807
868,0.178334,0.017055,0.301114,0.130597,-0.125000,0.005597
869,0.178128,0.000073,0.300776,0.008541,0.000000,-0.008541
870,0.177923,0.000552,0.300456,0.023491,0.000000,0.023491
871,0.178062,0.299068,0.300740,0.546872,0.625000,0.078128
872,0.177960,0.088979,0.300737,0.298293,-0.375000,-0.076707
873,0.177875,0.104179,0.300763,0.322768,0.125000,-0.197768
874,0.177709,0.033420,0.300627,0.182811,0.125000,-0.057811
875,0.177514,0.008292,0.300387,0.091063,-0.125000,-0.033937
876,0.177433,0.107047,0.300417,0.327180,-0.375000,-0.047820
877,0.177289,0.051428,0.300333,0.226776,0.125000,-0.101776
878,0.177601,0.449648,0.300757,0.670558,0.750000,0.079442
879,0.177469,0.062680,0.300699,0.250360,-0.125000,0.125360
880,0.177462,0.171336,0.300828,0.413928,-0.500000,-0.086072
881,0.177372,0.098484,0.300843,0.313822,0.125000,-0.188822
882,0.177206,0.031305,0.300702,0.176933,0.125000,-0.051933
883,0.177024,0.017078,0.300508,0.130683,-0.125000,0.005683
884,0.176825,0.002387,0.300222,0.048853,0.125000,0.076147
885,0.176808,0.161397,0.300338,0.401742,0.375000,-0.026742
886,0.176622,0.013064,0.300127,0.114299,0.125000,0.239299
887,0.176439,0.015273,0.299927,0.123583,0.250000,0.126417
888,0.176488,0.219141,0.300117,0.468124,0.500000,0.031876
889,0.176572,0.250735,0.300344,0.500734,-0.250000,0.250734
890,0.176381,0.007705,0.300104,0.087779,0.125000,0.037221
891,0.176184,0.001381,0.299807,0.037161,0.000000,0.037161
892,0.176001,0.014274,0.299604,0.119474,0.000000,0.119474
893,0.175832,0.025848,0.299448,0.160772,0.250000,0.089228
894,0.175720,0.075943,0.299421,0.275577,0.375000,0.099423
895,0.175554,0.027844,0.299273,0.166864,0.000000,0.166864
896,0.175480,0.109300,0.299308,0.330606,-0.250000,0.080606
897,0.175292,0.007642,0.299070,0.087417,0.000000,0.087417
898,0.175173,0.068873,0.299029,0.262437,0.000000,0.262437
899,0.175012,0.031332,0.298893,0.177010,-0.125000,0.052010
900,0.174844,0.024190,0.298733,0.155531,0.125000,-0.030531
901,0.174675,0.023688,0.298572,0.153910,0.125000,-0.028910
902,0.174484,0.002951,0.298300,0.054324,0.125000,0.179324
903,0.174297,0.005936,0.298054,0.077045,0.000000,0.077045
904,0.174169,0.059108,0.297993,0.243122,0.250000,0.006878
905,0.174219,0.219497,0.298182,0.468505,-0.375000,0.093505
906,0.174027,0.001023,0.297887,0.031987,0.000000,0.031987
907,0.174414,0.523540,0.298358,0.723560,-0.625000,0.098560
908,0.174961,0.669188,0.298933,0.818039,-0.875000,-0.056961
909,0.175633,0.782931,0.299580,0.884834,0.875000,-0.009834
910,0.175561,0.110652,0.299617,0.332644,0.375000,0.042356
911,0.175375,0.006204,0.299373,0.078768,-0.250000,-0.171232
912,0.175186,0.003599,0.299110,0.059995,-0.125000,-0.065005
913,0.174993,0.000299,0.298800,0.017306,0.000000,0.017306
914,0.174861,0.054833,0.298729,0.234165,-0.125000,0.109165
915,0.174675,0.005064,0.298479,0.071164,0.000000,0.071164
916,0.174986,0.458643,0.298894,0.677232,-0.500000,0.177232
917,0.174804,0.008485,0.298668,0.092113,0.000000,-0.092113
918,0.174618,0.004675,0.298416,0.068375,0.125000,0.193375
919,0.174430,0.002633,0.298146,0.051312,0.125000,0.176312
920,0.174475,0.215935,0.298328,0.464688,0.500000,0.035312
921,0.174356,0.065093,0.298280,0.255132,-0.125000,0.130132
922,0.174182,0.014583,0.298087,0.120760,0.125000,0.004240
923,0.174120,0.117313,0.298135,0.342510,-0.250000,0.092510
924,0.173970,0.036108,0.298018,0.190021,0.250000,0.059979
925,0.173856,0.068751,0.297979,0.262204,-0.125000,0.137204
926,0.173678,0.010645,0.297768,0.103173,0.000000,-0.103173
927,0.173587,0.089554,0.297769,0.299257,0.375000,0.075743
928,0.173408,0.007594,0.297541,0.087146,0.125000,0.037854
929,0.173256,0.033481,0.297417,0.182978,0.250000,0.067022
930,0.173072,0.002367,0.297149,0.048648,0.000000,-0.048648
931,0.172889,0.003512,0.296892,0.059260,0.125000,0.065740
932,0.172739,0.034076,0.296771,0.184597,0.250000,0.065403
933,0.172791,0.220703,0.296957,0.469790,-0.375000,0.094790
934,0.172621,0.014301,0.296767,0.119586,0.000000,-0.119586
935,0.172489,0.050454,0.296689,0.224621,0.250000,0.025379
936,0.172832,0.492167,0.297124,0.701546,-0.625000,0.076546
937,0.172912,0.247348,0.297338,0.497341,0.250000,-0.247341
938,0.172753,0.024543,0.297188,0.156661,0.000000,-0.156661
939,0.172670,0.094527,0.297199,0.307453,0.250000,-0.057453
940,0.172633,0.138085,0.297278,0.371598,-0.375000,-0.003402