# TEST CONFIGURATION BEGIN
# File Stream: filename: air_company_stock3.csv  -  n_targets: 1
# [air_company_stock3_ADE_HETERO_SIZE_8] Pipeline: Array BaseStreamModel: base_models: [<skmultiflow.lazy.knn_forecast.KNNForecast object at 0x7f2242ddaf60>, <skmultiflow.lazy.knn_forecast.KNNForecast object at 0x7f2242dda9b0>, <skmultiflow.lazy.knn_forecast.KNNForecast object at 0x7f223ff84e10>, <skmultiflow.lazy.knn_forecast.KNNForecast object at 0x7f223ff84e48>, <skmultiflow.trees.regression_hoeffding_tree.RegressionHoeffdingTree object at 0x7f223ff84cf8>, <skmultiflow.trees.regression_hoeffding_tree.RegressionHoeffdingTree object at 0x7f223ff84518>, <skmultiflow.trees.regression_hoeffding_adaptive_tree.RegressionHAT object at 0x7f223ff84cc0>, <skmultiflow.trees.regression_hoeffding_adaptive_tree.RegressionHAT object at 0x7f223ff84550>]
 Array BaseStreamModel: base_models: [<skmultiflow.lazy.knn_forecast.KNNForecast object at 0x7f2242ddaf60>, <skmultiflow.lazy.knn_forecast.KNNForecast object at 0x7f2242dda9b0>, <skmultiflow.lazy.knn_forecast.KNNForecast object at 0x7f223ff84e10>, <skmultiflow.lazy.knn_forecast.KNNForecast object at 0x7f223ff84e48>, <skmultiflow.trees.regression_hoeffding_tree.RegressionHoeffdingTree object at 0x7f223ff84cf8>, <skmultiflow.trees.regression_hoeffding_tree.RegressionHoeffdingTree object at 0x7f223ff84518>, <skmultiflow.trees.regression_hoeffding_adaptive_tree.RegressionHAT object at 0x7f223ff84cc0>, <skmultiflow.trees.regression_hoeffding_adaptive_tree.RegressionHAT object at 0x7f223ff84550>]
# Prequential Evaluator: n_wait: 1 - max_samples: 600000 - max_time: 10000000 - output_file: air_company_stock3_ADE_HETERO_SIZE_8_SIZE_8 - batch_size: 1 - pretrain_size: 5 - task_type: regression - show_plot: False - metrics: ['mean_square_error', 'mean_absolute_error', 'true_vs_predicted']
# TEST CONFIGURATION END
id,global_mse_[air_company_stock3_ADE_HETERO_SIZE_8],sliding_mse_[air_company_stock3_ADE_HETERO_SIZE_8],global_mae_[air_company_stock3_ADE_HETERO_SIZE_8],sliding_mae_[air_company_stock3_ADE_HETERO_SIZE_8],true_value_[air_company_stock3_ADE_HETERO_SIZE_8],predicted_value_[air_company_stock3_ADE_HETERO_SIZE_8]
5,2.462351,2.462351,1.569188,1.569188,0.000000,-1.569188
6,1.240891,0.019430,0.854291,0.139393,-0.250000,-0.389393
7,0.974259,0.440994,0.790885,0.664074,0.125000,-0.539074
8,1.106417,1.502891,0.899645,1.225925,0.375000,-0.850925
9,0.894022,0.044446,0.761880,0.210821,0.125000,-0.085821
10,0.747563,0.015266,0.655493,0.123556,0.125000,0.248556
11,0.651396,0.074392,0.600815,0.272748,0.000000,0.272748
12,0.585663,0.125531,0.570001,0.354304,0.375000,0.020696
13,0.523573,0.026857,0.524877,0.163881,0.000000,0.163881
14,0.471869,0.006532,0.480471,0.080821,-0.125000,-0.044179
15,0.430387,0.015566,0.448134,0.124763,-0.125000,-0.249763
16,0.398357,0.046031,0.428668,0.214548,-0.125000,-0.339548
17,0.386557,0.244951,0.433765,0.494925,0.125000,-0.369925
18,0.371913,0.181544,0.433216,0.426080,0.250000,-0.176080
19,0.350345,0.048399,0.419002,0.219998,-0.250000,-0.030002
20,0.331094,0.042321,0.405672,0.205720,0.125000,-0.080720
21,0.312422,0.013681,0.388689,0.116965,0.000000,-0.116965
22,0.301974,0.124343,0.386685,0.352623,-0.250000,0.102623
23,0.287025,0.017950,0.373385,0.133978,-0.250000,-0.116022
24,0.288797,0.322461,0.383108,0.567857,0.375000,-0.192857
25,0.276226,0.024803,0.372365,0.157489,0.125000,-0.032489
26,0.283491,0.436060,0.385455,0.660349,0.875000,0.214651
27,0.273335,0.049910,0.378409,0.223405,-0.125000,0.098405
28,0.289652,0.664936,0.396619,0.815436,-0.625000,0.190436
29,0.304817,0.668773,0.413465,0.817786,0.125000,-0.692786
30,0.293093,0.000011,0.397688,0.003252,-0.125000,-0.128252
31,0.290186,0.214587,0.400116,0.463236,0.375000,-0.088236
32,0.287779,0.222783,0.402683,0.471999,-0.125000,-0.596999
33,0.281822,0.115027,0.400492,0.339157,0.000000,-0.339157
34,0.274188,0.052812,0.394803,0.229809,-0.125000,-0.354809
35,0.265894,0.017087,0.386284,0.130715,-0.125000,-0.255715
36,0.277835,0.648009,0.399368,0.804990,0.250000,-0.554990
37,0.278323,0.293918,0.403695,0.542142,0.375000,-0.167142
38,0.287056,0.575262,0.414129,0.758460,-0.625000,0.133460
39,0.279740,0.030977,0.407326,0.176003,0.000000,-0.176003
40,0.290254,0.658246,0.418548,0.811324,0.625000,-0.186324
41,0.286192,0.139955,0.417347,0.374106,0.750000,0.375894
42,0.278779,0.004493,0.408128,0.067033,0.500000,0.432967
43,0.356433,3.307302,0.444294,1.818599,2.000000,0.181401
44,0.386635,1.564502,0.464456,1.250801,1.875000,0.624199
45,0.436762,2.441849,0.491241,1.562642,0.125000,1.687642
46,0.446123,0.829920,0.501236,0.910999,-1.250000,-0.339001
47,0.442564,0.293094,0.502169,0.541381,-0.250000,-0.791381
48,0.433314,0.035576,0.495043,0.188615,-0.750000,-0.938615
49,0.426871,0.143362,0.492456,0.378632,-0.250000,-0.628632
50,0.564496,6.757633,0.538262,2.599545,1.375000,-1.224545
51,0.556017,0.165995,0.535479,0.407425,0.375000,-0.032425
52,0.564867,0.980812,0.544955,0.990360,-1.000000,-0.009640
53,0.562120,0.430267,0.547220,0.655947,-0.125000,-0.780947
54,0.552046,0.058388,0.541109,0.241636,-0.125000,-0.366636
55,0.541232,0.000528,0.530949,0.022982,0.000000,-0.022982
56,0.548110,0.898931,0.538972,0.948120,0.875000,-0.073120
57,0.541274,0.185759,0.536935,0.430998,-0.250000,0.180998
58,0.531861,0.032965,0.530354,0.181562,-0.125000,0.056562
59,0.525921,0.205162,0.528946,0.452948,0.250000,-0.202948
60,0.516724,0.010907,0.521366,0.104436,0.000000,-0.104436
61,0.507862,0.011611,0.514109,0.107756,-0.375000,-0.267244
62,0.521461,1.296594,0.524878,1.138681,-1.500000,-0.361319
63,0.516227,0.212678,0.523798,0.461170,0.000000,-0.461170
64,0.507730,0.006381,0.516400,0.079883,-0.125000,-0.045117
65,0.511156,0.716740,0.521813,0.846605,-0.125000,0.721605
66,0.503875,0.059710,0.517338,0.244357,-0.250000,-0.005643
67,0.498599,0.171504,0.515699,0.414130,-0.250000,0.164130
68,0.492522,0.109649,0.512816,0.331133,0.500000,0.168867
69,0.489807,0.316066,0.513575,0.562198,-0.125000,0.437198
70,0.482493,0.007065,0.507067,0.084057,0.000000,0.084057
71,0.477823,0.169609,0.505646,0.411836,0.250000,-0.161836
72,0.477946,0.486154,0.508464,0.697247,-0.375000,0.322247
73,0.472554,0.105901,0.505811,0.325425,-0.500000,-0.174575
74,0.469177,0.236182,0.505528,0.485986,0.125000,-0.360986
75,0.464172,0.113834,0.503160,0.337394,0.250000,-0.087394
76,0.462258,0.326322,0.504105,0.571246,-0.250000,0.321246
77,0.459782,0.281541,0.504468,0.530605,-0.500000,0.030605
78,0.455776,0.163308,0.503112,0.404114,0.125000,-0.279114
79,0.449752,0.004022,0.497250,0.063418,-0.125000,-0.061582
80,0.444829,0.075571,0.494324,0.274902,-0.125000,0.149902
81,0.439053,0.000109,0.488040,0.010455,-0.125000,-0.114545
82,0.433446,0.001658,0.482305,0.040718,-0.250000,-0.209282
83,0.430527,0.202896,0.481902,0.450440,0.250000,-0.200440
84,0.427095,0.155961,0.480814,0.394919,0.250000,-0.144919
85,0.425253,0.277864,0.481386,0.527128,-0.250000,0.277128
86,0.424686,0.378749,0.483021,0.615426,-0.625000,-0.009574
87,0.419596,0.002283,0.477777,0.047784,-0.125000,-0.172784
88,0.416918,0.194591,0.477341,0.441125,0.250000,-0.191125
89,0.414277,0.192447,0.476886,0.438688,-0.250000,0.188688
90,0.410352,0.076742,0.474562,0.277024,0.250000,-0.027024
91,0.405891,0.022231,0.470821,0.149101,0.000000,-0.149101
92,0.401793,0.045310,0.467890,0.212863,0.375000,0.162137
93,0.398162,0.078607,0.465783,0.280370,-0.375000,-0.094630
94,0.395506,0.159135,0.465040,0.398917,0.000000,-0.398917
95,0.394524,0.306077,0.466009,0.553242,0.125000,-0.428242
96,0.390235,0.000005,0.460967,0.002180,0.000000,-0.002180
97,0.386197,0.014707,0.457315,0.121274,-0.250000,-0.128726
98,0.395233,1.235527,0.464275,1.111542,0.875000,-0.236542
99,0.391297,0.021331,0.460925,0.146050,0.125000,-0.021050
100,0.387901,0.065246,0.458784,0.255433,0.000000,0.255433
101,0.384024,0.011822,0.455176,0.108730,-0.250000,-0.358730
102,0.381041,0.091732,0.453622,0.302873,0.125000,-0.177873
103,0.383146,0.589396,0.456794,0.767721,0.500000,-0.267721
104,0.379332,0.001788,0.452649,0.042279,0.000000,0.042279
105,0.375871,0.029739,0.449875,0.172449,0.125000,-0.047449
106,0.374362,0.222025,0.450084,0.471195,-0.500000,-0.028805
107,0.372026,0.133709,0.449264,0.365662,0.375000,0.009338
108,0.372298,0.400359,0.451028,0.632739,0.375000,-0.257739
109,0.372781,0.422974,0.452927,0.650365,0.875000,0.224635
110,0.370152,0.094113,0.451548,0.306779,0.625000,0.318221
111,0.366967,0.029344,0.448929,0.171300,0.125000,0.296300
112,0.365540,0.212857,0.449044,0.461364,-0.375000,0.086364
113,0.363220,0.112716,0.448005,0.335733,-0.375000,-0.039267
114,0.361561,0.180630,0.447795,0.425006,0.125000,-0.300006
115,0.363457,0.572055,0.450575,0.756343,-0.875000,-0.118657
116,0.361551,0.150032,0.450011,0.387340,0.125000,-0.262340
117,0.371433,1.478223,0.456788,1.215822,0.875000,-0.340822
118,0.368186,0.001239,0.453090,0.035203,0.375000,0.339797
119,0.372579,0.873430,0.457276,0.934575,-0.750000,0.184575
120,0.370989,0.188042,0.457073,0.433638,0.250000,-0.183638
121,0.367818,0.000008,0.453190,0.002827,0.000000,0.002827
122,0.364740,0.004625,0.449926,0.068010,0.250000,0.318010
123,0.363146,0.175016,0.449661,0.418350,-0.375000,0.043350
124,0.360217,0.011723,0.446816,0.108273,0.125000,0.016727
125,0.357794,0.067051,0.445263,0.258943,0.125000,-0.133943
126,0.355803,0.114867,0.444391,0.338921,-0.125000,0.213921
127,0.353360,0.055314,0.442691,0.235188,-0.250000,-0.014812
128,0.350685,0.021679,0.440308,0.147238,-0.125000,0.022238
129,0.347884,0.000592,0.436980,0.024325,0.000000,0.024325
130,0.347099,0.248929,0.437472,0.498928,-0.375000,0.123928
131,0.345445,0.136998,0.436941,0.370133,-0.500000,-0.129867
132,0.344557,0.231873,0.437290,0.481532,0.250000,-0.231532
133,0.343776,0.243764,0.437727,0.493725,-0.500000,-0.006275
134,0.341158,0.003378,0.434807,0.058120,0.000000,-0.058120
135,0.340193,0.214808,0.435026,0.463474,0.125000,-0.338474
136,0.344573,0.918266,0.438990,0.958262,1.000000,0.041738
137,0.343987,0.266744,0.439572,0.516473,-0.375000,0.141473
138,0.341569,0.019909,0.437345,0.141098,0.000000,0.141098
139,0.339421,0.051606,0.435788,0.227169,-0.500000,-0.272831
140,0.337215,0.039384,0.434043,0.198455,0.125000,-0.073455
141,0.335843,0.149248,0.433695,0.386326,0.125000,-0.261326
142,0.333412,0.000399,0.430697,0.019974,0.000000,-0.019974
143,0.331015,0.000176,0.427694,0.013251,-0.250000,-0.263251
144,0.331802,0.441285,0.429384,0.664293,-0.750000,-0.085707
145,0.330601,0.162382,0.429196,0.402967,0.250000,-0.152967
146,0.328333,0.008619,0.426828,0.092836,0.000000,-0.092836
147,0.327850,0.259290,0.427404,0.509205,0.000000,0.509205
148,0.329360,0.545181,0.429563,0.738364,0.750000,0.011636
149,0.327090,0.000309,0.426722,0.017566,0.250000,0.232434
150,0.324941,0.013241,0.424587,0.115071,0.125000,0.240071
151,0.323044,0.046126,0.423160,0.214769,-0.125000,0.089769
152,0.324170,0.489743,0.425029,0.699817,-0.500000,0.199817
153,0.321995,0.000009,0.422196,0.002959,-0.125000,-0.127959
154,0.321813,0.294740,0.423001,0.542900,0.375000,-0.167900
155,0.320285,0.091133,0.422199,0.301882,-0.250000,0.051882
156,0.318286,0.016309,0.420262,0.127708,-0.125000,0.002708
157,0.317418,0.185521,0.420330,0.430722,0.250000,-0.180722
158,0.322207,1.055009,0.424270,1.027136,1.125000,0.097864
159,0.321629,0.232507,0.424644,0.482190,-0.250000,0.232190
160,0.320295,0.113649,0.424083,0.337118,-0.375000,-0.037882
161,0.322539,0.672491,0.426605,0.820056,0.250000,-0.570056
162,0.320503,0.000961,0.424101,0.030998,0.000000,0.030998
163,0.318563,0.011960,0.422122,0.109362,0.000000,-0.109362
164,0.316893,0.051414,0.420901,0.226747,0.000000,-0.226747
165,0.314935,0.001602,0.418535,0.040021,-0.125000,-0.165021
166,0.313130,0.022514,0.416877,0.150046,0.000000,0.150046
167,0.311337,0.020873,0.415206,0.144476,0.125000,-0.019476
168,0.309638,0.032706,0.413777,0.180847,0.000000,0.180847
169,0.308070,0.051001,0.412638,0.225835,-0.125000,0.100835
170,0.306272,0.009549,0.410741,0.097722,-0.125000,-0.027278
171,0.304485,0.007835,0.408812,0.088516,0.000000,-0.088516
172,0.302675,0.000397,0.406497,0.019924,0.000000,0.019924
173,0.300954,0.011873,0.404736,0.108963,-0.125000,-0.016037
174,0.299185,0.000126,0.402421,0.011212,-0.125000,-0.113788
175,0.298991,0.266102,0.403085,0.515851,-0.625000,-0.109149
176,0.298355,0.189588,0.403273,0.435417,0.250000,-0.185417
177,0.298944,0.400235,0.404599,0.632642,0.500000,-0.132642
178,0.299664,0.424237,0.406017,0.651335,-0.250000,0.401335
179,0.298134,0.031844,0.404716,0.178450,0.125000,-0.053450
180,0.296440,0.000093,0.402471,0.009643,0.000000,0.009643
181,0.295289,0.092663,0.401917,0.304405,-0.125000,0.179405
182,0.293959,0.058631,0.401020,0.242138,0.250000,0.007862
183,0.293718,0.250694,0.401577,0.500693,0.500000,-0.000693
184,0.292452,0.065866,0.400771,0.256643,0.500000,0.243357
185,0.290879,0.007801,0.399045,0.088323,0.125000,0.213323
186,0.289878,0.108568,0.398663,0.329497,-0.250000,0.079497
187,0.288301,0.001422,0.396691,0.037704,0.125000,0.087296
188,0.288151,0.260676,0.397309,0.510564,-0.375000,0.135564
189,0.286634,0.007428,0.395628,0.086187,0.000000,0.086187
190,0.285110,0.003175,0.393804,0.056344,-0.125000,-0.181344
191,0.285760,0.406715,0.395108,0.637742,0.625000,-0.012742
192,0.284847,0.114117,0.394803,0.337812,-0.250000,0.087812
193,0.284464,0.212379,0.395153,0.460846,-0.375000,0.085846
194,0.283909,0.178996,0.395300,0.423079,0.000000,-0.423079
195,0.283243,0.156759,0.395303,0.395929,0.250000,-0.145929
196,0.281986,0.041912,0.394310,0.204724,-0.125000,0.079724
197,0.280591,0.012763,0.392853,0.112973,-0.125000,-0.012027
198,0.279168,0.004613,0.391178,0.067918,-0.125000,-0.192918
199,0.280292,0.498175,0.392791,0.705815,0.625000,-0.080815
200,0.278966,0.020422,0.391516,0.142905,-0.125000,0.017905
201,0.279089,0.303229,0.392324,0.550662,0.625000,0.074338
202,0.278744,0.210896,0.392662,0.459235,0.375000,-0.084235
203,0.281878,0.902257,0.395462,0.949872,-0.625000,0.324872
204,0.281244,0.155093,0.395454,0.393818,0.125000,-0.268818
205,0.279895,0.010224,0.393990,0.101116,-0.375000,-0.273884
206,0.279245,0.148597,0.393948,0.385483,-0.250000,0.135483
207,0.277991,0.024665,0.392781,0.157051,-0.125000,-0.282051
208,0.281533,1.000434,0.395758,1.000217,-1.000000,0.000217
209,0.280588,0.087885,0.395274,0.296454,0.000000,-0.296454
210,0.280637,0.290608,0.395972,0.539081,-0.625000,-0.085919
211,0.279281,0.000024,0.394083,0.004944,0.000000,-0.004944
212,0.279083,0.238099,0.394534,0.487954,0.250000,-0.237954
213,0.283743,1.253053,0.398002,1.119399,-0.750000,0.369399
214,0.282393,0.000282,0.396187,0.016797,-0.125000,-0.108203
215,0.281519,0.097966,0.395793,0.312996,0.250000,-0.062996
216,0.280198,0.001363,0.394100,0.036917,0.250000,0.286917
217,0.279036,0.032814,0.393100,0.181145,0.375000,0.193855
218,0.277874,0.030206,0.392076,0.173799,0.125000,0.298799
219,0.278067,0.319438,0.392881,0.565189,-0.250000,0.315189
220,0.277301,0.112628,0.392615,0.335601,-0.375000,-0.039399
221,0.276101,0.016807,0.391404,0.129642,0.000000,-0.129642
222,0.276380,0.337070,0.392271,0.580577,0.500000,-0.080577
223,0.275129,0.002254,0.390697,0.047476,0.125000,0.172476
224,0.273992,0.025071,0.389641,0.158339,-0.125000,0.033339
225,0.273608,0.189206,0.389846,0.434979,0.250000,-0.184979
226,0.272401,0.005545,0.388425,0.074462,0.000000,0.074462
227,0.271373,0.043245,0.387616,0.207954,-0.125000,0.082954
228,0.270357,0.043707,0.386819,0.209061,-0.375000,-0.165939
229,0.269168,0.002919,0.385340,0.054032,0.000000,-0.054032
230,0.268014,0.008278,0.384037,0.090982,0.125000,0.034018
231,0.268132,0.294811,0.384738,0.542965,-0.375000,0.167965
232,0.267043,0.019915,0.383669,0.141120,0.125000,-0.016120
233,0.266114,0.054211,0.383010,0.232833,-0.375000,-0.142167
234,0.265063,0.024495,0.382026,0.156508,0.125000,-0.031508
235,0.263918,0.000380,0.380456,0.019490,-0.250000,-0.269490
236,0.262888,0.025028,0.379498,0.158203,-0.250000,-0.091797
237,0.261946,0.043503,0.378765,0.208573,-0.500000,-0.291427
238,0.261896,0.250188,0.379283,0.500188,0.125000,-0.375188
239,0.260991,0.049250,0.378614,0.221924,0.000000,-0.221924
240,0.259900,0.003469,0.377259,0.058899,-0.125000,-0.066101
241,0.259543,0.175352,0.377434,0.418751,0.250000,-0.168751
242,0.259093,0.152374,0.377488,0.390351,0.375000,-0.015351
243,0.258908,0.214824,0.377848,0.463491,-0.250000,0.213491
244,0.257952,0.029638,0.376991,0.172157,-0.125000,0.047157
245,0.258041,0.279338,0.377620,0.528525,0.500000,-0.028525
246,0.257358,0.092734,0.377318,0.304522,0.000000,0.304522
247,0.256467,0.040898,0.376597,0.202234,0.000000,0.202234
248,0.255618,0.049162,0.375963,0.221726,-0.250000,-0.028274
249,0.254802,0.055729,0.375392,0.236069,0.250000,0.013931
250,0.253768,0.000444,0.373951,0.021078,-0.125000,-0.103922
251,0.253013,0.067329,0.373488,0.259478,-0.250000,0.009478
252,0.252248,0.063264,0.372996,0.251523,0.000000,-0.251523
253,0.251316,0.020310,0.372071,0.142512,0.125000,-0.017512
254,0.250360,0.012101,0.371022,0.110006,0.000000,0.110006
255,0.249384,0.005552,0.369841,0.074512,0.125000,0.050488
256,0.248445,0.012693,0.368820,0.112664,0.000000,0.112664
257,0.247465,0.000427,0.367444,0.020669,0.125000,0.104331
258,0.246905,0.105280,0.367275,0.324469,-0.250000,0.074469
259,0.246366,0.109472,0.367132,0.330866,0.250000,-0.080866
260,0.245405,0.000373,0.365774,0.019316,-0.125000,-0.144316
261,0.244482,0.008133,0.364701,0.090183,-0.125000,-0.034817
262,0.243910,0.096986,0.364495,0.311426,0.125000,-0.186426
263,0.243224,0.066116,0.364080,0.257130,0.125000,-0.132130
264,0.242305,0.004436,0.362936,0.066600,0.125000,0.058400
265,0.241482,0.027464,0.362181,0.165723,0.125000,-0.040723
266,0.240561,0.000182,0.360850,0.013493,0.125000,0.111507
267,0.240007,0.094910,0.360649,0.308074,-0.375000,-0.066926
268,0.239177,0.020720,0.359828,0.143944,-0.250000,-0.106056
269,0.239140,0.229584,0.360278,0.479149,0.250000,-0.229149
270,0.238245,0.000934,0.359039,0.030556,0.125000,0.094444
271,0.237980,0.167536,0.359227,0.409311,-0.250000,0.159311
272,0.237102,0.002694,0.358080,0.051902,0.000000,-0.051902
273,0.236319,0.026307,0.357352,0.162196,0.125000,-0.037196
274,0.235638,0.052685,0.356879,0.229531,-0.125000,0.104531
275,0.234784,0.004142,0.355799,0.064361,0.000000,0.064361
276,0.233922,0.000324,0.354557,0.017987,0.125000,0.107013
277,0.233290,0.061289,0.354166,0.247566,-0.125000,0.122566
278,0.232439,0.000204,0.352925,0.014291,0.000000,0.014291
279,0.231613,0.005310,0.351907,0.072873,0.000000,-0.072873
280,0.230774,0.000001,0.350635,0.000940,0.000000,0.000940
281,0.229944,0.000833,0.349474,0.028861,0.000000,-0.028861
282,0.229189,0.020154,0.348727,0.141963,0.125000,-0.016963
283,0.228382,0.003934,0.347702,0.062724,0.125000,0.062276
284,0.227709,0.040008,0.347175,0.200021,0.250000,0.049979
285,0.227033,0.037721,0.346630,0.194218,0.125000,-0.069218
286,0.226255,0.007570,0.345710,0.087008,0.125000,0.037992
287,0.228159,0.765117,0.347579,0.874710,0.875000,0.000290
288,0.227494,0.039420,0.347054,0.198544,-0.250000,-0.051456
289,0.226716,0.005659,0.346100,0.075226,0.125000,0.049774
290,0.226475,0.157883,0.346279,0.397345,0.125000,-0.272345
291,0.225800,0.032807,0.345704,0.181127,-0.125000,0.056127
292,0.225667,0.187412,0.346007,0.432911,0.250000,-0.182911
293,0.224893,0.001866,0.344959,0.043198,-0.125000,-0.081802
294,0.224183,0.019043,0.344245,0.137996,0.125000,-0.012996
295,0.223916,0.146545,0.344378,0.382813,0.375000,-0.007813
296,0.224954,0.526934,0.345685,0.725902,-0.625000,0.100902
297,0.224198,0.003456,0.344705,0.058784,0.000000,-0.058784
298,0.223852,0.122550,0.344724,0.350071,0.125000,-0.225071
299,0.223096,0.000701,0.343645,0.026467,0.250000,0.223533
300,0.222343,0.000416,0.342553,0.020405,0.125000,0.145405
301,0.221773,0.053045,0.342175,0.230315,-0.125000,0.105315
302,0.221094,0.019250,0.341492,0.138743,-0.125000,0.013743
303,0.220473,0.035494,0.340980,0.188398,0.250000,0.061602
304,0.219995,0.076987,0.340768,0.277465,0.375000,0.097535
305,0.220527,0.380288,0.341685,0.616675,-0.375000,0.241675
306,0.219841,0.013235,0.340935,0.115046,-0.125000,-0.009954
307,0.219919,0.243643,0.341438,0.493602,-0.500000,-0.006398
308,0.219208,0.003529,0.340511,0.059409,-0.125000,-0.065591
309,0.218498,0.002789,0.339567,0.052808,-0.375000,-0.322192
310,0.218319,0.163706,0.339780,0.404605,0.250000,-0.154605
311,0.217834,0.069426,0.339531,0.263488,-0.375000,-0.111512
312,0.217559,0.133158,0.339614,0.364909,0.250000,-0.114909
313,0.217556,0.216609,0.340021,0.465413,0.375000,-0.090413
314,0.218321,0.454556,0.341099,0.674208,-0.375000,0.299208
315,0.218310,0.215108,0.341494,0.463797,0.375000,-0.088797
316,0.217720,0.034171,0.340991,0.184855,-0.125000,0.059855
317,0.217284,0.081376,0.340813,0.285265,0.000000,0.285265
318,0.217023,0.135158,0.340899,0.367638,-0.375000,-0.007362
319,0.216337,0.001096,0.339922,0.033109,0.125000,0.091891
320,0.215953,0.094805,0.339820,0.307905,0.250000,-0.057905
321,0.216502,0.389994,0.340718,0.624495,-0.500000,0.124495
322,0.215823,0.000617,0.339725,0.024838,-0.125000,-0.149838
323,0.215249,0.032821,0.339228,0.181166,-0.375000,-0.193834
324,0.215130,0.177059,0.339483,0.420783,0.375000,-0.045783
325,0.214548,0.028229,0.338949,0.168015,-0.125000,0.043015
326,0.213926,0.014347,0.338268,0.119780,0.125000,0.005220
327,0.213490,0.073193,0.338058,0.270543,0.125000,-0.145543
328,0.212924,0.030029,0.337550,0.173289,-0.125000,0.048289
329,0.212316,0.015282,0.336892,0.123621,-0.125000,-0.001379
330,0.211812,0.048010,0.336530,0.219112,0.125000,-0.094112
331,0.211455,0.095271,0.336445,0.308660,-0.250000,0.058660
332,0.211012,0.066154,0.336204,0.257203,0.250000,-0.007203
333,0.210473,0.033556,0.335738,0.183182,0.125000,-0.058182
334,0.210087,0.082925,0.335594,0.287967,-0.125000,0.162967
335,0.209786,0.110540,0.335584,0.332476,0.250000,-0.082476
336,0.209160,0.001882,0.334704,0.043382,0.000000,-0.043382
337,0.208543,0.003791,0.333884,0.061569,0.000000,0.061569
338,0.208046,0.042511,0.333502,0.206181,0.125000,-0.081181
339,0.207454,0.009868,0.332803,0.099339,0.125000,0.025661
340,0.206851,0.004662,0.332015,0.068275,0.125000,0.056725
341,0.206248,0.003688,0.331210,0.060733,0.125000,0.064267
342,0.205638,0.000067,0.330255,0.008164,0.125000,0.116836
343,0.205231,0.067883,0.330049,0.260544,0.375000,0.114456
344,0.204683,0.018770,0.329481,0.137004,0.125000,-0.012004
345,0.204443,0.122752,0.329542,0.350360,0.375000,0.024640
346,0.204472,0.214564,0.329933,0.463210,-0.375000,0.088210
347,0.204011,0.046163,0.329598,0.214855,0.250000,0.035145
348,0.203724,0.105491,0.329584,0.324793,0.250000,-0.074793
349,0.203552,0.144114,0.329729,0.379623,-0.125000,0.254623
350,0.203367,0.139633,0.329856,0.373675,-0.375000,-0.001325
351,0.202841,0.020995,0.329323,0.144895,-0.250000,-0.105105
352,0.202516,0.089690,0.329237,0.299483,0.125000,-0.174483
353,0.201962,0.009084,0.328567,0.095308,-0.125000,-0.029692
354,0.201396,0.003778,0.327804,0.061467,0.000000,-0.061467
355,0.200954,0.046222,0.327482,0.214993,0.125000,-0.089993
356,0.200926,0.191080,0.327794,0.437127,-0.375000,0.062127
357,0.200699,0.121034,0.327851,0.347900,0.250000,-0.097900
358,0.200239,0.037930,0.327475,0.194756,-0.250000,-0.055244
359,0.199682,0.002404,0.326690,0.049031,0.125000,0.075969
360,0.199122,0.000118,0.325803,0.010883,-0.125000,-0.135883
361,0.198663,0.035487,0.325418,0.188379,-0.125000,0.063379
362,0.199159,0.376247,0.326223,0.613390,0.500000,-0.113390
363,0.198688,0.029845,0.325795,0.172757,-0.125000,0.047757
364,0.198140,0.001703,0.325005,0.041266,0.000000,0.041266
365,0.197599,0.002596,0.324246,0.050946,-0.250000,-0.199054
366,0.197598,0.197418,0.324577,0.444318,-0.125000,0.319318
367,0.197089,0.012699,0.323994,0.112688,-0.125000,-0.012312
368,0.196661,0.041500,0.323663,0.203716,-0.250000,-0.046284
369,0.196442,0.116409,0.323711,0.341187,-0.500000,-0.158813
370,0.195961,0.020497,0.323218,0.143167,0.000000,-0.143167
371,0.195435,0.002913,0.322484,0.053970,-0.125000,-0.071030
372,0.194911,0.002692,0.321749,0.051885,0.125000,0.176885
373,0.194390,0.002534,0.321013,0.050336,0.125000,0.074664
374,0.193937,0.026762,0.320588,0.163591,0.375000,0.211409
375,0.193512,0.036355,0.320238,0.190670,0.125000,0.315670
376,0.193007,0.005678,0.319579,0.075352,0.375000,0.299648
377,0.192557,0.025133,0.319148,0.158532,0.125000,0.283532
378,0.192065,0.008571,0.318542,0.092577,0.250000,0.342577
379,0.191560,0.002552,0.317827,0.050514,0.375000,0.324486
380,0.191105,0.020493,0.317363,0.143155,0.125000,0.268155
381,0.190628,0.011548,0.316806,0.107459,0.125000,0.232459
382,0.190637,0.193736,0.317132,0.440155,-0.250000,0.190155
383,0.190239,0.039776,0.316822,0.199440,-0.125000,0.074440
384,0.189983,0.093232,0.316791,0.305339,-0.375000,-0.069661
385,0.189509,0.009107,0.316210,0.095433,0.000000,-0.095433
386,0.189108,0.036466,0.315883,0.190960,-0.250000,-0.059040
387,0.188966,0.134691,0.316016,0.367003,-0.375000,-0.007997
388,0.188820,0.132849,0.316142,0.364485,0.125000,-0.239485
389,0.188406,0.029639,0.315768,0.172158,-0.250000,-0.077842
390,0.187921,0.001242,0.315041,0.035238,0.000000,0.035238
391,0.188728,0.500238,0.316055,0.707275,-0.625000,0.082275
392,0.188977,0.285043,0.316616,0.533894,-0.500000,0.033894
393,0.188538,0.018408,0.316151,0.135675,-0.125000,-0.260675
394,0.189141,0.423509,0.317009,0.650776,0.500000,-0.150776
395,0.188660,0.001171,0.316286,0.034220,0.125000,0.090780
396,0.188428,0.097571,0.316276,0.312363,-0.250000,0.062363
397,0.187949,0.000210,0.315508,0.014507,0.000000,0.014507
398,0.188044,0.225483,0.315913,0.474850,-0.375000,0.099850
399,0.188469,0.355985,0.316623,0.596645,0.500000,-0.096645
400,0.187994,0.000436,0.315876,0.020878,-0.125000,-0.145878
401,0.187527,0.002601,0.315209,0.050996,0.125000,0.074004
402,0.187221,0.065693,0.315061,0.256307,-0.250000,0.006307
403,0.186782,0.012029,0.314547,0.109676,0.125000,0.015324
404,0.186324,0.003618,0.313911,0.060151,0.000000,-0.060151
405,0.186275,0.166651,0.314146,0.408229,-0.375000,0.033229
406,0.186017,0.082717,0.314080,0.287606,0.250000,-0.037606
407,0.185612,0.022630,0.313674,0.150432,0.375000,0.224568
408,0.185893,0.299191,0.314251,0.546983,-0.125000,0.421983
409,0.185435,0.000502,0.313531,0.022416,0.125000,0.147416
410,0.185292,0.127300,0.313637,0.356791,-0.250000,0.106791
411,0.184954,0.047818,0.313404,0.218674,-0.125000,0.093674
412,0.184658,0.063978,0.313256,0.252939,0.125000,-0.127939
413,0.184251,0.018378,0.312821,0.135566,-0.125000,0.010566
414,0.184054,0.103133,0.312841,0.321143,0.250000,-0.071143
415,0.184265,0.270891,0.313347,0.520472,0.500000,-0.020472
416,0.183818,0.000016,0.312596,0.004020,0.125000,0.120980
417,0.183792,0.173276,0.312847,0.416265,-0.375000,0.041265
418,0.183395,0.019468,0.312428,0.139527,0.000000,-0.139527
419,0.184253,0.539553,0.313445,0.734543,0.625000,-0.109543
420,0.184019,0.086827,0.313400,0.294665,-0.125000,0.169665
421,0.183701,0.051274,0.313192,0.226437,-0.125000,0.101437
422,0.183751,0.204855,0.313525,0.452609,0.250000,-0.202609
423,0.184958,0.689346,0.314758,0.830268,0.875000,0.044732
424,0.185928,0.592420,0.315842,0.769688,-0.500000,0.269688
425,0.185487,0.000007,0.315098,0.002602,0.000000,0.002602
426,0.185093,0.019225,0.314679,0.138653,-0.500000,-0.361347
427,0.184782,0.053853,0.314484,0.232062,0.125000,-0.107062
428,0.184362,0.006489,0.313932,0.080554,-0.250000,-0.169446
429,0.183943,0.006458,0.313383,0.080363,0.000000,-0.080363
430,0.183531,0.008400,0.312862,0.091649,-0.250000,-0.158351
431,0.183147,0.019650,0.312458,0.140177,0.000000,0.140177
432,0.182733,0.005829,0.311906,0.076347,0.000000,0.076347
433,0.182345,0.016136,0.311475,0.127029,0.000000,0.127029
434,0.182089,0.072237,0.311376,0.268769,-0.125000,0.143769
435,0.181869,0.087222,0.311339,0.295333,-0.125000,0.170333
436,0.181454,0.002765,0.310740,0.052587,0.125000,0.072413
437,0.181041,0.002789,0.310144,0.052814,0.000000,0.052814
438,0.180643,0.008092,0.309637,0.089954,0.125000,0.035046
439,0.180444,0.094052,0.309630,0.306678,-0.250000,0.056678
440,0.180193,0.070936,0.309531,0.266338,-0.250000,0.016338
441,0.179846,0.028771,0.309211,0.169619,-0.250000,-0.080381
442,0.179628,0.084349,0.309168,0.290429,-0.375000,-0.084571
443,0.179231,0.005409,0.308631,0.073544,-0.125000,-0.051456
444,0.178861,0.016274,0.308219,0.127570,0.000000,-0.127570
445,0.178462,0.002856,0.307642,0.053441,-0.125000,-0.071559
446,0.178638,0.256151,0.308091,0.506113,0.375000,-0.131113
447,0.178240,0.002281,0.307503,0.047757,0.000000,0.047757
448,0.177916,0.034454,0.307229,0.185618,-0.125000,0.060618
449,0.177842,0.145087,0.307394,0.380903,-0.500000,-0.119097
450,0.177453,0.004233,0.306851,0.065064,0.000000,-0.065064
451,0.177122,0.029455,0.306548,0.171625,0.125000,-0.046625
452,0.177018,0.130625,0.306671,0.361421,-0.250000,0.111421
453,0.176624,0.000436,0.306034,0.020892,-0.125000,-0.145892
454,0.176480,0.111679,0.306097,0.334185,-0.375000,-0.040815
455,0.176101,0.005657,0.305585,0.075210,-0.125000,-0.049790
456,0.176327,0.278022,0.306075,0.527278,0.500000,-0.027278
457,0.175983,0.020519,0.305716,0.143246,0.250000,0.106754
458,0.176073,0.216696,0.306068,0.465506,-0.375000,0.090506
459,0.175800,0.051974,0.305896,0.227979,0.000000,-0.227979
460,0.175419,0.002290,0.305330,0.047857,0.000000,-0.047857
461,0.175094,0.026665,0.305020,0.163294,-0.125000,0.038294
462,0.174727,0.007123,0.304538,0.084398,-0.125000,-0.040602
463,0.174383,0.016879,0.304157,0.129921,-0.125000,0.004921
464,0.174063,0.027200,0.303855,0.164925,0.125000,-0.039925
465,0.173704,0.008626,0.303397,0.092876,-0.125000,-0.032124
466,0.173337,0.003770,0.302873,0.061403,0.000000,-0.061403
467,0.172984,0.010315,0.302439,0.101562,-0.125000,-0.023438
468,0.174636,0.939153,0.303875,0.969099,-1.000000,-0.030901
469,0.174266,0.002905,0.303338,0.053900,-0.125000,-0.071100
470,0.173983,0.042309,0.303128,0.205690,0.125000,-0.080690
471,0.173804,0.090368,0.303123,0.300613,0.000000,0.300613
472,0.173473,0.018916,0.302769,0.137537,0.125000,-0.012537
473,0.173193,0.042265,0.302562,0.205583,-0.125000,0.080583
474,0.172933,0.050655,0.302397,0.225067,0.000000,0.225067
475,0.172587,0.010196,0.301969,0.100973,0.000000,0.100973
476,0.172224,0.001212,0.301403,0.034814,0.000000,-0.034814
477,0.172073,0.100778,0.301437,0.317456,-0.375000,-0.057544
478,0.171767,0.027060,0.301148,0.164499,-0.375000,-0.210501
479,0.171497,0.043551,0.300954,0.208688,0.000000,-0.208688
480,0.171187,0.023658,0.300644,0.153813,-0.250000,-0.096187
481,0.170837,0.004343,0.300152,0.065899,-0.125000,-0.059101
482,0.170572,0.044161,0.299964,0.210144,0.125000,-0.085144
483,0.170216,0.000220,0.299369,0.014833,0.000000,-0.014833
484,0.169877,0.007527,0.298926,0.086756,0.000000,-0.086756
485,0.169645,0.058127,0.298806,0.241095,0.125000,-0.116095
486,0.169507,0.103280,0.298852,0.321371,-0.125000,0.196371
487,0.169927,0.372404,0.299497,0.610249,-0.500000,0.110249
488,0.170210,0.306776,0.300023,0.553874,-0.750000,-0.196126
489,0.170433,0.278329,0.300492,0.527569,0.250000,-0.277569
490,0.170151,0.033243,0.300249,0.182326,0.125000,-0.057326
491,0.170204,0.196229,0.300542,0.442977,0.500000,0.057023
492,0.169857,0.000666,0.299979,0.025799,-0.125000,-0.099201
493,0.169540,0.014912,0.299615,0.122115,-0.125000,-0.002885
494,0.169195,0.000408,0.299045,0.020192,-0.125000,-0.145192
495,0.168867,0.008028,0.298618,0.089597,0.000000,-0.089597
496,0.170216,0.832999,0.299866,0.912688,0.750000,-0.162688
497,0.169892,0.010190,0.299463,0.100946,-0.125000,-0.024054
498,0.169551,0.001298,0.298930,0.036035,-0.250000,-0.213965
499,0.169610,0.198903,0.299227,0.445986,0.000000,-0.445986
500,0.169378,0.054570,0.299094,0.233601,-0.375000,-0.141399
501,0.169045,0.003853,0.298617,0.062073,-0.250000,-0.312073
502,0.169179,0.235692,0.298993,0.485481,0.125000,-0.360481
503,0.169399,0.279012,0.299452,0.528216,0.375000,-0.153216
504,0.169093,0.016390,0.299109,0.128024,-0.125000,0.003024
505,0.168812,0.028595,0.298850,0.169100,-0.250000,-0.080900
506,0.168700,0.112623,0.298923,0.335593,0.125000,-0.210593
507,0.168427,0.031166,0.298680,0.176540,-0.250000,-0.073460
508,0.168106,0.006459,0.298246,0.080371,-0.250000,-0.169629
509,0.167848,0.037931,0.298042,0.194759,-0.500000,-0.305241
510,0.167663,0.074546,0.297992,0.273030,-0.500000,-0.226970
511,0.167356,0.011942,0.297620,0.109280,-0.375000,-0.265720
512,0.167034,0.003586,0.297152,0.059887,-0.125000,-0.184887
513,0.166706,0.000226,0.296598,0.015040,-0.125000,-0.109960
514,0.166393,0.007000,0.296180,0.083663,0.000000,-0.083663
515,0.166075,0.004054,0.295725,0.063674,-0.125000,-0.061326
516,0.165759,0.004128,0.295273,0.064249,0.000000,-0.064249
517,0.165503,0.034522,0.295060,0.185802,0.125000,-0.060802
518,0.165328,0.075183,0.295019,0.274196,-0.375000,-0.100804
519,0.165608,0.309557,0.295527,0.556378,0.375000,-0.181378
520,0.165446,0.082240,0.295510,0.286776,-0.250000,0.036776
521,0.165190,0.033169,0.295290,0.182124,-0.125000,0.057124
522,0.164873,0.000681,0.294771,0.026097,-0.125000,-0.098903
523,0.164559,0.002103,0.294291,0.045864,0.125000,0.079136
524,0.164597,0.184360,0.294551,0.429372,0.500000,0.070628
525,0.164282,0.000303,0.294019,0.017405,0.000000,-0.017405
526,0.163970,0.001738,0.293535,0.041689,0.125000,0.083311
527,0.163692,0.018341,0.293233,0.135428,-0.125000,0.010428
528,0.163424,0.023465,0.292966,0.153182,-0.125000,0.028182
529,0.163188,0.039264,0.292785,0.198152,0.000000,-0.198152
530,0.163304,0.224286,0.293129,0.473588,0.375000,-0.098588
531,0.163078,0.044274,0.292972,0.210414,0.250000,0.039586
532,0.163428,0.347898,0.293534,0.589829,0.625000,0.035171
533,0.163234,0.060893,0.293446,0.246765,0.250000,0.003235
534,0.162928,0.000989,0.292952,0.031441,0.125000,0.093559
535,0.163836,0.644816,0.293912,0.803005,-0.750000,0.053005
536,0.163577,0.026088,0.293663,0.161519,-0.250000,-0.088481
537,0.163319,0.026104,0.293415,0.161567,0.000000,-0.161567
538,0.163033,0.010513,0.293058,0.102532,-0.125000,-0.022468
539,0.162745,0.009081,0.292688,0.095294,-0.250000,-0.154706
540,0.162708,0.142999,0.292848,0.378152,0.125000,-0.253152
541,0.162539,0.071889,0.292802,0.268122,0.250000,-0.018122
542,0.162504,0.143643,0.292962,0.379002,0.500000,0.120998
543,0.162222,0.010861,0.292612,0.104217,0.125000,0.020783
544,0.161949,0.014606,0.292294,0.120855,-0.125000,-0.004145
545,0.161689,0.021065,0.292022,0.145137,-0.250000,-0.104863
546,0.161533,0.077421,0.291996,0.278246,0.125000,-0.153246
547,0.161249,0.007320,0.291616,0.085558,0.125000,0.039442
548,0.160953,0.000080,0.291096,0.008925,0.125000,0.116075
549,0.161072,0.225964,0.291434,0.475356,0.625000,0.149644
550,0.160778,0.000289,0.290932,0.016990,0.125000,0.141990
551,0.160529,0.024725,0.290687,0.157241,0.250000,0.092759
552,0.160236,0.000093,0.290175,0.009630,0.000000,0.009630
553,0.159960,0.008795,0.289817,0.093780,0.000000,0.093780
554,0.159750,0.044075,0.289672,0.209942,0.125000,-0.084942
555,0.160118,0.362444,0.290238,0.602033,0.625000,0.022967
556,0.159857,0.016442,0.289945,0.128226,0.125000,0.253226
557,0.159592,0.013125,0.289628,0.114564,0.125000,0.010436
558,0.159311,0.003938,0.289218,0.062750,-0.125000,-0.062250
559,0.159314,0.161026,0.289420,0.401280,-0.375000,0.026280
560,0.159102,0.041462,0.289266,0.203623,0.125000,-0.078623
561,0.159183,0.204032,0.289558,0.451699,-0.375000,0.076699
562,0.159021,0.069022,0.289509,0.262720,-0.250000,0.012720
563,0.158761,0.013584,0.289200,0.116552,0.000000,-0.116552
564,0.158559,0.045398,0.289064,0.213069,-0.125000,0.088069
565,0.158431,0.086733,0.289074,0.294505,0.250000,-0.044505
566,0.158410,0.146753,0.289241,0.383084,-0.250000,0.133084
567,0.158132,0.001754,0.288802,0.041884,-0.125000,-0.083116
568,0.157861,0.005547,0.288422,0.074476,-0.125000,-0.199476
569,0.157649,0.037862,0.288256,0.194582,0.000000,-0.194582
570,0.157403,0.018500,0.287987,0.136014,0.000000,-0.136014
571,0.157147,0.012376,0.287675,0.111249,-0.250000,-0.138751
572,0.157739,0.493596,0.288405,0.702564,-0.875000,-0.172436
573,0.157813,0.199487,0.288683,0.446640,-0.375000,0.071640
574,0.157630,0.053808,0.288584,0.231965,0.000000,-0.231965
575,0.157355,0.000564,0.288120,0.023742,0.000000,0.023742
576,0.157087,0.003743,0.287723,0.061180,0.000000,0.061180
577,0.156821,0.004785,0.287342,0.069171,0.000000,-0.069171
578,0.156673,0.072079,0.287309,0.268475,0.250000,-0.018475
579,0.156401,0.000128,0.286829,0.011319,0.000000,-0.011319
580,0.156216,0.049914,0.286719,0.223415,0.000000,0.223415
581,0.155977,0.018322,0.286457,0.135358,-0.125000,0.010358
582,0.155788,0.046684,0.286335,0.216065,0.250000,0.033935
583,0.155809,0.168004,0.286548,0.409882,-0.375000,0.034882
584,0.155766,0.130933,0.286678,0.361846,0.250000,-0.111846
585,0.155500,0.000834,0.286234,0.028874,-0.125000,-0.096126
586,0.155241,0.004825,0.285862,0.069463,0.000000,0.069463
587,0.155074,0.058135,0.285785,0.241111,0.125000,-0.116111
588,0.154817,0.004707,0.285413,0.068606,0.125000,0.056394
589,0.154558,0.003572,0.285028,0.059767,0.125000,0.065233
590,0.154302,0.004620,0.284657,0.067974,0.125000,0.057026
591,0.154044,0.002696,0.284261,0.051919,0.000000,0.051919
592,0.154381,0.352352,0.284787,0.593592,0.500000,-0.093592
593,0.154189,0.041320,0.284648,0.203273,0.000000,-0.203273
594,0.153932,0.002215,0.284246,0.047061,0.000000,-0.047061
595,0.153879,0.122684,0.284357,0.350263,0.250000,-0.100263
596,0.153619,0.000190,0.283900,0.013798,0.000000,-0.013798
597,0.153550,0.112392,0.283987,0.335249,0.375000,0.039751
598,0.153471,0.106844,0.284059,0.326870,0.250000,-0.076870
599,0.153257,0.025878,0.283852,0.160867,-0.125000,0.035867
600,0.153003,0.002016,0.283451,0.044897,0.000000,-0.044897
601,0.153172,0.253732,0.283820,0.503718,0.375000,-0.128718
602,0.152922,0.004089,0.283452,0.063942,-0.125000,-0.061058
603,0.152829,0.096957,0.283499,0.311379,0.250000,-0.061379
604,0.152674,0.059727,0.283434,0.244391,0.125000,-0.119391
605,0.152433,0.007763,0.283109,0.088108,0.000000,0.088108
606,0.152423,0.146642,0.283275,0.382939,-0.375000,0.007939
607,0.152188,0.011040,0.282979,0.105072,0.125000,0.019928
608,0.152025,0.053235,0.282893,0.230727,0.250000,0.019273
609,0.152203,0.259797,0.283268,0.509702,-0.375000,0.134702
610,0.152091,0.084405,0.283280,0.290526,0.250000,-0.040526
611,0.151858,0.010588,0.282982,0.102896,0.125000,0.022104
612,0.152146,0.327069,0.283458,0.571899,-0.375000,0.196899
613,0.151919,0.013734,0.283185,0.117191,0.000000,-0.117191
614,0.151725,0.033888,0.283022,0.184088,0.125000,-0.059088
615,0.151721,0.149362,0.283191,0.386474,0.500000,0.113526
616,0.151482,0.005435,0.282849,0.073726,0.125000,0.051274
617,0.151314,0.048506,0.282747,0.220241,-0.125000,0.095241
618,0.151082,0.008939,0.282440,0.094548,-0.125000,-0.030452
619,0.150855,0.011230,0.282154,0.105973,0.125000,0.019027
620,0.153552,1.812043,0.283881,1.346121,1.375000,0.028879
621,0.154673,0.845224,0.284911,0.919361,1.250000,0.330639
622,0.158013,2.219156,0.286860,1.489683,-1.000000,0.489683
623,0.157759,0.000709,0.286440,0.026627,-0.250000,-0.223373
624,0.159812,1.430239,0.287907,1.195926,-1.375000,-0.179074
625,0.159560,0.003361,0.287536,0.057971,-0.125000,-0.182971
626,0.159952,0.403563,0.288095,0.635266,0.250000,-0.385266
627,0.159966,0.168606,0.288292,0.410617,-0.375000,0.035617
628,0.160135,0.265663,0.288656,0.515425,0.250000,-0.265425
629,0.159882,0.002027,0.288266,0.045018,0.000000,-0.045018
630,0.160123,0.310663,0.288696,0.557372,-0.375000,0.182372
631,0.159868,0.000005,0.288239,0.002311,-0.125000,-0.127311
632,0.159704,0.056889,0.288160,0.238513,-0.375000,-0.136487
633,0.159501,0.032026,0.287987,0.178957,-0.250000,-0.071043
634,0.159272,0.015081,0.287724,0.122803,-0.250000,-0.127197
635,0.159077,0.036335,0.287571,0.190617,-0.250000,-0.059383
636,0.159183,0.225967,0.287868,0.475360,-0.625000,-0.149640
637,0.158972,0.026001,0.287668,0.161247,0.125000,-0.036247
638,0.159036,0.199450,0.287918,0.446598,0.500000,0.053402
639,0.158786,0.000273,0.287491,0.016529,0.000000,-0.016529
640,0.159444,0.577255,0.288234,0.759773,0.750000,-0.009773
641,0.159481,0.183081,0.288453,0.427880,0.500000,0.072120
642,0.159518,0.183314,0.288672,0.428152,-0.250000,0.178152
643,0.159616,0.222176,0.288958,0.471355,0.375000,-0.096355
644,0.159395,0.017676,0.288714,0.132950,0.125000,-0.007950
645,0.159759,0.392758,0.289241,0.626704,-0.375000,0.251704
646,0.159647,0.087797,0.289252,0.296305,-0.375000,-0.078695
647,0.159514,0.074573,0.289227,0.273080,-0.375000,-0.101920
648,0.159272,0.003571,0.288871,0.059758,-0.125000,-0.065242
649,0.159077,0.033521,0.288707,0.183089,-0.125000,0.058089
650,0.159057,0.146122,0.288851,0.382259,-0.250000,0.132259
651,0.160520,1.105701,0.290030,1.051523,1.125000,0.073477
652,0.160285,0.008084,0.289721,0.089910,0.000000,0.089910
653,0.160135,0.062814,0.289661,0.250627,-0.125000,0.125627
654,0.159916,0.017951,0.289422,0.133982,-0.250000,-0.383982
655,0.159684,0.008859,0.289122,0.094123,0.000000,-0.094123
656,0.159924,0.316212,0.289541,0.562327,0.500000,-0.062327
657,0.159728,0.031524,0.289369,0.177551,-0.125000,0.052551
658,0.159508,0.016276,0.289122,0.127578,-0.125000,0.002578
659,0.159388,0.080476,0.289114,0.283684,-0.375000,-0.091316
660,0.159263,0.077375,0.289097,0.278164,-0.375000,-0.096836
661,0.159426,0.266880,0.289443,0.516604,0.250000,-0.266604
662,0.159184,0.000001,0.289005,0.000925,-0.125000,-0.125925
663,0.158951,0.005373,0.288677,0.073303,0.000000,-0.073303
664,0.158926,0.142856,0.288813,0.377963,-0.500000,-0.122037
665,0.158763,0.051338,0.288718,0.226580,0.000000,-0.226580
666,0.158906,0.253095,0.289042,0.503085,0.375000,-0.128085
667,0.158739,0.047892,0.288936,0.218842,0.375000,0.156158
668,0.159000,0.332669,0.289370,0.576774,-0.375000,0.201774
669,0.158811,0.032782,0.289207,0.181057,-0.125000,0.056057
670,0.158578,0.003982,0.288867,0.063100,0.000000,-0.063100
671,0.158420,0.052848,0.288779,0.229888,0.250000,0.020112
672,0.158414,0.154546,0.288935,0.393124,0.500000,0.106876
673,0.158280,0.068816,0.288896,0.262328,0.375000,0.112672
674,0.158045,0.000818,0.288507,0.028594,0.125000,0.153594
675,0.158034,0.150674,0.288656,0.388168,0.500000,0.111832
676,0.157803,0.002830,0.288305,0.053195,0.000000,0.053195
677,0.157593,0.016346,0.288067,0.127853,-0.125000,0.002853
678,0.158194,0.563002,0.288753,0.750335,-0.875000,-0.124665
679,0.158154,0.131075,0.288861,0.362042,0.250000,-0.112042
680,0.157924,0.002336,0.288505,0.048327,0.000000,0.048327
681,0.157754,0.043378,0.288387,0.208273,0.000000,0.208273
682,0.157817,0.200487,0.288622,0.447758,-0.375000,0.072758
683,0.157793,0.141246,0.288750,0.375828,-0.375000,0.000828
684,0.157660,0.067047,0.288706,0.258934,-0.375000,-0.116066
685,0.157495,0.045540,0.288596,0.213400,0.125000,-0.088400
686,0.157391,0.086854,0.288605,0.294710,0.250000,-0.044710
687,0.157182,0.014679,0.288360,0.121155,0.125000,0.003845
688,0.156955,0.001894,0.288002,0.043518,0.000000,-0.043518
689,0.156728,0.001007,0.287628,0.031726,0.000000,-0.031726
690,0.156582,0.056645,0.287555,0.238002,0.250000,0.011998
691,0.156505,0.103771,0.287606,0.322136,-0.250000,0.072136
692,0.156452,0.120084,0.287691,0.346532,-0.375000,-0.028468
693,0.156299,0.051216,0.287602,0.226309,-0.375000,-0.148691
694,0.156309,0.163122,0.287771,0.403884,0.250000,-0.153884
695,0.156157,0.051059,0.287681,0.225962,-0.250000,-0.024038
696,0.155938,0.004633,0.287364,0.068066,-0.125000,-0.056934
697,0.155713,0.000299,0.286974,0.017294,-0.125000,-0.107706
698,0.155578,0.061839,0.286919,0.248675,0.250000,0.001325
699,0.155435,0.056408,0.286848,0.237505,0.250000,0.012495
700,0.155294,0.057263,0.286780,0.239298,0.375000,0.135702
701,0.155113,0.028898,0.286612,0.169993,0.000000,0.169993
702,0.154916,0.017507,0.286391,0.132314,0.250000,0.117686
703,0.154832,0.096614,0.286426,0.310828,-0.125000,0.185828
704,0.154632,0.014295,0.286188,0.119562,0.000000,0.119562
705,0.154430,0.013148,0.285943,0.114665,0.125000,0.010335
706,0.154260,0.035015,0.285802,0.187124,0.250000,0.062876
707,0.154224,0.129051,0.285907,0.359237,0.375000,0.015763
708,0.155655,1.161805,0.287031,1.077871,1.125000,0.047129
709,0.155655,0.155325,0.287183,0.394113,0.500000,0.105887
710,0.156858,1.005247,0.288197,1.002620,-0.875000,0.127620
711,0.156822,0.131209,0.288301,0.362228,0.000000,-0.362228
712,0.156943,0.242404,0.288590,0.492346,0.375000,-0.117346
713,0.157129,0.289083,0.288941,0.537664,-0.250000,0.287664
714,0.156918,0.007549,0.288656,0.086887,0.000000,-0.086887
715,0.156698,0.000069,0.288262,0.008326,-0.125000,-0.133326
716,0.156672,0.138321,0.288380,0.371916,0.375000,0.003084
717,0.156452,0.000029,0.287983,0.005377,0.000000,0.005377
718,0.156233,0.000073,0.287591,0.008542,0.000000,0.008542
719,0.156096,0.058357,0.287527,0.241572,0.250000,0.008428
720,0.156347,0.335446,0.287934,0.579177,0.625000,0.045823
721,0.156433,0.218058,0.288184,0.466967,-0.250000,0.216967
722,0.156280,0.046477,0.288083,0.215585,-0.250000,-0.034415
723,0.156084,0.015935,0.287858,0.126232,0.000000,-0.126232
724,0.155963,0.068330,0.287821,0.261401,0.250000,-0.011401
725,0.155796,0.036003,0.287685,0.189745,0.250000,0.060255
726,0.155604,0.017238,0.287468,0.131293,0.125000,-0.006293
727,0.155408,0.013891,0.287234,0.117861,-0.125000,-0.007139
728,0.155195,0.000790,0.286876,0.028113,0.000000,0.028113
729,0.154999,0.013522,0.286641,0.116282,-0.125000,-0.008718
730,0.154815,0.020841,0.286445,0.144365,0.125000,-0.019365
731,0.154651,0.036155,0.286312,0.190144,0.375000,0.184856
732,0.155027,0.428240,0.286818,0.654400,0.875000,0.220600
733,0.155083,0.195500,0.287031,0.442154,0.750000,0.307846
734,0.154912,0.030821,0.286878,0.175559,0.500000,0.324441
735,0.154718,0.012635,0.286639,0.112404,0.125000,0.237404
736,0.155374,0.634998,0.287336,0.796868,-0.625000,0.171868
737,0.155174,0.008764,0.287072,0.093615,-0.125000,-0.031385
738,0.155191,0.167586,0.287239,0.409373,-0.500000,-0.090627
739,0.154987,0.005449,0.286948,0.073815,0.125000,0.198815
740,0.154777,0.000677,0.286594,0.026019,0.250000,0.223981
741,0.154671,0.076315,0.286580,0.276252,0.000000,0.276252
742,0.155206,0.549308,0.287196,0.741153,-0.500000,0.241153
743,0.155632,0.470372,0.287735,0.685837,0.750000,0.064163
744,0.155944,0.386045,0.288186,0.621326,-0.375000,0.246326
745,0.156021,0.213631,0.288421,0.462202,0.750000,0.287798
746,0.156778,0.717620,0.289174,0.847124,-0.750000,0.097124
747,0.156583,0.011484,0.288929,0.107162,0.125000,0.232162
748,0.156408,0.026782,0.288761,0.163652,0.000000,-0.163652
749,0.158155,1.457732,0.289994,1.207366,-1.000000,0.207366
750,0.157951,0.006048,0.289709,0.077766,-0.250000,-0.172234
751,0.158163,0.316365,0.290074,0.562464,0.250000,-0.312464
752,0.158144,0.144073,0.290194,0.379569,-0.250000,0.129569
753,0.158994,0.794654,0.290997,0.891434,1.000000,0.108566
754,0.158807,0.018706,0.290791,0.136771,0.000000,0.136771
755,0.158599,0.002610,0.290472,0.051091,0.125000,0.073909
756,0.159254,0.651383,0.291159,0.807083,0.750000,-0.057083
757,0.159059,0.012241,0.290919,0.110638,0.000000,0.110638
758,0.159158,0.233324,0.291174,0.483036,-0.375000,0.108036
759,0.158947,0.000003,0.290790,0.001708,0.000000,-0.001708
760,0.158745,0.006556,0.290513,0.080970,0.125000,0.044030
761,0.158804,0.203130,0.290724,0.450699,-0.250000,0.200699
762,0.158978,0.291108,0.291053,0.539544,0.750000,0.210456
763,0.158782,0.010111,0.290802,0.100555,0.250000,0.350555
764,0.158589,0.012016,0.290563,0.109616,0.375000,0.484616
765,0.160446,1.571268,0.291829,1.253502,-1.000000,0.253502
766,0.160254,0.014308,0.291603,0.119618,-0.250000,-0.130382
767,0.160209,0.126263,0.291686,0.355335,-0.500000,-0.144665
768,0.160006,0.005246,0.291399,0.072428,0.125000,0.052572
769,0.159870,0.055407,0.291326,0.235388,0.250000,0.014612
770,0.160008,0.266107,0.291619,0.515856,-0.375000,0.140856
771,0.161073,0.976865,0.292528,0.988365,-1.000000,-0.011635
772,0.163677,2.160705,0.294061,1.469934,-1.500000,-0.030066
773,0.163484,0.015528,0.293840,0.124612,-0.250000,-0.374612
774,0.163869,0.459650,0.294339,0.677975,0.625000,-0.052975
775,0.163661,0.003656,0.294036,0.060461,0.250000,0.189539
776,0.163455,0.004492,0.293742,0.067026,-0.125000,-0.057974
777,0.164238,0.768876,0.294496,0.876856,0.625000,-0.251856
778,0.164028,0.001609,0.294167,0.040110,0.125000,0.084890
779,0.163817,0.000143,0.293803,0.011951,0.125000,0.113049
780,0.164210,0.468909,0.294307,0.684769,0.625000,-0.059769
781,0.165105,0.859475,0.295122,0.927079,-0.875000,0.052079
782,0.164918,0.020178,0.294925,0.142048,-0.250000,-0.107952
783,0.164718,0.008562,0.294665,0.092530,0.000000,-0.092530
784,0.165353,0.659926,0.295329,0.812358,-0.750000,0.062358
785,0.166319,0.920502,0.296179,0.959428,-1.000000,-0.040572
786,0.166397,0.227208,0.296410,0.476664,0.125000,-0.351664
787,0.166380,0.153003,0.296531,0.391156,-0.375000,0.016156
788,0.167095,0.726438,0.297240,0.852314,-0.875000,-0.022686
789,0.166882,0.000031,0.296868,0.005559,-0.375000,-0.380559
790,0.166682,0.010034,0.296618,0.100167,0.000000,-0.100167
791,0.166560,0.070361,0.296578,0.265256,0.375000,0.109744
792,0.166443,0.074357,0.296548,0.272684,0.375000,0.102316
793,0.166232,0.000117,0.296186,0.010799,0.000000,-0.010799
794,0.166449,0.337745,0.296546,0.581158,0.500000,-0.081158
795,0.166487,0.196323,0.296731,0.443083,-0.375000,0.068083
796,0.166330,0.042444,0.296617,0.206019,0.250000,0.043981
797,0.166121,0.000256,0.296263,0.016009,0.000000,0.016009
798,0.165912,0.000028,0.295897,0.005251,0.000000,0.005251
799,0.165704,0.000735,0.295558,0.027112,-0.125000,-0.097888
800,0.165597,0.080887,0.295544,0.284406,0.250000,-0.034406
801,0.165401,0.009026,0.295293,0.095004,0.125000,0.029996
802,0.165513,0.254640,0.295555,0.504618,-0.375000,0.129618
803,0.165306,0.000486,0.295213,0.022047,-0.125000,-0.102953
804,0.165111,0.009586,0.294966,0.097909,0.000000,-0.097909
805,0.164973,0.054181,0.294889,0.232769,0.250000,0.017231
806,0.164821,0.043147,0.294780,0.207718,0.250000,0.042282
807,0.164616,0.000025,0.294419,0.004972,0.000000,0.004972
808,0.164420,0.007311,0.294159,0.085505,0.125000,0.039495
809,0.164218,0.001949,0.293849,0.044144,0.000000,0.044144
810,0.164062,0.037879,0.293725,0.194624,0.250000,0.055376
811,0.163862,0.003057,0.293430,0.055293,0.000000,0.055293
812,0.163659,0.000068,0.293077,0.008262,0.000000,0.008262
813,0.163498,0.033154,0.292940,0.182081,0.000000,-0.182081
814,0.163550,0.205670,0.293138,0.453509,-0.500000,-0.046491
815,0.163408,0.048258,0.293048,0.219676,-0.250000,-0.030324
816,0.163235,0.023053,0.292874,0.151832,-0.250000,-0.098168
817,0.163040,0.004634,0.292597,0.068072,0.000000,-0.068072
818,0.162871,0.025812,0.292435,0.160660,0.125000,-0.035660
819,0.162861,0.154176,0.292558,0.392653,0.375000,-0.017653
820,0.162668,0.005432,0.292290,0.073705,0.125000,0.051295
821,0.162486,0.014065,0.292077,0.118594,0.000000,0.118594
822,0.162431,0.117150,0.292139,0.342272,0.375000,0.032728
823,0.162290,0.047506,0.292048,0.217959,-0.125000,0.092959
824,0.162287,0.159431,0.292179,0.399288,-0.375000,0.024288
825,0.162195,0.086673,0.292181,0.294403,0.250000,-0.044403
826,0.162107,0.089971,0.292191,0.299952,-0.250000,0.049952
827,0.161910,0.000001,0.291837,0.000913,0.000000,0.000913
828,0.162109,0.325821,0.292176,0.570807,-0.625000,-0.054193
829,0.162379,0.385349,0.292574,0.620764,0.500000,-0.120764
830,0.162266,0.068786,0.292537,0.262270,0.250000,-0.012270
831,0.162086,0.013326,0.292323,0.115439,0.250000,0.134561
832,0.164220,1.928881,0.293647,1.388842,1.375000,-0.013842
833,0.164039,0.014224,0.293437,0.119265,0.000000,-0.119265
834,0.164062,0.183473,0.293599,0.428337,0.250000,-0.178337
835,0.164457,0.491771,0.294090,0.701264,-0.875000,-0.173736
836,0.164389,0.108136,0.294132,0.328840,-0.375000,-0.046160
837,0.165752,1.300223,0.295148,1.140273,0.875000,-0.265273
838,0.166673,0.933398,0.295952,0.966125,-0.750000,0.216125
839,0.166603,0.108282,0.295992,0.329063,-0.500000,-0.170937
840,0.166580,0.147313,0.296097,0.383814,0.125000,-0.258814
841,0.166628,0.206731,0.296286,0.454677,-0.500000,-0.045323
842,0.166464,0.029707,0.296138,0.172356,0.000000,-0.172356
843,0.166307,0.034784,0.296008,0.186504,0.000000,-0.186504
844,0.166110,0.000311,0.295676,0.017622,-0.125000,-0.142622
845,0.166347,0.365755,0.296044,0.604777,0.500000,-0.104777
846,0.166249,0.083526,0.296036,0.289009,-0.250000,0.039009
847,0.166075,0.020002,0.295852,0.141429,0.125000,-0.016429
848,0.166076,0.166160,0.295985,0.407627,0.375000,-0.032627
849,0.165882,0.002869,0.295698,0.053564,0.125000,0.071436
850,0.165712,0.021636,0.295522,0.147091,0.250000,0.102909
851,0.165518,0.001563,0.295220,0.039530,0.000000,0.039530
852,0.165768,0.377852,0.295596,0.614697,0.625000,0.010303
853,0.165678,0.089087,0.295600,0.298475,0.375000,0.076525
854,0.165532,0.041590,0.295492,0.203936,-0.125000,0.078936
855,0.165345,0.006039,0.295236,0.077711,0.000000,-0.077711
856,0.165445,0.250553,0.295477,0.500553,-0.500000,0.000553
857,0.165475,0.190912,0.295643,0.436935,0.375000,-0.061935
858,0.165289,0.006913,0.295394,0.083146,-0.125000,-0.041854
859,0.165194,0.083921,0.295387,0.289691,0.375000,0.085309
860,0.165002,0.000796,0.295075,0.028218,0.125000,0.096782
861,0.165456,0.554724,0.295600,0.744798,-0.625000,0.119798
862,0.165372,0.093125,0.295611,0.305165,0.375000,0.069835
863,0.165187,0.006475,0.295361,0.080467,0.125000,0.044533
864,0.165022,0.023016,0.295194,0.151710,0.000000,0.151710
865,0.164834,0.003387,0.294919,0.058201,0.000000,-0.058201
866,0.164652,0.007988,0.294680,0.089378,-0.125000,-0.035622
867,0.164463,0.001324,0.294381,0.036385,0.000000,0.036385
868,0.164294,0.018737,0.294198,0.136883,-0.125000,0.011883
869,0.164108,0.003113,0.293923,0.055797,0.000000,-0.055797
870,0.163918,0.000005,0.293586,0.002179,0.000000,-0.002179
871,0.164161,0.374458,0.293953,0.611930,0.625000,0.013070
872,0.164105,0.115303,0.294006,0.339563,-0.375000,-0.035437
873,0.163995,0.068272,0.293968,0.261289,0.125000,-0.136289
874,0.163913,0.093150,0.293981,0.305205,0.125000,-0.180205
875,0.163725,0.000295,0.293663,0.017177,-0.125000,-0.107823
876,0.163609,0.062206,0.293612,0.249412,-0.375000,-0.125588
877,0.163485,0.055545,0.293546,0.235680,0.125000,-0.110680
878,0.163891,0.517997,0.294034,0.719720,0.750000,0.030280
879,0.163835,0.115458,0.294086,0.339791,-0.125000,0.214791
880,0.163961,0.273780,0.294348,0.523240,-0.500000,0.023240
881,0.163877,0.090622,0.294355,0.301036,0.125000,-0.176036
882,0.163739,0.042829,0.294256,0.206952,0.125000,-0.081952
883,0.163588,0.030676,0.294120,0.175146,-0.125000,0.050146
884,0.163410,0.006619,0.293878,0.081358,0.125000,0.043642
885,0.163405,0.158827,0.293997,0.398531,0.375000,-0.023531
886,0.163240,0.018014,0.293816,0.134217,0.125000,0.259217
887,0.163057,0.001763,0.293531,0.041989,0.250000,0.208011
888,0.163089,0.191228,0.293693,0.437296,0.500000,0.062704
889,0.163175,0.239766,0.293915,0.489659,-0.250000,0.239659
890,0.162996,0.004555,0.293659,0.067489,0.125000,0.057511
891,0.162814,0.001116,0.293366,0.033412,0.000000,-0.033412
892,0.162632,0.001762,0.293083,0.041974,0.000000,0.041974
893,0.162493,0.039066,0.292975,0.197652,0.250000,0.052348
894,0.162407,0.085953,0.292976,0.293178,0.375000,0.081822
895,0.162268,0.038055,0.292866,0.195076,0.000000,0.195076
896,0.162232,0.129837,0.292941,0.360330,-0.250000,0.110330
897,0.162050,0.000522,0.292639,0.022848,0.000000,0.022848
898,0.161882,0.011507,0.292432,0.107272,0.000000,0.107272
899,0.161718,0.014770,0.292241,0.121531,-0.125000,-0.003469
900,0.161586,0.043734,0.292148,0.209127,0.125000,-0.084127
901,0.161435,0.026187,0.292003,0.161824,0.125000,-0.036824
902,0.161256,0.000649,0.291706,0.025482,0.125000,0.150482
903,0.161083,0.005572,0.291464,0.074643,0.000000,0.074643
904,0.160975,0.063842,0.291421,0.252670,0.250000,-0.002670
905,0.161003,0.186169,0.291577,0.431473,-0.375000,0.056473
906,0.160828,0.003491,0.291319,0.059081,0.000000,0.059081
907,0.161172,0.471103,0.291756,0.686370,-0.625000,0.061370
908,0.161744,0.678413,0.292345,0.823658,-0.875000,-0.051342
909,0.162801,1.118545,0.293190,1.057613,0.875000,-0.182613
910,0.162765,0.130235,0.293265,0.360881,0.375000,0.014119
911,0.162675,0.081054,0.293256,0.284700,-0.250000,0.034700
912,0.162497,0.000850,0.292965,0.029156,-0.125000,-0.095844
913,0.162318,0.000135,0.292655,0.011602,0.000000,0.011602
914,0.162183,0.038896,0.292550,0.197220,-0.125000,0.072220
915,0.162011,0.005857,0.292313,0.076531,0.000000,0.076531
916,0.162169,0.306204,0.292600,0.553357,-0.500000,0.053357
917,0.162012,0.018499,0.292428,0.136010,0.000000,-0.136010
918,0.161835,0.000665,0.292136,0.025787,0.125000,0.099213
919,0.161659,0.000544,0.291843,0.023316,0.125000,0.148316
920,0.161671,0.172715,0.291978,0.415590,0.500000,0.084410
921,0.161569,0.067847,0.291943,0.260475,-0.125000,0.135475
922,0.161404,0.010288,0.291736,0.101427,0.125000,0.023573
923,0.161348,0.109590,0.291779,0.331044,-0.250000,0.081044
924,0.161237,0.059410,0.291726,0.243741,0.250000,0.006259
925,0.161090,0.026410,0.291586,0.162510,-0.125000,0.037510
926,0.160922,0.005965,0.291354,0.077233,0.000000,-0.077233
927,0.160918,0.157084,0.291467,0.396338,0.375000,-0.021338
928,0.160753,0.008584,0.291252,0.092652,0.125000,0.032348
929,0.160617,0.034845,0.291139,0.186668,0.250000,0.063332
930,0.160444,0.000723,0.290854,0.026882,0.000000,-0.026882
931,0.160289,0.016736,0.290679,0.129369,0.125000,-0.004369
932,0.160173,0.052116,0.290612,0.228289,0.250000,0.021711
933,0.160151,0.139606,0.290702,0.373639,-0.375000,-0.001361
934,0.159987,0.007867,0.290484,0.088698,0.000000,-0.088698
935,0.159915,0.093349,0.290501,0.305531,0.250000,-0.055531
936,0.160195,0.420911,0.290885,0.648777,-0.625000,0.023777
937,0.160271,0.230917,0.291088,0.480539,0.250000,-0.230539
938,0.160149,0.046394,0.291007,0.215394,0.000000,-0.215394
939,0.160067,0.083328,0.291005,0.288666,0.250000,-0.038666
940,0.160093,0.184376,0.291153,0.429391,-0.375000,0.054391