# TEST CONFIGURATION BEGIN
# File Stream: filename: air_company_stock3.csv  -  n_targets: 1
# [air_company_stock3_ADE_HOMO_KNN_W_SIZE_4] Pipeline: Array BaseStreamModel: base_models: [<skmultiflow.lazy.knn_forecast.KNNForecast object at 0x7f227ab3e1d0>, <skmultiflow.lazy.knn_forecast.KNNForecast object at 0x7f227ab3e160>, <skmultiflow.lazy.knn_forecast.KNNForecast object at 0x7f227ab3e0f0>, <skmultiflow.lazy.knn_forecast.KNNForecast object at 0x7f227ab3e080>]
 Array BaseStreamModel: base_models: [<skmultiflow.lazy.knn_forecast.KNNForecast object at 0x7f227ab3e1d0>, <skmultiflow.lazy.knn_forecast.KNNForecast object at 0x7f227ab3e160>, <skmultiflow.lazy.knn_forecast.KNNForecast object at 0x7f227ab3e0f0>, <skmultiflow.lazy.knn_forecast.KNNForecast object at 0x7f227ab3e080>]
# Prequential Evaluator: n_wait: 1 - max_samples: 600000 - max_time: 10000000 - output_file: air_company_stock3_ADE_HOMO_KNN_W_SIZE_4_SIZE_4 - batch_size: 1 - pretrain_size: 5 - task_type: regression - show_plot: False - metrics: ['mean_square_error', 'mean_absolute_error', 'true_vs_predicted']
# TEST CONFIGURATION END
id,global_mse_[air_company_stock3_ADE_HOMO_KNN_W_SIZE_4],sliding_mse_[air_company_stock3_ADE_HOMO_KNN_W_SIZE_4],global_mae_[air_company_stock3_ADE_HOMO_KNN_W_SIZE_4],sliding_mae_[air_company_stock3_ADE_HOMO_KNN_W_SIZE_4],true_value_[air_company_stock3_ADE_HOMO_KNN_W_SIZE_4],predicted_value_[air_company_stock3_ADE_HOMO_KNN_W_SIZE_4]
5,0.258132,0.258132,0.508067,0.508067,0.000000,-0.508067
6,0.129794,0.001457,0.273116,0.038166,-0.250000,-0.211834
7,0.136835,0.150915,0.311570,0.388478,0.125000,-0.263478
8,0.142744,0.160472,0.333825,0.400590,0.375000,-0.025590
9,0.115957,0.008811,0.285834,0.093868,0.125000,0.218868
10,0.096837,0.001233,0.244047,0.035112,0.125000,0.160112
11,0.085956,0.020674,0.229723,0.143784,0.000000,0.143784
12,0.088046,0.102672,0.241061,0.320424,0.375000,0.054576
13,0.085424,0.064448,0.242484,0.253867,0.000000,0.253867
14,0.082721,0.058393,0.242400,0.241647,-0.125000,0.116647
15,0.075885,0.007533,0.228254,0.086790,-0.125000,-0.038210
16,0.069638,0.000919,0.211759,0.030311,-0.125000,-0.094689
17,0.068726,0.057783,0.213960,0.240382,0.125000,-0.115382
18,0.067145,0.046595,0.214096,0.215860,0.250000,0.034140
19,0.073902,0.168495,0.227188,0.410482,-0.250000,0.160482
20,0.072177,0.046301,0.226438,0.215178,0.125000,-0.090178
21,0.068005,0.001245,0.215194,0.035291,0.000000,0.035291
22,0.068104,0.069801,0.217916,0.264199,-0.250000,0.014199
23,0.065052,0.010110,0.211739,0.100546,-0.250000,-0.149454
24,0.078859,0.341199,0.230358,0.584123,0.375000,-0.209123
25,0.075107,0.000059,0.219755,0.007686,0.125000,0.117314
26,0.096641,0.548854,0.243441,0.740847,0.875000,0.134153
27,0.112986,0.472564,0.262745,0.687433,-0.125000,0.562433
28,0.138033,0.714114,0.287008,0.845053,-0.625000,0.220053
29,0.138528,0.150431,0.291041,0.387854,0.125000,-0.262854
30,0.133423,0.005778,0.282771,0.076015,-0.125000,-0.048985
31,0.130080,0.043163,0.279993,0.207758,0.375000,0.167242
32,0.130214,0.133841,0.283059,0.365843,-0.125000,0.240843
33,0.125864,0.004069,0.275498,0.063788,0.000000,0.063788
34,0.122267,0.017939,0.270779,0.133937,-0.125000,-0.258937
35,0.120792,0.076541,0.270969,0.276660,-0.125000,-0.401660
36,0.124677,0.245133,0.277973,0.495109,0.250000,-0.245109
37,0.123759,0.094381,0.278859,0.307215,0.375000,0.067785
38,0.140497,0.692851,0.295139,0.832376,-0.625000,0.207376
39,0.136499,0.000552,0.287378,0.023491,0.000000,-0.023491
40,0.139601,0.248171,0.293233,0.498168,0.625000,0.126832
41,0.141925,0.225588,0.298145,0.474961,0.750000,0.275039
42,0.139323,0.043072,0.295760,0.207539,0.500000,0.292461
43,0.211142,2.940250,0.332144,1.714716,2.000000,0.285284
44,0.248953,1.723565,0.356661,1.312846,1.875000,0.562154
45,0.262618,0.809216,0.369903,0.899564,0.125000,1.024564
46,0.307130,2.132135,0.395862,1.460183,-1.250000,0.210183
47,0.300816,0.035645,0.391047,0.188800,-0.250000,-0.438800
48,0.304837,0.477744,0.397868,0.691191,-0.750000,-0.058809
49,0.298113,0.002251,0.390081,0.047442,-0.250000,-0.202558
50,0.335757,2.029706,0.412572,1.424678,1.375000,-0.049678
51,0.328906,0.013761,0.406290,0.117309,0.375000,0.257691
52,0.339266,0.826219,0.416762,0.908966,-1.000000,-0.091034
53,0.332657,0.015415,0.410791,0.124159,-0.125000,-0.249159
54,0.326166,0.008115,0.404377,0.090085,-0.125000,-0.034915
55,0.320310,0.027505,0.399700,0.165846,0.000000,0.165846
56,0.320214,0.315334,0.402812,0.561546,0.875000,0.313454
57,0.321475,0.387015,0.406950,0.622105,-0.250000,0.372105
58,0.315841,0.017252,0.401846,0.131348,-0.125000,0.006348
59,0.311567,0.080756,0.399706,0.284177,0.250000,-0.034177
60,0.306458,0.025496,0.395420,0.159675,0.000000,0.159675
61,0.304995,0.223017,0.396768,0.472247,-0.375000,0.097247
62,0.331367,1.834605,0.413280,1.354476,-1.500000,-0.145524
63,0.328365,0.154215,0.412931,0.392702,0.000000,-0.392702
64,0.322893,0.000096,0.406213,0.009808,-0.125000,-0.134808
65,0.317601,0.000031,0.399645,0.005601,-0.125000,-0.119399
66,0.312632,0.009541,0.394775,0.097677,-0.250000,-0.152323
67,0.307852,0.011468,0.390208,0.107087,-0.250000,-0.142913
68,0.306286,0.207634,0.391231,0.455669,0.500000,0.044331
69,0.306734,0.335460,0.394123,0.579189,-0.125000,0.454189
70,0.305691,0.237878,0.395541,0.487727,0.000000,0.487727
71,0.301133,0.000266,0.389881,0.016307,0.250000,0.266307
72,0.307871,0.759376,0.396962,0.871422,-0.375000,0.496422
73,0.306073,0.183808,0.397423,0.428728,-0.500000,-0.071272
74,0.304113,0.168852,0.397616,0.410915,0.125000,-0.285915
75,0.301494,0.118121,0.396856,0.343687,0.250000,-0.093687
76,0.299021,0.123471,0.396224,0.351384,-0.250000,0.101384
77,0.297841,0.212852,0.397117,0.461359,-0.500000,-0.038641
78,0.295522,0.126287,0.396553,0.355368,0.125000,-0.230368
79,0.291736,0.011525,0.392697,0.107355,-0.125000,-0.017645
80,0.287984,0.006580,0.388597,0.081120,-0.125000,-0.043880
81,0.284264,0.001583,0.384067,0.039782,-0.125000,-0.085218
82,0.280758,0.010757,0.380473,0.103716,-0.250000,-0.146284
83,0.279946,0.216614,0.381548,0.465418,0.250000,-0.215418
84,0.276735,0.023076,0.378677,0.151909,0.250000,0.098091
85,0.279031,0.462697,0.382400,0.680219,-0.250000,0.430219
86,0.283774,0.667988,0.387704,0.817305,-0.625000,0.192305
87,0.280359,0.000288,0.383237,0.016957,-0.125000,-0.108043
88,0.278300,0.107424,0.382576,0.327756,0.250000,-0.077756
89,0.276735,0.145251,0.382559,0.381118,-0.250000,0.131118
90,0.274559,0.089633,0.381592,0.299387,0.250000,-0.049387
91,0.272091,0.059857,0.380018,0.244656,0.000000,-0.244656
92,0.273526,0.398378,0.382872,0.631172,0.375000,-0.256172
93,0.271052,0.053339,0.381165,0.230952,-0.375000,-0.144048
94,0.270594,0.229828,0.382257,0.479404,0.000000,-0.479404
95,0.268278,0.059866,0.380745,0.244675,0.125000,-0.119675
96,0.265396,0.003118,0.377213,0.055835,0.000000,0.055835
97,0.262957,0.038593,0.375270,0.196451,-0.250000,-0.053549
98,0.271768,1.091138,0.382390,1.044576,0.875000,-0.169576
99,0.268995,0.008307,0.379324,0.091141,0.125000,0.216141
100,0.266926,0.070416,0.378137,0.265359,0.000000,0.265359
101,0.265111,0.090906,0.377347,0.301506,-0.250000,0.051506
102,0.262848,0.043341,0.375621,0.208184,0.125000,-0.083184
103,0.264546,0.430869,0.378457,0.656406,0.500000,-0.156406
104,0.261925,0.002492,0.375172,0.049918,0.000000,-0.049918
105,0.259403,0.007220,0.372298,0.084969,0.125000,0.040031
106,0.260222,0.342896,0.374389,0.585573,-0.500000,0.085573
107,0.261133,0.354033,0.376531,0.595007,0.375000,-0.220007
108,0.261022,0.249656,0.377715,0.499656,0.375000,-0.124656
109,0.266506,0.836776,0.382830,0.914755,0.875000,-0.039755
110,0.265073,0.114659,0.382413,0.338614,0.625000,0.286386
111,0.262768,0.018413,0.380107,0.135695,0.125000,0.260695
112,0.261930,0.172277,0.380430,0.415062,-0.375000,0.040062
113,0.260066,0.058797,0.379165,0.242482,-0.375000,-0.132518
114,0.258318,0.067708,0.378083,0.260208,0.125000,-0.135208
115,0.263552,0.839344,0.382931,0.916157,-0.875000,0.041157
116,0.263546,0.262853,0.384090,0.512692,0.125000,-0.387692
117,0.271931,1.211013,0.390429,1.100461,0.875000,-0.225461
118,0.270365,0.093497,0.389687,0.305772,0.375000,0.069228
119,0.274285,0.721161,0.393682,0.849212,-0.750000,0.099212
120,0.273152,0.142783,0.393546,0.377866,0.250000,-0.127866
121,0.270827,0.001198,0.390478,0.034612,0.000000,0.034612
122,0.269123,0.069740,0.389407,0.264083,0.250000,-0.014083
123,0.267987,0.133930,0.389210,0.365964,-0.375000,-0.009036
124,0.266194,0.052799,0.387882,0.229780,0.125000,-0.104780
125,0.264055,0.007428,0.385388,0.086188,0.125000,0.038812
126,0.262009,0.014454,0.383215,0.120227,-0.125000,-0.004773
127,0.260565,0.084365,0.382461,0.290457,-0.250000,0.040457
128,0.259453,0.122600,0.382200,0.350142,-0.125000,0.225142
129,0.257548,0.021341,0.380311,0.146085,0.000000,0.146085
130,0.257358,0.233609,0.381129,0.483331,-0.375000,0.108331
131,0.256162,0.105473,0.380685,0.324765,-0.500000,-0.175235
132,0.255972,0.231921,0.381473,0.481582,0.250000,-0.231582
133,0.257264,0.422572,0.383555,0.650056,-0.500000,0.150056
134,0.255411,0.016345,0.381588,0.127848,0.000000,-0.127848
135,0.254081,0.081231,0.380851,0.285010,0.125000,-0.160010
136,0.259104,0.917107,0.385221,0.957657,1.000000,0.042343
137,0.259715,0.340317,0.386711,0.583367,-0.375000,0.208367
138,0.257885,0.014543,0.384725,0.120593,0.000000,0.120593
139,0.259354,0.456231,0.386878,0.675449,-0.500000,0.175449
140,0.257930,0.065703,0.385918,0.256325,0.125000,-0.131325
141,0.256126,0.010805,0.383860,0.103946,0.125000,0.021054
142,0.254270,0.000000,0.381079,0.000155,0.000000,-0.000155
143,0.252673,0.032197,0.379629,0.179435,-0.250000,-0.070565
144,0.253878,0.421445,0.381554,0.649188,-0.750000,-0.100812
145,0.254471,0.337438,0.382968,0.580894,0.250000,-0.330894
146,0.252688,0.001298,0.380525,0.036033,0.000000,0.036033
147,0.251620,0.099953,0.380075,0.316153,0.000000,0.316153
148,0.252746,0.413837,0.381903,0.643301,0.750000,0.106699
149,0.251047,0.006318,0.379817,0.079483,0.250000,0.170517
150,0.249556,0.033387,0.378467,0.182721,0.125000,-0.057721
151,0.248360,0.073714,0.377739,0.271503,-0.125000,0.146503
152,0.249227,0.376731,0.379334,0.613784,-0.500000,0.113784
153,0.247558,0.000448,0.376930,0.021172,-0.125000,-0.103828
154,0.247637,0.259517,0.377814,0.509428,0.375000,-0.134428
155,0.246733,0.111027,0.377518,0.333207,-0.250000,0.083207
156,0.245172,0.009585,0.375679,0.097905,-0.125000,-0.027095
157,0.244412,0.128860,0.375570,0.358971,0.250000,-0.108971
158,0.251187,1.287796,0.380500,1.134811,1.125000,-0.009811
159,0.252376,0.435372,0.382302,0.659827,-0.250000,0.409827
160,0.251082,0.050533,0.381292,0.224795,-0.375000,-0.150205
161,0.251395,0.300316,0.382354,0.548011,0.250000,-0.298011
162,0.249813,0.001361,0.380168,0.036892,0.000000,-0.036892
163,0.248253,0.001746,0.378039,0.041781,0.000000,-0.041781
164,0.246725,0.003735,0.376059,0.061116,0.000000,-0.061116
165,0.245223,0.004986,0.374161,0.070613,-0.125000,-0.054387
166,0.243927,0.035292,0.373011,0.187862,0.000000,0.187862
167,0.242488,0.009333,0.371316,0.096606,0.125000,0.221606
168,0.241109,0.016307,0.369830,0.127699,0.000000,0.127699
169,0.239648,0.000079,0.367643,0.008864,-0.125000,-0.116136
170,0.238205,0.000038,0.365465,0.006134,-0.125000,-0.131134
171,0.236835,0.009564,0.363862,0.097798,0.000000,-0.097798
172,0.235430,0.000767,0.361861,0.027686,0.000000,0.027686
173,0.234108,0.011924,0.360366,0.109199,-0.125000,-0.015801
174,0.232783,0.008859,0.358800,0.094123,-0.125000,-0.219123
175,0.232294,0.149125,0.358960,0.386168,-0.625000,-0.238832
176,0.231890,0.162874,0.359219,0.403576,0.250000,-0.153576
177,0.231897,0.233154,0.359934,0.482860,0.500000,0.017140
178,0.232201,0.284789,0.360932,0.533656,-0.250000,0.283656
179,0.230887,0.002264,0.359142,0.047587,0.125000,0.077413
180,0.229857,0.049539,0.358366,0.222574,0.000000,0.222574
181,0.228792,0.041377,0.357490,0.203414,-0.125000,0.078414
182,0.228020,0.091453,0.357181,0.302412,0.250000,-0.052412
183,0.228107,0.243548,0.357943,0.493505,0.500000,0.006495
184,0.227550,0.127842,0.357940,0.357550,0.500000,0.142450
185,0.226308,0.002675,0.356249,0.051725,0.125000,0.176725
186,0.225649,0.106364,0.356083,0.326134,-0.250000,0.076134
187,0.224419,0.000677,0.354279,0.026017,0.125000,0.151017
188,0.225679,0.456238,0.356025,0.675454,-0.375000,0.300454
189,0.224461,0.000362,0.354203,0.019022,0.000000,0.019022
190,0.223265,0.001988,0.352539,0.044584,-0.125000,-0.080416
191,0.224926,0.533811,0.354561,0.730623,0.625000,-0.105623
192,0.224886,0.217415,0.355155,0.466278,-0.250000,0.216278
193,0.224533,0.158113,0.355380,0.397634,-0.375000,0.022634
194,0.223496,0.027596,0.354383,0.166121,0.000000,-0.166121
195,0.222902,0.110049,0.354265,0.331736,0.250000,-0.081736
196,0.221931,0.036509,0.353415,0.191073,-0.125000,0.066073
197,0.220896,0.022007,0.352352,0.148348,-0.125000,0.023348
198,0.219784,0.005261,0.350910,0.072533,-0.125000,-0.052467
199,0.221249,0.505483,0.352757,0.710973,0.625000,-0.085973
200,0.220417,0.058091,0.352186,0.241020,-0.125000,0.116020
201,0.221135,0.361974,0.353453,0.601642,0.625000,0.023358
202,0.220419,0.079223,0.353089,0.281466,0.375000,0.093534
203,0.221945,0.524257,0.354953,0.724056,-0.625000,0.099056
204,0.221643,0.161483,0.355188,0.401850,0.125000,-0.276850
205,0.220636,0.019233,0.354111,0.138683,-0.375000,-0.236317
206,0.219682,0.027936,0.353185,0.167141,-0.250000,-0.082859
207,0.218611,0.002177,0.351675,0.046662,-0.125000,-0.078338
208,0.222109,0.932178,0.354684,0.965494,-1.000000,-0.034506
209,0.221308,0.057979,0.354128,0.240788,0.000000,-0.240788
210,0.222689,0.505915,0.355862,0.711277,-0.625000,0.086277
211,0.221766,0.031536,0.355001,0.177584,0.000000,-0.177584
212,0.221628,0.192965,0.355406,0.439278,0.250000,-0.189278
213,0.225411,1.012345,0.358520,1.006153,-0.750000,0.256153
214,0.224524,0.039188,0.357755,0.197960,-0.125000,0.072960
215,0.223602,0.030049,0.356881,0.173348,0.250000,0.076652
216,0.222585,0.007814,0.355615,0.088395,0.250000,0.161605
217,0.222049,0.108599,0.355492,0.329544,0.375000,0.045456
218,0.221029,0.003692,0.354115,0.060765,0.125000,0.064235
219,0.220387,0.082985,0.353808,0.288070,-0.250000,0.038070
220,0.219602,0.050735,0.353213,0.225245,-0.375000,-0.149755
221,0.218619,0.006418,0.351954,0.080112,0.000000,-0.080112
222,0.218520,0.196972,0.352376,0.443815,0.500000,0.056185
223,0.217554,0.007017,0.351149,0.083766,0.125000,0.208766
224,0.216612,0.010341,0.350015,0.101693,-0.125000,-0.023307
225,0.216041,0.090265,0.349791,0.300442,0.250000,-0.050442
226,0.215128,0.013446,0.348738,0.115955,0.000000,0.115955
227,0.214214,0.011347,0.347651,0.106524,-0.125000,-0.018476
228,0.213564,0.068681,0.347269,0.262070,-0.375000,-0.112930
229,0.212619,0.000814,0.345853,0.028538,0.000000,-0.028538
230,0.211679,0.000177,0.344381,0.013285,0.125000,0.111715
231,0.211749,0.227687,0.344966,0.477166,-0.375000,0.102166
232,0.210850,0.006689,0.343812,0.081789,0.125000,0.043211
233,0.210490,0.128491,0.343876,0.358456,-0.375000,-0.016544
234,0.209941,0.084249,0.343643,0.290257,0.125000,-0.165257
235,0.209084,0.011757,0.342624,0.108430,-0.250000,-0.141570
236,0.208215,0.007686,0.341526,0.087672,-0.250000,-0.162328
237,0.207596,0.063966,0.341145,0.252915,-0.500000,-0.247085
238,0.208037,0.310785,0.342070,0.557481,0.125000,-0.432481
239,0.207490,0.079404,0.341813,0.281786,0.000000,-0.281786
240,0.206707,0.022760,0.341004,0.150865,-0.125000,-0.275865
241,0.206540,0.167138,0.341290,0.408825,0.250000,-0.158825
242,0.206415,0.176698,0.341622,0.420355,0.375000,-0.045355
243,0.206421,0.207794,0.342100,0.455844,-0.250000,0.205844
244,0.205571,0.002421,0.340880,0.049200,-0.125000,-0.075800
245,0.205954,0.298037,0.341731,0.545927,0.500000,-0.045927
246,0.205783,0.164435,0.341994,0.405506,0.000000,0.405506
247,0.205120,0.044699,0.341457,0.211422,0.000000,0.211422
248,0.204780,0.122111,0.341490,0.349444,-0.250000,0.099444
249,0.204222,0.068178,0.341162,0.261108,0.250000,-0.011108
250,0.203415,0.005653,0.340080,0.075184,-0.125000,-0.049816
251,0.202742,0.037265,0.339485,0.193041,-0.250000,-0.056959
252,0.201934,0.002424,0.338315,0.049236,0.000000,-0.049236
253,0.201136,0.003093,0.337179,0.055614,0.125000,0.069386
254,0.200358,0.006673,0.336157,0.081691,0.000000,0.081691
255,0.199583,0.005879,0.335124,0.076676,0.125000,0.048324
256,0.198812,0.005171,0.334079,0.071909,0.000000,0.071909
257,0.198061,0.008791,0.333129,0.093760,0.125000,0.031240
258,0.197479,0.050332,0.332701,0.224348,-0.250000,-0.025652
259,0.197324,0.158062,0.332955,0.397570,0.250000,-0.147570
260,0.196653,0.025438,0.332278,0.159492,-0.125000,0.034492
261,0.195911,0.005919,0.331284,0.076938,-0.125000,-0.048062
262,0.195322,0.043959,0.330813,0.209664,0.125000,-0.084664
263,0.194743,0.045328,0.330358,0.212905,0.125000,-0.087905
264,0.194057,0.016315,0.329578,0.127731,0.125000,-0.002731
265,0.193425,0.029198,0.328970,0.170873,0.125000,-0.045873
266,0.192757,0.018334,0.328231,0.135402,0.125000,-0.010402
267,0.192338,0.082639,0.328076,0.287470,-0.375000,-0.087530
268,0.191612,0.000606,0.326927,0.024623,-0.250000,-0.274623
269,0.191640,0.199031,0.327377,0.446129,0.250000,-0.196129
270,0.190942,0.006141,0.326441,0.078362,0.125000,0.046638
271,0.190657,0.114868,0.326487,0.338922,-0.250000,0.088922
272,0.189972,0.006853,0.325578,0.082780,0.000000,0.082780
273,0.189269,0.001092,0.324491,0.033048,0.125000,0.091952
274,0.188609,0.010916,0.323676,0.104478,-0.125000,-0.020522
275,0.187925,0.003328,0.322694,0.057688,0.000000,0.057688
276,0.187238,0.000915,0.321619,0.030254,0.125000,0.094746
277,0.186640,0.023994,0.321008,0.154901,-0.125000,0.029901
278,0.185965,0.001875,0.319995,0.043306,0.000000,-0.043306
279,0.185292,0.000749,0.318931,0.027374,0.000000,-0.027374
280,0.184622,0.000438,0.317851,0.020921,0.000000,-0.020921
281,0.183979,0.006460,0.316994,0.080373,0.000000,-0.080373
282,0.183388,0.019778,0.316359,0.140635,0.125000,-0.015635
283,0.182743,0.003295,0.315431,0.057406,0.125000,0.067594
284,0.182176,0.024054,0.314859,0.155094,0.250000,0.094906
285,0.181531,0.000869,0.313843,0.029474,0.125000,0.095526
286,0.180887,0.000068,0.312759,0.008229,0.125000,0.116771
287,0.182708,0.696075,0.314602,0.834311,0.875000,0.040689
288,0.182853,0.223847,0.315160,0.473124,-0.250000,0.223124
289,0.182222,0.003180,0.314252,0.056389,0.125000,0.068611
290,0.181715,0.037253,0.313828,0.193011,0.125000,-0.068011
291,0.181172,0.025754,0.313294,0.160481,-0.125000,0.035481
292,0.180732,0.054403,0.313016,0.233245,0.250000,0.016755
293,0.180314,0.060033,0.312781,0.245017,-0.125000,0.120017
294,0.179700,0.002259,0.311866,0.047524,0.125000,0.077476
295,0.179297,0.062500,0.311654,0.250000,0.375000,0.125000
296,0.180438,0.512503,0.313038,0.715893,-0.625000,0.090893
297,0.179979,0.045881,0.312701,0.214198,0.000000,-0.214198
298,0.179614,0.072499,0.312553,0.269256,0.125000,-0.144256
299,0.179091,0.025434,0.312034,0.159480,0.250000,0.090520
300,0.178491,0.001622,0.311116,0.040268,0.125000,0.084732
301,0.177955,0.019282,0.310536,0.138860,-0.125000,0.013860
302,0.177393,0.010308,0.309835,0.101530,-0.125000,-0.023470
303,0.176961,0.048340,0.309534,0.219865,0.250000,0.030135
304,0.176594,0.066735,0.309363,0.258330,0.375000,0.116670
305,0.176495,0.147024,0.309609,0.383438,-0.375000,0.008438
306,0.175938,0.008028,0.308881,0.089598,-0.125000,-0.035402
307,0.176350,0.300881,0.309671,0.548526,-0.500000,0.048526
308,0.175772,0.000491,0.308726,0.022151,-0.125000,-0.147151
309,0.175415,0.066971,0.308562,0.258787,-0.375000,-0.116213
310,0.175310,0.143448,0.308791,0.378745,0.250000,-0.128745
311,0.175316,0.177032,0.309156,0.420751,-0.375000,0.045751
312,0.175125,0.116658,0.309261,0.341552,0.250000,-0.091552
313,0.174883,0.100202,0.309285,0.316547,0.375000,0.058453
314,0.175395,0.333744,0.310151,0.577706,-0.375000,0.202706
315,0.175147,0.098257,0.310161,0.313459,0.375000,0.061541
316,0.174966,0.118606,0.310271,0.344392,-0.125000,0.219392
317,0.174558,0.047307,0.309975,0.217501,0.000000,0.217501
318,0.175267,0.397008,0.310994,0.630086,-0.375000,0.255086
319,0.174711,0.000046,0.310028,0.006764,0.125000,0.131764
320,0.174345,0.059129,0.309817,0.243164,0.250000,0.006836
321,0.174988,0.378291,0.310779,0.615054,-0.500000,0.115054
322,0.174438,0.000098,0.309833,0.009902,-0.125000,-0.115098
323,0.174063,0.054781,0.309596,0.234054,-0.375000,-0.140946
324,0.174230,0.227567,0.310119,0.477040,0.375000,-0.102040
325,0.174049,0.115896,0.310213,0.340436,-0.125000,0.215436
326,0.173603,0.030577,0.309793,0.174863,0.125000,-0.049863
327,0.173154,0.028682,0.309358,0.169358,0.125000,-0.044358
328,0.172626,0.001896,0.308538,0.043542,-0.125000,-0.081458
329,0.172188,0.030402,0.308125,0.174360,-0.125000,0.049360
330,0.171687,0.008933,0.307470,0.094513,0.125000,0.030487
331,0.171544,0.124900,0.307610,0.353412,-0.250000,0.103412
332,0.171362,0.111727,0.307692,0.334257,0.250000,-0.084257
333,0.170863,0.007144,0.307013,0.084523,0.125000,0.040477
334,0.170605,0.085726,0.306970,0.292790,-0.125000,0.167790
335,0.170800,0.235397,0.307509,0.485177,0.250000,-0.235177
336,0.170328,0.014012,0.306939,0.118371,0.000000,-0.118371
337,0.169855,0.012897,0.306358,0.113567,0.000000,-0.113567
338,0.169634,0.095844,0.306368,0.309587,0.125000,-0.184587
339,0.169183,0.018481,0.305859,0.135946,0.125000,-0.010946
340,0.168699,0.006536,0.305189,0.080847,0.125000,0.044153
341,0.168230,0.010936,0.304594,0.104574,0.125000,0.020426
342,0.167738,0.001839,0.303820,0.042886,0.125000,0.082114
343,0.167505,0.088818,0.303803,0.298023,0.375000,0.076977
344,0.167013,0.000013,0.302920,0.003598,0.125000,0.128598
345,0.166730,0.070425,0.302810,0.265377,0.375000,0.109623
346,0.167147,0.309542,0.303551,0.556365,-0.375000,0.181365
347,0.167112,0.155024,0.303814,0.393731,0.250000,-0.143731
348,0.166833,0.071098,0.303706,0.266641,0.250000,-0.016641
349,0.166538,0.065238,0.303566,0.255418,-0.125000,0.130418
350,0.166473,0.143893,0.303785,0.379332,-0.375000,0.004332
351,0.166003,0.003377,0.303077,0.058109,-0.250000,-0.191891
352,0.165843,0.110472,0.303161,0.332373,0.125000,-0.207373
353,0.165403,0.012079,0.302607,0.109902,-0.125000,-0.015098
354,0.164931,0.000272,0.301790,0.016506,0.000000,-0.016506
355,0.164479,0.006221,0.301155,0.078876,0.125000,0.046124
356,0.164578,0.199321,0.301568,0.446454,-0.375000,0.071454
357,0.164397,0.100762,0.301613,0.317430,0.250000,-0.067430
358,0.164171,0.084444,0.301581,0.290593,-0.250000,0.040593
359,0.163824,0.040951,0.301302,0.202363,0.125000,-0.077363
360,0.163389,0.008895,0.300721,0.094315,-0.125000,-0.030685
361,0.162977,0.016501,0.300238,0.128456,-0.125000,0.003456
362,0.163269,0.267408,0.300844,0.517115,0.500000,-0.017115
363,0.163017,0.072701,0.300757,0.269631,-0.125000,0.144631
364,0.162569,0.002002,0.300046,0.044746,0.000000,0.044746
365,0.162312,0.069567,0.299945,0.263756,-0.250000,0.013756
366,0.162126,0.095004,0.299968,0.308228,-0.125000,0.183228
367,0.161711,0.011441,0.299436,0.106962,-0.125000,-0.018038
368,0.161271,0.001675,0.298726,0.040930,-0.250000,-0.209070
369,0.161094,0.096583,0.298759,0.310778,-0.500000,-0.189222
370,0.161027,0.136509,0.298952,0.369471,0.000000,-0.369471
371,0.160588,0.000197,0.298176,0.014037,-0.125000,-0.139037
372,0.160261,0.040063,0.297910,0.200158,0.125000,-0.075158
373,0.159864,0.013987,0.297423,0.118269,0.125000,0.006731
374,0.159489,0.021002,0.297011,0.144919,0.375000,0.230081
375,0.159216,0.058061,0.296860,0.240958,0.125000,0.365958
376,0.158859,0.026403,0.296498,0.162489,0.375000,0.212511
377,0.158581,0.055122,0.296333,0.234781,0.125000,0.359781
378,0.158189,0.012276,0.295837,0.110797,0.250000,0.360797
379,0.157953,0.069489,0.295751,0.263607,0.375000,0.111393
380,0.157541,0.002961,0.295109,0.054417,0.125000,0.070583
381,0.157157,0.013038,0.294629,0.114185,0.125000,0.010815
382,0.156917,0.066270,0.294531,0.257430,-0.250000,0.007430
383,0.156512,0.003253,0.293904,0.057031,-0.125000,-0.067969
384,0.156362,0.099669,0.293961,0.315704,-0.375000,-0.059296
385,0.156014,0.023757,0.293594,0.154133,0.000000,-0.154133
386,0.155696,0.034538,0.293312,0.185843,-0.250000,-0.064157
387,0.155504,0.082047,0.293294,0.286438,-0.375000,-0.088562
388,0.155431,0.127545,0.293461,0.357134,0.125000,-0.232134
389,0.155132,0.040408,0.293221,0.201018,-0.250000,-0.048982
390,0.154731,0.000166,0.292494,0.012873,0.000000,-0.012873
391,0.156107,0.687526,0.293881,0.829172,-0.625000,0.204172
392,0.156394,0.267334,0.294456,0.517043,-0.500000,0.017043
393,0.156016,0.009214,0.293946,0.095989,-0.125000,-0.029011
394,0.156750,0.442340,0.294898,0.665086,0.500000,-0.165086
395,0.156364,0.006065,0.294343,0.077876,0.125000,0.047124
396,0.156383,0.163691,0.294624,0.404588,-0.250000,0.154588
397,0.156034,0.019200,0.294227,0.138564,0.000000,0.138564
398,0.156231,0.233590,0.294707,0.483311,-0.375000,0.108311
399,0.156848,0.400013,0.295562,0.632466,0.500000,-0.132466
400,0.156465,0.005025,0.294994,0.070890,-0.125000,-0.195890
401,0.156133,0.024624,0.294647,0.156919,0.125000,-0.031919
402,0.156111,0.147625,0.294872,0.384219,-0.250000,0.134219
403,0.155740,0.007858,0.294355,0.088647,0.125000,0.036353
404,0.155358,0.003037,0.293757,0.055109,0.000000,-0.055109
405,0.155281,0.124708,0.293905,0.353141,-0.375000,-0.021859
406,0.154929,0.013697,0.293465,0.117033,0.250000,0.132967
407,0.154560,0.006084,0.292930,0.078001,0.375000,0.453001
408,0.154851,0.272190,0.293496,0.521718,-0.125000,0.396718
409,0.154484,0.006172,0.292966,0.078564,0.125000,0.203564
410,0.154541,0.177721,0.293283,0.421570,-0.250000,0.171570
411,0.154221,0.024355,0.292945,0.156061,-0.125000,0.031061
412,0.153925,0.033196,0.292674,0.182197,0.125000,-0.057197
413,0.153560,0.004786,0.292127,0.069177,-0.125000,-0.055823
414,0.153595,0.167784,0.292414,0.409615,0.250000,-0.159615
415,0.153772,0.226342,0.292860,0.475754,0.500000,0.024246
416,0.153433,0.014132,0.292438,0.118880,0.125000,0.006120
417,0.153287,0.093188,0.292469,0.305268,-0.375000,-0.069732
418,0.153059,0.058816,0.292348,0.242519,0.000000,-0.242519
419,0.154072,0.573753,0.293469,0.757465,0.625000,-0.132465
420,0.153802,0.041425,0.293253,0.203531,-0.125000,0.078531
421,0.153450,0.007338,0.292755,0.085664,-0.125000,-0.039336
422,0.153423,0.142086,0.292956,0.376943,0.250000,-0.126943
423,0.154743,0.706267,0.294263,0.840397,0.875000,0.034603
424,0.155686,0.551046,0.295330,0.742325,-0.500000,0.242325
425,0.155318,0.000613,0.294687,0.024767,0.000000,-0.024767
426,0.155001,0.021671,0.294338,0.147210,-0.500000,-0.352790
427,0.155091,0.192941,0.294680,0.439251,0.125000,-0.314251
428,0.154740,0.006438,0.294174,0.080235,-0.250000,-0.169765
429,0.154381,0.001876,0.293584,0.043313,0.000000,-0.043313
430,0.154188,0.072252,0.293526,0.268796,-0.250000,0.018796
431,0.153940,0.048496,0.293354,0.220217,0.000000,0.220217
432,0.153587,0.002818,0.292793,0.053087,0.000000,0.053087
433,0.153233,0.001631,0.292205,0.040390,0.000000,0.040390
434,0.153114,0.102141,0.292268,0.319596,-0.125000,0.194596
435,0.153050,0.125515,0.292412,0.354281,-0.125000,0.229281
436,0.152737,0.017611,0.292042,0.132707,0.125000,-0.007707
437,0.152395,0.004761,0.291527,0.068999,0.000000,-0.068999
438,0.152211,0.072667,0.291477,0.269569,0.125000,-0.144569
439,0.152023,0.070332,0.291416,0.265202,-0.250000,0.015202
440,0.151788,0.049434,0.291258,0.222337,-0.250000,-0.027663
441,0.151535,0.041220,0.291056,0.203027,-0.250000,-0.046973
442,0.151426,0.103742,0.291127,0.322089,-0.375000,-0.052911
443,0.151166,0.037710,0.290906,0.194190,-0.125000,0.069190
444,0.150823,0.000127,0.290271,0.011257,0.000000,-0.011257
445,0.150483,0.000964,0.289683,0.031046,-0.125000,-0.093954
446,0.150801,0.291031,0.290248,0.539473,0.375000,-0.164473
447,0.150517,0.024892,0.289949,0.157770,0.000000,0.157770
448,0.150278,0.044151,0.289769,0.210121,-0.125000,0.085121
449,0.150474,0.237731,0.290214,0.487577,-0.500000,-0.012423
450,0.150156,0.008702,0.289772,0.093283,0.000000,-0.093283
451,0.149859,0.017247,0.289417,0.131326,0.125000,-0.006326
452,0.149685,0.072008,0.289370,0.268343,-0.250000,0.018343
453,0.149363,0.005116,0.288885,0.071529,-0.125000,-0.196529
454,0.149417,0.173401,0.289169,0.416414,-0.375000,0.041414
455,0.149088,0.001105,0.288601,0.033237,-0.125000,-0.091763
456,0.149216,0.206864,0.288969,0.454823,0.500000,0.045177
457,0.148914,0.012585,0.288579,0.112182,0.250000,0.137818
458,0.149059,0.214737,0.288964,0.463397,-0.375000,0.088397
459,0.148771,0.017980,0.288623,0.134090,0.000000,-0.134090
460,0.148445,0.000113,0.288014,0.010628,0.000000,-0.010628
461,0.148130,0.004649,0.287533,0.068184,-0.125000,-0.056816
462,0.147900,0.042557,0.287355,0.206294,-0.125000,0.081294
463,0.147803,0.103711,0.287431,0.322042,-0.125000,0.197042
464,0.147548,0.030188,0.287184,0.173746,0.125000,-0.048746
465,0.147228,0.000371,0.286603,0.019258,-0.125000,-0.105742
466,0.146932,0.010378,0.286203,0.101872,0.000000,-0.101872
467,0.146727,0.051877,0.286077,0.227766,-0.125000,0.102766
468,0.148800,1.108555,0.287729,1.052880,-1.000000,0.052880
469,0.148496,0.007370,0.287295,0.085849,-0.125000,-0.039151
470,0.148267,0.041721,0.287117,0.204258,0.125000,-0.079258
471,0.147993,0.020506,0.286809,0.143198,0.000000,0.143198
472,0.147838,0.075428,0.286783,0.274642,0.125000,-0.149642
473,0.147712,0.088771,0.286806,0.297945,-0.125000,0.172945
474,0.147510,0.052809,0.286685,0.229801,0.000000,0.229801
475,0.147222,0.011858,0.286308,0.108894,0.000000,0.108894
476,0.146913,0.001579,0.285785,0.039736,0.000000,0.039736
477,0.146855,0.119188,0.285911,0.345236,-0.375000,-0.029764
478,0.146545,0.000000,0.285308,0.000196,-0.375000,-0.374804
479,0.146315,0.037132,0.285113,0.192697,0.000000,-0.192697
480,0.146059,0.024398,0.284842,0.156197,-0.250000,-0.093803
481,0.145755,0.001291,0.284321,0.035934,-0.125000,-0.089066
482,0.145450,0.000032,0.283738,0.005677,0.125000,0.130677
483,0.145152,0.002659,0.283253,0.051568,0.000000,0.051568
484,0.144913,0.030219,0.283025,0.173836,0.000000,-0.173836
485,0.144809,0.094891,0.283077,0.308043,0.125000,-0.183043
486,0.144771,0.126676,0.283228,0.355916,-0.125000,0.230916
487,0.145527,0.510110,0.284120,0.714220,-0.500000,0.214220
488,0.145636,0.198120,0.284453,0.445107,-0.750000,-0.304893
489,0.145973,0.308920,0.285013,0.555806,0.250000,-0.305806
490,0.145689,0.007873,0.284609,0.088731,0.125000,0.036269
491,0.146067,0.329842,0.285204,0.574319,0.500000,-0.074319
492,0.145795,0.013255,0.284855,0.115132,-0.125000,-0.009868
493,0.145567,0.034484,0.284652,0.185698,-0.125000,0.060698
494,0.145272,0.001226,0.284143,0.035015,-0.125000,-0.089985
495,0.145084,0.052600,0.284031,0.229348,0.000000,-0.229348
496,0.146571,0.876920,0.285357,0.936440,0.750000,-0.186440
497,0.146282,0.003903,0.284905,0.062471,-0.125000,-0.062529
498,0.146029,0.021351,0.284624,0.146119,-0.250000,-0.396119
499,0.145856,0.060473,0.284546,0.245913,0.000000,-0.245913
500,0.145737,0.086889,0.284567,0.294769,-0.375000,-0.080231
501,0.145444,0.000003,0.283997,0.001605,-0.250000,-0.251605
502,0.145383,0.115167,0.284108,0.339362,0.125000,-0.214362
503,0.145597,0.252065,0.284545,0.502061,0.375000,-0.127061
504,0.145317,0.005514,0.284125,0.074254,-0.125000,-0.050746
505,0.145100,0.036941,0.283941,0.192200,-0.250000,-0.057800
506,0.144939,0.064076,0.283880,0.253132,0.125000,-0.128132
507,0.144713,0.031178,0.283666,0.176572,-0.250000,-0.073428
508,0.144432,0.003186,0.283216,0.056441,-0.250000,-0.306441
509,0.144189,0.021748,0.282947,0.147472,-0.500000,-0.352528
510,0.144001,0.049219,0.282826,0.221854,-0.500000,-0.278146
511,0.143795,0.039576,0.282661,0.198938,-0.375000,-0.176062
512,0.143539,0.013320,0.282331,0.115412,-0.125000,-0.009588
513,0.143287,0.015427,0.282021,0.124205,-0.125000,-0.000795
514,0.143007,0.000620,0.281517,0.024909,0.000000,0.024909
515,0.142805,0.039545,0.281355,0.198860,-0.125000,0.073860
516,0.142527,0.000713,0.280857,0.026695,0.000000,-0.026695
517,0.142370,0.062128,0.280796,0.249254,0.125000,-0.124254
518,0.142120,0.013671,0.280477,0.116922,-0.375000,-0.258078
519,0.142683,0.432100,0.281209,0.657343,0.375000,-0.282343
520,0.142837,0.222122,0.281577,0.471298,-0.250000,0.221298
521,0.142593,0.016492,0.281281,0.128421,-0.125000,0.003421
522,0.142459,0.073198,0.281260,0.270551,-0.125000,0.145551
523,0.142215,0.015984,0.280962,0.126426,0.125000,0.251426
524,0.142122,0.093985,0.281011,0.306569,0.500000,0.193431
525,0.141860,0.005302,0.280611,0.072814,0.000000,-0.072814
526,0.141628,0.021149,0.280353,0.145428,0.125000,0.270428
527,0.141568,0.110168,0.280451,0.331916,-0.125000,0.206916
528,0.141379,0.042401,0.280309,0.205916,-0.125000,0.080916
529,0.141123,0.006829,0.279932,0.082637,0.000000,-0.082637
530,0.141091,0.124450,0.280071,0.352775,0.375000,0.022225
531,0.140946,0.064434,0.280021,0.253838,0.250000,-0.003838
532,0.141274,0.314178,0.280552,0.560516,0.625000,0.064484
533,0.141051,0.023373,0.280311,0.152881,0.250000,0.097119
534,0.140785,0.000050,0.279795,0.007088,0.125000,0.132088
535,0.141468,0.503544,0.280605,0.709609,-0.750000,-0.040391
536,0.141202,0.000000,0.280079,0.000619,-0.250000,-0.249381
537,0.140948,0.005661,0.279694,0.075237,0.000000,-0.075237
538,0.140686,0.000958,0.279228,0.030959,-0.125000,-0.094041
539,0.140426,0.001577,0.278781,0.039707,-0.250000,-0.210293
540,0.140816,0.349484,0.279364,0.591172,0.125000,-0.466172
541,0.140691,0.073899,0.279350,0.271844,0.250000,-0.021844
542,0.140764,0.180133,0.279619,0.424421,0.500000,0.075579
543,0.140524,0.011305,0.279298,0.106326,0.125000,0.018674
544,0.140316,0.027922,0.279090,0.167099,-0.125000,0.042099
545,0.140139,0.044743,0.278965,0.211525,-0.250000,-0.038475
546,0.140000,0.065054,0.278921,0.255057,0.125000,-0.130057
547,0.139744,0.000923,0.278463,0.030383,0.125000,0.094617
548,0.139488,0.000544,0.277994,0.023328,0.125000,0.148328
549,0.139401,0.091696,0.278040,0.302813,0.625000,0.322187
550,0.139151,0.003232,0.277635,0.056855,0.125000,0.181855
551,0.139017,0.065525,0.277595,0.255979,0.250000,-0.005979
552,0.138764,0.000685,0.277136,0.026178,0.000000,0.026178
553,0.138566,0.030162,0.276948,0.173672,0.000000,0.173672
554,0.138346,0.017144,0.276682,0.130933,0.125000,-0.005933
555,0.138517,0.232513,0.277055,0.482196,0.625000,0.142804
556,0.138287,0.011894,0.276751,0.109059,0.125000,0.234059
557,0.138164,0.070285,0.276730,0.265112,0.125000,-0.140112
558,0.137935,0.011283,0.276422,0.106223,-0.125000,-0.018777
559,0.137950,0.146162,0.276613,0.382312,-0.375000,0.007312
560,0.137711,0.005135,0.276244,0.071658,0.125000,0.053342
561,0.138129,0.370430,0.276841,0.608630,-0.375000,0.233630
562,0.138048,0.092824,0.276891,0.304670,-0.250000,0.054670
563,0.137801,0.000376,0.276430,0.019386,0.000000,0.019386
564,0.137713,0.088351,0.276467,0.297239,-0.125000,0.172239
565,0.137670,0.113770,0.276576,0.337298,0.250000,-0.087298
566,0.137907,0.270847,0.277010,0.520430,-0.250000,0.270430
567,0.137665,0.001341,0.276583,0.036622,-0.125000,-0.161622
568,0.137421,0.000108,0.276111,0.010375,-0.125000,-0.114625
569,0.137293,0.064981,0.276073,0.254913,0.000000,-0.254913
570,0.137167,0.065960,0.276039,0.256826,0.000000,-0.256826
571,0.136935,0.005629,0.275685,0.075029,-0.250000,-0.174971
572,0.137467,0.439185,0.276366,0.662710,-0.875000,-0.212290
573,0.137992,0.436331,0.277041,0.660554,-0.375000,0.285554
574,0.137872,0.069769,0.277019,0.264138,0.000000,-0.264138
575,0.137646,0.008643,0.276696,0.092966,0.000000,-0.092966
576,0.137437,0.017882,0.276446,0.133723,0.000000,0.133723
577,0.137203,0.003683,0.276070,0.060684,0.000000,0.060684
578,0.137353,0.222932,0.276412,0.472157,0.250000,-0.222157
579,0.137134,0.011748,0.276119,0.108386,0.000000,-0.108386
580,0.137032,0.078193,0.276125,0.279629,0.000000,0.279629
581,0.136944,0.086250,0.276156,0.293683,-0.125000,0.168683
582,0.136753,0.026670,0.275961,0.163310,0.250000,0.086690
583,0.136953,0.252277,0.276351,0.502271,-0.375000,0.127271
584,0.137211,0.286690,0.276798,0.535434,0.250000,-0.285434
585,0.136999,0.014238,0.276527,0.119325,-0.125000,-0.005675
586,0.136764,0.000162,0.276074,0.012722,0.000000,-0.012722
587,0.136548,0.011020,0.275780,0.104974,0.125000,0.020026
588,0.136318,0.001988,0.275384,0.044583,0.125000,0.080417
589,0.136094,0.005387,0.275039,0.073394,0.125000,0.051606
590,0.135865,0.002040,0.274647,0.045169,0.125000,0.079831
591,0.135637,0.001590,0.274247,0.039870,0.000000,0.039870
592,0.136061,0.384998,0.274836,0.620482,0.500000,-0.120482
593,0.135926,0.056545,0.274773,0.237792,0.000000,-0.237792
594,0.135723,0.016275,0.274523,0.127574,0.000000,-0.127574
595,0.135550,0.033268,0.274368,0.182394,0.250000,0.067606
596,0.135324,0.001981,0.273979,0.044511,0.000000,0.044511
597,0.135216,0.071300,0.273968,0.267021,0.375000,0.107979
598,0.135075,0.051203,0.273887,0.226281,0.250000,0.023719
599,0.134852,0.002551,0.273512,0.050512,-0.125000,-0.074488
600,0.134627,0.000951,0.273105,0.030831,0.000000,-0.030831
601,0.134854,0.270208,0.273518,0.519815,0.375000,-0.144815
602,0.134643,0.008731,0.273217,0.093438,-0.125000,-0.218438
603,0.134874,0.272867,0.273633,0.522367,0.250000,-0.272367
604,0.134718,0.041243,0.273515,0.203084,0.125000,-0.078084
605,0.134497,0.001935,0.273133,0.043988,0.000000,0.043988
606,0.134631,0.214829,0.273449,0.463496,-0.375000,0.088496
607,0.134411,0.002258,0.273075,0.047516,0.125000,0.077484
608,0.134252,0.038083,0.272946,0.195149,0.250000,0.054851
609,0.134118,0.053305,0.272876,0.230879,-0.375000,-0.144121
610,0.134016,0.072196,0.272869,0.268694,0.250000,-0.018694
611,0.133801,0.004025,0.272524,0.063445,0.125000,0.061555
612,0.133881,0.182374,0.272778,0.427053,-0.375000,0.052053
613,0.133669,0.004625,0.272442,0.068008,0.000000,-0.068008
614,0.133509,0.036229,0.272308,0.190340,0.125000,-0.065340
615,0.133627,0.205303,0.272603,0.453104,0.500000,0.046896
616,0.133434,0.015774,0.272363,0.125594,0.125000,-0.000594
617,0.133285,0.041656,0.272252,0.204097,-0.125000,0.079097
618,0.133101,0.020457,0.272041,0.143026,-0.125000,0.018026
619,0.132892,0.004659,0.271710,0.068255,0.125000,0.056745
620,0.135305,1.619553,0.273335,1.272616,1.375000,0.102384
621,0.136105,0.628732,0.274177,0.792926,1.250000,0.457074
622,0.139790,2.413678,0.276247,1.553602,-1.000000,0.553602
623,0.139806,0.149488,0.276426,0.386637,-0.250000,0.136637
624,0.142498,1.808674,0.278149,1.344869,-1.375000,-0.030131
625,0.142312,0.027035,0.277966,0.164425,-0.125000,-0.289425
626,0.142133,0.030831,0.277801,0.175586,0.250000,0.074414
627,0.142053,0.092786,0.277844,0.304609,-0.375000,-0.070391
628,0.141835,0.006023,0.277523,0.077605,0.250000,0.172395
629,0.141610,0.000986,0.277130,0.031402,0.000000,0.031402
630,0.141746,0.226423,0.277447,0.475839,-0.375000,0.100839
631,0.141520,0.000545,0.277042,0.023338,-0.125000,-0.101662
632,0.141441,0.091962,0.277083,0.303252,-0.375000,-0.071748
633,0.141251,0.021433,0.276876,0.146399,-0.250000,-0.103601
634,0.141152,0.079382,0.276883,0.281749,-0.250000,0.031749
635,0.141034,0.066267,0.276853,0.257423,-0.250000,0.007423
636,0.141147,0.212313,0.277144,0.460775,-0.625000,-0.164225
637,0.140928,0.002643,0.276787,0.051408,0.125000,0.073592
638,0.140855,0.094791,0.276836,0.307881,0.500000,0.192119
639,0.140693,0.037903,0.276707,0.194686,0.000000,-0.194686
640,0.141336,0.549851,0.277438,0.741519,0.750000,0.008481
641,0.141325,0.134237,0.277577,0.366384,0.500000,0.133616
642,0.141191,0.055800,0.277512,0.236220,-0.250000,-0.013780
643,0.141385,0.265218,0.277884,0.514994,0.375000,-0.139994
644,0.141166,0.001161,0.277503,0.034069,0.125000,0.090931
645,0.141387,0.282524,0.277899,0.531530,-0.375000,0.156530
646,0.141322,0.100096,0.277959,0.316379,-0.375000,-0.058621
647,0.141257,0.099404,0.278017,0.315283,-0.375000,-0.059717
648,0.141048,0.006371,0.277710,0.079818,-0.125000,-0.045182
649,0.141158,0.212444,0.277994,0.460917,-0.125000,0.335917
650,0.141482,0.350330,0.278479,0.591887,-0.250000,0.341887
651,0.142237,0.629940,0.279276,0.793688,1.125000,0.331312
652,0.142057,0.025695,0.279092,0.160295,0.000000,0.160295
653,0.141967,0.083629,0.279108,0.289188,-0.125000,0.164188
654,0.141753,0.002693,0.278758,0.051893,-0.250000,-0.198107
655,0.141538,0.001615,0.278392,0.040187,0.000000,-0.040187
656,0.141567,0.160521,0.278579,0.400650,0.500000,0.099350
657,0.141415,0.042233,0.278467,0.205506,-0.125000,0.080506
658,0.141261,0.041061,0.278351,0.202634,-0.125000,0.077634
659,0.141259,0.140025,0.278498,0.374199,-0.375000,-0.000801
660,0.141129,0.055896,0.278434,0.236423,-0.375000,-0.138577
661,0.141451,0.352914,0.278914,0.594066,0.250000,-0.344066
662,0.141246,0.006222,0.278610,0.078880,-0.125000,-0.203880
663,0.141101,0.045620,0.278511,0.213589,0.000000,-0.213589
664,0.141095,0.137459,0.278651,0.370755,-0.500000,-0.129245
665,0.141100,0.144473,0.278805,0.380096,0.000000,-0.380096
666,0.141286,0.264192,0.279160,0.513996,0.375000,-0.138996
667,0.141103,0.019738,0.278951,0.140492,0.375000,0.234508
668,0.141526,0.422236,0.279509,0.649797,-0.375000,0.274797
669,0.141426,0.075028,0.279501,0.273913,-0.125000,0.148913
670,0.141225,0.006978,0.279206,0.083535,0.000000,-0.083535
671,0.141239,0.151010,0.279370,0.388601,0.250000,-0.138601
672,0.141348,0.213986,0.279645,0.462586,0.500000,0.037414
673,0.141240,0.068957,0.279619,0.262596,0.375000,0.112404
674,0.141030,0.000396,0.279232,0.019893,0.125000,0.144893
675,0.140974,0.103947,0.279296,0.322408,0.500000,0.177592
676,0.140767,0.001328,0.278935,0.036440,0.000000,0.036440
677,0.140558,0.000017,0.278526,0.004088,-0.125000,-0.129088
678,0.141184,0.562536,0.279226,0.750024,-0.875000,-0.124976
679,0.141331,0.240451,0.279539,0.490358,0.250000,-0.240358
680,0.141137,0.010606,0.279277,0.102983,0.000000,0.102983
681,0.140929,0.000335,0.278892,0.018297,0.000000,-0.018297
682,0.141248,0.357152,0.279362,0.597622,-0.375000,0.222622
683,0.141208,0.114272,0.279448,0.338041,-0.375000,-0.036959
684,0.141088,0.059434,0.279396,0.243790,-0.375000,-0.131210
685,0.141014,0.090521,0.279427,0.300866,0.125000,-0.175866
686,0.141002,0.132709,0.279552,0.364292,0.250000,-0.114292
687,0.140859,0.043402,0.279448,0.208332,0.125000,-0.083332
688,0.140660,0.004648,0.279139,0.068176,0.000000,-0.068176
689,0.140454,0.000042,0.278741,0.006472,0.000000,-0.006472
690,0.140345,0.065293,0.278707,0.255526,0.250000,-0.005526
691,0.140287,0.100689,0.278763,0.317315,-0.250000,0.067315
692,0.140205,0.083473,0.278778,0.288918,-0.375000,-0.086082
693,0.140084,0.057183,0.278720,0.239130,-0.375000,-0.135870
694,0.140140,0.178833,0.278929,0.422886,0.250000,-0.172886
695,0.139981,0.030122,0.278777,0.173558,-0.250000,-0.076442
696,0.139780,0.000537,0.278407,0.023177,-0.125000,-0.148177
697,0.139627,0.033797,0.278271,0.183841,-0.125000,0.058841
698,0.139457,0.021768,0.278083,0.147540,0.250000,0.102460
699,0.139323,0.046237,0.277992,0.215028,0.250000,0.034972
700,0.139289,0.115839,0.278081,0.340351,0.375000,0.034649
701,0.139150,0.042595,0.277979,0.206385,0.000000,0.206385
702,0.138976,0.017879,0.277772,0.133711,0.250000,0.116289
703,0.139001,0.156272,0.277940,0.395313,-0.125000,0.270313
704,0.138816,0.009147,0.277680,0.095638,0.000000,0.095638
705,0.138623,0.003456,0.277367,0.058785,0.125000,0.066215
706,0.138475,0.035178,0.277239,0.187557,0.250000,0.062443
707,0.138513,0.164993,0.277423,0.406193,0.375000,-0.031193
708,0.140233,1.349533,0.278679,1.161694,1.125000,-0.036694
709,0.140131,0.067949,0.278653,0.260671,0.500000,0.239329
710,0.141660,1.220044,0.279823,1.104556,-0.875000,0.229556
711,0.141492,0.022888,0.279641,0.151287,0.000000,-0.151287
712,0.141451,0.112123,0.279719,0.334848,0.375000,0.040152
713,0.141426,0.123681,0.279821,0.351684,-0.250000,0.101684
714,0.141287,0.043181,0.279719,0.207799,0.000000,-0.207799
715,0.141093,0.003061,0.279404,0.055326,-0.125000,-0.069674
716,0.141181,0.203803,0.279645,0.451446,0.375000,-0.076446
717,0.141000,0.012449,0.279410,0.111576,0.000000,-0.111576
718,0.140811,0.005645,0.279124,0.075132,0.000000,-0.075132
719,0.140651,0.026604,0.278961,0.163108,0.250000,0.086892
720,0.140927,0.338056,0.279384,0.581425,0.625000,0.043575
721,0.140992,0.187587,0.279598,0.433113,-0.250000,0.183113
722,0.140801,0.003955,0.279296,0.062887,-0.250000,-0.187113
723,0.140616,0.008065,0.279033,0.089806,0.000000,-0.089806
724,0.140523,0.073229,0.279021,0.270609,0.250000,-0.020609
725,0.140440,0.080979,0.279029,0.284568,0.250000,-0.034568
726,0.140303,0.041171,0.278923,0.202907,0.125000,-0.077907
727,0.140124,0.010717,0.278681,0.103521,-0.125000,-0.021479
728,0.139936,0.004334,0.278387,0.065836,0.000000,0.065836
729,0.139771,0.020014,0.278198,0.141470,-0.125000,0.016470
730,0.139626,0.034505,0.278071,0.185754,0.125000,-0.060754
731,0.139622,0.137100,0.278197,0.370270,0.375000,0.004730
732,0.140400,0.706265,0.278970,0.840396,0.875000,0.034604
733,0.140666,0.333792,0.279380,0.577747,0.750000,0.172253
734,0.140602,0.094198,0.279417,0.306918,0.500000,0.193082
735,0.140422,0.008881,0.279164,0.094240,0.125000,0.219240
736,0.140907,0.495299,0.279744,0.703775,-0.625000,0.078775
737,0.140722,0.005390,0.279463,0.073414,-0.125000,-0.198414
738,0.140820,0.212820,0.279710,0.461324,-0.500000,-0.038676
739,0.140669,0.029919,0.279565,0.172972,0.125000,-0.047972
740,0.140479,0.000750,0.279222,0.027382,0.250000,0.222618
741,0.140325,0.026835,0.279066,0.163815,0.000000,0.163815
742,0.140636,0.370236,0.279512,0.608470,-0.500000,0.108470
743,0.141274,0.611784,0.280192,0.782166,0.750000,-0.032166
744,0.141628,0.403292,0.280672,0.635053,-0.375000,0.260053
745,0.142124,0.508801,0.281256,0.713303,0.750000,0.036697
746,0.143000,0.792188,0.282076,0.890050,-0.750000,0.140050
747,0.142807,0.000019,0.281702,0.004390,0.125000,0.129390
748,0.142630,0.011118,0.281466,0.105442,0.000000,-0.105442
749,0.144148,1.273716,0.282603,1.128590,-1.000000,0.128590
750,0.144008,0.039642,0.282491,0.199103,-0.250000,-0.050897
751,0.144237,0.315034,0.282864,0.561279,0.250000,-0.311279
752,0.144110,0.048688,0.282781,0.220654,-0.250000,-0.029346
753,0.145378,1.093988,0.283800,1.045939,1.000000,-0.045939
754,0.145231,0.035137,0.283671,0.187449,0.000000,0.187449
755,0.145153,0.086592,0.283685,0.294266,0.125000,-0.169266
756,0.145982,0.768990,0.284474,0.876921,0.750000,-0.126921
757,0.145799,0.008208,0.284217,0.090600,0.000000,0.090600
758,0.145743,0.103114,0.284266,0.321114,-0.375000,-0.053886
759,0.145551,0.000980,0.283931,0.031303,0.000000,0.031303
760,0.145362,0.002561,0.283622,0.050611,0.125000,0.074389
761,0.145247,0.058372,0.283566,0.241603,-0.250000,-0.008397
762,0.145393,0.256263,0.283860,0.506225,0.750000,0.243775
763,0.145282,0.060989,0.283812,0.246960,0.250000,0.496960
764,0.145117,0.020150,0.283625,0.141949,0.375000,0.516949
765,0.146763,1.397257,0.284806,1.182056,-1.000000,0.182056
766,0.146584,0.010297,0.284565,0.101472,-0.250000,-0.351472
767,0.146550,0.120599,0.284647,0.347273,-0.500000,-0.152727
768,0.146449,0.069583,0.284620,0.263785,0.125000,-0.138785
769,0.146352,0.072218,0.284599,0.268735,0.250000,-0.018735
770,0.146473,0.238842,0.284866,0.488714,-0.375000,0.113714
771,0.147588,1.001587,0.285799,1.000793,-1.000000,0.000793
772,0.150530,2.407113,0.287447,1.551487,-1.500000,0.051487
773,0.150373,0.030218,0.287299,0.173834,-0.250000,-0.423834
774,0.150599,0.324220,0.287666,0.569403,0.625000,0.055597
775,0.150434,0.023410,0.287491,0.153005,0.250000,0.096995
776,0.150256,0.012646,0.287264,0.112457,-0.125000,-0.012543
777,0.150801,0.571536,0.287871,0.756000,0.625000,-0.131000
778,0.150606,0.000427,0.287525,0.020665,0.125000,0.104335
779,0.150516,0.080316,0.287520,0.283400,0.125000,-0.158400
780,0.150815,0.382599,0.287947,0.618546,0.625000,0.006454
781,0.151791,0.909513,0.288803,0.953684,-0.875000,0.078684
782,0.151598,0.001877,0.288488,0.043324,-0.250000,-0.293324
783,0.151413,0.007398,0.288228,0.086014,0.000000,0.086014
784,0.152014,0.619695,0.288868,0.787207,-0.750000,0.037207
785,0.153297,1.153972,0.289873,1.074231,-1.000000,0.074231
786,0.153296,0.152860,0.290003,0.390973,0.125000,-0.265973
787,0.153484,0.300420,0.290332,0.548106,-0.375000,0.173106
788,0.153744,0.357505,0.290725,0.597917,-0.875000,-0.277083
789,0.153549,0.000219,0.290373,0.014809,-0.375000,-0.389809
790,0.153353,0.000055,0.290013,0.007449,0.000000,-0.007449
791,0.153210,0.040923,0.289902,0.202294,0.375000,0.172706
792,0.153203,0.147232,0.290021,0.383708,0.375000,-0.008708
793,0.153038,0.022959,0.289845,0.151524,0.000000,-0.151524
794,0.153484,0.505396,0.290378,0.710912,0.500000,-0.210912
795,0.153494,0.161721,0.290519,0.402146,-0.375000,0.027146
796,0.153457,0.124009,0.290597,0.352150,0.250000,-0.102150
797,0.153273,0.007839,0.290342,0.088536,0.000000,0.088536
798,0.153086,0.004513,0.290061,0.067178,0.000000,-0.067178
799,0.152898,0.003259,0.289768,0.057087,-0.125000,-0.182087
800,0.152782,0.060907,0.289714,0.246793,0.250000,0.003207
801,0.152599,0.007186,0.289457,0.084772,0.125000,0.040228
802,0.152678,0.215535,0.289676,0.464257,-0.375000,0.089257
803,0.152488,0.000583,0.289344,0.024153,-0.125000,-0.149153
804,0.152321,0.018713,0.289153,0.136797,0.000000,-0.136797
805,0.152306,0.141017,0.289261,0.375522,0.250000,-0.125522
806,0.152278,0.129864,0.289350,0.360367,0.250000,-0.110367
807,0.152099,0.008248,0.289102,0.090817,0.000000,-0.090817
808,0.151926,0.012617,0.288883,0.112325,0.125000,0.012675
809,0.151739,0.001692,0.288575,0.041131,0.000000,0.041131
810,0.151653,0.082588,0.288573,0.287382,0.250000,-0.037382
811,0.151469,0.003093,0.288285,0.055614,0.000000,0.055614
812,0.151283,0.000736,0.287961,0.027130,0.000000,-0.027130
813,0.151198,0.082522,0.287961,0.287266,0.000000,-0.287266
814,0.151193,0.147728,0.288080,0.384354,-0.500000,-0.115646
815,0.151064,0.046612,0.287991,0.215899,-0.250000,-0.034101
816,0.150931,0.043083,0.287892,0.207564,-0.250000,-0.042436
817,0.150764,0.014717,0.287687,0.121313,0.000000,-0.121313
818,0.150666,0.070855,0.287660,0.266185,0.125000,-0.141185
819,0.150729,0.202697,0.287860,0.450219,0.375000,-0.075219
820,0.150549,0.003781,0.287582,0.061486,0.125000,0.063514
821,0.150368,0.002374,0.287290,0.048725,0.000000,0.048725
822,0.150409,0.183803,0.287463,0.428722,0.375000,-0.053722
823,0.150254,0.023636,0.287300,0.153739,-0.125000,0.028739
824,0.150135,0.052539,0.287229,0.229214,-0.375000,-0.145786
825,0.150056,0.085407,0.287235,0.292245,0.250000,-0.042245
826,0.149994,0.099090,0.287268,0.314786,-0.250000,0.064786
827,0.149816,0.003613,0.286992,0.060105,0.000000,-0.060105
828,0.150065,0.354453,0.287367,0.595360,-0.625000,-0.029640
829,0.150365,0.398010,0.287783,0.630880,0.500000,-0.130880
830,0.150243,0.049698,0.287704,0.222931,0.250000,0.027069
831,0.150109,0.039319,0.287596,0.198291,0.250000,0.051709
832,0.152183,1.867358,0.288899,1.366513,1.375000,0.008487
833,0.152126,0.104576,0.288941,0.323382,0.000000,-0.323382
834,0.152221,0.231403,0.289172,0.481043,0.250000,-0.231043
835,0.152940,0.749177,0.289866,0.865550,-0.875000,-0.009450
836,0.152950,0.161866,0.290001,0.402325,-0.375000,0.027325
837,0.153833,0.888337,0.290785,0.942516,0.875000,-0.067516
838,0.154706,0.881781,0.291562,0.939032,-0.750000,0.189032
839,0.154871,0.292871,0.291861,0.541176,-0.500000,0.041176
840,0.154714,0.023536,0.291695,0.153416,0.125000,-0.028416
841,0.154837,0.257118,0.291952,0.507068,-0.500000,0.007068
842,0.154667,0.012337,0.291737,0.111073,0.000000,-0.111073
843,0.154507,0.020869,0.291561,0.144462,0.000000,-0.144462
844,0.154323,0.000099,0.291226,0.009930,-0.125000,-0.115070
845,0.154761,0.522595,0.291739,0.722907,0.500000,-0.222907
846,0.154699,0.102140,0.291772,0.319594,-0.250000,0.069594
847,0.154552,0.030683,0.291634,0.175165,0.125000,-0.050165
848,0.154494,0.105593,0.291673,0.324950,0.375000,0.050050
849,0.154311,0.000021,0.291334,0.004608,0.125000,0.120392
850,0.154142,0.011742,0.291117,0.108360,0.250000,0.141640
851,0.153961,0.000212,0.290791,0.014573,0.000000,-0.014573
852,0.154372,0.502774,0.291284,0.709066,0.625000,-0.084066
853,0.154369,0.152308,0.291401,0.390267,0.375000,-0.015267
854,0.154188,0.000011,0.291062,0.003267,-0.125000,-0.128267
855,0.154014,0.006306,0.290813,0.079411,0.000000,-0.079411
856,0.154091,0.219271,0.291021,0.468263,-0.500000,-0.031737
857,0.154294,0.327842,0.291351,0.572575,0.375000,-0.197575
858,0.154114,0.000009,0.291014,0.003016,-0.125000,-0.121984
859,0.154015,0.070072,0.290983,0.264712,0.375000,0.110288
860,0.153837,0.001115,0.290682,0.033398,0.125000,0.158398
861,0.154248,0.506363,0.291173,0.711592,-0.625000,0.086592
862,0.154068,0.000000,0.290834,0.000250,0.375000,0.374750
863,0.153891,0.001948,0.290547,0.044137,0.125000,0.169137
864,0.153715,0.002456,0.290267,0.049558,0.000000,0.049558
865,0.153559,0.019380,0.290091,0.139211,0.000000,-0.139211
866,0.153389,0.006651,0.289849,0.081552,-0.125000,-0.043448
867,0.153211,0.000195,0.289530,0.013981,0.000000,0.013981
868,0.153046,0.010404,0.289313,0.102002,-0.125000,-0.022998
869,0.152882,0.011208,0.289101,0.105869,0.000000,-0.105869
870,0.152710,0.004198,0.288841,0.064793,0.000000,-0.064793
871,0.153059,0.454836,0.289286,0.674416,0.625000,-0.049416
872,0.152977,0.081789,0.289282,0.285987,-0.375000,-0.089013
873,0.152984,0.159733,0.289409,0.399666,0.125000,-0.274666
874,0.152908,0.086360,0.289415,0.293870,0.125000,-0.168870
875,0.152745,0.010890,0.289202,0.104355,-0.125000,-0.229355
876,0.152603,0.029405,0.289067,0.171479,-0.375000,-0.203521
877,0.152466,0.032863,0.288944,0.181280,0.125000,-0.056280
878,0.152731,0.383557,0.289322,0.619320,0.750000,0.130680
879,0.152755,0.174302,0.289468,0.417495,-0.125000,0.292495
880,0.152925,0.301557,0.289765,0.549142,-0.500000,0.049142
881,0.152807,0.049354,0.289687,0.222157,0.125000,-0.097157
882,0.152727,0.082760,0.289685,0.287681,0.125000,-0.162681
883,0.152560,0.005878,0.289443,0.076671,-0.125000,-0.048329
884,0.152391,0.003891,0.289185,0.062375,0.125000,0.187375
885,0.152399,0.159567,0.289310,0.399459,0.375000,-0.024459
886,0.152241,0.012680,0.289110,0.112607,0.125000,0.237607
887,0.152071,0.002533,0.288839,0.050329,0.250000,0.199671
888,0.152176,0.244364,0.289072,0.494332,0.500000,0.005668
889,0.152309,0.269755,0.289332,0.519380,-0.250000,0.269380
890,0.152151,0.012675,0.289132,0.112584,0.125000,0.012416
891,0.151980,0.000739,0.288837,0.027191,0.000000,-0.027191
892,0.151815,0.004788,0.288590,0.069193,0.000000,-0.069193
893,0.151694,0.044432,0.288502,0.210788,0.250000,0.039212
894,0.151592,0.061411,0.288457,0.247813,0.375000,0.127187
895,0.151483,0.054562,0.288395,0.233585,0.000000,0.233585
896,0.151467,0.137007,0.288487,0.370145,-0.250000,0.120145
897,0.151302,0.003623,0.288231,0.060191,0.000000,0.060191
898,0.151170,0.033918,0.288115,0.184168,0.000000,0.184168
899,0.151002,0.000337,0.287813,0.018349,-0.125000,-0.143349
900,0.150946,0.100868,0.287846,0.317597,0.125000,-0.192597
901,0.150812,0.030513,0.287720,0.174679,0.125000,-0.049679
902,0.150647,0.002875,0.287460,0.053623,0.125000,0.178623
903,0.150484,0.004519,0.287215,0.067222,0.000000,0.067222
904,0.150439,0.109498,0.287263,0.330905,0.250000,-0.080905
905,0.150507,0.211717,0.287455,0.460127,-0.375000,0.085127
906,0.150345,0.004217,0.287208,0.064941,0.000000,0.064941
907,0.150915,0.665560,0.287794,0.815819,-0.625000,0.190819
908,0.151350,0.544152,0.288291,0.737667,-0.875000,-0.137333
909,0.152368,1.072427,0.289117,1.035580,0.875000,-0.160580
910,0.152317,0.106050,0.289157,0.325653,0.375000,0.049347
911,0.152155,0.005557,0.288921,0.074547,-0.250000,-0.175453
912,0.152032,0.040774,0.288825,0.201925,-0.125000,0.076925
913,0.151872,0.006465,0.288596,0.080407,0.000000,0.080407
914,0.151762,0.051721,0.288528,0.227422,-0.125000,0.102422
915,0.151605,0.008709,0.288314,0.093321,0.000000,0.093321
916,0.151921,0.439349,0.288725,0.662834,-0.500000,0.162834
917,0.151784,0.027114,0.288589,0.164663,0.000000,-0.164663
918,0.151621,0.003276,0.288336,0.057235,0.125000,0.182235
919,0.151457,0.001146,0.288058,0.033850,0.125000,0.091150
920,0.151548,0.234808,0.288272,0.484570,0.500000,0.015430
921,0.151476,0.085388,0.288276,0.292213,-0.125000,0.167213
922,0.151325,0.013371,0.288088,0.115635,0.125000,0.009365
923,0.151360,0.183229,0.288241,0.428053,-0.250000,0.178053
924,0.151251,0.050569,0.288172,0.224876,0.250000,0.025124
925,0.151132,0.042318,0.288082,0.205713,-0.125000,0.080713
926,0.151016,0.044000,0.287997,0.209762,0.000000,-0.209762
927,0.150968,0.106227,0.288038,0.325925,0.375000,0.049075
928,0.150812,0.006828,0.287816,0.082632,0.125000,0.042368
929,0.150706,0.053043,0.287754,0.230312,0.250000,0.019688
930,0.150544,0.001068,0.287479,0.032673,0.000000,-0.032673
931,0.150406,0.022096,0.287329,0.148647,0.125000,-0.023647
932,0.150295,0.047646,0.287254,0.218281,0.250000,0.031719
933,0.150278,0.134499,0.287340,0.366741,-0.375000,-0.008259
934,0.150129,0.011508,0.287146,0.107275,0.000000,-0.107275
935,0.150044,0.071425,0.287125,0.267255,0.250000,-0.017255
936,0.150263,0.353792,0.287455,0.594804,-0.625000,-0.030196
937,0.150554,0.421869,0.287843,0.649514,0.250000,-0.399514
938,0.150454,0.056848,0.287790,0.238429,0.000000,-0.238429
939,0.150489,0.183921,0.287941,0.428860,0.250000,-0.178860
940,0.150599,0.253201,0.288171,0.503191,-0.375000,0.128191