# TEST CONFIGURATION BEGIN
# File Stream: filename: hourly_bikesharing_windspeed.csv  -  n_targets: 1
# [hourly_bikesharing_windspeed_ADE_HETERO_SIZE_4] Pipeline: Array BaseStreamModel: base_models: [<skmultiflow.lazy.knn_forecast.KNNForecast object at 0x7f228e32da58>, <skmultiflow.lazy.knn_forecast.KNNForecast object at 0x7f228e32dac8>, <skmultiflow.trees.regression_hoeffding_tree.RegressionHoeffdingTree object at 0x7f228e32db38>, <skmultiflow.trees.regression_hoeffding_adaptive_tree.RegressionHAT object at 0x7f228e32db70>]
 Array BaseStreamModel: base_models: [<skmultiflow.lazy.knn_forecast.KNNForecast object at 0x7f228e32da58>, <skmultiflow.lazy.knn_forecast.KNNForecast object at 0x7f228e32dac8>, <skmultiflow.trees.regression_hoeffding_tree.RegressionHoeffdingTree object at 0x7f228e32db38>, <skmultiflow.trees.regression_hoeffding_adaptive_tree.RegressionHAT object at 0x7f228e32db70>]
# Prequential Evaluator: n_wait: 1 - max_samples: 600000 - max_time: 10000000 - output_file: hourly_bikesharing_windspeed_ADE_HETERO_SIZE_4_SIZE_4 - batch_size: 1 - pretrain_size: 5 - task_type: regression - show_plot: False - metrics: ['mean_square_error', 'mean_absolute_error', 'true_vs_predicted']
# TEST CONFIGURATION END
id,global_mse_[hourly_bikesharing_windspeed_ADE_HETERO_SIZE_4],sliding_mse_[hourly_bikesharing_windspeed_ADE_HETERO_SIZE_4],global_mae_[hourly_bikesharing_windspeed_ADE_HETERO_SIZE_4],sliding_mae_[hourly_bikesharing_windspeed_ADE_HETERO_SIZE_4],true_value_[hourly_bikesharing_windspeed_ADE_HETERO_SIZE_4],predicted_value_[hourly_bikesharing_windspeed_ADE_HETERO_SIZE_4]
5,0.000309,0.000309,0.017588,0.017588,-0.014900,-0.032488
6,0.001114,0.001920,0.030700,0.043812,-0.029900,0.013912
7,0.000770,0.000081,0.023458,0.008975,0.000000,-0.008975
8,0.000830,0.001010,0.025541,0.031787,0.000000,0.031787
9,0.000822,0.000792,0.026060,0.028138,-0.059700,-0.031562
10,0.001043,0.002148,0.029441,0.046347,0.029900,-0.016447
11,0.002156,0.008836,0.038664,0.093998,0.074600,-0.019398
12,0.001901,0.000112,0.035152,0.010568,0.000000,0.010568
13,0.002069,0.003411,0.037735,0.058403,-0.044800,0.013603
14,0.001866,0.000042,0.034607,0.006450,0.029900,0.023450
15,0.003126,0.015724,0.042860,0.125395,-0.089600,0.035795
16,0.002866,0.000013,0.039585,0.003558,0.000000,0.003558
17,0.003596,0.012358,0.045091,0.111165,0.104500,-0.006665
18,0.004669,0.018609,0.051614,0.136415,-0.104500,0.031915
19,0.004436,0.001171,0.050455,0.034226,0.029900,-0.004326
20,0.004194,0.000569,0.048793,0.023859,0.000000,0.023859
21,0.004066,0.002014,0.048563,0.044878,0.000000,0.044878
22,0.003840,0.000011,0.046045,0.003251,0.029800,0.033051
23,0.003672,0.000632,0.044945,0.025139,0.044800,0.019661
24,0.006073,0.051698,0.054066,0.227372,-0.164200,0.063172
25,0.005865,0.001717,0.053465,0.041434,0.059700,0.018266
26,0.005603,0.000095,0.051476,0.009724,-0.029800,-0.020076
27,0.005979,0.014249,0.054428,0.119370,0.000000,0.119370
28,0.005781,0.001226,0.053619,0.035011,0.029800,-0.005211
29,0.005660,0.002761,0.053576,0.052543,0.134400,0.081857
30,0.005715,0.007075,0.054751,0.084113,0.119400,0.035287
31,0.006777,0.034396,0.059592,0.185461,-0.089600,0.095861
32,0.006755,0.006158,0.060266,0.078472,-0.029800,0.048672
33,0.007706,0.034331,0.064577,0.185285,-0.029900,0.155385
34,0.008372,0.027706,0.067973,0.166451,-0.134300,0.032151
35,0.009173,0.033204,0.071658,0.182219,0.194000,0.011781
36,0.009112,0.007217,0.072074,0.084954,0.059700,-0.025254
37,0.008871,0.001165,0.070924,0.034130,-0.029800,0.004330
38,0.009393,0.026608,0.073636,0.163119,-0.104500,0.058619
39,0.009161,0.001276,0.072552,0.035720,0.104500,0.068780
40,0.010139,0.044352,0.076387,0.210599,-0.194100,0.016499
41,0.010103,0.008830,0.076862,0.093970,0.089600,-0.004370
42,0.010153,0.012009,0.077723,0.109586,0.104500,-0.005086
43,0.011591,0.066220,0.082329,0.257333,-0.134400,0.122933
44,0.011456,0.006194,0.082238,0.078700,0.074700,-0.004000
45,0.011763,0.024031,0.084013,0.155021,-0.029900,0.125121
46,0.011711,0.009600,0.084346,0.097978,-0.014900,0.083078
47,0.011439,0.000016,0.082477,0.003997,0.000000,-0.003997
48,0.011199,0.000843,0.081262,0.029033,-0.029900,-0.000867
49,0.011225,0.012394,0.081931,0.111327,0.000000,0.111327
50,0.010982,0.000021,0.080250,0.004613,-0.029800,-0.025187
51,0.011087,0.015938,0.081228,0.126247,-0.119400,0.006847
52,0.011397,0.025944,0.082892,0.161072,-0.104500,0.056572
53,0.011657,0.024152,0.084372,0.155410,0.104500,-0.050910
54,0.011576,0.007618,0.084430,0.087280,0.029800,-0.057480
55,0.011349,0.000018,0.082857,0.004232,0.000000,0.004232
56,0.011146,0.000752,0.081791,0.027423,-0.029800,-0.002377
57,0.010977,0.002226,0.081138,0.047176,0.000000,0.047176
58,0.010803,0.001551,0.080365,0.039385,0.000000,0.039385
59,0.010618,0.000639,0.079363,0.025274,0.029800,0.004526
60,0.010449,0.001148,0.078551,0.033876,-0.044700,-0.010824
61,0.010266,0.000000,0.077184,0.000653,0.014900,0.015553
62,0.010094,0.000326,0.076165,0.018051,0.000000,-0.018051
63,0.009924,0.000059,0.075004,0.007677,0.029800,0.022123
64,0.009762,0.000176,0.073975,0.013280,0.029900,0.016620
65,0.009617,0.000962,0.073271,0.031011,0.059700,0.028689
66,0.009661,0.012337,0.073881,0.111071,0.104500,-0.006571
67,0.009514,0.000394,0.073023,0.019859,-0.029900,-0.049759
68,0.009614,0.015883,0.073851,0.126026,-0.134300,-0.008274
69,0.009476,0.000664,0.073112,0.025777,0.029800,0.004023
70,0.009334,0.000104,0.072158,0.010176,0.029900,0.019724
71,0.009213,0.001199,0.071598,0.034620,0.029800,0.064420
72,0.009117,0.002692,0.071308,0.051885,0.000000,0.051885
73,0.009095,0.007622,0.071540,0.087302,-0.029800,0.057502
74,0.009006,0.002896,0.071287,0.053812,-0.029900,0.023912
75,0.009040,0.011423,0.071788,0.106879,-0.089500,0.017379
76,0.008923,0.000572,0.071123,0.023915,0.000000,0.023915
77,0.009070,0.019667,0.072070,0.140240,-0.104500,0.035740
78,0.009063,0.008587,0.072348,0.092667,0.089600,-0.003067
79,0.008968,0.001927,0.071969,0.043895,0.000000,-0.043895
80,0.009035,0.014021,0.072580,0.118412,-0.089600,0.028812
81,0.009008,0.007003,0.072724,0.083685,0.089600,0.005915
82,0.008931,0.002957,0.072489,0.054374,0.000000,-0.054374
83,0.009003,0.014593,0.073100,0.120802,0.134300,0.013498
84,0.008962,0.005786,0.073137,0.076064,-0.059700,0.016364
85,0.008928,0.006179,0.073205,0.078609,0.059700,-0.018909
86,0.008871,0.004281,0.073110,0.065429,-0.029900,0.035529
87,0.008875,0.009183,0.073384,0.095829,0.104500,0.008671
88,0.008772,0.000197,0.072677,0.014040,0.029900,0.015860
89,0.008694,0.002133,0.072366,0.046187,0.000000,0.046187
90,0.008600,0.000623,0.071814,0.024952,0.000000,0.024952
91,0.008527,0.002263,0.071536,0.047570,0.000000,0.047570
92,0.008504,0.006503,0.071639,0.080641,-0.029900,0.050741
93,0.008731,0.028672,0.072737,0.169328,-0.104500,0.064828
94,0.008634,0.000011,0.071966,0.003339,0.000000,0.003339
95,0.008738,0.018090,0.072653,0.134501,-0.104400,0.030101
96,0.008770,0.011728,0.073040,0.108295,0.104400,-0.003895
97,0.008678,0.000218,0.072414,0.014748,-0.059700,-0.044952
98,0.008587,0.000126,0.071763,0.011224,-0.029800,-0.018576
99,0.008580,0.007927,0.071944,0.089032,0.059700,-0.029332
100,0.008534,0.004156,0.071867,0.064468,0.029800,-0.034668
101,0.008517,0.006863,0.071980,0.082845,-0.059700,0.023145
102,0.008670,0.023548,0.072811,0.153454,-0.134300,0.019154
103,0.008584,0.000155,0.072201,0.012452,0.000000,0.012452
104,0.008508,0.000982,0.071793,0.031341,0.000000,0.031341
105,0.008434,0.000985,0.071393,0.031379,0.000000,0.031379
106,0.008455,0.010585,0.071701,0.102884,0.089600,-0.013284
107,0.008381,0.000835,0.071286,0.028898,0.000000,0.028898
108,0.008345,0.004660,0.071257,0.068263,0.014900,-0.053363
109,0.008414,0.015588,0.071767,0.124850,-0.104500,0.020350
110,0.008335,0.000001,0.071101,0.001201,0.000000,0.001201
111,0.008261,0.000433,0.070631,0.020798,0.000000,0.020798
112,0.008186,0.000194,0.070106,0.013918,0.000000,0.013918
113,0.008188,0.008435,0.070306,0.091844,0.089600,-0.002244
114,0.008217,0.011366,0.070636,0.106613,-0.089600,0.017013
115,0.008241,0.010837,0.070937,0.104102,0.104500,0.000398
116,0.008270,0.011459,0.071260,0.107046,0.059700,-0.047346
117,0.008519,0.036444,0.072318,0.190902,-0.164200,0.026702
118,0.008637,0.021986,0.072985,0.148276,0.164200,0.015924
119,0.008589,0.003107,0.072835,0.055742,0.000000,0.055742
120,0.008515,0.000000,0.072207,0.000006,-0.029900,-0.029894
121,0.008460,0.002115,0.071983,0.045984,-0.044700,0.001284
122,0.008407,0.002146,0.071765,0.046330,0.074600,0.028270
123,0.008354,0.002093,0.071547,0.045746,0.059700,0.013954
124,0.008335,0.006160,0.071605,0.078488,0.059700,-0.018788
125,0.008269,0.000323,0.071161,0.017985,-0.089600,-0.071615
126,0.008246,0.005491,0.071186,0.074105,0.000000,0.074105
127,0.008241,0.007630,0.071317,0.087348,0.029900,-0.057448
128,0.008176,0.000135,0.070835,0.011609,0.000000,0.011609
129,0.008248,0.017164,0.071317,0.131013,-0.089600,0.041413
130,0.008423,0.030351,0.072134,0.174215,-0.134300,0.039915
131,0.008365,0.000974,0.071811,0.031217,0.000000,-0.031217
132,0.008526,0.029066,0.072582,0.170488,0.134300,-0.036188
133,0.008723,0.033843,0.073446,0.183966,0.119400,-0.064566
134,0.008798,0.018505,0.073927,0.136035,0.044800,-0.091235
135,0.008771,0.005233,0.073915,0.072339,0.029900,-0.042439
136,0.008813,0.014399,0.074264,0.119996,-0.104500,0.015496
137,0.008761,0.001797,0.074024,0.042387,0.029800,-0.012587
138,0.008705,0.001369,0.073748,0.036994,0.029900,-0.007094
139,0.008670,0.003950,0.073667,0.062847,-0.029900,0.032947
140,0.008641,0.004640,0.073627,0.068118,-0.089500,-0.021382
141,0.008578,0.000077,0.073153,0.008754,0.000000,0.008754
142,0.008853,0.046538,0.074186,0.215727,-0.164200,0.051527
143,0.008893,0.014358,0.074515,0.119825,0.089600,-0.030225
144,0.008839,0.001315,0.074241,0.036257,0.000000,-0.036257
145,0.008783,0.000940,0.073932,0.030663,0.014900,0.045563
146,0.008724,0.000470,0.073564,0.021690,0.029800,0.008110
147,0.008667,0.000611,0.073223,0.024717,0.029900,0.054617
148,0.008611,0.000595,0.072884,0.024400,0.000000,0.024400
149,0.008554,0.000259,0.072492,0.016109,0.000000,0.016109
150,0.008542,0.006891,0.072564,0.083014,-0.074600,0.008414
151,0.008646,0.023853,0.073121,0.154445,-0.089600,0.064845
152,0.008880,0.043142,0.074031,0.207708,0.164200,-0.043508
153,0.008843,0.003495,0.073930,0.059117,0.000000,-0.059117
154,0.008787,0.000389,0.073569,0.019731,0.000000,0.019731
155,0.008734,0.000850,0.073275,0.029148,0.000000,0.029148
156,0.008715,0.005779,0.073293,0.076017,-0.059700,0.016317
157,0.008671,0.001919,0.073100,0.043811,0.000000,0.043811
158,0.008614,0.000002,0.072634,0.001249,0.000000,0.001249
159,0.008562,0.000525,0.072313,0.022904,0.059700,0.036796
160,0.008840,0.051980,0.073311,0.227992,0.223900,-0.004092
161,0.008785,0.000120,0.072914,0.010957,-0.029900,-0.018943
162,0.008730,0.000127,0.072523,0.011248,-0.029800,-0.018552
163,0.008919,0.038758,0.073305,0.196871,0.164100,-0.032771
164,0.008884,0.003389,0.073211,0.058212,-0.044700,0.013512
165,0.008831,0.000259,0.072856,0.016082,0.000000,0.016082
166,0.008843,0.010798,0.073048,0.103915,0.104400,0.000485
167,0.009249,0.074978,0.074280,0.273821,-0.253700,0.020121
168,0.009233,0.006692,0.074326,0.081803,-0.044800,0.037003
169,0.009178,0.000211,0.073963,0.014529,0.000000,0.014529
170,0.009126,0.000465,0.073648,0.021569,0.104500,0.082931
171,0.009078,0.001169,0.073411,0.034185,0.029900,-0.004285
172,0.009043,0.003065,0.073304,0.055360,0.059700,0.004340
173,0.009044,0.009303,0.073441,0.096454,-0.059700,0.036754
174,0.009071,0.013626,0.073695,0.116731,0.074600,-0.042131
175,0.009018,0.000000,0.073266,0.000320,0.000000,0.000320
176,0.009093,0.021936,0.073702,0.148109,-0.044800,0.103309
177,0.009392,0.060811,0.074701,0.246599,-0.223900,0.022699
178,0.009354,0.002704,0.074570,0.052004,0.000000,0.052004
179,0.009363,0.011054,0.074745,0.105139,0.089600,-0.015539
180,0.009447,0.024159,0.075204,0.155432,-0.089600,0.065832
181,0.009437,0.007539,0.075269,0.086825,0.089600,0.002775
182,0.009545,0.028738,0.075799,0.169523,0.238800,0.069277
183,0.009561,0.012450,0.075999,0.111580,-0.134300,-0.022720
184,0.009568,0.010790,0.076154,0.103874,0.134300,0.030426
185,0.009712,0.035703,0.076777,0.188952,-0.074600,0.114352
186,0.009713,0.009731,0.076897,0.098645,0.000000,0.098645
187,0.009662,0.000424,0.076589,0.020584,0.014900,-0.005684
188,0.009706,0.017804,0.076898,0.133430,-0.104500,0.028930
189,0.009663,0.001715,0.076706,0.041407,0.089600,0.048193
190,0.009612,0.000114,0.076351,0.010696,-0.059700,-0.070396
191,0.009618,0.010729,0.076497,0.103581,-0.059700,0.043881
192,0.009566,0.000014,0.076110,0.003808,0.000000,0.003808
193,0.009519,0.000697,0.075847,0.026401,-0.074700,-0.101101
194,0.009644,0.033146,0.076406,0.182059,0.164200,-0.017859
195,0.009633,0.007629,0.076464,0.087343,-0.119400,-0.032057
196,0.009588,0.000918,0.076223,0.030297,-0.104500,-0.074203
197,0.009641,0.019753,0.076556,0.140546,0.089600,-0.050946
198,0.009612,0.004117,0.076493,0.064166,0.000000,-0.064166
199,0.009587,0.004788,0.076455,0.069195,-0.059700,0.009495
200,0.009549,0.002041,0.076296,0.045180,0.000000,-0.045180
201,0.009514,0.002653,0.076170,0.051505,-0.089600,-0.038095
202,0.009556,0.017784,0.076459,0.133356,0.119400,-0.013956
203,0.009520,0.002519,0.076327,0.050189,0.029900,-0.020289
204,0.009474,0.000213,0.076018,0.014590,-0.059700,-0.045110
205,0.009454,0.005605,0.076012,0.074869,0.059700,-0.015169
206,0.009431,0.004742,0.075977,0.068864,-0.029900,0.038964
207,0.009385,0.000152,0.075663,0.012326,0.044800,0.057126
208,0.009355,0.003190,0.075569,0.056476,-0.014900,0.041576
209,0.009311,0.000287,0.075283,0.016949,0.000000,0.016949
210,0.009266,0.000133,0.074974,0.011511,0.000000,0.011511
211,0.009240,0.003859,0.074912,0.062122,-0.059700,0.002422
212,0.009198,0.000408,0.074648,0.020189,0.000000,0.020189
213,0.009193,0.008289,0.074727,0.091044,-0.089600,0.001444
214,0.009152,0.000418,0.074468,0.020451,-0.029800,-0.009349
215,0.009187,0.016555,0.074725,0.128666,0.119400,-0.009266
216,0.009145,0.000373,0.074464,0.019304,-0.059700,-0.040396
217,0.009105,0.000684,0.074237,0.026146,0.000000,-0.026146
218,0.009073,0.002222,0.074110,0.047134,0.029800,-0.017334
219,0.009032,0.000297,0.073846,0.017227,-0.029800,-0.012573
220,0.008991,0.000006,0.073515,0.002463,0.000000,-0.002463
221,0.008961,0.002667,0.073415,0.051641,-0.059700,-0.008059
222,0.008946,0.005557,0.073420,0.074542,0.059700,-0.014842
223,0.008918,0.002819,0.073327,0.053097,0.029800,-0.023297
224,0.008882,0.001116,0.073145,0.033400,-0.059700,-0.026300
225,0.008843,0.000155,0.072871,0.012457,0.000000,-0.012457
226,0.008850,0.010445,0.073003,0.102199,-0.134300,-0.032101
227,0.008846,0.008034,0.073077,0.089633,0.089600,-0.000033
228,0.008847,0.008873,0.073172,0.094195,0.074600,-0.019595
229,0.008807,0.000024,0.072868,0.004849,0.000000,0.004849
230,0.008781,0.002747,0.072778,0.052408,-0.029900,0.022508
231,0.008754,0.002859,0.072692,0.053466,-0.029800,0.023666
232,0.008737,0.004762,0.072676,0.069010,-0.014900,0.054110
233,0.008705,0.001485,0.072527,0.038536,0.000000,0.038536
234,0.008668,0.000143,0.072264,0.011958,0.000000,0.011958
235,0.008671,0.009361,0.072370,0.096753,0.134300,0.037547
236,0.008634,0.000000,0.072061,0.000688,0.000000,0.000688
237,0.008651,0.012781,0.072237,0.113051,-0.119400,-0.006349
238,0.008650,0.008200,0.072315,0.090551,-0.104500,-0.013949
239,0.008888,0.064584,0.073089,0.254134,0.194000,-0.060134
240,0.008859,0.002234,0.072979,0.047268,-0.104400,-0.057132
241,0.008843,0.005047,0.072971,0.071043,0.014900,-0.056143
242,0.008806,0.000091,0.072705,0.009549,-0.014900,-0.005351
243,0.008770,0.000019,0.072419,0.004400,0.000000,0.004400
244,0.008733,0.000053,0.072148,0.007282,0.014900,0.022182
245,0.008698,0.000270,0.071916,0.016420,0.029800,0.013380
246,0.008685,0.005492,0.071925,0.074105,0.029900,-0.044205
247,0.008664,0.003637,0.071878,0.060309,-0.029900,0.030409
248,0.008636,0.001712,0.071753,0.041371,0.000000,-0.041371
249,0.008604,0.000759,0.071572,0.027545,0.029900,0.002355
250,0.008739,0.042023,0.072114,0.204995,0.164200,-0.040795
251,0.008705,0.000234,0.071885,0.015312,-0.104500,-0.089188
252,0.008971,0.074731,0.072697,0.273370,0.164200,-0.109170
253,0.009100,0.040967,0.073218,0.202403,0.194000,-0.008403
254,0.009310,0.061728,0.073919,0.248451,-0.223900,0.024551
255,0.009274,0.000288,0.073692,0.016970,-0.029800,-0.012830
256,0.009238,0.000044,0.073426,0.006598,0.089500,0.096098
257,0.009235,0.008555,0.073501,0.092494,-0.089500,0.002994
258,0.009199,0.000003,0.073218,0.001584,0.029800,0.028216
259,0.009275,0.028697,0.073595,0.169402,0.164200,-0.005202
260,0.009310,0.018120,0.073833,0.134611,-0.104500,0.030111
261,0.009312,0.009792,0.073931,0.098955,-0.089500,0.009455
262,0.009279,0.000853,0.073758,0.029213,0.000000,0.029213
263,0.009288,0.011647,0.073890,0.107923,0.119400,0.011477
264,0.009252,0.000006,0.073615,0.002412,-0.029900,-0.027488
265,0.009298,0.021271,0.073892,0.145845,-0.134300,0.011545
266,0.009284,0.005475,0.073892,0.073995,0.000000,0.073995
267,0.009277,0.007603,0.073943,0.087198,0.074600,-0.012598
268,0.009255,0.003439,0.073885,0.058647,-0.029800,0.028847
269,0.009259,0.010260,0.073988,0.101292,-0.074700,0.026592
270,0.009225,0.000143,0.073755,0.011976,0.044800,0.032824
271,0.009360,0.045261,0.074276,0.212747,-0.164200,0.048547
272,0.009325,0.000075,0.074031,0.008671,0.000000,-0.008671
273,0.009293,0.000661,0.073851,0.025709,0.059700,0.033991
274,0.009312,0.014351,0.074021,0.119794,0.134400,0.014606
275,0.009282,0.001348,0.073884,0.036712,0.029800,-0.006912
276,0.009266,0.004874,0.073869,0.069816,0.089600,0.019784
277,0.009240,0.002240,0.073771,0.047330,-0.029900,0.017430
278,0.009208,0.000456,0.073580,0.021360,0.029900,0.051260
279,0.009200,0.006880,0.073614,0.082945,-0.059700,0.023245
280,0.009240,0.020292,0.073864,0.142452,-0.089600,0.052852
281,0.009218,0.003187,0.073801,0.056450,0.059700,0.003250
282,0.009214,0.008115,0.073859,0.090085,-0.074600,0.015485
283,0.009181,0.000109,0.073632,0.010454,0.044800,0.034346
284,0.009185,0.010086,0.073728,0.100430,-0.074700,0.025730
285,0.009153,0.000271,0.073524,0.016456,-0.029800,-0.013344
286,0.009133,0.003542,0.073474,0.059511,0.074600,0.015089
287,0.009104,0.001032,0.073328,0.032129,0.029900,-0.002229
288,0.009133,0.017286,0.073533,0.131477,-0.134400,-0.002923
289,0.009102,0.000245,0.073330,0.015644,0.000000,0.015644
290,0.009070,0.000048,0.073098,0.006908,-0.029800,-0.036708
291,0.009044,0.001626,0.072983,0.040321,-0.029900,0.010421
292,0.009015,0.000531,0.072810,0.023054,-0.029800,-0.006746
293,0.008985,0.000333,0.072621,0.018260,-0.014900,0.003360
294,0.008967,0.003856,0.072585,0.062097,-0.089600,-0.027503
295,0.009062,0.036424,0.072991,0.190850,0.164200,-0.026650
296,0.009054,0.007015,0.073028,0.083754,-0.164200,-0.080446
297,0.009092,0.019950,0.073261,0.141243,0.134300,-0.006943
298,0.009067,0.001789,0.073156,0.042296,0.059700,0.017404
299,0.009051,0.004336,0.073131,0.065847,0.089600,0.023753
300,0.009021,0.000317,0.072944,0.017802,-0.029900,-0.012098
301,0.009008,0.005045,0.072938,0.071027,0.134400,0.063373
302,0.009001,0.006860,0.072971,0.082827,-0.104500,-0.021673
303,0.009045,0.022132,0.073224,0.148768,-0.119400,0.029368
304,0.009018,0.001203,0.073096,0.034679,-0.059700,-0.025021
305,0.008989,0.000047,0.072876,0.006837,0.059700,0.066537
306,0.009033,0.022243,0.073128,0.149141,-0.164200,-0.015059
307,0.009027,0.007417,0.073171,0.086124,0.089600,0.003476
308,0.009006,0.002553,0.073097,0.050523,-0.089600,-0.039077
309,0.008978,0.000609,0.072938,0.024686,0.000000,0.024686
310,0.008951,0.000591,0.072779,0.024315,0.000000,-0.024315
311,0.008924,0.000554,0.072619,0.023543,0.000000,0.023543
312,0.008907,0.003797,0.072583,0.061622,0.000000,-0.061622
313,0.008887,0.002758,0.072518,0.052518,0.089600,0.037082
314,0.008866,0.002193,0.072435,0.046835,0.000000,-0.046835
315,0.008877,0.012587,0.072563,0.112191,-0.089600,0.022591
316,0.008854,0.001458,0.072453,0.038182,0.000000,-0.038182
317,0.008826,0.000318,0.072278,0.017827,0.000000,0.017827
318,0.008841,0.013422,0.072417,0.115854,0.104500,-0.011354
319,0.008843,0.009519,0.072497,0.097566,-0.104500,-0.006934
320,0.008920,0.033154,0.072844,0.182082,0.134300,-0.047782
321,0.008893,0.000458,0.072681,0.021403,0.000000,-0.021403
322,0.008867,0.000481,0.072522,0.021935,0.029900,0.051835
323,0.008840,0.000343,0.072352,0.018531,0.059700,0.041169
324,0.008814,0.000406,0.072189,0.020142,0.000000,0.020142
325,0.008806,0.006159,0.072209,0.078479,0.074600,-0.003879
326,0.008779,0.000195,0.072028,0.013979,-0.014900,-0.000921
327,0.008764,0.003876,0.071998,0.062257,-0.089600,-0.027343
328,0.008737,0.000004,0.071781,0.001882,0.000000,0.001882
329,0.008751,0.013388,0.071917,0.115706,0.089600,-0.026106
330,0.008732,0.002466,0.071848,0.049663,-0.029900,0.019763
331,0.008705,0.000131,0.071664,0.011444,0.000000,-0.011444
332,0.008681,0.000537,0.071516,0.023165,0.000000,0.023165
333,0.008663,0.003011,0.071465,0.054868,-0.029800,0.025068
334,0.008702,0.021528,0.071693,0.146725,-0.119400,0.027325
335,0.008771,0.031571,0.072013,0.177682,0.179100,0.001418
336,0.008905,0.053007,0.072490,0.230233,-0.283600,-0.053367
337,0.008926,0.016011,0.072652,0.126533,0.134300,0.007767
338,0.008918,0.006117,0.072669,0.078208,-0.044700,0.033508
339,0.008926,0.011893,0.072777,0.109056,-0.089600,0.019456
340,0.008989,0.030076,0.073077,0.173425,0.164200,-0.009225
341,0.008974,0.003966,0.073047,0.062979,0.000000,0.062979
342,0.008955,0.002516,0.072979,0.050165,0.000000,-0.050165
343,0.008932,0.001160,0.072865,0.034057,0.134300,0.100243
344,0.008907,0.000420,0.072710,0.020482,-0.014900,-0.035382
345,0.008907,0.008885,0.072774,0.094262,-0.029900,0.064362
346,0.008882,0.000198,0.072602,0.014084,0.029900,0.015816
347,0.008871,0.005229,0.072601,0.072309,-0.029900,0.042409
348,0.008846,0.000134,0.072424,0.011570,0.029900,0.041470
349,0.008820,0.000013,0.072225,0.003663,0.014900,0.018563
350,0.008819,0.008409,0.072281,0.091699,-0.044800,0.046899
351,0.008794,0.000001,0.072075,0.000747,0.000000,-0.000747
352,0.008776,0.002833,0.072020,0.053227,-0.029800,0.023427
353,0.008752,0.000239,0.071858,0.015474,0.029800,0.045274
354,0.008749,0.007652,0.071903,0.087474,-0.089500,-0.002026
355,0.008726,0.000704,0.071774,0.026534,-0.029900,-0.003366
356,0.008703,0.000729,0.071647,0.027003,0.029900,0.002897
357,0.008679,0.000027,0.071458,0.005162,0.000000,-0.005162
358,0.008663,0.003233,0.071417,0.056860,-0.029900,0.026960
359,0.008640,0.000552,0.071282,0.023496,-0.029800,-0.006304
360,0.008652,0.012909,0.071401,0.113618,0.119400,0.005782
361,0.008630,0.000690,0.071275,0.026270,-0.029900,-0.056170
362,0.008639,0.011965,0.071381,0.109384,0.059700,-0.049684
363,0.008624,0.003258,0.071341,0.057079,-0.059700,-0.002621
364,0.008610,0.003359,0.071304,0.057959,-0.059700,-0.001741
365,0.008587,0.000313,0.071155,0.017685,0.029900,0.012215
366,0.008563,0.000127,0.070990,0.011262,0.029800,0.018538
367,0.008565,0.009311,0.071060,0.096492,-0.059700,0.036792
368,0.008558,0.005932,0.071077,0.077022,0.089600,0.012578
369,0.008537,0.000876,0.070963,0.029602,0.000000,-0.029602
370,0.008514,0.000108,0.070798,0.010404,0.029800,0.040204
371,0.008508,0.006148,0.070818,0.078406,-0.059700,0.018706
372,0.008498,0.005100,0.070820,0.071418,-0.059700,0.011718
373,0.008475,0.000001,0.070631,0.001012,0.000000,-0.001012
374,0.008456,0.001209,0.070534,0.034767,-0.029800,0.004967
375,0.008439,0.002142,0.070468,0.046280,0.059700,0.013420
376,0.008416,0.000146,0.070311,0.012084,0.000000,0.012084
377,0.008395,0.000451,0.070180,0.021234,0.029800,0.008566
378,0.008380,0.002576,0.070128,0.050753,0.059700,0.008947
379,0.008364,0.002739,0.070081,0.052332,-0.059700,-0.007368
380,0.008342,0.000004,0.069900,0.002083,0.000000,-0.002083
381,0.008320,0.000105,0.069741,0.010227,0.000000,0.010227
382,0.008307,0.003224,0.069707,0.056785,0.059700,0.002915
383,0.008286,0.000355,0.069573,0.018841,0.029900,0.011059
384,0.008265,0.000222,0.069429,0.014891,0.044800,0.029909
385,0.008296,0.020279,0.069621,0.142405,-0.104500,0.037905
386,0.008280,0.001960,0.069554,0.044273,-0.059700,-0.015427
387,0.008259,0.000228,0.069412,0.015105,0.000000,-0.015105
388,0.008240,0.001140,0.069319,0.033765,0.029800,-0.003965
389,0.008219,0.000158,0.069172,0.012555,0.000000,0.012555
390,0.008199,0.000473,0.069049,0.021758,-0.029800,-0.008042
391,0.008180,0.000895,0.068948,0.029921,-0.029900,0.000021
392,0.008206,0.018368,0.069119,0.135528,-0.134300,0.001228
393,0.008238,0.020626,0.069311,0.143618,0.104500,-0.039118
394,0.008218,0.000170,0.069167,0.013037,-0.014900,-0.001863
395,0.008226,0.011314,0.069262,0.106369,-0.089600,0.016769
396,0.008208,0.001408,0.069181,0.037518,0.000000,0.037518
397,0.008247,0.023351,0.069394,0.152810,0.134300,-0.018510
398,0.008229,0.001112,0.069302,0.033352,0.000000,-0.033352
399,0.008208,0.000037,0.069142,0.006114,0.000000,0.006114
400,0.008196,0.003424,0.069115,0.058516,-0.044700,0.013816
401,0.008177,0.000838,0.069014,0.028954,0.000000,0.028954
402,0.008159,0.000840,0.068914,0.028975,0.014900,-0.014075
403,0.008140,0.000839,0.068813,0.028967,0.000000,-0.028967
404,0.008120,0.000011,0.068650,0.003316,0.000000,-0.003316
405,0.008103,0.001138,0.068563,0.033742,0.029800,-0.003942
406,0.008087,0.001766,0.068497,0.042022,-0.044700,-0.002678
407,0.008068,0.000373,0.068375,0.019313,0.000000,0.019313
408,0.008177,0.052114,0.068770,0.228286,0.194000,-0.034286
409,0.008167,0.004155,0.068760,0.064460,-0.029900,-0.094360
410,0.008160,0.005469,0.068773,0.073951,0.029900,-0.044051
411,0.008168,0.011150,0.068863,0.105592,0.104500,-0.001092
412,0.008155,0.002990,0.068828,0.054681,-0.059700,-0.005019
413,0.008144,0.003657,0.068808,0.060471,-0.044800,0.015671
414,0.008168,0.018083,0.068968,0.134471,0.134300,-0.000171
415,0.008166,0.007378,0.069009,0.085893,-0.119400,-0.033507
416,0.008191,0.018388,0.069171,0.135602,0.119400,-0.016202
417,0.008309,0.056736,0.069580,0.238193,-0.253700,-0.015507
418,0.008479,0.078761,0.070090,0.280643,0.298500,0.017857
419,0.008459,0.000372,0.069967,0.019299,-0.074600,-0.055301
420,0.008827,0.161432,0.070765,0.401786,-0.388100,0.013686
421,0.008832,0.011062,0.070848,0.105174,0.000000,0.105174
422,0.008875,0.026468,0.071067,0.162689,0.164200,0.001511
423,0.008856,0.000923,0.070970,0.030388,0.000000,-0.030388
424,0.008838,0.001299,0.070887,0.036035,0.059700,0.023665
425,0.008818,0.000475,0.070770,0.021804,0.000000,-0.021804
426,0.008819,0.009526,0.070834,0.097600,0.000000,0.097600
427,0.008819,0.008616,0.070886,0.092821,0.059700,-0.033121
428,0.008812,0.005800,0.070898,0.076155,-0.059700,0.016455
429,0.008792,0.000227,0.070767,0.015066,0.074600,0.089666
430,0.008891,0.051262,0.071132,0.226411,-0.134300,0.092111
431,0.008949,0.033726,0.071396,0.183647,-0.164200,0.019447
432,0.008942,0.005746,0.071406,0.075801,0.104500,0.028699
433,0.008922,0.000199,0.071273,0.014097,0.029800,0.015703
434,0.008901,0.000221,0.071141,0.014872,0.059700,0.044828
435,0.008907,0.011461,0.071225,0.107056,-0.059700,0.047356
436,0.008891,0.001706,0.071156,0.041300,-0.029800,0.011500
437,0.008884,0.005907,0.071169,0.076855,0.089500,0.012645
438,0.008899,0.015573,0.071292,0.124793,0.134400,0.009607
439,0.008892,0.005929,0.071305,0.076999,-0.044800,0.032199
440,0.008878,0.002640,0.071260,0.051378,-0.029900,0.021478
441,0.008858,0.000342,0.071139,0.018494,0.029900,0.011406
442,0.008842,0.001653,0.071069,0.040661,0.044800,0.004139
443,0.008841,0.008273,0.071115,0.090954,-0.074700,0.016254
444,0.008824,0.001435,0.071039,0.037886,0.000000,-0.037886
445,0.008819,0.006570,0.071062,0.081053,-0.089500,-0.008447
446,0.008829,0.013546,0.071164,0.116385,0.134300,0.017915
447,0.008931,0.053750,0.071527,0.231842,-0.208900,0.022942
448,0.009188,0.123044,0.072156,0.350777,0.328300,-0.022477
449,0.009186,0.008345,0.072199,0.091353,-0.164200,-0.072847
450,0.009175,0.004279,0.072184,0.065416,0.029900,-0.035516
451,0.009167,0.005440,0.072187,0.073757,0.044800,-0.028957
452,0.009146,0.000045,0.072041,0.006708,0.029800,0.023092
453,0.009153,0.012400,0.072129,0.111355,0.104500,-0.006855
454,0.009143,0.004414,0.072116,0.066436,0.000000,0.066436
455,0.009170,0.021387,0.072281,0.146241,0.119400,-0.026841
456,0.009158,0.003907,0.072259,0.062503,0.000000,0.062503
457,0.009153,0.006740,0.072281,0.082100,-0.059700,0.022400
458,0.009153,0.009187,0.072333,0.095847,-0.074600,0.021247
459,0.009146,0.005882,0.072342,0.076692,-0.089600,-0.012908
460,0.009126,0.000127,0.072208,0.011289,0.000000,0.011289
461,0.009140,0.015297,0.072321,0.123682,-0.104500,0.019182
462,0.009128,0.003632,0.072295,0.060268,0.074700,0.014432
463,0.009126,0.008415,0.072337,0.091731,0.089500,-0.002231
464,0.009148,0.019142,0.072480,0.138356,-0.134300,0.004056
465,0.009142,0.006510,0.072498,0.080684,0.104500,0.023816
466,0.009135,0.005830,0.072507,0.076353,-0.059700,0.016653
467,0.009127,0.005402,0.072509,0.073498,-0.074700,-0.001202
468,0.009163,0.025661,0.072698,0.160190,0.134400,-0.025790
469,0.009179,0.016937,0.072821,0.130141,-0.134400,-0.004259
470,0.009163,0.001492,0.072748,0.038629,0.029900,-0.008729
471,0.009143,0.000051,0.072607,0.007124,0.014900,0.022024
472,0.009135,0.005075,0.072604,0.071238,-0.074600,-0.003362
473,0.009116,0.000500,0.072497,0.022360,0.059700,0.037340
474,0.009104,0.003569,0.072470,0.059745,0.044800,-0.014945
475,0.009093,0.003669,0.072445,0.060569,-0.074700,-0.014131
476,0.009095,0.010135,0.072505,0.100675,-0.089500,0.011175
477,0.009087,0.005289,0.072505,0.072726,-0.029900,0.042826
478,0.009078,0.004884,0.072500,0.069882,-0.029800,0.040082
479,0.009093,0.016007,0.072613,0.126518,-0.104500,0.022018
480,0.009084,0.004975,0.072609,0.070530,0.104500,0.033970
481,0.009086,0.010167,0.072668,0.100830,-0.104500,-0.003670
482,0.009163,0.045722,0.072963,0.213828,0.194000,-0.019828
483,0.009178,0.016269,0.073077,0.127549,-0.194000,-0.066451
484,0.009249,0.043362,0.073359,0.208236,0.194000,-0.014236
485,0.009237,0.003234,0.073325,0.056865,-0.059700,-0.002835
486,0.009218,0.000062,0.073189,0.007873,0.029900,0.022027
487,0.009207,0.004284,0.073173,0.065455,-0.074600,-0.009145
488,0.009217,0.013743,0.073264,0.117232,-0.089600,0.027632
489,0.009226,0.013965,0.073357,0.118174,0.104500,-0.013674
490,0.009208,0.000011,0.073212,0.003322,0.000000,0.003322
491,0.009189,0.000004,0.073066,0.001877,0.000000,-0.001877
492,0.009170,0.000166,0.072943,0.012885,0.029800,0.016915
493,0.009153,0.000865,0.072854,0.029411,0.000000,-0.029411
494,0.009137,0.001012,0.072770,0.031809,-0.029800,0.002009
495,0.009118,0.000000,0.072622,0.000175,0.000000,-0.000175
496,0.009106,0.003055,0.072587,0.055270,0.059700,0.004430
497,0.009087,0.000142,0.072464,0.011913,0.000000,0.011913
498,0.009160,0.044828,0.072746,0.211727,0.194000,-0.017727
499,0.009172,0.015404,0.072849,0.124112,0.029900,-0.094212
500,0.009197,0.021171,0.072996,0.145502,-0.164200,-0.018698
501,0.009285,0.053215,0.073313,0.230683,0.238800,0.008117
502,0.009272,0.002918,0.073274,0.054014,-0.074600,-0.020586
503,0.009254,0.000264,0.073160,0.016236,-0.029900,-0.013664
504,0.009237,0.000668,0.073065,0.025848,0.000000,0.025848
505,0.009221,0.001130,0.072987,0.033610,-0.029800,0.003810
506,0.009204,0.000566,0.072889,0.023793,0.059700,0.035907
507,0.009229,0.022042,0.073039,0.148464,-0.134400,0.014064
508,0.009211,0.000235,0.072924,0.015314,0.029900,0.045214
509,0.009193,0.000081,0.072798,0.009016,-0.029900,-0.020884
510,0.009179,0.001833,0.072739,0.042809,-0.059700,-0.016891
511,0.009163,0.000955,0.072656,0.030896,0.000000,0.030896
512,0.009148,0.002015,0.072601,0.044891,0.029900,-0.014991
513,0.009134,0.001691,0.072540,0.041122,-0.029900,0.011222
514,0.009116,0.000110,0.072418,0.010479,0.000000,0.010479
515,0.009104,0.002992,0.072383,0.054697,0.059700,0.005003
516,0.009120,0.017151,0.072498,0.130961,-0.119400,0.011561
517,0.009102,0.000069,0.072372,0.008297,0.000000,-0.008297
518,0.009089,0.002071,0.072320,0.045505,-0.044700,0.000805
519,0.009092,0.010675,0.072380,0.103319,-0.089600,0.013719
520,0.009076,0.001099,0.072304,0.033158,0.000000,0.033158
521,0.009060,0.000697,0.072216,0.026406,0.000000,0.026406
522,0.009044,0.000967,0.072136,0.031093,0.000000,0.031093
523,0.009053,0.013760,0.072223,0.117303,0.134300,0.016997
524,0.009042,0.003185,0.072193,0.056440,0.059700,0.003260
525,0.009025,0.000054,0.072068,0.007318,0.029900,0.022582
526,0.009008,0.000051,0.071944,0.007162,0.000000,0.007162
527,0.008996,0.003157,0.071914,0.056191,-0.059700,-0.003509
528,0.008999,0.010307,0.071970,0.101521,0.089500,-0.012021
529,0.008983,0.000691,0.071883,0.026288,0.000000,-0.026288
530,0.008973,0.003757,0.071863,0.061298,-0.059700,0.001598
531,0.008959,0.001273,0.071795,0.035683,-0.029800,0.005883
532,0.008943,0.000570,0.071704,0.023878,0.029800,0.005922
533,0.008931,0.002622,0.071665,0.051209,-0.029800,0.021409
534,0.008919,0.002850,0.071631,0.053384,0.059700,0.006316
535,0.008904,0.000774,0.071548,0.027819,0.029800,0.001981
536,0.008888,0.000312,0.071447,0.017658,0.029900,0.012242
537,0.008905,0.018253,0.071566,0.135102,-0.119400,0.015702
538,0.008897,0.004288,0.071555,0.065479,0.059700,-0.005779
539,0.008899,0.009877,0.071607,0.099382,-0.119400,-0.020018
540,0.008921,0.020942,0.071743,0.144712,0.119400,-0.025312
541,0.008916,0.006024,0.071754,0.077614,-0.119400,-0.041786
542,0.008933,0.018070,0.071871,0.134424,0.119400,-0.015024
543,0.008921,0.002472,0.071830,0.049723,-0.089600,-0.039877
544,0.008908,0.002260,0.071785,0.047541,-0.044700,0.002841
545,0.008892,0.000289,0.071683,0.016987,0.014900,-0.002087
546,0.008878,0.001076,0.071612,0.032810,0.029800,0.062610
547,0.008868,0.003599,0.071590,0.059988,-0.044700,0.015288
548,0.008852,0.000007,0.071463,0.002564,0.044700,0.042136
549,0.008866,0.016545,0.071568,0.128629,-0.134300,-0.005671
550,0.008853,0.001878,0.071516,0.043333,0.000000,0.043333
551,0.008837,0.000022,0.071394,0.004710,0.000000,-0.004710
552,0.008821,0.000106,0.071283,0.010284,0.000000,0.010284
553,0.008822,0.009013,0.071326,0.094939,0.089600,-0.005339
554,0.008815,0.004983,0.071325,0.070588,0.074600,0.004012
555,0.008799,0.000335,0.071228,0.018306,0.029800,0.011494
556,0.008786,0.001693,0.071174,0.041143,0.000000,0.041143
557,0.008776,0.003097,0.071146,0.055653,-0.029800,0.025853
558,0.008762,0.000873,0.071071,0.029548,0.000000,0.029548
559,0.008747,0.000789,0.070993,0.028087,-0.029900,-0.001813
560,0.008734,0.001309,0.070931,0.036177,0.000000,-0.036177
561,0.008737,0.010493,0.070987,0.102435,0.059700,-0.042735
562,0.008750,0.015641,0.071084,0.125063,0.089600,-0.035463
563,0.008735,0.000770,0.071007,0.027752,0.000000,-0.027752
564,0.008729,0.005263,0.071009,0.072545,0.014900,-0.057645
565,0.008714,0.000305,0.070914,0.017461,0.000000,-0.017461
566,0.008699,0.000010,0.070793,0.003082,0.000000,-0.003082
567,0.008683,0.000013,0.070674,0.003669,-0.014900,-0.011231
568,0.008672,0.002630,0.070640,0.051281,0.044800,-0.006481
569,0.008657,0.000251,0.070543,0.015839,0.000000,0.015839
570,0.008644,0.000763,0.070467,0.027618,0.000000,0.027618
571,0.008628,0.000067,0.070357,0.008211,0.029800,0.038011
572,0.008628,0.008160,0.070392,0.090332,0.104500,0.014168
573,0.008645,0.018461,0.070507,0.135871,-0.134300,0.001571
574,0.008631,0.000906,0.070436,0.030102,0.029800,-0.000302
575,0.008687,0.040227,0.070664,0.200566,-0.164200,0.036366
576,0.008694,0.013110,0.070741,0.114498,-0.089500,0.024998
577,0.008681,0.001268,0.070679,0.035615,-0.014900,0.020715
578,0.008667,0.000251,0.070584,0.015852,0.000000,0.015852
579,0.008653,0.000714,0.070508,0.026712,0.000000,0.026712
580,0.008638,0.000375,0.070419,0.019354,0.000000,0.019354
581,0.008624,0.000104,0.070315,0.010220,0.000000,0.010220
582,0.008619,0.005716,0.070324,0.075603,0.074600,-0.001003
583,0.008607,0.002129,0.070282,0.046143,-0.029900,0.016243
584,0.008596,0.001776,0.070233,0.042141,0.000000,0.042141
585,0.008581,0.000039,0.070123,0.006208,0.029900,0.036108
586,0.008570,0.002381,0.070087,0.048799,-0.059700,-0.010901
587,0.008556,0.000012,0.069972,0.003441,0.000000,-0.003441
588,0.008542,0.000488,0.069890,0.022082,0.029800,0.007718
589,0.008532,0.002772,0.069861,0.052653,-0.044700,0.007953
590,0.008517,0.000006,0.069746,0.002471,0.000000,-0.002471
591,0.008503,0.000001,0.069629,0.001071,0.000000,-0.001071
592,0.008489,0.000070,0.069525,0.008361,0.014900,0.006539
593,0.008474,0.000020,0.069414,0.004488,0.000000,0.004488
594,0.008460,0.000005,0.069300,0.002235,0.000000,0.002235
595,0.008446,0.000403,0.069217,0.020076,0.000000,0.020076
596,0.008451,0.011051,0.069278,0.105124,-0.104500,0.000624
597,0.008436,0.000001,0.069163,0.001069,0.000000,0.001069
598,0.008424,0.001223,0.069105,0.034972,0.000000,-0.034972
599,0.008446,0.021168,0.069233,0.145491,0.134300,-0.011191
600,0.008449,0.010516,0.069289,0.102549,0.059700,-0.042849
601,0.008436,0.000852,0.069222,0.029195,-0.059700,-0.030505
602,0.008426,0.002481,0.069190,0.049814,0.059700,0.009886
603,0.008421,0.005198,0.069195,0.072098,-0.059700,0.012398
604,0.008483,0.045368,0.069434,0.212999,0.223900,0.010901
605,0.008489,0.012596,0.069505,0.112233,-0.134300,-0.022067
606,0.008514,0.023398,0.069644,0.152963,0.134300,-0.018663
607,0.008528,0.016599,0.069742,0.128836,-0.164200,-0.035364
608,0.008514,0.000168,0.069648,0.012946,-0.029800,-0.016854
609,0.008500,0.000419,0.069567,0.020481,-0.029900,-0.009419
610,0.008488,0.000728,0.069497,0.026977,-0.029800,-0.002823
611,0.008476,0.001548,0.069447,0.039342,0.029800,-0.009542
612,0.008463,0.000225,0.069357,0.014992,-0.029800,-0.014808
613,0.008459,0.006059,0.069371,0.077837,0.059700,-0.018137
614,0.008452,0.004673,0.069370,0.068363,-0.074600,-0.006237
615,0.008440,0.000791,0.069302,0.028133,0.014900,-0.013233
616,0.008429,0.001924,0.069261,0.043866,0.029800,-0.014066
617,0.008426,0.006530,0.069280,0.080810,0.059700,-0.021110
618,0.008416,0.001939,0.069238,0.044038,-0.029800,0.014238
619,0.008403,0.000494,0.069162,0.022223,-0.029900,-0.007677
620,0.008416,0.016450,0.069258,0.128259,0.119400,-0.008859
621,0.008412,0.006387,0.069275,0.079916,-0.089500,-0.009584
622,0.008444,0.027936,0.069434,0.167139,-0.164200,0.002939
623,0.008442,0.007033,0.069457,0.083862,0.134300,0.050438
624,0.008456,0.017568,0.069559,0.132543,0.119400,-0.013143
625,0.008495,0.032260,0.069736,0.179610,-0.164100,0.015510
626,0.008482,0.000765,0.069668,0.027661,0.000000,0.027661
627,0.008470,0.000927,0.069605,0.030447,0.000000,0.030447
628,0.008457,0.000416,0.069526,0.020397,0.000000,0.020397
629,0.008445,0.000531,0.069452,0.023050,0.014900,-0.008150
630,0.008447,0.010007,0.069501,0.100034,-0.104500,-0.004466
631,0.008434,0.000001,0.069391,0.000738,0.000000,-0.000738
632,0.008421,0.000396,0.069312,0.019890,0.000000,-0.019890
633,0.008408,0.000001,0.069204,0.001083,0.000000,-0.001083
634,0.008395,0.000274,0.069120,0.016562,0.000000,0.016562
635,0.008381,0.000000,0.069011,0.000111,0.000000,0.000111
636,0.008368,0.000074,0.068915,0.008599,0.000000,0.008599
637,0.008355,0.000004,0.068810,0.002040,0.000000,0.002040
638,0.008342,0.000003,0.068704,0.001787,0.000000,0.001787
639,0.008329,0.000451,0.068629,0.021241,0.000000,0.021241
640,0.008330,0.008730,0.068668,0.093433,0.104500,0.011067
641,0.008317,0.000150,0.068580,0.012259,0.000000,-0.012259
642,0.008304,0.000063,0.068485,0.007917,-0.014900,-0.006983
643,0.008310,0.012108,0.068550,0.110035,-0.089600,0.020435
644,0.008297,0.000016,0.068449,0.004019,0.000000,-0.004019
645,0.008338,0.034296,0.068631,0.185193,0.194000,0.008807
646,0.008325,0.000375,0.068554,0.019362,-0.029800,-0.010438
647,0.008316,0.002263,0.068522,0.047570,0.029800,-0.017770
648,0.008315,0.007766,0.068552,0.088123,-0.089500,-0.001377
649,0.008309,0.004252,0.068547,0.065210,0.059700,-0.005510
650,0.008297,0.000583,0.068478,0.024154,0.029800,0.005646
651,0.008296,0.008098,0.068511,0.089988,0.089600,-0.000388
652,0.008286,0.001669,0.068469,0.040853,-0.059700,-0.018847
653,0.008275,0.000801,0.068407,0.028299,0.029800,0.001501
654,0.008265,0.001863,0.068368,0.043163,-0.059700,-0.016537
655,0.008253,0.000325,0.068291,0.018023,0.000000,0.018023
656,0.008242,0.001115,0.068237,0.033391,0.029900,-0.003491
657,0.008234,0.003228,0.068220,0.056814,0.059700,0.002886
658,0.008224,0.001697,0.068178,0.041198,0.044800,0.003602
659,0.008215,0.002250,0.068147,0.047435,-0.044800,0.002635
660,0.008202,0.000012,0.068048,0.003520,0.000000,0.003520
661,0.008190,0.000184,0.067965,0.013573,0.014900,0.001327
662,0.008206,0.018316,0.068068,0.135338,-0.104500,0.030838
663,0.008194,0.000589,0.068001,0.024264,0.000000,0.024264
664,0.008200,0.011848,0.068063,0.108849,-0.089500,0.019349
665,0.008208,0.013585,0.068136,0.116555,-0.104500,0.012055
666,0.008218,0.015209,0.068220,0.123325,0.134300,0.010975
667,0.008206,0.000000,0.068118,0.000485,0.000000,0.000485
668,0.008195,0.000648,0.068053,0.025453,0.059700,0.034247
669,0.008182,0.000038,0.067960,0.006182,0.000000,0.006182
670,0.008170,0.000028,0.067866,0.005325,0.029900,0.024575
671,0.008179,0.013846,0.067941,0.117668,-0.119400,-0.001732
672,0.008172,0.003780,0.067931,0.061485,0.059700,-0.001785
673,0.008168,0.005367,0.067939,0.073257,-0.074600,-0.001343
674,0.008156,0.000025,0.067845,0.005017,0.014900,0.019917
675,0.008144,0.000157,0.067763,0.012515,-0.014900,-0.002385
676,0.008132,0.000156,0.067681,0.012509,0.014900,0.002391
677,0.008120,0.000105,0.067595,0.010231,0.000000,-0.010231
678,0.008122,0.009601,0.067640,0.097986,-0.104500,-0.006514
679,0.008110,0.000065,0.067552,0.008036,0.000000,-0.008036
680,0.008098,0.000000,0.067452,0.000102,0.000000,0.000102
681,0.008086,0.000112,0.067368,0.010591,0.000000,0.010591
682,0.008075,0.000090,0.067283,0.009475,0.000000,-0.009475
683,0.008063,0.000032,0.067192,0.005614,0.000000,-0.005614
684,0.008051,0.000006,0.067097,0.002480,0.000000,-0.002480
685,0.008039,0.000098,0.067013,0.009901,0.000000,0.009901
686,0.008031,0.002768,0.066992,0.052607,0.000000,0.052607
687,0.008020,0.000248,0.066917,0.015737,0.000000,-0.015737
688,0.008008,0.000083,0.066832,0.009089,0.000000,-0.009089
689,0.008009,0.008484,0.066869,0.092108,0.089600,-0.002508
690,0.008010,0.008757,0.066908,0.093580,-0.089600,0.003980
691,0.008002,0.002227,0.066879,0.047187,0.134300,0.181487
692,0.008014,0.016165,0.066967,0.127142,-0.134300,-0.007158
693,0.008002,0.000156,0.066888,0.012491,0.104500,0.092009
694,0.007992,0.000616,0.066827,0.024817,0.029800,0.004983
695,0.007980,0.000138,0.066747,0.011738,0.000000,0.011738
696,0.007969,0.000000,0.066651,0.000404,0.000000,-0.000404
697,0.007963,0.004025,0.066647,0.063443,-0.044700,0.018743
698,0.007968,0.011740,0.066707,0.108351,0.104400,-0.003951
699,0.007983,0.017875,0.066803,0.133697,-0.089500,0.044197
700,0.007982,0.007486,0.066831,0.086519,0.089500,0.002981
701,0.007976,0.003753,0.066823,0.061263,-0.059700,0.001563
702,0.007965,0.000041,0.066737,0.006384,0.000000,-0.006384
703,0.007976,0.016077,0.066823,0.126794,0.149300,0.022506
704,0.008004,0.027367,0.066964,0.165431,-0.179100,-0.013669
705,0.008002,0.006874,0.066986,0.082909,0.000000,0.082909
706,0.008008,0.012237,0.067049,0.110622,0.119400,0.008778
707,0.007997,0.000061,0.066964,0.007801,0.000000,-0.007801
708,0.008019,0.023405,0.067086,0.152986,-0.134300,0.018686
709,0.008017,0.006402,0.067105,0.080012,-0.089600,-0.009588
710,0.008076,0.049717,0.067326,0.222974,0.194000,-0.028974
711,0.008067,0.002001,0.067294,0.044734,0.029900,-0.014834
712,0.008061,0.004019,0.067288,0.063395,-0.059700,0.003695
713,0.008089,0.027360,0.067426,0.165409,0.223900,0.058491
714,0.008088,0.007475,0.067453,0.086458,-0.059700,0.026758
715,0.008078,0.001418,0.067411,0.037650,-0.029900,0.007750
716,0.008118,0.036530,0.067585,0.191129,0.223900,0.032771
717,0.008108,0.000593,0.067524,0.024357,0.029800,0.005443
718,0.008107,0.007405,0.067550,0.086052,-0.059700,0.026352
719,0.008098,0.001840,0.067516,0.042889,0.059700,0.016811
720,0.008165,0.055831,0.067752,0.236286,-0.223800,0.012486
721,0.008160,0.005225,0.067758,0.072281,-0.074700,-0.002419
722,0.008180,0.022426,0.067872,0.149754,0.194100,0.044346
723,0.008171,0.001159,0.067825,0.034046,0.000000,0.034046
724,0.008161,0.001125,0.067778,0.033546,0.074600,0.041054
725,0.008268,0.085269,0.068089,0.292008,-0.268700,0.023308
726,0.008259,0.001923,0.068055,0.043850,0.000000,0.043850
727,0.008248,0.000275,0.067984,0.016583,0.044800,0.028217
728,0.008243,0.004999,0.067988,0.070701,0.059700,-0.011001
729,0.008237,0.003683,0.067977,0.060689,-0.029800,0.030889
730,0.008227,0.000826,0.067923,0.028746,0.029800,0.058546
731,0.008222,0.004770,0.067925,0.069063,-0.059700,0.009363
732,0.008212,0.000636,0.067866,0.025222,0.029900,0.004678
733,0.008210,0.006594,0.067885,0.081203,0.119400,0.038197
734,0.008227,0.020765,0.067989,0.144102,-0.089600,0.054502
735,0.008216,0.000594,0.067929,0.024378,0.059700,0.084078
736,0.008210,0.003509,0.067917,0.059239,-0.029800,0.029439
737,0.008209,0.007508,0.067943,0.086646,-0.059700,0.026946
738,0.008217,0.013793,0.068010,0.117442,-0.074700,0.042742
739,0.008219,0.010369,0.068056,0.101830,-0.059700,0.042130
740,0.008214,0.004197,0.068052,0.064781,-0.029800,0.034981
741,0.008246,0.032115,0.068203,0.179208,-0.164200,0.015008
742,0.008237,0.001368,0.068161,0.036988,0.089600,0.052612
743,0.008227,0.001054,0.068112,0.032461,0.014900,-0.017561
744,0.008217,0.000395,0.068047,0.019865,-0.014900,0.004965
745,0.008206,0.000059,0.067966,0.007663,0.014900,0.022563
746,0.008217,0.016669,0.068048,0.129107,-0.104500,0.024607
747,0.008208,0.001197,0.068003,0.034600,0.000000,0.034600
748,0.008222,0.018496,0.068094,0.136002,0.104500,-0.031502
749,0.008211,0.000008,0.068007,0.002810,0.000000,-0.002810
750,0.008200,0.000468,0.067945,0.021634,0.029800,0.008166
751,0.008216,0.019838,0.068042,0.140846,-0.134300,0.006546
752,0.008207,0.001660,0.068006,0.040745,0.000000,0.040745
753,0.008216,0.015100,0.068079,0.122884,0.134300,0.011416
754,0.008205,0.000001,0.067990,0.001193,0.000000,-0.001193
755,0.008194,0.000057,0.067909,0.007558,0.000000,0.007558
756,0.008184,0.000199,0.067838,0.014098,0.029900,0.015802
757,0.008173,0.000096,0.067761,0.009794,0.000000,-0.009794
758,0.008163,0.000522,0.067701,0.022846,0.059700,0.036854
759,0.008159,0.005453,0.067709,0.073846,-0.059700,0.014146
760,0.008155,0.004700,0.067710,0.068555,0.089500,0.020945
761,0.008144,0.000013,0.067626,0.003582,-0.029800,-0.026218
762,0.008139,0.004727,0.067627,0.068750,-0.089600,-0.020850
763,0.008129,0.000407,0.067565,0.020165,-0.029800,-0.009635
764,0.008120,0.001363,0.067524,0.036925,0.029800,-0.007125
765,0.008110,0.000021,0.067442,0.004627,0.029900,0.034527
766,0.008099,0.000148,0.067369,0.012174,0.000000,0.012174
767,0.008089,0.000431,0.067308,0.020768,0.000000,0.020768
768,0.008080,0.000961,0.067260,0.031007,-0.029900,0.001107
769,0.008071,0.001165,0.067217,0.034125,0.029900,-0.004225
770,0.008061,0.000479,0.067158,0.021879,0.000000,0.021879
771,0.008051,0.000749,0.067106,0.027364,0.000000,0.027364
772,0.008041,0.000001,0.067020,0.001030,0.000000,0.001030
773,0.008031,0.000196,0.066951,0.014006,-0.029900,-0.015894
774,0.008022,0.001536,0.066915,0.039197,-0.044700,-0.005503
775,0.008021,0.007390,0.066940,0.085964,-0.089600,-0.003636
776,0.008017,0.004338,0.066938,0.065864,0.089600,0.023736
777,0.008007,0.000369,0.066877,0.019197,0.000000,-0.019197
778,0.007997,0.000074,0.066801,0.008590,0.000000,0.008590
779,0.007987,0.000789,0.066751,0.028085,0.044700,0.016615
780,0.007977,0.000003,0.066668,0.001759,0.000000,0.001759
781,0.007967,0.000016,0.066587,0.003997,0.029900,0.025903
782,0.007957,0.000077,0.066513,0.008779,0.000000,0.008779
783,0.007986,0.030655,0.066652,0.175087,-0.164200,0.010887
784,0.007984,0.006701,0.066672,0.081857,0.000000,0.081857
785,0.007994,0.015435,0.066745,0.124239,0.134300,0.010061
786,0.008015,0.024578,0.066860,0.156774,0.149300,-0.007474
787,0.008059,0.042488,0.067038,0.206127,0.164200,-0.041927
788,0.008057,0.006455,0.067055,0.080341,0.000000,-0.080341
789,0.008080,0.026480,0.067177,0.162726,-0.194100,-0.031374
790,0.008071,0.000752,0.067126,0.027418,-0.059700,-0.032282
791,0.008063,0.002037,0.067099,0.045131,-0.059700,-0.014569
792,0.008066,0.010024,0.067140,0.100117,0.089600,-0.010517
793,0.008056,0.000125,0.067069,0.011166,-0.029900,-0.018734
794,0.008126,0.063347,0.067303,0.251688,0.223900,-0.027788
795,0.008118,0.002366,0.067280,0.048640,-0.089500,-0.040860
796,0.008187,0.062218,0.067510,0.249435,-0.238800,0.010635
797,0.008270,0.074201,0.067768,0.272399,0.268600,-0.003799
798,0.008284,0.019172,0.067857,0.138463,-0.134300,0.004163
799,0.008274,0.000549,0.067801,0.023429,0.000000,-0.023429
800,0.008273,0.007392,0.067824,0.085978,-0.059700,0.026278
801,0.008265,0.002383,0.067800,0.048812,-0.059700,-0.010888
802,0.008255,0.000079,0.067726,0.008885,0.000000,-0.008885
803,0.008273,0.022572,0.067830,0.150241,0.149200,-0.001041
804,0.008263,0.000451,0.067771,0.021247,0.000000,-0.021247
805,0.008334,0.065037,0.068005,0.255024,-0.253700,0.001324
806,0.008324,0.000073,0.067931,0.008516,0.000000,0.008516
807,0.008323,0.007340,0.067953,0.085676,0.089600,0.003924
808,0.008313,0.000645,0.067900,0.025398,0.000000,-0.025398
809,0.008308,0.003845,0.067893,0.062009,0.014900,0.076909
810,0.008340,0.034084,0.068038,0.184617,-0.104500,0.080117
811,0.008333,0.003210,0.068023,0.056657,0.164200,0.107543
812,0.008327,0.003039,0.068008,0.055126,-0.029900,0.025226
813,0.008317,0.000139,0.067938,0.011785,-0.029800,-0.018015
814,0.008323,0.013721,0.067999,0.117135,-0.104500,0.012635
815,0.008317,0.003094,0.067983,0.055625,0.000000,0.055625
816,0.008307,0.000024,0.067906,0.004897,0.000000,0.004897
817,0.008297,0.000174,0.067839,0.013207,0.000000,0.013207
818,0.008287,0.000594,0.067785,0.024373,0.000000,0.024373
819,0.008278,0.000952,0.067740,0.030852,0.000000,-0.030852
820,0.008269,0.001059,0.067697,0.032538,0.000000,-0.032538
821,0.008259,0.000045,0.067622,0.006693,0.000000,-0.006693
822,0.008249,0.000058,0.067549,0.007627,0.000000,-0.007627
823,0.008240,0.000610,0.067496,0.024706,0.000000,0.024706
824,0.008230,0.000418,0.067439,0.020442,0.000000,0.020442
825,0.008220,0.000001,0.067358,0.001103,0.000000,-0.001103
826,0.008213,0.002567,0.067338,0.050661,0.000000,0.050661
827,0.008205,0.001164,0.067297,0.034113,0.104500,0.070387
828,0.008198,0.002787,0.067280,0.052792,-0.014900,0.037892
829,0.008194,0.004562,0.067280,0.067544,-0.089600,-0.022056
830,0.008189,0.004171,0.067277,0.064587,0.089600,0.025013
831,0.008179,0.000013,0.067200,0.003582,0.000000,-0.003582
832,0.008170,0.000499,0.067146,0.022327,0.000000,-0.022327
833,0.008165,0.003903,0.067140,0.062471,0.044700,-0.017771
834,0.008158,0.002331,0.067117,0.048280,0.029900,-0.018380
835,0.008149,0.001070,0.067076,0.032711,-0.029900,0.002811
836,0.008155,0.013120,0.067133,0.114540,-0.134300,-0.019760
837,0.008153,0.006822,0.067152,0.082596,0.104500,0.021904
838,0.008155,0.009316,0.067187,0.096522,-0.104500,-0.007978
839,0.008155,0.008091,0.067214,0.089949,0.089600,-0.000349
840,0.008150,0.004505,0.067214,0.067118,-0.089600,-0.022482
841,0.008141,0.000000,0.067134,0.000314,0.000000,0.000314
842,0.008131,0.000322,0.067075,0.017955,0.000000,-0.017955
843,0.008135,0.011603,0.067124,0.107718,0.104500,-0.003218
844,0.008134,0.006949,0.067143,0.083363,0.059700,-0.023663
845,0.008125,0.000196,0.067080,0.014005,0.000000,-0.014005
846,0.008153,0.032307,0.067214,0.179741,0.164200,-0.015541
847,0.008144,0.000423,0.067158,0.020569,0.000000,-0.020569
848,0.008144,0.008021,0.067185,0.089561,0.089500,-0.000061
849,0.008141,0.005470,0.067193,0.073960,0.074600,0.000640
850,0.008132,0.000340,0.067135,0.018450,0.000000,0.018450
851,0.008124,0.001574,0.067103,0.039677,0.059700,0.020023
852,0.008139,0.021255,0.067196,0.145790,-0.089500,0.056290
853,0.008132,0.001629,0.067164,0.040362,0.029800,-0.010562
854,0.008127,0.004101,0.067160,0.064042,-0.044700,0.019342
855,0.008120,0.001794,0.067131,0.042355,-0.029900,0.012455
856,0.008113,0.002732,0.067114,0.052269,-0.029800,0.022469
857,0.008118,0.011997,0.067164,0.109531,0.134300,0.024769
858,0.008112,0.003525,0.067154,0.059368,0.059700,0.000332
859,0.008140,0.032063,0.067285,0.179062,-0.194000,-0.014938
860,0.008138,0.005956,0.067297,0.077177,0.074600,-0.002577
861,0.008153,0.020757,0.067386,0.144073,-0.134300,0.009773
862,0.008162,0.016378,0.067457,0.127975,0.134300,0.006325
863,0.008163,0.009254,0.067491,0.096196,-0.104500,-0.008304
864,0.008155,0.001244,0.067453,0.035277,-0.029800,0.005477
865,0.008147,0.001221,0.067415,0.034940,0.029800,-0.005140
866,0.008162,0.020633,0.067504,0.143642,-0.134300,0.009342
867,0.008154,0.001502,0.067470,0.038750,0.059700,0.020950
868,0.008175,0.026112,0.067579,0.161591,-0.149300,0.012291
869,0.008168,0.001970,0.067553,0.044387,-0.029800,0.014587
870,0.008182,0.020477,0.067640,0.143098,-0.104500,0.038598
871,0.008180,0.006597,0.067655,0.081220,0.104500,0.023280
872,0.008180,0.008533,0.067684,0.092376,-0.104500,-0.012124
873,0.008194,0.019970,0.067769,0.141317,0.164200,0.022883
874,0.008206,0.018759,0.067848,0.136963,-0.164200,-0.027237
875,0.008210,0.011530,0.067894,0.107376,0.164200,0.056824
876,0.008206,0.004839,0.067895,0.069566,0.059700,-0.009866
877,0.008200,0.002680,0.067877,0.051771,0.029800,-0.021971
878,0.008193,0.002317,0.067854,0.048134,0.044800,-0.003334
879,0.008184,0.000064,0.067786,0.008005,-0.014900,-0.022905
880,0.008176,0.001290,0.067750,0.035916,-0.029900,0.006016
881,0.008167,0.000015,0.067677,0.003833,0.000000,-0.003833
882,0.008162,0.004238,0.067674,0.065103,0.044800,-0.020303
883,0.008154,0.000733,0.067628,0.027065,-0.044800,-0.017735
884,0.008149,0.004265,0.067625,0.065307,-0.089500,-0.024193
885,0.008142,0.001808,0.067596,0.042520,0.000000,0.042520
886,0.008137,0.003952,0.067591,0.062867,0.000000,-0.062867
887,0.008128,0.000162,0.067529,0.012714,0.029800,0.017086
888,0.008119,0.000044,0.067460,0.006602,0.000000,0.006602
889,0.008115,0.004861,0.067463,0.069722,-0.059700,0.010022
890,0.008106,0.000015,0.067391,0.003911,0.000000,0.003911
891,0.008106,0.007972,0.067416,0.089286,0.089600,0.000314
892,0.008098,0.000407,0.067362,0.020180,0.000000,-0.020180
893,0.008093,0.004097,0.067359,0.064008,0.059700,-0.004308
894,0.008102,0.015908,0.067425,0.126126,0.134300,0.008174
895,0.008097,0.003517,0.067416,0.059300,-0.089500,-0.030200
896,0.008090,0.001847,0.067388,0.042971,0.029800,-0.013171
897,0.008082,0.001560,0.067357,0.039501,-0.059700,-0.020199
898,0.008075,0.001846,0.067330,0.042965,0.059700,0.016735
899,0.008066,0.000104,0.067266,0.010217,0.029900,0.019683
900,0.008068,0.009138,0.067297,0.095594,-0.089600,0.005994
901,0.008060,0.001232,0.067262,0.035102,-0.014900,0.020202
902,0.008051,0.000288,0.067206,0.016983,-0.029900,-0.012917
903,0.008043,0.000675,0.067160,0.025984,0.044800,0.018816
904,0.008051,0.015119,0.067222,0.122961,-0.104500,0.018461
905,0.008048,0.005436,0.067229,0.073729,-0.059700,0.014029
906,0.008042,0.002363,0.067208,0.048611,-0.029800,0.018811
907,0.008033,0.000356,0.067155,0.018859,-0.014900,0.003959
908,0.008039,0.012857,0.067206,0.113388,-0.089600,0.023788
909,0.008032,0.001932,0.067180,0.043954,0.000000,0.043954
910,0.008035,0.010852,0.067221,0.104175,0.104500,0.000325
911,0.008026,0.000007,0.067150,0.002645,0.000000,-0.002645
912,0.008018,0.000820,0.067107,0.028632,-0.014900,0.013732
913,0.008010,0.000608,0.067061,0.024654,0.000000,0.024654
914,0.008002,0.000562,0.067013,0.023714,0.000000,0.023714
915,0.008001,0.007010,0.067031,0.083723,-0.089600,-0.005877
916,0.007992,0.000228,0.066974,0.015092,0.000000,0.015092
917,0.008001,0.016203,0.067040,0.127290,0.164200,0.036910
918,0.007996,0.003246,0.067029,0.056971,0.059700,0.002729
919,0.007987,0.000038,0.066963,0.006179,-0.029900,-0.036079
920,0.007980,0.001334,0.066930,0.036518,-0.059700,-0.023182
921,0.007972,0.000121,0.066869,0.010989,0.000000,0.010989
922,0.007968,0.004575,0.066870,0.067636,0.059700,-0.007936
923,0.007962,0.002705,0.066853,0.052012,0.059700,0.007688
924,0.007961,0.006728,0.066870,0.082026,-0.089500,-0.007474
925,0.007953,0.000463,0.066821,0.021521,0.029800,0.008279
926,0.007980,0.033578,0.066947,0.183244,-0.194000,-0.010756
927,0.007973,0.000731,0.066904,0.027046,0.000000,-0.027046
928,0.007964,0.000116,0.066843,0.010786,0.000000,-0.010786
929,0.007970,0.013180,0.066895,0.114805,0.134300,0.019495
930,0.007961,0.000230,0.066839,0.015158,0.000000,-0.015158
931,0.007955,0.001958,0.066815,0.044246,-0.044700,-0.000454
932,0.007957,0.009716,0.066849,0.098572,-0.089600,0.008972
933,0.007954,0.005248,0.066855,0.072443,0.089600,0.017157
934,0.007957,0.010444,0.066893,0.102197,-0.089600,0.012597
935,0.007948,0.000450,0.066844,0.021224,0.000000,0.021224
936,0.007940,0.000000,0.066773,0.000529,0.000000,-0.000529
937,0.007944,0.011609,0.066817,0.107745,0.089600,-0.018145
938,0.007936,0.000301,0.066764,0.017350,0.000000,-0.017350
939,0.007939,0.010759,0.066803,0.103726,0.104400,0.000674
940,0.007940,0.009316,0.066835,0.096521,-0.089500,0.007021
941,0.007933,0.001614,0.066806,0.040177,0.029800,-0.010377
942,0.007926,0.000506,0.066759,0.022492,0.000000,0.022492
943,0.007933,0.014751,0.066817,0.121452,0.119400,-0.002052
944,0.007932,0.007386,0.066838,0.085940,0.074700,-0.011240
945,0.007950,0.024589,0.066933,0.156810,0.134300,-0.022510
946,0.007943,0.001375,0.066902,0.037084,-0.044800,-0.007716
947,0.007946,0.010994,0.066942,0.104852,-0.134300,-0.029448
948,0.007964,0.024661,0.067037,0.157037,0.134300,-0.022737
949,0.007956,0.000386,0.066987,0.019652,0.000000,0.019652
950,0.007963,0.015062,0.067046,0.122729,0.104500,-0.018229
951,0.007996,0.038763,0.067183,0.196884,-0.194000,0.002884
952,0.008015,0.026071,0.067283,0.161466,-0.164200,-0.002734
953,0.008008,0.001007,0.067245,0.031730,0.059700,0.027970
954,0.008069,0.066567,0.067446,0.258007,-0.223900,0.034107
955,0.008065,0.004423,0.067445,0.066505,0.089600,0.023095
956,0.008062,0.004609,0.067446,0.067891,0.044700,-0.023191
957,0.008054,0.000266,0.067392,0.016318,-0.029800,-0.013482
958,0.008045,0.000010,0.067325,0.003236,-0.014900,-0.011664
959,0.008037,0.000021,0.067259,0.004556,0.000000,-0.004556
960,0.008028,0.000102,0.067199,0.010102,0.014900,0.004798
961,0.008025,0.004520,0.067199,0.067233,0.059700,-0.007533
962,0.008019,0.002123,0.067177,0.046071,-0.029900,0.016171
963,0.008029,0.018322,0.067248,0.135358,-0.134300,0.001058
964,0.008065,0.042672,0.067393,0.206572,0.194000,-0.012572
965,0.008058,0.001319,0.067361,0.036313,0.029900,-0.006413
966,0.008059,0.008434,0.067386,0.091835,0.104500,0.012665
967,0.008062,0.010878,0.067425,0.104300,0.119400,0.015100
968,0.008053,0.000045,0.067362,0.006674,0.014900,0.008226
969,0.008060,0.014494,0.067417,0.120391,-0.104500,0.015891
970,0.008055,0.003500,0.067408,0.059158,0.059700,0.000542
971,0.008056,0.008628,0.067434,0.092886,-0.119400,-0.026514
972,0.008050,0.001819,0.067409,0.042653,0.029900,-0.012753
973,0.008041,0.000004,0.067341,0.002056,0.000000,-0.002056
974,0.008035,0.002353,0.067322,0.048503,-0.029900,0.018603
975,0.008027,0.000053,0.067260,0.007260,-0.014900,-0.022160
976,0.008022,0.003286,0.067250,0.057326,0.044800,-0.012526
977,0.008014,0.000212,0.067196,0.014574,0.029800,0.015226
978,0.008010,0.003792,0.067190,0.061577,-0.059700,0.001877
979,0.008009,0.007506,0.067210,0.086639,0.059700,-0.026939
980,0.008001,0.000062,0.067149,0.007875,0.000000,-0.007875
981,0.007993,0.000082,0.067090,0.009051,0.000000,-0.009051
982,0.007988,0.002934,0.067076,0.054167,-0.059700,-0.005533
983,0.007984,0.003734,0.067070,0.061105,-0.074600,-0.013495
984,0.007980,0.004074,0.067067,0.063827,0.059700,-0.004127
985,0.007971,0.000026,0.067004,0.005060,0.000000,0.005060
986,0.007963,0.000094,0.066945,0.009676,0.014900,0.024576
987,0.007956,0.000607,0.066902,0.024637,0.000000,0.024637
988,0.007966,0.017326,0.066968,0.131629,0.164200,0.032571
989,0.007965,0.007122,0.066986,0.084394,-0.074600,0.009794
990,0.007989,0.031813,0.067099,0.178363,-0.164200,0.014163
991,0.007981,0.000143,0.067043,0.011953,0.029800,0.041753
992,0.008004,0.031183,0.067154,0.176587,0.194100,0.017513
993,0.007999,0.002311,0.067135,0.048074,-0.059700,-0.011626
994,0.008012,0.021324,0.067214,0.146027,0.104400,-0.041627
995,0.008040,0.035698,0.067337,0.188939,0.164200,-0.024739
996,0.008065,0.032602,0.067451,0.180560,-0.194000,-0.013440
997,0.008094,0.036935,0.067577,0.192185,0.149200,-0.042985
998,0.008086,0.000567,0.067533,0.023813,0.000000,-0.023813
999,0.008088,0.009735,0.067564,0.098667,-0.119400,-0.020733
1000,0.008081,0.001243,0.067532,0.035256,-0.029800,0.005456
1001,0.008075,0.002126,0.067510,0.046109,0.059700,0.013591
1002,0.008086,0.019102,0.067581,0.138209,0.134300,-0.003909
1003,0.008102,0.023928,0.067668,0.154686,-0.164200,-0.009514
1004,0.008097,0.002797,0.067653,0.052882,-0.074600,-0.021718
1005,0.008227,0.138378,0.067957,0.371991,0.358200,-0.013791
1006,0.008221,0.002054,0.067935,0.045326,-0.089500,-0.044174
1007,0.008222,0.010000,0.067967,0.100000,-0.164200,-0.064200
1008,0.008224,0.009612,0.067997,0.098038,-0.059700,0.038338
1009,0.008234,0.018897,0.068066,0.137466,-0.134300,0.003166
1010,0.008227,0.001009,0.068030,0.031767,0.029800,-0.001967
1011,0.008219,0.000000,0.067963,0.000386,0.000000,0.000386
1012,0.008213,0.001962,0.067939,0.044299,0.089600,0.045301
1013,0.008224,0.019418,0.068010,0.139347,-0.164200,-0.024853
1014,0.008217,0.001103,0.067976,0.033217,-0.029900,0.003317
1015,0.008209,0.000410,0.067928,0.020257,0.000000,0.020257
1016,0.008203,0.002199,0.067908,0.046892,-0.029800,0.017092
1017,0.008199,0.004039,0.067903,0.063552,0.000000,0.063552
1018,0.008200,0.009163,0.067931,0.095725,-0.059700,0.036025
1019,0.008200,0.007738,0.067950,0.087965,0.089500,0.001535
1020,0.008193,0.001628,0.067923,0.040345,-0.029800,0.010545
1021,0.008194,0.008611,0.067948,0.092798,-0.089600,0.003198
1022,0.008186,0.000146,0.067893,0.012082,0.000000,-0.012082
1023,0.008178,0.000311,0.067843,0.017625,-0.029800,-0.012175
1024,0.008180,0.010670,0.067878,0.103297,-0.104500,-0.001203
1025,0.008173,0.000133,0.067823,0.011532,0.000000,0.011532
1026,0.008174,0.009913,0.067854,0.099562,0.089600,-0.009962
1027,0.008167,0.000532,0.067810,0.023056,0.000000,-0.023056
1028,0.008159,0.000005,0.067746,0.002300,0.000000,0.002300
1029,0.008157,0.006557,0.067759,0.080972,0.104400,0.023428
1030,0.008150,0.001063,0.067725,0.032596,0.000000,-0.032596
1031,0.008143,0.000526,0.067681,0.022930,0.000000,-0.022930
1032,0.008137,0.001725,0.067656,0.041539,0.029900,-0.011639
1033,0.008129,0.000205,0.067604,0.014311,0.000000,0.014311
1034,0.008124,0.003119,0.067593,0.055848,-0.059700,-0.003852
1035,0.008130,0.014383,0.067643,0.119927,0.119400,-0.000527
1036,0.008142,0.020090,0.067715,0.141738,0.104500,-0.037238
1037,0.008140,0.006305,0.067727,0.079407,-0.089600,-0.010193
1038,0.008135,0.002937,0.067713,0.054196,0.029900,-0.024296
1039,0.008128,0.000686,0.067673,0.026198,0.029800,0.003602
1040,0.008125,0.005576,0.067680,0.074674,0.059700,-0.014974
1041,0.008118,0.000282,0.067631,0.016796,0.000000,0.016796
1042,0.008111,0.001550,0.067604,0.039367,-0.029800,0.009567
1043,0.008119,0.015674,0.067659,0.125197,-0.104500,0.020697
1044,0.008114,0.003352,0.067650,0.057899,-0.059700,-0.001801
1045,0.008106,0.000039,0.067591,0.006220,0.000000,0.006220
1046,0.008100,0.001671,0.067565,0.040877,-0.029900,0.010977
1047,0.008092,0.000019,0.067505,0.004304,0.000000,-0.004304
1048,0.008085,0.000077,0.067448,0.008778,0.000000,-0.008778
1049,0.008078,0.000810,0.067411,0.028452,0.029900,0.001448
1050,0.008071,0.000885,0.067375,0.029754,-0.029900,-0.000146
1051,0.008064,0.001096,0.067342,0.033109,0.029900,-0.003209
1052,0.008057,0.000077,0.067286,0.008784,0.000000,0.008784
1053,0.008049,0.000513,0.067244,0.022657,-0.029900,-0.007243
1054,0.008042,0.000052,0.067187,0.007217,0.000000,-0.007217
1055,0.008046,0.012914,0.067231,0.113640,-0.104400,0.009240
1056,0.008043,0.004231,0.067229,0.065045,0.044700,-0.020345
1057,0.008036,0.000781,0.067192,0.027952,-0.029800,-0.001848
1058,0.008028,0.000060,0.067135,0.007719,-0.014900,-0.007181
1059,0.008027,0.006990,0.067151,0.083609,0.104400,0.020791
1060,0.008020,0.000731,0.067113,0.027039,0.000000,-0.027039
1061,0.008017,0.004020,0.067109,0.063407,0.059700,-0.003707
1062,0.008010,0.000539,0.067068,0.023226,-0.029800,-0.006574
1063,0.008002,0.000022,0.067009,0.004652,0.000000,0.004652
1064,0.007995,0.000006,0.066948,0.002431,0.000000,0.002431
1065,0.007987,0.000247,0.066900,0.015723,0.029800,0.014077
1066,0.007983,0.003336,0.066891,0.057755,0.044800,-0.012955
1067,0.007975,0.000014,0.066832,0.003762,0.000000,-0.003762
1068,0.007968,0.000305,0.066785,0.017458,-0.014900,0.002558
1069,0.007962,0.001762,0.066762,0.041975,0.044800,0.002825
1070,0.007955,0.000004,0.066701,0.001929,0.000000,-0.001929
1071,0.007950,0.002962,0.066690,0.054426,0.059700,0.005274
1072,0.007955,0.013274,0.066735,0.115214,-0.104500,0.010714
1073,0.007950,0.002643,0.066721,0.051406,0.014900,-0.036506
1074,0.007943,0.000481,0.066679,0.021930,-0.014900,0.007030
1075,0.007938,0.002679,0.066665,0.051760,-0.059700,-0.007940
1076,0.007938,0.007112,0.066681,0.084331,0.059700,-0.024631
1077,0.007930,0.000298,0.066635,0.017275,-0.029900,-0.012625
1078,0.007923,0.000402,0.066592,0.020040,0.000000,-0.020040
1079,0.007932,0.017721,0.066654,0.133121,-0.149200,-0.016079
1080,0.007932,0.007770,0.066674,0.088149,0.059700,-0.028449
1081,0.007931,0.006875,0.066689,0.082913,0.059700,-0.023213
1082,0.007924,0.000297,0.066643,0.017224,-0.029900,-0.012676
1083,0.007917,0.000163,0.066593,0.012765,0.000000,-0.012765
1084,0.007910,0.000758,0.066557,0.027537,0.029900,0.002363
1085,0.007907,0.004179,0.066555,0.064642,-0.059700,0.004942
1086,0.007901,0.001137,0.066525,0.033723,0.029800,-0.003923
1087,0.007894,0.000070,0.066471,0.008389,0.000000,0.008389
1088,0.007895,0.009189,0.066498,0.095861,0.104500,0.008639
1089,0.007888,0.000508,0.066458,0.022537,0.029900,0.007363
1090,0.007883,0.002841,0.066446,0.053304,-0.044800,0.008504
1091,0.007881,0.005226,0.066451,0.072293,0.074600,0.002307
1092,0.007875,0.001068,0.066420,0.032686,-0.029800,0.002886
1093,0.007929,0.067500,0.066597,0.259808,0.253700,-0.006108
1094,0.008038,0.126776,0.066863,0.356056,-0.388100,-0.032044
1095,0.008126,0.103997,0.067097,0.322485,0.298500,-0.023985
1096,0.008145,0.028350,0.067190,0.168376,-0.238800,-0.070424
1097,0.008140,0.002846,0.067177,0.053346,0.029900,-0.023446
1098,0.008178,0.049743,0.067320,0.223032,0.208900,-0.014132
1099,0.008171,0.000095,0.067267,0.009738,-0.074600,-0.064862
1100,0.008163,0.000067,0.067213,0.008156,-0.029800,-0.037956
1101,0.008160,0.004668,0.067214,0.068321,-0.089600,-0.021279
1102,0.008158,0.005963,0.067223,0.077218,0.029900,-0.047318
1103,0.008152,0.001195,0.067194,0.034576,0.000000,-0.034576
1104,0.008155,0.011395,0.067230,0.106746,0.089500,-0.017246
1105,0.008160,0.013876,0.067276,0.117796,0.104500,-0.013296
1106,0.008165,0.014357,0.067323,0.119821,0.059700,-0.060121
1107,0.008164,0.007026,0.067338,0.083824,0.074600,-0.009224
1108,0.008161,0.004862,0.067340,0.069727,-0.074600,-0.004873
1109,0.008154,0.000396,0.067298,0.019894,0.000000,-0.019894
1110,0.008153,0.006672,0.067311,0.081685,-0.089600,-0.007915
1111,0.008155,0.010008,0.067340,0.100038,0.119400,0.019362
1112,0.008148,0.000449,0.067298,0.021179,0.044800,0.023621
1113,0.008144,0.003778,0.067293,0.061468,0.089600,0.028132
1114,0.008150,0.014903,0.067343,0.122077,-0.104500,0.017577
1115,0.008143,0.000824,0.067308,0.028707,-0.029900,-0.001193
1116,0.008177,0.045558,0.067439,0.213443,-0.164100,0.049343
1117,0.008188,0.020071,0.067506,0.141672,-0.089600,0.052072
1118,0.008194,0.014962,0.067555,0.122321,0.164200,0.041879
1119,0.008188,0.002058,0.067535,0.045361,0.029800,-0.015561
1120,0.008185,0.004053,0.067532,0.063660,-0.059700,0.003960
1121,0.008180,0.003404,0.067523,0.058346,-0.044700,0.013646
1122,0.008173,0.000473,0.067483,0.021742,0.000000,-0.021742
1123,0.008166,0.000031,0.067427,0.005590,0.014900,0.009310
1124,0.008166,0.007538,0.067445,0.086819,0.089500,0.002681
1125,0.008159,0.000774,0.067409,0.027820,0.000000,0.027820
1126,0.008152,0.000527,0.067370,0.022953,0.000000,-0.022953
1127,0.008220,0.084460,0.067568,0.290620,-0.253700,0.036920
1128,0.008214,0.001925,0.067547,0.043879,-0.044800,-0.000921
1129,0.008232,0.028361,0.067637,0.168407,-0.149200,0.019207
1130,0.008244,0.021453,0.067707,0.146468,0.179100,0.032632
1131,0.008247,0.011059,0.067740,0.105161,-0.089600,0.015561
1132,0.008242,0.002893,0.067728,0.053785,-0.029800,0.023985
1133,0.008239,0.005032,0.067731,0.070938,-0.059700,0.011238
1134,0.008243,0.013205,0.067772,0.114911,-0.104500,0.010411
1135,0.008250,0.015819,0.067824,0.125776,0.164200,0.038424
1136,0.008252,0.010513,0.067854,0.102533,-0.074600,0.027933
1137,0.008245,0.000004,0.067796,0.001982,0.000000,-0.001982
1138,0.008244,0.007158,0.067811,0.084608,0.074600,-0.010008
1139,0.008237,0.000001,0.067752,0.000737,-0.029900,-0.029163
1140,0.008230,0.000728,0.067716,0.026990,0.000000,-0.026990
1141,0.008241,0.020325,0.067782,0.142567,-0.134300,0.008267
1142,0.008234,0.000326,0.067738,0.018068,0.000000,-0.018068
1143,0.008280,0.061034,0.067896,0.247051,0.223900,-0.023151
1144,0.008275,0.002032,0.067876,0.045074,-0.059700,-0.014626
1145,0.008310,0.048503,0.068009,0.220234,0.164200,-0.056034
1146,0.008303,0.000812,0.067975,0.028504,0.000000,-0.028504
1147,0.008296,0.000336,0.067931,0.018326,0.000000,-0.018326
1148,0.008289,0.000358,0.067888,0.018933,-0.029900,-0.010967
1149,0.008291,0.010110,0.067917,0.100551,-0.134300,-0.033749
1150,0.008299,0.017079,0.067972,0.130688,-0.164200,-0.033512
1151,0.008382,0.104114,0.068194,0.322667,0.298500,-0.024167
1152,0.008375,0.000198,0.068146,0.014054,-0.014900,-0.028954
1153,0.008368,0.000307,0.068102,0.017521,0.014900,-0.002621
1154,0.008361,0.000041,0.068049,0.006374,-0.014900,-0.021274
1155,0.008354,0.000487,0.068009,0.022059,-0.029900,-0.007841
1156,0.008360,0.015663,0.068058,0.125151,-0.149200,-0.024049
1157,0.008357,0.004533,0.068058,0.067330,0.089500,0.022170
1158,0.008358,0.008992,0.068081,0.094824,0.134400,0.039576
1159,0.008352,0.002558,0.068066,0.050572,-0.074700,-0.024128
1160,0.008383,0.043108,0.068187,0.207623,0.194100,-0.013523
1161,0.008375,0.000062,0.068134,0.007872,-0.029900,-0.037772
1162,0.008369,0.000703,0.068098,0.026510,-0.029800,-0.056310
1163,0.008362,0.000647,0.068062,0.025437,-0.029900,-0.004463
1164,0.008355,0.000576,0.068024,0.024003,0.000000,-0.024003
1165,0.008349,0.000454,0.067983,0.021315,0.029900,0.008585
1166,0.008345,0.004415,0.067982,0.066448,0.059700,-0.006748
1167,0.008342,0.004080,0.067979,0.063876,-0.029900,0.033976
1168,0.008334,0.000099,0.067929,0.009961,0.000000,-0.009961
1169,0.008346,0.021537,0.067996,0.146755,-0.134300,0.012455
1170,0.008339,0.000690,0.067961,0.026272,0.000000,0.026272
1171,0.008332,0.000195,0.067914,0.013976,-0.029900,-0.015924
1172,0.008326,0.000838,0.067881,0.028947,0.000000,0.028947
1173,0.008394,0.088533,0.068077,0.297544,-0.253700,0.043844
1174,0.008388,0.000638,0.068041,0.025266,0.000000,0.025266
1175,0.008386,0.005957,0.068049,0.077182,0.104500,0.027318
1176,0.008380,0.002229,0.068031,0.047213,0.059700,0.012487
1177,0.008374,0.000255,0.067987,0.015977,0.029800,0.045777
1178,0.008367,0.000248,0.067942,0.015742,0.000000,0.015742
1179,0.008362,0.002388,0.067926,0.048868,-0.029800,0.019068
1180,0.008360,0.006167,0.067935,0.078531,0.059700,-0.018831
1181,0.008361,0.010245,0.067963,0.101218,-0.089600,0.011618
1182,0.008366,0.013886,0.068005,0.117839,0.149300,0.031461
1183,0.008362,0.003215,0.067996,0.056700,-0.059700,-0.003000
1184,0.008357,0.003475,0.067988,0.058946,0.029800,-0.029146
1185,0.008350,0.000013,0.067934,0.003653,0.000000,0.003653
1186,0.008343,0.000032,0.067881,0.005683,0.000000,0.005683
1187,0.008339,0.003714,0.067875,0.060943,-0.059700,0.001243
1188,0.008332,0.000148,0.067828,0.012148,-0.029800,-0.017652
1189,0.008326,0.001064,0.067798,0.032619,-0.029900,0.002719
1190,0.008321,0.001880,0.067778,0.043364,0.029900,-0.013464
1191,0.008317,0.003833,0.067773,0.061913,-0.059700,0.002213
1192,0.008310,0.000177,0.067727,0.013307,0.000000,-0.013307
1193,0.008304,0.001276,0.067700,0.035726,0.029800,-0.005926
1194,0.008297,0.000066,0.067650,0.008105,0.029900,0.021795
1195,0.008299,0.010536,0.067679,0.102644,-0.074600,0.028044
1196,0.008300,0.009431,0.067704,0.097115,-0.089600,0.007515
1197,0.008295,0.001745,0.067682,0.041775,0.104500,0.062725
1198,0.008288,0.000335,0.067641,0.018298,-0.014900,0.003398
1199,0.008281,0.000095,0.067593,0.009725,0.000000,-0.009725
1200,0.008274,0.000051,0.067542,0.007140,0.014900,0.007760
1201,0.008267,0.000005,0.067487,0.002217,-0.014900,-0.012683
1202,0.008271,0.011982,0.067522,0.109464,-0.089600,0.019864
1203,0.008270,0.007127,0.067537,0.084421,0.089600,0.005179
1204,0.008263,0.000018,0.067484,0.004257,0.000000,-0.004257
1205,0.008260,0.004984,0.067486,0.070595,-0.089600,-0.019005
1206,0.008277,0.028951,0.067572,0.170149,0.164200,-0.005949
1207,0.008284,0.016616,0.067623,0.128904,-0.164200,-0.035296
1208,0.008279,0.001841,0.067602,0.042902,0.000000,-0.042902
1209,0.008278,0.007793,0.067619,0.088278,0.089600,0.001322
1210,0.008272,0.000127,0.067573,0.011258,0.000000,-0.011258
1211,0.008265,0.000306,0.067531,0.017489,0.000000,-0.017489
1212,0.008258,0.000065,0.067482,0.008087,0.000000,-0.008087
1213,0.008254,0.002714,0.067469,0.052101,0.044700,-0.007401
1214,0.008247,0.000452,0.067431,0.021269,0.000000,-0.021269
1215,0.008248,0.009275,0.067455,0.096307,0.059700,-0.036607
1216,0.008241,0.000000,0.067400,0.000540,0.000000,0.000540
1217,0.008236,0.002291,0.067384,0.047862,0.029900,-0.017962
1218,0.008238,0.010762,0.067414,0.103741,0.074600,-0.029141
1219,0.008232,0.000020,0.067362,0.004492,-0.014900,-0.019392
1220,0.008231,0.007734,0.067379,0.087941,0.104500,0.016559
1221,0.008225,0.000311,0.067338,0.017647,-0.029900,-0.012253
1222,0.008219,0.000936,0.067308,0.030587,-0.059700,-0.029113
1223,0.008212,0.000000,0.067253,0.000122,0.000000,-0.000122
1224,0.008211,0.007227,0.067267,0.085012,0.089600,0.004588
1225,0.008214,0.011421,0.067300,0.106870,-0.104500,0.002370
1226,0.008213,0.006602,0.067311,0.081251,-0.089600,-0.008349
1227,0.008218,0.014363,0.067354,0.119844,0.134400,0.014556
1228,0.008211,0.000105,0.067307,0.010236,-0.029900,-0.019664
1229,0.008207,0.003541,0.067301,0.059505,0.059700,0.000195
1230,0.008201,0.001135,0.067273,0.033692,-0.029800,0.003892
1231,0.008196,0.001466,0.067250,0.038287,-0.044800,-0.006513
1232,0.008193,0.004204,0.067248,0.064835,-0.059700,0.005135
1233,0.008226,0.049172,0.067374,0.221747,-0.223900,-0.002153
1234,0.008219,0.000154,0.067329,0.012406,0.000000,0.012406
1235,0.008213,0.000025,0.067278,0.004966,0.000000,0.004966
1236,0.008210,0.005249,0.067282,0.072448,0.104500,0.032052
1237,0.008204,0.000025,0.067232,0.004994,0.000000,0.004994
1238,0.008197,0.000007,0.067180,0.002697,-0.014900,-0.012203
1239,0.008192,0.002011,0.067162,0.044848,0.044700,-0.000148
1240,0.008186,0.000197,0.067119,0.014037,0.000000,-0.014037
1241,0.008213,0.042595,0.067231,0.206386,0.223900,0.017514
1242,0.008207,0.000019,0.067180,0.004356,-0.029800,-0.025444
1243,0.008206,0.006645,0.067192,0.081515,0.119400,0.037885
1244,0.008199,0.000136,0.067147,0.011680,0.014900,0.003220
1245,0.008193,0.000336,0.067108,0.018324,0.000000,-0.018324
1246,0.008205,0.023204,0.067176,0.152328,0.149200,-0.003128
1247,0.008229,0.038192,0.067280,0.195428,0.194100,-0.001328
1248,0.008298,0.094046,0.067472,0.306670,-0.343300,-0.036630
1249,0.008366,0.093683,0.067664,0.306076,0.283600,-0.022476
1250,0.008409,0.061247,0.067808,0.247482,-0.253800,-0.006318
1251,0.008402,0.000246,0.067766,0.015685,-0.044700,-0.029015
1252,0.008412,0.020606,0.067827,0.143546,0.164100,0.020554
1253,0.008450,0.055111,0.067961,0.234757,-0.223800,0.010957
1254,0.008446,0.004455,0.067960,0.066749,0.059700,-0.007049
1255,0.008448,0.010656,0.067988,0.103226,-0.119400,-0.016174
1256,0.008449,0.009792,0.068013,0.098955,-0.134400,-0.035445
1257,0.008450,0.009998,0.068038,0.099992,0.104500,0.004508
1258,0.008445,0.001936,0.068019,0.044001,0.059700,0.015699
1259,0.008486,0.059236,0.068159,0.243385,-0.223900,0.019485
1260,0.008485,0.007388,0.068173,0.085956,-0.044700,0.041256
1261,0.008480,0.002231,0.068156,0.047229,0.014900,-0.032329
1262,0.008484,0.013805,0.068195,0.117496,-0.104500,0.012996
1263,0.008484,0.008440,0.068214,0.091867,0.089600,-0.002267
1264,0.008485,0.009444,0.068237,0.097180,-0.089600,0.007580
1265,0.008503,0.031632,0.068324,0.177853,0.164200,-0.013653
1266,0.008496,0.000028,0.068274,0.005335,-0.029900,-0.024565
1267,0.008501,0.014196,0.068314,0.119146,-0.134300,-0.015154
1268,0.008510,0.020364,0.068373,0.142701,0.164200,0.021499
1269,0.008507,0.004314,0.068371,0.065681,0.089500,0.023819
1270,0.008503,0.003365,0.068363,0.058010,0.074700,0.016690
1271,0.008497,0.000389,0.068325,0.019732,-0.044800,-0.025068
1272,0.008496,0.008138,0.068342,0.090211,0.000000,-0.090211
1273,0.008491,0.001573,0.068319,0.039658,-0.059700,-0.020042
1274,0.008485,0.000650,0.068286,0.025502,-0.029900,-0.055402
1275,0.008482,0.004748,0.068286,0.068907,0.059700,-0.009207
1276,0.008485,0.012878,0.068322,0.113480,-0.089500,0.023980
1277,0.008489,0.013200,0.068358,0.114891,0.089500,-0.025391
1278,0.008483,0.000669,0.068325,0.025862,-0.029800,-0.003938
1279,0.008479,0.003986,0.068321,0.063133,0.059700,-0.003433
1280,0.008473,0.000041,0.068272,0.006422,0.000000,-0.006422
1281,0.008474,0.010471,0.068299,0.102330,-0.089600,0.012730
1282,0.008468,0.001236,0.068273,0.035154,-0.059700,-0.024546
1283,0.008462,0.000433,0.068236,0.020808,-0.044700,-0.023892
1284,0.008457,0.002196,0.068219,0.046857,0.044700,-0.002157
1285,0.008465,0.018363,0.068272,0.135510,-0.134300,0.001210
1286,0.008477,0.024387,0.068340,0.156164,0.134300,-0.021864
1287,0.008478,0.009534,0.068363,0.097644,-0.134300,-0.036656
1288,0.008480,0.010262,0.068389,0.101302,0.089600,-0.011702
1289,0.008477,0.005146,0.068391,0.071733,0.074600,0.002867
1290,0.008470,0.000002,0.068339,0.001361,-0.029900,-0.031261
1291,0.008465,0.001366,0.068315,0.036964,-0.044700,-0.007736
1292,0.008465,0.008580,0.068334,0.092629,-0.089600,0.003029
1293,0.008461,0.003223,0.068325,0.056774,0.089600,0.032826
1294,0.008456,0.001463,0.068301,0.038249,0.044700,0.006451
1295,0.008449,0.000085,0.068256,0.009233,0.029900,0.020667
1296,0.008446,0.004239,0.068253,0.065109,0.029800,-0.035309
1297,0.008440,0.000817,0.068223,0.028588,0.000000,-0.028588
1298,0.008435,0.001677,0.068201,0.040953,-0.059700,-0.018747
1299,0.008430,0.001866,0.068182,0.043202,-0.044700,-0.001498
1300,0.008428,0.006507,0.068192,0.080666,0.074600,-0.006066
1301,0.008428,0.008728,0.068211,0.093425,-0.059700,0.033725
1302,0.008425,0.003897,0.068207,0.062427,0.059700,-0.002727
1303,0.008421,0.002902,0.068196,0.053868,-0.059700,-0.005832
1304,0.008474,0.078434,0.068359,0.280060,0.253700,-0.026360
1305,0.008480,0.015134,0.068401,0.123022,-0.194000,-0.070978
1306,0.008483,0.012917,0.068435,0.113654,-0.164200,-0.050546
1307,0.008482,0.007804,0.068451,0.088339,0.104500,0.016161
1308,0.008476,0.000526,0.068416,0.022935,0.000000,-0.022935
1309,0.008493,0.030122,0.068496,0.173558,0.194000,0.020442
1310,0.008487,0.000759,0.068465,0.027554,-0.014900,-0.042454
1311,0.008519,0.050693,0.068585,0.225152,0.208900,-0.016252
1312,0.008529,0.020984,0.068643,0.144860,-0.194000,-0.049140
1313,0.008522,0.000106,0.068599,0.010313,0.000000,-0.010313
1314,0.008519,0.004560,0.068598,0.067528,-0.074600,-0.007072
1315,0.008520,0.009015,0.068618,0.094947,0.074600,-0.020347
1316,0.008515,0.001714,0.068597,0.041397,0.000000,0.041397
1317,0.008523,0.019507,0.068651,0.139668,-0.164200,-0.024532
1318,0.008534,0.022643,0.068714,0.150476,0.164200,0.013724
1319,0.008531,0.005355,0.068717,0.073177,-0.104500,-0.031323
1320,0.008661,0.179662,0.068987,0.423865,0.417900,-0.005965
1321,0.008662,0.009807,0.069010,0.099031,0.000000,-0.099031
1322,0.008699,0.057176,0.069139,0.239114,-0.223800,0.015314
1323,0.008692,0.000076,0.069093,0.008728,0.029800,0.021072
1324,0.008687,0.001294,0.069068,0.035976,-0.029800,0.006176
1325,0.008686,0.006891,0.069078,0.083011,0.074600,-0.008411
1326,0.008688,0.011892,0.069109,0.109051,-0.104500,0.004551