# TEST CONFIGURATION BEGIN
# File Stream: filename: hourly_bikesharing_windspeed.csv  -  n_targets: 1
# [hourly_bikesharing_windspeed_ADE_HETERO_SIZE_8] Pipeline: Array BaseStreamModel: base_models: [<skmultiflow.lazy.knn_forecast.KNNForecast object at 0x7f226e89d518>, <skmultiflow.lazy.knn_forecast.KNNForecast object at 0x7f226e89d588>, <skmultiflow.lazy.knn_forecast.KNNForecast object at 0x7f226e89d5f8>, <skmultiflow.lazy.knn_forecast.KNNForecast object at 0x7f226e89d668>, <skmultiflow.trees.regression_hoeffding_tree.RegressionHoeffdingTree object at 0x7f226e89d6d8>, <skmultiflow.trees.regression_hoeffding_tree.RegressionHoeffdingTree object at 0x7f226e89d710>, <skmultiflow.trees.regression_hoeffding_adaptive_tree.RegressionHAT object at 0x7f226e89d748>, <skmultiflow.trees.regression_hoeffding_adaptive_tree.RegressionHAT object at 0x7f226e89d780>]
 Array BaseStreamModel: base_models: [<skmultiflow.lazy.knn_forecast.KNNForecast object at 0x7f226e89d518>, <skmultiflow.lazy.knn_forecast.KNNForecast object at 0x7f226e89d588>, <skmultiflow.lazy.knn_forecast.KNNForecast object at 0x7f226e89d5f8>, <skmultiflow.lazy.knn_forecast.KNNForecast object at 0x7f226e89d668>, <skmultiflow.trees.regression_hoeffding_tree.RegressionHoeffdingTree object at 0x7f226e89d6d8>, <skmultiflow.trees.regression_hoeffding_tree.RegressionHoeffdingTree object at 0x7f226e89d710>, <skmultiflow.trees.regression_hoeffding_adaptive_tree.RegressionHAT object at 0x7f226e89d748>, <skmultiflow.trees.regression_hoeffding_adaptive_tree.RegressionHAT object at 0x7f226e89d780>]
# Prequential Evaluator: n_wait: 1 - max_samples: 600000 - max_time: 10000000 - output_file: hourly_bikesharing_windspeed_ADE_HETERO_SIZE_8_SIZE_8 - batch_size: 1 - pretrain_size: 5 - task_type: regression - show_plot: False - metrics: ['mean_square_error', 'mean_absolute_error', 'true_vs_predicted']
# TEST CONFIGURATION END
id,global_mse_[hourly_bikesharing_windspeed_ADE_HETERO_SIZE_8],sliding_mse_[hourly_bikesharing_windspeed_ADE_HETERO_SIZE_8],global_mae_[hourly_bikesharing_windspeed_ADE_HETERO_SIZE_8],sliding_mae_[hourly_bikesharing_windspeed_ADE_HETERO_SIZE_8],true_value_[hourly_bikesharing_windspeed_ADE_HETERO_SIZE_8],predicted_value_[hourly_bikesharing_windspeed_ADE_HETERO_SIZE_8]
5,0.000001,0.000001,0.000814,0.000814,-0.014900,-0.014086
6,0.000548,0.001095,0.016953,0.033092,-0.029900,0.003192
7,0.000366,0.000001,0.011696,0.001182,0.000000,0.001182
8,0.000313,0.000156,0.011893,0.012485,0.000000,-0.012485
9,0.001180,0.004649,0.023151,0.068181,-0.059700,0.008481
10,0.001070,0.000519,0.023087,0.022771,0.029900,0.052671
11,0.001480,0.003938,0.028754,0.062757,0.074600,0.011843
12,0.001299,0.000037,0.025920,0.006083,0.000000,-0.006083
13,0.001297,0.001276,0.027010,0.035723,-0.044800,-0.009077
14,0.001389,0.002217,0.029017,0.047086,0.029900,-0.017186
15,0.001827,0.006211,0.033544,0.078809,-0.089600,-0.010791
16,0.001944,0.003234,0.035488,0.056871,0.000000,-0.056871
17,0.003063,0.016488,0.042635,0.128406,0.104500,-0.023906
18,0.003536,0.009682,0.046618,0.098395,-0.104500,-0.006105
19,0.003566,0.003988,0.047720,0.063152,0.029900,-0.033252
20,0.003363,0.000320,0.045856,0.017884,0.000000,0.017884
21,0.003166,0.000006,0.043300,0.002408,0.000000,-0.002408
22,0.003062,0.001296,0.042894,0.036001,0.029800,-0.006201
23,0.002901,0.000001,0.040688,0.000975,0.044800,0.043825
24,0.004182,0.028516,0.047097,0.168866,-0.164200,0.004666
25,0.004359,0.007905,0.049088,0.088909,0.059700,-0.029209
26,0.004260,0.002191,0.048984,0.046811,-0.029800,0.017011
27,0.004132,0.001317,0.048433,0.036290,0.000000,-0.036290
28,0.003963,0.000061,0.046739,0.007784,0.029800,0.022016
29,0.004406,0.015056,0.049777,0.122704,0.134400,0.011696
30,0.004517,0.007286,0.051146,0.085361,0.119400,0.034039
31,0.005162,0.021928,0.054736,0.148081,-0.089600,0.058481
32,0.005130,0.004267,0.055114,0.065321,-0.029800,0.035521
33,0.005030,0.002230,0.054842,0.047219,-0.029900,0.017319
34,0.005568,0.021181,0.057865,0.145537,-0.134300,0.011237
35,0.007683,0.071111,0.064601,0.266666,0.194000,-0.072666
36,0.007458,0.000491,0.063274,0.022149,0.059700,0.081849
37,0.007237,0.000174,0.061757,0.013199,-0.029800,-0.016601
38,0.007690,0.022646,0.064366,0.150486,-0.104500,0.045986
39,0.008274,0.028122,0.067319,0.167695,0.104500,-0.063195
40,0.009016,0.034968,0.070643,0.186998,-0.194100,-0.007102
41,0.009273,0.018551,0.072415,0.136201,0.089600,-0.046601
42,0.009062,0.001239,0.071435,0.035197,0.104500,0.069303
43,0.008932,0.003977,0.071221,0.063060,-0.134400,-0.071340
44,0.008717,0.000333,0.069896,0.018242,0.074700,0.056458
45,0.008522,0.000728,0.068850,0.026981,-0.029900,-0.002919
46,0.008322,0.000134,0.067486,0.011581,-0.014900,-0.026481
47,0.008182,0.002307,0.067034,0.048032,0.000000,-0.048032
48,0.008155,0.006967,0.067407,0.083466,-0.029900,0.053566
49,0.007992,0.000860,0.066561,0.029323,0.000000,-0.029323
50,0.007874,0.002526,0.066206,0.050263,-0.029800,0.020463
51,0.007994,0.013547,0.067274,0.116392,-0.119400,-0.003008
52,0.008036,0.010018,0.067958,0.100091,-0.104500,-0.004409
53,0.008216,0.016836,0.069219,0.129752,0.104500,-0.025252
54,0.008317,0.013260,0.070138,0.115154,0.029800,-0.085354
55,0.008187,0.001704,0.069572,0.041284,0.000000,-0.041284
56,0.008041,0.000575,0.068695,0.023979,-0.029800,-0.005821
57,0.007895,0.000329,0.067741,0.018129,0.000000,-0.018129
58,0.007753,0.000195,0.066745,0.013955,0.000000,-0.013955
59,0.007657,0.002496,0.066440,0.049961,0.029800,-0.020161
60,0.007582,0.003465,0.066305,0.058865,-0.044700,0.014165
61,0.007501,0.002950,0.066094,0.054313,0.014900,-0.039413
62,0.007378,0.000348,0.065277,0.018667,0.000000,0.018667
63,0.007282,0.001754,0.064880,0.041877,0.029800,-0.012077
64,0.007174,0.000775,0.064262,0.027831,0.029900,0.002069
65,0.007068,0.000703,0.063644,0.026520,0.059700,0.033180
66,0.007098,0.008941,0.064142,0.094557,0.104500,0.009943
67,0.007091,0.006622,0.064416,0.081376,-0.029900,0.051476
68,0.007738,0.048559,0.066853,0.220362,-0.134300,0.086062
69,0.007620,0.000017,0.065887,0.004106,0.029800,0.025694
70,0.007505,0.000056,0.065002,0.007483,0.029900,0.022417
71,0.007455,0.004153,0.064994,0.064442,0.029800,-0.034642
72,0.007354,0.000616,0.064403,0.024822,0.000000,0.024822
73,0.007268,0.001382,0.064008,0.037170,-0.029800,0.007370
74,0.007167,0.000224,0.063308,0.014958,-0.029900,-0.014942
75,0.007121,0.003868,0.063292,0.062196,-0.089500,-0.027304
76,0.007028,0.000421,0.062698,0.020509,0.000000,-0.020509
77,0.007096,0.012006,0.063340,0.109573,-0.104500,0.005073
78,0.007216,0.015984,0.064193,0.126429,0.089600,-0.036829
79,0.007123,0.000208,0.063529,0.014430,0.000000,-0.014430
80,0.007172,0.010839,0.064063,0.104109,-0.089600,0.014509
81,0.007185,0.008171,0.064405,0.090393,0.089600,-0.000793
82,0.007093,0.000037,0.063657,0.006061,0.000000,0.006061
83,0.007333,0.026061,0.064895,0.161434,0.134300,-0.027134
84,0.007325,0.006723,0.065108,0.081995,-0.059700,0.022295
85,0.007295,0.004906,0.065169,0.070044,0.059700,-0.010344
86,0.007215,0.000717,0.064701,0.026768,-0.029900,-0.003132
87,0.007207,0.006562,0.064897,0.081009,0.104500,0.023491
88,0.007124,0.000231,0.064306,0.015208,0.029900,0.014692
89,0.007098,0.004916,0.064374,0.070115,0.000000,0.070115
90,0.007028,0.001075,0.064007,0.032788,0.000000,0.032788
91,0.006951,0.000310,0.063474,0.017615,0.000000,0.017615
92,0.006903,0.002684,0.063341,0.051811,-0.029900,0.021911
93,0.006973,0.013194,0.063920,0.114864,-0.104500,0.010364
94,0.006902,0.000519,0.063463,0.022781,0.000000,0.022781
95,0.006904,0.007121,0.063693,0.084388,-0.104400,-0.020012
96,0.006934,0.009683,0.064070,0.098404,0.104400,0.005996
97,0.006871,0.001020,0.063725,0.031943,-0.059700,-0.027757
98,0.006798,0.000002,0.063062,0.001375,-0.029800,-0.028425
99,0.006777,0.004854,0.063131,0.069674,0.059700,-0.009974
100,0.006715,0.000816,0.062771,0.028559,0.029800,0.001241
101,0.006669,0.002255,0.062613,0.047482,-0.059700,-0.012218
102,0.006813,0.020779,0.063445,0.144148,-0.134300,0.009848
103,0.006744,0.000017,0.062846,0.004062,0.000000,-0.004062
104,0.006775,0.009799,0.063207,0.098991,0.000000,-0.098991
105,0.006709,0.000165,0.062708,0.012846,0.000000,0.012846
106,0.006760,0.011916,0.063164,0.109162,0.089600,-0.019562
107,0.006709,0.001413,0.062916,0.037593,0.000000,0.037593
108,0.006662,0.001848,0.062724,0.042990,0.014900,-0.028090
109,0.006703,0.010942,0.063123,0.104605,-0.104500,0.000105
110,0.006641,0.000203,0.062662,0.014262,0.000000,-0.014262
111,0.006580,0.000054,0.062145,0.007320,0.000000,-0.007320
112,0.006521,0.000279,0.061724,0.016689,0.000000,-0.016689
113,0.006556,0.010255,0.062087,0.101265,0.089600,-0.011665
114,0.006585,0.009813,0.062423,0.099062,-0.089600,0.009462
115,0.006631,0.011693,0.062835,0.108136,0.104500,-0.003636
116,0.006615,0.004822,0.062893,0.069438,0.059700,-0.009738
117,0.006881,0.036711,0.064032,0.191601,-0.164200,0.027401
118,0.006998,0.020222,0.064718,0.142204,0.164200,0.021996
119,0.006948,0.001186,0.064455,0.034439,0.000000,0.034439
120,0.006891,0.000300,0.064048,0.017309,-0.029900,-0.047209
121,0.006874,0.004980,0.064104,0.070572,-0.044700,0.025872
122,0.006835,0.002248,0.063963,0.047410,0.074600,0.027190
123,0.006860,0.009796,0.064257,0.098974,0.059700,-0.039274
124,0.006831,0.003340,0.064203,0.057794,0.059700,0.001906
125,0.006806,0.003802,0.064182,0.061660,-0.089600,-0.027940
126,0.006750,0.000004,0.063672,0.001994,0.000000,-0.001994
127,0.006699,0.000535,0.063343,0.023138,0.029900,0.053038
128,0.006655,0.001253,0.063117,0.035397,0.000000,-0.035397
129,0.006719,0.014624,0.063580,0.120930,-0.089600,0.031330
130,0.006858,0.024167,0.064309,0.155459,-0.134300,0.021159
131,0.006804,0.000000,0.063806,0.000406,0.000000,-0.000406
132,0.007066,0.040437,0.064878,0.201089,0.134300,-0.066789
133,0.007171,0.020516,0.065486,0.143234,0.119400,-0.023834
134,0.007141,0.003255,0.065421,0.057051,0.044800,-0.012251
135,0.007100,0.001863,0.065251,0.043165,0.029900,-0.013265
136,0.007075,0.003731,0.065219,0.061080,-0.104500,-0.043420
137,0.007054,0.004329,0.065224,0.065796,0.029800,-0.035996
138,0.007005,0.000472,0.064899,0.021731,0.029900,0.008169
139,0.006960,0.000986,0.064651,0.031407,-0.029900,0.001507
140,0.006954,0.006105,0.064750,0.078131,-0.089500,-0.011369
141,0.006904,0.000053,0.064331,0.007292,0.000000,0.007292
142,0.007104,0.034544,0.065212,0.185859,-0.164200,0.021659
143,0.007229,0.024475,0.065868,0.156446,0.089600,-0.066846
144,0.007178,0.000047,0.065446,0.006835,0.000000,0.006835
145,0.007128,0.000126,0.065062,0.011238,0.014900,0.003662
146,0.007078,0.000065,0.064660,0.008041,0.029800,0.021759
147,0.007029,0.000060,0.064262,0.007729,0.029900,0.022171
148,0.006981,0.000139,0.063898,0.011790,0.000000,0.011790
149,0.006934,0.000109,0.063529,0.010449,0.000000,0.010449
150,0.006952,0.009639,0.063766,0.098178,-0.074600,0.023578
151,0.006929,0.003489,0.063734,0.059069,-0.089600,-0.030531
152,0.007101,0.032496,0.064522,0.180265,0.164200,-0.016065
153,0.007060,0.000995,0.064301,0.031550,0.000000,-0.031550
154,0.007015,0.000211,0.063969,0.014528,0.000000,-0.014528
155,0.006982,0.002006,0.063842,0.044790,0.000000,0.044790
156,0.006987,0.007885,0.064006,0.088797,-0.059700,0.029097
157,0.006942,0.000065,0.063640,0.008052,0.000000,-0.008052
158,0.006897,0.000021,0.063257,0.004606,0.000000,-0.004606
159,0.006892,0.006080,0.063352,0.077973,0.059700,-0.018273
160,0.007295,0.069708,0.064638,0.264022,0.223900,-0.040122
161,0.007360,0.017547,0.065070,0.132466,-0.029900,0.102566
162,0.007322,0.001290,0.064886,0.035911,-0.029800,0.006111
163,0.007431,0.024686,0.065466,0.157118,0.164100,0.006982
164,0.007405,0.003246,0.065413,0.056976,-0.044700,0.012276
165,0.007360,0.000173,0.065088,0.013168,0.000000,-0.013168
166,0.007331,0.002692,0.065007,0.051882,0.104400,0.052518
167,0.007700,0.067565,0.066202,0.259933,-0.253700,0.006233
168,0.007661,0.001217,0.066012,0.034885,-0.044800,-0.009915
169,0.007629,0.002476,0.065913,0.049762,0.000000,0.049762
170,0.007688,0.017271,0.066308,0.131420,0.104500,-0.026920
171,0.007650,0.001351,0.066131,0.036762,0.029900,-0.006862
172,0.007614,0.001594,0.065975,0.039920,0.059700,0.019780
173,0.007580,0.001987,0.065848,0.044570,-0.059700,-0.015130
174,0.007600,0.010953,0.066076,0.104658,0.074600,-0.030058
175,0.007557,0.000157,0.065763,0.012543,0.000000,0.012543
176,0.007550,0.006385,0.065845,0.079903,-0.044800,0.035103
177,0.007904,0.068876,0.066982,0.262442,-0.223900,0.038542
178,0.007891,0.005542,0.067025,0.074447,0.000000,-0.074447
179,0.007884,0.006653,0.067108,0.081568,0.089600,0.008032
180,0.007893,0.009570,0.067282,0.097825,-0.089600,0.008225
181,0.007875,0.004758,0.067292,0.068976,0.089600,0.020624
182,0.008082,0.044562,0.068100,0.211097,0.238800,0.027703
183,0.008153,0.020858,0.068526,0.144423,-0.134300,0.010123
184,0.008241,0.024070,0.069007,0.155145,0.134300,-0.020845
185,0.008290,0.017125,0.069349,0.130861,-0.074600,0.056261
186,0.008246,0.000144,0.069034,0.012019,0.000000,-0.012019
187,0.008201,0.000153,0.068725,0.012360,0.014900,0.002540
188,0.008218,0.011209,0.068926,0.105874,-0.104500,0.001374
189,0.008244,0.013131,0.069173,0.114591,0.089600,-0.024991
190,0.008214,0.002551,0.069073,0.050509,-0.059700,-0.009191
191,0.008186,0.003116,0.069002,0.055818,-0.059700,-0.003882
192,0.008155,0.002177,0.068883,0.046659,0.000000,-0.046659
193,0.008169,0.010943,0.069072,0.104608,-0.074700,0.029908
194,0.008256,0.024553,0.069533,0.156694,0.164200,0.007506
195,0.008335,0.023531,0.069972,0.153397,-0.119400,0.033997
196,0.008390,0.018805,0.070322,0.137130,-0.104500,0.032630
197,0.008398,0.010026,0.070477,0.100132,0.089600,-0.010532
198,0.008355,0.000003,0.070123,0.001808,0.000000,0.001808
199,0.008314,0.000374,0.069862,0.019326,-0.059700,-0.040374
200,0.008273,0.000277,0.069591,0.016643,0.000000,-0.016643
201,0.008273,0.008249,0.069698,0.090826,-0.089600,0.001226
202,0.008407,0.034860,0.070289,0.186709,0.119400,-0.067309
203,0.008365,0.000002,0.069943,0.001385,0.029900,0.031285
204,0.008338,0.003001,0.069867,0.054783,-0.059700,-0.004917
205,0.008301,0.000836,0.069664,0.028922,0.059700,0.030778
206,0.008283,0.004558,0.069653,0.067511,-0.029900,0.037611
207,0.008244,0.000482,0.069418,0.021947,0.044800,0.022853
208,0.008222,0.003661,0.069374,0.060505,-0.014900,0.045605
209,0.008187,0.001171,0.069203,0.034221,0.000000,0.034221
210,0.008148,0.000106,0.068917,0.010274,0.000000,-0.010274
211,0.008139,0.006185,0.068964,0.078644,-0.059700,0.018944
212,0.008102,0.000493,0.068739,0.022199,0.000000,0.022199
213,0.008114,0.010639,0.068904,0.103146,-0.089600,0.013546
214,0.008084,0.001860,0.068781,0.043123,-0.029800,0.013323
215,0.008132,0.018145,0.069093,0.134705,0.119400,-0.015305
216,0.008110,0.003505,0.069047,0.059201,-0.059700,-0.000499
217,0.008073,0.000287,0.068802,0.016943,0.000000,0.016943
218,0.008036,0.000158,0.068539,0.012557,0.029800,0.017243
219,0.008002,0.000695,0.068343,0.026357,-0.029800,-0.003443
220,0.007971,0.001350,0.068197,0.036739,0.000000,-0.036739
221,0.007955,0.004398,0.068188,0.066315,-0.059700,0.006615
222,0.007943,0.005453,0.068214,0.073848,0.059700,-0.014148
223,0.007921,0.003057,0.068155,0.055289,0.029800,-0.025489
224,0.007899,0.002995,0.068094,0.054726,-0.059700,-0.004974
225,0.007864,0.000144,0.067840,0.012016,0.000000,0.012016
226,0.007931,0.022884,0.068216,0.151276,-0.134300,0.016976
227,0.007933,0.008274,0.068318,0.090963,0.089600,-0.001363
228,0.007923,0.005837,0.068354,0.076402,0.074600,-0.001802
229,0.007889,0.000130,0.068101,0.011421,0.000000,0.011421
230,0.007866,0.002728,0.068031,0.052233,-0.029900,0.022333
231,0.007844,0.002804,0.067964,0.052949,-0.029800,0.023149
232,0.007811,0.000463,0.067761,0.021513,-0.014900,0.006613
233,0.007777,0.000014,0.067481,0.003798,0.000000,-0.003798
234,0.007744,0.000027,0.067211,0.005197,0.000000,0.005197
235,0.007795,0.019600,0.067526,0.139999,0.134300,-0.005699
236,0.007764,0.000722,0.067350,0.026863,0.000000,0.026863
237,0.007802,0.016551,0.067613,0.128651,-0.119400,0.009251
238,0.007824,0.012954,0.067811,0.113815,-0.104500,0.009315
239,0.008035,0.057282,0.068541,0.239336,0.194000,-0.045336
240,0.008058,0.013596,0.068744,0.116604,-0.104400,0.012204
241,0.008031,0.001694,0.068628,0.041157,0.014900,-0.026257
242,0.008002,0.000973,0.068471,0.031194,-0.014900,0.016294
243,0.007969,0.000243,0.068249,0.015589,0.000000,-0.015589
244,0.007936,0.000004,0.067974,0.002039,0.014900,0.016939
245,0.007908,0.001299,0.067841,0.036035,0.029800,-0.006235
246,0.007886,0.002486,0.067767,0.049864,0.029900,-0.019964
247,0.007855,0.000238,0.067551,0.015429,-0.029900,-0.045329
248,0.007823,0.000085,0.067312,0.009221,0.000000,0.009221
249,0.007795,0.001078,0.067172,0.032831,0.029900,-0.002931
250,0.007870,0.026110,0.067555,0.161587,0.164200,0.002613
251,0.007948,0.027230,0.067950,0.165014,-0.104500,0.060514
252,0.007977,0.015062,0.068171,0.122728,0.164200,0.041472
253,0.008054,0.027270,0.068560,0.165137,0.194000,0.028863
254,0.008274,0.063011,0.069290,0.251020,-0.223900,0.027120
255,0.008260,0.004834,0.069291,0.069523,-0.029800,0.039723
256,0.008259,0.007949,0.069370,0.089157,0.089500,0.000343
257,0.008239,0.003232,0.069320,0.056852,-0.089500,-0.032648
258,0.008225,0.004517,0.069312,0.067207,0.029800,-0.037407
259,0.008302,0.028018,0.069697,0.167387,0.164200,-0.003187
260,0.008299,0.007430,0.069761,0.086199,-0.104500,-0.018301
261,0.008305,0.009860,0.069876,0.099298,-0.089500,0.009798
262,0.008273,0.000065,0.069637,0.008069,0.000000,-0.008069
263,0.008335,0.024244,0.069969,0.155706,0.119400,-0.036306
264,0.008304,0.000329,0.069770,0.018146,-0.029900,-0.011754
265,0.008333,0.015829,0.069984,0.125814,-0.134300,-0.008486
266,0.008303,0.000615,0.069812,0.024806,0.000000,0.024806
267,0.008286,0.003720,0.069778,0.060994,0.074600,0.013606
268,0.008256,0.000475,0.069597,0.021794,-0.029800,-0.008006
269,0.008252,0.007126,0.069652,0.084416,-0.074700,0.009716
270,0.008224,0.000791,0.069496,0.028123,0.044800,0.016677
271,0.008294,0.027006,0.069852,0.164335,-0.164200,0.000135
272,0.008265,0.000578,0.069681,0.024039,0.000000,-0.024039
273,0.008239,0.001104,0.069545,0.033233,0.059700,0.026467
274,0.008273,0.017422,0.069776,0.131993,0.134400,0.002407
275,0.008261,0.005000,0.069780,0.070709,0.029800,-0.040909
276,0.008268,0.010208,0.069895,0.101033,0.089600,-0.011433
277,0.008248,0.002803,0.069833,0.052944,-0.029900,0.023044
278,0.008218,0.000029,0.069597,0.005356,0.029900,0.035256
279,0.008221,0.009054,0.069690,0.095152,-0.059700,0.035452
280,0.008242,0.014080,0.069868,0.118660,-0.089600,0.029060
281,0.008223,0.002923,0.069811,0.054067,0.059700,0.005633
282,0.008205,0.003200,0.069763,0.056567,-0.074600,-0.018033
283,0.008178,0.000806,0.069615,0.028396,0.044800,0.016404
284,0.008191,0.011657,0.069752,0.107968,-0.074700,0.033268
285,0.008165,0.000819,0.069605,0.028624,-0.029800,-0.001176
286,0.008154,0.005220,0.069615,0.072248,0.074600,0.002352
287,0.008125,0.000020,0.069385,0.004493,0.029900,0.025407
288,0.008170,0.020692,0.069647,0.143849,-0.134400,0.009449
289,0.008141,0.000004,0.069410,0.002059,0.000000,-0.002059
290,0.008115,0.000669,0.069257,0.025873,-0.029800,-0.003927
291,0.008087,0.000033,0.069036,0.005763,-0.029900,-0.024137
292,0.008061,0.000816,0.068896,0.028566,-0.029800,-0.001234
293,0.008034,0.000174,0.068703,0.013203,-0.014900,-0.001697
294,0.008021,0.004361,0.068694,0.066040,-0.089600,-0.023560
295,0.008116,0.035544,0.069106,0.188532,0.164200,-0.024332
296,0.008182,0.027518,0.069437,0.165887,-0.164200,0.001687
297,0.008192,0.011033,0.069559,0.105037,0.134300,0.029263
298,0.008167,0.000851,0.069421,0.029164,0.059700,0.088864
299,0.008171,0.009286,0.069512,0.096363,0.089600,-0.006763
300,0.008148,0.001395,0.069404,0.037353,-0.029900,0.007453
301,0.008147,0.007754,0.069467,0.088055,0.134400,0.046345
302,0.008176,0.016973,0.069671,0.130282,-0.104500,0.025782
303,0.008195,0.013716,0.069829,0.117117,-0.119400,-0.002283
304,0.008185,0.005208,0.069837,0.072168,-0.059700,0.012468
305,0.008185,0.008335,0.069908,0.091294,0.059700,-0.031594
306,0.008245,0.026016,0.070211,0.161296,-0.164200,-0.002904
307,0.008279,0.018682,0.070430,0.136682,0.089600,-0.047082
308,0.008282,0.009160,0.070514,0.095707,-0.089600,0.006107
309,0.008255,0.000029,0.070300,0.005341,0.000000,-0.005341
310,0.008228,0.000069,0.070097,0.008320,0.000000,-0.008320
311,0.008202,0.000293,0.069925,0.017123,0.000000,-0.017123
312,0.008180,0.001305,0.069815,0.036120,0.000000,-0.036120
313,0.008188,0.010646,0.069923,0.103180,0.089600,-0.013580
314,0.008161,0.000000,0.069700,0.000656,0.000000,0.000656
315,0.008184,0.015118,0.069871,0.122956,-0.089600,0.033356
316,0.008158,0.000051,0.069670,0.007125,0.000000,-0.007125
317,0.008132,0.000067,0.069473,0.008167,0.000000,-0.008167
318,0.008164,0.018101,0.069680,0.134538,0.104500,-0.030038
319,0.008179,0.012881,0.069820,0.113496,-0.104500,0.008996
320,0.008197,0.014059,0.069974,0.118569,0.134300,0.015731
321,0.008176,0.001344,0.069869,0.036667,0.000000,0.036667
322,0.008150,0.000075,0.069676,0.008641,0.029900,0.038541
323,0.008128,0.001014,0.069558,0.031839,0.059700,0.027861
324,0.008109,0.002049,0.069482,0.045269,0.000000,0.045269
325,0.008106,0.007170,0.069529,0.084678,0.074600,-0.010078
326,0.008083,0.000717,0.069396,0.026775,-0.014900,0.011875
327,0.008090,0.010349,0.069496,0.101731,-0.089600,0.012131
328,0.008065,0.000074,0.069308,0.008574,0.000000,0.008574
329,0.008071,0.010125,0.069405,0.100624,0.089600,-0.011024
330,0.008047,0.000258,0.069241,0.016075,-0.029900,-0.013825
331,0.008023,0.000061,0.069053,0.007840,0.000000,-0.007840
332,0.008000,0.000369,0.068901,0.019202,0.000000,0.019202
333,0.007979,0.001198,0.068797,0.034608,-0.029800,0.004808
334,0.008004,0.016076,0.068973,0.126792,-0.119400,0.007392
335,0.008078,0.032633,0.069310,0.180647,0.179100,-0.001547
336,0.008321,0.088842,0.069999,0.298063,-0.283600,0.014463
337,0.008348,0.017341,0.070184,0.131684,0.134300,0.002616
338,0.008337,0.004705,0.070180,0.068593,-0.044700,0.023893
339,0.008332,0.006568,0.070212,0.081045,-0.089600,-0.008555
340,0.008367,0.019872,0.070423,0.140968,0.164200,0.023232
341,0.008342,0.000231,0.070259,0.015214,0.000000,0.015214
342,0.008318,0.000008,0.070059,0.002777,0.000000,-0.002777
343,0.008332,0.013319,0.070193,0.115407,0.134300,0.018893
344,0.008309,0.000468,0.070050,0.021636,-0.014900,0.006736
345,0.008291,0.001903,0.069973,0.043618,-0.029900,0.013718
346,0.008267,0.000269,0.069816,0.016390,0.029900,0.046290
347,0.008243,0.000142,0.069647,0.011905,-0.029900,-0.017995
348,0.008221,0.000661,0.069519,0.025710,0.029900,0.004190
349,0.008198,0.000026,0.069333,0.005069,0.014900,0.009831
350,0.008178,0.001266,0.069235,0.035583,-0.044800,-0.009217
351,0.008154,0.000004,0.069041,0.001887,0.000000,0.001887
352,0.008135,0.001391,0.068950,0.037300,-0.029800,0.007500
353,0.008116,0.001573,0.068866,0.039666,0.029800,-0.009866
354,0.008117,0.008637,0.068935,0.092933,-0.089500,0.003433
355,0.008109,0.005137,0.068942,0.071673,-0.029900,0.041773
356,0.008088,0.000760,0.068825,0.027577,0.029900,0.002323
357,0.008065,0.000092,0.068657,0.009607,0.000000,-0.009607
358,0.008048,0.001942,0.068588,0.044066,-0.029900,0.014166
359,0.008029,0.001400,0.068500,0.037417,-0.029800,0.007617
360,0.008042,0.012702,0.068624,0.112702,0.119400,0.006698
361,0.008020,0.000068,0.068455,0.008254,-0.029900,-0.021646
362,0.008022,0.008648,0.068524,0.092995,0.059700,-0.033295
363,0.008011,0.004252,0.068514,0.065204,-0.059700,0.005504
364,0.007999,0.003538,0.068489,0.059480,-0.059700,-0.000220
365,0.007979,0.000812,0.068378,0.028497,0.029900,0.001403
366,0.007960,0.001140,0.068283,0.033758,0.029800,-0.003958
367,0.007946,0.002821,0.068241,0.053116,-0.059700,-0.006584
368,0.007944,0.007346,0.068289,0.085709,0.089600,0.003891
369,0.007922,0.000001,0.068104,0.000951,0.000000,0.000951
370,0.007903,0.000960,0.068003,0.030976,0.029800,-0.001176
371,0.007900,0.006738,0.068041,0.082086,-0.059700,0.022386
372,0.007896,0.006212,0.068071,0.078814,-0.059700,0.019114
373,0.007875,0.000204,0.067925,0.014280,0.000000,-0.014280
374,0.007854,0.000005,0.067748,0.002297,-0.029800,-0.027503
375,0.007850,0.006634,0.067784,0.081450,0.059700,-0.021750
376,0.007829,0.000009,0.067610,0.002957,0.000000,-0.002957
377,0.007811,0.000861,0.067508,0.029336,0.029800,0.000464
378,0.007801,0.004309,0.067503,0.065645,0.059700,-0.005945
379,0.007791,0.003823,0.067487,0.061829,-0.059700,0.002129
380,0.007771,0.000366,0.067359,0.019138,0.000000,0.019138
381,0.007750,0.000047,0.067198,0.006864,0.000000,0.006864
382,0.007746,0.005996,0.067226,0.077433,0.059700,-0.017733
383,0.007728,0.000857,0.067125,0.029277,0.029900,0.000623
384,0.007708,0.000310,0.066995,0.017620,0.044800,0.027180
385,0.007733,0.017401,0.067165,0.131914,-0.104500,0.027414
386,0.007725,0.004519,0.067166,0.067224,-0.059700,0.007524
387,0.007706,0.000473,0.067047,0.021760,0.000000,-0.021760
388,0.007694,0.002990,0.067015,0.054684,0.029800,-0.024884
389,0.007674,0.000000,0.066842,0.000564,0.000000,0.000564
390,0.007656,0.000669,0.066736,0.025858,-0.029800,-0.003942
391,0.007638,0.000884,0.066641,0.029733,-0.029900,-0.000167
392,0.007656,0.014732,0.066782,0.121374,-0.134300,-0.012926
393,0.007681,0.017395,0.066949,0.131892,0.104500,-0.027392
394,0.007663,0.000389,0.066828,0.019734,-0.014900,-0.034634
395,0.007667,0.009334,0.066904,0.096612,-0.089600,0.007012
396,0.007649,0.000742,0.066803,0.027247,0.000000,0.027247
397,0.007684,0.021239,0.067004,0.145737,0.134300,-0.011437
398,0.007666,0.000562,0.066894,0.023704,0.000000,-0.023704
399,0.007647,0.000091,0.066749,0.009522,0.000000,0.009522
400,0.007632,0.001958,0.066692,0.044249,-0.044700,-0.000451
401,0.007614,0.000242,0.066563,0.015550,0.000000,-0.015550
402,0.007596,0.000690,0.066462,0.026264,0.014900,-0.011364
403,0.007580,0.001231,0.066383,0.035081,0.000000,-0.035081
404,0.007562,0.000034,0.066232,0.005822,0.000000,0.005822
405,0.007545,0.000891,0.066141,0.029857,0.029800,-0.000057
406,0.007530,0.001705,0.066079,0.041294,-0.044700,-0.003406
407,0.007512,0.000316,0.065959,0.017763,0.000000,-0.017763
408,0.007586,0.037201,0.066273,0.192875,0.194000,0.001125
409,0.007585,0.007261,0.066320,0.085210,-0.029900,0.055310
410,0.007567,0.000223,0.066194,0.014934,0.029900,0.014966
411,0.007566,0.007107,0.066238,0.084304,0.104500,0.020196
412,0.007558,0.004341,0.066237,0.065889,-0.059700,0.006189
413,0.007544,0.001975,0.066184,0.044440,-0.044800,-0.000360
414,0.007570,0.017944,0.066349,0.133956,0.134300,0.000344
415,0.007582,0.012720,0.066462,0.112783,-0.119400,-0.006617
416,0.007605,0.017021,0.066618,0.130464,0.119400,-0.011064
417,0.007764,0.073353,0.067112,0.270837,-0.253700,0.017137
418,0.007979,0.096772,0.067701,0.311081,0.298500,-0.012581
419,0.007971,0.004672,0.067703,0.068353,-0.074600,-0.006247
420,0.008384,0.179742,0.068559,0.423960,-0.388100,0.035860
421,0.008374,0.003984,0.068546,0.063121,0.000000,0.063121
422,0.008483,0.054226,0.068939,0.232866,0.164200,-0.068666
423,0.008474,0.004458,0.068934,0.066771,0.000000,-0.066771
424,0.008474,0.008464,0.068989,0.091998,0.059700,-0.032298
425,0.008454,0.000109,0.068850,0.010447,0.000000,-0.010447
426,0.008436,0.000812,0.068754,0.028498,0.000000,-0.028498
427,0.008431,0.006551,0.068783,0.080941,0.059700,-0.021241
428,0.008416,0.001770,0.068720,0.042070,-0.059700,-0.017630
429,0.008399,0.001212,0.068640,0.034810,0.074600,0.039790
430,0.008416,0.015824,0.068775,0.125792,-0.134300,-0.008508
431,0.008434,0.016129,0.068911,0.126999,-0.164200,-0.037201
432,0.008437,0.009629,0.068979,0.098128,0.104500,0.006372
433,0.008418,0.000133,0.068845,0.011514,0.029800,0.018286
434,0.008407,0.003727,0.068827,0.061046,0.059700,-0.001346
435,0.008410,0.009724,0.068896,0.098610,-0.059700,0.038910
436,0.008394,0.001645,0.068831,0.040561,-0.029800,0.010761
437,0.008397,0.009635,0.068898,0.098160,0.089500,-0.008660
438,0.008418,0.017411,0.069044,0.131952,0.134400,0.002448
439,0.008412,0.005937,0.069062,0.077055,-0.044800,0.032255
440,0.008398,0.002117,0.069009,0.046011,-0.029900,0.016111
441,0.008380,0.000673,0.068911,0.025939,0.029900,0.003961
442,0.008370,0.004102,0.068900,0.064047,0.044800,-0.019247
443,0.008362,0.004689,0.068899,0.068473,-0.074700,-0.006227
444,0.008344,0.000572,0.068796,0.023907,0.000000,-0.023907
445,0.008342,0.007648,0.068839,0.087455,-0.089500,-0.002045
446,0.008358,0.015050,0.068960,0.122677,0.134300,0.011623
447,0.008465,0.055713,0.069338,0.236037,-0.208900,0.027137
448,0.008661,0.095751,0.069878,0.309437,0.328300,0.018863
449,0.008704,0.027775,0.070096,0.166657,-0.164200,0.002457
450,0.008685,0.000391,0.069983,0.019765,0.029900,0.010135
451,0.008667,0.000640,0.069883,0.025290,0.044800,0.019510
452,0.008648,0.000059,0.069744,0.007699,0.029800,0.022101
453,0.008655,0.011863,0.069831,0.108915,0.104500,-0.004415
454,0.008640,0.001940,0.069774,0.044042,0.000000,0.044042
455,0.008649,0.012425,0.069867,0.111467,0.119400,0.007933
456,0.008632,0.000801,0.069775,0.028299,0.000000,0.028299
457,0.008638,0.011355,0.069856,0.106561,-0.059700,0.046861
458,0.008638,0.008645,0.069907,0.092981,-0.074600,0.018381
459,0.008632,0.006008,0.069923,0.077514,-0.089600,-0.012086
460,0.008613,0.000120,0.069794,0.010947,0.000000,-0.010947
461,0.008615,0.009414,0.069854,0.097024,-0.104500,-0.007476
462,0.008610,0.006192,0.069873,0.078688,0.074700,-0.003988
463,0.008609,0.008535,0.069922,0.092386,0.089500,-0.002886
464,0.008632,0.019219,0.070071,0.138632,-0.134300,0.004332
465,0.008626,0.005718,0.070083,0.075619,0.104500,0.028881
466,0.008617,0.004515,0.070077,0.067191,-0.059700,0.007491
467,0.008610,0.005192,0.070081,0.072053,-0.074700,-0.002647
468,0.008642,0.023732,0.070262,0.154050,0.134400,-0.019650
469,0.008664,0.018460,0.070404,0.135867,-0.134400,0.001467
470,0.008647,0.000928,0.070318,0.030461,0.029900,-0.000561
471,0.008630,0.000582,0.070219,0.024130,0.014900,0.039030
472,0.008628,0.007922,0.070259,0.089003,-0.074600,0.014403
473,0.008611,0.000518,0.070158,0.022755,0.059700,0.036945
474,0.008594,0.000685,0.070064,0.026176,0.044800,0.018624
475,0.008594,0.008795,0.070115,0.093782,-0.074700,0.019082
476,0.008604,0.013280,0.070210,0.115241,-0.089500,0.025741
477,0.008597,0.005249,0.070215,0.072448,-0.029900,0.042548
478,0.008582,0.001235,0.070141,0.035147,-0.029800,0.005347
479,0.008586,0.010577,0.070210,0.102843,-0.104500,-0.001657
480,0.008583,0.007032,0.070238,0.083857,0.104500,0.020643
481,0.008580,0.007238,0.070270,0.085078,-0.104500,-0.019422
482,0.008670,0.051716,0.070598,0.227412,0.194000,-0.033412
483,0.008693,0.019670,0.070744,0.140248,-0.194000,-0.053752
484,0.008766,0.043630,0.071031,0.208878,0.194000,-0.014878
485,0.008755,0.003332,0.071004,0.057726,-0.059700,-0.001974
486,0.008737,0.000236,0.070888,0.015369,0.029900,0.014531
487,0.008735,0.008011,0.070927,0.089504,-0.074600,0.014904
488,0.008737,0.009680,0.070984,0.098385,-0.089600,0.008785
489,0.008743,0.011489,0.071058,0.107186,0.104500,-0.002686
490,0.008726,0.000725,0.070967,0.026922,0.000000,-0.026922
491,0.008709,0.000007,0.070827,0.002656,0.000000,-0.002656
492,0.008692,0.000623,0.070733,0.024956,0.029800,0.004844
493,0.008674,0.000004,0.070593,0.002109,0.000000,-0.002109
494,0.008657,0.000198,0.070478,0.014078,-0.029800,-0.015722
495,0.008639,0.000069,0.070351,0.008310,0.000000,-0.008310
496,0.008631,0.004596,0.070346,0.067797,0.059700,-0.008097
497,0.008614,0.000039,0.070216,0.006243,0.000000,-0.006243
498,0.008684,0.043237,0.070494,0.207936,0.194000,-0.013936
499,0.008678,0.005732,0.070505,0.075707,0.029900,-0.045807
500,0.008703,0.021252,0.070657,0.145780,-0.164200,-0.018420
501,0.008777,0.045256,0.070943,0.212736,0.238800,0.026064
502,0.008769,0.004695,0.070938,0.068520,-0.074600,-0.006080
503,0.008751,0.000004,0.070800,0.001945,-0.029900,-0.027955
504,0.008734,0.000303,0.070693,0.017395,0.000000,0.017395
505,0.008718,0.000500,0.070596,0.022359,-0.029800,-0.007441
506,0.008709,0.004140,0.070584,0.064342,0.059700,-0.004642
507,0.008725,0.017018,0.070703,0.130453,-0.134400,-0.003947
508,0.008708,0.000333,0.070599,0.018244,0.029900,0.011656
509,0.008691,0.000085,0.070477,0.009194,-0.029900,-0.020706
510,0.008680,0.002799,0.070442,0.052910,-0.059700,-0.006790
511,0.008663,0.000000,0.070304,0.000496,0.000000,0.000496
512,0.008648,0.001144,0.070233,0.033821,0.029900,-0.003921
513,0.008634,0.001405,0.070168,0.037484,-0.029900,0.007584
514,0.008618,0.000730,0.070084,0.027025,0.000000,0.027025
515,0.008603,0.000970,0.070007,0.031148,0.059700,0.028552
516,0.008626,0.020307,0.070149,0.142503,-0.119400,0.023103
517,0.008610,0.000283,0.070045,0.016827,0.000000,0.016827
518,0.008598,0.002542,0.070007,0.050415,-0.044700,0.005715
519,0.008599,0.009117,0.070056,0.095481,-0.089600,0.005881
520,0.008583,0.000488,0.069963,0.022099,0.000000,0.022099
521,0.008568,0.000536,0.069873,0.023147,0.000000,0.023147
522,0.008552,0.000356,0.069774,0.018865,0.000000,0.018865
523,0.008568,0.017067,0.069892,0.130640,0.134300,0.003660
524,0.008559,0.003519,0.069871,0.059322,0.059700,0.000378
525,0.008543,0.000470,0.069779,0.021688,0.029900,0.008212
526,0.008527,0.000028,0.069655,0.005292,0.000000,0.005292
527,0.008517,0.003567,0.069636,0.059726,-0.059700,0.000026
528,0.008516,0.007845,0.069673,0.088571,0.089500,0.000929
529,0.008500,0.000314,0.069574,0.017713,0.000000,-0.017713
530,0.008489,0.002777,0.069541,0.052695,-0.059700,-0.007005
531,0.008476,0.001247,0.069477,0.035307,-0.029800,0.005507
532,0.008462,0.001189,0.069410,0.034480,0.029800,-0.004680
533,0.008447,0.000456,0.069319,0.021351,-0.029800,-0.008449
534,0.008437,0.003232,0.069296,0.056855,0.059700,0.002845
535,0.008422,0.000435,0.069205,0.020855,0.029800,0.008945
536,0.008407,0.000558,0.069119,0.023617,0.029900,0.006283
537,0.008423,0.016733,0.069232,0.129355,-0.119400,0.009955
538,0.008412,0.002853,0.069202,0.053413,0.059700,0.006287
539,0.008421,0.012977,0.069286,0.113918,-0.119400,-0.005482
540,0.008441,0.019298,0.069416,0.138919,0.119400,-0.019519
541,0.008442,0.008887,0.069462,0.094269,-0.119400,-0.025131
542,0.008453,0.014586,0.069557,0.120771,0.119400,-0.001371
543,0.008450,0.006738,0.069581,0.082084,-0.089600,-0.007516
544,0.008440,0.003157,0.069556,0.056183,-0.044700,0.011483
545,0.008426,0.000468,0.069467,0.021626,0.014900,-0.006726
546,0.008410,0.000098,0.069357,0.009894,0.029800,0.039694
547,0.008401,0.003262,0.069335,0.057114,-0.044700,0.012414
548,0.008387,0.000782,0.069259,0.027969,0.044700,0.016731
549,0.008409,0.020598,0.069395,0.143519,-0.134300,0.009219
550,0.008394,0.000081,0.069284,0.009020,0.000000,0.009020
551,0.008379,0.000006,0.069162,0.002464,0.000000,-0.002464
552,0.008363,0.000072,0.069052,0.008464,0.000000,-0.008464
553,0.008370,0.011924,0.069125,0.109197,0.089600,-0.019597
554,0.008366,0.006447,0.069145,0.080292,0.074600,-0.005692
555,0.008352,0.000302,0.069051,0.017366,0.029800,0.012434
556,0.008339,0.001320,0.068992,0.036329,0.000000,0.036329
557,0.008329,0.003077,0.068967,0.055475,-0.029800,0.025675
558,0.008315,0.000514,0.068884,0.022672,0.000000,0.022672
559,0.008301,0.000518,0.068801,0.022764,-0.029900,-0.007136
560,0.008287,0.000122,0.068697,0.011055,0.000000,-0.011055
561,0.008295,0.013113,0.068779,0.114513,0.059700,-0.054813
562,0.008305,0.013473,0.068864,0.116072,0.089600,-0.026472
563,0.008291,0.000554,0.068783,0.023545,0.000000,-0.023545
564,0.008276,0.000002,0.068663,0.001484,0.014900,0.013416
565,0.008262,0.000334,0.068573,0.018274,0.000000,-0.018274
566,0.008248,0.000279,0.068480,0.016711,0.000000,-0.016711
567,0.008233,0.000088,0.068375,0.009359,-0.014900,-0.024259
568,0.008225,0.003748,0.068363,0.061221,0.044800,-0.016421
569,0.008211,0.000002,0.068244,0.001391,0.000000,0.001391
570,0.008196,0.000045,0.068135,0.006690,0.000000,0.006690
571,0.008182,0.000188,0.068039,0.013726,0.029800,0.016074
572,0.008185,0.010165,0.068097,0.100821,0.104500,0.003679
573,0.008220,0.027725,0.068270,0.166509,-0.134300,0.032209
574,0.008210,0.002828,0.068244,0.053179,0.029800,0.082979
575,0.008269,0.041456,0.068481,0.203609,-0.164200,0.039409
576,0.008275,0.011751,0.068551,0.108404,-0.089500,0.018904
577,0.008261,0.000442,0.068468,0.021028,-0.014900,0.006128
578,0.008247,0.000123,0.068368,0.011111,0.000000,-0.011111
579,0.008233,0.000005,0.068253,0.002307,0.000000,-0.002307
580,0.008218,0.000026,0.068143,0.005056,0.000000,0.005056
581,0.008204,0.000023,0.068033,0.004798,0.000000,0.004798
582,0.008203,0.007393,0.068064,0.085984,0.074600,-0.011384
583,0.008193,0.002372,0.068031,0.048703,-0.029900,0.018803
584,0.008180,0.000619,0.067957,0.024878,0.000000,0.024878
585,0.008166,0.000166,0.067862,0.012893,0.029900,0.017007
586,0.008158,0.003506,0.067847,0.059212,-0.059700,-0.000488
587,0.008144,0.000154,0.067752,0.012404,0.000000,0.012404
588,0.008131,0.000780,0.067684,0.027934,0.029800,0.001866
589,0.008120,0.001526,0.067635,0.039058,-0.044700,-0.005642
590,0.008106,0.000013,0.067525,0.003558,0.000000,0.003558
591,0.008092,0.000004,0.067414,0.002118,0.000000,0.002118
592,0.008079,0.000253,0.067326,0.015894,0.014900,-0.000994
593,0.008065,0.000012,0.067218,0.003402,0.000000,0.003402
594,0.008052,0.000152,0.067125,0.012330,0.000000,0.012330
595,0.008039,0.000592,0.067052,0.024327,0.000000,0.024327
596,0.008047,0.012801,0.067130,0.113141,-0.104500,0.008641
597,0.008034,0.000053,0.067029,0.007290,0.000000,0.007290
598,0.008022,0.000699,0.066961,0.026443,0.000000,-0.026443
599,0.008049,0.024454,0.067111,0.156378,0.134300,-0.022078
600,0.008046,0.005914,0.067128,0.076902,0.059700,-0.017202
601,0.008035,0.001445,0.067079,0.038012,-0.059700,-0.021688
602,0.008026,0.003073,0.067059,0.055431,0.059700,0.004269
603,0.008018,0.003135,0.067041,0.055988,-0.059700,-0.003712
604,0.008092,0.052552,0.067311,0.229242,0.223900,-0.005342
605,0.008111,0.019439,0.067431,0.139423,-0.134300,0.005123
606,0.008123,0.015255,0.067524,0.123511,0.134300,0.010789
607,0.008142,0.019422,0.067644,0.139363,-0.164200,-0.024837
608,0.008128,0.000059,0.067544,0.007655,-0.029800,-0.022145
609,0.008115,0.000027,0.067441,0.005234,-0.029900,-0.035134
610,0.008102,0.000077,0.067344,0.008763,-0.029800,-0.021037
611,0.008091,0.001338,0.067294,0.036585,0.029800,-0.006785
612,0.008078,0.000344,0.067214,0.018553,-0.029800,-0.011247
613,0.008071,0.003675,0.067203,0.060620,0.059700,-0.000920
614,0.008064,0.004117,0.067198,0.064166,-0.074600,-0.010434
615,0.008051,0.000235,0.067113,0.015344,0.014900,-0.000444
616,0.008041,0.001567,0.067068,0.039589,0.029800,-0.009789
617,0.008037,0.005575,0.067080,0.074668,0.059700,-0.014968
618,0.008025,0.000566,0.067010,0.023785,-0.029800,-0.006015
619,0.008013,0.000884,0.066949,0.029725,-0.029900,-0.000175
620,0.008029,0.017574,0.067056,0.132567,0.119400,-0.013167
621,0.008026,0.006659,0.067079,0.081605,-0.089500,-0.007895
622,0.008071,0.035422,0.067275,0.188206,-0.164200,0.024006
623,0.008069,0.006956,0.067301,0.083403,0.134300,0.050897
624,0.008085,0.017988,0.067409,0.134120,0.119400,-0.014720
625,0.008108,0.022487,0.067542,0.149955,-0.164100,-0.014145
626,0.008097,0.001440,0.067494,0.037951,0.000000,0.037951
627,0.008084,0.000009,0.067391,0.003021,0.000000,-0.003021
628,0.008071,0.000095,0.067299,0.009765,0.000000,0.009765
629,0.008061,0.001666,0.067256,0.040817,0.014900,-0.025917
630,0.008062,0.008586,0.067297,0.092659,-0.104500,-0.011841
631,0.008049,0.000091,0.067205,0.009519,0.000000,-0.009519
632,0.008037,0.000098,0.067113,0.009885,0.000000,-0.009885
633,0.008025,0.000408,0.067039,0.020210,0.000000,-0.020210
634,0.008012,0.000032,0.066941,0.005643,0.000000,0.005643
635,0.007999,0.000090,0.066850,0.009493,0.000000,0.009493
636,0.007987,0.000002,0.066747,0.001579,0.000000,0.001579
637,0.007974,0.000182,0.066663,0.013509,0.000000,0.013509
638,0.007962,0.000216,0.066581,0.014706,0.000000,0.014706
639,0.007951,0.000622,0.066515,0.024944,0.000000,0.024944
640,0.007951,0.008027,0.066552,0.089592,0.104500,0.014908
641,0.007939,0.000755,0.066490,0.027480,0.000000,0.027480
642,0.007929,0.001060,0.066437,0.032564,-0.014900,0.017664
643,0.007932,0.009884,0.066489,0.099419,-0.089600,0.009819
644,0.007919,0.000021,0.066392,0.004623,0.000000,-0.004623
645,0.007968,0.039244,0.066598,0.198101,0.194000,-0.004101
646,0.007958,0.001524,0.066555,0.039041,-0.029800,0.009241
647,0.007947,0.000925,0.066498,0.030417,0.029800,-0.000617
648,0.007946,0.006947,0.066525,0.083351,-0.089500,-0.006149
649,0.007941,0.005176,0.066533,0.071942,0.059700,-0.012242
650,0.007933,0.002376,0.066505,0.048744,0.029800,-0.018944
651,0.007938,0.011388,0.066568,0.106714,0.089600,-0.017114
652,0.007929,0.001844,0.066531,0.042947,-0.059700,-0.016753
653,0.007918,0.001250,0.066483,0.035352,0.029800,-0.005552
654,0.007908,0.001337,0.066437,0.036571,-0.059700,-0.023129
655,0.007896,0.000117,0.066352,0.010830,0.000000,-0.010830
656,0.007886,0.001400,0.066307,0.037420,0.029900,-0.007520
657,0.007881,0.004304,0.066306,0.065603,0.059700,-0.005903
658,0.007873,0.002518,0.066282,0.050176,0.044800,-0.005376
659,0.007864,0.002250,0.066253,0.047429,-0.044800,0.002629
660,0.007852,0.000008,0.066156,0.002849,0.000000,0.002849
661,0.007841,0.000413,0.066086,0.020319,0.014900,-0.005419
662,0.007854,0.016557,0.066182,0.128673,-0.104500,0.024173
663,0.007843,0.000534,0.066116,0.023113,0.000000,0.023113
664,0.007846,0.010107,0.066168,0.100535,-0.089500,0.011035
665,0.007855,0.013518,0.066244,0.116266,-0.104500,0.011766
666,0.007876,0.021803,0.066367,0.147658,0.134300,-0.013358
667,0.007864,0.000026,0.066275,0.005050,0.000000,0.005050
668,0.007854,0.001439,0.066232,0.037931,0.059700,0.021769
669,0.007843,0.000063,0.066144,0.007931,0.000000,0.007931
670,0.007831,0.000228,0.066068,0.015087,0.029900,0.014813
671,0.007839,0.012697,0.066137,0.112681,-0.119400,-0.006719
672,0.007833,0.004064,0.066134,0.063746,0.059700,-0.004046
673,0.007827,0.003979,0.066129,0.063077,-0.074600,-0.011523
674,0.007816,0.000041,0.066040,0.006372,0.014900,0.008528
675,0.007804,0.000129,0.065959,0.011357,-0.014900,-0.003543
676,0.007793,0.000235,0.065883,0.015331,0.014900,-0.000431
677,0.007781,0.000003,0.065788,0.001593,0.000000,-0.001593
678,0.007786,0.011171,0.065847,0.105694,-0.104500,0.001194
679,0.007775,0.000020,0.065756,0.004433,0.000000,-0.004433
680,0.007763,0.000005,0.065662,0.002258,0.000000,0.002258
681,0.007752,0.000160,0.065584,0.012665,0.000000,0.012665
682,0.007741,0.000002,0.065489,0.001289,0.000000,0.001289
683,0.007729,0.000024,0.065400,0.004863,0.000000,0.004863
684,0.007718,0.000000,0.065304,0.000196,0.000000,0.000196
685,0.007707,0.000225,0.065230,0.015007,0.000000,0.015007
686,0.007701,0.003764,0.065224,0.061354,0.000000,0.061354
687,0.007760,0.048088,0.065450,0.219289,0.000000,-0.219289
688,0.007750,0.000935,0.065399,0.030582,0.000000,-0.030582
689,0.007750,0.007350,0.065429,0.085730,0.089600,0.003870
690,0.007757,0.012627,0.065497,0.112368,-0.089600,0.022768
691,0.007800,0.037482,0.065683,0.193603,0.134300,0.327903
692,0.007820,0.021522,0.065801,0.146702,-0.134300,0.012402
693,0.007819,0.006961,0.065827,0.083433,0.104500,0.187933
694,0.007809,0.001320,0.065784,0.036327,0.029800,-0.006527
695,0.007798,0.000139,0.065706,0.011809,0.000000,-0.011809
696,0.007787,0.000017,0.065617,0.004068,0.000000,-0.004068
697,0.007779,0.002261,0.065591,0.047554,-0.044700,0.002854
698,0.007788,0.013901,0.065666,0.117903,0.104400,-0.013503
699,0.007792,0.010950,0.065722,0.104640,-0.089500,0.015140
700,0.007789,0.005678,0.065736,0.075353,0.089500,0.014147
701,0.007782,0.002405,0.065712,0.049038,-0.059700,-0.010662
702,0.007771,0.000027,0.065625,0.005225,0.000000,-0.005225
703,0.007792,0.022566,0.065746,0.150220,0.149300,-0.000920
704,0.007822,0.028978,0.065896,0.170230,-0.179100,-0.008870
705,0.007828,0.011997,0.065958,0.109529,0.000000,0.109529
706,0.007834,0.011887,0.066019,0.109026,0.119400,0.010374
707,0.007823,0.000274,0.065949,0.016559,0.000000,-0.016559
708,0.007838,0.018718,0.066050,0.136815,-0.134300,0.002515
709,0.007874,0.033265,0.066215,0.182387,-0.089600,0.092787
710,0.007897,0.024029,0.066340,0.155013,0.194000,0.038987
711,0.007891,0.003436,0.066329,0.058616,0.029900,-0.028716
712,0.007882,0.001171,0.066284,0.034220,-0.059700,-0.025480
713,0.007936,0.046699,0.066495,0.216100,0.223900,0.007800
714,0.007931,0.004296,0.066494,0.065543,-0.059700,0.005843
715,0.007921,0.000463,0.066431,0.021524,-0.029900,-0.008376
716,0.007968,0.041261,0.066623,0.203128,0.223900,0.020772
717,0.007958,0.001086,0.066576,0.032959,0.029800,-0.003159
718,0.007953,0.004197,0.066573,0.064785,-0.059700,0.005085
719,0.007944,0.001666,0.066537,0.040815,0.059700,0.018885
720,0.007999,0.047726,0.066749,0.218464,-0.223800,-0.005336
721,0.007995,0.005175,0.066757,0.071935,-0.074700,-0.002765
722,0.008021,0.026299,0.066889,0.162171,0.194100,0.031929
723,0.008010,0.000231,0.066817,0.015195,0.000000,0.015195
724,0.008002,0.002533,0.066795,0.050333,0.074600,0.024267
725,0.008110,0.085573,0.067108,0.292528,-0.268700,0.023828
726,0.008100,0.001106,0.067061,0.033252,0.000000,0.033252
727,0.008090,0.000263,0.066990,0.016231,0.044800,0.028569
728,0.008092,0.009627,0.067033,0.098120,0.059700,-0.038420
729,0.008083,0.001628,0.066997,0.040343,-0.029800,0.010543
730,0.008072,0.000013,0.066909,0.003570,0.029800,0.026230
731,0.008065,0.003207,0.066895,0.056633,-0.059700,-0.003067
732,0.008057,0.002308,0.066869,0.048038,0.029900,-0.018138
733,0.008061,0.010913,0.066921,0.104467,0.119400,0.014933
734,0.008072,0.015854,0.067002,0.125914,-0.089600,0.036314
735,0.008062,0.000898,0.066951,0.029959,0.059700,0.029741
736,0.008052,0.000801,0.066898,0.028305,-0.029800,-0.001495
737,0.008049,0.006093,0.066913,0.078059,-0.059700,0.018359
738,0.008055,0.012298,0.066973,0.110895,-0.074700,0.036195
739,0.008057,0.009230,0.067013,0.096070,-0.059700,0.036370
740,0.008049,0.002381,0.066988,0.048794,-0.029800,0.018994
741,0.008077,0.028769,0.067127,0.169614,-0.164200,0.005414
742,0.008066,0.000313,0.067060,0.017697,0.089600,0.071903
743,0.008057,0.001147,0.067016,0.033866,0.014900,-0.018966
744,0.008047,0.000890,0.066965,0.029828,-0.014900,0.014928
745,0.008037,0.000006,0.066878,0.002449,0.014900,0.017349
746,0.008041,0.011370,0.066932,0.106628,-0.104500,0.002128
747,0.008034,0.002642,0.066911,0.051402,0.000000,0.051402
748,0.008046,0.017388,0.066998,0.131864,0.104500,-0.027364
749,0.008036,0.000028,0.066915,0.005326,0.000000,-0.005326
750,0.008026,0.000842,0.066865,0.029021,0.029800,0.000779
751,0.008041,0.018912,0.066959,0.137519,-0.134300,0.003219
752,0.008031,0.000820,0.066908,0.028638,0.000000,0.028638
753,0.008040,0.015055,0.066982,0.122701,0.134300,0.011599
754,0.008030,0.000010,0.066897,0.003150,0.000000,-0.003150
755,0.008019,0.000106,0.066822,0.010272,0.000000,0.010272
756,0.008010,0.001075,0.066777,0.032784,0.029900,-0.002884
757,0.008000,0.000568,0.066720,0.023830,0.000000,-0.023830
758,0.007992,0.002159,0.066693,0.046463,0.059700,0.013237
759,0.007989,0.005354,0.066701,0.073173,-0.059700,0.013473
760,0.007986,0.006115,0.066717,0.078201,0.089500,0.011299
761,0.007976,0.000013,0.066633,0.003612,-0.029800,-0.026188
762,0.007972,0.005022,0.066639,0.070864,-0.089600,-0.018736
763,0.007963,0.001657,0.066605,0.040702,-0.029800,0.010902
764,0.007954,0.001033,0.066559,0.032136,0.029800,-0.002336
765,0.007944,0.000033,0.066479,0.005707,0.029900,0.024193
766,0.007933,0.000011,0.066396,0.003347,0.000000,-0.003347
767,0.007923,0.000230,0.066329,0.015170,0.000000,0.015170
768,0.007914,0.001104,0.066286,0.033221,-0.029900,0.003321
769,0.007906,0.001454,0.066249,0.038134,0.029900,-0.008234
770,0.007896,0.000242,0.066183,0.015556,0.000000,0.015556
771,0.007887,0.000821,0.066134,0.028645,0.000000,0.028645
772,0.007877,0.000074,0.066059,0.008583,0.000000,0.008583
773,0.007867,0.000457,0.066001,0.021382,-0.029900,-0.008518
774,0.007860,0.002143,0.065975,0.046292,-0.044700,0.001592
775,0.007861,0.009275,0.066015,0.096308,-0.089600,0.006708
776,0.007855,0.002714,0.065997,0.052098,0.089600,0.037502
777,0.007845,0.000741,0.065947,0.027221,0.000000,0.027221
778,0.007835,0.000076,0.065873,0.008744,0.000000,0.008744
779,0.007828,0.002243,0.065849,0.047364,0.044700,-0.002664
780,0.007818,0.000015,0.065769,0.003893,0.000000,-0.003893
781,0.007808,0.000258,0.065705,0.016074,0.029900,0.013826
782,0.007798,0.000014,0.065625,0.003783,0.000000,0.003783
783,0.007824,0.027799,0.065755,0.166730,-0.164200,0.002530
784,0.007819,0.003582,0.065748,0.059848,0.000000,0.059848
785,0.007832,0.018156,0.065836,0.134744,0.134300,-0.000444
786,0.007859,0.028974,0.065969,0.170218,0.149300,-0.020918
787,0.007898,0.038255,0.066135,0.195589,0.164200,-0.031389
788,0.007889,0.001063,0.066092,0.032601,0.000000,-0.032601
789,0.007925,0.036109,0.066250,0.190023,-0.194100,-0.004077
790,0.007917,0.001982,0.066222,0.044517,-0.059700,-0.015183
791,0.007909,0.001630,0.066190,0.040372,-0.059700,-0.019328
792,0.007918,0.015016,0.066261,0.122540,0.089600,-0.032940
793,0.007909,0.000198,0.066195,0.014072,-0.029900,-0.015828
794,0.007972,0.057889,0.066416,0.240601,0.223900,-0.016701
795,0.007974,0.009826,0.066457,0.099128,-0.089500,0.009628
796,0.008042,0.061672,0.066687,0.248338,-0.238800,0.009538
797,0.008136,0.082549,0.066965,0.287314,0.268600,-0.018714
798,0.008147,0.017219,0.067046,0.131220,-0.134300,-0.003080
799,0.008139,0.001575,0.067011,0.039691,0.000000,-0.039691
800,0.008137,0.006466,0.067028,0.080413,-0.059700,0.020713
801,0.008131,0.003500,0.067018,0.059159,-0.059700,-0.000541
802,0.008121,0.000055,0.066944,0.007417,0.000000,0.007417
803,0.008146,0.027821,0.067069,0.166796,0.149200,-0.017596
804,0.008136,0.000472,0.067012,0.021717,0.000000,-0.021717
805,0.008222,0.076506,0.067274,0.276597,-0.253700,0.022897
806,0.008211,0.000117,0.067203,0.010835,0.000000,0.010835
807,0.008225,0.019061,0.067292,0.138063,0.089600,-0.048463
808,0.008217,0.001621,0.067258,0.040262,0.000000,-0.040262
809,0.008209,0.002079,0.067231,0.045596,0.014900,0.060496
810,0.008233,0.027374,0.067353,0.165450,-0.104500,0.060950
811,0.008235,0.009908,0.067393,0.099537,0.164200,0.064663
812,0.008226,0.000883,0.067346,0.029713,-0.029900,-0.000187
813,0.008216,0.000075,0.067274,0.008684,-0.029800,-0.021116
814,0.008220,0.011746,0.067324,0.108379,-0.104500,0.003879
815,0.008210,0.000009,0.067245,0.003049,0.000000,-0.003049
816,0.008200,0.000007,0.067165,0.002595,0.000000,-0.002595
817,0.008190,0.000004,0.067085,0.002107,0.000000,-0.002107
818,0.008181,0.000584,0.067033,0.024164,0.000000,0.024164
819,0.008171,0.000435,0.066976,0.020847,0.000000,-0.020847
820,0.008162,0.000541,0.066922,0.023269,0.000000,-0.023269
821,0.008152,0.000075,0.066851,0.008667,0.000000,-0.008667
822,0.008142,0.000010,0.066773,0.003239,0.000000,0.003239
823,0.008133,0.000608,0.066722,0.024654,0.000000,0.024654
824,0.008123,0.000299,0.066662,0.017282,0.000000,0.017282
825,0.008113,0.000146,0.066595,0.012083,0.000000,0.012083
826,0.008104,0.000289,0.066535,0.017013,0.000000,-0.017013
827,0.008107,0.010919,0.066581,0.104496,0.104500,0.000004
828,0.008101,0.003120,0.066568,0.055859,-0.014900,0.040959
829,0.008103,0.009508,0.066606,0.097508,-0.089600,0.007908
830,0.008098,0.004348,0.066605,0.065938,0.089600,0.023662
831,0.008089,0.000026,0.066530,0.005069,0.000000,0.005069
832,0.008079,0.000388,0.066474,0.019704,0.000000,-0.019704
833,0.008073,0.002579,0.066455,0.050784,0.044700,-0.006084
834,0.008065,0.001646,0.066424,0.040571,0.029900,-0.010671
835,0.008056,0.000813,0.066378,0.028519,-0.029900,-0.001381
836,0.008064,0.014560,0.066443,0.120665,-0.134300,-0.013635
837,0.008062,0.006543,0.066461,0.080889,0.104500,0.023611
838,0.008066,0.011020,0.066507,0.104974,-0.104500,0.000474
839,0.008064,0.006955,0.066527,0.083397,0.089600,0.006203
840,0.008064,0.007761,0.066553,0.088094,-0.089600,-0.001506
841,0.008054,0.000000,0.066474,0.000193,0.000000,0.000193
842,0.008045,0.000040,0.066402,0.006364,0.000000,-0.006364
843,0.008047,0.009981,0.066442,0.099903,0.104500,0.004597
844,0.008040,0.002163,0.066418,0.046510,0.059700,0.013190
845,0.008031,0.000003,0.066341,0.001649,0.000000,0.001649
846,0.008057,0.030600,0.066470,0.174927,0.164200,-0.010727
847,0.008048,0.000061,0.066400,0.007814,0.000000,-0.007814
848,0.008045,0.005607,0.066410,0.074877,0.089500,0.014623
849,0.008040,0.003754,0.066404,0.061269,0.074600,0.013331
850,0.008031,0.000190,0.066342,0.013796,0.000000,0.013796
851,0.008024,0.002361,0.066321,0.048586,0.059700,0.011114
852,0.008036,0.018623,0.066404,0.136467,-0.089500,0.046967
853,0.008028,0.001102,0.066365,0.033195,0.029800,-0.003395
854,0.008023,0.003561,0.066357,0.059675,-0.044700,0.014975
855,0.008015,0.001179,0.066319,0.034335,-0.029900,0.004435
856,0.008007,0.001290,0.066284,0.035921,-0.029800,0.006121
857,0.008010,0.010538,0.066326,0.102653,0.134300,0.031647
858,0.008005,0.004073,0.066323,0.063819,0.059700,-0.004119
859,0.008030,0.029277,0.066446,0.171106,-0.194000,-0.022894
860,0.008025,0.003458,0.066437,0.058804,0.074600,0.015796
861,0.008038,0.019533,0.066523,0.139761,-0.134300,0.005461
862,0.008049,0.016934,0.066597,0.130131,0.134300,0.004169
863,0.008052,0.010791,0.066640,0.103880,-0.104500,-0.000620
864,0.008044,0.000826,0.066596,0.028745,-0.029800,-0.001055
865,0.008035,0.000972,0.066555,0.031169,0.029800,-0.001369
866,0.008052,0.022694,0.066652,0.150644,-0.134300,0.016344
867,0.008046,0.002139,0.066629,0.046248,0.059700,0.013452
868,0.008077,0.034952,0.066768,0.186955,-0.149300,0.037655
869,0.008072,0.003615,0.066760,0.060125,-0.029800,0.030325
870,0.008086,0.020687,0.066849,0.143830,-0.104500,0.039330
871,0.008082,0.004792,0.066852,0.069227,0.104500,0.035273
872,0.008088,0.013066,0.066907,0.114305,-0.104500,0.009805
873,0.008101,0.019537,0.066991,0.139776,0.164200,0.024424
874,0.008123,0.026869,0.067102,0.163919,-0.164200,-0.000281
875,0.008138,0.021011,0.067191,0.144950,0.164200,0.019250
876,0.008133,0.004475,0.067191,0.066896,0.059700,-0.007196
877,0.008128,0.003519,0.067182,0.059325,0.029800,-0.029525
878,0.008121,0.001839,0.067154,0.042878,0.044800,0.001922
879,0.008112,0.000418,0.067101,0.020456,-0.014900,-0.035356
880,0.008105,0.001477,0.067068,0.038425,-0.029900,0.008525
881,0.008095,0.000000,0.066992,0.000528,0.000000,-0.000528
882,0.008090,0.003499,0.066983,0.059153,0.044800,-0.014353
883,0.008082,0.000590,0.066935,0.024299,-0.044800,-0.020501
884,0.008079,0.006009,0.066947,0.077518,-0.089500,-0.011982
885,0.008071,0.001163,0.066909,0.034097,0.000000,0.034097
886,0.008064,0.001682,0.066880,0.041015,0.000000,-0.041015
887,0.008056,0.001209,0.066844,0.034773,0.029800,-0.004973
888,0.008047,0.000248,0.066786,0.015762,0.000000,-0.015762
889,0.008042,0.003467,0.066777,0.058880,-0.059700,-0.000820
890,0.008033,0.000051,0.066710,0.007123,0.000000,0.007123
891,0.008034,0.009000,0.066741,0.094870,0.089600,-0.005270
892,0.008026,0.000427,0.066690,0.020654,0.000000,-0.020654
893,0.008021,0.004069,0.066686,0.063786,0.059700,-0.004086
894,0.008030,0.015376,0.066751,0.123999,0.134300,0.010301
895,0.008026,0.004703,0.066753,0.068581,-0.089500,-0.020919
896,0.008017,0.000005,0.066680,0.002194,0.029800,0.027606
897,0.008009,0.001312,0.066646,0.036223,-0.059700,-0.023477
898,0.008003,0.002535,0.066628,0.050350,0.059700,0.009350
899,0.007995,0.000708,0.066583,0.026606,0.029900,0.003294
900,0.007993,0.006085,0.066596,0.078009,-0.089600,-0.011591
901,0.007986,0.001570,0.066566,0.039620,-0.014900,0.024720
902,0.007977,0.000025,0.066497,0.005045,-0.029900,-0.024855
903,0.007972,0.003143,0.066486,0.056066,0.044800,-0.011266
904,0.007974,0.009723,0.066522,0.098605,-0.104500,-0.005895
905,0.007974,0.008093,0.066548,0.089960,-0.059700,0.030260
906,0.007966,0.001227,0.066513,0.035023,-0.029800,0.005223
907,0.007957,0.000001,0.066440,0.000726,-0.014900,-0.014174
908,0.007957,0.007537,0.066462,0.086814,-0.089600,-0.002786
909,0.007950,0.001566,0.066433,0.039574,0.000000,0.039574
910,0.007955,0.012462,0.066483,0.111632,0.104500,-0.007132
911,0.007946,0.000313,0.066429,0.017704,0.000000,-0.017704
912,0.007938,0.000653,0.066384,0.025547,-0.014900,0.010647
913,0.007930,0.000071,0.066320,0.008447,0.000000,0.008447
914,0.007921,0.000118,0.066259,0.010858,0.000000,0.010858
915,0.007920,0.007002,0.066278,0.083677,-0.089600,-0.005923
916,0.007913,0.001556,0.066249,0.039451,0.000000,0.039451
917,0.007925,0.018911,0.066327,0.137517,0.164200,0.026683
918,0.007920,0.003245,0.066317,0.056963,0.059700,0.002737
919,0.007911,0.000034,0.066250,0.005812,-0.029900,-0.024088
920,0.007905,0.002234,0.066230,0.047262,-0.059700,-0.012438
921,0.007897,0.000203,0.066173,0.014245,0.000000,0.014245
922,0.007896,0.007265,0.066194,0.085235,0.059700,-0.025535
923,0.007893,0.005064,0.066199,0.071159,0.059700,-0.011459
924,0.007890,0.005020,0.066204,0.070852,-0.089500,-0.018648
925,0.007882,0.000889,0.066165,0.029810,0.029800,-0.000010
926,0.007907,0.030978,0.066284,0.176005,-0.194000,-0.017995
927,0.007899,0.000057,0.066220,0.007557,0.000000,-0.007557
928,0.007890,0.000069,0.066158,0.008304,0.000000,-0.008304
929,0.007903,0.019149,0.066236,0.138378,0.134300,-0.004078
930,0.007895,0.000481,0.066188,0.021941,0.000000,-0.021941
931,0.007888,0.001379,0.066156,0.037129,-0.044700,-0.007571
932,0.007887,0.007080,0.066176,0.084141,-0.089600,-0.005459
933,0.007884,0.005446,0.066184,0.073800,0.089600,0.015800
934,0.007885,0.009250,0.066216,0.096177,-0.089600,0.006577
935,0.007878,0.000943,0.066178,0.030701,0.000000,0.030701
936,0.007870,0.000070,0.066116,0.008396,0.000000,0.008396
937,0.007876,0.013645,0.066170,0.116813,0.089600,-0.027213
938,0.007868,0.000554,0.066125,0.023529,0.000000,-0.023529
939,0.007871,0.011010,0.066166,0.104926,0.104400,-0.000526
940,0.007878,0.014460,0.066224,0.120249,-0.089500,0.030749
941,0.007871,0.000691,0.066181,0.026285,0.029800,0.003515
942,0.007863,0.000603,0.066137,0.024566,0.000000,0.024566
943,0.007871,0.015099,0.066198,0.122878,0.119400,-0.003478
944,0.007870,0.007239,0.066218,0.085082,0.074700,-0.010382
945,0.007888,0.024368,0.066313,0.156102,0.134300,-0.021802
946,0.007881,0.001513,0.066284,0.038896,-0.044800,-0.005904
947,0.007885,0.012166,0.066331,0.110300,-0.134300,-0.024000
948,0.007894,0.015689,0.066393,0.125257,0.134300,0.009043
949,0.007885,0.000086,0.066333,0.009282,0.000000,0.009282
950,0.007893,0.014790,0.066391,0.121615,0.104500,-0.017115
951,0.007925,0.038618,0.066529,0.196515,-0.194000,0.002515
952,0.007948,0.029326,0.066639,0.171247,-0.164200,0.007047
953,0.007941,0.001989,0.066616,0.044595,0.059700,0.015105
954,0.007992,0.056149,0.066795,0.236959,-0.223900,0.013059
955,0.007990,0.005876,0.066805,0.076656,0.089600,0.012944
956,0.007987,0.005439,0.066813,0.073750,0.044700,-0.029050
957,0.007979,0.000502,0.066766,0.022404,-0.029800,-0.007396
958,0.007972,0.000488,0.066719,0.022081,-0.014900,-0.036981
959,0.007963,0.000156,0.066663,0.012486,0.000000,-0.012486
960,0.007955,0.000193,0.066607,0.013887,0.014900,0.001013
961,0.007950,0.003159,0.066596,0.056207,0.059700,0.003493
962,0.007944,0.002085,0.066575,0.045661,-0.029900,0.015761
963,0.007957,0.020039,0.066653,0.141559,-0.134300,0.007259
964,0.007988,0.038418,0.066788,0.196006,0.194000,-0.002006
965,0.007981,0.001118,0.066753,0.033430,0.029900,-0.003530
966,0.007980,0.006406,0.066767,0.080040,0.104500,0.024460
967,0.007979,0.007667,0.066788,0.087560,0.119400,0.031840
968,0.007971,0.000217,0.066734,0.014731,0.014900,0.000169
969,0.007977,0.013517,0.066786,0.116263,-0.104500,0.011763
970,0.007970,0.001649,0.066758,0.040603,0.059700,0.019097
971,0.007972,0.009214,0.066789,0.095991,-0.119400,-0.023409
972,0.007966,0.002820,0.066775,0.053103,0.029900,-0.023203
973,0.007958,0.000018,0.066710,0.004263,0.000000,-0.004263
974,0.007951,0.001045,0.066675,0.032330,-0.029900,0.002430
975,0.007943,0.000042,0.066613,0.006499,-0.014900,-0.008401
976,0.007938,0.002990,0.066600,0.054684,0.044800,-0.009884
977,0.007930,0.000552,0.066556,0.023505,0.029800,0.006295
978,0.007928,0.005437,0.066563,0.073736,-0.059700,0.014036
979,0.007924,0.004797,0.066566,0.069264,0.059700,-0.009564
980,0.007917,0.000151,0.066511,0.012279,0.000000,0.012279
981,0.007908,0.000030,0.066448,0.005499,0.000000,0.005499
982,0.007906,0.005399,0.066455,0.073480,-0.059700,0.013780
983,0.007903,0.005435,0.066463,0.073724,-0.074600,-0.000876
984,0.007898,0.003094,0.066452,0.055620,0.059700,0.004080
985,0.007890,0.000064,0.066392,0.008009,0.000000,0.008009
986,0.007882,0.000010,0.066328,0.003163,0.014900,0.018063
987,0.007875,0.000737,0.066288,0.027139,0.000000,0.027139
988,0.007883,0.015252,0.066346,0.123498,0.164200,0.040702
989,0.007884,0.009176,0.066376,0.095793,-0.074600,0.021193
990,0.007913,0.036379,0.066502,0.190732,-0.164200,0.026532
991,0.007905,0.000256,0.066451,0.015995,0.029800,0.045795
992,0.007930,0.032945,0.066567,0.181507,0.194100,0.012593
993,0.007924,0.001375,0.066537,0.037080,-0.059700,-0.022620
994,0.007935,0.018748,0.066609,0.136925,0.104400,-0.032525
995,0.007962,0.034995,0.066730,0.187069,0.164200,-0.022869
996,0.007988,0.033229,0.066847,0.182290,-0.194000,-0.011710
997,0.008009,0.029013,0.066951,0.170333,0.149200,-0.021133
998,0.008001,0.000448,0.066905,0.021176,0.000000,-0.021176
999,0.008005,0.011529,0.066945,0.107375,-0.119400,-0.012025
1000,0.007998,0.001163,0.066912,0.034103,-0.029800,0.004303
1001,0.007992,0.002300,0.066893,0.047961,0.059700,0.011739
1002,0.008004,0.019528,0.066966,0.139741,0.134300,-0.005441
1003,0.008022,0.026403,0.067062,0.162491,-0.164200,-0.001709
1004,0.008020,0.005660,0.067070,0.075236,-0.074600,0.000636
1005,0.008139,0.127905,0.067361,0.357637,0.358200,0.000563
1006,0.008137,0.005447,0.067367,0.073803,-0.089500,-0.015697
1007,0.008145,0.016422,0.067428,0.128149,-0.164200,-0.036051
1008,0.008145,0.008001,0.067449,0.089451,-0.059700,0.029751
1009,0.008158,0.021249,0.067527,0.145772,-0.134300,0.011472
1010,0.008152,0.002021,0.067505,0.044957,0.029800,-0.015157
1011,0.008144,0.000007,0.067441,0.002663,0.000000,-0.002663
1012,0.008138,0.002083,0.067419,0.045635,0.089600,0.043965
1013,0.008156,0.026306,0.067513,0.162191,-0.164200,-0.002009
1014,0.008148,0.000829,0.067475,0.028800,-0.029900,-0.001100
1015,0.008141,0.000433,0.067428,0.020813,0.000000,-0.020813
1016,0.008136,0.003024,0.067416,0.054987,-0.029800,0.025187
1017,0.008131,0.002896,0.067403,0.053816,0.000000,0.053816
1018,0.008128,0.005643,0.067410,0.075121,-0.059700,0.015421
1019,0.008130,0.009752,0.067441,0.098751,0.089500,-0.009251
1020,0.008124,0.001780,0.067416,0.042189,-0.029800,0.012389
1021,0.008123,0.007756,0.067437,0.088071,-0.089600,-0.001529
1022,0.008115,0.000000,0.067370,0.000088,0.000000,0.000088
1023,0.008108,0.000563,0.067328,0.023718,-0.029800,-0.006082
1024,0.008111,0.011879,0.067368,0.108991,-0.104500,0.004491
1025,0.008104,0.000466,0.067324,0.021582,0.000000,0.021582
1026,0.008105,0.009504,0.067353,0.097487,0.089600,-0.007887
1027,0.008098,0.000474,0.067309,0.021776,0.000000,-0.021776
1028,0.008090,0.000081,0.067252,0.009003,0.000000,0.009003
1029,0.008088,0.006282,0.067263,0.079259,0.104400,0.025141
1030,0.008081,0.000680,0.067223,0.026069,0.000000,-0.026069
1031,0.008073,0.000280,0.067174,0.016740,0.000000,-0.016740
1032,0.008067,0.001367,0.067145,0.036970,0.029900,-0.007070
1033,0.008059,0.000057,0.067087,0.007565,0.000000,0.007565
1034,0.008054,0.002739,0.067072,0.052334,-0.059700,-0.007366
1035,0.008060,0.013879,0.067122,0.117810,0.119400,0.001590
1036,0.008065,0.013622,0.067170,0.116711,0.104500,-0.012211
1037,0.008063,0.006138,0.067181,0.078348,-0.089600,-0.011252
1038,0.008056,0.001042,0.067147,0.032280,0.029900,-0.002380
1039,0.008049,0.000788,0.067109,0.028069,0.029800,0.001731
1040,0.008048,0.006712,0.067123,0.081928,0.059700,-0.022228
1041,0.008040,0.000066,0.067066,0.008095,0.000000,0.008095
1042,0.008034,0.001883,0.067044,0.043392,-0.029800,0.013592
1043,0.008042,0.015540,0.067099,0.124661,-0.104500,0.020161
1044,0.008037,0.003217,0.067089,0.056721,-0.059700,-0.002979
1045,0.008029,0.000124,0.067035,0.011141,0.000000,-0.011141
1046,0.008022,0.000723,0.066997,0.026887,-0.029900,-0.003013
1047,0.008015,0.000036,0.066938,0.006004,0.000000,-0.006004
1048,0.008008,0.000732,0.066900,0.027063,0.000000,-0.027063
1049,0.008001,0.000929,0.066865,0.030481,0.029900,-0.000581
1050,0.007994,0.001057,0.066832,0.032519,-0.029900,0.002619
1051,0.007988,0.000906,0.066797,0.030093,0.029900,-0.000193
1052,0.007980,0.000151,0.066745,0.012273,0.000000,0.012273
1053,0.007973,0.000695,0.066707,0.026356,-0.029900,-0.003544
1054,0.007966,0.000060,0.066651,0.007737,0.000000,0.007737
1055,0.007973,0.015941,0.066707,0.126256,-0.104400,0.021856
1056,0.007966,0.000154,0.066656,0.012408,0.044700,0.032292
1057,0.007960,0.001649,0.066631,0.040602,-0.029800,0.010802
1058,0.007952,0.000233,0.066582,0.015271,-0.014900,0.000371
1059,0.007951,0.006411,0.066595,0.080068,0.104400,0.024332
1060,0.007944,0.000473,0.066553,0.021752,0.000000,-0.021752
1061,0.007941,0.004377,0.066552,0.066156,0.059700,-0.006456
1062,0.007934,0.000642,0.066513,0.025345,-0.029800,-0.004455
1063,0.007926,0.000065,0.066458,0.008043,0.000000,0.008043
1064,0.007919,0.000006,0.066398,0.002380,0.000000,0.002380
1065,0.007912,0.000389,0.066354,0.019715,0.029800,0.010085
1066,0.007907,0.002879,0.066342,0.053652,0.044800,-0.008852
1067,0.007900,0.000059,0.066286,0.007667,0.000000,-0.007667
1068,0.007892,0.000159,0.066236,0.012596,-0.014900,-0.002304
1069,0.007887,0.002593,0.066222,0.050922,0.044800,-0.006122
1070,0.007880,0.000033,0.066165,0.005780,0.000000,0.005780
1071,0.007876,0.003434,0.066158,0.058597,0.059700,0.001103
1072,0.007884,0.016248,0.066215,0.127468,-0.104500,0.022968
1073,0.007876,0.000052,0.066160,0.007236,0.014900,0.022136
1074,0.007869,0.000462,0.066118,0.021505,-0.014900,0.006605
1075,0.007864,0.002025,0.066099,0.044999,-0.059700,-0.014701
1076,0.007861,0.004669,0.066101,0.068332,0.059700,-0.008632
1077,0.007854,0.000810,0.066066,0.028457,-0.029900,-0.001443
1078,0.007847,0.000250,0.066019,0.015827,0.000000,-0.015827
1079,0.007858,0.019616,0.066088,0.140056,-0.149200,-0.009144
1080,0.007856,0.005248,0.066094,0.072446,0.059700,-0.012746
1081,0.007854,0.006231,0.066106,0.078936,0.059700,-0.019236
1082,0.007847,0.000273,0.066060,0.016527,-0.029900,-0.013373
1083,0.007840,0.000029,0.066003,0.005377,0.000000,0.005377
1084,0.007834,0.001024,0.065972,0.031996,0.029900,-0.002096
1085,0.007829,0.003169,0.065963,0.056294,-0.059700,-0.003406
1086,0.007824,0.002035,0.065944,0.045110,0.029800,-0.015310
1087,0.007817,0.000011,0.065886,0.003339,0.000000,0.003339
1088,0.007819,0.010058,0.065918,0.100291,0.104500,0.004209
1089,0.007812,0.000294,0.065873,0.017158,0.029900,0.012742
1090,0.007808,0.003206,0.065864,0.056620,-0.044800,0.011820
1091,0.007805,0.004696,0.065867,0.068526,0.074600,0.006074
1092,0.007799,0.001544,0.065842,0.039292,-0.029800,0.009492
1093,0.007852,0.065684,0.066017,0.256288,0.253700,-0.002588
1094,0.007985,0.152409,0.066315,0.390396,-0.388100,0.002296
1095,0.008034,0.061470,0.066481,0.247931,0.298500,0.050569
1096,0.008053,0.029421,0.066577,0.171527,-0.238800,-0.067273
1097,0.008048,0.001886,0.066556,0.043424,0.029900,-0.013524
1098,0.008084,0.047526,0.066694,0.218004,0.208900,-0.009104
1099,0.008077,0.000447,0.066653,0.021133,-0.074600,-0.053467
1100,0.008070,0.000321,0.066608,0.017910,-0.029800,-0.011890
1101,0.008066,0.004237,0.066607,0.065091,-0.089600,-0.024509
1102,0.008064,0.005417,0.066613,0.073600,0.029900,-0.043700
1103,0.008058,0.001625,0.066589,0.040311,0.000000,-0.040311
1104,0.008058,0.008345,0.066612,0.091349,0.089500,-0.001849
1105,0.008062,0.011709,0.066650,0.108209,0.104500,-0.003709
1106,0.008062,0.008006,0.066670,0.089477,0.059700,-0.029777
1107,0.008061,0.007875,0.066690,0.088744,0.074600,-0.014144
1108,0.008057,0.003184,0.066681,0.056429,-0.074600,-0.018171
1109,0.008050,0.000120,0.066631,0.010934,0.000000,-0.010934
1110,0.008049,0.007477,0.066649,0.086467,-0.089600,-0.003133
1111,0.008054,0.013275,0.066693,0.115219,0.119400,0.004181
1112,0.008047,0.000835,0.066658,0.028900,0.044800,0.015900
1113,0.008046,0.006129,0.066669,0.078286,0.089600,0.011314
1114,0.008049,0.011399,0.066705,0.106768,-0.104500,0.002268
1115,0.008042,0.000869,0.066672,0.029483,-0.029900,-0.000417
1116,0.008072,0.041212,0.066794,0.203008,-0.164100,0.038908
1117,0.008080,0.016526,0.066850,0.128555,-0.089600,0.038955
1118,0.008089,0.017983,0.066910,0.134101,0.164200,0.030099
1119,0.008084,0.002619,0.066896,0.051178,0.029800,-0.021378
1120,0.008080,0.003409,0.066888,0.058386,-0.059700,-0.001314
1121,0.008076,0.003690,0.066883,0.060749,-0.044700,0.016049
1122,0.008069,0.000704,0.066847,0.026525,0.000000,-0.026525
1123,0.008062,0.000364,0.066804,0.019072,0.014900,-0.004172
1124,0.008062,0.007739,0.066823,0.087970,0.089500,0.001530
1125,0.008056,0.001506,0.066798,0.038801,0.000000,0.038801
1126,0.008050,0.000873,0.066765,0.029544,0.000000,-0.029544
1127,0.008114,0.080329,0.066958,0.283424,-0.253700,0.029724
1128,0.008109,0.003094,0.066948,0.055621,-0.044800,0.010821
1129,0.008129,0.029993,0.067042,0.173186,-0.149200,0.023986
1130,0.008145,0.026636,0.067127,0.163206,0.179100,0.015894
1131,0.008150,0.012883,0.067169,0.113502,-0.089600,0.023902
1132,0.008143,0.000584,0.067130,0.024159,-0.029800,-0.005641
1133,0.008138,0.002240,0.067113,0.047328,-0.059700,-0.012372
1134,0.008138,0.008554,0.067135,0.092489,-0.104500,-0.012011
1135,0.008152,0.024481,0.067214,0.156463,0.164200,0.007737
1136,0.008153,0.009057,0.067239,0.095167,-0.074600,0.020567
1137,0.008146,0.000109,0.067189,0.010430,0.000000,-0.010430
1138,0.008147,0.009399,0.067215,0.096946,0.074600,-0.022346
1139,0.008140,0.000093,0.067164,0.009629,-0.029900,-0.020271
1140,0.008133,0.000296,0.067120,0.017193,0.000000,-0.017193
1141,0.008147,0.023773,0.067197,0.154187,-0.134300,0.019887
1142,0.008140,0.000068,0.067145,0.008219,0.000000,-0.008219
1143,0.008189,0.063497,0.067307,0.251987,0.223900,-0.028087
1144,0.008183,0.002254,0.067290,0.047478,-0.059700,-0.012222
1145,0.008212,0.040367,0.067407,0.200916,0.164200,-0.036716
1146,0.008204,0.000015,0.067352,0.003925,0.000000,-0.003925
1147,0.008197,0.000249,0.067306,0.015783,0.000000,-0.015783
1148,0.008190,0.000270,0.067262,0.016436,-0.029900,-0.013464
1149,0.008192,0.009893,0.067290,0.099465,-0.134300,-0.034835
1150,0.008201,0.018846,0.067351,0.137281,-0.164200,-0.026919
1151,0.008283,0.101692,0.067570,0.318891,0.298500,-0.020391
1152,0.008276,0.000095,0.067520,0.009764,-0.014900,-0.024664
1153,0.008269,0.000763,0.067485,0.027629,0.014900,-0.012729
1154,0.008262,0.000000,0.067427,0.000648,-0.014900,-0.014252
1155,0.008255,0.000294,0.067384,0.017151,-0.029900,-0.012749
1156,0.008258,0.012267,0.067421,0.110758,-0.149200,-0.038442
1157,0.008258,0.007941,0.067440,0.089113,0.089500,0.000387
1158,0.008259,0.009534,0.067466,0.097644,0.134400,0.036756
1159,0.008254,0.002526,0.067451,0.050254,-0.074700,-0.024446
1160,0.008289,0.048572,0.067584,0.220391,0.194100,-0.026291
1161,0.008282,0.000002,0.067526,0.001429,-0.029900,-0.031329
1162,0.008275,0.000020,0.067472,0.004491,-0.029800,-0.034291
1163,0.008268,0.000462,0.067432,0.021497,-0.029900,-0.008403
1164,0.008262,0.000656,0.067396,0.025616,0.000000,-0.025616
1165,0.008255,0.000737,0.067362,0.027140,0.029900,0.002760
1166,0.008253,0.005542,0.067368,0.074447,0.059700,-0.014747
1167,0.008249,0.003371,0.067360,0.058060,-0.029900,0.028160
1168,0.008242,0.000068,0.067309,0.008245,0.000000,0.008245
1169,0.008255,0.024306,0.067385,0.155904,-0.134300,0.021604
1170,0.008249,0.000446,0.067345,0.021126,0.000000,0.021126
1171,0.008242,0.000638,0.067309,0.025260,-0.029900,-0.004640
1172,0.008235,0.000003,0.067253,0.001669,0.000000,0.001669
1173,0.008293,0.075977,0.067431,0.275639,-0.253700,0.021939
1174,0.008289,0.003715,0.067426,0.060950,0.000000,0.060950
1175,0.008289,0.007765,0.067443,0.088121,0.104500,0.016379
1176,0.008285,0.004099,0.067440,0.064027,0.059700,-0.004327
1177,0.008278,0.000496,0.067402,0.022279,0.029800,0.052079
1178,0.008272,0.000287,0.067359,0.016928,0.000000,0.016928
1179,0.008267,0.002391,0.067343,0.048898,-0.029800,0.019098
1180,0.008267,0.008333,0.067364,0.091283,0.059700,-0.031583
1181,0.008267,0.009108,0.067387,0.095437,-0.089600,0.005837
1182,0.008273,0.015000,0.067434,0.122475,0.149300,0.026825
1183,0.008269,0.002992,0.067423,0.054704,-0.059700,-0.004996
1184,0.008264,0.003055,0.067413,0.055270,0.029800,-0.025470
1185,0.008257,0.000000,0.067356,0.000068,0.000000,-0.000068
1186,0.008250,0.000139,0.067309,0.011783,0.000000,0.011783
1187,0.008249,0.006529,0.067321,0.080800,-0.059700,0.021100
1188,0.008244,0.002018,0.067302,0.044922,-0.029800,0.015122
1189,0.008239,0.002471,0.067287,0.049709,-0.029900,0.019809
1190,0.008232,0.000809,0.067254,0.028449,0.029900,0.001451
1191,0.008230,0.004940,0.067257,0.070284,-0.059700,0.010584
1192,0.008223,0.000001,0.067201,0.001113,0.000000,0.001113
1193,0.008216,0.000043,0.067150,0.006589,0.029800,0.023211
1194,0.008209,0.000012,0.067096,0.003409,0.029900,0.026491
1195,0.008211,0.010351,0.067125,0.101739,-0.074600,0.027139
1196,0.008217,0.015429,0.067173,0.124215,-0.089600,0.034615
1197,0.008211,0.001642,0.067151,0.040525,0.104500,0.063975
1198,0.008205,0.001184,0.067124,0.034403,-0.014900,0.019503
1199,0.008199,0.000380,0.067084,0.019501,0.000000,-0.019501
1200,0.008192,0.000131,0.067037,0.011466,0.014900,0.003434
1201,0.008185,0.000003,0.066983,0.001601,-0.014900,-0.013299
1202,0.008188,0.011423,0.067016,0.106878,-0.089600,0.017278
1203,0.008189,0.008907,0.067039,0.094378,0.089600,-0.004778
1204,0.008182,0.000068,0.066990,0.008237,0.000000,0.008237
1205,0.008179,0.004678,0.066991,0.068393,-0.089600,-0.021207
1206,0.008194,0.025777,0.067069,0.160551,0.164200,0.003649
1207,0.008206,0.022528,0.067138,0.150092,-0.164200,-0.014108
1208,0.008199,0.000023,0.067086,0.004759,0.000000,-0.004759
1209,0.008197,0.005723,0.067093,0.075653,0.089600,0.013947
1210,0.008190,0.000011,0.067040,0.003305,0.000000,-0.003305
1211,0.008183,0.000035,0.066989,0.005920,0.000000,-0.005920
1212,0.008176,0.000007,0.066936,0.002728,0.000000,0.002728
1213,0.008171,0.002105,0.066919,0.045881,0.044700,-0.001181
1214,0.008165,0.000121,0.066873,0.010994,0.000000,-0.010994
1215,0.008164,0.007003,0.066887,0.083685,0.059700,-0.023985
1216,0.008157,0.000139,0.066841,0.011801,0.000000,0.011801
1217,0.008152,0.001579,0.066819,0.039741,0.029900,-0.009841
1218,0.008153,0.010005,0.066846,0.100025,0.074600,-0.025425
1219,0.008147,0.000086,0.066799,0.009272,-0.014900,-0.024172
1220,0.008144,0.005458,0.066805,0.073881,0.104500,0.030619
1221,0.008139,0.001425,0.066781,0.037752,-0.029900,0.007852
1222,0.008134,0.002614,0.066768,0.051131,-0.059700,-0.008569
1223,0.008128,0.000067,0.066720,0.008187,0.000000,-0.008187
1224,0.008129,0.009164,0.066744,0.095728,0.089600,-0.006128
1225,0.008129,0.008547,0.066765,0.092450,-0.104500,-0.012050
1226,0.008131,0.011147,0.066796,0.105578,-0.089600,0.015978
1227,0.008136,0.014153,0.066839,0.118965,0.134400,0.015435
1228,0.008130,0.000363,0.066800,0.019043,-0.029900,-0.010857
1229,0.008128,0.005401,0.066805,0.073494,0.059700,-0.013794
1230,0.008122,0.000948,0.066776,0.030797,-0.029800,0.000997
1231,0.008117,0.001912,0.066757,0.043723,-0.044800,-0.001077
1232,0.008115,0.005446,0.066763,0.073797,-0.059700,0.014097
1233,0.008145,0.045139,0.066882,0.212459,-0.223900,-0.011441
1234,0.008138,0.000339,0.066842,0.018412,0.000000,0.018412
1235,0.008132,0.000039,0.066793,0.006253,0.000000,-0.006253
1236,0.008131,0.007262,0.066808,0.085220,0.104500,0.019280
1237,0.008125,0.000023,0.066758,0.004820,0.000000,-0.004820
1238,0.008118,0.000095,0.066711,0.009744,-0.014900,-0.005156
1239,0.008113,0.002314,0.066696,0.048104,0.044700,-0.003404
1240,0.008107,0.000079,0.066650,0.008891,0.000000,-0.008891
1241,0.008135,0.043172,0.066764,0.207779,0.223900,0.016121
1242,0.008129,0.000862,0.066733,0.029368,-0.029800,-0.000432
1243,0.008127,0.005759,0.066741,0.075890,0.119400,0.043510
1244,0.008121,0.000279,0.066700,0.016709,0.014900,-0.001809
1245,0.008115,0.000406,0.066663,0.020147,0.000000,-0.020147
1246,0.008130,0.026537,0.066740,0.162900,0.149200,-0.013700
1247,0.008154,0.037929,0.066843,0.194753,0.194100,-0.000653
1248,0.008222,0.093752,0.067036,0.306190,-0.343300,-0.037110
1249,0.008268,0.064334,0.067186,0.253642,0.283600,0.029958
1250,0.008308,0.059256,0.067327,0.243425,-0.253800,-0.010375
1251,0.008302,0.000254,0.067286,0.015950,-0.044700,-0.028750
1252,0.008311,0.019757,0.067345,0.140560,0.164100,0.023540
1253,0.008346,0.051735,0.067473,0.227453,-0.223800,0.003653
1254,0.008346,0.008026,0.067491,0.089587,0.059700,-0.029887
1255,0.008347,0.010064,0.067517,0.100320,-0.119400,-0.019080
1256,0.008346,0.006793,0.067529,0.082418,-0.134400,-0.051982
1257,0.008348,0.011520,0.067560,0.107330,0.104500,-0.002830
1258,0.008343,0.001792,0.067540,0.042333,0.059700,0.017367
1259,0.008386,0.062554,0.067686,0.250107,-0.223900,0.026207
1260,0.008386,0.008204,0.067704,0.090576,-0.044700,0.045876
1261,0.008381,0.001721,0.067683,0.041480,0.014900,-0.026580
1262,0.008384,0.011822,0.067716,0.108730,-0.104500,0.004230
1263,0.008385,0.009548,0.067740,0.097716,0.089600,-0.008116
1264,0.008387,0.011254,0.067770,0.106085,-0.089600,0.016485
1265,0.008404,0.030499,0.067855,0.174640,0.164200,-0.010440
1266,0.008398,0.000070,0.067808,0.008363,-0.029900,-0.021537
1267,0.008400,0.011747,0.067840,0.108383,-0.134300,-0.025917
1268,0.008409,0.018747,0.067894,0.136920,0.164200,0.027280
1269,0.008405,0.004000,0.067891,0.063247,0.089500,0.026253
1270,0.008401,0.003547,0.067884,0.059553,0.074700,0.015147
1271,0.008395,0.000542,0.067849,0.023270,-0.044800,-0.021530
1272,0.008393,0.006382,0.067858,0.079890,0.000000,-0.079890
1273,0.008388,0.001354,0.067834,0.036793,-0.059700,-0.022907
1274,0.008382,0.001168,0.067807,0.034179,-0.029900,-0.064079
1275,0.008381,0.006245,0.067816,0.079026,0.059700,-0.019326
1276,0.008383,0.011160,0.067846,0.105642,-0.089500,0.016142
1277,0.008386,0.012646,0.067881,0.112453,0.089500,-0.022953
1278,0.008380,0.000412,0.067844,0.020286,-0.029800,-0.009514
1279,0.008376,0.002953,0.067833,0.054339,0.059700,0.005361
1280,0.008369,0.000075,0.067787,0.008675,0.000000,-0.008675
1281,0.008372,0.012220,0.067820,0.110546,-0.089600,0.020946
1282,0.008369,0.003872,0.067816,0.062229,-0.059700,0.002529
1283,0.008362,0.000373,0.067778,0.019316,-0.044700,-0.025384
1284,0.008358,0.003084,0.067768,0.055531,0.044700,-0.010831
1285,0.008363,0.014597,0.067810,0.120818,-0.134300,-0.013482
1286,0.008371,0.018384,0.067863,0.135588,0.134300,-0.001288
1287,0.008375,0.013481,0.067900,0.116109,-0.134300,-0.018191
1288,0.008373,0.006188,0.067909,0.078663,0.089600,0.010937
1289,0.008369,0.003715,0.067903,0.060953,0.074600,0.013647
1290,0.008363,0.000016,0.067854,0.004054,-0.029900,-0.033954
1291,0.008358,0.001982,0.067835,0.044517,-0.044700,-0.000183
1292,0.008359,0.009169,0.067857,0.095755,-0.089600,0.006155
1293,0.008355,0.002988,0.067847,0.054663,0.089600,0.034937
1294,0.008350,0.002188,0.067831,0.046778,0.044700,-0.002078
1295,0.008343,0.000251,0.067790,0.015833,0.029900,0.014067
1296,0.008341,0.004574,0.067790,0.067632,0.029800,-0.037832
1297,0.008335,0.000762,0.067759,0.027605,0.000000,-0.027605
1298,0.008329,0.001461,0.067736,0.038224,-0.059700,-0.021476
1299,0.008324,0.001028,0.067709,0.032067,-0.044700,-0.012633
1300,0.008323,0.007862,0.067725,0.088669,0.074600,-0.014069
1301,0.008322,0.007167,0.067738,0.084655,-0.059700,0.024955
1302,0.008318,0.002785,0.067726,0.052769,0.059700,0.006931
1303,0.008314,0.002347,0.067712,0.048447,-0.059700,-0.011253
1304,0.008363,0.072198,0.067866,0.268698,0.253700,-0.014998
1305,0.008374,0.023224,0.067931,0.152394,-0.194000,-0.041606
1306,0.008389,0.027171,0.068006,0.164837,-0.164200,0.000637
1307,0.008388,0.007169,0.068018,0.084669,0.104500,0.019831
1308,0.008382,0.000783,0.067988,0.027981,0.000000,-0.027981
1309,0.008401,0.032958,0.068075,0.181543,0.194000,0.012457
1310,0.008395,0.001038,0.068047,0.032219,-0.014900,-0.047119
1311,0.008423,0.044486,0.068157,0.210917,0.208900,-0.002017
1312,0.008437,0.027824,0.068232,0.166805,-0.194000,-0.027195
1313,0.008431,0.000154,0.068189,0.012420,0.000000,-0.012420
1314,0.008427,0.003523,0.068183,0.059358,-0.074600,-0.015242
1315,0.008429,0.010658,0.068209,0.103235,0.074600,-0.028635
1316,0.008423,0.000651,0.068177,0.025514,0.000000,0.025514
1317,0.008429,0.015538,0.068220,0.124653,-0.164200,-0.039547
1318,0.008446,0.031572,0.068303,0.177686,0.164200,-0.013486
1319,0.008446,0.008064,0.068319,0.089800,-0.104500,-0.014700
1320,0.008583,0.188454,0.068597,0.434113,0.417900,-0.016213
1321,0.008580,0.005121,0.068600,0.071560,0.000000,-0.071560
1322,0.008622,0.064398,0.068740,0.253768,-0.223800,0.029968
1323,0.008616,0.000009,0.068690,0.002930,0.029800,0.032730
1324,0.008610,0.000617,0.068657,0.024837,-0.029800,-0.004963
1325,0.008610,0.008808,0.068676,0.093851,0.074600,-0.019251
1326,0.008610,0.008535,0.068694,0.092387,-0.104500,-0.012113