# TEST CONFIGURATION BEGIN
# File Stream: filename: hourly_bikesharing_windspeed.csv  -  n_targets: 1
# [hourly_bikesharing_windspeed_ADE_HETERO_SIZE_12] Pipeline: Array BaseStreamModel: base_models: [<skmultiflow.lazy.knn_forecast.KNNForecast object at 0x7f2251278f98>, <skmultiflow.lazy.knn_forecast.KNNForecast object at 0x7f2251280048>, <skmultiflow.lazy.knn_forecast.KNNForecast object at 0x7f22512800b8>, <skmultiflow.lazy.knn_forecast.KNNForecast object at 0x7f2251280128>, <skmultiflow.lazy.knn_forecast.KNNForecast object at 0x7f2251280198>, <skmultiflow.lazy.knn_forecast.KNNForecast object at 0x7f2251280208>, <skmultiflow.trees.regression_hoeffding_tree.RegressionHoeffdingTree object at 0x7f2251280278>, <skmultiflow.trees.regression_hoeffding_tree.RegressionHoeffdingTree object at 0x7f22512802b0>, <skmultiflow.trees.regression_hoeffding_tree.RegressionHoeffdingTree object at 0x7f22512802e8>, <skmultiflow.trees.regression_hoeffding_adaptive_tree.RegressionHAT object at 0x7f2251280320>, <skmultiflow.trees.regression_hoeffding_adaptive_tree.RegressionHAT object at 0x7f2251280358>, <skmultiflow.trees.regression_hoeffding_adaptive_tree.RegressionHAT object at 0x7f2251280390>]
 Array BaseStreamModel: base_models: [<skmultiflow.lazy.knn_forecast.KNNForecast object at 0x7f2251278f98>, <skmultiflow.lazy.knn_forecast.KNNForecast object at 0x7f2251280048>, <skmultiflow.lazy.knn_forecast.KNNForecast object at 0x7f22512800b8>, <skmultiflow.lazy.knn_forecast.KNNForecast object at 0x7f2251280128>, <skmultiflow.lazy.knn_forecast.KNNForecast object at 0x7f2251280198>, <skmultiflow.lazy.knn_forecast.KNNForecast object at 0x7f2251280208>, <skmultiflow.trees.regression_hoeffding_tree.RegressionHoeffdingTree object at 0x7f2251280278>, <skmultiflow.trees.regression_hoeffding_tree.RegressionHoeffdingTree object at 0x7f22512802b0>, <skmultiflow.trees.regression_hoeffding_tree.RegressionHoeffdingTree object at 0x7f22512802e8>, <skmultiflow.trees.regression_hoeffding_adaptive_tree.RegressionHAT object at 0x7f2251280320>, <skmultiflow.trees.regression_hoeffding_adaptive_tree.RegressionHAT object at 0x7f2251280358>, <skmultiflow.trees.regression_hoeffding_adaptive_tree.RegressionHAT object at 0x7f2251280390>]
# Prequential Evaluator: n_wait: 1 - max_samples: 600000 - max_time: 10000000 - output_file: hourly_bikesharing_windspeed_ADE_HETERO_SIZE_12_SIZE_12 - batch_size: 1 - pretrain_size: 5 - task_type: regression - show_plot: False - metrics: ['mean_square_error', 'mean_absolute_error', 'true_vs_predicted']
# TEST CONFIGURATION END
id,global_mse_[hourly_bikesharing_windspeed_ADE_HETERO_SIZE_12],sliding_mse_[hourly_bikesharing_windspeed_ADE_HETERO_SIZE_12],global_mae_[hourly_bikesharing_windspeed_ADE_HETERO_SIZE_12],sliding_mae_[hourly_bikesharing_windspeed_ADE_HETERO_SIZE_12],true_value_[hourly_bikesharing_windspeed_ADE_HETERO_SIZE_12],predicted_value_[hourly_bikesharing_windspeed_ADE_HETERO_SIZE_12]
5,0.002621,0.002621,0.051201,0.051201,-0.014900,0.036301
6,0.002195,0.001769,0.046628,0.042056,-0.029900,0.012156
7,0.001566,0.000309,0.036941,0.017565,0.000000,-0.017565
8,0.001175,0.000000,0.027826,0.000483,0.000000,0.000483
9,0.001417,0.002387,0.032033,0.048861,-0.059700,-0.010839
10,0.001339,0.000950,0.031830,0.030816,0.029900,-0.000916
11,0.001617,0.003285,0.035470,0.057311,0.074600,0.017289
12,0.001611,0.001570,0.035990,0.039627,0.000000,0.039627
13,0.001781,0.003138,0.038215,0.056019,-0.044800,0.011219
14,0.001702,0.000996,0.037549,0.031552,0.029900,-0.001652
15,0.002906,0.014943,0.045249,0.122243,-0.089600,0.032643
16,0.002679,0.000182,0.042601,0.013473,0.000000,-0.013473
17,0.003339,0.011261,0.047486,0.106116,0.104500,-0.001616
18,0.004872,0.024798,0.055343,0.157475,-0.104500,0.052975
19,0.004688,0.002116,0.054720,0.045996,0.029900,-0.016096
20,0.004395,0.000000,0.051331,0.000505,0.000000,-0.000505
21,0.004450,0.005323,0.052603,0.072956,0.000000,0.072956
22,0.004211,0.000152,0.050365,0.012323,0.029800,0.017477
23,0.004023,0.000640,0.049046,0.025294,0.044800,0.019506
24,0.006106,0.045691,0.057281,0.213753,-0.164200,0.049553
25,0.006394,0.012139,0.059800,0.110177,0.059700,-0.050477
26,0.006184,0.001775,0.058997,0.042134,-0.029800,0.012334
27,0.005928,0.000295,0.057179,0.017174,0.000000,0.017174
28,0.005718,0.000889,0.056039,0.029819,0.029800,-0.000019
29,0.006191,0.017555,0.059097,0.132496,0.134400,0.001904
30,0.006056,0.002672,0.058812,0.051694,0.119400,0.067706
31,0.006288,0.012332,0.060747,0.111050,-0.089600,0.021450
32,0.006155,0.002554,0.060383,0.050542,-0.029800,0.020742
33,0.005966,0.000668,0.059192,0.025844,-0.029900,-0.004056
34,0.006682,0.027450,0.062741,0.165680,-0.134300,0.031380
35,0.007745,0.039648,0.067140,0.199117,0.194000,-0.005117
36,0.007582,0.002511,0.066608,0.050108,0.059700,0.009592
37,0.007526,0.005748,0.066887,0.075817,-0.029800,0.046017
38,0.007326,0.000715,0.065706,0.026736,-0.104500,-0.077764
39,0.007394,0.009694,0.066642,0.098458,0.104500,0.006042
40,0.008988,0.064777,0.071861,0.254513,-0.194100,0.060413
41,0.009034,0.010692,0.072713,0.103404,0.089600,-0.013804
42,0.008915,0.004526,0.072570,0.067272,0.104500,0.037228
43,0.010002,0.051325,0.076518,0.226549,-0.134400,0.092149
44,0.010109,0.014271,0.077592,0.119462,0.074700,-0.044762
45,0.009869,0.000272,0.076101,0.016478,-0.029900,-0.013422
46,0.009738,0.004376,0.075864,0.066154,-0.014900,0.051254
47,0.009540,0.001224,0.074914,0.034983,0.000000,-0.034983
48,0.009478,0.006777,0.075082,0.082323,-0.029900,0.052423
49,0.009308,0.001847,0.074369,0.042982,0.000000,0.042982
50,0.009140,0.001565,0.073612,0.039565,-0.029800,0.009765
51,0.009603,0.030892,0.075785,0.175762,-0.119400,0.056362
52,0.009582,0.008617,0.076141,0.092830,-0.104500,-0.011670
53,0.009678,0.014294,0.077027,0.119559,0.104500,-0.015059
54,0.009519,0.001709,0.076313,0.041335,0.029800,-0.011535
55,0.009335,0.000165,0.075069,0.012862,0.000000,0.012862
56,0.009167,0.000579,0.074088,0.024068,-0.029800,-0.005732
57,0.008999,0.000243,0.072984,0.015590,0.000000,0.015590
58,0.008842,0.000555,0.072069,0.023554,0.000000,0.023554
59,0.008703,0.001174,0.071381,0.034265,0.029800,-0.004465
60,0.008621,0.004136,0.071255,0.064312,-0.044700,0.019612
61,0.008506,0.002026,0.070795,0.045008,0.014900,-0.030108
62,0.008365,0.000373,0.069907,0.019310,0.000000,-0.019310
63,0.008240,0.000975,0.069251,0.031219,0.029800,-0.001419
64,0.008111,0.000504,0.068471,0.022451,0.029900,0.007449
65,0.008038,0.003657,0.068340,0.060469,0.059700,-0.000769
66,0.008046,0.008528,0.068727,0.092347,0.104500,0.012153
67,0.007921,0.000145,0.067828,0.012054,-0.029900,-0.017846
68,0.008054,0.016430,0.068771,0.128178,-0.134300,-0.006122
69,0.008020,0.005873,0.068892,0.076635,0.029800,-0.046835
70,0.007909,0.000673,0.068241,0.025945,0.029900,0.003955
71,0.007804,0.000867,0.067662,0.029453,0.029800,0.000347
72,0.007690,0.000060,0.066781,0.007747,0.000000,-0.007747
73,0.007579,0.000049,0.065915,0.007008,-0.029800,-0.036808
74,0.007473,0.000175,0.065162,0.013238,-0.029900,-0.043138
75,0.007403,0.002516,0.064951,0.050155,-0.089500,-0.039345
76,0.007301,0.000013,0.064099,0.003644,0.000000,0.003644
77,0.007464,0.019221,0.065120,0.138640,-0.104500,0.034140
78,0.007452,0.006578,0.065336,0.081107,0.089600,0.008493
79,0.007358,0.000397,0.064731,0.019915,0.000000,-0.019915
80,0.007380,0.009037,0.065130,0.095062,-0.089600,0.005462
81,0.007431,0.011300,0.065665,0.106301,0.089600,-0.016701
82,0.007343,0.000553,0.065124,0.023526,0.000000,0.023526
83,0.007312,0.004934,0.065189,0.070245,0.134300,0.064055
84,0.007287,0.005284,0.065283,0.072690,-0.059700,0.012990
85,0.007202,0.000433,0.064734,0.020799,0.059700,0.038901
86,0.007138,0.001961,0.064484,0.044284,-0.029900,0.014384
87,0.007135,0.006848,0.064705,0.082754,0.104500,0.021746
88,0.007059,0.000743,0.064259,0.027249,0.029900,0.057149
89,0.006976,0.000008,0.063535,0.002759,0.000000,0.002759
90,0.006896,0.000083,0.062902,0.009116,0.000000,-0.009116
91,0.006830,0.001192,0.062576,0.034530,0.000000,-0.034530
92,0.006761,0.000731,0.062172,0.027043,-0.029900,-0.002857
93,0.006761,0.006759,0.062398,0.082211,-0.104500,-0.022289
94,0.006686,0.000022,0.061757,0.004720,0.000000,-0.004720
95,0.006721,0.009839,0.062168,0.099191,-0.104400,-0.005209
96,0.006787,0.012806,0.062722,0.113164,0.104400,-0.008764
97,0.006728,0.001362,0.062445,0.036902,-0.059700,-0.022798
98,0.006658,0.000114,0.061894,0.010672,-0.029800,-0.019128
99,0.006642,0.005145,0.061997,0.071725,0.059700,-0.012025
100,0.006573,0.000013,0.061390,0.003633,0.029800,0.033433
101,0.006631,0.012214,0.061896,0.110515,-0.059700,0.050815
102,0.006716,0.014903,0.062510,0.122079,-0.134300,-0.012221
103,0.006651,0.000275,0.062046,0.016594,0.000000,0.016594
104,0.006584,0.000005,0.061447,0.002157,0.000000,0.002157
105,0.006539,0.002067,0.061289,0.045465,0.000000,0.045465
106,0.006526,0.005186,0.061394,0.072011,0.089600,0.017589
107,0.006465,0.000214,0.060940,0.014638,0.000000,0.014638
108,0.006408,0.000584,0.060587,0.024158,0.014900,-0.009258
109,0.006442,0.009893,0.060957,0.099465,-0.104500,-0.005035
110,0.006382,0.000108,0.060480,0.010386,0.000000,0.010386
111,0.006323,0.000080,0.059998,0.008969,0.000000,0.008969
112,0.006271,0.000690,0.059686,0.026273,0.000000,0.026273
113,0.006292,0.008575,0.059988,0.092604,0.089600,-0.003004
114,0.006282,0.005234,0.060100,0.072345,-0.089600,-0.017255
115,0.006393,0.018546,0.060786,0.136184,0.104500,-0.031684
116,0.006411,0.008477,0.061065,0.092071,0.059700,-0.032371
117,0.006648,0.033171,0.062137,0.182130,-0.164200,0.017930
118,0.006942,0.040114,0.063348,0.200285,0.164200,-0.036085
119,0.006883,0.000192,0.062918,0.013863,0.000000,0.013863
120,0.006905,0.009445,0.063214,0.097184,-0.029900,0.067284
121,0.006847,0.000075,0.062747,0.008655,-0.044700,-0.036045
122,0.006832,0.005140,0.062823,0.071694,0.074600,0.002906
123,0.006782,0.000887,0.062545,0.029775,0.059700,0.029925
124,0.006798,0.008630,0.062798,0.092895,0.059700,-0.033195
125,0.006804,0.007517,0.062996,0.086702,-0.089600,-0.002898
126,0.006787,0.004753,0.063045,0.068946,0.000000,-0.068946
127,0.006742,0.001247,0.062819,0.035318,0.029900,-0.005418
128,0.006698,0.001251,0.062598,0.035367,0.000000,0.035367
129,0.006740,0.012059,0.062975,0.109812,-0.089600,0.020212
130,0.006826,0.017507,0.063526,0.132312,-0.134300,-0.001988
131,0.006775,0.000366,0.063176,0.019132,0.000000,-0.019132
132,0.006949,0.029086,0.064015,0.170547,0.134300,-0.036247
133,0.007005,0.014128,0.064440,0.118863,0.119400,0.000537
134,0.006956,0.000668,0.064143,0.025850,0.044800,0.018950
135,0.006920,0.002252,0.064016,0.047455,0.029900,-0.017555
136,0.006954,0.011409,0.064340,0.106812,-0.104500,0.002312
137,0.006920,0.002385,0.064224,0.048840,0.029800,-0.019040
138,0.006871,0.000367,0.063887,0.019163,0.029900,0.010737
139,0.006855,0.004761,0.063925,0.069001,-0.029900,0.039101
140,0.006846,0.005605,0.064006,0.074868,-0.089500,-0.014632
141,0.006811,0.002071,0.063871,0.045508,0.000000,-0.045508
142,0.006955,0.026629,0.064590,0.163185,-0.164200,-0.001015
143,0.007021,0.016186,0.065041,0.127224,0.089600,-0.037624
144,0.006974,0.000412,0.064721,0.020297,0.000000,0.020297
145,0.006929,0.000583,0.064434,0.024151,0.014900,0.039051
146,0.006881,0.000189,0.064077,0.013757,0.029800,0.016043
147,0.006834,0.000066,0.063685,0.008105,0.029900,0.021795
148,0.006792,0.000836,0.063444,0.028915,0.000000,0.028915
149,0.006746,0.000163,0.063094,0.012749,0.000000,-0.012749
150,0.006778,0.011346,0.063392,0.106519,-0.074600,0.031919
151,0.006772,0.005843,0.063480,0.076442,-0.089600,-0.013158
152,0.006990,0.039122,0.064388,0.197793,0.164200,-0.033593
153,0.006943,0.000025,0.063990,0.005047,0.000000,-0.005047
154,0.006897,0.000046,0.063608,0.006762,0.000000,-0.006762
155,0.006852,0.000000,0.063187,0.000013,0.000000,-0.000013
156,0.006890,0.012636,0.063511,0.112411,-0.059700,0.052711
157,0.006845,0.000072,0.063151,0.008498,0.000000,0.008498
158,0.006801,0.000031,0.062777,0.005556,0.000000,0.005556
159,0.006762,0.000823,0.062557,0.028683,0.059700,0.031017
160,0.006998,0.043555,0.063494,0.208699,0.223900,0.015201
161,0.007006,0.008171,0.063666,0.090396,-0.029900,0.060496
162,0.006971,0.001563,0.063513,0.039539,-0.029800,0.009739
163,0.007206,0.044241,0.064436,0.210336,0.164100,-0.046236
164,0.007214,0.008571,0.064612,0.092580,-0.044700,0.047880
165,0.007171,0.000308,0.064320,0.017545,0.000000,-0.017545
166,0.007205,0.012564,0.064615,0.112090,0.104400,-0.007690
167,0.007689,0.086092,0.066018,0.293414,-0.253700,0.039714
168,0.007642,0.000134,0.065686,0.011573,-0.044800,-0.056373
169,0.007597,0.000217,0.065378,0.014732,0.000000,0.014732
170,0.007568,0.002729,0.065298,0.052240,0.104500,0.052260
171,0.007523,0.000000,0.064907,0.000003,0.029900,0.029897
172,0.007498,0.003309,0.064863,0.057525,0.059700,0.002175
173,0.007488,0.005855,0.064932,0.076517,-0.059700,0.016817
174,0.007512,0.011622,0.065185,0.107806,0.074600,-0.033206
175,0.007484,0.002663,0.065105,0.051608,0.000000,0.051608
176,0.007484,0.007401,0.065227,0.086027,-0.044800,0.041227
177,0.007789,0.060350,0.066270,0.245662,-0.223900,0.021762
178,0.007748,0.000564,0.066025,0.023752,0.000000,-0.023752
179,0.007756,0.009178,0.066196,0.095802,0.089600,-0.006202
180,0.007795,0.014640,0.066507,0.120995,-0.089600,0.031395
181,0.007771,0.003526,0.066467,0.059383,0.089600,0.030217
182,0.008103,0.066863,0.067546,0.258578,0.238800,-0.019778
183,0.008301,0.043544,0.068334,0.208672,-0.134300,0.074372
184,0.008330,0.013620,0.068603,0.116706,0.134300,0.017594
185,0.008372,0.015952,0.068922,0.126302,-0.074600,0.051702
186,0.008351,0.004496,0.068912,0.067054,0.000000,0.067054
187,0.008306,0.000139,0.068600,0.011797,0.014900,0.003103
188,0.008363,0.018694,0.068970,0.136725,-0.104500,0.032225
189,0.008358,0.007505,0.069065,0.086632,0.089600,0.002968
190,0.008315,0.000359,0.068796,0.018942,-0.059700,-0.040758
191,0.008281,0.001984,0.068666,0.044545,-0.059700,-0.015155
192,0.008258,0.003869,0.068632,0.062202,0.000000,-0.062202
193,0.008265,0.009689,0.068789,0.098430,-0.074700,0.023730
194,0.008299,0.014595,0.069063,0.120809,0.164200,0.043391
195,0.008381,0.023985,0.069512,0.154870,-0.119400,0.035470
196,0.008436,0.019012,0.069869,0.137885,-0.104500,0.033385
197,0.008458,0.012590,0.070088,0.112205,0.089600,-0.022605
198,0.008424,0.002007,0.069958,0.044794,0.000000,0.044794
199,0.008442,0.011870,0.070158,0.108950,-0.059700,0.049250
200,0.008403,0.000825,0.069946,0.028715,0.000000,-0.028715
201,0.008434,0.014434,0.070201,0.120142,-0.089600,0.030542
202,0.008465,0.014706,0.070459,0.121269,0.119400,-0.001869
203,0.008423,0.000088,0.070152,0.009371,0.029900,0.020529
204,0.008426,0.009023,0.070276,0.094989,-0.059700,0.035289
205,0.008397,0.002568,0.070178,0.050672,0.059700,0.009028
206,0.008378,0.004592,0.070167,0.067761,-0.029900,0.037861
207,0.008338,0.000281,0.069903,0.016768,0.044800,0.028032
208,0.008302,0.000929,0.069710,0.030483,-0.014900,0.015583
209,0.008262,0.000105,0.069420,0.010263,0.000000,0.010263
210,0.008222,0.000033,0.069111,0.005743,0.000000,-0.005743
211,0.008194,0.002285,0.069008,0.047805,-0.059700,-0.011895
212,0.008154,0.000035,0.068705,0.005916,0.000000,-0.005916
213,0.008151,0.007482,0.068790,0.086497,-0.089600,-0.003103
214,0.008114,0.000394,0.068557,0.019855,-0.029800,-0.009945
215,0.008179,0.021817,0.068932,0.147706,0.119400,-0.028306
216,0.008157,0.003541,0.068888,0.059506,-0.059700,-0.000194
217,0.008120,0.000227,0.068635,0.015058,0.000000,0.015058
218,0.008092,0.002070,0.068527,0.045497,0.029800,-0.015697
219,0.008065,0.002416,0.068437,0.049149,-0.029800,0.019349
220,0.008029,0.000178,0.068182,0.013339,0.000000,-0.013339
221,0.008010,0.003951,0.068157,0.062854,-0.059700,0.003154
222,0.007983,0.002143,0.068057,0.046296,0.059700,0.013404
223,0.007955,0.001806,0.067940,0.042496,0.029800,-0.012696
224,0.007930,0.002488,0.067858,0.049876,-0.059700,-0.009824
225,0.007894,0.000056,0.067585,0.007490,0.000000,-0.007490
226,0.007937,0.017328,0.067873,0.131636,-0.134300,-0.002664
227,0.007929,0.006085,0.067919,0.078004,0.089600,0.011596
228,0.007924,0.006894,0.067986,0.083030,0.074600,-0.008430
229,0.007889,0.000100,0.067728,0.009985,0.000000,0.009985
230,0.007861,0.001583,0.067605,0.039789,-0.029900,0.009889
231,0.007827,0.000049,0.067338,0.007001,-0.029800,-0.022799
232,0.007798,0.001172,0.067193,0.034233,-0.014900,0.019333
233,0.007765,0.000207,0.066962,0.014391,0.000000,-0.014391
234,0.007731,0.000010,0.066684,0.003099,0.000000,0.003099
235,0.007779,0.018937,0.066991,0.137613,0.134300,-0.003313
236,0.007746,0.000076,0.066740,0.008690,0.000000,0.008690
237,0.007775,0.014541,0.066971,0.120587,-0.119400,0.001187
238,0.007769,0.006293,0.067024,0.079327,-0.104500,-0.025173
239,0.007947,0.049573,0.067686,0.222651,0.194000,-0.028651
240,0.007986,0.017182,0.067955,0.131081,-0.104400,0.026681
241,0.007956,0.000901,0.067795,0.030016,0.014900,-0.015116
242,0.007923,0.000003,0.067517,0.001625,-0.014900,-0.016525
243,0.007890,0.000136,0.067283,0.011659,0.000000,0.011659
244,0.007857,0.000063,0.067036,0.007965,0.014900,0.006935
245,0.007826,0.000324,0.066832,0.017988,0.029800,0.011812
246,0.007794,0.000101,0.066598,0.010025,0.029900,0.019875
247,0.007762,0.000024,0.066344,0.004861,-0.029900,-0.025039
248,0.007731,0.000000,0.066073,0.000242,0.000000,-0.000242
249,0.007701,0.000558,0.065899,0.023614,0.029900,0.006286
250,0.007781,0.027396,0.066304,0.165516,0.164200,-0.001316
251,0.007820,0.017432,0.066570,0.132029,-0.104500,0.027529
252,0.007933,0.035820,0.067065,0.189263,0.164200,-0.025063
253,0.008067,0.041227,0.067611,0.203044,0.194000,-0.009044
254,0.008258,0.055825,0.068286,0.236273,-0.223900,0.012373
255,0.008226,0.000141,0.068061,0.011874,-0.029800,-0.041674
256,0.008250,0.014475,0.068268,0.120313,0.089500,-0.030813
257,0.008261,0.010804,0.068409,0.103943,-0.089500,0.014443
258,0.008240,0.003138,0.068361,0.056016,0.029800,-0.026216
259,0.008335,0.032440,0.068799,0.180110,0.164200,-0.015910
260,0.008351,0.012243,0.068962,0.110648,-0.104500,0.006148
261,0.008325,0.001890,0.068863,0.043473,-0.089500,-0.046027
262,0.008298,0.001308,0.068736,0.036161,0.000000,0.036161
263,0.008306,0.010270,0.068862,0.101342,0.119400,0.018058
264,0.008292,0.004651,0.068860,0.068198,-0.029900,0.038298
265,0.008366,0.027600,0.069232,0.166131,-0.134300,0.031831
266,0.008334,0.000146,0.069014,0.012089,0.000000,0.012089
267,0.008316,0.003445,0.068975,0.058696,0.074600,0.015904
268,0.008299,0.004011,0.068954,0.063329,-0.029800,0.033529
269,0.008301,0.008617,0.069044,0.092825,-0.074700,0.018125
270,0.008273,0.000859,0.068894,0.029312,0.044800,0.015488
271,0.008373,0.035091,0.069338,0.187325,-0.164200,0.023125
272,0.008342,0.000109,0.069118,0.010455,0.000000,0.010455
273,0.008312,0.000165,0.068909,0.012860,0.059700,0.046840
274,0.008316,0.009363,0.069012,0.096764,0.134400,0.037636
275,0.008287,0.000625,0.068850,0.025000,0.029800,0.004800
276,0.008310,0.014324,0.069037,0.119682,0.089600,-0.030082
277,0.008281,0.000377,0.068855,0.019420,-0.029900,-0.010480
278,0.008257,0.001715,0.068755,0.041418,0.029900,-0.011518
279,0.008245,0.004979,0.068762,0.070565,-0.059700,0.010865
280,0.008246,0.008612,0.068849,0.092800,-0.089600,0.003200
281,0.008233,0.004586,0.068845,0.067717,0.059700,-0.008017
282,0.008215,0.003198,0.068800,0.056553,-0.074600,-0.018047
283,0.008197,0.003235,0.068758,0.056873,0.044800,-0.012073
284,0.008180,0.003514,0.068724,0.059276,-0.074700,-0.015424
285,0.008151,0.000006,0.068488,0.002540,-0.029800,-0.027260
286,0.008141,0.005236,0.068502,0.072357,0.074600,0.002243
287,0.008112,0.000018,0.068275,0.004194,0.029900,0.025706
288,0.008168,0.023982,0.068580,0.154860,-0.134400,0.020460
289,0.008141,0.000602,0.068425,0.024545,0.000000,-0.024545
290,0.008118,0.001425,0.068318,0.037748,-0.029800,0.007948
291,0.008098,0.002547,0.068256,0.050471,-0.029900,0.020571
292,0.008074,0.000993,0.068128,0.031507,-0.029800,0.001707
293,0.008046,0.000104,0.067928,0.010207,-0.014900,-0.004693
294,0.008037,0.005364,0.067946,0.073239,-0.089600,-0.016361
295,0.008130,0.035245,0.068358,0.187737,0.164200,-0.023537
296,0.008218,0.033758,0.068753,0.183733,-0.164200,0.019533
297,0.008226,0.010444,0.068867,0.102198,0.134300,0.032102
298,0.008198,0.000001,0.068636,0.001064,0.059700,0.058636
299,0.008183,0.003767,0.068612,0.061374,0.089600,0.028226
300,0.008160,0.001522,0.068512,0.039019,-0.029900,0.009119
301,0.008188,0.016290,0.068711,0.127630,0.134400,0.006770
302,0.008215,0.016189,0.068907,0.127237,-0.104500,0.022737
303,0.008214,0.008085,0.068977,0.089916,-0.119400,-0.029484
304,0.008190,0.000914,0.068848,0.030233,-0.059700,-0.029467
305,0.008175,0.003720,0.068822,0.060995,0.059700,-0.001295
306,0.008223,0.022820,0.069094,0.151063,-0.164200,-0.013137
307,0.008232,0.010699,0.069208,0.103435,0.089600,-0.013835
308,0.008225,0.006220,0.069240,0.078866,-0.089600,-0.010734
309,0.008199,0.000417,0.069079,0.020424,0.000000,0.020424
310,0.008173,0.000118,0.068889,0.010854,0.000000,0.010854
311,0.008149,0.000903,0.068763,0.030058,0.000000,0.030058
312,0.008124,0.000396,0.068604,0.019897,0.000000,0.019897
313,0.008122,0.007448,0.068661,0.086299,0.089600,0.003301
314,0.008096,0.000170,0.068482,0.013027,0.000000,0.013027
315,0.008094,0.007482,0.068540,0.086500,-0.089600,-0.003100
316,0.008071,0.000938,0.068418,0.030625,0.000000,-0.030625
317,0.008046,0.000004,0.068206,0.001989,0.000000,0.001989
318,0.008080,0.019014,0.068428,0.137893,0.104500,-0.033393
319,0.008101,0.014599,0.068594,0.120828,-0.104500,0.016328
320,0.008139,0.020108,0.068826,0.141802,0.134300,-0.007502
321,0.008114,0.000240,0.068658,0.015494,0.000000,0.015494
322,0.008089,0.000118,0.068476,0.010870,0.029900,0.019030
323,0.008073,0.002915,0.068431,0.053986,0.059700,0.005714
324,0.008048,0.000058,0.068241,0.007604,0.000000,0.007604
325,0.008041,0.005708,0.068263,0.075549,0.074600,-0.000949
326,0.008016,0.000073,0.068078,0.008525,-0.014900,-0.023425
327,0.008006,0.004891,0.068083,0.069932,-0.089600,-0.019668
328,0.007985,0.001149,0.067978,0.033892,0.000000,-0.033892
329,0.008005,0.014647,0.068141,0.121027,0.089600,-0.031427
330,0.007982,0.000350,0.067990,0.018713,-0.029900,-0.011187
331,0.007960,0.000750,0.067865,0.027393,0.000000,-0.027393
332,0.007936,0.000287,0.067710,0.016934,0.000000,-0.016934
333,0.007912,0.000014,0.067516,0.003725,-0.029800,-0.026075
334,0.007920,0.010470,0.067621,0.102325,-0.119400,-0.017075
335,0.007997,0.033438,0.067969,0.182862,0.179100,-0.003762
336,0.008246,0.090530,0.068671,0.300882,-0.283600,0.017282
337,0.008267,0.015364,0.068837,0.123953,0.134300,0.010347
338,0.008254,0.003863,0.068817,0.062150,-0.044700,0.017450
339,0.008285,0.018756,0.069020,0.136952,-0.089600,0.047352
340,0.008334,0.024697,0.069283,0.157153,0.164200,0.007047
341,0.008313,0.001334,0.069185,0.036522,0.000000,0.036522
342,0.008297,0.002872,0.069139,0.053596,0.000000,0.053596
343,0.008319,0.015697,0.069305,0.125287,0.134300,0.009013
344,0.008300,0.001884,0.069229,0.043410,-0.014900,0.028510
345,0.008290,0.004652,0.069226,0.068209,-0.029900,0.038309
346,0.008265,0.000022,0.069037,0.004642,0.029900,0.025258
347,0.008247,0.001865,0.068961,0.043182,-0.029900,0.013282
348,0.008223,0.000006,0.068768,0.002501,0.029900,0.027399
349,0.008199,0.000187,0.068609,0.013669,0.014900,0.001231
350,0.008181,0.001718,0.068530,0.041446,-0.044800,-0.003354
351,0.008157,0.000068,0.068356,0.008233,0.000000,-0.008233
352,0.008138,0.001251,0.068261,0.035365,-0.029800,0.005565
353,0.008116,0.000479,0.068129,0.021880,0.029800,0.007920
354,0.008126,0.011786,0.068244,0.108564,-0.089500,0.019064
355,0.008107,0.001400,0.068156,0.037415,-0.029900,0.007515
356,0.008089,0.001823,0.068084,0.042692,0.029900,-0.012792
357,0.008067,0.000388,0.067947,0.019709,0.000000,-0.019709
358,0.008047,0.000865,0.067838,0.029418,-0.029900,-0.000482
359,0.008024,0.000098,0.067675,0.009883,-0.029800,-0.019917
360,0.008042,0.014110,0.067818,0.118785,0.119400,0.000615
361,0.008020,0.000407,0.067685,0.020183,-0.029900,-0.009717
362,0.008016,0.006607,0.067723,0.081284,0.059700,-0.021584
363,0.008007,0.004761,0.067726,0.069003,-0.059700,0.009303
364,0.008000,0.005299,0.067741,0.072794,-0.059700,0.013094
365,0.007979,0.000637,0.067623,0.025237,0.029900,0.004663
366,0.007958,0.000391,0.067491,0.019766,0.029800,0.010034
367,0.007951,0.005391,0.067507,0.073426,-0.059700,0.013726
368,0.007956,0.009703,0.067592,0.098503,0.089600,-0.008903
369,0.007935,0.000112,0.067436,0.010576,0.000000,-0.010576
370,0.007915,0.000634,0.067320,0.025170,0.029800,0.004630
371,0.007905,0.004466,0.067319,0.066829,-0.059700,0.007129
372,0.007894,0.003709,0.067302,0.060901,-0.059700,0.001201
373,0.007872,0.000008,0.067127,0.002824,0.000000,-0.002824
374,0.007853,0.000569,0.067010,0.023858,-0.029800,-0.005942
375,0.007842,0.004052,0.067001,0.063657,0.059700,-0.003957
376,0.007821,0.000038,0.066837,0.006129,0.000000,-0.006129
377,0.007805,0.001599,0.066765,0.039986,0.029800,-0.010186
378,0.007800,0.006193,0.066797,0.078696,0.059700,-0.018996
379,0.007785,0.002158,0.066743,0.046453,-0.059700,-0.013247
380,0.007765,0.000020,0.066577,0.004446,0.000000,-0.004446
381,0.007744,0.000023,0.066413,0.004803,0.000000,-0.004803
382,0.007734,0.003903,0.066403,0.062476,0.059700,-0.002776
383,0.007716,0.000840,0.066304,0.028979,0.029900,0.000921
384,0.007702,0.002493,0.066261,0.049931,0.044800,-0.005131
385,0.007709,0.010419,0.066355,0.102073,-0.104500,-0.002427
386,0.007692,0.001038,0.066266,0.032221,-0.059700,-0.027479
387,0.007674,0.000705,0.066162,0.026559,0.000000,-0.026559
388,0.007659,0.002101,0.066109,0.045838,0.029800,-0.016038
389,0.007639,0.000019,0.065949,0.004340,0.000000,0.004340
390,0.007620,0.000197,0.065814,0.014022,-0.029800,-0.015778
391,0.007601,0.000225,0.065683,0.015012,-0.029900,-0.014888
392,0.007623,0.016207,0.065842,0.127309,-0.134300,-0.006991
393,0.007635,0.012204,0.065957,0.110470,0.104500,-0.005970
394,0.007616,0.000150,0.065819,0.012267,-0.014900,-0.002633
395,0.007643,0.018331,0.065997,0.135391,-0.089600,0.045791
396,0.007625,0.000415,0.065880,0.020373,0.000000,0.020373
397,0.007656,0.020063,0.066073,0.141644,0.134300,-0.007344
398,0.007637,0.000040,0.065922,0.006310,0.000000,0.006310
399,0.007618,0.000205,0.065791,0.014319,0.000000,0.014319
400,0.007608,0.003568,0.065776,0.059736,-0.044700,0.015036
401,0.007589,0.000041,0.065626,0.006374,0.000000,0.006374
402,0.007570,0.000308,0.065505,0.017563,0.014900,-0.002663
403,0.007552,0.000142,0.065371,0.011935,0.000000,-0.011935
404,0.007533,0.000017,0.065218,0.004177,0.000000,0.004177
405,0.007518,0.001356,0.065147,0.036824,0.029800,-0.007024
406,0.007502,0.001357,0.065077,0.036843,-0.044700,-0.007857
407,0.007484,0.000225,0.064952,0.014990,0.000000,-0.014990
408,0.007562,0.038730,0.065279,0.196800,0.194000,-0.002800
409,0.007551,0.003103,0.065255,0.055705,-0.029900,0.025805
410,0.007532,0.000027,0.065107,0.005153,0.029900,0.024747
411,0.007533,0.007971,0.065167,0.089278,0.104500,0.015222
412,0.007535,0.008344,0.065231,0.091345,-0.059700,0.031645
413,0.007521,0.001695,0.065172,0.041168,-0.044800,-0.003632
414,0.007555,0.021502,0.065371,0.146635,0.134300,-0.012335
415,0.007574,0.015368,0.065513,0.123969,-0.119400,0.004569
416,0.007604,0.019882,0.065696,0.141002,0.119400,-0.021602
417,0.007717,0.054425,0.066102,0.233291,-0.253700,-0.020409
418,0.007942,0.100677,0.066709,0.317296,0.298500,-0.018796
419,0.007930,0.002931,0.066679,0.054135,-0.074600,-0.020465
420,0.008373,0.192296,0.067572,0.438516,-0.388100,0.050416
421,0.008357,0.001763,0.067511,0.041983,0.000000,0.041983
422,0.008392,0.022904,0.067712,0.151340,0.164200,0.012860
423,0.008379,0.003201,0.067685,0.056576,0.000000,0.056576
424,0.008362,0.000994,0.067599,0.031528,0.059700,0.028172
425,0.008342,0.000124,0.067465,0.011133,0.000000,0.011133
426,0.008325,0.001028,0.067381,0.032057,0.000000,0.032057
427,0.008311,0.002605,0.067342,0.051039,0.059700,0.008661
428,0.008322,0.012837,0.067451,0.113302,-0.059700,0.053602
429,0.008304,0.000666,0.067353,0.025812,0.074600,0.048788
430,0.008334,0.021015,0.067535,0.144965,-0.134300,0.010665
431,0.008365,0.021741,0.067722,0.147448,-0.164200,-0.016752
432,0.008374,0.012027,0.067820,0.109667,0.104500,-0.005167
433,0.008356,0.000533,0.067716,0.023078,0.029800,0.006722
434,0.008342,0.002602,0.067677,0.051010,0.059700,0.008690
435,0.008335,0.005449,0.067691,0.073818,-0.059700,0.014118
436,0.008317,0.000383,0.067580,0.019561,-0.029800,-0.010239
437,0.008314,0.006969,0.067616,0.083478,0.089500,0.006022
438,0.008328,0.014298,0.067736,0.119574,0.134400,0.014826
439,0.008325,0.007262,0.067776,0.085218,-0.044800,0.040418
440,0.008307,0.000304,0.067661,0.017442,-0.029900,-0.012458
441,0.008290,0.001121,0.067583,0.033486,0.029900,-0.003586
442,0.008279,0.003163,0.067557,0.056238,0.044800,-0.011438
443,0.008265,0.002245,0.067511,0.047380,-0.074700,-0.027320
444,0.008250,0.001734,0.067452,0.041641,0.000000,-0.041641
445,0.008242,0.004683,0.067454,0.068435,-0.089500,-0.021065
446,0.008262,0.016891,0.067596,0.129965,0.134300,0.004335
447,0.008352,0.048510,0.067940,0.220250,-0.208900,0.011350
448,0.008585,0.111437,0.068539,0.333822,0.328300,-0.005522
449,0.008626,0.027029,0.068755,0.164405,-0.164200,0.000205
450,0.008608,0.000571,0.068654,0.023899,0.029900,0.006001
451,0.008594,0.002394,0.068610,0.048930,0.044800,-0.004130
452,0.008575,0.000003,0.068461,0.001821,0.029800,0.027979
453,0.008569,0.006036,0.068481,0.077689,0.104500,0.026811
454,0.008552,0.000789,0.068392,0.028087,0.000000,0.028087
455,0.008562,0.012884,0.068492,0.113509,0.119400,0.005891
456,0.008543,0.000014,0.068348,0.003803,0.000000,-0.003803
457,0.008535,0.005259,0.068358,0.072518,-0.059700,0.012818
458,0.008530,0.005857,0.068376,0.076533,-0.074600,0.001933
459,0.008524,0.005828,0.068393,0.076341,-0.089600,-0.013259
460,0.008505,0.000017,0.068252,0.004168,0.000000,0.004168
461,0.008509,0.010483,0.068327,0.102386,-0.104500,-0.002114
462,0.008501,0.004650,0.068327,0.068189,0.074700,0.006511
463,0.008501,0.008656,0.068381,0.093039,0.089500,-0.003539
464,0.008520,0.017239,0.068517,0.131296,-0.134300,-0.003004
465,0.008515,0.006185,0.068539,0.078647,0.104500,0.025853
466,0.008510,0.006274,0.068562,0.079209,-0.059700,0.019509
467,0.008520,0.013107,0.068662,0.114487,-0.074700,0.039787
468,0.008539,0.017234,0.068797,0.131277,0.134400,0.003123
469,0.008568,0.022157,0.068969,0.148854,-0.134400,0.014454
470,0.008551,0.000600,0.068873,0.024491,0.029900,0.005409
471,0.008533,0.000005,0.068730,0.002129,0.014900,0.017029
472,0.008530,0.006963,0.068762,0.083443,-0.074600,0.008843
473,0.008513,0.000945,0.068681,0.030748,0.059700,0.028952
474,0.008498,0.001394,0.068614,0.037331,0.044800,0.007469
475,0.008502,0.010308,0.068684,0.101526,-0.074700,0.026826
476,0.008505,0.010100,0.068751,0.100499,-0.089500,0.010999
477,0.008501,0.006453,0.068776,0.080330,-0.029900,0.050430
478,0.008493,0.004616,0.068774,0.067942,-0.029800,0.038142
479,0.008513,0.017862,0.068911,0.133650,-0.104500,0.029150
480,0.008505,0.004674,0.068909,0.068366,0.104500,0.036134
481,0.008506,0.009282,0.068967,0.096342,-0.104500,-0.008158
482,0.008572,0.040084,0.069242,0.200211,0.194000,-0.006211
483,0.008612,0.027735,0.069445,0.166539,-0.194000,-0.027461
484,0.008679,0.040804,0.069721,0.202001,0.194000,-0.008001
485,0.008673,0.005655,0.069732,0.075202,-0.059700,0.015502
486,0.008655,0.000038,0.069600,0.006184,0.029900,0.036084
487,0.008653,0.007456,0.069635,0.086349,-0.074600,0.011749
488,0.008650,0.007215,0.069667,0.084938,-0.089600,-0.004662
489,0.008662,0.014645,0.069773,0.121016,0.104500,-0.016516
490,0.008645,0.000573,0.069678,0.023934,0.000000,-0.023934
491,0.008628,0.000302,0.069571,0.017367,0.000000,-0.017367
492,0.008615,0.001926,0.069518,0.043892,0.029800,-0.014092
493,0.008599,0.000800,0.069434,0.028276,0.000000,-0.028276
494,0.008582,0.000720,0.069347,0.026840,-0.029800,-0.002960
495,0.008565,0.000080,0.069224,0.008970,0.000000,-0.008970
496,0.008554,0.003227,0.069199,0.056807,0.059700,0.002893
497,0.008537,0.000015,0.069066,0.003814,0.000000,-0.003814
498,0.008614,0.046386,0.069362,0.215375,0.194000,-0.021375
499,0.008604,0.003892,0.069348,0.062388,0.029900,-0.032488
500,0.008630,0.021247,0.069502,0.145764,-0.164200,-0.018436
501,0.008750,0.068318,0.069888,0.261377,0.238800,-0.022577
502,0.008739,0.003556,0.069868,0.059634,-0.074600,-0.014966
503,0.008722,0.000010,0.069734,0.003191,-0.029900,-0.026709
504,0.008704,0.000025,0.069605,0.005035,0.000000,0.005035
505,0.008688,0.000450,0.069508,0.021209,-0.029800,-0.008591
506,0.008677,0.003465,0.069487,0.058862,0.059700,0.000838
507,0.008684,0.011978,0.069566,0.109444,-0.134400,-0.024956
508,0.008667,0.000136,0.069451,0.011656,0.029900,0.018244
509,0.008651,0.000354,0.069351,0.018803,-0.029900,-0.011097
510,0.008640,0.003311,0.069328,0.057540,-0.059700,-0.002160
511,0.008623,0.000057,0.069206,0.007525,0.000000,0.007525
512,0.008606,0.000150,0.069094,0.012240,0.029900,0.017660
513,0.008593,0.001518,0.069035,0.038963,-0.029900,0.009063
514,0.008576,0.000046,0.068913,0.006802,0.000000,0.006802
515,0.008565,0.003034,0.068885,0.055080,0.059700,0.004620
516,0.008578,0.015400,0.068993,0.124097,-0.119400,0.004697
517,0.008562,0.000064,0.068874,0.007975,0.000000,0.007975
518,0.008549,0.002053,0.068829,0.045314,-0.044700,0.000614
519,0.008551,0.009649,0.068886,0.098228,-0.089600,0.008628
520,0.008536,0.000759,0.068806,0.027559,0.000000,0.027559
521,0.008520,0.000251,0.068703,0.015846,0.000000,0.015846
522,0.008504,0.000138,0.068593,0.011756,0.000000,0.011756
523,0.008520,0.016989,0.068712,0.130342,0.134300,0.003958
524,0.008507,0.001782,0.068661,0.042211,0.059700,0.017489
525,0.008491,0.000162,0.068554,0.012710,0.029900,0.017190
526,0.008475,0.000010,0.068429,0.003177,0.000000,-0.003177
527,0.008466,0.003743,0.068415,0.061182,-0.059700,0.001482
528,0.008461,0.005683,0.068428,0.075385,0.089500,0.014115
529,0.008445,0.000288,0.068330,0.016979,0.000000,-0.016979
530,0.008435,0.003360,0.068310,0.057967,-0.059700,-0.001733
531,0.008420,0.000084,0.068198,0.009153,-0.029800,-0.020647
532,0.008409,0.002782,0.068169,0.052745,0.029800,-0.022945
533,0.008393,0.000139,0.068062,0.011772,-0.029800,-0.018028
534,0.008384,0.003723,0.068049,0.061013,0.059700,-0.001313
535,0.008371,0.001164,0.067985,0.034112,0.029800,-0.004312
536,0.008357,0.001068,0.067919,0.032678,0.029900,-0.002778
537,0.008368,0.014205,0.068015,0.119183,-0.119400,-0.000217
538,0.008361,0.004610,0.068015,0.067896,0.059700,-0.008196
539,0.008365,0.010650,0.068080,0.103196,-0.119400,-0.016204
540,0.008383,0.018036,0.068204,0.134298,0.119400,-0.014898
541,0.008383,0.008002,0.068243,0.089455,-0.119400,-0.029945
542,0.008398,0.016732,0.068357,0.129351,0.119400,-0.009951
543,0.008389,0.003542,0.068341,0.059518,-0.089600,-0.030082
544,0.008378,0.002246,0.068302,0.047389,-0.044700,0.002689
545,0.008363,0.000493,0.068217,0.022194,0.014900,-0.007294
546,0.008348,0.000271,0.068121,0.016457,0.029800,0.046257
547,0.008344,0.005880,0.068137,0.076683,-0.044700,0.031983
548,0.008330,0.000822,0.068064,0.028674,0.044700,0.016026
549,0.008347,0.017888,0.068185,0.133745,-0.134300,-0.000555
550,0.008332,0.000058,0.068074,0.007595,0.000000,0.007595
551,0.008317,0.000011,0.067956,0.003391,0.000000,0.003391
552,0.008302,0.000098,0.067850,0.009875,0.000000,0.009875
553,0.008301,0.008003,0.067889,0.089462,0.089600,0.000138
554,0.008301,0.008308,0.067931,0.091149,0.074600,-0.016549
555,0.008288,0.001029,0.067866,0.032076,0.029800,-0.002276
556,0.008273,0.000019,0.067751,0.004403,0.000000,0.004403
557,0.008260,0.001014,0.067686,0.031842,-0.029800,0.002042
558,0.008246,0.000160,0.067587,0.012668,0.000000,0.012668
559,0.008231,0.000222,0.067492,0.014887,-0.029900,-0.015013
560,0.008217,0.000365,0.067405,0.019096,0.000000,-0.019096
561,0.008216,0.007619,0.067441,0.087288,0.059700,-0.027588
562,0.008226,0.013641,0.067529,0.116796,0.089600,-0.027196
563,0.008213,0.000979,0.067464,0.031293,0.000000,-0.031293
564,0.008199,0.000630,0.067389,0.025102,0.014900,-0.010202
565,0.008185,0.000079,0.067284,0.008864,0.000000,-0.008864
566,0.008170,0.000054,0.067178,0.007322,0.000000,0.007322
567,0.008156,0.000146,0.067080,0.012079,-0.014900,-0.002821
568,0.008145,0.001931,0.067039,0.043946,0.044800,0.000854
569,0.008131,0.000570,0.066962,0.023884,0.000000,0.023884
570,0.008117,0.000211,0.066870,0.014515,0.000000,0.014515
571,0.008104,0.000370,0.066786,0.019230,0.029800,0.010570
572,0.008108,0.010338,0.066847,0.101675,0.104500,0.002825
573,0.008137,0.024493,0.067005,0.156504,-0.134300,0.022204
574,0.008122,0.000007,0.066892,0.002666,0.029800,0.027134
575,0.008163,0.031448,0.067085,0.177336,-0.164200,0.013136
576,0.008169,0.011737,0.067157,0.108336,-0.089500,0.018836
577,0.008157,0.000836,0.067091,0.028917,-0.014900,0.014017
578,0.008143,0.000118,0.066993,0.010858,0.000000,0.010858
579,0.008129,0.000315,0.066907,0.017747,0.000000,0.017747
580,0.008115,0.000064,0.066805,0.007989,0.000000,0.007989
581,0.008101,0.000210,0.066714,0.014484,0.000000,0.014484
582,0.008094,0.003672,0.066703,0.060596,0.074600,0.014004
583,0.008088,0.004884,0.066709,0.069884,-0.029900,0.039984
584,0.008076,0.001058,0.066650,0.032520,0.000000,0.032520
585,0.008062,0.000189,0.066559,0.013747,0.029900,0.016153
586,0.008055,0.003584,0.066547,0.059865,-0.059700,0.000165
587,0.008041,0.000059,0.066446,0.007669,0.000000,0.007669
588,0.008028,0.000773,0.066380,0.027810,0.029800,0.001990
589,0.008018,0.001677,0.066337,0.040954,-0.044700,-0.003746
590,0.008004,0.000028,0.066233,0.005249,0.000000,-0.005249
591,0.007991,0.000110,0.066138,0.010500,0.000000,-0.010500
592,0.007978,0.000377,0.066058,0.019421,0.014900,-0.004521
593,0.007964,0.000006,0.065950,0.002484,0.000000,0.002484
594,0.007951,0.000051,0.065851,0.007138,0.000000,-0.007138
595,0.007937,0.000000,0.065740,0.000260,0.000000,-0.000260
596,0.007939,0.009044,0.065789,0.095099,-0.104500,-0.009401
597,0.007926,0.000001,0.065680,0.000787,0.000000,-0.000787
598,0.007914,0.001130,0.065626,0.033612,0.000000,-0.033612
599,0.007945,0.026319,0.065788,0.162231,0.134300,-0.027931
600,0.007942,0.005897,0.065806,0.076794,0.059700,-0.017094
601,0.007932,0.002208,0.065775,0.046990,-0.059700,-0.012710
602,0.007926,0.004013,0.065771,0.063348,0.059700,-0.003648
603,0.007919,0.003946,0.065766,0.062817,-0.059700,0.003117
604,0.007984,0.046672,0.066016,0.216037,0.223900,0.007863
605,0.008008,0.022407,0.066156,0.149689,-0.134300,0.015389
606,0.008022,0.016787,0.066261,0.129566,0.134300,0.004734
607,0.008040,0.018779,0.066378,0.137038,-0.164200,-0.027162
608,0.008027,0.000005,0.066272,0.002125,-0.029800,-0.031925
609,0.008013,0.000054,0.066174,0.007317,-0.029900,-0.037217
610,0.008001,0.000218,0.066090,0.014768,-0.029800,-0.015032
611,0.007989,0.001104,0.066035,0.033230,0.029800,-0.003430
612,0.007976,0.000085,0.065942,0.009246,-0.029800,-0.020554
613,0.007971,0.005010,0.065950,0.070778,0.059700,-0.011078
614,0.007967,0.005311,0.065961,0.072877,-0.074600,-0.001723
615,0.007954,0.000001,0.065855,0.000972,0.014900,0.013928
616,0.007942,0.000789,0.065793,0.028096,0.029800,0.001704
617,0.007934,0.003148,0.065778,0.056107,0.059700,0.003593
618,0.007923,0.001202,0.065727,0.034672,-0.029800,0.004872
619,0.007911,0.000433,0.065654,0.020806,-0.029900,-0.009094
620,0.007927,0.017447,0.065762,0.132089,0.119400,-0.012689
621,0.007925,0.006597,0.065787,0.081219,-0.089500,-0.008281
622,0.007961,0.030429,0.065963,0.174440,-0.164200,0.010240
623,0.007967,0.011394,0.066028,0.106743,0.134300,0.027557
624,0.007984,0.018741,0.066143,0.136900,0.119400,-0.017500
625,0.008019,0.029910,0.066315,0.172946,-0.164100,0.008846
626,0.008008,0.000907,0.066256,0.030110,0.000000,0.030110
627,0.007995,0.000011,0.066155,0.003332,0.000000,-0.003332
628,0.007984,0.000957,0.066099,0.030930,0.000000,0.030930
629,0.007972,0.000615,0.066033,0.024802,0.014900,-0.009902
630,0.007976,0.010664,0.066092,0.103266,-0.104500,-0.001234
631,0.007964,0.000000,0.065988,0.000507,0.000000,-0.000507
632,0.007951,0.000090,0.065898,0.009513,0.000000,-0.009513
633,0.007938,0.000007,0.065797,0.002722,0.000000,-0.002722
634,0.007926,0.000120,0.065710,0.010943,0.000000,0.010943
635,0.007913,0.000002,0.065609,0.001468,0.000000,-0.001468
636,0.007901,0.000014,0.065511,0.003804,0.000000,-0.003804
637,0.007889,0.000335,0.065436,0.018302,0.000000,-0.018302
638,0.007877,0.000143,0.065352,0.011961,0.000000,-0.011961
639,0.007864,0.000002,0.065251,0.001361,0.000000,-0.001361
640,0.007872,0.012642,0.065325,0.112436,0.104500,-0.007936
641,0.007860,0.000143,0.065242,0.011970,0.000000,0.011970
642,0.007851,0.002097,0.065211,0.045794,-0.014900,0.030894
643,0.007856,0.011358,0.065276,0.106573,-0.089600,0.016973
644,0.007844,0.000033,0.065183,0.005718,0.000000,-0.005718
645,0.007889,0.036889,0.065381,0.192065,0.194000,0.001935
646,0.007882,0.003091,0.065365,0.055594,-0.029800,0.025794
647,0.007871,0.000862,0.065309,0.029357,0.029800,0.000443
648,0.007866,0.004960,0.065317,0.070425,-0.089500,-0.019075
649,0.007862,0.005299,0.065329,0.072793,0.059700,-0.013093
650,0.007852,0.001347,0.065285,0.036706,0.029800,-0.006906
651,0.007856,0.010443,0.065342,0.102190,0.089600,-0.012590
652,0.007849,0.003293,0.065329,0.057383,-0.059700,-0.002317
653,0.007840,0.002020,0.065298,0.044941,0.029800,-0.015141
654,0.007830,0.001135,0.065249,0.033694,-0.059700,-0.026006
655,0.007818,0.000095,0.065164,0.009756,0.000000,-0.009756
656,0.007808,0.001529,0.065124,0.039108,0.029900,-0.009208
657,0.007803,0.004488,0.065127,0.066992,0.059700,-0.007292
658,0.007796,0.003317,0.065116,0.057597,0.044800,-0.012797
659,0.007786,0.000963,0.065063,0.031027,-0.044800,-0.013773
660,0.007775,0.000251,0.064988,0.015848,0.000000,-0.015848
661,0.007764,0.000617,0.064927,0.024845,0.014900,-0.009945
662,0.007777,0.016596,0.065024,0.128827,-0.104500,0.024327
663,0.007766,0.000434,0.064957,0.020829,0.000000,0.020829
664,0.007770,0.010750,0.065016,0.103682,-0.089500,0.014182
665,0.007778,0.012941,0.065090,0.113760,-0.104500,0.009260
666,0.007792,0.016553,0.065186,0.128658,0.134300,0.005642
667,0.007780,0.000194,0.065109,0.013923,0.000000,0.013923
668,0.007768,0.000069,0.065023,0.008310,0.059700,0.051390
669,0.007757,0.000478,0.064958,0.021869,0.000000,0.021869
670,0.007746,0.000019,0.064867,0.004392,0.029900,0.034292
671,0.007760,0.016852,0.064965,0.129814,-0.119400,0.010414
672,0.007751,0.002065,0.064935,0.045438,0.059700,0.014262
673,0.007748,0.006065,0.064955,0.077879,-0.074600,0.003279
674,0.007737,0.000106,0.064873,0.010298,0.014900,0.025198
675,0.007726,0.000080,0.064790,0.008925,-0.014900,-0.005975
676,0.007715,0.000608,0.064730,0.024655,0.014900,-0.009755
677,0.007704,0.000345,0.064661,0.018568,0.000000,-0.018568
678,0.007705,0.008235,0.064700,0.090747,-0.104500,-0.013753
679,0.007694,0.000121,0.064620,0.010986,0.000000,-0.010986
680,0.007682,0.000006,0.064529,0.002544,0.000000,0.002544
681,0.007671,0.000256,0.064457,0.016008,0.000000,0.016008
682,0.007660,0.000028,0.064370,0.005279,0.000000,0.005279
683,0.007649,0.000051,0.064285,0.007135,0.000000,-0.007135
684,0.007638,0.000029,0.064199,0.005390,0.000000,-0.005390
685,0.007626,0.000007,0.064108,0.002669,0.000000,-0.002669
686,0.007616,0.000328,0.064041,0.018108,0.000000,0.018108
687,0.007667,0.042454,0.064249,0.206044,0.000000,0.206044
688,0.007656,0.000367,0.064183,0.019145,0.000000,0.019145
689,0.007653,0.005267,0.064195,0.072573,0.089600,0.017027
690,0.007663,0.014665,0.064278,0.121100,-0.089600,0.031500
691,0.007770,0.081172,0.064599,0.284908,0.134300,-0.150608
692,0.007786,0.019252,0.064707,0.138751,-0.134300,0.004451
693,0.007814,0.026419,0.064849,0.162540,0.104500,-0.058040
694,0.007803,0.000880,0.064798,0.029659,0.029800,0.000141
695,0.007792,0.000075,0.064717,0.008671,0.000000,0.008671
696,0.007781,0.000011,0.064628,0.003368,0.000000,-0.003368
697,0.007773,0.002095,0.064601,0.045766,-0.044700,0.001066
698,0.007780,0.012540,0.064669,0.111982,0.104400,-0.007582
699,0.007787,0.012506,0.064737,0.111831,-0.089500,0.022331
700,0.007784,0.005912,0.064755,0.076887,0.089500,0.012613
701,0.007775,0.001846,0.064723,0.042966,-0.059700,-0.016734
702,0.007764,0.000149,0.064648,0.012203,0.000000,-0.012203
703,0.007778,0.017528,0.064745,0.132395,0.149300,0.016905
704,0.007810,0.029895,0.064899,0.172901,-0.179100,-0.006199
705,0.007800,0.000613,0.064842,0.024760,0.000000,-0.024760
706,0.007806,0.012444,0.064909,0.111551,0.119400,0.007849
707,0.007795,0.000124,0.064832,0.011125,0.000000,0.011125
708,0.007812,0.019442,0.064938,0.139435,-0.134300,0.005135
709,0.007807,0.004580,0.064942,0.067674,-0.089600,-0.021926
710,0.007859,0.044006,0.065147,0.209775,0.194000,-0.015775
711,0.007848,0.000328,0.065081,0.018115,0.029900,0.011785
712,0.007844,0.004817,0.065087,0.069407,-0.059700,0.009707
713,0.007894,0.043858,0.065290,0.209423,0.223900,0.014477
714,0.007894,0.007880,0.065323,0.088768,-0.059700,0.029068
715,0.007886,0.002239,0.065298,0.047319,-0.029900,0.017419
716,0.007934,0.041621,0.065493,0.204013,0.223900,0.019887
717,0.007924,0.001093,0.065448,0.033065,0.029800,-0.003265
718,0.007921,0.005851,0.065463,0.076494,-0.059700,0.016794
719,0.007916,0.003750,0.065457,0.061241,0.059700,-0.001541
720,0.007971,0.047971,0.065672,0.219022,-0.223800,-0.004778
721,0.007962,0.001305,0.065630,0.036120,-0.074700,-0.038580
722,0.007988,0.026652,0.065766,0.163255,0.194100,0.030845
723,0.007978,0.000764,0.065713,0.027637,0.000000,0.027637
724,0.007970,0.002022,0.065684,0.044963,0.074600,0.029637
725,0.008061,0.073362,0.065969,0.270854,-0.268700,0.002154
726,0.008049,0.000004,0.065880,0.001976,0.000000,-0.001976
727,0.008039,0.000257,0.065811,0.016021,0.044800,0.060821
728,0.008029,0.001401,0.065772,0.037426,0.059700,0.022274
729,0.008028,0.006899,0.065796,0.083058,-0.029800,0.053258
730,0.008017,0.000000,0.065706,0.000136,0.029800,0.029664
731,0.008012,0.004295,0.065705,0.065534,-0.059700,0.005834
732,0.008003,0.001336,0.065665,0.036554,0.029900,-0.006654
733,0.008001,0.007030,0.065690,0.083843,0.119400,0.035557
734,0.008015,0.018230,0.065785,0.135017,-0.089600,0.045417
735,0.008010,0.004328,0.065785,0.065788,0.059700,-0.006088
736,0.008001,0.001498,0.065748,0.038700,-0.029800,0.008900
737,0.007998,0.005851,0.065763,0.076492,-0.059700,0.016792
738,0.008001,0.010149,0.065811,0.100744,-0.074700,0.026044
739,0.008004,0.010000,0.065857,0.100002,-0.059700,0.040302
740,0.007998,0.003366,0.065846,0.058021,-0.029800,0.028221
741,0.008027,0.029685,0.065991,0.172293,-0.164200,0.008093
742,0.008019,0.002340,0.065967,0.048370,0.089600,0.041230
743,0.008009,0.000365,0.065904,0.019117,0.014900,-0.004217
744,0.008001,0.002084,0.065876,0.045652,-0.014900,0.030752
745,0.007991,0.000623,0.065821,0.024963,0.014900,0.039863
746,0.008001,0.015530,0.065900,0.124618,-0.104500,0.020118
747,0.007995,0.003582,0.065892,0.059853,0.000000,0.059853
748,0.008000,0.011628,0.065948,0.107835,0.104500,-0.003335
749,0.007990,0.000413,0.065887,0.020323,0.000000,0.020323
750,0.007980,0.000681,0.065834,0.026101,0.029800,0.003699
751,0.007993,0.017516,0.065923,0.132350,-0.134300,-0.001950
752,0.007982,0.000088,0.065847,0.009402,0.000000,0.009402
753,0.007994,0.016720,0.065932,0.129305,0.134300,0.004995
754,0.007983,0.000001,0.065845,0.000870,0.000000,0.000870
755,0.007973,0.000245,0.065779,0.015642,0.000000,0.015642
756,0.007965,0.001843,0.065748,0.042929,0.029900,-0.013029
757,0.007955,0.000311,0.065684,0.017645,0.000000,-0.017645
758,0.007948,0.002518,0.065664,0.050179,0.059700,0.009521
759,0.007943,0.004268,0.065663,0.065333,-0.059700,0.005633
760,0.007942,0.007526,0.065691,0.086753,0.089500,0.002747
761,0.007932,0.000041,0.065613,0.006431,-0.029800,-0.036231
762,0.007927,0.004719,0.065617,0.068694,-0.089600,-0.020906
763,0.007917,0.000171,0.065548,0.013067,-0.029800,-0.042867
764,0.007909,0.001449,0.065512,0.038060,0.029800,-0.008260
765,0.007898,0.000010,0.065430,0.003172,0.029900,0.026728
766,0.007888,0.000088,0.065356,0.009380,0.000000,-0.009380
767,0.007878,0.000065,0.065281,0.008073,0.000000,0.008073
768,0.007868,0.000559,0.065226,0.023633,-0.029900,-0.006267
769,0.007859,0.001050,0.065184,0.032403,0.029900,-0.002503
770,0.007850,0.000586,0.065130,0.024200,0.000000,0.024200
771,0.007841,0.000973,0.065086,0.031195,0.000000,0.031195
772,0.007831,0.000143,0.065017,0.011970,0.000000,0.011970
773,0.007821,0.000461,0.064960,0.021476,-0.029900,-0.008424
774,0.007814,0.001918,0.064933,0.043799,-0.044700,-0.000901
775,0.007815,0.009111,0.064972,0.095454,-0.089600,0.005854
776,0.007811,0.004275,0.064973,0.065383,0.089600,0.024217
777,0.007801,0.000090,0.064901,0.009491,0.000000,0.009491
778,0.007791,0.000074,0.064828,0.008573,0.000000,0.008573
779,0.007783,0.001375,0.064792,0.037079,0.044700,0.007621
780,0.007772,0.000001,0.064710,0.000741,0.000000,-0.000741
781,0.007762,0.000014,0.064631,0.003682,0.029900,0.026218
782,0.007753,0.000054,0.064558,0.007374,0.000000,0.007374
783,0.007780,0.029348,0.064695,0.171311,-0.164200,0.007111
784,0.007772,0.001259,0.064657,0.035489,0.000000,0.035489
785,0.007782,0.015983,0.064736,0.126426,0.134300,0.007874
786,0.007807,0.026832,0.064863,0.163805,0.149300,-0.014505
787,0.007851,0.042349,0.065043,0.205790,0.164200,-0.041590
788,0.007844,0.002246,0.065020,0.047395,0.000000,-0.047395
789,0.007878,0.034540,0.065174,0.185850,-0.194100,-0.008250
790,0.007870,0.002060,0.065149,0.045382,-0.059700,-0.014318
791,0.007866,0.004092,0.065148,0.063972,-0.059700,0.004272
792,0.007867,0.008761,0.065184,0.093602,0.089600,-0.004002
793,0.007857,0.000541,0.065131,0.023267,-0.029900,-0.006633
794,0.007927,0.062900,0.065366,0.250799,0.223900,-0.026899
795,0.007923,0.004551,0.065368,0.067463,-0.089500,-0.022037
796,0.007982,0.054778,0.065581,0.234048,-0.238800,-0.004752
797,0.008068,0.076487,0.065847,0.276563,0.268600,-0.007963
798,0.008085,0.021342,0.065948,0.146087,-0.134300,0.011787
799,0.008076,0.000566,0.065895,0.023800,0.000000,0.023800
800,0.008072,0.005084,0.065902,0.071304,-0.059700,0.011604
801,0.008066,0.003565,0.065894,0.059707,-0.059700,0.000007
802,0.008056,0.000005,0.065815,0.002184,0.000000,-0.002184
803,0.008075,0.023490,0.065924,0.153264,0.149200,-0.004064
804,0.008066,0.000132,0.065856,0.011469,0.000000,0.011469
805,0.008148,0.074315,0.066114,0.272609,-0.253700,0.018909
806,0.008138,0.000175,0.066048,0.013232,0.000000,0.013232
807,0.008141,0.010300,0.066092,0.101489,0.089600,-0.011889
808,0.008131,0.000129,0.066024,0.011348,0.000000,-0.011348
809,0.008128,0.005413,0.066034,0.073572,0.014900,0.088472
810,0.008153,0.028440,0.066161,0.168642,-0.104500,0.064142
811,0.008157,0.011824,0.066214,0.108738,0.164200,0.055462
812,0.008149,0.001428,0.066179,0.037788,-0.029900,0.007888
813,0.008139,0.000329,0.066119,0.018125,-0.029800,-0.011675
814,0.008141,0.009529,0.066158,0.097614,-0.104500,-0.006886
815,0.008131,0.000110,0.066089,0.010491,0.000000,0.010491
816,0.008121,0.000081,0.066019,0.008984,0.000000,0.008984
817,0.008111,0.000050,0.065947,0.007087,0.000000,-0.007087
818,0.008102,0.000734,0.065899,0.027096,0.000000,0.027096
819,0.008093,0.000716,0.065851,0.026764,0.000000,-0.026764
820,0.008084,0.000421,0.065795,0.020514,0.000000,-0.020514
821,0.008074,0.000044,0.065723,0.006626,0.000000,-0.006626
822,0.008064,0.000000,0.065643,0.000422,0.000000,0.000422
823,0.008055,0.000355,0.065586,0.018849,0.000000,0.018849
824,0.008045,0.000201,0.065523,0.014189,0.000000,0.014189
825,0.008036,0.000285,0.065464,0.016877,0.000000,0.016877
826,0.008026,0.000054,0.065393,0.007336,0.000000,-0.007336
827,0.008026,0.008111,0.065423,0.090063,0.104500,0.014437
828,0.008021,0.004168,0.065422,0.064559,-0.014900,0.049659
829,0.008020,0.007125,0.065445,0.084412,-0.089600,-0.005188
830,0.008019,0.007245,0.065469,0.085119,0.089600,0.004481
831,0.008010,0.000000,0.065390,0.000189,0.000000,0.000189
832,0.008000,0.000305,0.065332,0.017465,0.000000,-0.017465
833,0.007995,0.003339,0.065323,0.057786,0.044700,-0.013086
834,0.007988,0.002301,0.065302,0.047973,0.029900,-0.018073
835,0.007979,0.000664,0.065255,0.025763,-0.029900,-0.004137
836,0.007985,0.012923,0.065313,0.113678,-0.134300,-0.020622
837,0.007985,0.008296,0.065344,0.091080,0.104500,0.013420
838,0.007987,0.009006,0.065379,0.094899,-0.104500,-0.009601
839,0.007984,0.006075,0.065394,0.077945,0.089600,0.011655
840,0.007982,0.006340,0.065411,0.079625,-0.089600,-0.009975
841,0.007973,0.000048,0.065341,0.006916,0.000000,-0.006916
842,0.007964,0.000198,0.065280,0.014079,0.000000,-0.014079
843,0.007967,0.010821,0.065326,0.104025,0.104500,0.000475
844,0.007960,0.002379,0.065307,0.048772,0.059700,0.010928
845,0.007951,0.000295,0.065249,0.017187,0.000000,-0.017187
846,0.007976,0.028728,0.065373,0.169493,0.164200,-0.005293
847,0.007967,0.000379,0.065319,0.019458,0.000000,-0.019458
848,0.007967,0.008287,0.065349,0.091034,0.089500,-0.001534
849,0.007965,0.005776,0.065362,0.076002,0.074600,-0.001402
850,0.007955,0.000013,0.065289,0.003621,0.000000,0.003621
851,0.007949,0.002911,0.065275,0.053950,0.059700,0.005750
852,0.007957,0.014594,0.065341,0.120805,-0.089500,0.031305
853,0.007951,0.003033,0.065329,0.055077,0.029800,-0.025277
854,0.007944,0.001857,0.065303,0.043096,-0.044700,-0.001604
855,0.007936,0.000598,0.065255,0.024459,-0.029900,-0.005441
856,0.007927,0.000486,0.065204,0.022042,-0.029800,-0.007758
857,0.007933,0.013558,0.065264,0.116438,0.134300,0.017862
858,0.007929,0.003876,0.065261,0.062257,0.059700,-0.002557
859,0.007952,0.027704,0.065379,0.166446,-0.194000,-0.027554
860,0.007949,0.005658,0.065390,0.075217,0.074600,-0.000617
861,0.007965,0.021572,0.065485,0.146873,-0.134300,0.012573
862,0.007970,0.012417,0.065539,0.111433,0.134300,0.022867
863,0.007977,0.013375,0.065597,0.115649,-0.104500,0.011149
864,0.007969,0.001310,0.065563,0.036192,-0.029800,0.006392
865,0.007961,0.001265,0.065528,0.035562,0.029800,-0.005762
866,0.007978,0.022310,0.065626,0.149366,-0.134300,0.015066
867,0.007970,0.001151,0.065589,0.033923,0.059700,0.025777
868,0.007997,0.031938,0.065720,0.178711,-0.149300,0.029411
869,0.007995,0.005688,0.065731,0.075416,-0.029800,0.045616
870,0.008010,0.021162,0.065823,0.145472,-0.104500,0.040972
871,0.008005,0.004025,0.065820,0.063443,0.104500,0.041057
872,0.008014,0.015757,0.065889,0.125529,-0.104500,0.021029
873,0.008024,0.016303,0.065960,0.127685,0.164200,0.036515
874,0.008051,0.031625,0.066089,0.177834,-0.164200,0.013634
875,0.008060,0.015985,0.066158,0.126431,0.164200,0.037769
876,0.008053,0.001829,0.066131,0.042765,0.059700,0.016935
877,0.008046,0.001927,0.066106,0.043895,0.029800,-0.014095
878,0.008039,0.001742,0.066078,0.041737,0.044800,0.003063
879,0.008030,0.000659,0.066032,0.025675,-0.014900,-0.040575
880,0.008023,0.001474,0.066000,0.038387,-0.029900,0.008487
881,0.008014,0.000268,0.065944,0.016376,0.000000,-0.016376
882,0.008009,0.003326,0.065934,0.057669,0.044800,-0.012869
883,0.008000,0.000148,0.065873,0.012174,-0.044800,-0.032626
884,0.007995,0.004183,0.065872,0.064676,-0.089500,-0.024824
885,0.007987,0.000830,0.065830,0.028814,0.000000,0.028814
886,0.007981,0.002294,0.065809,0.047899,0.000000,-0.047899
887,0.007972,0.000598,0.065762,0.024452,0.029800,0.005348
888,0.007963,0.000049,0.065696,0.007013,0.000000,-0.007013
889,0.007959,0.003703,0.065690,0.060854,-0.059700,0.001154
890,0.007950,0.000000,0.065617,0.000452,0.000000,0.000452
891,0.007950,0.007938,0.065643,0.089094,0.089600,0.000506
892,0.007941,0.000095,0.065580,0.009727,0.000000,-0.009727
893,0.007936,0.003977,0.065577,0.063067,0.059700,-0.003367
894,0.007942,0.013445,0.065634,0.115952,0.134300,0.018348
895,0.007940,0.005417,0.065643,0.073599,-0.089500,-0.015901
896,0.007932,0.000978,0.065604,0.031275,0.029800,-0.001475
897,0.007924,0.001187,0.065570,0.034449,-0.059700,-0.025251
898,0.007918,0.002685,0.065554,0.051814,0.059700,0.007886
899,0.007910,0.000368,0.065502,0.019185,0.029900,0.010715
900,0.007908,0.006400,0.065519,0.079997,-0.089600,-0.009603
901,0.007900,0.000192,0.065461,0.013866,-0.014900,-0.001034
902,0.007891,0.000010,0.065392,0.003129,-0.029900,-0.033029
903,0.007884,0.001831,0.065366,0.042791,0.044800,0.002009
904,0.007888,0.011413,0.065413,0.106833,-0.104500,0.002333
905,0.007887,0.007285,0.065435,0.085354,-0.059700,0.025654
906,0.007881,0.002129,0.065413,0.046142,-0.029800,0.016342
907,0.007873,0.000336,0.065361,0.018328,-0.014900,0.003428
908,0.007877,0.011309,0.065406,0.106343,-0.089600,0.016743
909,0.007870,0.001695,0.065380,0.041175,0.000000,0.041175
910,0.007869,0.007507,0.065403,0.086644,0.104500,0.017856
911,0.007861,0.000045,0.065338,0.006723,0.000000,0.006723
912,0.007854,0.001594,0.065310,0.039930,-0.014900,0.025030
913,0.007845,0.000150,0.065252,0.012266,0.000000,0.012266
914,0.007837,0.000527,0.065206,0.022950,0.000000,0.022950
915,0.007840,0.009974,0.065244,0.099870,-0.089600,0.010270
916,0.007832,0.000533,0.065197,0.023082,0.000000,0.023082
917,0.007843,0.018556,0.065275,0.136222,0.164200,0.027978
918,0.007837,0.002105,0.065254,0.045881,0.059700,0.013819
919,0.007828,0.000011,0.065186,0.003371,-0.029900,-0.026529
920,0.007821,0.000813,0.065146,0.028508,-0.059700,-0.031192
921,0.007814,0.001241,0.065114,0.035231,0.000000,0.035231
922,0.007809,0.003822,0.065110,0.061826,0.059700,-0.002126
923,0.007804,0.002882,0.065098,0.053685,0.059700,0.006015
924,0.007803,0.006921,0.065117,0.083193,-0.089500,-0.006307
925,0.007796,0.001023,0.065081,0.031977,0.029800,-0.002177
926,0.007819,0.029733,0.065198,0.172433,-0.194000,-0.021567
927,0.007811,0.000218,0.065143,0.014761,0.000000,-0.014761
928,0.007803,0.000002,0.065074,0.001509,0.000000,-0.001509
929,0.007811,0.015323,0.065138,0.123785,0.134300,0.010515
930,0.007802,0.000031,0.065073,0.005535,0.000000,-0.005535
931,0.007796,0.001658,0.065047,0.040715,-0.044700,-0.003985
932,0.007798,0.009526,0.065082,0.097601,-0.089600,0.008001
933,0.007796,0.006057,0.065096,0.077828,0.089600,0.011772
934,0.007801,0.012894,0.065148,0.113552,-0.089600,0.023952
935,0.007794,0.000924,0.065111,0.030394,0.000000,0.030394
936,0.007786,0.000013,0.065045,0.003542,0.000000,0.003542
937,0.007792,0.014117,0.065102,0.118814,0.089600,-0.029214
938,0.007785,0.000840,0.065064,0.028982,0.000000,-0.028982
939,0.007790,0.012776,0.065115,0.113033,0.104400,-0.008633
940,0.007794,0.011672,0.065161,0.108036,-0.089500,0.018536
941,0.007788,0.001579,0.065134,0.039740,0.029800,-0.009940
942,0.007780,0.000440,0.065087,0.020984,0.000000,0.020984
943,0.007788,0.014970,0.065148,0.122351,0.119400,-0.002951
944,0.007787,0.007457,0.065170,0.086355,0.074700,-0.011655
945,0.007807,0.026052,0.065272,0.161406,0.134300,-0.027106
946,0.007799,0.000919,0.065235,0.030312,-0.044800,-0.014488
947,0.007800,0.008022,0.065261,0.089567,-0.134300,-0.044733
948,0.007822,0.028894,0.065372,0.169982,0.134300,-0.035682
949,0.007814,0.000009,0.065306,0.003079,0.000000,0.003079
950,0.007821,0.015152,0.065367,0.123093,0.104500,-0.018593
951,0.007852,0.036507,0.065500,0.191067,-0.194000,-0.002933
952,0.007869,0.024135,0.065595,0.155354,-0.164200,-0.008846
953,0.007864,0.003503,0.065588,0.059187,0.059700,0.000513
954,0.007919,0.059954,0.065777,0.244856,-0.223900,0.020956
955,0.007913,0.001657,0.065750,0.040704,0.089600,0.048896
956,0.007907,0.002909,0.065738,0.053939,0.044700,-0.009239
957,0.007900,0.001179,0.065705,0.034341,-0.029800,0.004541
958,0.007892,0.000005,0.065638,0.002296,-0.014900,-0.012604
959,0.007884,0.000088,0.065580,0.009355,0.000000,0.009355
960,0.007876,0.000215,0.065526,0.014666,0.014900,0.029566
961,0.007869,0.001822,0.065502,0.042680,0.059700,0.017020
962,0.007865,0.003540,0.065496,0.059497,-0.029900,0.029597
963,0.007877,0.019898,0.065575,0.141059,-0.134300,0.006759
964,0.007914,0.042702,0.065722,0.206646,0.194000,-0.012646
965,0.007906,0.000954,0.065686,0.030880,0.029900,-0.000980
966,0.007908,0.009048,0.065716,0.095120,0.104500,0.009380
967,0.007907,0.006859,0.065734,0.082818,0.119400,0.036582
968,0.007899,0.000184,0.065680,0.013581,0.014900,0.001319
969,0.007903,0.012652,0.065728,0.112483,-0.104500,0.007983
970,0.007901,0.005922,0.065740,0.076952,0.059700,-0.017252
971,0.007901,0.007508,0.065762,0.086646,-0.119400,-0.032754
972,0.007895,0.002413,0.065744,0.049121,0.029900,-0.019221
973,0.007887,0.000098,0.065687,0.009900,0.000000,-0.009900
974,0.007880,0.000526,0.065643,0.022939,-0.029900,-0.006961
975,0.007872,0.000172,0.065589,0.013119,-0.014900,-0.028019
976,0.007868,0.004560,0.065591,0.067530,0.044800,-0.022730
977,0.007861,0.000531,0.065547,0.023034,0.029800,0.006766
978,0.007857,0.004506,0.065549,0.067129,-0.059700,0.007429
979,0.007854,0.004214,0.065548,0.064916,0.059700,-0.005216
980,0.007846,0.000005,0.065483,0.002202,0.000000,-0.002202
981,0.007838,0.000024,0.065421,0.004864,0.000000,0.004864
982,0.007834,0.004554,0.065423,0.067482,-0.059700,0.007782
983,0.007831,0.004969,0.065428,0.070489,-0.074600,-0.004111
984,0.007827,0.003529,0.065422,0.059404,0.059700,0.000296
985,0.007819,0.000028,0.065361,0.005338,0.000000,0.005338
986,0.007811,0.000007,0.065297,0.002629,0.014900,0.017529
987,0.007803,0.000230,0.065246,0.015156,0.000000,0.015156
988,0.007813,0.017525,0.065314,0.132384,0.164200,0.031816
989,0.007815,0.009965,0.065349,0.099826,-0.074600,0.025226
990,0.007846,0.037617,0.065480,0.193951,-0.164200,0.029751
991,0.007838,0.000080,0.065422,0.008939,0.029800,0.020861
992,0.007859,0.029182,0.065529,0.170827,0.194100,0.023273
993,0.007855,0.003304,0.065521,0.057479,-0.059700,-0.002221
994,0.007866,0.018900,0.065594,0.137476,0.104400,-0.033076
995,0.007896,0.038082,0.065724,0.195146,0.164200,-0.030946
996,0.007921,0.032558,0.065840,0.180439,-0.194000,-0.013561
997,0.007944,0.030602,0.065950,0.174933,0.149200,-0.025733
998,0.007937,0.000654,0.065909,0.025574,0.000000,-0.025574
999,0.007940,0.011266,0.065950,0.106141,-0.119400,-0.013259
1000,0.007933,0.000530,0.065907,0.023031,-0.029800,-0.006769
1001,0.007928,0.002905,0.065894,0.053902,0.059700,0.005798
1002,0.007945,0.025656,0.065989,0.160174,0.134300,-0.025874
1003,0.007956,0.018102,0.066058,0.134544,-0.164200,-0.029656
1004,0.007952,0.004415,0.066058,0.066447,-0.074600,-0.008153
1005,0.008078,0.134491,0.066358,0.366730,0.358200,-0.008530
1006,0.008076,0.005216,0.066364,0.072221,-0.089500,-0.017279
1007,0.008085,0.017983,0.066432,0.134101,-0.164200,-0.030099
1008,0.008080,0.003057,0.066421,0.055291,-0.059700,-0.004409
1009,0.008097,0.024940,0.066512,0.157925,-0.134300,0.023625
1010,0.008090,0.000628,0.066470,0.025051,0.029800,0.004749
1011,0.008082,0.000000,0.066405,0.000396,0.000000,-0.000396
1012,0.008075,0.001017,0.066371,0.031895,0.089600,0.057705
1013,0.008091,0.024853,0.066461,0.157650,-0.164200,-0.006550
1014,0.008086,0.003093,0.066450,0.055617,-0.029900,0.025717
1015,0.008080,0.001268,0.066420,0.035613,0.000000,0.035613
1016,0.008078,0.006812,0.066436,0.082535,-0.029800,0.052735
1017,0.008077,0.006533,0.066450,0.080827,0.000000,0.080827
1018,0.008076,0.007208,0.066468,0.084900,-0.059700,0.025200
1019,0.008074,0.006083,0.066480,0.077996,0.089500,0.011504
1020,0.008068,0.001862,0.066457,0.043151,-0.029800,0.013351
1021,0.008069,0.009176,0.066485,0.095789,-0.089600,0.006189
1022,0.008061,0.000012,0.066424,0.003479,0.000000,-0.003479
1023,0.008054,0.000984,0.066389,0.031370,-0.029800,0.001570
1024,0.008059,0.012573,0.066434,0.112127,-0.104500,0.007627
1025,0.008051,0.000510,0.066391,0.022580,0.000000,0.022580
1026,0.008052,0.009219,0.066420,0.096017,0.089600,-0.006417
1027,0.008045,0.000446,0.066376,0.021111,0.000000,-0.021111
1028,0.008037,0.000022,0.066315,0.004647,0.000000,0.004647
1029,0.008036,0.006681,0.066330,0.081738,0.104400,0.022662
1030,0.008029,0.000856,0.066294,0.029255,0.000000,-0.029255
1031,0.008021,0.000181,0.066243,0.013454,0.000000,-0.013454
1032,0.008015,0.001487,0.066216,0.038566,0.029900,-0.008666
1033,0.008007,0.000051,0.066159,0.007122,0.000000,0.007122
1034,0.008002,0.002407,0.066142,0.049060,-0.059700,-0.010640
1035,0.008007,0.013657,0.066191,0.116862,0.119400,0.002538
1036,0.008015,0.016490,0.066251,0.128415,0.104500,-0.023915
1037,0.008013,0.005241,0.066257,0.072396,-0.089600,-0.017204
1038,0.008007,0.002373,0.066240,0.048709,0.029900,-0.018809
1039,0.008001,0.001130,0.066209,0.033621,0.029800,-0.003821
1040,0.007999,0.006624,0.066224,0.081388,0.059700,-0.021688
1041,0.007992,0.000047,0.066166,0.006862,0.000000,0.006862
1042,0.007985,0.001563,0.066141,0.039532,-0.029800,0.009732
1043,0.007991,0.013747,0.066190,0.117248,-0.104500,0.012748
1044,0.007985,0.002174,0.066171,0.046630,-0.059700,-0.013070
1045,0.007978,0.000024,0.066112,0.004936,0.000000,-0.004936
1046,0.007971,0.001402,0.066085,0.037446,-0.029900,0.007546
1047,0.007964,0.000037,0.066027,0.006113,0.000000,0.006113
1048,0.007956,0.000172,0.065976,0.013117,0.000000,-0.013117
1049,0.007949,0.000292,0.065930,0.017086,0.029900,0.012814
1050,0.007943,0.002211,0.065912,0.047017,-0.029900,0.017117
1051,0.007936,0.000138,0.065860,0.011761,0.029900,0.018139
1052,0.007929,0.000270,0.065813,0.016441,0.000000,0.016441
1053,0.007922,0.001066,0.065781,0.032643,-0.029900,0.002743
1054,0.007915,0.000100,0.065728,0.009997,0.000000,0.009997
1055,0.007921,0.014662,0.065781,0.121088,-0.104400,0.016688
1056,0.007914,0.000913,0.065747,0.030217,0.044700,0.014483
1057,0.007908,0.001135,0.065716,0.033690,-0.029800,0.003890
1058,0.007901,0.000223,0.065668,0.014938,-0.014900,0.000038
1059,0.007901,0.008040,0.065691,0.089668,0.104400,0.014732
1060,0.007894,0.000411,0.065648,0.020268,0.000000,-0.020268
1061,0.007890,0.003918,0.065645,0.062595,0.059700,-0.002895
1062,0.007883,0.000570,0.065606,0.023872,-0.029800,-0.005928
1063,0.007876,0.000123,0.065554,0.011074,0.000000,0.011074
1064,0.007868,0.000013,0.065496,0.003653,0.000000,0.003653
1065,0.007861,0.000297,0.065450,0.017246,0.029800,0.012554
1066,0.007856,0.002777,0.065438,0.052694,0.044800,-0.007894
1067,0.007849,0.000083,0.065385,0.009093,0.000000,-0.009093
1068,0.007842,0.000125,0.065334,0.011165,-0.014900,-0.003735
1069,0.007837,0.002773,0.065322,0.052656,0.044800,-0.007856
1070,0.007830,0.000000,0.065261,0.000193,0.000000,-0.000193
1071,0.007826,0.003759,0.065258,0.061315,0.059700,-0.001615
1072,0.007832,0.013993,0.065307,0.118292,-0.104500,0.013792
1073,0.007825,0.000320,0.065263,0.017894,0.014900,-0.002994
1074,0.007818,0.000261,0.065217,0.016168,-0.014900,0.001268
1075,0.007812,0.002266,0.065201,0.047600,-0.059700,-0.012100
1076,0.007809,0.004429,0.065202,0.066552,0.059700,-0.006852
1077,0.007802,0.000348,0.065158,0.018663,-0.029900,-0.011237
1078,0.007795,0.000429,0.065117,0.020719,0.000000,-0.020719
1079,0.007804,0.016534,0.065176,0.128585,-0.149200,-0.020615
1080,0.007801,0.004751,0.065180,0.068924,0.059700,-0.009224
1081,0.007799,0.005889,0.065190,0.076737,0.059700,-0.017037
1082,0.007792,0.000266,0.065145,0.016298,-0.029900,-0.013602
1083,0.007785,0.000075,0.065093,0.008638,0.000000,0.008638
1084,0.007778,0.000933,0.065061,0.030551,0.029900,-0.000651
1085,0.007775,0.004184,0.065060,0.064685,-0.059700,0.004985
1086,0.007769,0.001081,0.065030,0.032871,0.029800,-0.003071
1087,0.007762,0.000117,0.064980,0.010837,0.000000,0.010837
1088,0.007764,0.009629,0.065011,0.098126,0.104500,0.006374
1089,0.007757,0.000526,0.064972,0.022931,0.029900,0.006969
1090,0.007753,0.003114,0.064964,0.055802,-0.044800,0.011002
1091,0.007751,0.006414,0.064978,0.080088,0.074600,-0.005488
1092,0.007745,0.001036,0.064948,0.032186,-0.029800,0.002386
1093,0.007798,0.065507,0.065123,0.255944,0.253700,-0.002244
1094,0.007924,0.145097,0.065413,0.380915,-0.388100,-0.007185
1095,0.007980,0.069254,0.065594,0.263162,0.298500,0.035338
1096,0.007997,0.026310,0.065682,0.162203,-0.238800,-0.076597
1097,0.007991,0.001215,0.065654,0.034862,0.029900,-0.004962
1098,0.008028,0.048441,0.065795,0.220093,0.208900,-0.011193
1099,0.008021,0.000001,0.065736,0.001182,-0.074600,-0.073418
1100,0.008013,0.000123,0.065687,0.011111,-0.029800,-0.018689
1101,0.008008,0.002014,0.065668,0.044881,-0.089600,-0.044719
1102,0.008004,0.004041,0.065666,0.063570,0.029900,-0.033670
1103,0.007999,0.001702,0.065643,0.041259,0.000000,-0.041259
1104,0.007999,0.008347,0.065667,0.091363,0.089500,-0.001863
1105,0.008001,0.010622,0.065701,0.103064,0.104500,0.001436
1106,0.008004,0.011223,0.065737,0.105939,0.059700,-0.046239
1107,0.008004,0.007501,0.065756,0.086607,0.074600,-0.012007
1108,0.008000,0.003424,0.065750,0.058514,-0.074600,-0.016086
1109,0.007993,0.000305,0.065706,0.017460,0.000000,-0.017460
1110,0.007994,0.009232,0.065733,0.096081,-0.089600,0.006481
1111,0.007996,0.010265,0.065766,0.101314,0.119400,0.018086
1112,0.007989,0.000712,0.065730,0.026677,0.044800,0.018123
1113,0.007989,0.007384,0.065749,0.085931,0.089600,0.003669
1114,0.007990,0.009368,0.065776,0.096787,-0.104500,-0.007713
1115,0.007983,0.000112,0.065727,0.010597,-0.029900,-0.019303
1116,0.008011,0.039540,0.065847,0.198846,-0.164100,0.034746
1117,0.008021,0.018713,0.065910,0.136794,-0.089600,0.047194
1118,0.008027,0.014594,0.065960,0.120808,0.164200,0.043392
1119,0.008022,0.002114,0.065942,0.045981,0.029800,-0.016181
1120,0.008018,0.003812,0.065938,0.061741,-0.059700,0.002041
1121,0.008013,0.002721,0.065926,0.052164,-0.044700,0.007464
1122,0.008006,0.000130,0.065877,0.011400,0.000000,-0.011400
1123,0.007999,0.000008,0.065820,0.002844,0.014900,0.012056
1124,0.007997,0.005638,0.065829,0.075085,0.089500,0.014415
1125,0.007992,0.002724,0.065817,0.052196,0.000000,0.052196
1126,0.007985,0.000643,0.065780,0.025352,0.000000,-0.025352
1127,0.008051,0.081294,0.065976,0.285121,-0.253700,0.031421
1128,0.008046,0.003310,0.065968,0.057535,-0.044800,0.012735
1129,0.008069,0.033012,0.066071,0.181693,-0.149200,0.032493
1130,0.008079,0.019595,0.066137,0.139984,0.179100,0.039116
1131,0.008082,0.012002,0.066175,0.109554,-0.089600,0.019954
1132,0.008077,0.002531,0.066161,0.050309,-0.029800,0.020509
1133,0.008074,0.004039,0.066159,0.063554,-0.059700,0.003854
1134,0.008081,0.015758,0.066211,0.125532,-0.104500,0.021032
1135,0.008083,0.010914,0.066245,0.104471,0.164200,0.059729
1136,0.008090,0.015522,0.066297,0.124588,-0.074600,0.049988
1137,0.008084,0.000989,0.066266,0.031455,0.000000,0.031455
1138,0.008084,0.008329,0.066288,0.091266,0.074600,-0.016666
1139,0.008077,0.000259,0.066244,0.016085,-0.029900,-0.013815
1140,0.008070,0.000097,0.066194,0.009862,0.000000,-0.009862
1141,0.008083,0.022946,0.066269,0.151479,-0.134300,0.017179
1142,0.008076,0.000040,0.066217,0.006335,0.000000,-0.006335
1143,0.008123,0.061587,0.066376,0.248167,0.223900,-0.024267
1144,0.008118,0.002848,0.066365,0.053366,-0.059700,-0.006334
1145,0.008149,0.043283,0.066489,0.208046,0.164200,-0.043846
1146,0.008142,0.000385,0.066448,0.019609,0.000000,-0.019609
1147,0.008135,0.000083,0.066398,0.009118,0.000000,-0.009118
1148,0.008128,0.000274,0.066354,0.016543,-0.029900,-0.013357
1149,0.008130,0.009688,0.066382,0.098425,-0.134300,-0.035875
1150,0.008138,0.018146,0.066442,0.134708,-0.164200,-0.029492
1151,0.008227,0.109632,0.066673,0.331108,0.298500,-0.032608
1152,0.008220,0.000158,0.066626,0.012556,-0.014900,-0.027456
1153,0.008214,0.001185,0.066598,0.034417,0.014900,-0.019517
1154,0.008207,0.000164,0.066551,0.012817,-0.014900,-0.027717
1155,0.008200,0.001040,0.066521,0.032244,-0.029900,0.002344
1156,0.008208,0.017221,0.066577,0.131231,-0.149200,-0.017969
1157,0.008206,0.005181,0.066582,0.071976,0.089500,0.017524
1158,0.008204,0.005773,0.066590,0.075978,0.134400,0.058422
1159,0.008200,0.004398,0.066590,0.066320,-0.074700,-0.008380
1160,0.008232,0.044708,0.066715,0.211443,0.194100,-0.017343
1161,0.008225,0.000006,0.066660,0.002494,-0.029900,-0.027406
1162,0.008218,0.000142,0.066612,0.011923,-0.029800,-0.041723
1163,0.008211,0.000413,0.066572,0.020315,-0.029900,-0.009585
1164,0.008204,0.000518,0.066535,0.022752,0.000000,-0.022752
1165,0.008198,0.000614,0.066499,0.024781,0.029900,0.005119
1166,0.008196,0.005703,0.066506,0.075518,0.059700,-0.015818
1167,0.008191,0.003013,0.066496,0.054890,-0.029900,0.024990
1168,0.008185,0.000547,0.066459,0.023390,0.000000,-0.023390
1169,0.008197,0.021925,0.066529,0.148071,-0.134300,0.013771
1170,0.008190,0.000446,0.066490,0.021109,0.000000,0.021109
1171,0.008183,0.000153,0.066444,0.012370,-0.029900,-0.017530
1172,0.008176,0.000060,0.066394,0.007762,0.000000,0.007762
1173,0.008233,0.074350,0.066570,0.272672,-0.253700,0.018972
1174,0.008228,0.003333,0.066563,0.057733,0.000000,0.057733
1175,0.008228,0.008130,0.066583,0.090165,0.104500,0.014335
1176,0.008225,0.004046,0.066580,0.063612,0.059700,-0.003912
1177,0.008218,0.000505,0.066543,0.022478,0.029800,0.052278
1178,0.008211,0.000164,0.066497,0.012801,0.000000,0.012801
1179,0.008207,0.003621,0.066492,0.060176,-0.029800,0.030376
1180,0.008206,0.006505,0.066504,0.080654,0.059700,-0.020954
1181,0.008208,0.010578,0.066534,0.102850,-0.089600,0.013250
1182,0.008214,0.015220,0.066583,0.123368,0.149300,0.025932
1183,0.008209,0.002678,0.066570,0.051748,-0.059700,-0.007952
1184,0.008205,0.003018,0.066560,0.054936,0.029800,-0.025136
1185,0.008198,0.000074,0.066511,0.008616,0.000000,-0.008616
1186,0.008191,0.000000,0.066455,0.000424,0.000000,0.000424
1187,0.008188,0.004990,0.066459,0.070640,-0.059700,0.010940
1188,0.008182,0.000608,0.066424,0.024665,-0.029800,-0.005135
1189,0.008176,0.001353,0.066399,0.036785,-0.029900,0.006885
1190,0.008171,0.001688,0.066377,0.041080,0.029900,-0.011180
1191,0.008167,0.004071,0.066375,0.063804,-0.059700,0.004104
1192,0.008160,0.000153,0.066330,0.012360,0.000000,-0.012360
1193,0.008154,0.000396,0.066291,0.019899,0.029800,0.009901
1194,0.008147,0.000040,0.066240,0.006287,0.029900,0.023613
1195,0.008148,0.009193,0.066265,0.095882,-0.074600,0.021282
1196,0.008152,0.012450,0.066303,0.111580,-0.089600,0.021980
1197,0.008146,0.001185,0.066276,0.034421,0.104500,0.070079
1198,0.008140,0.001198,0.066250,0.034619,-0.014900,0.019719
1199,0.008133,0.000185,0.066206,0.013610,0.000000,-0.013610
1200,0.008127,0.000093,0.066158,0.009663,0.014900,0.005237
1201,0.008120,0.000003,0.066105,0.001728,-0.014900,-0.013172
1202,0.008124,0.012688,0.066143,0.112643,-0.089600,0.023043
1203,0.008124,0.008782,0.066166,0.093714,0.089600,-0.004114
1204,0.008117,0.000082,0.066119,0.009038,0.000000,0.009038
1205,0.008115,0.004881,0.066122,0.069861,-0.089600,-0.019739
1206,0.008132,0.028424,0.066207,0.168593,0.164200,-0.004393
1207,0.008141,0.019544,0.066268,0.139801,-0.164200,-0.024399
1208,0.008134,0.000041,0.066219,0.006416,0.000000,-0.006416
1209,0.008133,0.006868,0.066232,0.082871,0.089600,0.006729
1210,0.008127,0.000025,0.066182,0.005044,0.000000,-0.005044
1211,0.008120,0.000072,0.066134,0.008514,0.000000,-0.008514
1212,0.008113,0.000032,0.066084,0.005620,0.000000,-0.005620
1213,0.008109,0.002520,0.066071,0.050201,0.044700,-0.005501
1214,0.008102,0.000566,0.066036,0.023788,0.000000,-0.023788
1215,0.008101,0.006597,0.066048,0.081220,0.059700,-0.021520
1216,0.008095,0.000008,0.065996,0.002853,0.000000,0.002853
1217,0.008090,0.002521,0.065983,0.050211,0.029900,-0.020311
1218,0.008092,0.010926,0.066015,0.104529,0.074600,-0.029929
1219,0.008086,0.000174,0.065971,0.013189,-0.014900,-0.028089
1220,0.008084,0.006365,0.065983,0.079780,0.104500,0.024720
1221,0.008078,0.000737,0.065951,0.027140,-0.029900,-0.002760
1222,0.008073,0.001208,0.065925,0.034756,-0.059700,-0.024944
1223,0.008066,0.000261,0.065884,0.016161,0.000000,-0.016161
1224,0.008067,0.009383,0.065910,0.096868,0.089600,-0.007268
1225,0.008068,0.009157,0.065934,0.095690,-0.104500,-0.008810
1226,0.008069,0.009177,0.065959,0.095795,-0.089600,0.006195
1227,0.008077,0.017826,0.066014,0.133513,0.134400,0.000887
1228,0.008071,0.000095,0.065968,0.009725,-0.029900,-0.020175
1229,0.008068,0.005017,0.065972,0.070831,0.059700,-0.011131
1230,0.008062,0.001148,0.065946,0.033882,-0.029800,0.004082
1231,0.008057,0.001782,0.065926,0.042211,-0.044800,-0.002589
1232,0.008056,0.005989,0.065936,0.077388,-0.059700,0.017688
1233,0.008087,0.046781,0.066058,0.216290,-0.223900,-0.007610
1234,0.008081,0.000292,0.066018,0.017087,0.000000,0.017087
1235,0.008074,0.000029,0.065969,0.005358,0.000000,-0.005358
1236,0.008073,0.006952,0.065983,0.083380,0.104500,0.021120
1237,0.008067,0.000098,0.065938,0.009880,0.000000,-0.009880
1238,0.008060,0.000087,0.065892,0.009340,-0.014900,-0.005560
1239,0.008055,0.001378,0.065868,0.037123,0.044700,0.007577
1240,0.008048,0.000005,0.065817,0.002143,0.000000,0.002143
1241,0.008073,0.038445,0.065922,0.196073,0.223900,0.027827
1242,0.008067,0.000622,0.065889,0.024938,-0.029800,-0.004862
1243,0.008066,0.006709,0.065902,0.081906,0.119400,0.037494
1244,0.008060,0.000319,0.065863,0.017869,0.014900,-0.002969
1245,0.008053,0.000297,0.065824,0.017223,0.000000,-0.017223
1246,0.008068,0.025853,0.065901,0.160789,0.149200,-0.011589
1247,0.008095,0.042124,0.066013,0.205242,0.194100,-0.011142
1248,0.008165,0.094526,0.066207,0.307451,-0.343300,-0.035849
1249,0.008223,0.080362,0.066381,0.283482,0.283600,0.000118
1250,0.008260,0.055186,0.066516,0.234917,-0.253800,-0.018883
1251,0.008254,0.000213,0.066475,0.014609,-0.044700,-0.030091
1252,0.008266,0.023346,0.066544,0.152793,0.164100,0.011307
1253,0.008299,0.049708,0.066669,0.222953,-0.223800,-0.000847
1254,0.008296,0.004813,0.066671,0.069374,0.059700,-0.009674
1255,0.008297,0.008513,0.066692,0.092264,-0.119400,-0.027136
1256,0.008298,0.009675,0.066717,0.098359,-0.134400,-0.036041
1257,0.008296,0.006729,0.066729,0.082028,0.104500,0.022472
1258,0.008291,0.001014,0.066702,0.031845,0.059700,0.027855
1259,0.008337,0.066679,0.066854,0.258222,-0.223900,0.034322
1260,0.008338,0.009924,0.066880,0.099617,-0.044700,0.054917
1261,0.008332,0.000637,0.066847,0.025248,0.014900,-0.010348
1262,0.008337,0.014153,0.066889,0.118968,-0.104500,0.014468
1263,0.008334,0.004831,0.066891,0.069506,0.089600,0.020094
1264,0.008336,0.011176,0.066921,0.105716,-0.089600,0.016116
1265,0.008350,0.025947,0.066996,0.161080,0.164200,0.003120
1266,0.008344,0.000373,0.066958,0.019314,-0.029900,-0.010586
1267,0.008351,0.017065,0.067009,0.130633,-0.134300,-0.003667
1268,0.008358,0.016760,0.067058,0.129460,0.164200,0.034740
1269,0.008354,0.003591,0.067053,0.059925,0.089500,0.029575
1270,0.008349,0.002402,0.067038,0.049006,0.074700,0.025694
1271,0.008343,0.000414,0.067001,0.020345,-0.044800,-0.024455
1272,0.008342,0.007297,0.067016,0.085423,0.000000,-0.085423
1273,0.008336,0.001374,0.066992,0.037072,-0.059700,-0.022628
1274,0.008331,0.000917,0.066963,0.030284,-0.029900,-0.060184
1275,0.008329,0.005636,0.066970,0.075074,0.059700,-0.015374
1276,0.008330,0.009758,0.066995,0.098784,-0.089500,0.009284
1277,0.008334,0.013268,0.067033,0.115185,0.089500,-0.025685
1278,0.008327,0.000109,0.066988,0.010456,-0.029800,-0.019344
1279,0.008324,0.004378,0.066988,0.066163,0.059700,-0.006463
1280,0.008318,0.000107,0.066943,0.010363,0.000000,-0.010363
1281,0.008320,0.011059,0.066973,0.105161,-0.089600,0.015561
1282,0.008315,0.002173,0.066957,0.046610,-0.059700,-0.013090
1283,0.008309,0.000263,0.066918,0.016207,-0.044700,-0.028493
1284,0.008304,0.002628,0.066905,0.051264,0.044700,-0.006564
1285,0.008309,0.015048,0.066949,0.122670,-0.134300,-0.011630
1286,0.008317,0.018129,0.067002,0.134645,0.134300,-0.000345
1287,0.008319,0.011034,0.067031,0.105044,-0.134300,-0.029256
1288,0.008318,0.007019,0.067044,0.083782,0.089600,0.005818
1289,0.008315,0.004328,0.067043,0.065790,0.074600,0.008810
1290,0.008309,0.000021,0.066995,0.004597,-0.029900,-0.025303
1291,0.008304,0.002578,0.066982,0.050772,-0.044700,0.006072
1292,0.008304,0.008680,0.067003,0.093169,-0.089600,0.003569
1293,0.008300,0.002507,0.066989,0.050072,0.089600,0.039528
1294,0.008295,0.002278,0.066975,0.047732,0.044700,-0.003032
1295,0.008289,0.000156,0.066932,0.012475,0.029900,0.017425
1296,0.008286,0.004722,0.066934,0.068716,0.029800,-0.038916
1297,0.008281,0.000972,0.066906,0.031177,0.000000,-0.031177
1298,0.008275,0.001432,0.066884,0.037844,-0.059700,-0.021856
1299,0.008270,0.001421,0.066861,0.037702,-0.044700,-0.006998
1300,0.008269,0.006567,0.066872,0.081040,0.074600,-0.006440
1301,0.008268,0.007634,0.066888,0.087372,-0.059700,0.027672
1302,0.008264,0.003056,0.066879,0.055284,0.059700,0.004416
1303,0.008259,0.001886,0.066861,0.043433,-0.059700,-0.016267
1304,0.008313,0.077921,0.067024,0.279143,0.253700,-0.025443
1305,0.008323,0.021528,0.067085,0.146724,-0.194000,-0.047276
1306,0.008334,0.022317,0.067149,0.149390,-0.164200,-0.014810
1307,0.008334,0.009209,0.067171,0.095964,0.104500,0.008536
1308,0.008328,0.000522,0.067137,0.022853,0.000000,-0.022853
1309,0.008346,0.031612,0.067221,0.177797,0.194000,0.016203
1310,0.008341,0.000985,0.067194,0.031387,-0.014900,-0.046287
1311,0.008369,0.045311,0.067306,0.212864,0.208900,-0.003964
1312,0.008381,0.024535,0.067374,0.156637,-0.194000,-0.037363
1313,0.008375,0.000016,0.067325,0.003985,0.000000,-0.003985
1314,0.008372,0.004583,0.067326,0.067697,-0.074600,-0.006903
1315,0.008372,0.008266,0.067344,0.090918,0.074600,-0.016318
1316,0.008366,0.001219,0.067319,0.034920,0.000000,0.034920
1317,0.008372,0.016149,0.067364,0.127079,-0.164200,-0.037121
1318,0.008389,0.030525,0.067446,0.174713,0.164200,-0.010513
1319,0.008387,0.005589,0.067452,0.074758,-0.104500,-0.029742
1320,0.008517,0.179192,0.067722,0.423311,0.417900,-0.005411
1321,0.008512,0.002349,0.067708,0.048469,0.000000,-0.048469
1322,0.008553,0.062798,0.067846,0.250595,-0.223800,0.026795
1323,0.008547,0.000319,0.067808,0.017867,0.029800,0.011933
1324,0.008542,0.001299,0.067784,0.036037,-0.029800,0.006237
1325,0.008540,0.006698,0.067795,0.081840,0.074600,-0.007240
1326,0.008541,0.008831,0.067815,0.093974,-0.104500,-0.010526