# TEST CONFIGURATION BEGIN
# File Stream: filename: air_company_stock7.csv  -  n_targets: 1
# [air_company_stock7_ADE_HOMO_ABTSAIN_HTREE_SIZE_4_OFFLINE_BATCH_100] Pipeline: Array BaseStreamModel: base_models: [<skmultiflow.trees.regression_hoeffding_tree.RegressionHoeffdingTree object at 0x7f22d7741b38>, <skmultiflow.trees.regression_hoeffding_tree.RegressionHoeffdingTree object at 0x7f22d7741400>, <skmultiflow.trees.regression_hoeffding_tree.RegressionHoeffdingTree object at 0x7f22d7741b00>, <skmultiflow.trees.regression_hoeffding_tree.RegressionHoeffdingTree object at 0x7f22d77413c8>]
 Array BaseStreamModel: base_models: [<skmultiflow.trees.regression_hoeffding_tree.RegressionHoeffdingTree object at 0x7f22d7741b38>, <skmultiflow.trees.regression_hoeffding_tree.RegressionHoeffdingTree object at 0x7f22d7741400>, <skmultiflow.trees.regression_hoeffding_tree.RegressionHoeffdingTree object at 0x7f22d7741b00>, <skmultiflow.trees.regression_hoeffding_tree.RegressionHoeffdingTree object at 0x7f22d77413c8>]
# Prequential Evaluator: n_wait: 1 - max_samples: 600000 - max_time: 10000000 - output_file: air_company_stock7_ADE_HOMO_ABTSAIN_HTREE_SIZE_4_OFFLINE_BATCH_100_SIZE_4 - batch_size: 1 - pretrain_size: 5 - task_type: regression - show_plot: False - metrics: ['mean_square_error', 'mean_absolute_error', 'true_vs_predicted']
# TEST CONFIGURATION END
id,global_mse_[air_company_stock7_ADE_HOMO_ABTSAIN_HTREE_SIZE_4_OFFLINE_BATCH_100],sliding_mse_[air_company_stock7_ADE_HOMO_ABTSAIN_HTREE_SIZE_4_OFFLINE_BATCH_100],global_mae_[air_company_stock7_ADE_HOMO_ABTSAIN_HTREE_SIZE_4_OFFLINE_BATCH_100],sliding_mae_[air_company_stock7_ADE_HOMO_ABTSAIN_HTREE_SIZE_4_OFFLINE_BATCH_100],true_value_[air_company_stock7_ADE_HOMO_ABTSAIN_HTREE_SIZE_4_OFFLINE_BATCH_100],predicted_value_[air_company_stock7_ADE_HOMO_ABTSAIN_HTREE_SIZE_4_OFFLINE_BATCH_100]
5,0.040881,0.040881,0.202190,0.202190,0.750000,0.952190
6,0.034252,0.027624,0.184197,0.166204,1.250000,1.083796
7,1.253873,3.693115,0.763381,1.921748,-0.750000,1.171748
8,0.947207,0.027207,0.613772,0.164945,0.250000,0.414945
9,0.837931,0.400829,0.617640,0.633111,0.875000,0.241889
10,0.706840,0.051386,0.552481,0.226686,0.250000,0.476686
11,0.612130,0.043869,0.503476,0.209449,-0.625000,-0.415551
12,0.563621,0.224058,0.499710,0.473348,-0.625000,-0.151652
13,0.502611,0.014529,0.457579,0.120534,0.125000,0.245534
14,0.465155,0.128049,0.447605,0.357840,0.875000,0.517160
15,0.447874,0.275063,0.454593,0.524465,0.000000,0.524465
16,0.410622,0.000851,0.419141,0.029170,0.000000,0.029170
17,0.382108,0.039945,0.402273,0.199862,0.125000,-0.074862
18,0.388426,0.470561,0.422538,0.685975,0.875000,0.189025
19,0.368873,0.095135,0.414931,0.308440,0.125000,0.433440
20,0.358094,0.196403,0.416696,0.443174,0.375000,-0.068174
21,0.342996,0.101427,0.410919,0.318476,0.375000,0.056524
22,0.349875,0.466812,0.426047,0.683237,-0.250000,0.433237
23,0.354229,0.432606,0.438241,0.657728,-0.625000,0.032728
24,0.411397,1.497583,0.477517,1.223758,1.375000,0.151242
25,0.451412,1.251725,0.508054,1.118805,0.750000,1.868805
26,0.449507,0.409501,0.514048,0.639923,-0.500000,0.139923
27,0.432937,0.068385,0.503068,0.261504,-0.125000,-0.386504
28,0.435190,0.487004,0.511184,0.697857,-0.375000,0.322857
29,0.420407,0.065619,0.500984,0.256163,0.125000,0.381163
30,0.421056,0.437290,0.507149,0.661279,1.000000,0.338721
31,0.410938,0.147863,0.502607,0.384530,0.000000,-0.384530
32,0.396267,0.000161,0.485111,0.012702,-0.375000,-0.362298
33,0.383237,0.018393,0.473059,0.135621,-0.125000,-0.260621
34,0.377332,0.206094,0.472423,0.453976,-0.375000,0.078976
35,0.392306,0.841503,0.486775,0.917335,-1.000000,-0.082665
36,0.385557,0.176358,0.484687,0.419950,0.000000,-0.419950
37,0.417475,1.438847,0.506349,1.199519,-0.750000,0.449519
38,0.409084,0.132172,0.502149,0.363555,-1.000000,-1.363555
39,0.447907,1.767880,0.525791,1.329616,0.125000,-1.204616
40,0.466854,1.130030,0.540714,1.063029,0.375000,-0.688029
41,0.460688,0.238711,0.539305,0.488581,-0.125000,-0.613581
42,0.516749,2.591009,0.567472,1.609661,0.750000,-0.859661
43,0.612031,4.232738,0.605675,2.057362,1.625000,-0.432362
44,0.597087,0.014278,0.593520,0.119489,-0.125000,-0.005511
45,0.583265,0.030371,0.583294,0.174272,-0.500000,-0.325728
46,0.569401,0.000964,0.570145,0.031040,0.000000,-0.031040
47,0.556922,0.032796,0.561098,0.181096,0.250000,0.431096
48,0.565364,0.928392,0.570244,0.963531,-0.625000,0.338531
49,0.589118,1.634285,0.585981,1.278392,-1.125000,0.153392
50,0.629356,2.440072,0.607200,1.562073,-1.250000,0.312073
51,0.620065,0.192681,0.603620,0.438955,0.125000,-0.313955
52,0.611946,0.230340,0.601044,0.479937,-0.250000,0.229937
53,0.610617,0.546836,0.603869,0.739484,0.250000,-0.489484
54,0.610863,0.622911,0.607576,0.789247,-1.250000,-0.460753
55,0.631210,1.648558,0.620839,1.283962,0.625000,-0.658962
56,0.619596,0.027289,0.612076,0.165193,-0.250000,-0.415193
57,0.636757,1.529143,0.623860,1.236585,0.250000,-0.986585
58,0.657418,1.752446,0.636822,1.323800,0.250000,-1.073800
59,0.716428,3.902952,0.661163,1.975589,1.250000,-0.725589
60,0.745077,2.320756,0.676560,1.523403,0.500000,-1.023403
61,0.785310,3.038357,0.695271,1.743088,0.750000,-0.993088
62,0.822613,2.948901,0.712891,1.717236,-2.125000,-0.407764
63,0.821273,0.743547,0.715423,0.862292,0.125000,-0.737292
64,0.807785,0.011979,0.705324,0.109447,-0.375000,-0.265553
65,0.796840,0.140146,0.699898,0.374361,0.125000,-0.249361
66,0.785532,0.095773,0.693601,0.309471,-1.000000,-0.690529
67,0.804178,1.960244,0.704815,1.400087,0.375000,-1.025087
68,0.823773,2.058249,0.716219,1.434660,0.375000,-1.059660
69,0.833651,1.465851,0.723826,1.210724,0.375000,-0.835724
70,0.828184,0.472839,0.723278,0.687633,-0.125000,-0.812633
71,0.819898,0.273001,0.720281,0.522495,-0.125000,-0.647495
72,0.815625,0.529315,0.720388,0.727540,0.125000,-0.602540
73,0.808683,0.336623,0.718356,0.580192,0.375000,-0.205192
74,0.797439,0.021645,0.710196,0.147123,0.250000,0.102877
75,0.794758,0.607087,0.711167,0.779158,0.750000,-0.029158
76,0.805949,1.600481,0.718861,1.265101,-0.875000,0.390101
77,0.795682,0.056476,0.712269,0.237647,0.125000,0.362647
78,0.785389,0.033987,0.705135,0.184356,-0.250000,-0.065644
79,0.775400,0.036216,0.698270,0.190306,-0.125000,0.065306
80,0.765662,0.035343,0.691556,0.187997,0.125000,-0.062997
81,0.779999,1.869548,0.700332,1.367314,-1.250000,0.117314
82,0.773084,0.240651,0.697643,0.490562,0.125000,-0.365562
83,0.767166,0.305595,0.695810,0.552806,0.500000,-0.052806
84,0.758429,0.068148,0.690375,0.261051,-0.125000,0.136051
85,0.750669,0.129938,0.686302,0.360469,-0.750000,-0.389531
86,0.759886,1.506430,0.692900,1.227367,-1.375000,-0.147633
87,0.757232,0.539609,0.693403,0.734581,-0.625000,0.109581
88,0.755727,0.630803,0.694603,0.794231,-0.375000,0.419231
89,0.751198,0.370803,0.693595,0.608936,-0.125000,0.483936
90,0.743227,0.065668,0.688510,0.256258,0.500000,0.243742
91,0.734764,0.006924,0.681552,0.083213,-0.750000,-0.666787
92,0.727059,0.056731,0.676514,0.238183,-0.750000,-0.988183
93,0.722886,0.355618,0.675613,0.596337,-0.250000,-0.846337
94,0.728421,1.221107,0.680385,1.105037,1.000000,-0.105037
95,0.724604,0.381075,0.679692,0.617313,-0.500000,0.117313
96,0.748603,2.932450,0.690917,1.712440,1.125000,-0.587440
97,0.749773,0.857402,0.693444,0.925960,0.625000,-0.300960
98,0.747239,0.511624,0.693677,0.715279,0.375000,-0.340279
99,0.739852,0.045514,0.688621,0.213341,-0.500000,-0.713341
100,0.755934,2.283638,0.697189,1.511171,1.125000,-0.386171
101,0.753149,0.485831,0.697187,0.697016,0.000000,0.697016
102,0.745821,0.035039,0.691983,0.187188,0.000000,0.187188
103,0.738365,0.007632,0.685876,0.087359,0.125000,0.212359
104,0.735303,0.432132,0.685590,0.657368,0.875000,0.217632
105,0.729981,0.197831,0.683206,0.444782,0.750000,0.305218
106,0.739651,1.716337,0.689352,1.310090,-0.875000,0.435090
107,0.733554,0.111637,0.685903,0.334121,0.250000,-0.084121
108,0.730529,0.418960,0.685532,0.647271,-0.375000,0.272271
109,0.742655,2.003801,0.692484,1.415557,-0.875000,0.540557
110,0.737115,0.155333,0.689670,0.394123,0.625000,0.230877
111,0.731768,0.165036,0.687021,0.406247,0.250000,0.656247
112,0.728678,0.398053,0.686501,0.630915,0.375000,-0.255915
113,0.725419,0.373477,0.685810,0.611128,-0.750000,-0.138872
114,0.720907,0.229066,0.683926,0.478608,0.500000,0.021392
115,0.714415,0.000221,0.677899,0.014864,0.000000,-0.014864
116,0.708768,0.081981,0.674402,0.286323,0.375000,0.088677
117,0.702794,0.033766,0.670060,0.183756,0.000000,0.183756
118,0.700784,0.473584,0.670219,0.688175,0.500000,-0.188175
119,0.702187,0.862159,0.672466,0.928525,-0.875000,0.053525
120,0.696885,0.087174,0.669214,0.295253,-0.250000,0.045253
121,0.691384,0.053208,0.665465,0.230669,-0.250000,-0.480669
122,0.685534,0.001169,0.660116,0.034185,0.000000,0.034185
123,0.679784,0.001284,0.654869,0.035829,-0.375000,-0.339171
124,0.687397,1.593332,0.659931,1.262273,0.625000,-0.637273
125,0.687149,0.657314,0.661178,0.810749,0.625000,-0.185749
126,0.682007,0.059846,0.657763,0.244634,0.125000,-0.119634
127,0.678974,0.308993,0.656935,0.555871,0.250000,-0.305871
128,0.678242,0.588186,0.657822,0.766933,-0.750000,0.016933
129,0.679191,0.796886,0.659701,0.892684,1.000000,0.107316
130,0.692905,2.407128,0.666779,1.551492,-0.875000,0.676492
131,0.688747,0.164871,0.664726,0.406043,-0.500000,-0.093957
132,0.683373,0.000813,0.659755,0.028506,0.000000,0.028506
133,0.678669,0.076589,0.656786,0.276746,0.375000,0.098254
134,0.674147,0.090828,0.654052,0.301377,0.125000,-0.176377
135,0.671398,0.313969,0.653337,0.560329,0.500000,-0.060329
136,0.666311,0.000002,0.648397,0.001337,0.250000,0.248663
137,0.670654,1.243881,0.651908,1.115294,1.000000,-0.115294
138,0.667198,0.207555,0.650443,0.455582,0.000000,0.455582
139,0.662300,0.005954,0.646196,0.077160,0.250000,0.327160
140,0.660022,0.352487,0.645810,0.593706,-0.250000,0.343706
141,0.670193,2.053526,0.651556,1.433013,-0.750000,0.683013
142,0.670176,0.667860,0.652757,0.817227,1.250000,0.432773
143,0.696172,4.283504,0.662950,2.069663,-0.875000,1.194663
144,0.713428,3.112028,0.670816,1.764094,-1.750000,0.014094
145,0.709465,0.154684,0.668847,0.393299,-0.375000,0.018299
146,0.704960,0.069717,0.665997,0.264039,0.625000,0.889039
147,0.702473,0.349321,0.665472,0.591034,-0.875000,-0.283966
148,0.697962,0.052893,0.662448,0.229985,-0.500000,-0.270015
149,0.693151,0.000353,0.658009,0.018784,0.875000,0.856216
150,0.693108,0.686913,0.659179,0.828802,-0.375000,0.453802
151,0.688561,0.024707,0.655764,0.157184,-0.625000,-0.782184
152,0.684751,0.124687,0.653719,0.353110,-0.625000,-0.978110
153,0.680643,0.072647,0.651141,0.269532,0.250000,-0.019532
154,0.690175,2.110383,0.656484,1.452716,1.000000,-0.452716
155,0.685758,0.023254,0.653147,0.152491,-0.250000,-0.097509
156,0.684135,0.439098,0.653209,0.662645,0.375000,-0.287645
157,0.683646,0.609348,0.654042,0.780607,0.625000,-0.155607
158,0.680161,0.146913,0.652284,0.383292,0.250000,-0.133292
159,0.678382,0.404408,0.652178,0.635931,0.250000,-0.385931
160,0.685939,1.857299,0.656734,1.362827,-1.500000,-0.137173
161,0.689148,1.189675,0.659498,1.090722,0.750000,-0.340722
162,0.685544,0.119762,0.657514,0.346067,0.625000,0.278933
163,0.683592,0.375239,0.657232,0.612568,0.500000,-0.112568
164,0.686030,1.073592,0.659600,1.036143,0.500000,-0.536143
165,0.691162,1.512236,0.663141,1.229730,0.500000,-0.729730
166,0.722823,5.820232,0.673940,2.412516,1.625000,-0.787516
167,0.718415,0.004417,0.670213,0.066459,-0.250000,-0.183541
168,0.714590,0.091139,0.667967,0.301892,0.000000,0.301892
169,0.712917,0.438527,0.667932,0.662214,-0.250000,0.412214
170,0.708623,0.000115,0.663973,0.010704,1.125000,1.114296
171,0.704569,0.031557,0.661061,0.177643,0.875000,0.697357
172,0.706452,1.020958,0.663140,1.010425,-0.375000,0.635425
173,0.703090,0.138290,0.661417,0.371874,-0.125000,0.246874
174,0.711626,2.154218,0.666160,1.467725,-0.625000,0.842725
175,0.709191,0.295169,0.665441,0.543295,0.125000,0.668295
176,0.706969,0.327061,0.664897,0.571892,0.125000,0.696892
177,0.709826,1.201168,0.667389,1.095978,-0.250000,0.845978
178,0.705925,0.031155,0.664568,0.176508,0.250000,0.426508
179,0.704492,0.455044,0.664625,0.674570,0.750000,0.075430
180,0.702467,0.348086,0.664201,0.589988,1.125000,0.535012
181,0.701856,0.594333,0.664804,0.770930,-0.125000,0.645930
182,0.698577,0.118255,0.663001,0.343882,0.125000,-0.218882
183,0.695093,0.074856,0.660826,0.273598,0.125000,-0.148598
184,0.691685,0.081726,0.658743,0.285878,0.625000,0.339122
185,0.695362,1.357149,0.661539,1.164967,1.500000,0.335033
186,0.694713,0.577261,0.662079,0.759777,-0.250000,0.509777
187,0.690917,0.000082,0.658511,0.009066,-0.250000,-0.259066
188,0.688207,0.192299,0.657315,0.438519,-0.250000,0.188519
189,0.687582,0.572578,0.657852,0.756689,-0.125000,0.631689
190,0.688948,0.941583,0.659532,0.970352,-0.625000,0.345352
191,0.685832,0.106273,0.657749,0.325995,-0.125000,0.200995
192,0.682210,0.004844,0.654620,0.069596,0.625000,0.555404
193,0.688788,1.925628,0.658499,1.387670,-0.875000,0.512670
194,0.716371,5.929424,0.667849,2.435041,2.000000,-0.435041
195,0.724137,2.199748,0.672118,1.483155,-0.625000,0.858155
196,0.721592,0.235551,0.671145,0.485336,-0.375000,-0.860336
197,0.718881,0.198320,0.669975,0.445331,0.125000,-0.320331
198,0.715347,0.033215,0.667461,0.182249,0.000000,0.182249
199,0.713065,0.270422,0.666705,0.520021,-0.750000,-0.229979
200,0.709752,0.063720,0.664591,0.252428,0.250000,-0.002428
201,0.715656,1.872858,0.668164,1.368524,-0.500000,0.868524
202,0.712499,0.090493,0.666309,0.300821,-0.375000,-0.074179
203,0.711141,0.442359,0.666303,0.665101,0.500000,-0.165101
204,0.707673,0.017433,0.663632,0.132035,0.000000,0.132035
205,0.707876,0.748547,0.664634,0.865186,-1.125000,-0.259814
206,0.704864,0.099366,0.662905,0.315224,-0.500000,-0.184776
207,0.706899,1.117954,0.664848,1.057334,-0.125000,0.932334
208,0.710679,1.478115,0.667548,1.215778,-0.750000,0.465778
209,0.707457,0.050194,0.665385,0.224041,0.375000,0.150959
210,0.732991,5.967356,0.674013,2.442817,-2.000000,0.442817
211,0.734296,1.003120,0.675596,1.001559,0.500000,-0.501559
212,0.730789,0.004918,0.672685,0.070131,0.250000,0.179869
213,0.727877,0.122222,0.671139,0.349603,-0.500000,-0.849603
214,0.737645,2.779006,0.675881,1.667035,0.500000,-1.167035
215,0.747283,2.771258,0.680568,1.664710,0.625000,-1.039710
216,0.746211,0.520063,0.680759,0.721154,-0.250000,-0.971154
217,0.748922,1.323666,0.682964,1.150507,0.375000,-0.775507
218,0.745867,0.095105,0.681214,0.308391,-0.125000,-0.433391
219,0.742521,0.026652,0.678805,0.163255,-0.125000,-0.288255
220,0.739194,0.023778,0.676376,0.154201,0.000000,-0.154201
221,0.755240,4.221114,0.682727,2.054535,2.250000,0.195465
222,0.759577,1.700832,0.685578,1.304160,-0.625000,0.679160
223,0.756110,0.000292,0.682525,0.017075,-0.625000,-0.642075
224,0.753610,0.206124,0.681487,0.454008,0.250000,-0.204008
225,0.752328,0.470246,0.681506,0.685745,-0.250000,0.435745
226,0.751653,0.602416,0.681932,0.776154,0.500000,-0.276154
227,0.749198,0.204233,0.680901,0.451922,0.875000,0.423078
228,0.752352,1.455605,0.683247,1.206485,-0.625000,0.581485
229,0.749008,0.000044,0.680240,0.006630,0.000000,-0.006630
230,0.745696,0.000612,0.677339,0.024732,0.000000,0.024732
231,0.743051,0.145077,0.676033,0.380890,0.000000,0.380890
232,0.740936,0.260866,0.675309,0.510751,-0.250000,0.260751
233,0.739511,0.414744,0.675172,0.644007,-0.375000,0.269007
234,0.737586,0.296581,0.674604,0.544592,-0.250000,0.294592
235,0.737359,0.685163,0.675267,0.827746,-0.375000,0.452746
236,0.734582,0.093160,0.673672,0.305222,-0.125000,0.180222
237,0.731434,0.001185,0.670929,0.034428,0.250000,0.215572
238,0.739001,2.501988,0.674821,1.581767,-1.000000,0.581767
239,0.738613,0.647918,0.675375,0.804934,-0.500000,0.304934
240,0.735485,0.000384,0.672596,0.019595,0.000000,0.019595
241,0.733571,0.281942,0.671998,0.530982,-0.375000,0.155982
242,0.730575,0.020554,0.669777,0.143367,0.000000,-0.143367
243,0.730186,0.637590,0.670316,0.798493,-1.000000,-0.201507
244,0.728818,0.401746,0.670164,0.633834,-0.250000,-0.883834
245,0.733649,1.893185,0.673092,1.375931,0.750000,-0.625931
246,0.730639,0.005078,0.670605,0.071262,-0.125000,-0.196262
247,0.730969,0.810925,0.671552,0.900514,0.375000,-0.525514
248,0.728263,0.070711,0.669889,0.265915,-0.750000,-0.484085
249,0.725569,0.068086,0.668220,0.260934,-0.625000,-0.364066
250,0.722811,0.047158,0.666386,0.217159,0.000000,-0.217159
251,0.721473,0.392386,0.666224,0.626407,0.750000,0.123593
252,0.718906,0.084833,0.664712,0.291261,0.375000,0.083739
253,0.716041,0.005598,0.662343,0.074819,-0.375000,-0.449819
254,0.713602,0.106322,0.660998,0.326071,-0.125000,-0.451071
255,0.711841,0.271399,0.660440,0.520959,0.250000,-0.270959
256,0.710051,0.260919,0.659847,0.510802,-0.375000,0.135802
257,0.707245,0.000034,0.657261,0.005799,0.250000,0.255799
258,0.705306,0.214831,0.656499,0.463498,-0.250000,0.213498
259,0.704313,0.452046,0.656561,0.672344,0.625000,-0.047344
260,0.705467,0.999631,0.657902,0.999816,1.250000,0.250184
261,0.709210,1.667523,0.660366,1.291326,1.500000,0.208674
262,0.707192,0.188647,0.659490,0.434335,0.250000,-0.184335
263,0.704467,0.001289,0.657082,0.035899,0.000000,-0.035899
264,0.706221,1.160627,0.658699,1.077324,1.000000,-0.077324
265,0.703717,0.052705,0.657055,0.229577,0.250000,0.479577
266,0.710067,2.367334,0.660419,1.538614,-0.750000,0.788614
267,0.707792,0.111744,0.659179,0.334281,0.250000,0.584281
268,0.708674,0.940522,0.660356,0.969805,-0.125000,0.844805
269,0.706082,0.021858,0.658422,0.147844,0.125000,0.272844
270,0.704352,0.245885,0.657811,0.495868,-0.125000,0.370868
271,0.704268,0.681866,0.658440,0.825752,-0.375000,0.450752
272,0.703843,0.590468,0.658850,0.768419,-0.875000,-0.106581
273,0.711386,2.732915,0.662546,1.653153,-1.125000,0.528153
274,0.709003,0.067968,0.661058,0.260707,-0.500000,-0.239293
275,0.707365,0.265135,0.660519,0.514913,0.125000,-0.389913
276,0.705371,0.164866,0.659583,0.406037,0.125000,-0.281037
277,0.704126,0.365524,0.659382,0.604586,-0.125000,-0.729586
278,0.702434,0.240621,0.658766,0.490531,-0.375000,-0.865531
279,0.700451,0.157128,0.657812,0.396394,-0.250000,-0.646394
280,0.697915,0.000391,0.655500,0.019783,-0.375000,-0.394783
281,0.697620,0.616368,0.655968,0.785091,-0.750000,0.035091
282,0.695211,0.027818,0.654208,0.166789,-0.125000,0.041789
283,0.694414,0.472964,0.654328,0.687724,0.750000,0.062276
284,0.699060,1.995266,0.657036,1.412539,-1.000000,0.412539
285,0.699084,0.705776,0.657688,0.840105,0.500000,-0.340105
286,0.700802,1.183616,0.659213,1.087941,1.250000,0.162059
287,0.707258,2.527638,0.662502,1.589855,1.375000,-0.214855
288,0.704769,0.000492,0.660247,0.022182,-0.750000,-0.727818
289,0.702296,0.000082,0.657962,0.009037,-0.375000,-0.384037
290,0.699967,0.036142,0.656326,0.190111,-0.250000,-0.059889
291,0.697731,0.058178,0.654880,0.241201,-0.125000,0.116201
292,0.696234,0.266639,0.654399,0.516371,0.125000,0.641371
293,0.695152,0.383531,0.654278,0.619299,0.000000,0.619299
294,0.692966,0.061061,0.652873,0.247106,0.625000,0.377894
295,0.690937,0.102712,0.651731,0.320487,0.375000,0.695487
296,0.697721,2.671774,0.655097,1.634556,-1.500000,0.134556
297,0.697463,0.622055,0.655553,0.788704,-0.750000,0.038704
298,0.696376,0.377966,0.655414,0.614790,-0.625000,-0.010210
299,0.694076,0.017949,0.653647,0.133974,0.000000,0.133974
300,0.691954,0.065969,0.652306,0.256844,-0.125000,0.131844
301,0.690603,0.290565,0.651925,0.539041,0.375000,-0.164041
302,0.689643,0.404551,0.651872,0.636043,0.500000,-0.136043
303,0.687439,0.030780,0.650278,0.175442,0.125000,-0.050442
304,0.686085,0.281164,0.649878,0.530249,0.375000,-0.155249
305,0.695303,3.460601,0.653899,1.860269,1.250000,-0.610269
306,0.693351,0.105793,0.652811,0.325259,0.375000,0.049741
307,0.691133,0.021448,0.651140,0.146451,0.000000,-0.146451
308,0.691637,0.844441,0.652021,0.918934,-1.125000,-0.206066
309,0.689440,0.021529,0.650364,0.146727,-0.125000,-0.271727
310,0.687205,0.005348,0.648478,0.073129,0.125000,0.198129
311,0.685102,0.041700,0.647031,0.204206,0.000000,0.204206
312,0.682947,0.021293,0.645404,0.145921,-0.125000,0.020921
313,0.681452,0.220867,0.644836,0.469965,-0.125000,-0.594965
314,0.679263,0.002852,0.642928,0.053403,-0.625000,-0.571597
315,0.678308,0.382474,0.642849,0.618445,0.625000,0.006555
316,0.677612,0.461062,0.642965,0.679016,-0.250000,0.429016
317,0.677155,0.534468,0.643247,0.731073,0.625000,-0.106073
318,0.675548,0.172592,0.642521,0.415442,0.625000,0.209558
319,0.673509,0.033206,0.641060,0.182224,0.250000,0.067776
320,0.671500,0.038703,0.639654,0.196731,-0.250000,-0.446731
321,0.669767,0.122346,0.638739,0.349779,0.125000,-0.224779
322,0.667665,0.001309,0.636845,0.036187,0.250000,0.213813
323,0.665575,0.000871,0.634941,0.029520,0.375000,0.404520
324,0.663859,0.116436,0.634023,0.341227,0.500000,0.158773
325,0.661793,0.000555,0.632121,0.023560,0.000000,0.023560
326,0.660160,0.136115,0.631304,0.368938,-0.250000,0.118938
327,0.658308,0.062117,0.630121,0.249232,0.250000,0.000768
328,0.656435,0.051422,0.628876,0.226764,0.125000,0.351764
329,0.655555,0.370385,0.628814,0.608593,-0.375000,0.233593
330,0.653731,0.060855,0.627641,0.246688,0.500000,0.253312
331,0.662229,3.432711,0.631388,1.852758,-1.250000,0.602758
332,0.660829,0.202832,0.630836,0.450368,-0.500000,-0.049632
333,0.658879,0.019323,0.629341,0.139008,0.000000,0.139008
334,0.656975,0.030452,0.627963,0.174504,0.000000,0.174504
335,0.657387,0.793419,0.628757,0.890741,0.500000,-0.390741
336,0.657431,0.672061,0.629332,0.819793,0.375000,-0.444793
337,0.657031,0.524106,0.629616,0.723951,0.375000,-0.348951
338,0.657340,0.760324,0.630342,0.871966,0.500000,-0.371966
339,0.657667,0.766811,0.631074,0.875678,0.625000,-0.250678
340,0.656410,0.235566,0.630641,0.485351,0.375000,-0.110351
341,0.654979,0.174036,0.630007,0.417176,0.250000,-0.167176
342,0.653382,0.115051,0.629147,0.339191,-0.250000,0.089191
343,0.652434,0.332095,0.628991,0.576277,0.625000,0.048723
344,0.651316,0.272411,0.628676,0.521930,-0.125000,0.396930
345,0.649407,0.000195,0.626873,0.013962,0.125000,0.111038
346,0.648392,0.302505,0.626648,0.550004,-0.375000,0.175004
347,0.646565,0.021590,0.625250,0.146935,-0.125000,0.021935
348,0.644701,0.005439,0.623647,0.073750,0.000000,0.073750
349,0.642833,0.000017,0.621851,0.004123,0.125000,0.120877
350,0.641494,0.179799,0.621279,0.424027,0.625000,0.200973
351,0.639691,0.015901,0.619852,0.126099,0.500000,0.373901
352,0.637861,0.002655,0.618219,0.051529,0.000000,0.051529
353,0.637829,0.626826,0.618716,0.791723,1.000000,0.208277
354,0.636843,0.292681,0.618494,0.541000,-0.125000,0.416000
355,0.635081,0.018456,0.617119,0.135853,-0.250000,-0.114147
356,0.633277,0.000030,0.615382,0.005506,0.250000,0.244494
357,0.632783,0.458917,0.615557,0.677434,1.125000,0.447566
358,0.639582,3.039670,0.618744,1.743465,-1.500000,0.243465
359,0.637815,0.012114,0.617311,0.110065,0.125000,0.014935
360,0.636774,0.267197,0.617029,0.516911,0.000000,0.516911
361,0.638663,1.311217,0.618508,1.145084,1.125000,-0.020084
362,0.639264,0.853701,0.619361,0.923960,-0.750000,0.173960
363,0.637654,0.061475,0.618326,0.247941,0.250000,0.002059
364,0.636224,0.122899,0.617583,0.350569,0.250000,-0.100569
365,0.636001,0.555619,0.617937,0.745399,0.625000,-0.120399
366,0.636008,0.638470,0.618437,0.799043,0.000000,-0.799043
367,0.634310,0.019697,0.617120,0.140347,-0.500000,-0.640347
368,0.632614,0.016761,0.615780,0.129464,-0.625000,-0.495536
369,0.631331,0.164450,0.615204,0.405524,-0.875000,-0.469476
370,0.630519,0.334073,0.615103,0.577991,0.125000,-0.452991
371,0.628818,0.006375,0.613644,0.079844,0.000000,-0.079844
372,0.634379,2.675099,0.616421,1.635573,1.125000,-0.510573
373,0.639556,2.544818,0.619074,1.595249,2.000000,0.404751
374,0.638434,0.224412,0.618681,0.473722,0.000000,0.473722
375,0.643833,2.641583,0.621394,1.625295,1.125000,-0.500295
376,0.642146,0.016139,0.620065,0.127039,0.000000,0.127039
377,0.640970,0.203408,0.619612,0.451007,-0.375000,0.076007
378,0.639262,0.002481,0.618088,0.049810,0.250000,0.299810
379,0.639309,0.656711,0.618601,0.810377,-0.375000,0.435377
380,0.642176,1.717453,0.620441,1.310516,-1.125000,0.185516
381,0.641412,0.353870,0.620374,0.594870,0.375000,-0.219870
382,0.640435,0.272070,0.620112,0.521603,-0.250000,0.271603
383,0.639923,0.446490,0.620239,0.668199,0.250000,-0.418199
384,0.638242,0.001045,0.618692,0.032334,-0.250000,-0.282334
385,0.638760,0.835582,0.619467,0.914102,0.375000,-0.539102
386,0.644707,2.910852,0.622312,1.706122,1.375000,-0.331122
387,0.643372,0.133046,0.621640,0.364755,0.500000,0.135245
388,0.649453,2.978606,0.624515,1.725864,1.750000,0.024136
389,0.649292,0.587435,0.624884,0.766443,-0.250000,0.516443
390,0.650490,1.111998,0.625997,1.054513,-1.125000,-0.070487
391,0.648846,0.013906,0.624684,0.117923,-0.125000,-0.242923
392,0.647857,0.265228,0.624401,0.515003,-0.125000,0.390003
393,0.646321,0.050249,0.623372,0.224162,0.125000,0.349162
394,0.645657,0.387627,0.623370,0.622597,1.000000,0.377403
395,0.644136,0.050807,0.622353,0.225404,0.500000,0.725404
396,0.643037,0.213436,0.621943,0.461991,-0.625000,-0.163009
397,0.642770,0.537884,0.622227,0.733405,0.250000,-0.483405
398,0.645071,1.549548,0.623807,1.244808,-1.250000,-0.005192
399,0.648176,1.871352,0.625691,1.367974,1.375000,0.007026
400,0.648867,0.921873,0.626536,0.960142,-0.250000,0.710142
401,0.649195,0.779354,0.627181,0.882810,0.625000,-0.257810
402,0.647569,0.001779,0.625711,0.042179,0.000000,0.042179
403,0.646021,0.029878,0.624576,0.172852,-0.125000,-0.297852
404,0.648788,1.753061,0.626325,1.324032,-1.625000,-0.300968
405,0.648731,0.625724,0.626736,0.791027,0.500000,-0.291027
406,0.647532,0.166974,0.626193,0.408625,-0.125000,0.283625
407,0.658979,5.260393,0.630331,2.293555,2.250000,-0.043555
408,0.660299,1.192269,0.631473,1.091911,-0.625000,0.466911
409,0.659555,0.358971,0.631393,0.599142,0.500000,-0.099142
410,0.658126,0.079332,0.630532,0.281660,-0.250000,-0.531660
411,0.656511,0.001190,0.629067,0.034494,-0.125000,-0.090506
412,0.659152,1.733819,0.630753,1.316746,0.000000,-1.316746
413,0.663994,2.639434,0.633183,1.624633,0.750000,-0.874633
414,0.662475,0.041215,0.632134,0.203015,-0.750000,-0.546985
415,0.661508,0.265134,0.631849,0.514911,-0.500000,0.014911
416,0.660564,0.272467,0.631582,0.521984,-0.500000,0.021984
417,0.660368,0.579890,0.631896,0.761505,-0.250000,0.511505
418,0.659202,0.177644,0.631388,0.421478,-0.250000,0.171478
419,0.661564,1.639441,0.632952,1.280407,0.500000,-0.780407
420,0.663305,1.385849,0.634260,1.177221,-0.750000,0.427221
421,0.661860,0.060368,0.633329,0.245698,-0.625000,-0.379302
422,0.663111,1.185157,0.634418,1.088649,0.750000,-0.338649
423,0.661629,0.041941,0.633393,0.204796,0.500000,0.295204
424,0.660065,0.004797,0.632049,0.069263,0.000000,-0.069263
425,0.658925,0.180263,0.631557,0.424574,-0.125000,-0.549574
426,0.658415,0.443722,0.631639,0.666125,0.375000,-0.291125
427,0.656976,0.049534,0.630671,0.222563,-0.375000,-0.152437
428,0.655472,0.019497,0.629513,0.139631,-0.250000,-0.110369
429,0.654132,0.085700,0.628721,0.292746,0.125000,-0.167746
430,0.652596,0.000006,0.627251,0.002458,0.000000,0.002458
431,0.651622,0.236559,0.626921,0.486373,0.375000,-0.111373
432,0.650520,0.180140,0.626448,0.424429,0.250000,-0.174429
433,0.650780,0.761920,0.627022,0.872880,0.750000,-0.122880
434,0.650648,0.593794,0.627356,0.770580,1.000000,0.229420
435,0.651327,0.943660,0.628154,0.971421,1.250000,0.278579
436,0.649895,0.032407,0.627117,0.180020,0.250000,0.430020
437,0.648642,0.107662,0.626427,0.328119,0.000000,0.328119
438,0.651057,1.696388,0.627984,1.302454,1.125000,-0.177454
439,0.649696,0.059066,0.627099,0.243036,0.625000,0.381964
440,0.648718,0.223458,0.626745,0.472713,-0.125000,0.347713
441,0.648432,0.523901,0.626967,0.723810,-0.625000,0.098810
442,0.660407,5.893244,0.631078,2.427600,-2.250000,0.177600
443,0.659381,0.209926,0.630684,0.458176,-0.375000,0.083176
444,0.659523,0.721949,0.631182,0.849676,-0.250000,0.599676
445,0.658119,0.040178,0.630205,0.200444,0.125000,0.325444
446,0.667573,4.836981,0.633755,2.199314,2.125000,-0.074314
447,0.671520,2.416224,0.635834,1.554421,2.125000,0.570579
448,0.673438,1.522917,0.637181,1.234065,-1.875000,-0.640935
449,0.672127,0.090097,0.636424,0.300161,-1.250000,-0.949839
450,0.673375,1.228635,0.637482,1.108438,0.750000,-0.358438
451,0.676051,1.869830,0.639115,1.367417,-1.250000,0.117417
452,0.676423,0.842662,0.639737,0.917966,-0.875000,0.042966
453,0.676271,0.607909,0.640049,0.779685,-0.125000,0.654685
454,0.674805,0.016636,0.638913,0.128982,0.375000,0.503982
455,0.678307,2.254428,0.640826,1.501475,1.125000,-0.376475
456,0.680178,1.523740,0.642139,1.234398,-1.375000,-0.140602
457,0.681065,1.082075,0.643018,1.040228,0.625000,-0.415228
458,0.683107,1.608203,0.644395,1.268149,-1.500000,-0.231851
459,0.681701,0.043327,0.643436,0.208150,0.125000,-0.083150
460,0.682433,1.015411,0.644235,1.007676,1.125000,0.117324
461,0.683416,1.131970,0.645153,1.063941,-0.875000,0.188941
462,0.684095,0.993976,0.645921,0.996984,0.625000,-0.371984
463,0.682931,0.149899,0.645358,0.387167,-0.375000,0.012167
464,0.690686,4.250310,0.648437,2.061628,-2.250000,-0.188372
465,0.690748,0.719198,0.648870,0.848055,-1.250000,-0.401945
466,0.689316,0.029360,0.647836,0.171348,-0.250000,-0.078652
467,0.691549,1.723199,0.649272,1.312707,-1.125000,0.187707
468,0.784656,43.893316,0.662151,6.625203,-6.750000,-0.124797
469,0.786098,1.455029,0.663321,1.206246,-0.125000,-1.331246
470,0.786454,0.951909,0.663992,0.975658,0.750000,-0.225658
471,0.786083,0.613235,0.664247,0.783093,-0.750000,-1.533093
472,0.787124,1.273281,0.665238,1.128398,0.125000,-1.003398
473,0.785446,0.000210,0.663851,0.014474,-0.375000,-0.360526
474,0.783945,0.080050,0.663040,0.282932,-1.500000,-1.782932
475,0.782716,0.204761,0.662593,0.452505,-1.250000,-1.702505
476,0.781993,0.441645,0.662597,0.664564,0.500000,-0.164564
477,0.781013,0.318224,0.662389,0.564113,-0.375000,0.189113
478,0.779380,0.007157,0.661170,0.084600,-0.125000,-0.209600
479,0.777740,0.000173,0.659806,0.013139,-0.375000,-0.388139
480,0.779506,1.618662,0.661093,1.272267,1.125000,-0.147267
481,0.781805,1.876090,0.662578,1.369704,1.125000,-0.244704
482,0.784541,2.089544,0.664216,1.445526,1.250000,-0.195526
483,0.785714,1.346538,0.665252,1.160404,1.000000,-0.160404
484,0.784135,0.027776,0.664213,0.166662,-0.250000,-0.083338
485,0.783014,0.244988,0.663862,0.494963,0.125000,-0.369963
486,0.781531,0.068099,0.663026,0.260957,-0.625000,-0.364043
487,0.787658,3.740628,0.665657,1.934070,-2.000000,-0.065930
488,0.787633,0.775867,0.666102,0.880833,-0.875000,0.005833
489,0.786108,0.048026,0.665180,0.219149,0.375000,0.155851
490,0.785934,0.701217,0.665535,0.837387,0.875000,0.037613
491,0.784440,0.058414,0.664664,0.241690,0.125000,-0.116690
492,0.782843,0.005445,0.663453,0.073791,-0.500000,-0.573791
493,0.795670,7.054933,0.667528,2.656112,2.000000,-0.656112
494,0.795167,0.549568,0.667679,0.741328,0.625000,-0.116328
495,0.793979,0.211760,0.667256,0.460173,0.000000,-0.460173
496,0.792642,0.136271,0.666650,0.369149,0.250000,-0.119149
497,0.791096,0.030334,0.665652,0.174168,0.250000,0.075832
498,0.796589,3.504614,0.668094,1.872061,1.000000,-0.872061
499,0.797868,1.429769,0.669160,1.195730,-1.000000,0.195730
500,0.796296,0.017776,0.668079,0.133326,-0.125000,0.008326
501,0.799461,2.369540,0.669832,1.539331,-1.625000,-0.085669
502,0.800349,1.241852,0.670725,1.114384,-1.000000,0.114384
503,0.798747,0.000626,0.669431,0.025017,0.000000,0.025017
504,0.798568,0.709613,0.669777,0.842385,-0.625000,0.217385
505,0.796976,0.001001,0.668503,0.031645,0.000000,0.031645
506,0.795509,0.060463,0.667661,0.245892,0.125000,-0.120892
507,0.795037,0.557886,0.667819,0.746918,0.750000,0.003082
508,0.793674,0.108270,0.667147,0.329045,0.500000,0.170955
509,0.792205,0.051489,0.666275,0.226911,0.250000,0.023089
510,0.792384,0.882810,0.666815,0.939580,-1.125000,-0.185420
511,0.791422,0.304868,0.666589,0.552149,-0.500000,0.052149
512,0.792692,1.436761,0.667636,1.198650,-1.250000,-0.051350
513,0.791470,0.170483,0.667136,0.412896,-0.375000,0.037896
514,0.789977,0.029914,0.666167,0.172956,0.250000,0.422956
515,0.788703,0.139235,0.665593,0.373142,-0.125000,0.248142
516,0.787262,0.050568,0.664733,0.224873,0.250000,0.025127
517,0.787589,0.955304,0.665342,0.977397,0.625000,-0.352397
518,0.786062,0.002736,0.664149,0.052304,-0.250000,-0.302304
519,0.788139,1.855437,0.665505,1.362144,-1.625000,-0.262856
520,0.786971,0.185373,0.665049,0.430550,0.000000,-0.430550
521,0.789439,2.063283,0.666541,1.436413,-1.500000,-0.063587
522,0.788927,0.524211,0.666652,0.724024,-0.875000,-0.150976
523,0.788365,0.497239,0.666727,0.705152,-1.000000,-0.294848
524,0.787142,0.152076,0.666194,0.389970,0.250000,-0.139970
525,0.786949,0.686547,0.666506,0.828582,-0.875000,-0.046418
526,0.786806,0.712475,0.666846,0.844082,0.500000,-0.344082
527,0.785578,0.144585,0.666298,0.380243,0.375000,-0.005243
528,0.791445,3.860096,0.668776,1.964713,1.875000,-0.089713
529,0.790743,0.422634,0.668741,0.650103,-0.750000,-0.099897
530,0.789649,0.215503,0.668352,0.464223,0.125000,-0.339223
531,0.788647,0.261354,0.668054,0.511228,-0.875000,-0.363772
532,0.787363,0.110617,0.667418,0.332591,-0.625000,-0.292409
533,0.787102,0.649575,0.667680,0.805962,0.375000,-0.430962
534,0.785628,0.006067,0.666567,0.077890,0.125000,0.047110
535,0.784256,0.056748,0.665761,0.238218,0.250000,0.011782
536,0.782920,0.073849,0.665020,0.271751,-0.250000,0.021751
537,0.782155,0.375166,0.664921,0.612508,-0.750000,-0.137492
538,0.781504,0.434430,0.664911,0.659113,0.500000,-0.159113
539,0.780399,0.190107,0.664483,0.436012,0.625000,0.188988
540,0.779247,0.162792,0.663996,0.403475,0.375000,-0.028475
541,0.778645,0.456289,0.664017,0.675491,-0.875000,-0.199509
542,0.778312,0.599167,0.664222,0.774059,0.750000,-0.024059
543,0.776902,0.018607,0.663242,0.136406,0.125000,-0.011406
544,0.775561,0.052568,0.662439,0.229278,-0.250000,-0.020722
545,0.774131,0.002312,0.661303,0.048078,0.000000,-0.048078
546,0.772761,0.031573,0.660411,0.177687,-0.125000,0.052687
547,0.771851,0.278324,0.660166,0.527564,0.250000,-0.277564
548,0.772021,0.864658,0.660662,0.929870,0.750000,-0.179870
549,0.773336,1.488587,0.661689,1.220076,1.250000,0.029924
550,0.773037,0.610097,0.661907,0.781087,-0.375000,0.406087
551,0.771699,0.041052,0.661068,0.202613,0.375000,0.172387
552,0.772413,1.162792,0.661829,1.078328,-1.250000,-0.171672
553,0.772179,0.644050,0.662085,0.802528,0.625000,-0.177528
554,0.770841,0.036199,0.661227,0.190259,0.250000,0.059741
555,0.770174,0.403475,0.661180,0.635197,0.625000,-0.010197
556,0.769244,0.256598,0.660900,0.506555,-0.500000,0.006555
557,0.768729,0.484496,0.660964,0.696058,0.375000,-0.321058
558,0.767954,0.339270,0.660822,0.582469,0.375000,-0.207469
559,0.768450,1.043323,0.661472,1.021432,-1.000000,0.021432
560,0.769825,1.533197,0.662509,1.238223,1.125000,-0.113223
561,0.768443,0.000000,0.661320,0.000256,0.625000,0.625256
562,0.767167,0.056661,0.660561,0.238036,0.250000,0.011964
563,0.765796,0.000436,0.659417,0.020889,0.000000,-0.020889
564,0.764805,0.210839,0.659060,0.459173,-0.625000,-0.165827
565,0.763673,0.129582,0.658526,0.359974,0.125000,-0.234974
566,0.762323,0.005095,0.657482,0.071378,0.125000,0.053622
567,0.761000,0.017744,0.656550,0.133208,0.500000,0.366792
568,0.759689,0.021553,0.655647,0.146811,0.000000,0.146811
569,0.758919,0.324782,0.655495,0.569896,-0.375000,0.194896
570,0.757593,0.008175,0.654497,0.090413,0.250000,0.159587
571,0.756766,0.288807,0.654290,0.537408,-0.250000,0.287408
572,0.755434,0.000002,0.653141,0.001395,0.250000,0.251395
573,0.754896,0.449562,0.653171,0.670494,-0.375000,0.295494
574,0.754746,0.669302,0.653460,0.818109,-0.500000,0.318109
575,0.754282,0.489438,0.653541,0.699599,-0.500000,0.199599
576,0.754586,0.928282,0.654083,0.963474,-0.625000,0.338474
577,0.754456,0.680111,0.654381,0.824689,-0.500000,0.324689
578,0.753312,0.098120,0.653786,0.313241,-0.375000,-0.688241
579,0.752091,0.051022,0.653042,0.225881,-0.125000,-0.350881
580,0.751003,0.125253,0.652523,0.353911,-0.125000,0.228911
581,0.750526,0.475709,0.652587,0.689717,0.875000,0.185283
582,0.749703,0.274967,0.652366,0.524373,1.000000,0.475627
583,0.748714,0.177220,0.651966,0.420975,0.000000,0.420975
584,0.747461,0.021686,0.651096,0.147261,0.250000,0.102739
585,0.746287,0.065433,0.650415,0.255799,-0.375000,-0.119201
586,0.745052,0.027793,0.649584,0.166711,0.000000,-0.166711
587,0.744679,0.527514,0.649716,0.726302,0.625000,-0.101302
588,0.743414,0.005696,0.648733,0.075470,0.125000,0.200470
589,0.742591,0.262151,0.648499,0.512007,-0.500000,0.012007
590,0.741350,0.015136,0.647602,0.123027,0.125000,0.001973
591,0.740185,0.057589,0.646908,0.239977,0.375000,0.135023
592,0.738942,0.009299,0.645972,0.096430,0.000000,0.096430
593,0.737746,0.034621,0.645191,0.186068,-0.125000,0.061068
594,0.737229,0.432484,0.645212,0.657635,-0.500000,0.157635
595,0.736270,0.170801,0.644819,0.413280,-0.250000,0.163280
596,0.737132,1.246753,0.645616,1.116581,-1.000000,0.116581
597,0.741635,3.407329,0.647640,1.845895,-1.625000,0.220895
598,0.746817,3.819386,0.649840,1.954325,2.250000,0.295675
599,0.746892,0.791308,0.650243,0.889555,0.250000,1.139555
600,0.746133,0.294963,0.650063,0.543105,-0.750000,-0.206895
601,0.744907,0.014018,0.649173,0.118399,-0.750000,-0.868399
602,0.743670,0.005282,0.648209,0.072676,0.250000,0.322676
603,0.742515,0.051846,0.647507,0.227698,-0.250000,-0.477698
604,0.742358,0.648205,0.647769,0.805112,0.875000,0.069888
605,0.741311,0.113116,0.647251,0.336327,0.250000,0.586327
606,0.741917,1.106191,0.647923,1.051756,1.125000,0.073244
607,0.740803,0.070022,0.647287,0.264617,-0.250000,0.014617
608,0.739657,0.048766,0.646581,0.220831,0.125000,-0.095831
609,0.738504,0.042166,0.645852,0.205344,0.000000,-0.205344
610,0.737641,0.215648,0.645553,0.464380,0.375000,-0.089380
611,0.736566,0.084821,0.644969,0.291241,0.250000,-0.041241
612,0.735363,0.005438,0.644029,0.073740,-0.250000,-0.323740
613,0.734813,0.400133,0.644011,0.632561,0.250000,-0.382561
614,0.733730,0.074416,0.643402,0.272793,-0.250000,0.022793
615,0.732636,0.064877,0.642766,0.254710,-0.250000,0.004710
616,0.738250,4.168842,0.645052,2.041774,-2.000000,0.041774
617,0.738016,0.594352,0.645257,0.770942,-0.625000,0.145942
618,0.736873,0.036546,0.644518,0.191170,0.250000,0.058830
619,0.735734,0.036424,0.643780,0.190851,0.000000,0.190851
620,0.734903,0.223778,0.643503,0.473052,0.375000,-0.098052
621,0.733714,0.001006,0.642511,0.031713,-0.125000,-0.156713
622,0.732568,0.025503,0.641730,0.159698,-0.500000,-0.340302
623,0.731385,0.000201,0.640716,0.014192,-0.250000,-0.235808
624,0.730749,0.337532,0.640620,0.580975,-0.500000,0.080975
625,0.729606,0.020757,0.639820,0.144075,0.250000,0.105925
626,0.728509,0.047195,0.639141,0.217244,0.375000,0.157756
627,0.728634,0.806738,0.639557,0.898186,-0.750000,0.148186
628,0.727511,0.027744,0.638799,0.166565,-0.125000,0.041565
629,0.730166,2.386607,0.640248,1.544865,1.625000,0.080135
630,0.730500,0.939441,0.640774,0.969247,1.125000,0.155753
631,0.729676,0.213879,0.640490,0.462471,0.375000,-0.087471
632,0.731254,1.720579,0.641558,1.311708,-1.375000,-0.063292
633,0.733504,2.146318,0.642868,1.465032,1.125000,-0.340032
634,0.733407,0.672542,0.643149,0.820086,0.625000,-0.195086
635,0.733603,0.857213,0.643597,0.925858,-0.875000,0.050858
636,0.737145,2.972283,0.645306,1.724031,-1.625000,0.099031
637,0.737514,0.970778,0.645843,0.985281,-0.875000,0.110281
638,0.738309,1.241517,0.646582,1.114234,-1.125000,-0.010766
639,0.739343,1.394484,0.647424,1.180883,-1.375000,-0.194117
640,0.738181,0.000302,0.646433,0.017370,0.250000,0.267370
641,0.737023,0.000916,0.645466,0.030266,0.125000,0.155266
642,0.736280,0.262822,0.645258,0.512661,-0.500000,0.012661
643,0.735200,0.046293,0.644585,0.215158,-0.375000,-0.159842
644,0.747213,8.423306,0.648112,2.902293,2.750000,-0.152293
645,0.769353,14.938822,0.653131,3.865077,3.125000,-0.740077
646,0.770029,1.203453,0.653822,1.097020,-1.125000,-0.027980
647,0.768846,0.009721,0.652959,0.098594,-0.750000,-0.848594
648,0.767796,0.092454,0.652417,0.304063,-0.750000,-0.445937
649,0.766659,0.034619,0.651694,0.186061,-0.875000,-0.688939
650,0.765946,0.305628,0.651541,0.552837,0.250000,-0.302837
651,0.765480,0.464498,0.651587,0.681541,1.375000,0.693459
652,0.766383,1.350553,0.652375,1.162133,-0.750000,0.412133
653,0.765338,0.088469,0.651828,0.297438,-0.250000,-0.547438
654,0.764681,0.338459,0.651721,0.581772,-0.625000,-0.043228
655,0.765167,1.080681,0.652316,1.039558,-0.375000,0.664558
656,0.766070,1.353720,0.653100,1.163495,1.375000,0.211505
657,0.766197,0.849070,0.653511,0.921450,1.125000,0.203550
658,0.768017,1.956783,0.654651,1.398850,1.375000,-0.023850
659,0.771206,2.856869,0.656232,1.690228,-1.500000,0.190228
660,0.771273,0.814985,0.656608,0.902765,0.625000,-0.277765
661,0.770850,0.493725,0.656678,0.702656,-0.875000,-0.172344
662,0.770361,0.448917,0.656698,0.670013,-0.750000,-0.079987
663,0.769416,0.147236,0.656284,0.383713,0.375000,-0.008713
664,0.770482,1.473512,0.657129,1.213883,-0.750000,0.463883
665,0.769658,0.225524,0.656853,0.474894,-0.375000,0.099894
666,0.769777,0.848540,0.657252,0.921162,1.125000,0.203838
667,0.768868,0.167081,0.656877,0.408756,0.875000,0.466244
668,0.768090,0.252483,0.656645,0.502476,0.500000,-0.002476
669,0.766975,0.026452,0.655902,0.162641,0.125000,-0.037641
670,0.766513,0.458885,0.655934,0.677411,0.250000,-0.427411
671,0.765700,0.224221,0.655661,0.473520,0.125000,-0.348520
672,0.764913,0.240184,0.655413,0.490086,0.375000,-0.115086
673,0.764540,0.515663,0.655507,0.718097,-0.125000,0.593097
674,0.763784,0.257881,0.655286,0.507820,0.625000,0.117180
675,0.764074,0.958069,0.655768,0.978810,-0.750000,0.228810
676,0.763089,0.102169,0.655268,0.319639,0.250000,-0.069639
677,0.762241,0.192461,0.654946,0.438704,-0.375000,0.063704
678,0.761639,0.356903,0.654861,0.597414,-0.500000,0.097414
679,0.760849,0.228047,0.654598,0.477543,0.500000,0.022457
680,0.760291,0.383517,0.654546,0.619287,-0.375000,0.244287
681,0.761673,1.696038,0.655503,1.302320,1.375000,0.072680
682,0.764771,2.862268,0.657031,1.691824,1.875000,0.183176
683,0.763655,0.006888,0.656186,0.082995,0.125000,0.207995
684,0.765513,2.027106,0.657315,1.423765,1.125000,-0.298765
685,0.769393,3.408039,0.659060,1.846087,-1.875000,-0.028913
686,0.771696,2.339807,0.660337,1.529643,1.000000,-0.529643
687,0.770578,0.008374,0.659504,0.091509,0.375000,0.283491
688,0.769775,0.220832,0.659227,0.469928,-0.375000,0.094928
689,0.768774,0.084313,0.658689,0.290368,-0.125000,0.165368
690,0.767992,0.232671,0.658431,0.482360,-0.250000,0.232360
691,0.767714,0.576707,0.658578,0.759412,-0.750000,0.009412
692,0.766815,0.148854,0.658182,0.385816,0.500000,0.114184
693,0.774477,6.046257,0.660796,2.458914,-1.875000,0.583914
694,0.773371,0.011375,0.659992,0.106653,0.375000,0.268347
695,0.772574,0.222792,0.659720,0.472008,0.125000,0.597008
696,0.772183,0.501884,0.659791,0.708438,-0.500000,0.208438
697,0.771152,0.057762,0.659186,0.240337,-0.125000,0.115337
698,0.772119,1.441770,0.659966,1.200737,1.375000,0.174263
699,0.774859,2.676847,0.661370,1.636107,1.750000,0.113893
700,0.773759,0.009096,0.660557,0.095372,0.000000,-0.095372
701,0.774140,1.039521,0.661072,1.019569,-1.125000,-0.105431
702,0.773271,0.167464,0.660711,0.409223,0.125000,-0.284223
703,0.772445,0.196001,0.660400,0.442720,0.375000,-0.067720
704,0.772130,0.551912,0.660517,0.742908,-0.750000,-0.007092
705,0.771558,0.370955,0.660444,0.609061,-0.625000,-0.015939
706,0.775855,3.788065,0.662276,1.946295,2.000000,0.053705
707,0.775568,0.574188,0.662412,0.757752,1.125000,0.367248
708,0.774984,0.364242,0.662328,0.603524,0.500000,-0.103524
709,0.773920,0.025297,0.661614,0.159049,-0.250000,-0.090951
710,0.774128,0.920252,0.662036,0.959298,1.000000,0.040702
711,0.773231,0.140447,0.661629,0.374762,0.250000,-0.124762
712,0.773012,0.617812,0.661805,0.786010,0.750000,-0.036010
713,0.774736,1.995516,0.662864,1.412627,-1.250000,0.162627
714,0.773994,0.247720,0.662631,0.497715,-0.500000,-0.002285
715,0.773494,0.418545,0.662609,0.646951,0.750000,0.103049
716,0.773109,0.499720,0.662672,0.706909,-0.375000,0.331909
717,0.772135,0.078109,0.662134,0.279480,0.375000,0.095520
718,0.771421,0.262420,0.661924,0.512270,0.750000,0.237730
719,0.770921,0.414263,0.661899,0.643633,-0.375000,0.268633
720,0.770552,0.506883,0.661969,0.711957,-0.625000,0.086957
721,0.779867,7.448937,0.664852,2.729274,-2.500000,0.229274
722,0.778819,0.027859,0.664158,0.166910,0.000000,0.166910
723,0.777884,0.106065,0.663688,0.325676,0.750000,0.424324
724,0.776811,0.005319,0.662867,0.072929,0.250000,0.322929
725,0.775744,0.007902,0.662071,0.088891,0.000000,0.088891
726,0.775122,0.326395,0.661945,0.571310,0.625000,0.053690
727,0.774736,0.495819,0.662004,0.704144,-0.750000,-0.045856
728,0.777925,3.083606,0.663515,1.756020,1.625000,-0.131020
729,0.781381,3.283941,0.665099,1.812165,-1.125000,0.687165
730,0.780696,0.283646,0.664917,0.532585,-0.500000,0.032585
731,0.782855,2.350862,0.666111,1.533252,0.875000,-0.658252
732,0.781904,0.089893,0.665608,0.299822,-0.750000,-0.450178
733,0.781983,0.839846,0.665952,0.916431,-1.500000,-0.583569
734,0.782791,1.372151,0.666644,1.171388,0.500000,-0.671388
735,0.781737,0.012283,0.665884,0.110828,-0.250000,-0.139172
736,0.782064,1.020624,0.666354,1.010259,0.500000,-0.510259
737,0.781712,0.524018,0.666433,0.723891,0.250000,-0.473891
738,0.782293,1.208068,0.667022,1.099121,0.500000,-0.599121
739,0.781760,0.390950,0.666966,0.625260,0.000000,-0.625260
740,0.781456,0.557839,0.667074,0.746886,0.000000,-0.746886
741,0.780926,0.390994,0.667017,0.625295,0.000000,-0.625295
742,0.781611,1.286474,0.667651,1.134228,0.625000,-0.509228
743,0.780851,0.219648,0.667381,0.468666,0.250000,-0.218666
744,0.779850,0.040474,0.666751,0.201182,-0.125000,-0.326182
745,0.780886,1.547147,0.667530,1.243843,1.000000,-0.243843
746,0.779847,0.010219,0.666767,0.101089,0.250000,0.148911
747,0.778827,0.021650,0.666067,0.147139,-0.375000,-0.227861
748,0.778662,0.656305,0.666261,0.810126,0.500000,-0.310126
749,0.779007,1.035792,0.666733,1.017739,-1.125000,-0.107261
750,0.778748,0.585908,0.666865,0.765446,-1.125000,-0.359554
751,0.779605,1.418535,0.667567,1.191023,-1.375000,-0.183977
752,0.778577,0.010854,0.666814,0.104182,0.125000,0.020818
753,0.778085,0.410281,0.666778,0.640532,0.750000,0.109468
754,0.777388,0.254935,0.666563,0.504911,-0.375000,0.129911
755,0.776467,0.085781,0.666065,0.292884,0.250000,-0.042884
756,0.775651,0.163134,0.665716,0.403899,0.500000,0.096101
757,0.776454,1.380155,0.666392,1.174800,1.000000,-0.174800
758,0.777343,1.447158,0.667104,1.202979,1.000000,-0.202979
759,0.776395,0.061165,0.666548,0.247316,0.000000,-0.247316
760,0.776561,0.902254,0.666923,0.949871,-1.250000,-0.300129
761,0.780264,3.579179,0.668541,1.891872,1.625000,-0.266872
762,0.805255,19.723647,0.673518,4.441131,4.500000,0.058869
763,0.806835,2.004688,0.674496,1.415870,1.750000,0.334130
764,0.805877,0.078818,0.673978,0.280745,-0.500000,-0.219255
765,0.805849,0.784698,0.674256,0.885832,0.500000,-0.385832
766,0.804800,0.005978,0.673473,0.077317,-0.125000,-0.047683
767,0.806530,2.125230,0.674501,1.457817,-1.750000,-0.292183
768,0.806032,0.425730,0.674472,0.652480,0.500000,-0.152480
769,0.805765,0.601690,0.674605,0.775687,0.250000,1.025687
770,0.804827,0.087771,0.674111,0.296262,-0.250000,0.046262
771,0.805266,1.141098,0.674624,1.068222,-1.125000,-0.056778
772,0.805954,1.333958,0.675250,1.154971,1.125000,-0.029971
773,0.805426,0.399920,0.675194,0.632393,1.000000,0.367607
774,0.807968,2.762369,0.676476,1.662037,1.750000,0.087963
775,0.811816,3.774649,0.678118,1.942846,-1.750000,0.192846
776,0.811938,0.905997,0.678473,0.951839,-1.000000,-0.048161
777,0.815579,3.627106,0.680059,1.904496,1.875000,-0.029496
778,0.817133,2.017657,0.681015,1.420442,-1.000000,0.420442
779,0.817354,0.988599,0.681420,0.994283,0.625000,-0.369283
780,0.816301,0.000249,0.680562,0.015782,0.500000,0.515782
781,0.815251,0.000369,0.679711,0.019215,0.250000,0.269215
782,0.814617,0.322168,0.679567,0.567598,-0.625000,-0.057402
783,0.816949,2.631428,0.680777,1.622168,-1.500000,0.122168
784,0.816228,0.254244,0.680550,0.504226,0.625000,0.120774
785,0.816878,1.323838,0.681152,1.150581,-0.750000,0.400581
786,0.816678,0.661097,0.681321,0.813079,-0.750000,0.063079
787,0.815747,0.087679,0.680829,0.296107,-0.125000,0.171107
788,0.815072,0.286096,0.680643,0.534880,0.875000,0.340120
789,0.814116,0.064715,0.680100,0.254391,0.500000,0.245609
790,0.813133,0.041165,0.679493,0.202893,-0.250000,-0.047107
791,0.812232,0.104554,0.679040,0.323347,0.250000,-0.073347
792,0.812024,0.648515,0.679200,0.805304,0.875000,0.069696
793,0.811398,0.318008,0.679054,0.563922,0.625000,0.061078
794,0.810568,0.155715,0.678694,0.394607,-0.500000,-0.105393
795,0.811729,1.728346,0.679498,1.314666,1.250000,-0.064666
796,0.810737,0.026587,0.678846,0.163055,0.125000,0.288055
797,0.813178,2.746516,0.680080,1.657262,1.500000,-0.157262
798,0.812247,0.073442,0.679565,0.271002,-0.125000,0.146002
799,0.811394,0.134523,0.679171,0.366773,-0.500000,-0.133227
800,0.811247,0.693823,0.679364,0.832961,0.750000,-0.082961
801,0.810234,0.004054,0.678592,0.063674,0.250000,0.186326
802,0.809529,0.248028,0.678366,0.498024,-0.500000,-0.001976
803,0.808817,0.240650,0.678131,0.490561,0.500000,0.009439
804,0.808102,0.236578,0.677891,0.486393,0.875000,0.388607
805,0.807120,0.021745,0.677229,0.147461,0.375000,0.227539
806,0.809849,2.995279,0.678542,1.730687,1.750000,0.019313
807,0.808852,0.009705,0.677820,0.098514,0.625000,0.526486
808,0.807869,0.018536,0.677146,0.136147,0.000000,0.136147
809,0.809867,2.416369,0.678236,1.554467,-1.500000,0.054467
810,0.811108,1.809849,0.679064,1.345306,-1.375000,-0.029694
811,0.811497,1.124734,0.679536,1.060535,1.250000,0.189465
812,0.810494,0.001176,0.678738,0.034296,0.750000,0.715704
813,0.809771,0.226066,0.678487,0.475464,-0.250000,0.225464
814,0.812330,2.882113,0.679745,1.697679,-1.500000,0.197679
815,0.811483,0.125232,0.679343,0.353881,0.000000,0.353881
816,0.810490,0.005727,0.678600,0.075678,0.250000,0.325678
817,0.809493,0.000030,0.677772,0.005473,0.125000,0.130473
818,0.809197,0.567822,0.677865,0.753539,-0.625000,0.128539
819,0.808248,0.036042,0.677266,0.189846,0.375000,0.185154
820,0.808259,0.817234,0.677544,0.904010,1.125000,0.220990
821,0.807346,0.062567,0.677021,0.250133,0.000000,0.250133
822,0.807089,0.596682,0.677137,0.772452,-0.750000,0.022452
823,0.806481,0.309224,0.676989,0.556080,-0.500000,0.056080
824,0.806363,0.710171,0.677192,0.842716,-0.625000,0.217716
825,0.810304,4.041986,0.678816,2.010469,-1.875000,0.135469
826,0.809967,0.532758,0.678878,0.729903,0.875000,0.145097
827,0.809009,0.021868,0.678232,0.147877,1.125000,0.977123
828,0.810587,2.108876,0.679172,1.452197,-1.250000,0.202197
829,0.809818,0.176473,0.678858,0.420086,0.250000,-0.170086
830,0.809101,0.217675,0.678601,0.466556,0.750000,0.283444
831,0.808823,0.579283,0.678700,0.761107,-0.750000,0.011107
832,0.811472,3.001803,0.679973,1.732571,1.500000,-0.232571
833,0.810513,0.016582,0.679308,0.128770,0.500000,0.371230
834,0.809636,0.082706,0.678836,0.287587,0.125000,-0.162587
835,0.808663,0.001466,0.678066,0.038294,-0.125000,-0.086706
836,0.807861,0.140950,0.677702,0.375433,-0.375000,0.000433
837,0.806994,0.085770,0.677240,0.292865,0.250000,-0.042865
838,0.807062,0.863790,0.677542,0.929403,1.000000,0.070597
839,0.812101,5.014166,0.679412,2.239233,-1.875000,0.364233
840,0.812689,1.303607,0.679966,1.141756,1.375000,0.233244
841,0.812357,0.535293,0.680027,0.731637,0.000000,0.731637
842,0.811984,0.499395,0.680059,0.706679,-0.750000,-0.043321
843,0.811016,0.000000,0.679249,0.000197,0.125000,0.124803
844,0.810455,0.339835,0.679134,0.582954,0.875000,0.292046
845,0.809686,0.163690,0.678808,0.404586,-0.375000,0.029586
846,0.808970,0.206527,0.678541,0.454452,0.500000,0.045548
847,0.808024,0.011809,0.677865,0.108671,0.375000,0.266329
848,0.807855,0.665788,0.678029,0.815959,-0.750000,0.065959
849,0.806899,0.000032,0.677233,0.005644,0.000000,0.005644
850,0.806082,0.115199,0.676834,0.339410,0.500000,0.160590
851,0.805202,0.060985,0.676326,0.246952,0.250000,0.003048
852,0.805211,0.813094,0.676592,0.901717,0.875000,-0.026717
853,0.807005,2.327793,0.677592,1.525711,1.500000,-0.025711
854,0.806154,0.084083,0.677136,0.289970,0.375000,0.085030
855,0.805432,0.191446,0.676855,0.437545,-0.125000,0.312545
856,0.804589,0.087017,0.676406,0.294986,0.250000,-0.044986
857,0.805532,1.609047,0.677101,1.268482,-1.250000,0.018482
858,0.810221,4.809791,0.678876,2.193124,-2.250000,-0.056876
859,0.810119,0.723538,0.679077,0.850610,-0.625000,0.225610
860,0.810205,0.883114,0.679381,0.939742,-0.250000,0.689742
861,0.809280,0.017937,0.678745,0.133931,0.000000,0.133931
862,0.809340,0.860927,0.679035,0.927862,1.125000,0.197138
863,0.808418,0.017189,0.678397,0.131106,0.625000,0.493894
864,0.807503,0.021408,0.677778,0.146316,0.375000,0.228684
865,0.808041,1.270456,0.678300,1.127145,-0.875000,0.252145
866,0.808605,1.294585,0.678833,1.137799,-1.125000,0.012799
867,0.808107,0.379018,0.678760,0.615644,-0.750000,-0.134356
868,0.807237,0.056003,0.678248,0.236649,0.250000,0.013351
869,0.808203,1.643060,0.678946,1.281819,-0.875000,0.406819
870,0.807333,0.054447,0.678432,0.233339,0.375000,0.141661
871,0.806430,0.024358,0.677829,0.156070,0.250000,0.406070
872,0.805784,0.245946,0.677620,0.495929,-0.250000,0.245929
873,0.804860,0.003011,0.676903,0.054876,0.000000,0.054876
874,0.804133,0.172626,0.676603,0.415483,-0.250000,0.165483
875,0.803279,0.060222,0.676107,0.245401,0.250000,0.004599
876,0.803072,0.622377,0.676237,0.788909,-0.625000,0.163909
877,0.802598,0.389428,0.676177,0.624042,0.750000,0.125958
878,0.802826,1.001601,0.676548,1.000800,-0.625000,0.375800
879,0.801958,0.043343,0.676013,0.208189,0.250000,0.041811
880,0.801052,0.008867,0.675349,0.094167,0.250000,0.155833
881,0.803033,2.537840,0.676395,1.593060,1.750000,0.156940
882,0.807843,5.026487,0.678179,2.241983,2.250000,0.008017
883,0.808346,1.249814,0.678679,1.117951,-1.125000,-0.007049
884,0.811201,3.320430,0.679978,1.822205,1.375000,-0.447205
885,0.810923,0.566440,0.680061,0.752622,-0.750000,0.002622
886,0.811183,1.040652,0.680446,1.020123,0.500000,-0.520123
887,0.810394,0.114151,0.680058,0.337863,0.250000,-0.087863
888,0.809507,0.026172,0.679472,0.161777,0.125000,-0.036777
889,0.808657,0.057418,0.678975,0.239620,-0.125000,0.114620
890,0.808622,0.778088,0.679204,0.882093,-0.750000,0.132093
891,0.808172,0.408812,0.679159,0.639384,0.750000,0.110616
892,0.808471,1.074280,0.679562,1.036475,-0.750000,0.286475
893,0.808166,0.536973,0.679622,0.732784,-0.625000,0.107784
894,0.811576,3.843384,0.681061,1.960455,2.125000,0.164545
895,0.810681,0.013778,0.680428,0.117381,-0.250000,-0.132619
896,0.812013,1.998550,0.681250,1.413701,0.000000,-1.413701
897,0.811922,0.731072,0.681445,0.855027,0.125000,-0.730027
898,0.811255,0.216117,0.681203,0.464884,-0.500000,-0.035116
899,0.810526,0.158047,0.680886,0.397551,-0.250000,-0.647551
900,0.811084,1.310559,0.681403,1.144797,-1.125000,0.019797
901,0.810700,0.467195,0.681406,0.683517,-0.125000,0.558517
902,0.810520,0.649067,0.681544,0.805647,1.125000,0.319353
903,0.809698,0.070844,0.681082,0.266165,0.625000,0.358835
904,0.808948,0.135111,0.680734,0.367574,-0.250000,0.117574
905,0.809124,0.967569,0.681070,0.983651,1.125000,0.141349
906,0.808227,0.000023,0.680320,0.004778,0.250000,0.245222
907,0.808034,0.634122,0.680449,0.796318,0.750000,-0.046318
908,0.807289,0.134145,0.680101,0.366258,0.500000,0.133742
909,0.806416,0.017719,0.679497,0.133114,0.250000,0.116886
910,0.807679,1.950599,0.680288,1.396639,-1.375000,0.021639
911,0.807120,0.300582,0.680143,0.548254,-0.500000,0.048254
912,0.807021,0.717273,0.680326,0.846920,-0.750000,0.096920
913,0.807457,1.203613,0.680785,1.097093,-1.125000,-0.027907
914,0.806659,0.080440,0.680348,0.283619,-0.125000,0.158619
915,0.805792,0.017188,0.679745,0.131104,0.250000,0.381104
916,0.808403,3.187046,0.680958,1.785230,-1.500000,0.285230
917,0.807651,0.121793,0.680594,0.348989,-0.125000,0.223989
918,0.811642,4.455306,0.682159,2.110760,-1.750000,0.360760
919,0.810798,0.039682,0.681631,0.199203,-0.125000,0.074203
920,0.810755,0.771030,0.681845,0.878083,1.125000,0.246917
921,0.809911,0.037018,0.681312,0.192401,0.000000,0.192401
922,0.809055,0.024268,0.680739,0.155783,0.125000,-0.030783
923,0.808572,0.364854,0.680656,0.604032,-0.500000,0.104032
924,0.807712,0.017817,0.680061,0.133479,0.125000,-0.008479
925,0.807249,0.381234,0.679993,0.617441,-0.625000,-0.007559
926,0.806545,0.158056,0.679687,0.397563,0.375000,-0.022563
927,0.806024,0.325148,0.679568,0.570218,0.750000,0.179782
928,0.805175,0.021511,0.678991,0.146665,0.000000,0.146665
929,0.804443,0.128674,0.678645,0.358711,0.375000,0.016289
930,0.807778,3.892824,0.680043,1.973024,-1.875000,0.098024
931,0.812024,4.743894,0.681659,2.178048,-2.250000,-0.071952
932,0.811838,0.639071,0.681786,0.799419,0.625000,-0.174419
933,0.811070,0.098502,0.681390,0.313851,0.625000,0.311149
934,0.811335,1.057260,0.681763,1.028232,1.000000,-0.028232
935,0.811054,0.550207,0.681827,0.741759,-0.500000,0.241759
936,0.810825,0.597404,0.681925,0.772919,-0.875000,-0.102081
937,0.810609,0.608656,0.682030,0.780164,-1.000000,-0.219836
938,0.816129,5.966464,0.683915,2.442635,-2.625000,-0.182365
939,0.815551,0.276358,0.683746,0.525698,-0.500000,0.025698
940,0.815233,0.517420,0.683784,0.719319,1.125000,0.405681