# TEST CONFIGURATION BEGIN
# File Stream: filename: air_company_stock7.csv  -  n_targets: 1
# [air_company_stock7_ADE_HOMO_HATREE_SIZE_4] Pipeline: Array BaseStreamModel: base_models: [<skmultiflow.trees.regression_hoeffding_adaptive_tree.RegressionHAT object at 0x7f22d7d54cf8>, <skmultiflow.trees.regression_hoeffding_adaptive_tree.RegressionHAT object at 0x7f22d7d54588>, <skmultiflow.trees.regression_hoeffding_adaptive_tree.RegressionHAT object at 0x7f22d7d54cc0>, <skmultiflow.trees.regression_hoeffding_adaptive_tree.RegressionHAT object at 0x7f22d7d54550>]
 Array BaseStreamModel: base_models: [<skmultiflow.trees.regression_hoeffding_adaptive_tree.RegressionHAT object at 0x7f22d7d54cf8>, <skmultiflow.trees.regression_hoeffding_adaptive_tree.RegressionHAT object at 0x7f22d7d54588>, <skmultiflow.trees.regression_hoeffding_adaptive_tree.RegressionHAT object at 0x7f22d7d54cc0>, <skmultiflow.trees.regression_hoeffding_adaptive_tree.RegressionHAT object at 0x7f22d7d54550>]
# Prequential Evaluator: n_wait: 1 - max_samples: 600000 - max_time: 10000000 - output_file: air_company_stock7_ADE_HOMO_HATREE_SIZE_4_SIZE_4 - batch_size: 1 - pretrain_size: 5 - task_type: regression - show_plot: False - metrics: ['mean_square_error', 'mean_absolute_error', 'true_vs_predicted']
# TEST CONFIGURATION END
id,global_mse_[air_company_stock7_ADE_HOMO_HATREE_SIZE_4],sliding_mse_[air_company_stock7_ADE_HOMO_HATREE_SIZE_4],global_mae_[air_company_stock7_ADE_HOMO_HATREE_SIZE_4],sliding_mae_[air_company_stock7_ADE_HOMO_HATREE_SIZE_4],true_value_[air_company_stock7_ADE_HOMO_HATREE_SIZE_4],predicted_value_[air_company_stock7_ADE_HOMO_HATREE_SIZE_4]
5,3.322615,3.322615,1.822804,1.822804,0.750000,-1.072804
6,4.046502,4.770390,2.003463,2.184122,1.250000,-0.934122
7,6.625605,11.783809,2.479894,3.432755,-0.750000,-4.182755
8,8.508963,14.159038,2.800633,3.762850,0.250000,-3.512850
9,7.293196,2.430127,2.552284,1.558887,0.875000,-0.683887
10,6.732119,3.926734,2.457169,1.981599,0.250000,-1.731599
11,5.798792,0.198830,2.169846,0.445904,-0.625000,-1.070904
12,5.074741,0.006381,1.908600,0.079883,-0.625000,-0.704883
13,4.522097,0.100953,1.731837,0.317731,0.125000,-0.192731
14,4.371841,3.019535,1.732422,1.737681,0.875000,-0.862681
15,4.232140,2.835123,1.728000,1.683782,0.000000,-1.683782
16,4.182956,3.641935,1.743032,1.908385,0.000000,-1.908385
17,3.915016,0.699739,1.673299,0.836504,0.125000,-0.711504
18,3.921735,4.009086,1.696797,2.002270,0.875000,-1.127270
19,3.727948,1.014924,1.650839,1.007434,0.125000,-0.882434
20,3.571008,1.216909,1.616608,1.103136,0.375000,-0.728136
21,3.384753,0.404676,1.558933,0.636142,0.375000,-0.261142
22,3.204325,0.137045,1.492893,0.370196,-0.250000,-0.620196
23,3.035702,0.000490,1.415484,0.022129,-0.625000,-0.602871
24,3.031517,2.952008,1.430617,1.718141,1.375000,-0.343141
25,3.156722,5.660810,1.475790,2.379246,0.750000,-1.629246
26,3.038184,0.548894,1.442384,0.740874,-0.500000,-1.240874
27,2.909041,0.067898,1.391001,0.260572,-0.125000,-0.385572
28,2.805258,0.418238,1.359989,0.646713,-0.375000,0.271713
29,2.693233,0.004643,1.308315,0.068136,0.125000,0.193136
30,2.594780,0.133454,1.272046,0.365313,1.000000,0.634687
31,2.569973,1.924981,1.276319,1.387437,0.000000,-1.387437
32,2.613719,3.794874,1.300310,1.948044,-0.375000,-2.323044
33,2.581134,1.668747,1.300016,1.291800,-0.125000,-1.416800
34,2.502969,0.236196,1.272882,0.486000,-0.375000,-0.861000
35,2.427313,0.157634,1.244629,0.397032,-1.000000,-0.602968
36,2.367335,0.508009,1.228008,0.712748,0.000000,-0.712748
37,2.296977,0.045514,1.197260,0.213341,-0.750000,-0.536659
38,2.285396,1.903229,1.202623,1.379576,-1.000000,0.379576
39,2.244667,0.859864,1.194756,0.927288,0.125000,1.052288
40,2.183693,0.049624,1.167756,0.222765,0.375000,0.597765
41,2.128435,0.139140,1.146277,0.373015,-0.125000,-0.498015
42,2.105311,1.249717,1.145530,1.117907,0.750000,-0.367907
43,2.209686,6.175955,1.179879,2.485147,1.625000,-0.860147
44,2.370731,8.651469,1.223916,2.941338,-0.125000,-3.066338
45,2.432626,4.908423,1.248101,2.215496,-0.500000,-2.715496
46,2.392288,0.738445,1.238844,0.859328,0.000000,-0.859328
47,2.356140,0.837903,1.231321,0.915371,0.250000,-0.665371
48,2.302723,0.005795,1.205067,0.076127,-0.625000,-0.548873
49,2.261973,0.468988,1.193506,0.684827,-1.125000,-0.440173
50,2.270321,2.645971,1.202922,1.626644,-1.250000,0.376644
51,2.226112,0.192511,1.186663,0.438761,0.125000,0.563761
52,2.202288,1.082565,1.183618,1.040464,-0.250000,0.790464
53,2.158040,0.034114,1.163231,0.184699,0.250000,0.065301
54,2.161502,2.331132,1.170503,1.526804,-1.250000,0.276804
55,2.125351,0.317820,1.158606,0.563755,0.625000,0.061245
56,2.139069,2.838673,1.168726,1.684836,-0.250000,1.434836
57,2.100981,0.120412,1.153222,0.347004,0.250000,0.597004
58,2.085978,1.290808,1.152905,1.136137,0.250000,1.386137
59,2.056334,0.455581,1.144215,0.674968,1.250000,0.575032
60,2.107469,4.919904,1.163392,2.218086,0.500000,-1.718086
61,2.216575,8.326481,1.193605,2.885564,0.750000,-2.135564
62,2.187488,0.529535,1.185572,0.727692,-2.125000,-1.397308
63,2.286831,8.048754,1.213563,2.837033,0.125000,-2.712033
64,2.261267,0.752992,1.207800,0.867751,-0.375000,0.492751
65,2.240486,0.993603,1.204340,0.996796,0.125000,-0.871796
66,2.217532,0.817322,1.199497,0.904059,-1.000000,-0.095941
67,2.182464,0.008237,1.181898,0.090755,0.375000,0.284245
68,2.150100,0.111167,1.168641,0.333417,0.375000,0.708417
69,2.123279,0.406740,1.160473,0.637762,0.375000,-0.262762
70,2.095222,0.271554,1.150786,0.521109,-0.125000,-0.646109
71,2.067195,0.217384,1.140569,0.466244,-0.125000,-0.591244
72,2.044951,0.554617,1.134748,0.744726,0.125000,-0.619726
73,2.025620,0.711077,1.130523,0.843254,0.375000,-0.468254
74,2.022071,1.777220,1.133417,1.333124,0.250000,-1.083124
75,2.038627,3.197520,1.142639,1.788161,0.750000,-1.038161
76,2.011961,0.118692,1.131554,0.344518,-0.875000,-1.219518
77,2.047544,4.609529,1.145464,2.146981,0.125000,-2.021981
78,2.026407,0.483411,1.139380,0.695278,-0.250000,0.445278
79,1.999395,0.000526,1.124494,0.022924,-0.125000,-0.102076
80,1.973690,0.045828,1.112515,0.214074,0.125000,0.339074
81,1.982794,2.674687,1.119307,1.635447,-1.250000,0.385447
82,1.961668,0.334982,1.112377,0.578776,0.125000,0.703776
83,1.956023,1.515684,1.113880,1.231131,0.500000,1.731131
84,1.931898,0.026020,1.101973,0.161307,-0.125000,-0.286307
85,1.920016,0.969415,1.100524,0.984589,-0.750000,0.234589
86,1.933835,3.053216,1.108412,1.747345,-1.375000,0.372345
87,1.925761,1.263696,1.108601,1.124142,-0.625000,0.499142
88,1.924156,1.790947,1.111335,1.338263,-0.375000,0.963263
89,1.902733,0.103196,1.102040,0.321241,-0.125000,0.196241
90,1.882165,0.133860,1.093480,0.365869,0.500000,0.134131
91,1.860531,0.000048,1.080991,0.006911,-0.750000,-0.756911
92,1.839495,0.009377,1.069807,0.096832,-0.750000,-0.846832
93,1.820743,0.170555,1.062427,0.412984,-0.250000,0.162984
94,1.806375,0.527600,1.058693,0.726361,1.000000,0.273639
95,1.787927,0.127625,1.050985,0.357246,-0.500000,-0.142754
96,1.794176,2.362804,1.056269,1.537141,1.125000,-0.412141
97,1.789033,1.315861,1.057246,1.147110,0.625000,-0.522110
98,1.807270,3.503365,1.065910,1.871728,0.375000,-1.496728
99,1.794180,0.563679,1.062593,0.750786,-0.500000,-1.250786
100,1.819938,4.267006,1.073042,2.065673,1.125000,-0.940673
101,1.801931,0.073242,1.064770,0.270633,0.000000,-0.270633
102,1.792936,0.920427,1.063694,0.959389,0.000000,-0.959389
103,1.778238,0.337769,1.058821,0.581179,0.125000,-0.456179
104,1.769690,0.923469,1.057842,0.960973,0.875000,-0.085973
105,1.761096,0.901657,1.056770,0.949556,0.750000,-0.199556
106,1.744072,0.024665,1.047949,0.157052,-0.875000,-0.717948
107,1.733644,0.669982,1.045722,0.818524,0.250000,-0.568524
108,1.718587,0.167756,1.039605,0.409581,-0.375000,0.034581
109,1.704260,0.214272,1.034113,0.462895,-0.875000,-0.412105
110,1.689950,0.187345,1.028440,0.432833,0.625000,0.192167
111,1.674372,0.023144,1.020250,0.152132,0.250000,0.402132
112,1.663125,0.459687,1.017081,0.678002,0.375000,-0.303002
113,1.658408,1.148986,1.017584,1.071908,-0.750000,0.321908
114,1.647642,0.474128,1.014593,0.688570,0.500000,-0.188570
115,1.634185,0.153879,1.008987,0.392274,0.000000,0.392274
116,1.620190,0.066821,1.002286,0.258497,0.375000,0.116503
117,1.608029,0.245953,0.997805,0.495937,0.000000,0.495937
118,1.593925,0.000206,0.989178,0.014354,0.500000,0.485646
119,1.593525,1.547869,0.991395,1.244134,-0.875000,0.369134
120,1.579789,0.000127,0.982946,0.011273,-0.250000,-0.238727
121,1.566506,0.025765,0.975917,0.160516,-0.250000,-0.089484
122,1.553237,0.000719,0.967873,0.026813,0.000000,-0.026813
123,1.541034,0.101104,0.962412,0.317969,-0.375000,-0.057031
124,1.530105,0.229557,0.958385,0.479121,0.625000,0.145879
125,1.521369,0.473062,0.956148,0.687795,0.625000,-0.062795
126,1.522009,1.599409,0.958677,1.264677,0.125000,-1.139677
127,1.521865,1.504332,0.960855,1.226512,0.250000,-0.976512
128,1.509724,0.016315,0.954136,0.127732,-0.750000,-0.622268
129,1.518664,2.627269,0.959470,1.620885,1.000000,-0.620885
130,1.516996,1.308456,0.960934,1.143878,-0.875000,0.268878
131,1.506393,0.170467,0.956618,0.412877,-0.500000,-0.087123
132,1.497113,0.318522,0.953554,0.564378,0.000000,0.564378
133,1.485854,0.044772,0.947802,0.211594,0.375000,0.586594
134,1.474785,0.046822,0.942176,0.216384,0.125000,0.341384
135,1.463933,0.053237,0.936745,0.230732,0.500000,0.269268
136,1.454473,0.215133,0.933162,0.463825,0.250000,-0.213825
137,1.504955,8.168619,0.947635,2.858080,1.000000,-1.858080
138,1.503075,1.252968,0.948917,1.119360,0.000000,-1.119360
139,1.505827,1.874626,0.952030,1.369170,0.250000,-1.119170
140,1.495304,0.074716,0.947040,0.273343,-0.250000,-0.523343
141,1.484715,0.044559,0.941668,0.211090,-0.750000,-0.538910
142,1.489485,2.142969,0.945452,1.463888,1.250000,-0.213888
143,1.490740,1.663948,0.947930,1.289941,-0.875000,0.414941
144,1.504405,3.403870,0.954337,1.844958,-1.750000,0.094958
145,1.509634,2.241650,0.958188,1.497214,-0.375000,1.122214
146,1.501543,0.360747,0.955670,0.600622,0.625000,1.225622
147,1.501205,1.453278,0.957417,1.205520,-0.875000,0.330520
148,1.508274,2.519060,0.961790,1.587155,-0.500000,1.087155
149,1.497872,0.000005,0.955172,0.002167,0.875000,0.872833
150,1.488149,0.078244,0.950546,0.279722,-0.375000,-0.095278
151,1.479822,0.264158,0.947576,0.513963,-0.625000,-0.111037
152,1.476913,1.049241,0.948094,1.024324,-0.625000,0.399324
153,1.467246,0.036542,0.943014,0.191158,0.250000,0.441158
154,1.459478,0.302068,0.940391,0.549607,1.000000,0.450393
155,1.450175,0.054805,0.935714,0.234105,-0.250000,-0.015895
156,1.445941,0.806597,0.935467,0.898107,0.375000,-0.523107
157,1.442136,0.863752,0.935427,0.929383,0.625000,-0.304383
158,1.443634,1.672749,0.937751,1.293348,0.250000,-1.043348
159,1.439911,0.866610,0.937707,0.930919,0.250000,-0.680919
160,1.439876,1.434524,0.939374,1.197716,-1.500000,-0.302284
161,1.442996,1.929683,0.942238,1.389130,0.750000,-0.639130
162,1.434224,0.057033,0.937786,0.238816,0.625000,0.863816
163,1.439643,2.295827,0.941418,1.515199,0.500000,-1.015199
164,1.434852,0.673117,0.940662,0.820437,0.500000,-0.320437
165,1.428875,0.472557,0.939089,0.687428,0.500000,-0.187428
166,1.479878,9.691222,0.952508,3.113073,1.625000,-1.488073
167,1.471635,0.136411,0.948931,0.369339,-0.250000,-0.619339
168,1.474352,1.917223,0.951587,1.384638,0.000000,-1.384638
169,1.465703,0.047138,0.947136,0.217113,-0.250000,-0.467113
170,1.469676,2.125313,0.950213,1.457845,1.125000,-0.332845
171,1.466997,1.022214,0.950577,1.011046,0.875000,-0.136046
172,1.458292,0.004513,0.945319,0.067178,-0.375000,-0.442178
173,1.449679,0.002807,0.940039,0.052985,-0.125000,-0.177985
174,1.442683,0.260286,0.937510,0.510182,-0.625000,-0.114818
175,1.435131,0.151380,0.934303,0.389076,0.125000,-0.264076
176,1.427038,0.043136,0.930078,0.207693,0.125000,0.332693
177,1.418809,0.003430,0.925041,0.058567,-0.250000,-0.191433
178,1.410657,0.000251,0.919815,0.015837,0.250000,0.265837
179,1.402651,0.009742,0.915123,0.098700,0.750000,0.651300
180,1.404491,1.726372,0.917389,1.313915,1.125000,-0.188915
181,1.397221,0.117674,0.914144,0.343036,-0.125000,-0.468036
182,1.393528,0.739870,0.913841,0.860157,0.125000,-0.735157
183,1.386513,0.137820,0.910810,0.371241,0.125000,-0.246241
184,1.382918,0.739519,0.910527,0.859953,0.625000,-0.234953
185,1.385215,1.798587,0.912906,1.341114,1.500000,0.158886
186,1.377695,0.016570,0.908597,0.128726,-0.250000,-0.378726
187,1.370179,0.002377,0.903899,0.048754,-0.250000,-0.298754
188,1.363443,0.130740,0.900951,0.361580,-0.250000,0.111580
189,1.356154,0.014942,0.896742,0.122236,-0.125000,-0.002764
190,1.351572,0.503872,0.895737,0.709840,-0.625000,0.084840
191,1.344624,0.052264,0.892170,0.228614,-0.125000,0.103614
192,1.337478,0.001278,0.887614,0.035743,0.625000,0.660743
193,1.340331,1.876694,0.890166,1.369925,-0.875000,0.494925
194,1.342072,1.671060,0.892285,1.292695,2.000000,0.707305
195,1.347249,2.330844,0.895606,1.526710,-0.625000,0.901710
196,1.340309,0.014865,0.891577,0.121923,-0.375000,-0.496923
197,1.335820,0.473925,0.890524,0.688422,0.125000,0.813422
198,1.330751,0.352462,0.888994,0.593685,0.000000,0.593685
199,1.329824,1.149850,0.889934,1.072311,-0.750000,0.322311
200,1.324139,0.215672,0.887763,0.464405,0.250000,0.714405
201,1.321967,0.896194,0.888062,0.946675,-0.500000,0.446675
202,1.322471,1.421892,0.889599,1.192431,-0.375000,0.817431
203,1.319041,0.639860,0.889149,0.799912,0.500000,1.299912
204,1.314627,0.436088,0.888005,0.660369,0.000000,0.660369
205,1.317168,1.825515,0.890309,1.351116,-1.125000,0.226116
206,1.319485,1.785207,0.892516,1.336116,-0.500000,0.836116
207,1.316594,0.732498,0.892335,0.855861,-0.125000,0.730861
208,1.317023,1.404233,0.893770,1.185003,-0.750000,0.435003
209,1.311677,0.220964,0.891703,0.470068,0.375000,0.845068
210,1.340029,7.152359,0.900357,2.674389,-2.000000,0.674389
211,1.333633,0.015923,0.896617,0.126185,0.500000,0.373815
212,1.342706,3.220933,0.900934,1.794696,0.250000,2.044696
213,1.336798,0.107765,0.898194,0.328276,-0.500000,-0.171724
214,1.330479,0.009963,0.894393,0.099813,0.500000,0.400187
215,1.324290,0.024516,0.890896,0.156575,0.625000,0.781575
216,1.322160,0.872659,0.891100,0.934162,-0.250000,-1.184162
217,1.317289,0.284704,0.889421,0.533576,0.375000,-0.158576
218,1.311232,0.021049,0.885943,0.145083,-0.125000,0.020083
219,1.305184,0.010906,0.882308,0.104432,-0.125000,-0.229432
220,1.299153,0.002565,0.878458,0.050647,0.000000,0.050647
221,1.316016,4.958432,0.884671,2.226754,2.250000,0.023246
222,1.310173,0.042188,0.881555,0.205396,-0.625000,-0.830396
223,1.304842,0.142686,0.879255,0.377738,-0.625000,-1.002738
224,1.298940,0.006475,0.875624,0.080470,0.250000,0.169530
225,1.293414,0.077675,0.872923,0.278702,-0.250000,0.028702
226,1.288839,0.277820,0.871365,0.527087,0.500000,-0.027087
227,1.284111,0.234332,0.869629,0.484079,0.875000,0.390921
228,1.279144,0.171562,0.867595,0.414200,-0.625000,-0.210800
229,1.274949,0.335391,0.866313,0.579130,0.000000,-0.579130
230,1.269553,0.055395,0.863521,0.235362,0.000000,0.235362
231,1.264062,0.023079,0.860387,0.151918,0.000000,-0.151918
232,1.259467,0.216400,0.858653,0.465188,-0.250000,0.215188
233,1.254787,0.187788,0.856796,0.433345,-0.375000,0.058345
234,1.250041,0.163238,0.854828,0.404028,-0.250000,0.154028
235,1.247762,0.723600,0.854809,0.850647,-0.375000,0.475647
236,1.242392,0.001889,0.851312,0.043460,-0.125000,-0.168460
237,1.237610,0.128193,0.849195,0.358040,0.250000,-0.108040
238,1.234922,0.608479,0.848900,0.780051,-1.000000,-0.219949
239,1.231344,0.394060,0.847959,0.627742,-0.500000,0.127742
240,1.228104,0.466702,0.847260,0.683156,0.000000,0.683156
241,1.224390,0.347993,0.846174,0.589909,-0.375000,0.214909
242,1.220003,0.180198,0.844403,0.424497,0.000000,0.424497
243,1.224046,2.186406,0.847056,1.478650,-1.000000,0.478650
244,1.220084,0.273178,0.845705,0.522664,-0.250000,0.272664
245,1.215025,0.000889,0.842319,0.029817,0.750000,0.720183
246,1.210244,0.057881,0.839833,0.240584,-0.125000,0.115584
247,1.206499,0.300162,0.838631,0.547870,0.375000,-0.172870
248,1.205610,0.989738,0.839272,0.994856,-0.750000,0.244856
249,1.201060,0.090916,0.837077,0.301523,-0.625000,-0.323477
250,1.196673,0.121861,0.835093,0.349085,0.000000,0.349085
251,1.193458,0.402518,0.834281,0.634443,0.750000,0.115557
252,1.190876,0.553084,0.833915,0.743696,0.375000,-0.368696
253,1.186106,0.003078,0.830789,0.055477,-0.375000,-0.430477
254,1.181735,0.093529,0.828689,0.305824,-0.125000,-0.430824
255,1.179650,0.658335,0.828620,0.811379,0.250000,-0.561379
256,1.174978,0.002315,0.825523,0.048113,-0.375000,-0.326887
257,1.170457,0.031082,0.822957,0.176301,0.250000,0.073699
258,1.165997,0.037646,0.820481,0.194025,-0.250000,-0.055975
259,1.162060,0.162017,0.818842,0.402514,0.625000,0.222486
260,1.162893,1.375281,0.820224,1.172724,1.250000,0.077276
261,1.175870,4.498057,0.825285,2.120862,1.500000,-0.620862
262,1.178841,1.942452,0.827488,1.393719,0.250000,-1.143719
263,1.181578,1.887587,0.829598,1.373895,0.000000,-1.373895
264,1.190208,3.425488,0.833526,1.850807,1.000000,-0.850807
265,1.187127,0.386016,0.832712,0.621301,0.250000,-0.371301
266,1.183151,0.145412,0.830990,0.381329,-0.750000,-0.368671
267,1.178954,0.079225,0.828900,0.281469,0.250000,-0.031469
268,1.175193,0.186160,0.827395,0.431463,-0.125000,0.306463
269,1.171022,0.069813,0.825270,0.264222,0.125000,-0.139222
270,1.167550,0.247534,0.824037,0.497528,-0.125000,0.372528
271,1.163970,0.211763,0.822675,0.460177,-0.375000,0.085177
272,1.165598,1.600235,0.824325,1.265004,-0.875000,0.390004
273,1.170170,2.395324,0.827014,1.547683,-1.125000,0.422683
274,1.166468,0.170765,0.825482,0.413237,-0.500000,-0.086763
275,1.162167,0.000943,0.822549,0.030710,0.125000,0.094290
276,1.158020,0.033999,0.820203,0.184389,0.125000,-0.059389
277,1.153778,0.000033,0.817220,0.005754,-0.125000,-0.119246
278,1.149685,0.032206,0.814892,0.179461,-0.375000,-0.195539
279,1.145596,0.025474,0.812509,0.159607,-0.250000,-0.409607
280,1.141752,0.084619,0.810619,0.290894,-0.375000,-0.084106
281,1.142034,1.219700,0.811680,1.104400,-0.750000,0.354400
282,1.137926,0.000140,0.808803,0.011851,-0.125000,-0.136851
283,1.135502,0.461515,0.808339,0.679349,0.750000,0.070651
284,1.135883,1.242281,0.809432,1.114577,-1.000000,0.114577
285,1.132362,0.146346,0.807913,0.382552,0.500000,0.117448
286,1.130068,0.485526,0.807519,0.696797,1.250000,0.553203
287,1.140229,4.005763,0.811738,2.001440,1.375000,-0.626440
288,1.136243,0.008215,0.809199,0.090636,-0.750000,-0.659364
289,1.132307,0.014229,0.806778,0.119284,-0.375000,-0.494284
290,1.129382,0.296023,0.805860,0.544080,-0.250000,0.294080
291,1.125655,0.059475,0.803901,0.243874,-0.125000,-0.368874
292,1.121758,0.003560,0.801317,0.059666,0.125000,0.065334
293,1.117877,0.000116,0.798582,0.010749,0.000000,-0.010749
294,1.114881,0.248867,0.797548,0.498865,0.625000,0.126135
295,1.113113,0.600551,0.797471,0.774952,0.375000,-0.399952
296,1.112324,0.882542,0.797957,0.939437,-1.500000,-0.560563
297,1.108748,0.064525,0.796100,0.254018,-0.750000,-0.495982
298,1.110857,1.728956,0.797865,1.314898,-0.625000,0.689898
299,1.107235,0.042302,0.795858,0.205674,0.000000,-0.205674
300,1.104731,0.366182,0.795213,0.605130,-0.125000,0.480130
301,1.101239,0.067426,0.793410,0.259664,0.375000,0.115336
302,1.098642,0.327571,0.792668,0.572338,0.500000,-0.072338
303,1.096532,0.467639,0.792304,0.683842,0.125000,-0.558842
304,1.095498,0.786149,0.792619,0.886650,0.375000,-0.511650
305,1.098724,2.066756,0.794762,1.437622,1.250000,-0.187622
306,1.098325,0.978006,0.795405,0.988942,0.375000,-0.613942
307,1.094805,0.031957,0.793369,0.178766,0.000000,-0.178766
308,1.093017,0.551110,0.793202,0.742368,-1.125000,-0.382632
309,1.089457,0.007433,0.790884,0.086213,-0.125000,-0.038787
310,1.085912,0.004677,0.788523,0.068388,0.125000,0.193388
311,1.082383,0.002362,0.786112,0.048603,0.000000,-0.048603
312,1.078879,0.003048,0.783739,0.055206,-0.125000,-0.180206
313,1.075705,0.098376,0.782218,0.313650,-0.125000,0.188650
314,1.073165,0.288089,0.781426,0.536739,-0.625000,-0.088261
315,1.070072,0.111410,0.779987,0.333781,0.625000,0.291219
316,1.067584,0.293856,0.779224,0.542085,-0.250000,0.292085
317,1.064988,0.254838,0.778348,0.504815,0.625000,0.120185
318,1.062102,0.158986,0.777139,0.398731,0.625000,0.226269
319,1.059130,0.125942,0.775798,0.354883,0.250000,-0.104883
320,1.055785,0.001996,0.773484,0.044675,-0.250000,-0.294675
321,1.052573,0.037691,0.771657,0.194143,0.125000,-0.069143
322,1.049444,0.057355,0.769983,0.239488,0.250000,0.010512
323,1.046481,0.104240,0.768582,0.322863,0.375000,0.052137
324,1.044575,0.436558,0.768245,0.660725,0.500000,-0.160725
325,1.041390,0.022317,0.766317,0.149390,0.000000,-0.149390
326,1.038198,0.013478,0.764297,0.116094,-0.250000,-0.133906
327,1.035737,0.243454,0.763459,0.493410,0.250000,-0.243410
328,1.032589,0.015636,0.761488,0.125043,0.125000,-0.000043
329,1.029734,0.104807,0.760141,0.323738,-0.375000,-0.051262
330,1.027077,0.163307,0.759049,0.404113,0.500000,0.095887
331,1.031475,2.465529,0.761530,1.570200,-1.250000,0.320200
332,1.028858,0.172805,0.760476,0.415698,-0.500000,-0.084302
333,1.027465,0.570750,0.760460,0.755480,0.000000,0.755480
334,1.024554,0.066910,0.758940,0.258669,0.000000,0.258669
335,1.021602,0.047336,0.757304,0.217568,0.500000,0.282432
336,1.018541,0.005483,0.755246,0.074045,0.375000,0.449045
337,1.016791,0.435644,0.754960,0.660033,0.375000,-0.285033
338,1.016310,0.856155,0.755470,0.925286,0.500000,-0.425286
339,1.015660,0.798414,0.755882,0.893540,0.625000,-0.268540
340,1.014237,0.537643,0.755815,0.733242,0.375000,-0.358242
341,1.011774,0.184086,0.754845,0.429052,0.250000,-0.179052
342,1.008786,0.001965,0.752743,0.044327,-0.250000,-0.205673
343,1.007715,0.645696,0.752893,0.803552,0.625000,-0.178552
344,1.005037,0.097115,0.751595,0.311633,-0.125000,0.186633
345,1.002091,0.000663,0.749467,0.025745,0.125000,0.099255
346,1.000074,0.312128,0.748909,0.558684,-0.375000,0.183684
347,0.997397,0.082038,0.747561,0.286422,-0.125000,0.161422
348,0.994632,0.046197,0.746012,0.214935,0.000000,0.214935
349,0.991813,0.022088,0.744281,0.148620,0.125000,0.273620
350,0.989335,0.134393,0.743189,0.366596,0.625000,0.258404
351,0.986819,0.116150,0.742029,0.340807,0.500000,0.159193
352,0.984184,0.070034,0.740658,0.264639,0.000000,-0.264639
353,0.986344,1.737919,0.742313,1.318302,1.000000,-0.318302
354,0.983671,0.050661,0.740835,0.225080,-0.125000,0.100080
355,0.980929,0.021231,0.739139,0.145708,-0.250000,-0.395708
356,0.978231,0.031183,0.737541,0.176586,0.250000,0.073414
357,0.978112,0.936260,0.738193,0.967605,1.125000,0.157395
358,0.981787,2.279358,0.740373,1.509754,-1.500000,0.009754
359,0.979067,0.015920,0.738642,0.126176,0.125000,-0.001176
360,0.978381,0.734811,0.738976,0.857211,0.000000,0.857211
361,0.980454,1.718510,0.740578,1.310920,1.125000,-0.185920
362,0.982008,1.536727,0.741972,1.239648,-0.750000,0.489648
363,0.979304,0.011380,0.740202,0.106679,0.250000,0.143321
364,0.976716,0.047541,0.738752,0.218040,0.250000,0.468040
365,0.975595,0.572210,0.738801,0.756446,0.625000,-0.131446
366,0.974570,0.604471,0.738907,0.777477,0.000000,0.777477
367,0.974824,1.066922,0.739717,1.032919,-0.500000,0.532919
368,0.974626,0.902431,0.740295,0.949964,-0.625000,0.324964
369,0.974318,0.862354,0.740811,0.928630,-0.875000,0.053630
370,0.971898,0.088652,0.739600,0.297744,0.125000,-0.172744
371,0.969349,0.036365,0.738105,0.190697,0.000000,0.190697
372,0.970015,1.214358,0.739094,1.101979,1.125000,0.023021
373,0.975483,2.987939,0.741775,1.728566,2.000000,0.271434
374,0.972931,0.031098,0.740247,0.176345,0.000000,0.176345
375,0.977900,2.816295,0.742775,1.678182,1.125000,-0.553182
376,0.975944,0.250462,0.742124,0.500461,0.000000,0.500461
377,0.973384,0.021188,0.740524,0.145562,-0.375000,-0.229438
378,0.970793,0.004234,0.738718,0.065071,0.250000,0.184929
379,0.970163,0.734551,0.739034,0.857060,-0.375000,0.482060
380,0.972921,2.007020,0.740836,1.416693,-1.125000,0.291693
381,0.970411,0.026804,0.739305,0.163718,0.375000,0.538718
382,0.969653,0.683822,0.739537,0.826936,-0.250000,0.576936
383,0.967098,0.001167,0.737676,0.034164,0.250000,0.215836
384,0.967406,1.084405,0.738475,1.041347,-0.250000,0.791347
385,0.964941,0.028166,0.736977,0.167828,0.375000,0.207172
386,0.966436,1.535875,0.738292,1.239304,1.375000,0.135696
387,0.963957,0.017040,0.736706,0.130539,0.500000,0.369461
388,0.972037,4.066659,0.740039,2.016596,1.750000,-0.266596
389,0.970111,0.230712,0.739364,0.480324,-0.250000,0.230324
390,0.968265,0.257342,0.738763,0.507289,-1.125000,-0.617711
391,0.965850,0.033750,0.737328,0.183711,-0.125000,0.058711
392,0.964170,0.313840,0.736872,0.560214,-0.125000,0.435214
393,0.961936,0.095445,0.735772,0.308942,0.125000,-0.183942
394,0.960300,0.323626,0.735344,0.568881,1.000000,0.431119
395,0.957910,0.026136,0.733877,0.161665,0.500000,0.338335
396,0.955772,0.119572,0.732887,0.345792,-0.625000,-0.279208
397,0.953394,0.021458,0.731395,0.146485,0.250000,0.396485
398,0.960694,3.829512,0.734505,1.956914,-1.250000,0.706914
399,0.961339,1.215239,0.735436,1.102379,1.375000,0.272621
400,0.961765,1.130139,0.736264,1.063080,-0.250000,0.813080
401,0.960315,0.386139,0.735975,0.621401,0.625000,0.003599
402,0.958214,0.124243,0.735011,0.352481,0.000000,0.352481
403,0.956004,0.076181,0.733861,0.276010,-0.125000,0.151010
404,0.958950,2.134581,0.735678,1.461020,-1.625000,-0.163980
405,0.956588,0.011756,0.734114,0.108427,0.500000,0.391573
406,0.954915,0.283877,0.733613,0.532801,-0.125000,0.407801
407,0.962874,4.162629,0.736856,2.040252,2.250000,0.209748
408,0.963275,1.124616,0.737657,1.060479,-0.625000,0.435479
409,0.962071,0.475901,0.737539,0.689856,0.500000,-0.189856
410,0.959862,0.065005,0.736350,0.254960,-0.250000,0.004960
411,0.957534,0.012311,0.734814,0.110953,-0.125000,-0.235953
412,0.957862,1.091694,0.735573,1.044842,0.000000,1.044842
413,0.955772,0.102760,0.734559,0.320561,0.750000,1.070561
414,0.959484,2.477676,0.736606,1.574063,-0.750000,0.824063
415,0.959307,0.886711,0.737105,0.941653,-0.500000,0.441653
416,0.959063,0.858871,0.737566,0.926753,-0.500000,0.426753
417,0.958496,0.724876,0.737841,0.851397,-0.250000,0.601397
418,0.958305,0.879319,0.738324,0.937720,-0.250000,0.687720
419,0.958638,1.096599,0.739068,1.047186,0.500000,1.547186
420,0.958942,1.085168,0.739796,1.041714,-0.750000,0.291714
421,0.964707,3.362801,0.742419,1.833794,-0.625000,1.208794
422,0.963924,0.637418,0.742553,0.798385,0.750000,1.548385
423,0.961687,0.026957,0.741173,0.164186,0.500000,0.335814
424,0.959400,0.001173,0.739490,0.034251,0.000000,0.034251
425,0.957994,0.367129,0.739172,0.605911,-0.125000,0.480911
426,0.955777,0.022656,0.737777,0.150518,0.375000,0.224482
427,0.953723,0.086863,0.736730,0.294726,-0.375000,-0.080274
428,0.952051,0.244954,0.736160,0.494928,-0.250000,0.244928
429,0.949898,0.036968,0.734880,0.192271,0.125000,-0.067271
430,0.947805,0.058209,0.733721,0.241265,0.000000,0.241265
431,0.945623,0.016096,0.732300,0.126871,0.375000,0.248129
432,0.943421,0.003104,0.730719,0.055715,0.250000,0.305715
433,0.942295,0.460520,0.730598,0.678616,0.750000,0.071384
434,0.942511,1.035187,0.731265,1.017441,1.000000,-0.017441
435,0.945071,2.045887,0.732887,1.430345,1.250000,-0.180345
436,0.943628,0.321646,0.732503,0.567139,0.250000,-0.317139
437,0.941693,0.105504,0.731562,0.324814,0.000000,-0.324814
438,0.944911,2.338563,0.733400,1.529236,1.125000,-0.404236
439,0.943771,0.448757,0.733254,0.669894,0.625000,-0.044894
440,0.941642,0.015731,0.731859,0.125422,-0.125000,-0.250422
441,0.940273,0.343197,0.731525,0.585830,-0.625000,-0.039170
442,0.951472,5.845693,0.735375,2.417787,-2.250000,0.167787
443,0.949482,0.077937,0.734336,0.279171,-0.375000,-0.095829
444,0.951657,1.906419,0.735805,1.380731,-0.250000,1.130731
445,0.949512,0.005610,0.734306,0.074897,0.125000,0.199897
446,0.952976,2.480385,0.736208,1.574924,2.125000,0.550076
447,0.955101,1.894351,0.737653,1.376354,2.125000,0.748646
448,0.954366,0.629065,0.737778,0.793136,-1.875000,-1.081864
449,0.952646,0.188656,0.737096,0.434346,-1.250000,-0.815654
450,0.951603,0.487644,0.737009,0.698315,0.750000,0.051685
451,0.951082,0.718612,0.737257,0.847710,-1.250000,-0.402290
452,0.950463,0.674018,0.737444,0.820986,-0.875000,-0.054014
453,0.949559,0.544325,0.737445,0.737784,-0.125000,0.612784
454,0.947478,0.013325,0.736063,0.115435,0.375000,0.259565
455,0.946578,0.541603,0.736062,0.735937,1.125000,0.389063
456,0.954670,4.603959,0.739181,2.145684,-1.375000,0.770684
457,0.953324,0.344934,0.738846,0.587311,0.625000,0.037689
458,0.959573,3.790603,0.741507,1.946947,-1.500000,0.446947
459,0.957600,0.061597,0.740422,0.248187,0.125000,-0.123187
460,0.956634,0.517214,0.740376,0.719176,1.125000,0.405824
461,0.957886,1.528732,0.741461,1.236419,-0.875000,0.361419
462,0.958531,1.253497,0.742287,1.119597,0.625000,-0.494597
463,0.958450,0.921186,0.742761,0.959784,-0.375000,0.584784
464,0.963655,3.352653,0.745127,1.831025,-2.250000,-0.418975
465,0.966775,2.402317,0.746872,1.549941,-1.250000,0.299941
466,0.966090,0.650244,0.747001,0.806377,-0.250000,0.556377
467,0.967476,1.607656,0.748126,1.267934,-1.125000,0.142934
468,1.091613,58.566818,0.763007,7.652896,-6.750000,0.902896
469,1.089424,0.074131,0.761952,0.272271,-0.125000,0.147271
470,1.088439,0.630450,0.762021,0.794009,0.750000,1.544009
471,1.086599,0.228858,0.761413,0.478391,-0.750000,-1.228391
472,1.084373,0.044943,0.760239,0.211997,0.125000,-0.086997
473,1.085112,1.430920,0.761169,1.196211,-0.375000,0.821211
474,1.084418,0.758905,0.761403,0.871152,-1.500000,-2.371152
475,1.082662,0.257538,0.760864,0.507482,-1.250000,-0.742518
476,1.081628,0.594505,0.760885,0.771041,0.500000,-0.271041
477,1.079373,0.015166,0.759537,0.123149,-0.375000,-0.251851
478,1.077150,0.025595,0.758272,0.159984,-0.125000,0.034984
479,1.075183,0.142917,0.757472,0.378043,-0.375000,0.003043
480,1.076877,1.881219,0.758762,1.371576,1.125000,-0.246576
481,1.079030,2.103988,0.760212,1.450513,1.125000,-0.325513
482,1.082318,2.650696,0.762028,1.628096,1.250000,-0.378096
483,1.084350,2.055641,0.763430,1.433751,1.000000,-0.433751
484,1.082122,0.014716,0.762092,0.121308,-0.250000,-0.371308
485,1.081912,0.981367,0.762568,0.990640,0.125000,-0.865640
486,1.079773,0.050616,0.761452,0.224979,-0.625000,-0.400021
487,1.082438,2.367327,0.763061,1.538612,-2.000000,-0.461388
488,1.080625,0.204787,0.762420,0.452534,-0.875000,-0.422466
489,1.079149,0.364627,0.762093,0.603844,0.375000,-0.228844
490,1.080509,1.740018,0.763239,1.319098,0.875000,-0.444098
491,1.078409,0.058086,0.762166,0.241010,0.125000,-0.116010
492,1.076323,0.060531,0.761109,0.246030,-0.500000,-0.253970
493,1.086270,5.940185,0.764536,2.437250,2.000000,-0.437250
494,1.085516,0.717047,0.764704,0.846786,0.625000,-0.221786
495,1.084243,0.460477,0.764529,0.678585,0.000000,-0.678585
496,1.082984,0.464658,0.764360,0.681658,0.250000,-0.431658
497,1.081385,0.294803,0.763911,0.542958,0.250000,-0.292958
498,1.081572,1.173602,0.764558,1.083329,1.000000,-0.083329
499,1.080666,0.633127,0.764621,0.795693,-1.000000,-0.204307
500,1.078491,0.002129,0.763172,0.046144,-0.125000,-0.171144
501,1.081439,2.543485,0.764846,1.594831,-1.625000,-0.030169
502,1.080458,0.592807,0.764856,0.769940,-1.000000,-0.230060
503,1.078351,0.029247,0.763666,0.171018,0.000000,-0.171018
504,1.077124,0.464891,0.763502,0.681829,-0.625000,0.056829
505,1.075098,0.062060,0.762475,0.249119,0.000000,-0.249119
506,1.073154,0.099196,0.761584,0.314954,0.125000,0.439954
507,1.072291,0.638860,0.761659,0.799287,0.750000,-0.049287
508,1.070509,0.174364,0.760976,0.417569,0.500000,0.082431
509,1.068497,0.054544,0.759932,0.233547,0.250000,0.016453
510,1.068235,0.935534,0.760342,0.967230,-1.125000,-0.157770
511,1.066321,0.097728,0.759458,0.312614,-0.500000,-0.187386
512,1.066929,1.375400,0.760272,1.172774,-1.250000,-0.077226
513,1.064833,0.000187,0.758805,0.013659,-0.375000,-0.388659
514,1.062931,0.094962,0.757922,0.308159,0.250000,-0.058159
515,1.060882,0.015851,0.756685,0.125901,-0.125000,0.000901
516,1.058919,0.055673,0.755668,0.235950,0.250000,0.014050
517,1.057052,0.101053,0.754814,0.317888,0.625000,0.307112
518,1.054996,0.000263,0.753377,0.016231,-0.250000,-0.233769
519,1.057216,2.198424,0.754794,1.482708,-1.625000,-0.142292
520,1.055179,0.006306,0.753485,0.079411,0.000000,-0.079411
521,1.056675,1.828486,0.754643,1.352215,-1.500000,-0.147785
522,1.055300,0.344091,0.754318,0.586593,-0.875000,-0.288407
523,1.054592,0.687963,0.754463,0.829436,-1.000000,-0.170564
524,1.052727,0.085116,0.753573,0.291747,0.250000,-0.041747
525,1.051985,0.665786,0.753693,0.815957,-0.875000,-0.059043
526,1.050231,0.136616,0.752957,0.369616,0.500000,0.130384
527,1.048444,0.115386,0.752167,0.339685,0.375000,0.035315
528,1.053819,3.865254,0.754484,1.966025,1.875000,-0.091025
529,1.052412,0.315038,0.754116,0.561282,-0.750000,-0.188718
530,1.051288,0.460882,0.753973,0.678883,0.125000,-0.553883
531,1.049760,0.246033,0.753483,0.496017,-0.875000,-0.378983
532,1.047774,0.001552,0.752131,0.039391,-0.625000,-0.664391
533,1.047249,0.769794,0.752367,0.877379,0.375000,-0.502379
534,1.045422,0.078860,0.751478,0.280820,0.125000,-0.155820
535,1.044212,0.403350,0.751258,0.635098,0.250000,-0.385098
536,1.042581,0.176310,0.750636,0.419893,-0.250000,0.169893
537,1.041175,0.293260,0.750243,0.541535,-0.750000,-0.208465
538,1.040316,0.582558,0.750268,0.763255,0.500000,-0.263255
539,1.038944,0.305975,0.749899,0.553150,0.625000,0.071850
540,1.037992,0.528944,0.749857,0.727286,0.375000,-0.352286
541,1.037155,0.588346,0.749889,0.767037,-0.875000,-0.107963
542,1.036706,0.795758,0.750153,0.892053,0.750000,-0.142053
543,1.034845,0.033676,0.749102,0.183510,0.125000,-0.058510
544,1.032953,0.013022,0.747926,0.114112,-0.250000,-0.364112
545,1.031061,0.009457,0.746723,0.097250,0.000000,-0.097250
546,1.029184,0.013504,0.745560,0.116207,-0.125000,-0.008793
547,1.027950,0.359407,0.745291,0.599505,0.250000,-0.349505
548,1.026982,0.501222,0.745222,0.707971,0.750000,0.042029
549,1.028353,1.774394,0.746299,1.332064,1.250000,-0.082064
550,1.026584,0.061954,0.745388,0.248906,-0.375000,-0.126094
551,1.024787,0.043712,0.744408,0.209074,0.375000,0.165926
552,1.025494,1.412370,0.745218,1.188432,-1.250000,-0.061568
553,1.025826,1.207898,0.745863,1.099044,0.625000,-0.474044
554,1.024136,0.096212,0.745070,0.310180,0.250000,-0.060180
555,1.023975,0.935414,0.745473,0.967168,0.625000,-0.342168
556,1.022201,0.044601,0.744506,0.211190,-0.500000,-0.288810
557,1.020715,0.200782,0.743970,0.448087,0.375000,-0.073087
558,1.019877,0.555999,0.743973,0.745654,0.375000,-0.370654
559,1.019440,0.777342,0.744221,0.881670,-1.000000,-0.118330
560,1.021241,2.020993,0.745439,1.421616,1.125000,-0.296616
561,1.019568,0.089636,0.744638,0.299392,0.625000,0.325608
562,1.018702,0.536187,0.744616,0.732248,0.250000,-0.482248
563,1.016882,0.001243,0.743347,0.035257,0.000000,-0.035257
564,1.015775,0.396870,0.743145,0.629976,-0.625000,0.004976
565,1.014483,0.291013,0.742781,0.539456,0.125000,-0.414456
566,1.012709,0.017516,0.741695,0.132347,0.125000,-0.007347
567,1.011738,0.466039,0.741590,0.682670,0.500000,-0.182670
568,1.009948,0.002186,0.740358,0.046753,0.000000,0.046753
569,1.008508,0.196585,0.739833,0.443379,-0.375000,0.068379
570,1.006790,0.035832,0.738860,0.189293,0.250000,0.060707
571,1.005285,0.153698,0.738249,0.392044,-0.250000,0.142044
572,1.003669,0.087301,0.737469,0.295468,0.250000,-0.045468
573,1.002368,0.263533,0.737075,0.513355,-0.375000,0.138355
574,1.001077,0.266384,0.736687,0.516124,-0.500000,0.016124
575,0.999766,0.252587,0.736277,0.502580,-0.500000,0.002580
576,0.998877,0.491336,0.736216,0.700953,-0.625000,0.075953
577,0.997497,0.208095,0.735727,0.456174,-0.500000,-0.043826
578,0.997307,0.888285,0.736087,0.942489,-0.375000,0.567489
579,0.996144,0.328523,0.735804,0.573169,-0.125000,0.448169
580,0.994568,0.088627,0.735043,0.297703,-0.125000,0.172703
581,0.993937,0.630108,0.735145,0.793793,0.875000,0.081207
582,0.998073,3.384966,0.737056,1.839828,1.000000,-0.839828
583,0.996350,0.000375,0.735817,0.019361,0.000000,0.019361
584,0.994933,0.174329,0.735268,0.417527,0.250000,-0.167527
585,0.993322,0.059044,0.734421,0.242990,-0.375000,-0.132010
586,0.991744,0.074834,0.733629,0.273559,0.000000,-0.273559
587,0.991150,0.645407,0.733748,0.803372,0.625000,-0.178372
588,0.989532,0.046467,0.732861,0.215563,0.125000,-0.090563
589,0.988192,0.205327,0.732383,0.453130,-0.500000,-0.046870
590,0.986509,0.001995,0.731209,0.044662,0.125000,0.080338
591,0.984992,0.096066,0.730492,0.309945,0.375000,0.065055
592,0.983317,0.000007,0.729254,0.002667,0.000000,0.002667
593,0.981688,0.023610,0.728277,0.153655,-0.125000,0.028655
594,0.980645,0.366883,0.728069,0.605709,-0.500000,0.105709
595,0.979099,0.066502,0.727273,0.257879,-0.250000,0.007879
596,0.979070,0.961907,0.727702,0.980769,-1.000000,-0.019231
597,0.982183,2.825160,0.729309,1.680821,-1.625000,0.055821
598,0.988437,4.697063,0.731730,2.167271,2.250000,0.082729
599,0.988139,0.811087,0.732013,0.900603,0.250000,1.150603
600,0.986736,0.152019,0.731439,0.389897,-0.750000,-0.360103
601,0.988848,2.247666,0.732726,1.499222,-0.750000,0.749222
602,0.987560,0.218391,0.732282,0.467324,0.250000,0.717324
603,0.986084,0.103454,0.731596,0.321642,-0.250000,-0.571642
604,0.986440,1.200020,0.732203,1.095454,0.875000,-0.220454
605,0.984903,0.062850,0.731401,0.250699,0.250000,-0.000699
606,0.986028,1.662111,0.732328,1.289229,1.125000,-0.164229
607,0.984502,0.065598,0.731538,0.256121,-0.250000,0.006121
608,0.983142,0.162860,0.730995,0.403559,0.125000,-0.278559
609,0.981601,0.050876,0.730160,0.225557,0.000000,-0.225557
610,0.980503,0.316298,0.729883,0.562404,0.375000,-0.187404
611,0.979255,0.223247,0.729459,0.472490,0.250000,-0.222490
612,0.977737,0.055941,0.728648,0.236518,-0.250000,-0.013482
613,0.976133,0.001239,0.727510,0.035206,0.250000,0.285206
614,0.974770,0.144602,0.726940,0.380266,-0.250000,0.130266
615,0.973252,0.047451,0.726107,0.217831,-0.250000,-0.032169
616,0.978569,4.226809,0.728280,2.055921,-2.000000,0.055921
617,0.977513,0.331727,0.728032,0.575958,-0.625000,-0.049042
618,0.975976,0.033629,0.727144,0.183383,0.250000,0.066617
619,0.974393,0.002213,0.726039,0.047045,0.000000,-0.047045
620,0.973223,0.253679,0.725678,0.503666,0.375000,-0.128666
621,0.971931,0.176382,0.725182,0.419978,-0.125000,0.294978
622,0.970400,0.025507,0.724267,0.159709,-0.500000,-0.340291
623,0.968857,0.015610,0.723299,0.124939,-0.250000,-0.125061
624,0.967772,0.295836,0.723010,0.543908,-0.500000,0.043908
625,0.966488,0.170530,0.722510,0.412953,0.250000,-0.162953
626,0.965049,0.071688,0.721779,0.267746,0.375000,0.107254
627,0.964252,0.467986,0.721719,0.684095,-0.750000,-0.065905
628,0.962758,0.032211,0.720850,0.179474,-0.125000,0.054474
629,0.965146,2.455366,0.722203,1.566961,1.625000,0.058039
630,0.965142,0.962520,0.722617,0.981081,1.125000,0.143919
631,0.964292,0.432005,0.722513,0.657271,0.375000,-0.282271
632,0.965420,1.673165,0.723422,1.293509,-1.375000,-0.081491
633,0.968276,2.761718,0.724914,1.661842,1.125000,-0.536842
634,0.967509,0.485158,0.724869,0.696533,0.625000,-0.071533
635,0.966545,0.359171,0.724670,0.599309,-0.875000,-0.275691
636,0.967634,1.654724,0.725559,1.286361,-1.625000,-0.338639
637,0.967234,0.714416,0.725748,0.845232,-0.875000,-0.029768
638,0.967307,1.013350,0.726191,1.006653,-1.125000,-0.118347
639,0.968314,1.606918,0.727043,1.267643,-1.375000,-0.107357
640,0.967030,0.151609,0.726513,0.389370,0.250000,-0.139370
641,0.965585,0.046274,0.725710,0.215114,0.125000,0.340114
642,0.964595,0.334407,0.725479,0.578279,-0.500000,0.078279
643,0.963660,0.366870,0.725291,0.605698,-0.375000,0.230698
644,0.973563,7.301380,0.728380,2.702107,2.750000,0.047893
645,0.990096,11.571488,0.732551,3.401689,3.125000,-0.276689
646,0.989668,0.715615,0.732727,0.845940,-1.125000,-0.279060
647,0.988144,0.009528,0.731739,0.097612,-0.750000,-0.847612
648,0.986884,0.176805,0.731256,0.420482,-0.750000,-0.329518
649,0.985440,0.055478,0.730488,0.235537,-0.875000,-1.110537
650,0.985510,1.030324,0.730928,1.015049,0.250000,-0.765049
651,0.987663,2.378581,0.732182,1.542265,1.375000,-0.167265
652,0.987277,0.737416,0.732377,0.858729,-0.750000,0.108729
653,0.985770,0.009710,0.731401,0.098540,-0.250000,-0.151460
654,0.986993,1.780402,0.732328,1.334317,-0.625000,0.709317
655,0.986502,0.667562,0.732458,0.817044,-0.375000,0.442044
656,0.985637,0.422360,0.732332,0.649893,1.375000,0.725107
657,0.985545,0.925442,0.732683,0.961999,1.125000,0.163001
658,0.988948,3.211562,0.734303,1.792083,1.375000,-0.417083
659,0.991739,2.816732,0.735745,1.678312,-1.500000,0.178312
660,0.992240,1.320671,0.736375,1.149204,0.625000,-0.524204
661,0.991754,0.672975,0.736503,0.820351,-0.875000,-0.054649
662,0.990333,0.056405,0.735744,0.237497,-0.750000,-0.512503
663,0.989501,0.442362,0.735637,0.665103,0.375000,-0.290103
664,0.989495,0.985464,0.736027,0.992705,-0.750000,0.242705
665,0.988011,0.008451,0.735052,0.091928,-0.375000,-0.283072
666,0.987602,0.717139,0.735221,0.846840,1.125000,0.278160
667,0.986919,0.534873,0.735215,0.731350,0.875000,0.143650
668,0.986108,0.448383,0.735116,0.669614,0.500000,-0.169614
669,0.984632,0.004461,0.734111,0.066790,0.125000,0.058210
670,0.983527,0.248834,0.733758,0.498833,0.250000,-0.248833
671,0.982370,0.211844,0.733348,0.460265,0.125000,-0.335265
672,0.981306,0.271292,0.733030,0.520857,0.375000,-0.145857
673,0.979900,0.040810,0.732236,0.202015,-0.125000,0.077015
674,0.978803,0.244698,0.731882,0.494670,0.625000,0.130330
675,0.978955,1.081300,0.732341,1.039856,-0.750000,0.289856
676,0.977636,0.092599,0.731704,0.304301,0.250000,-0.054301
677,0.976627,0.298641,0.731428,0.546480,-0.375000,0.171480
678,0.975512,0.224781,0.731047,0.474110,-0.500000,-0.025890
679,0.974521,0.306485,0.730784,0.553611,0.500000,-0.053611
680,0.973619,0.365185,0.730597,0.604305,-0.375000,0.229305
681,0.975218,2.055609,0.731635,1.433739,1.375000,-0.058739
682,0.977382,2.442385,0.732861,1.562813,1.875000,0.312187
683,0.975967,0.017247,0.731975,0.131330,0.125000,-0.006330
684,0.977668,2.132168,0.733046,1.460195,1.125000,-0.335195
685,0.981868,3.838345,0.734847,1.959169,-1.875000,0.084169
686,0.985490,3.451513,0.736493,1.857825,1.000000,-0.857825
687,0.984074,0.018539,0.735614,0.136160,0.375000,0.238840
688,0.982751,0.079394,0.734951,0.281770,-0.375000,-0.093230
689,0.981326,0.006465,0.733995,0.080408,-0.125000,-0.205408
690,0.980410,0.352949,0.733791,0.594095,-0.250000,0.344095
691,0.979390,0.279330,0.733493,0.528517,-0.750000,-0.221483
692,0.978186,0.151651,0.732992,0.389424,0.500000,0.110576
693,0.984140,5.080184,0.735200,2.253926,-1.875000,0.378926
694,0.982896,0.125751,0.734648,0.354614,0.375000,0.020386
695,0.981712,0.164501,0.734172,0.405588,0.125000,0.530588
696,0.980787,0.342217,0.733957,0.584993,-0.500000,0.084993
697,0.979435,0.043189,0.733197,0.207820,-0.125000,0.082820
698,0.979614,1.103831,0.733655,1.050633,1.375000,0.324367
699,0.983315,3.552001,0.735311,1.884675,1.750000,-0.134675
700,0.981902,0.000025,0.734262,0.005023,0.000000,-0.005023
701,0.981739,0.867862,0.734545,0.931591,-1.125000,-0.193409
702,0.980492,0.111787,0.733971,0.334346,0.125000,-0.209346
703,0.979473,0.267733,0.733662,0.517429,0.375000,-0.142429
704,0.978501,0.299650,0.733395,0.547403,-0.750000,-0.202597
705,0.977384,0.194831,0.732979,0.441396,-0.625000,-0.183604
706,0.980739,3.332907,0.734535,1.825625,2.000000,0.174375
707,0.980081,0.517853,0.734514,0.719620,1.125000,0.405380
708,0.979198,0.359072,0.734322,0.599227,0.500000,-0.099227
709,0.977993,0.129243,0.733790,0.359504,-0.250000,0.109504
710,0.978081,1.040451,0.734196,1.020025,1.000000,-0.020025
711,0.976990,0.206554,0.733800,0.454482,0.250000,-0.204482
712,0.976881,0.899675,0.734103,0.948512,0.750000,-0.198512
713,0.977732,1.580625,0.734841,1.257229,-1.250000,0.007229
714,0.976627,0.192833,0.734425,0.439128,-0.500000,-0.060872
715,0.975935,0.484406,0.734371,0.695993,0.750000,0.054007
716,0.975047,0.343895,0.734163,0.586426,-0.375000,0.211426
717,0.974101,0.300396,0.733902,0.548084,0.375000,-0.173084
718,0.972929,0.137479,0.733393,0.370782,0.750000,0.379218
719,0.971843,0.196486,0.732988,0.443268,-0.375000,0.068268
720,0.971197,0.509496,0.732961,0.713790,-0.625000,0.088790
721,0.979635,7.021370,0.735634,2.649787,-2.500000,0.149787
722,0.978298,0.019615,0.734805,0.140054,0.000000,-0.140054
723,0.977066,0.091899,0.734204,0.303149,0.750000,0.446851
724,0.975739,0.021775,0.733390,0.147565,0.250000,0.102435
725,0.974390,0.002962,0.732448,0.054424,0.000000,0.054424
726,0.973107,0.048721,0.731739,0.220728,0.625000,0.404272
727,0.972166,0.292572,0.731475,0.540900,-0.750000,-0.209100
728,0.975388,3.305121,0.732976,1.817999,1.625000,-0.192999
729,0.976936,2.097269,0.733962,1.448195,-1.125000,0.323195
730,0.975688,0.071253,0.733319,0.266933,-0.500000,-0.233067
731,0.975363,0.739027,0.733493,0.859667,0.875000,0.015333
732,0.975511,1.082914,0.733915,1.040632,-0.750000,0.290632
733,0.976993,2.056209,0.734875,1.433949,-1.500000,-0.066051
734,0.975876,0.161820,0.734419,0.402269,0.500000,0.097731
735,0.974936,0.288299,0.734149,0.536935,-0.250000,0.286935
736,0.973771,0.122245,0.733624,0.349635,0.500000,0.150365
737,0.972443,0.000549,0.732655,0.023424,0.250000,0.273424
738,0.971324,0.151341,0.732187,0.389026,0.500000,0.110974
739,0.970003,0.000162,0.731208,0.012729,0.000000,0.012729
740,0.968694,0.006438,0.730324,0.080234,0.000000,0.080234
741,0.967380,0.000606,0.729366,0.024609,0.000000,0.024609
742,0.966341,0.199996,0.728984,0.447209,0.625000,0.177791
743,0.965045,0.008791,0.728124,0.093758,0.250000,0.343758
744,0.963950,0.154929,0.727672,0.393610,-0.125000,0.268610
745,0.963438,0.584314,0.727722,0.764404,1.000000,0.235596
746,0.962147,0.005370,0.726840,0.073279,0.250000,0.323279
747,0.961057,0.152761,0.726387,0.390847,-0.375000,0.015847
748,0.960061,0.219616,0.726041,0.468632,0.500000,0.031368
749,0.960837,1.538119,0.726731,1.240209,-1.125000,0.115209
750,0.960708,0.864563,0.727003,0.929819,-1.125000,-0.195181
751,0.962555,2.340542,0.728078,1.529883,-1.375000,0.154883
752,0.961281,0.010022,0.727239,0.100111,0.125000,0.024889
753,0.960214,0.162172,0.726805,0.402706,0.750000,0.347294
754,0.959648,0.535364,0.726812,0.731686,-0.375000,0.356686
755,0.958386,0.012032,0.725990,0.109690,0.250000,0.140310
756,0.957160,0.036356,0.725278,0.190673,0.500000,0.309327
757,0.957552,1.252024,0.725801,1.118939,1.000000,-0.118939
758,0.957621,1.009941,0.726171,1.004958,1.000000,-0.004958
759,0.956353,0.000461,0.725238,0.021482,0.000000,0.021482
760,0.956608,1.148694,0.725696,1.071771,-1.250000,-0.178229
761,0.959374,3.050898,0.727045,1.746682,1.625000,-0.121682
762,0.983997,19.623736,0.731930,4.429869,4.500000,0.070131
763,0.986106,2.584569,0.733084,1.607659,1.750000,0.142341
764,0.984857,0.036435,0.732370,0.190880,-0.500000,-0.309120
765,0.984088,0.400213,0.732239,0.632624,0.500000,-0.132624
766,0.982816,0.014851,0.731438,0.121866,-0.125000,-0.003134
767,0.983665,1.630170,0.732153,1.276781,-1.750000,-0.473219
768,0.983259,0.673822,0.732269,0.820866,0.500000,-0.320866
769,0.982008,0.025722,0.731522,0.160382,0.250000,0.410382
770,0.980833,0.082438,0.730941,0.287119,-0.250000,0.037119
771,0.982571,2.313469,0.731972,1.521009,-1.125000,0.396009
772,0.981943,0.500749,0.731940,0.707636,1.125000,0.417364
773,0.981108,0.339408,0.731746,0.582587,1.000000,0.417413
774,0.982490,2.045048,0.732653,1.430052,1.750000,0.319948
775,0.987206,4.619027,0.734490,2.149192,-1.750000,0.399192
776,0.987368,1.112461,0.734905,1.054733,-1.000000,0.054733
777,0.989693,2.784175,0.736113,1.668585,1.875000,0.206415
778,0.991372,2.289584,0.737116,1.513137,-1.000000,0.513137
779,0.991783,1.309938,0.737642,1.144525,0.625000,-0.519525
780,0.990506,0.000791,0.736728,0.028123,0.500000,0.528123
781,0.989261,0.022989,0.735975,0.151620,0.250000,0.098380
782,0.988619,0.489514,0.735928,0.699653,-0.625000,0.074653
783,0.990694,2.604921,0.737055,1.613977,-1.500000,0.113977
784,0.989794,0.289029,0.736800,0.537615,0.625000,0.087385
785,0.990759,1.743758,0.737547,1.320514,-0.750000,0.570514
786,0.990360,0.678015,0.737657,0.823417,-0.750000,0.073417
787,0.989313,0.171291,0.737243,0.413873,-0.125000,0.288873
788,0.988490,0.343562,0.737050,0.586141,0.875000,0.288859
789,0.987309,0.061492,0.736427,0.247975,0.500000,0.252025
790,0.986633,0.455710,0.736349,0.675063,-0.250000,0.425063
791,0.985380,0.000671,0.735447,0.025909,0.250000,0.275909
792,0.984508,0.298527,0.735207,0.546376,0.875000,0.328624
793,0.983421,0.126700,0.734726,0.355949,0.625000,0.269051
794,0.982749,0.452200,0.734647,0.672458,-0.500000,0.172458
795,0.982917,1.116100,0.735054,1.056456,1.250000,0.193544
796,0.981716,0.031605,0.734350,0.177779,0.125000,0.302779
797,0.983851,2.674917,0.735487,1.635517,1.500000,-0.135517
798,0.982741,0.102502,0.734964,0.320159,-0.125000,0.195159
799,0.981688,0.145300,0.734519,0.381182,-0.500000,-0.118818
800,0.981254,0.636460,0.734598,0.797785,0.750000,-0.047785
801,0.980028,0.003712,0.733753,0.060923,0.250000,0.189077
802,0.978978,0.142355,0.733306,0.377299,-0.500000,-0.122701
803,0.977956,0.162322,0.732893,0.402892,0.500000,0.097108
804,0.977075,0.273653,0.732631,0.523118,0.875000,0.351882
805,0.975881,0.020716,0.731896,0.143930,0.375000,0.231070
806,0.977594,2.349799,0.732894,1.532905,1.750000,0.217095
807,0.976396,0.014932,0.732134,0.122197,0.625000,0.502803
808,0.975187,0.004713,0.731309,0.068654,0.000000,0.068654
809,0.977376,2.737575,0.732455,1.654562,-1.500000,0.154562
810,0.978518,1.897543,0.733256,1.377513,-1.375000,0.002513
811,0.978755,1.169440,0.733687,1.081406,1.250000,0.168594
812,0.977581,0.030373,0.732995,0.174278,0.750000,0.575722
813,0.976448,0.060990,0.732394,0.246961,-0.250000,-0.003039
814,0.979274,3.265602,0.733721,1.807098,-1.500000,0.307098
815,0.978174,0.086858,0.733180,0.294716,0.000000,0.294716
816,0.976983,0.011160,0.732407,0.105643,0.250000,0.355643
817,0.975782,0.000429,0.731531,0.020713,0.125000,0.145713
818,0.975337,0.613655,0.731595,0.783361,-0.625000,0.158361
819,0.974170,0.024918,0.730891,0.157854,0.375000,0.217146
820,0.974001,0.835575,0.731116,0.914098,1.125000,0.210902
821,0.973100,0.238187,0.730818,0.488044,0.000000,0.488044
822,0.973277,1.117740,0.731217,1.057232,-0.750000,0.307232
823,0.972936,0.694199,0.731342,0.833186,-0.500000,0.333186
824,0.972771,0.837178,0.731566,0.914974,-0.625000,0.289974
825,0.976519,4.050116,0.733126,2.012490,-1.875000,0.137490
826,0.975977,0.530798,0.733120,0.728559,0.875000,0.146441
827,0.974976,0.152152,0.732703,0.390067,1.125000,0.734933
828,0.976403,2.151048,0.733594,1.466645,-1.250000,0.216645
829,0.975243,0.019492,0.732874,0.139614,0.250000,0.110386
830,0.974126,0.052821,0.732265,0.229828,0.750000,0.520172
831,0.973440,0.406504,0.732151,0.637577,-0.750000,-0.112423
832,0.975798,2.925988,0.733332,1.710552,1.500000,-0.210552
833,0.974632,0.009553,0.732566,0.097741,0.500000,0.402259
834,0.973805,0.288168,0.732330,0.536812,0.125000,-0.411812
835,0.972655,0.018086,0.731610,0.134485,-0.125000,0.009485
836,0.971624,0.114516,0.731138,0.338402,-0.375000,-0.036598
837,0.970666,0.173483,0.730760,0.416512,0.250000,-0.166512
838,0.970582,0.901095,0.731022,0.949260,1.000000,0.050740
839,0.974183,3.976928,0.732535,1.994224,-1.875000,0.119224
840,0.975033,1.685175,0.733211,1.298143,1.375000,0.076857
841,0.974366,0.416622,0.733106,0.645462,0.000000,0.645462
842,0.973505,0.252503,0.732831,0.502497,-0.750000,-0.247503
843,0.972363,0.015857,0.732108,0.125923,0.125000,-0.000923
844,0.971646,0.369911,0.731960,0.608203,0.875000,0.266797
845,0.970494,0.002472,0.731149,0.049718,-0.375000,-0.325282
846,0.969621,0.236158,0.730858,0.485961,0.500000,0.014039
847,0.968531,0.050473,0.730257,0.224661,0.375000,0.150339
848,0.967998,0.518330,0.730245,0.719952,-0.750000,-0.030048
849,0.966852,0.000024,0.729387,0.004897,0.000000,-0.004897
850,0.965862,0.129058,0.728949,0.359246,0.500000,0.140754
851,0.964791,0.059225,0.728376,0.243361,0.250000,0.006639
852,0.964300,0.548362,0.728390,0.740515,0.875000,0.134485
853,0.965216,1.741674,0.729087,1.319725,1.500000,0.180275
854,0.964212,0.112189,0.728623,0.334946,0.375000,0.040054
855,0.963207,0.108357,0.728154,0.329176,-0.125000,0.204176
856,0.962161,0.072043,0.727614,0.268408,0.250000,-0.018408
857,0.962703,1.424538,0.728160,1.193540,-1.250000,-0.056460
858,0.966785,4.448886,0.729778,2.109238,-2.250000,-0.140762
859,0.966530,0.749030,0.729936,0.865465,-0.625000,0.240465
860,0.966001,0.513078,0.729920,0.716294,-0.250000,0.466294
861,0.964874,0.000807,0.729102,0.028405,0.000000,0.028405
862,0.964420,0.574739,0.729136,0.758115,1.125000,0.366885
863,0.963305,0.006702,0.728382,0.081863,0.625000,0.543137
864,0.962279,0.080984,0.727866,0.284577,0.375000,0.090423
865,0.962764,1.379887,0.728385,1.174686,-0.875000,0.299686
866,0.962937,1.111979,0.728763,1.054504,-1.125000,-0.070496
867,0.962216,0.340521,0.728595,0.583542,-0.750000,-0.166458
868,0.961242,0.120825,0.728154,0.347598,0.250000,-0.097598
869,0.961327,1.034869,0.728488,1.017285,-0.875000,0.142285
870,0.960321,0.089774,0.727993,0.299624,0.375000,0.075376
871,0.959228,0.013330,0.727287,0.115455,0.250000,0.365455
872,0.958379,0.221992,0.726992,0.471160,-0.250000,0.221160
873,0.957309,0.028401,0.726349,0.168526,0.000000,0.168526
874,0.956406,0.171753,0.725990,0.414431,-0.250000,0.164431
875,0.955454,0.127202,0.725566,0.356654,0.250000,-0.106654
876,0.955087,0.635504,0.725648,0.797185,-0.625000,0.172185
877,0.954638,0.563159,0.725677,0.750440,0.750000,-0.000440
878,0.954286,0.647170,0.725767,0.804469,-0.625000,0.179469
879,0.953283,0.076639,0.725254,0.276837,0.250000,-0.026837
880,0.952197,0.002057,0.724478,0.045353,0.250000,0.204647
881,0.954495,2.967389,0.725616,1.722611,1.750000,0.027389
882,0.958710,4.655520,0.727247,2.157665,2.250000,0.092335
883,0.959111,1.310622,0.727722,1.144824,-1.125000,0.019824
884,0.961715,3.250723,0.728944,1.802976,1.375000,-0.427976
885,0.961633,0.889746,0.729187,0.943264,-0.750000,0.193264
886,0.962248,1.504085,0.729751,1.226411,0.500000,-0.726411
887,0.961308,0.132363,0.729336,0.363818,0.250000,-0.113818
888,0.960276,0.048669,0.728761,0.220611,0.125000,-0.095611
889,0.959217,0.023039,0.728109,0.151786,-0.125000,0.026786
890,0.959196,0.940994,0.728382,0.970048,-0.750000,0.220048
891,0.958630,0.457230,0.728323,0.676188,0.750000,0.073812
892,0.958911,1.207723,0.728741,1.098964,-0.750000,0.348964
893,0.958304,0.418911,0.728649,0.647234,-0.625000,0.022234
894,0.961381,3.697474,0.729991,1.922882,2.125000,0.202118
895,0.961761,1.299756,0.730451,1.140069,-0.250000,0.890069
896,0.960708,0.022130,0.729799,0.148762,0.000000,-0.148762
897,0.960055,0.377685,0.729670,0.614561,0.125000,0.739561
898,0.959671,0.616553,0.729732,0.785209,-0.500000,0.285209
899,0.958902,0.272070,0.729499,0.521604,-0.250000,0.271604
900,0.961347,3.149335,0.730666,1.774637,-1.125000,0.649637
901,0.961127,0.764193,0.730826,0.874181,-0.125000,0.749181
902,0.960760,0.631054,0.730897,0.794389,1.125000,0.330611
903,0.959792,0.091152,0.730420,0.301913,0.625000,0.323087
904,0.958813,0.078002,0.729918,0.279288,-0.250000,0.029288
905,0.958953,1.085476,0.730264,1.041862,1.125000,0.083138
906,0.957894,0.003817,0.729523,0.061779,0.250000,0.188221
907,0.957835,0.904789,0.729769,0.951204,0.750000,-0.201204
908,0.956947,0.155178,0.729397,0.393926,0.500000,0.106074
909,0.955932,0.038024,0.728807,0.194997,0.250000,0.055003
910,0.956868,1.804035,0.729485,1.343144,-1.375000,-0.031856
911,0.956051,0.215885,0.729193,0.464635,-0.500000,-0.035365
912,0.955778,0.707585,0.729316,0.841180,-0.750000,0.091180
913,0.955892,1.059712,0.729646,1.029423,-1.125000,-0.095577
914,0.954883,0.037879,0.729058,0.194625,-0.125000,0.069625
915,0.953904,0.062519,0.728533,0.250037,0.250000,0.500037
916,0.956420,3.248924,0.729710,1.802477,-1.500000,0.302477
917,0.955898,0.479737,0.729670,0.692630,-0.125000,0.567630
918,0.960153,4.845185,0.731280,2.201178,-1.750000,0.451178
919,0.959132,0.025683,0.730656,0.160259,-0.125000,0.035259
920,0.958852,0.702395,0.730773,0.838090,1.125000,0.286910
921,0.957855,0.044610,0.730206,0.211212,0.000000,0.211212
922,0.956860,0.044646,0.729641,0.211295,0.125000,-0.086295
923,0.956575,0.694705,0.729754,0.833490,-0.500000,0.333490
924,0.955611,0.069810,0.729248,0.264216,0.125000,-0.139216
925,0.955005,0.397604,0.729141,0.630559,-0.625000,0.005559
926,0.954272,0.279131,0.728923,0.528328,0.375000,-0.153328
927,0.953738,0.461952,0.728870,0.679671,0.750000,0.070329
928,0.952710,0.003396,0.728144,0.058272,0.000000,0.058272
929,0.951854,0.161328,0.727791,0.401657,0.375000,-0.026657
930,0.954988,3.853707,0.729125,1.963086,-1.875000,0.088086
931,0.957962,3.711942,0.730417,1.926640,-2.250000,-0.323360
932,0.957568,0.592121,0.730459,0.769494,0.625000,-0.144494
933,0.956712,0.162132,0.730106,0.402656,0.625000,0.222344
934,0.957348,1.548636,0.730659,1.244442,1.000000,-0.244442
935,0.956996,0.629255,0.730726,0.793256,-0.500000,0.293256
936,0.956622,0.609080,0.730780,0.780436,-0.875000,-0.094564
937,0.956202,0.564475,0.730802,0.751315,-1.000000,-0.248685
938,0.961347,5.761861,0.732589,2.400388,-2.625000,-0.224612
939,0.960376,0.053001,0.732052,0.230220,-0.500000,-0.269780
940,0.960281,0.871185,0.732267,0.933373,1.125000,0.191627