# TEST CONFIGURATION BEGIN
# File Stream: filename: no2_gt_.csv  -  n_targets: 1
# [no2_gt__ADE_HOMO_ABSTAIN_KNN_SIZE_4] Pipeline: Array BaseStreamModel: base_models: [<skmultiflow.lazy.knn_forecast.KNNForecast object at 0x7f228d6868d0>, <skmultiflow.lazy.knn_forecast.KNNForecast object at 0x7f228d686c50>, <skmultiflow.lazy.knn_forecast.KNNForecast object at 0x7f228d686710>, <skmultiflow.lazy.knn_forecast.KNNForecast object at 0x7f228d6864e0>]
 Array BaseStreamModel: base_models: [<skmultiflow.lazy.knn_forecast.KNNForecast object at 0x7f228d6868d0>, <skmultiflow.lazy.knn_forecast.KNNForecast object at 0x7f228d686c50>, <skmultiflow.lazy.knn_forecast.KNNForecast object at 0x7f228d686710>, <skmultiflow.lazy.knn_forecast.KNNForecast object at 0x7f228d6864e0>]
# Prequential Evaluator: n_wait: 1 - max_samples: 600000 - max_time: 10000000 - output_file: no2_gt__ADE_HOMO_ABSTAIN_KNN_SIZE_4_SIZE_4 - batch_size: 1 - pretrain_size: 5 - task_type: regression - show_plot: False - metrics: ['mean_square_error', 'mean_absolute_error', 'true_vs_predicted']
# TEST CONFIGURATION END
id,global_mse_[no2_gt__ADE_HOMO_ABSTAIN_KNN_SIZE_4],sliding_mse_[no2_gt__ADE_HOMO_ABSTAIN_KNN_SIZE_4],global_mae_[no2_gt__ADE_HOMO_ABSTAIN_KNN_SIZE_4],sliding_mae_[no2_gt__ADE_HOMO_ABSTAIN_KNN_SIZE_4],true_value_[no2_gt__ADE_HOMO_ABSTAIN_KNN_SIZE_4],predicted_value_[no2_gt__ADE_HOMO_ABSTAIN_KNN_SIZE_4]
5,262.440000,262.440000,16.200000,16.200000,12.000000,-4.200000
6,534.003366,805.566731,22.291254,28.382507,27.000000,-1.382507
7,459.255577,309.760000,20.727502,17.600000,33.000000,15.400000
8,521.564410,708.490908,22.200000,26.617493,37.000000,10.382507
9,417.487168,1.178201,17.977090,1.085450,-2.685450,-1.600000
10,386.298523,230.355296,17.510485,15.177460,-16.314550,-1.137090
11,382.931295,362.727928,17.729761,19.045418,21.000000,1.954582
12,749.784883,3317.760000,22.713541,57.600000,-30.000000,27.600000
13,668.079896,14.440000,20.612036,3.800000,3.000000,6.800000
14,602.681595,14.096890,18.926291,3.754582,7.000000,3.245418
15,548.443807,6.065926,17.429620,2.462910,-6.000000,-8.462910
16,506.613340,46.478204,16.545276,6.817493,-1.000000,5.817493
17,518.666046,663.298519,17.253684,25.754582,25.000000,-0.754582
18,485.256904,50.938053,16.531070,7.137090,-21.000000,-13.862910
19,453.770444,12.960000,15.668999,3.600000,-10.000000,-6.400000
20,431.681676,100.350156,15.315780,10.017493,-5.000000,5.017493
21,525.406283,2025.000000,17.061910,45.000000,-21.000000,24.000000
22,574.759267,1413.760000,18.202915,37.600000,-16.000000,21.600000
23,583.397659,738.888713,18.675526,27.182507,-15.000000,12.182507
24,555.620146,27.847387,18.005602,5.277062,-5.722938,-11.000000
25,535.053460,123.719742,17.677856,11.122938,6.722938,-4.400000
26,518.673853,174.702108,17.475113,13.217493,-18.000000,-4.782507
27,496.896174,17.787243,16.898694,4.217493,-5.000000,-0.782507
28,489.393834,316.840000,16.936249,17.800000,17.000000,-0.800000
29,477.638501,195.510516,16.818099,13.982507,19.000000,5.017493
30,459.863969,15.500678,16.322676,3.937090,23.000000,19.062910
31,444.445304,43.560000,15.962577,6.600000,7.000000,0.400000
32,454.729439,732.401099,16.359017,27.062910,32.000000,4.937090
33,439.051497,0.069122,15.803979,0.262910,3.000000,2.737090
34,467.137781,1281.640000,16.470513,35.800000,-37.000000,-1.200000
35,474.551401,696.960000,16.790819,26.400000,-22.000000,4.400000
36,466.752919,225.000000,16.734856,15.000000,14.000000,-1.000000
37,458.379801,190.440000,16.645921,13.800000,8.000000,-5.800000
38,444.899960,0.065236,16.163847,0.255412,1.000000,0.744588
39,447.063903,520.637965,16.353951,22.817493,23.000000,0.182507
40,436.699906,73.960000,16.138564,8.600000,-4.000000,4.600000
41,440.464774,576.000000,16.351035,24.000000,-16.000000,8.000000
42,432.174648,125.440000,16.215481,11.200000,-13.000000,-1.800000
43,423.456324,92.160000,16.045854,9.600000,-1.000000,8.600000
44,415.173916,92.160000,15.884707,9.600000,-10.000000,-0.400000
45,421.282844,665.640000,16.126544,25.800000,-15.000000,10.800000
46,411.324342,3.025755,15.783994,1.739470,-4.339470,-2.600000
47,407.843201,261.635278,15.793091,16.175144,-17.660530,-1.485386
48,399.139386,24.875341,15.547510,4.987519,-12.000000,-16.987519
49,390.269784,0.007291,15.203907,0.085386,-7.000000,-7.085386
50,387.859100,279.378306,15.236748,16.714614,4.000000,-12.714614
51,384.522523,231.040000,15.235966,15.200000,17.000000,1.800000
52,378.594971,100.000000,15.126884,10.000000,-1.000000,9.000000
53,373.520788,129.960000,15.050825,11.400000,15.000000,3.600000
54,366.993731,47.167967,14.887166,6.867894,16.000000,9.132106
55,359.810325,0.640000,14.610947,0.800000,5.000000,4.200000
56,358.448588,289.000000,14.656891,17.000000,-15.000000,2.000000
57,352.157105,25.000000,14.474685,5.000000,-2.000000,-7.000000
58,345.636418,0.040000,14.210339,0.200000,5.000000,5.200000
59,342.238665,158.760000,14.181060,12.600000,22.000000,9.400000
60,338.530117,134.560000,14.134970,11.600000,-1.000000,10.600000
61,342.033799,538.240000,14.294006,23.200000,36.000000,12.800000
62,336.677354,31.360000,14.144109,5.600000,16.000000,10.400000
63,351.261806,1197.160000,14.490819,34.600000,-27.000000,7.600000
64,352.480109,424.360000,14.592639,20.600000,-25.000000,-4.400000
65,347.750927,64.000000,14.484563,8.000000,-2.000000,-10.000000
66,348.087848,368.640000,14.560618,19.200000,-20.000000,-0.800000
67,343.060422,31.360000,14.418386,5.600000,-6.000000,-0.400000
68,337.780467,5.143343,14.228535,2.267894,-5.000000,-7.267894
69,334.122714,100.026500,14.163501,10.001325,-11.201325,-1.200000
70,329.359153,19.727721,14.016199,4.441590,-5.798675,-10.240265
71,326.847566,161.082830,13.996432,12.691841,3.000000,-9.691841
72,323.340396,88.360000,13.928838,9.400000,6.000000,-3.400000
73,319.414035,52.421437,13.831902,7.240265,9.000000,1.759735
74,320.227548,376.360000,13.911446,19.400000,25.000000,5.600000
75,323.829977,576.000000,14.053538,24.000000,35.000000,11.000000
76,319.652339,23.040000,13.925017,4.800000,8.000000,12.800000
77,319.711896,324.000000,13.980839,18.000000,-2.000000,16.000000
78,326.137951,795.240000,14.172990,28.200000,-21.000000,7.200000
79,322.002779,16.000000,14.037350,4.000000,-15.000000,-11.000000
80,318.149584,29.160000,13.923700,5.400000,-8.000000,-2.600000
81,315.646862,125.440000,13.888328,11.200000,-7.000000,4.200000
82,313.508313,148.840000,13.866682,12.200000,-5.000000,7.200000
83,309.544410,0.360000,13.698750,0.600000,11.000000,10.400000
84,309.547105,309.760000,13.747515,17.600000,25.000000,7.400000
85,316.108252,841.000000,13.935818,29.000000,-22.000000,7.000000
86,312.363029,9.000000,13.802454,3.000000,-20.000000,-17.000000
87,309.664197,88.360000,13.749412,9.400000,-20.000000,-10.600000
88,309.418195,289.000000,13.788110,17.000000,-24.000000,-7.000000
89,305.825040,4.000000,13.649426,2.000000,2.000000,0.000000
90,302.672583,34.713791,13.559222,5.891841,-15.000000,-9.108159
91,302.210140,262.440000,13.589576,16.200000,-27.000000,-10.800000
92,299.587189,71.390455,13.531163,8.449287,-1.910448,-10.359735
93,296.441012,19.577469,13.428843,4.424643,-0.089552,-4.514196
94,293.571870,38.218231,13.348323,6.182090,-7.000000,-0.817910
95,290.915476,51.840000,13.280759,7.200000,12.000000,4.800000
96,289.479004,158.760000,13.273360,12.600000,6.000000,18.600000
97,287.276434,84.640000,13.229560,9.200000,-2.000000,7.200000
98,313.430514,2745.760000,13.646267,52.400000,55.000000,2.600000
99,312.078193,184.960000,13.645780,13.600000,12.000000,-1.600000
100,308.869045,4.000000,13.524470,2.000000,-8.000000,-6.000000
101,311.524416,566.440000,13.630403,23.800000,7.000000,-16.800000
102,308.763554,40.960000,13.556623,6.400000,0.000000,6.400000
103,320.851195,1505.440000,13.811607,38.800000,-33.000000,5.800000
104,317.802683,16.000000,13.713491,4.000000,1.000000,5.000000
105,315.354736,70.560000,13.660882,8.400000,4.000000,12.400000
106,312.829297,57.760000,13.601462,7.600000,6.000000,13.600000
107,310.649984,88.360000,13.560671,9.400000,-2.000000,7.400000
108,334.064503,2745.760000,13.934126,52.400000,34.000000,-18.400000
109,336.740460,615.040000,14.037610,24.800000,-39.000000,-14.200000
110,334.877248,139.240000,14.016501,11.800000,-21.000000,-9.200000
111,331.747555,0.000000,13.885506,-0.000000,-10.000000,-10.000000
112,328.704491,3.096667,13.773230,1.759735,-17.000000,-15.240265
113,326.085147,43.196061,13.707167,6.572371,-11.000000,-4.427629
114,323.163919,4.750026,13.602370,2.179455,-14.711561,-12.532106
115,321.086217,92.539019,13.566490,9.619720,-4.288439,-13.908159
116,319.466367,139.663007,13.550878,11.817910,-20.000000,-8.182090
117,318.993284,266.007995,13.575292,16.309752,13.000000,-3.309752
118,319.774396,408.040000,13.633404,20.200000,24.000000,3.800000
119,318.508879,174.240000,13.629635,13.200000,7.000000,20.200000
120,316.314837,64.000000,13.581104,8.000000,1.000000,9.000000
121,313.860522,29.160000,13.511180,5.400000,7.000000,12.400000
122,312.302043,129.960000,13.493288,11.400000,11.000000,-0.400000
123,317.857824,973.440000,13.642084,31.200000,-30.000000,1.200000
124,317.185343,237.160000,13.656734,15.400000,-19.000000,-3.600000
125,319.565298,605.160000,13.747174,24.600000,25.000000,0.400000
126,319.720993,338.560000,13.785312,18.400000,-15.000000,3.400000
127,329.109928,1474.560000,13.985431,38.400000,44.000000,5.600000
128,330.080332,449.440000,14.043613,21.200000,-12.000000,9.200000
129,327.767369,40.960000,13.982464,6.400000,-2.000000,-8.400000
130,325.600644,54.760000,13.930223,7.400000,-9.000000,-16.400000
131,323.566308,67.240000,13.885103,8.200000,-11.000000,-2.800000
132,321.108759,9.000000,13.800063,3.000000,-9.000000,-6.000000
133,318.783575,21.160000,13.728744,4.600000,-19.000000,-14.400000
134,316.338365,0.906327,13.630462,0.952012,-9.097971,-10.049983
135,314.021940,12.886752,13.553816,3.589812,-0.902029,-4.491841
136,314.372681,360.319724,13.594939,18.982090,-21.000000,-2.017910
137,312.986120,129.960000,13.578436,11.400000,14.000000,2.600000
138,310.708910,7.840000,13.498000,2.800000,14.000000,11.200000
139,311.863362,466.560000,13.558014,21.600000,39.000000,17.400000
140,311.359661,243.360000,13.573029,15.600000,27.000000,11.400000
141,310.909153,249.640000,13.589284,15.800000,-1.000000,14.800000
142,309.380825,100.000000,13.563275,10.000000,2.000000,12.000000
143,307.662690,70.560000,13.526129,8.400000,-13.000000,-4.600000
144,305.469671,0.640000,13.435228,0.800000,-6.000000,-5.200000
145,303.305772,0.360000,13.344198,0.600000,-7.000000,-6.400000
146,301.931506,108.160000,13.323464,10.400000,2.000000,-8.400000
147,305.864573,864.360000,13.435888,29.400000,41.000000,11.600000
148,304.141624,57.760000,13.395361,7.600000,12.000000,19.600000
149,303.722441,243.360000,13.410565,15.600000,8.000000,-7.600000
150,310.225438,1253.160000,13.561178,35.400000,-41.000000,-5.600000
151,308.124857,1.440000,13.477088,1.200000,-14.000000,-12.800000
152,306.519689,70.560000,13.442783,8.400000,-22.000000,-13.600000
153,306.180630,256.000000,13.459946,16.000000,7.000000,-9.000000
154,304.146093,1.000000,13.376880,1.000000,-10.000000,-9.000000
155,304.173895,308.344294,13.404581,17.559735,-33.000000,-15.440265
156,302.849150,102.812549,13.383101,10.139652,3.670075,-6.469578
157,306.902027,922.939374,13.494191,30.379917,-34.670075,-4.290157
158,304.940585,4.840000,13.420852,2.200000,-4.000000,-6.200000
159,307.401872,686.440000,13.503298,26.200000,33.000000,6.800000
160,309.966988,707.560000,13.587252,26.600000,38.000000,11.400000
161,312.774587,750.760000,13.675231,27.400000,58.000000,30.600000
162,311.012556,34.373714,13.625786,5.862910,9.000000,14.862910
163,310.459752,223.116657,13.634033,14.937090,-17.000000,-2.062910
164,310.001628,237.160000,13.645070,15.400000,-14.000000,1.400000
165,308.270935,31.360000,13.595101,5.600000,-8.000000,-13.600000
166,306.605312,38.440000,13.549452,6.200000,-5.000000,-11.200000
167,307.129451,392.040000,13.587799,19.800000,13.000000,-6.800000
168,305.265491,1.440000,13.512264,1.200000,4.000000,2.800000
169,303.462912,7.840000,13.447341,2.800000,8.000000,5.200000
170,301.913377,46.240000,13.407297,6.800000,11.000000,17.800000
171,300.166829,10.240000,13.346175,3.200000,-2.000000,-5.200000
172,298.381074,0.160000,13.269115,0.400000,-6.000000,-5.600000
173,300.138346,595.360000,13.334978,24.400000,5.000000,-19.400000
174,299.366944,169.000000,13.333007,13.000000,-27.000000,-14.000000
175,297.729477,19.360000,13.280768,4.400000,-7.000000,-2.600000
176,296.382975,66.131149,13.250834,8.132106,-17.000000,-8.867894
177,295.470869,138.588720,13.242287,11.772371,-9.000000,-20.772371
178,293.797523,4.308545,13.178112,2.075704,-2.000000,-4.075704
179,292.144401,4.501191,13.114932,2.121601,-13.405632,-11.284031
180,291.068571,102.798411,13.098023,10.138955,-12.594368,-2.455412
181,289.923325,88.360000,13.077130,9.400000,-2.000000,7.400000
182,288.672295,67.240000,13.049730,8.200000,14.000000,5.800000
183,287.946528,158.760000,13.047218,12.600000,22.000000,9.400000
184,289.134381,501.760000,13.099178,22.400000,-11.000000,11.400000
185,287.777616,43.560000,13.063271,6.600000,5.000000,-1.600000
186,286.333783,25.000000,13.018967,5.000000,6.000000,1.000000
187,285.337642,104.040000,13.003563,10.200000,-5.000000,5.200000
188,283.813198,4.840000,12.944848,2.200000,-3.000000,-0.800000
189,282.300695,4.000000,12.885686,2.000000,-14.000000,-16.000000
190,281.719723,174.240000,12.887376,13.200000,10.000000,-3.200000
191,280.439704,42.356133,12.853263,6.508159,-6.000000,-12.508159
192,285.389706,1211.040000,12.970001,34.800000,-30.000000,4.800000
193,287.133887,615.040000,13.032593,24.800000,26.000000,1.200000
194,286.458235,158.760000,13.030317,12.600000,29.000000,16.400000
195,285.293532,64.000000,13.003980,8.000000,-2.000000,6.000000
196,287.220962,655.360000,13.069584,25.600000,-12.000000,13.600000
197,286.663133,179.560000,13.071296,13.400000,-2.000000,-15.400000
198,286.647315,283.594525,13.090724,16.840265,13.000000,-3.840265
199,287.028611,361.000000,13.121028,19.000000,28.000000,9.000000
200,286.651730,213.160000,13.128574,14.600000,-21.000000,-6.400000
201,285.203955,1.440000,13.068022,1.200000,-18.000000,-16.800000
202,283.821915,11.560000,13.019194,3.400000,-7.000000,-3.600000
203,282.435071,7.840000,12.967841,2.800000,-10.000000,-7.200000
204,281.938387,183.098163,12.970659,13.531377,6.957233,-6.574144
205,280.551414,3.156954,12.914968,1.776782,-12.957233,-14.734015
206,279.216191,10.836218,12.867329,3.291841,-4.000000,-7.291841
207,278.778870,190.440000,12.871923,13.800000,30.000000,16.200000
208,279.108189,345.960000,12.900002,18.600000,40.000000,21.400000
209,278.995466,256.000000,12.915124,16.000000,-1.000000,15.000000
210,285.564226,1632.160000,13.048546,40.400000,-32.000000,8.400000
211,284.593577,84.640000,13.029954,9.200000,4.000000,-5.200000
212,283.268608,9.000000,12.981733,3.000000,3.000000,0.000000
213,281.914979,0.360000,12.922490,0.600000,-3.000000,-2.400000
214,281.048717,100.000000,12.908573,10.000000,12.000000,2.000000
215,282.492277,585.640000,12.962087,24.200000,0.000000,24.200000
216,281.730521,121.000000,12.952832,11.000000,2.000000,13.000000
217,281.492538,231.040000,12.963382,15.200000,2.000000,17.200000
218,284.962199,1024.000000,13.052338,32.000000,26.000000,-6.000000
219,284.199584,121.000000,13.042793,11.000000,3.000000,-8.000000
220,283.444030,121.000000,13.033335,11.000000,-22.000000,-11.000000
221,285.157929,655.360000,13.091246,25.600000,-33.000000,-7.400000
222,284.792109,205.409264,13.096938,14.332106,-8.000000,6.332106
223,283.574862,18.214919,13.056623,4.267894,-8.000000,-3.732106
224,284.177521,416.160000,13.090002,20.400000,6.000000,-14.400000
225,283.738170,187.080803,13.092661,13.677748,-18.642353,-4.964604
226,282.463229,0.701379,13.037458,0.837483,-20.357647,-21.195131
227,282.100793,201.640000,13.042671,14.200000,-9.000000,5.200000
228,283.162129,519.840000,13.086231,22.800000,25.000000,2.200000
229,283.128342,275.560000,13.101847,16.600000,42.000000,25.400000
230,281.926712,11.560000,13.058919,3.400000,2.000000,5.400000
231,280.780527,21.742730,13.021932,4.662910,0.000000,-4.662910
232,279.551840,0.640000,12.968327,0.800000,-1.000000,-1.800000
233,280.722182,547.560000,13.013880,23.400000,-22.000000,1.400000
234,281.567911,475.240000,13.052081,21.800000,-11.000000,10.800000
235,281.014630,153.760000,13.049258,12.400000,1.000000,13.400000
236,280.014567,49.000000,13.023183,7.000000,16.000000,9.000000
237,279.995449,275.560000,13.038535,16.600000,-5.000000,-21.600000
238,278.854272,12.960000,12.998199,3.600000,-10.000000,-13.600000
239,277.926552,60.840000,12.976079,7.800000,-1.000000,-8.800000
240,277.719154,228.980634,12.985215,15.132106,-18.000000,-2.867894
241,276.834385,68.029004,12.965226,8.247970,1.118025,-7.129945
242,276.225540,131.929235,12.959011,11.486045,3.881975,-7.604070
243,276.612211,368.640000,12.985124,19.200000,-12.000000,7.200000
244,275.563827,25.000000,12.951853,5.000000,3.000000,8.000000
245,274.601156,43.560000,12.925497,6.600000,18.000000,11.400000
246,273.744291,67.240000,12.905970,8.200000,13.000000,4.800000
247,276.031105,829.440000,12.971377,28.800000,-25.000000,3.800000
248,274.927535,6.760000,12.928872,2.600000,-3.000000,-5.600000
249,274.675422,213.160000,12.935693,14.600000,11.000000,-3.600000
250,274.288774,179.560000,12.937580,13.400000,4.000000,17.400000
251,276.129710,729.000000,12.994513,27.000000,23.000000,-4.000000
252,276.181607,289.000000,13.010664,17.000000,2.000000,19.000000
253,275.198387,31.360000,12.980902,5.600000,-11.000000,-16.600000
254,274.189754,23.040000,12.948179,4.800000,-17.000000,-12.200000
255,276.170291,771.304593,13.007239,27.772371,-31.000000,-3.227629
256,275.277896,51.286742,12.984042,7.161476,-16.055226,-8.893750
257,274.548702,90.791750,12.970383,9.528471,-8.000000,1.528471
258,274.859297,353.440000,12.993335,18.800000,31.000000,12.200000
259,274.785339,256.000000,13.005125,16.000000,7.000000,23.000000
260,275.305865,408.040000,13.033230,20.200000,-20.000000,0.200000
261,274.535959,77.440000,13.016759,8.800000,-1.000000,-9.800000
262,273.844115,96.040000,13.004291,9.800000,-10.000000,-0.200000
263,272.975991,49.000000,12.981108,7.000000,8.000000,1.000000
264,273.228237,338.560000,13.001950,18.400000,-15.000000,3.400000
265,272.211424,7.840000,12.962862,2.800000,13.000000,10.200000
266,271.172449,0.000000,12.913385,-0.000000,-8.000000,-8.000000
267,270.171185,7.840000,12.874932,2.800000,-14.000000,-11.200000
268,269.148415,0.160000,12.827678,0.400000,-13.000000,-12.600000
269,268.480534,92.160000,12.815498,9.600000,5.000000,-4.600000
270,267.471359,0.040000,12.768071,0.200000,-6.000000,-6.200000
271,266.543436,19.715953,12.736881,4.440265,-8.000000,-12.440265
272,265.708981,42.909391,12.713798,6.550526,-4.568319,-11.118845
273,264.916385,52.500616,12.693470,7.245731,-19.431681,-12.185950
274,265.005583,289.000000,12.709420,17.000000,14.000000,-3.000000
275,264.160544,36.000000,12.684662,6.000000,5.000000,11.000000
276,263.214219,6.760000,12.647586,2.600000,12.000000,14.600000
277,262.364936,31.360000,12.621771,5.600000,4.000000,-1.600000
278,261.772363,100.000000,12.612203,10.000000,2.000000,-8.000000
279,260.835009,4.000000,12.573613,2.000000,12.000000,14.000000
280,260.145607,70.560000,12.558491,8.400000,-7.000000,1.400000
281,259.319666,31.360000,12.533370,5.600000,-6.000000,-11.600000
282,258.838085,125.440000,12.528574,11.200000,6.000000,-5.200000
283,257.947052,10.240000,12.495138,3.200000,10.000000,6.800000
284,259.865955,795.240000,12.551227,28.200000,-19.000000,9.200000
285,258.948141,1.960000,12.511543,1.400000,12.000000,10.600000
286,258.960523,262.440000,12.524622,16.200000,-19.000000,-2.800000
287,258.466580,119.174608,12.518941,10.916712,7.000000,-3.916712
288,257.557212,0.205958,12.476458,0.453826,-10.845273,-10.391447
289,256.925221,77.440000,12.463558,8.800000,11.000000,2.200000
290,256.031916,1.440000,12.424175,1.200000,5.000000,3.800000
291,255.397519,73.960000,12.410850,8.600000,28.000000,19.400000
292,254.871973,104.040000,12.403174,10.200000,31.000000,20.800000
293,259.526395,1600.000000,12.498665,40.000000,-36.000000,4.000000
294,258.764028,38.440000,12.476945,6.200000,-1.000000,-7.200000
295,258.191505,92.160000,12.467059,9.600000,1.000000,-8.600000
296,257.346877,11.560000,12.436007,3.400000,5.000000,1.600000
297,256.665693,57.760000,12.419502,7.600000,9.000000,1.400000
298,255.939042,43.030123,12.399571,6.559735,9.000000,2.440265
299,255.106163,10.240000,12.368386,3.200000,5.000000,8.200000
300,257.204318,876.160000,12.426601,29.600000,19.000000,-10.600000
301,256.942890,179.560000,12.429878,13.400000,-8.000000,5.400000
302,256.226840,43.560000,12.410315,6.600000,-7.000000,-0.400000
303,255.386081,4.840000,12.376167,2.200000,-8.000000,-10.200000
304,254.744522,62.918307,12.361353,7.932106,2.000000,-5.932106
305,253.917827,5.909496,12.328362,2.430945,-10.000000,-7.569055
306,254.085694,304.613476,12.345331,17.453180,7.000000,-10.453180
307,253.247132,0.001606,12.304720,0.040074,4.440074,4.400000
308,253.756319,408.040000,12.330691,20.200000,27.000000,6.800000
309,252.957905,10.240000,12.300754,3.200000,17.000000,13.800000
310,253.166670,316.840000,12.318726,17.800000,15.000000,-2.800000
311,252.371339,9.000000,12.288372,3.000000,9.000000,6.000000
312,252.773900,376.360000,12.311461,19.400000,-13.000000,6.400000
313,252.043369,27.040000,12.288447,5.200000,-10.000000,-4.800000
314,253.693130,763.469146,12.337939,27.630945,-31.000000,-3.369055
315,253.093602,67.240000,12.324634,8.200000,-6.000000,2.200000
316,252.285414,0.939067,12.288237,0.969055,2.000000,1.030945
317,251.508145,9.000000,12.258563,3.000000,-3.000000,0.000000
318,250.763342,17.640000,12.232898,4.200000,-9.000000,-4.800000
319,250.122823,49.000000,12.216286,7.000000,6.000000,-1.000000
320,253.250358,1238.423915,12.288992,35.191248,-39.214853,-4.023605
321,256.595161,1313.552913,12.364556,36.242971,32.000000,-4.242971
322,257.849139,655.360000,12.406177,25.600000,35.000000,9.400000
323,257.090991,16.000000,12.379825,4.000000,17.000000,13.000000
324,256.497707,67.240000,12.366763,8.200000,5.000000,13.200000
325,255.776530,25.000000,12.343814,5.000000,10.000000,15.000000
326,255.331137,112.360000,12.338398,10.600000,-7.000000,3.600000
327,254.791412,81.000000,12.328063,9.000000,-9.000000,0.000000
328,254.449463,144.000000,12.327050,12.000000,14.000000,2.000000
329,253.770050,33.640000,12.306967,5.800000,-9.000000,-14.800000
330,253.168792,57.760000,12.292529,7.600000,0.000000,-7.600000
331,252.436751,13.791299,12.266294,3.713664,5.000000,8.713664
332,252.636464,317.942615,12.283259,17.830945,-8.000000,9.830945
333,252.608268,243.360000,12.293340,15.600000,4.000000,19.600000
334,251.854909,4.000000,12.262148,2.000000,-2.000000,0.000000
335,251.360967,88.360000,12.253501,9.400000,-14.000000,-4.600000
336,250.656988,17.640000,12.229244,4.200000,0.000000,-4.200000
337,250.611000,235.342802,12.238588,15.340887,-15.000000,0.340887
338,250.185960,108.647665,12.233153,10.423419,3.526038,-6.897381
339,249.440649,0.506923,12.198762,0.711985,1.000000,0.288015
340,249.985885,432.640000,12.224361,20.800000,25.000000,4.200000
341,249.947826,237.160000,12.233784,15.400000,20.000000,4.600000
342,250.231886,345.960000,12.252619,18.600000,-26.000000,-7.400000
343,249.932795,148.840000,12.252464,12.200000,-25.000000,-12.800000
344,249.553581,121.000000,12.248780,11.000000,-15.000000,-4.000000
345,248.973775,51.840000,12.233974,7.200000,-3.000000,-10.200000
346,250.073267,625.000000,12.271302,25.000000,-37.000000,-12.000000
347,249.463608,40.960000,12.254184,6.400000,-11.000000,-17.400000
348,248.984458,84.636030,12.245305,9.199784,6.309575,-2.890209
349,248.262764,0.000000,12.209812,0.000216,-14.309575,-14.309791
350,248.137244,204.832922,12.215888,14.311985,14.000000,-0.311985
351,247.423995,0.640000,12.182989,0.800000,16.000000,15.200000
352,247.035880,112.360000,12.178440,10.600000,27.000000,16.400000
353,247.136752,282.240000,12.191683,16.800000,25.000000,8.200000
354,247.397961,338.560000,12.209421,18.400000,-12.000000,6.400000
355,246.978024,100.000000,12.203126,10.000000,0.000000,-10.000000
356,247.040473,268.960000,12.215049,16.400000,8.000000,-8.400000
357,246.487497,51.840000,12.200842,7.200000,-5.000000,2.200000
358,245.899792,38.440000,12.183890,6.200000,-4.000000,2.200000
359,245.220750,4.840000,12.155767,2.200000,-5.000000,-7.200000
360,244.633052,36.000000,12.138475,6.000000,16.000000,10.000000
361,246.175368,795.240000,12.183466,28.200000,14.000000,-14.200000
362,245.498901,4.000000,12.155020,2.000000,-22.000000,-20.000000
363,244.879238,23.040000,12.134533,4.800000,0.000000,-4.800000
364,244.455018,92.160000,12.127492,9.600000,-18.000000,-8.400000
365,243.794566,6.031955,12.100701,2.456004,-5.000000,-2.543996
366,243.192616,25.888699,12.081330,5.088094,-9.783935,-4.695841
367,242.685489,59.105571,12.069227,7.688015,-10.000000,-2.311985
368,242.271958,92.160000,12.062443,9.600000,22.000000,31.600000
369,241.713514,38.440000,12.046382,6.200000,5.000000,11.200000
370,241.274406,81.000000,12.038058,9.000000,10.000000,19.000000
371,240.649728,12.017398,12.014703,3.466612,-1.133388,-4.600000
372,240.142641,54.041947,12.002031,7.351323,3.551323,-3.800000
373,240.346001,315.182365,12.017617,17.753376,-18.753376,-1.000000
374,243.065819,1246.678733,12.080565,35.308338,-23.308338,12.000000
375,243.906405,554.923011,12.111498,23.556804,23.956804,0.400000
376,243.250816,0.027444,12.079386,0.165663,-0.365663,-0.200000
377,242.982062,143.005773,12.079061,11.958502,1.558502,-10.400000
378,242.439994,40.248555,12.063728,6.344175,-0.455825,-6.800000
379,241.882944,33.546342,12.047003,5.791920,-1.808080,-7.600000
380,241.364989,47.131581,12.033221,6.865244,-1.265244,5.600000
381,240.728285,1.327603,12.004359,1.152216,0.387182,-0.765034
382,240.236751,54.928462,11.992209,7.411374,1.642319,-5.769055
383,239.646638,16.583823,11.971312,4.072324,-0.700647,3.371677
384,239.198985,69.538518,11.961753,8.338976,-0.861024,-9.200000
385,238.622805,19.674667,11.941999,4.435613,1.263409,-3.172205
386,238.442915,169.904709,11.944860,13.034750,-1.554273,11.480477
387,237.852674,12.380424,11.922859,3.518583,1.023244,4.541827
388,237.566157,127.830139,11.921253,11.306199,-1.012405,10.293794
389,236.967332,7.018711,11.897170,2.649285,2.451453,-0.197832
390,236.376035,8.726813,11.874002,2.954118,-0.664278,-3.618396
391,235.771308,2.346625,11.847278,1.531870,-1.483122,0.048748
392,235.163973,0.125442,11.817657,0.354178,0.417156,0.062979
393,234.560090,0.253197,11.788571,0.503187,0.444947,-0.058239
394,233.958687,0.013118,11.758637,0.114534,0.118697,0.233231
395,233.363552,1.260739,11.731436,1.122826,0.889506,-0.233320
396,232.768438,0.078902,11.702225,0.280895,0.358332,0.077437
397,232.190369,5.587294,11.678463,2.363746,-2.122540,0.241206
398,231.611186,3.992206,11.653893,1.998050,1.764731,-0.233320
399,231.025883,0.416450,11.626024,0.645329,-0.549442,0.095887
400,230.443999,0.599976,11.598621,0.774581,-0.877572,-0.102991
401,229.864683,0.455537,11.571105,0.674935,-1.036871,-0.361937
402,268.648634,15665.877168,11.856513,125.163402,124.890715,-0.272687
403,268.600993,249.640000,11.866397,15.800000,-3.000000,12.800000
404,267.965591,14.440000,11.846231,3.800000,-7.000000,-10.800000
405,267.319791,9.000000,11.824170,3.000000,0.000000,-3.000000
406,266.783772,51.840000,11.812667,7.200000,-8.000000,-0.800000
407,266.133787,4.840000,11.788815,2.200000,-17.000000,-19.200000
408,265.481377,2.560000,11.763595,1.600000,-7.000000,-5.400000
409,267.920090,1253.160000,11.821956,35.400000,29.000000,-6.400000
410,268.210286,385.740009,11.841213,19.640265,21.000000,1.359735
411,267.561701,4.236086,11.817176,2.058175,-11.000000,-8.941825
412,268.640128,707.560000,11.853409,26.600000,-16.000000,10.600000
413,267.989480,2.524777,11.828312,1.588955,-11.000000,-9.411045
414,267.337408,0.640000,11.801414,0.800000,3.000000,3.800000
415,268.183399,615.040000,11.833040,24.800000,-21.000000,3.800000
416,267.729071,81.000000,11.826164,9.000000,-20.000000,-11.000000
417,267.537404,188.570737,11.830779,13.732106,-12.000000,1.732106
418,266.918407,11.272798,11.810312,3.357499,-3.716920,-7.074418
419,266.514972,99.492792,11.805889,9.974607,-0.283080,-10.257688
420,271.564389,2367.072326,11.894463,48.652568,29.000000,-19.652568
421,274.570537,1525.128095,11.959591,39.052888,30.000000,-9.052888
422,276.153765,936.360000,12.004185,30.600000,40.000000,9.400000
423,275.679508,77.440000,11.996538,8.800000,-5.000000,3.800000
424,275.956557,392.040000,12.015117,19.800000,-18.000000,1.800000
425,277.084356,750.760000,12.051661,27.400000,-29.000000,-1.600000
426,276.792118,153.760000,12.052487,12.400000,13.000000,0.600000
427,277.409688,538.024313,12.078829,23.195351,25.000000,1.804649
428,277.918039,492.950161,12.102706,22.202481,15.000000,-7.202481
429,278.271380,428.088124,12.122912,20.690291,-18.000000,2.690291
430,278.947555,566.321912,12.150317,23.797519,-36.000000,-12.202481
431,278.318263,10.240000,12.129356,3.200000,-9.000000,-5.800000
432,277.717426,21.160000,12.111764,4.600000,-7.000000,-2.400000
433,277.087940,7.667663,12.089986,2.769055,-7.000000,-9.769055
434,276.995084,237.160000,12.097684,15.400000,-21.000000,-5.600000
435,276.403151,21.871890,12.080466,4.676739,-16.000000,-11.323261
436,276.037472,118.429882,12.077693,10.882549,-0.845769,-11.728319
437,275.741139,147.725324,12.077870,12.154231,-10.154231,2.000000
438,275.787450,295.840000,12.089672,17.200000,13.000000,-4.200000
439,275.202099,21.160000,12.072454,4.600000,14.000000,9.400000
440,275.678303,482.826896,12.095162,21.973322,-20.000000,1.973322
441,275.244941,86.299184,12.088743,9.289735,1.000000,-8.289735
442,275.406391,345.960000,12.103609,18.600000,13.000000,-5.600000
443,275.484645,309.760000,12.116129,17.600000,-24.000000,-6.400000
444,275.627610,338.388942,12.130400,18.395351,25.000000,6.604649
445,275.697819,306.589924,12.142598,17.509709,27.000000,9.490291
446,275.140041,29.160000,12.127343,5.400000,8.000000,2.600000
447,274.523382,1.960000,12.103128,1.400000,-13.000000,-11.600000
448,275.312744,625.000000,12.132175,25.000000,-45.000000,-20.000000
449,275.882827,529.000000,12.156597,23.000000,14.000000,-9.000000
450,275.479592,96.040000,12.151313,9.800000,16.000000,6.200000
451,274.902770,17.640000,12.133525,4.200000,-4.000000,-8.200000
452,274.804913,231.063010,12.140371,15.200757,-17.000000,-1.799243
453,276.015051,818.156639,12.177037,28.603438,11.028247,-17.575190
454,275.715977,141.431924,12.176405,11.892515,-26.028247,-14.135732
455,275.107826,1.440000,12.152067,1.200000,5.000000,3.800000
456,274.757234,116.640000,12.149076,10.800000,16.000000,26.800000
457,275.508410,615.040000,12.177003,24.800000,38.000000,13.200000
458,274.901916,0.160000,12.151062,0.400000,12.000000,12.400000
459,274.452813,70.560000,12.142818,8.400000,-16.000000,-7.600000
460,277.905767,1849.000000,12.210488,43.000000,29.000000,-14.000000
461,277.396718,45.270472,12.198492,6.728334,3.000000,-3.728334
462,278.333094,706.256776,12.229882,26.575492,-27.000000,-0.424508
463,281.377618,1675.769740,12.292423,40.936167,43.000000,2.063833
464,282.258188,686.440000,12.322657,26.200000,17.000000,-9.200000
465,283.023950,635.274326,12.350601,25.204649,-35.000000,-9.795351
466,283.440002,475.240000,12.371054,21.800000,6.000000,-15.800000
467,282.850432,10.469211,12.351323,3.235616,-12.000000,-15.235616
468,282.380699,64.894213,12.342065,8.055694,-14.000000,-5.944306
469,281.848688,34.995615,12.328245,5.915709,-11.026381,-5.110672
470,281.337339,43.560000,12.315953,6.600000,5.000000,11.600000
471,280.759657,11.560000,12.296861,3.400000,2.000000,5.400000
472,280.213163,25.000000,12.281269,5.000000,25.000000,20.000000
473,279.974557,168.307093,12.282745,12.973322,5.000000,17.973322
474,279.613900,110.465661,12.278974,10.510265,-3.000000,7.510265
475,279.249879,108.160000,12.274984,10.400000,2.000000,-8.400000
476,278.793841,64.000000,12.265927,8.000000,-16.000000,-8.000000
477,278.567838,171.894509,12.267713,13.110855,18.000000,4.889145
478,278.056209,36.055808,12.254500,6.004649,-10.000000,-3.995351
479,277.603083,62.821205,12.245388,7.925983,-20.000000,-12.074017
480,277.074914,26.194802,12.230414,5.118086,-16.000000,-10.881914
481,276.494265,0.105221,12.205454,0.324377,-1.000000,-0.675623
482,275.957107,19.732660,12.189213,4.442146,-8.103384,-3.661238
483,275.400829,9.500036,12.170200,3.082213,3.000000,6.082213
484,276.392858,751.574934,12.201960,27.414867,-2.000000,25.414867
485,276.057473,115.072661,12.198894,10.727193,10.000000,-0.727193
486,276.518852,498.441972,12.219904,22.325814,-21.000000,1.325814
487,275.953669,3.535476,12.198497,1.880286,-2.262861,-0.382575
488,276.785124,678.377777,12.227107,26.045686,0.000000,26.045686
489,276.227348,6.264147,12.207057,2.502828,3.000000,5.502828
490,275.747622,43.080119,12.195445,6.563545,-7.000000,-0.436455
491,275.183330,0.937737,12.172391,0.968368,26.000000,25.031632
492,274.908687,141.157468,12.171794,11.880971,13.000000,24.880971
493,279.577252,2557.836814,12.250328,50.575061,-48.000000,2.575061
494,279.579309,280.585121,12.259513,16.750675,11.000000,-5.750675
495,279.742935,359.919939,12.273183,18.971556,12.000000,-6.971556
496,279.420287,121.000000,12.270595,11.000000,7.000000,-4.000000
497,279.090104,116.640000,12.267612,10.800000,-23.000000,-12.200000
498,279.258237,362.147910,12.281302,19.030184,-25.242491,-6.212307
499,280.407758,848.271110,12.315329,29.125094,4.000000,33.125094
500,279.886909,22.066760,12.299971,4.697527,4.000000,8.697527
501,280.946614,806.560000,12.332365,28.400000,-22.000000,6.400000
502,280.552684,84.769508,12.326090,9.207036,-15.000000,-5.792964
503,280.011935,10.719188,12.307949,3.274017,4.000000,0.725983
504,279.756469,152.278795,12.308013,12.340129,17.000000,4.659871
505,279.249534,25.781822,12.293581,5.077580,2.000000,7.077580
506,278.732156,19.526020,12.277895,4.418826,-3.000000,-7.418826
507,278.226854,24.565134,12.263339,4.956323,-7.000000,-2.043677
508,277.708411,16.931642,12.247171,4.114808,-2.650682,-6.765490
509,278.657095,756.793962,12.277394,27.509888,31.000000,3.490112
510,278.164018,29.160000,12.263803,5.400000,31.000000,25.600000
511,277.782314,84.640000,12.257760,9.200000,-2.000000,7.200000
512,277.326522,46.240000,12.247016,6.800000,-8.000000,-14.800000
513,277.731923,483.675586,12.266163,21.992626,-27.000000,-5.007374
514,277.433311,125.440000,12.264072,11.200000,3.000000,-8.200000
515,277.330702,225.000000,12.269426,15.000000,-12.000000,3.000000
516,276.837391,24.755744,12.255180,4.975514,3.000000,-1.975514
517,276.455642,81.000000,12.248835,9.000000,0.000000,9.000000
518,276.548141,324.000000,12.260024,18.000000,-15.000000,3.000000
519,277.853531,948.823941,12.296030,30.802986,30.000000,-0.802986
520,277.651643,173.679228,12.297740,13.178742,16.000000,2.821258
521,277.700208,302.760000,12.307609,17.400000,10.000000,-7.400000
522,277.181482,9.000000,12.289641,3.000000,-15.000000,-18.000000
523,276.662519,7.840000,12.271357,2.800000,-21.000000,-23.800000
524,276.141553,5.760000,12.252373,2.400000,-4.000000,-1.600000
525,276.179362,295.840000,12.261870,17.200000,-14.000000,3.200000
526,275.744152,49.000000,12.251789,7.000000,-16.000000,-9.000000
527,275.253538,19.152834,12.236731,4.376395,-1.000000,-5.376395
528,274.758436,15.820297,12.220969,3.977474,-13.000000,-9.022526
529,274.248618,7.103945,12.202768,2.665323,-5.656047,-8.321370
530,273.932861,108.160000,12.199341,10.400000,5.000000,15.400000
531,273.415796,1.440000,12.178469,1.200000,23.000000,21.800000
532,273.902183,530.227883,12.199015,23.026678,20.000000,-3.026678
533,273.394499,5.337322,12.180322,2.310265,-8.000000,-5.689735
534,273.999534,594.063435,12.203328,24.373417,-0.020906,24.352510
535,277.450378,2106.397226,12.266778,45.895503,-50.545038,-4.649535
536,282.677250,3058.146549,12.347668,55.300511,-20.522368,34.778143
537,283.512387,727.805251,12.375117,26.977866,-1.037893,25.939973
538,282.985780,2.304157,12.354785,1.517945,-2.007117,-0.489172
539,282.469781,6.926499,12.336612,2.631824,0.405546,-2.226278
540,281.944686,1.018897,12.315479,1.009404,1.163017,2.172421
541,281.474568,29.491397,12.302658,5.430598,0.082131,5.512729
542,280.955359,2.140041,12.282510,1.462888,-0.594103,0.868785
543,280.435097,0.534211,12.261078,0.730897,-0.121652,0.609245
544,279.915774,0.000357,12.238407,0.018882,-0.407495,-0.426377
545,281.334495,1047.444135,12.275608,32.364242,-0.678876,31.685366
546,295.487117,7952.055236,12.417488,89.174297,113.642592,24.468295
547,295.043789,54.760000,12.408248,7.400000,13.000000,5.600000
548,295.097017,324.000000,12.418527,18.000000,8.000000,-10.000000
549,294.915188,196.000000,12.421428,14.000000,0.000000,-14.000000
550,294.377687,1.440000,12.400876,1.200000,-15.000000,-13.800000
551,294.585479,408.040000,12.415134,20.200000,9.000000,-11.200000
552,294.147842,54.760000,12.405983,7.400000,-15.000000,-7.600000
553,293.979339,201.640000,12.409250,14.200000,15.000000,0.800000
554,293.867133,232.265677,12.414398,15.240265,20.000000,4.759735
555,293.439404,58.188837,12.405711,7.628161,0.000000,-7.628161
556,293.012943,58.032560,12.397038,7.617910,9.000000,1.382090
557,292.879176,219.040000,12.401383,14.800000,-10.000000,4.800000
558,293.002138,361.000000,12.413294,19.000000,-14.000000,5.000000
559,293.618422,635.040000,12.436333,25.200000,-23.000000,2.200000
560,293.413281,179.560000,12.438066,13.400000,-5.000000,-18.400000
561,293.417638,295.840000,12.446615,17.200000,2.000000,-15.200000
562,292.916762,13.928616,12.430998,3.732106,-15.000000,-11.267894
563,292.409793,9.521521,12.414280,3.085696,-10.000000,-13.085696
564,291.913529,14.501933,12.398912,3.808140,-4.088253,-7.896393
565,291.453412,33.787599,12.387172,5.812710,-9.911747,-4.099037
566,291.121861,105.121721,12.383374,10.252888,8.000000,-2.252888
567,290.656564,29.160000,12.370970,5.400000,10.000000,15.400000
568,290.508875,207.360000,12.374568,14.400000,22.000000,7.600000
569,290.224718,129.960000,12.372843,11.400000,-11.000000,0.400000
570,289.718833,3.894001,12.354469,1.973322,1.000000,2.973322
571,289.208755,0.504476,12.333933,0.710265,2.000000,2.710265
572,289.117372,237.303208,12.339339,15.404649,-8.000000,7.404649
573,294.359914,3272.123829,12.418185,57.202481,49.000000,-8.202481
574,293.865104,12.318060,12.402556,3.509709,-1.000000,-4.509709
575,293.502051,86.561672,12.397129,9.303853,14.000000,4.696147
576,293.022378,19.129442,12.383102,4.373722,-14.000000,-9.626278
577,292.518885,4.520875,12.365202,2.126235,1.000000,-1.126235
578,292.060508,29.410177,12.353107,5.423115,-12.000000,-6.576885
579,291.559891,4.205795,12.335190,2.050803,-5.000000,-2.949197
580,292.580569,879.470662,12.365261,29.655871,-21.655871,8.000000
581,294.644534,1483.488434,12.410583,38.516080,-8.302254,30.213826
582,294.481981,200.688444,12.413621,14.166455,18.795017,4.628563
583,294.953158,567.293927,12.433317,23.817933,0.146323,23.964256
584,294.523246,45.603777,12.423524,6.753057,0.424863,-6.328194
585,295.122458,642.665626,12.445774,25.350851,-1.252353,24.098498
586,294.729825,66.610135,12.438413,8.161503,-0.385511,7.775993
587,295.240732,592.588599,12.458833,24.343143,-0.076024,24.267119
588,294.742034,4.001189,12.440924,2.000297,-0.181511,1.818786
589,295.391750,674.825584,12.464063,25.977405,-0.635115,25.342290
590,295.921097,605.589419,12.484788,24.608726,0.279696,24.888422
591,296.316304,527.907319,12.502661,22.976234,1.336927,24.313161
592,295.818572,3.649798,12.484647,1.910444,-1.672097,0.238347
593,296.302728,580.986945,12.504374,24.103671,0.586344,24.690015
594,296.676511,516.834523,12.521712,22.733995,2.011725,24.745720
595,297.085480,538.376821,12.539785,23.202949,0.985793,24.188742
596,297.598286,600.667024,12.560003,24.508509,0.151048,24.659557
597,298.321509,726.469208,12.584274,26.953093,-2.251580,24.701513
598,297.824894,3.332491,12.566162,1.825511,1.553139,-0.272372
599,297.327388,1.808925,12.547303,1.344963,-1.553907,-0.208944
600,296.837105,5.118604,12.530046,2.262433,2.039332,-0.223101
601,296.340551,0.394062,12.510109,0.627744,0.404642,-0.223101
602,295.845491,0.295075,12.490098,0.543208,-0.388652,0.154555
603,295.356073,2.683952,12.471981,1.638277,-1.119426,0.518851
604,294.865012,0.719421,12.452608,0.848187,0.498154,-0.350033
605,294.377567,1.910701,12.434189,1.382281,1.258679,-0.123602
606,293.888582,0.008390,12.413686,0.091596,0.549213,0.457617
607,293.401290,0.051435,12.393475,0.226793,-0.067200,0.159593
608,292.919806,2.584876,12.375618,1.607755,1.585547,-0.022208
609,292.437238,0.966568,12.356788,0.983142,-1.199762,-0.216620
610,291.956895,1.348911,12.338314,1.161426,1.015636,-0.145791
611,291.481364,3.309819,12.320984,1.819291,-1.198169,0.621122
612,291.002456,0.305171,12.301628,0.552422,0.579549,0.027127
613,290.529532,2.991779,12.284268,1.729676,2.351116,0.621440
614,290.054135,0.537783,12.265332,0.733337,-1.858111,-1.124774
615,289.594710,9.345031,12.250261,3.056964,-1.467961,1.589003
616,289.122604,0.665696,12.231578,0.815902,0.354309,-0.461593
617,288.651235,0.173419,12.212303,0.416436,-0.182334,0.234101
618,288.181395,0.169556,12.193084,0.411772,0.285909,-0.125863
619,287.713097,0.178566,12.173945,0.422571,-0.376049,0.046523
620,287.256879,6.682422,12.158379,2.585038,-1.718621,0.866417
621,286.792467,0.714595,12.140043,0.845337,0.455046,-0.390291
622,286.328542,0.087065,12.120877,0.295068,-0.084452,0.210615
623,285.867322,0.833577,12.102770,0.913005,0.383094,-0.529910
624,285.412952,4.157956,12.086539,2.039107,-1.309652,0.729454
625,284.967094,8.535087,12.071780,2.921487,3.271617,0.350130
626,284.526489,10.910327,12.057682,3.303078,-3.389595,-0.086516
627,284.072869,1.921305,12.040553,1.386111,1.617798,0.231687
628,283.617640,0.010412,12.021421,0.102041,-0.662587,-0.560546
629,283.164435,0.364475,12.003153,0.603718,0.624789,1.228507
630,282.712108,0.007541,11.984117,0.086839,-1.247855,-1.161016
631,282.263364,1.349517,11.966856,1.161687,2.299161,1.137474
632,281.814748,0.532795,11.948963,0.729928,-1.145120,-0.415192
633,281.369943,2.031879,11.932233,1.425440,-1.219856,0.205584
634,280.925575,1.418626,11.915183,1.191061,0.786797,-0.404264
635,280.481547,0.743420,11.897666,0.862218,0.213591,-0.648627
636,280.038467,0.455020,11.879908,0.674552,-0.096557,0.577995
637,279.597371,0.825201,11.862576,0.908406,0.293055,-0.615350
638,279.158733,1.500393,11.845797,1.224905,-1.300680,-0.075775
639,278.719185,0.045942,11.827480,0.214340,0.470809,0.685149
640,278.281401,0.288477,11.809728,0.537101,-0.233220,-0.770321
641,277.846820,1.453563,11.793081,1.205638,1.052894,-0.152744
642,277.412228,0.576816,11.775787,0.759484,1.017475,0.257992
643,276.978407,0.200778,11.758060,0.448083,-0.864801,-0.416718
644,276.545780,0.096816,11.740174,0.311153,0.421919,0.733072
645,276.119598,3.363176,11.724719,1.833896,0.752782,-1.081114
646,275.701289,7.565278,11.710741,2.750505,-1.835504,0.915001
647,275.272803,0.184715,11.693197,0.429785,-0.276767,-0.706553
648,274.846388,0.662002,11.676303,0.813635,1.205327,0.391692
649,274.431723,7.387119,11.662414,2.717925,-2.003176,0.714750
650,274.021005,9.108292,11.649032,3.017995,1.640703,-1.377291
651,273.601379,2.522967,11.633483,1.588385,-1.239588,0.348796
652,273.184238,3.293783,11.618331,1.814878,1.285134,-0.529745
653,272.765194,1.224482,11.602134,1.106563,0.000712,-1.105851
654,272.345743,0.122487,11.584823,0.349982,0.325241,-0.024741
655,271.927651,0.167522,11.567656,0.409294,-0.331390,-0.740684
656,271.514616,2.629131,11.552401,1.621459,-1.768386,-0.146927
657,271.099636,0.532571,11.535827,0.729775,-0.172111,-0.901886
658,270.685697,0.383624,11.519136,0.619374,-1.325024,-0.705650
659,270.396358,81.168757,11.515304,9.009371,8.000000,-1.009371
660,271.205543,801.221430,11.540899,28.305855,28.000000,-0.305855
661,272.048325,824.913109,11.567049,28.721301,28.000000,-0.721301
662,271.709801,49.299661,11.560141,7.021372,19.000000,11.978628
663,271.301995,2.965478,11.545212,1.722056,0.000000,-1.722056
664,272.054625,768.038140,11.569709,27.713501,27.000000,-0.713501
665,272.681067,686.132372,11.591834,26.194129,-27.000000,-0.805871
666,272.321381,34.569559,11.583205,5.879588,-6.000000,-0.120412
667,272.250994,225.654531,11.588392,15.021802,11.000000,-4.021802
668,271.955785,76.232415,11.584088,8.731118,-10.000000,-1.268882
669,272.336687,525.255041,11.601133,22.918443,-9.000000,13.918443
670,272.028730,67.237941,11.596026,8.199874,-3.000000,5.199874
671,271.768151,98.222281,11.593499,9.910715,-15.000000,-5.089285
672,271.546796,123.903037,11.592807,11.131174,10.000000,-1.131174
673,271.220141,53.014818,11.586362,7.281128,-1.000000,-8.281128
674,271.004321,126.620382,11.585864,11.252572,6.000000,-5.252572
675,271.124881,351.900212,11.596554,18.759003,-13.000000,5.759003
676,270.794949,49.410561,11.589757,7.029265,-13.000000,-5.970735
677,270.738599,232.871347,11.595211,15.260123,5.644085,-9.616038
678,270.346652,6.566180,11.581809,2.562456,5.000000,2.437544
679,269.998110,35.080719,11.573426,5.922898,9.000000,14.922898
680,269.607934,6.239684,11.560000,2.497936,13.000000,10.502064
681,269.244237,23.384450,11.550068,4.835747,2.000000,-2.835747
682,269.052490,139.240000,11.550437,11.800000,7.000000,-4.800000
683,268.696065,27.040000,11.541084,5.200000,-9.000000,-14.200000
684,269.308209,684.953807,11.562600,26.171622,21.000000,-5.171622
685,269.065524,104.040000,11.560599,10.200000,6.000000,-4.200000
686,268.768304,66.361059,11.555592,8.146230,-8.000000,0.146230
687,270.577688,1504.577742,11.595465,38.788887,-47.000000,-8.211113
688,270.575323,268.960000,11.602490,16.400000,-25.000000,-8.600000
689,270.685373,345.960000,11.612705,18.600000,15.000000,-3.600000
690,270.618777,225.000000,11.617643,15.000000,6.000000,-9.000000
691,270.294856,48.085490,11.610826,6.934370,-2.484659,-9.419029
692,269.935474,23.040000,11.600926,4.800000,-13.000000,-8.200000
693,269.595945,36.000000,11.592797,6.000000,17.000000,11.000000
694,269.284589,54.760000,11.586721,7.400000,13.000000,20.400000
695,268.957925,43.560000,11.579504,6.600000,-5.000000,1.600000
696,268.627902,40.582020,11.571976,6.370402,8.000000,1.629598
697,268.254188,9.643720,11.559759,3.105434,2.000000,-1.105434
698,267.888461,14.440000,11.548578,3.800000,-6.000000,-2.200000
699,267.557877,38.132378,11.540846,6.175142,-8.000000,-1.824858
700,267.209374,25.000000,11.531449,5.000000,15.000000,10.000000
701,267.111898,199.268551,11.535157,14.116251,15.000000,0.883749
702,266.890190,112.360000,11.533817,10.600000,1.000000,-9.600000
703,266.557882,34.606526,11.525733,5.882731,-11.000000,-16.882731
704,266.177312,0.158849,11.509837,0.398559,3.000000,2.601441
705,265.984817,131.238542,11.509760,11.455939,-14.000000,-2.544061
706,265.607217,0.909363,11.494723,0.953605,-3.466372,-2.512767
707,265.259159,20.922598,11.484878,4.574123,-4.533628,0.040495
708,265.741919,605.121921,11.503507,24.599226,27.000000,2.400774
709,265.986956,438.493197,11.516892,20.940229,28.000000,7.059771
710,265.640176,21.160000,11.507095,4.600000,19.000000,23.600000
711,266.220600,676.000000,11.527594,26.000000,-2.000000,24.000000
712,265.878192,23.795687,11.518202,4.878082,-5.000000,-9.878082
713,265.503338,0.106794,11.502417,0.326793,-1.000000,-1.326793
714,265.161619,22.883362,11.492954,4.783656,2.000000,-2.783656
715,264.845513,40.409648,11.485730,6.356858,-5.000000,1.356858
716,264.477354,2.716344,11.471913,1.648133,-8.000000,-9.648133
717,264.365193,184.506803,11.474875,13.583328,-14.000000,-0.416672
718,264.409491,295.994089,11.482899,17.204479,-24.000000,-6.795521
719,264.039688,-0.000000,11.466839,0.000000,-12.000000,-12.000000
720,263.677940,5.028597,11.453956,2.242453,-7.000000,-9.242453
721,263.319025,6.335675,11.441492,2.517077,-11.343982,-8.826905
722,263.024486,51.840000,11.435585,7.200000,19.000000,11.800000
723,264.795857,1536.640000,11.474200,39.200000,46.000000,6.800000
724,264.452585,17.640000,11.464097,4.200000,7.000000,11.200000
725,267.020612,2116.000000,11.511997,46.000000,-35.000000,11.000000
726,266.899475,179.560000,11.514612,13.400000,5.000000,-8.400000
727,266.858342,237.160000,11.519986,15.400000,-18.000000,-2.600000
728,266.656880,121.000000,11.519268,11.000000,6.000000,-5.000000
729,266.706677,302.760000,11.527379,17.400000,20.000000,2.600000
730,266.528585,137.411603,11.527647,11.722270,-12.000000,-0.277730
731,266.208243,33.640000,11.519769,5.800000,15.000000,9.200000
732,266.523473,495.695709,11.534528,22.264225,-11.000000,11.264225
733,266.416407,188.472220,11.537537,13.728518,14.000000,27.728518
734,266.060713,6.760000,11.525294,2.600000,4.000000,1.400000
735,265.697194,0.328699,11.510312,0.573322,-15.000000,-14.426678
736,265.413127,57.760000,11.504970,7.600000,-22.000000,-14.400000
737,265.383041,243.360000,11.510557,15.600000,8.000000,-7.600000
738,265.525338,369.829263,11.521075,19.230945,-25.000000,-5.769055
739,265.164569,0.360000,11.506216,0.600000,-9.000000,-9.600000
740,264.816178,8.748970,11.494602,2.957866,-10.000000,-7.042134
741,264.495849,28.733702,11.486278,5.360383,-6.435433,-11.795816
742,264.657135,383.524642,11.497251,19.583785,-17.564567,2.019218
743,264.579602,207.360000,11.501179,14.400000,-1.000000,13.400000
744,264.534278,231.040000,11.506177,15.200000,-4.000000,11.200000
745,266.766270,1918.440000,11.549758,43.800000,46.000000,2.200000
746,266.536180,96.040000,11.547400,9.800000,9.000000,-0.800000
747,266.198985,16.000000,11.537242,4.000000,-16.000000,-12.000000
748,266.168287,243.360000,11.542703,15.600000,-18.000000,-2.400000
749,265.811882,0.646707,11.528289,0.804181,-13.000000,-13.804181
750,265.741304,213.160000,11.532406,14.600000,19.000000,4.400000
751,266.106094,538.240000,11.548026,23.200000,7.000000,-16.200000
752,266.067396,237.160000,11.553175,15.400000,-33.000000,-17.600000
753,265.766852,40.960000,11.546295,6.400000,-4.000000,-10.400000
754,265.644817,174.240000,11.548500,13.200000,-3.000000,-16.200000
755,265.810998,390.447128,11.559434,19.759735,-28.000000,-8.240265
756,265.457708,0.136857,11.544554,0.369941,-7.000000,-7.369941
757,265.112286,5.354904,11.532296,2.314067,-7.913502,-5.599435
758,265.065345,229.718656,11.537103,15.156472,-2.086498,-17.242971
759,264.941115,171.271837,11.539156,13.087087,13.000000,-0.087087
760,264.632145,31.360000,11.531300,5.600000,11.000000,16.600000
761,264.286845,3.240000,11.518445,1.800000,27.000000,28.800000
762,263.941559,2.560000,11.505359,1.600000,10.000000,8.400000
763,263.952952,272.588836,11.511954,16.510265,-27.000000,-10.489735
764,263.659540,40.960000,11.505227,6.400000,-2.000000,-8.400000
765,263.360382,36.000000,11.497993,6.000000,-7.000000,-1.000000
766,263.633244,471.281012,11.511393,21.709008,16.000000,-5.709008
767,263.516083,174.240000,11.513607,13.200000,-2.000000,11.200000
768,263.171377,0.160000,11.499060,0.400000,7.000000,6.600000
769,262.963362,104.040000,11.497362,10.200000,2.000000,12.200000
770,262.861530,184.960000,11.500107,13.600000,-24.000000,-10.400000
771,262.619781,77.440000,11.496586,8.800000,-10.000000,-18.800000
772,262.279130,1.000000,11.482919,1.000000,-10.000000,-11.000000
773,261.954288,12.475773,11.472580,3.532106,-12.000000,-8.467894
774,261.724010,84.640000,11.469628,9.200000,-9.000000,-18.200000
775,261.441015,43.534807,11.463310,6.598091,-2.000000,-8.598091
776,261.104480,1.636053,11.450118,1.279083,-8.045626,-9.324709
777,260.770008,2.557573,11.437374,1.599241,-9.954374,-8.355133
778,260.440537,5.760000,11.425698,2.400000,10.000000,12.400000
779,260.209001,81.000000,11.422568,9.000000,24.000000,15.000000
780,260.200055,253.266508,11.428356,15.914349,21.000000,5.085651
781,259.881856,12.960000,11.418281,3.600000,14.000000,10.400000
782,259.549669,1.440000,11.405147,1.200000,-1.000000,0.200000
783,259.217769,1.000000,11.391790,1.000000,-7.000000,-6.000000
784,258.885648,0.163362,11.377704,0.404181,-1.000000,-1.404181
785,259.873729,1030.576507,11.404240,32.102593,27.000000,-5.102593
786,259.702165,125.710739,11.403994,11.212080,12.000000,0.787920
787,259.571875,157.685280,11.405467,12.557280,13.000000,0.442720
788,259.804541,441.981799,11.417735,21.023363,-23.000000,-1.976637
789,259.953019,376.360000,11.427903,19.400000,2.000000,-17.400000
790,259.773598,118.928046,11.427239,10.905414,3.209845,-7.695569
791,260.212463,605.160000,11.443977,24.600000,-10.000000,14.600000
792,260.714850,656.094010,11.461959,25.614332,32.000000,6.385668
793,260.389483,4.000000,11.449967,2.000000,13.000000,11.000000
794,260.075905,12.662456,11.439978,3.558434,0.000000,-3.558434
795,260.035848,228.391037,11.444621,15.112612,14.000000,-1.112612
796,259.984085,219.040000,11.448857,14.800000,-19.000000,-4.200000
797,259.963122,243.360000,11.454092,15.600000,-12.000000,-27.600000
798,260.526846,707.560000,11.473167,26.600000,14.000000,-12.600000
799,260.853026,519.840000,11.487415,22.800000,-30.000000,-7.200000
800,260.758395,185.526849,11.490095,13.620824,4.367048,-9.253776
801,260.875099,353.771634,11.499278,18.808818,-24.367048,-5.558231
802,260.548840,0.520373,11.485772,0.721369,2.000000,1.278631
803,260.291282,54.760000,11.480658,7.400000,8.000000,15.400000
804,260.361968,316.840000,11.488557,17.800000,1.000000,18.800000
805,260.037371,0.360000,11.474964,0.600000,22.000000,21.400000
806,259.735130,17.640000,11.465893,4.200000,2.000000,-2.200000
807,259.556794,116.531391,11.465057,10.794971,-7.000000,3.794971
808,259.289634,44.759988,11.459118,6.690291,-4.000000,2.690291
809,259.192765,181.310019,11.461610,13.465141,11.000000,24.465141
810,260.105812,995.108643,11.486528,31.545343,39.000000,7.454657
811,259.997852,172.981889,11.488592,13.152258,9.000000,22.152258
812,261.171818,1208.562389,11.517399,34.764384,-42.000000,-7.235616
813,261.010764,130.879663,11.517304,11.440265,-13.000000,-1.559735
814,260.711560,18.655088,11.508417,4.319154,-0.137573,-4.456727
815,260.390227,0.110457,11.494636,0.332351,-5.862427,-6.194778
816,260.905432,678.736521,11.512565,26.052572,24.000000,-2.052572
817,260.634896,40.960000,11.506276,6.400000,23.000000,16.600000
818,260.327286,10.240000,11.496072,3.200000,21.000000,17.800000
819,260.033829,21.160000,11.487611,4.600000,0.000000,-4.600000
820,259.715304,0.117558,11.473953,0.342868,2.000000,2.342868
821,259.461157,52.076806,11.468742,7.216426,-9.000000,-1.783574
822,259.146649,2.193892,11.456532,1.481179,-6.000000,-4.518821
823,258.830294,0.052218,11.442823,0.228512,-6.000000,-6.228512
824,259.284085,630.939093,11.459500,25.118501,-21.000000,4.118501
825,259.033339,53.421593,11.454445,7.309008,5.000000,-2.309008
826,260.918548,1808.674885,11.492248,42.528518,-10.000000,32.528518
827,260.727930,104.040000,11.490678,10.200000,-7.000000,-17.200000
828,261.134037,595.360000,11.506344,24.400000,13.000000,-11.400000
829,261.035159,179.560000,11.508640,13.400000,-2.000000,-15.400000
830,260.799500,66.380579,11.504570,8.147428,-12.000000,-3.852572
831,260.699170,177.826151,11.506784,13.335147,-21.000000,-7.664853
832,260.505127,100.031882,11.504966,10.001594,4.317207,-5.684387
833,260.784593,492.182513,11.517849,22.185187,19.000000,-3.185187
834,260.472756,1.960000,11.505659,1.400000,4.000000,2.600000
835,261.798743,1362.367630,11.536230,36.910265,-39.000000,-2.089735
836,262.808889,1102.240000,11.562268,33.200000,22.000000,-11.200000
837,262.638650,121.000000,11.561593,11.000000,12.000000,1.000000
838,262.379179,46.240000,11.555884,6.800000,1.000000,-5.800000
839,262.066150,1.000000,11.543242,1.000000,5.000000,4.000000
840,262.014683,219.040000,11.547138,14.800000,-8.000000,6.800000
841,261.729170,23.040000,11.539077,4.800000,5.000000,9.800000
842,261.526820,92.160000,11.536763,9.600000,7.000000,-2.600000
843,261.276895,51.840000,11.531594,7.200000,-22.000000,-29.200000
844,261.137280,144.000000,11.532152,12.000000,8.000000,-4.000000
845,261.238139,345.960000,11.540556,18.600000,-20.000000,-1.400000
846,261.037334,92.160000,11.538251,9.600000,-19.000000,-9.400000
847,260.809671,69.117006,11.534426,8.313664,6.000000,-2.313664
848,260.533481,27.705438,11.526996,5.263595,-17.566399,-12.302803
849,261.831114,1357.033382,11.556950,36.837934,30.566399,-6.271535
850,261.675238,129.960000,11.556764,11.400000,13.000000,1.600000
851,262.443083,912.040000,11.578775,30.200000,27.000000,-3.200000
852,262.260782,107.851855,11.577368,10.385175,-4.985175,5.400000
853,262.955144,851.774427,11.598107,29.185175,21.985175,-7.200000
854,262.645821,0.030041,11.584666,0.173322,-1.000000,-0.826678
855,262.353365,13.766063,11.575413,3.710265,-3.000000,0.710265
856,262.576137,452.155557,11.586784,21.263950,5.000000,-16.263950
857,262.727912,392.040000,11.596413,19.800000,31.000000,11.200000
858,263.211837,676.000000,11.613279,26.000000,12.000000,-14.000000
859,263.888127,841.439612,11.633623,29.007579,10.000000,-19.007579
860,263.909622,282.287826,11.639660,16.801423,16.000000,-0.801423
861,263.646537,38.446075,11.633314,6.200490,-7.000000,-0.799510
862,263.482445,122.855133,11.632674,11.084003,-18.000000,-6.915997
863,263.843277,573.436914,11.647009,23.946543,-28.000000,-4.053457
864,263.930322,338.702221,11.654865,18.403864,8.464288,-9.939576
865,264.849736,1055.546006,11.679063,32.489168,28.000000,-4.489168
866,266.126056,1365.037827,11.708376,36.946418,42.000000,5.053582
867,265.973605,134.560000,11.708250,11.600000,-14.000000,-2.400000
868,267.067431,1211.040000,11.734977,34.800000,-44.000000,-9.200000
869,268.996833,1936.000000,11.772277,44.000000,46.000000,2.000000
870,269.027830,295.840000,11.778545,17.200000,7.000000,-10.200000
871,269.900011,1025.208540,11.801890,32.018878,-30.000000,2.018878
872,269.621487,28.141109,11.794405,5.304819,1.000000,-4.304819
873,269.319824,7.477050,11.783979,2.734419,-5.000000,-7.734419
874,269.728652,625.000000,11.799170,25.000000,16.000000,-9.000000
875,269.489693,61.594976,11.794634,7.848247,-11.000000,-18.848247
876,269.638531,399.276844,11.804023,19.981913,17.087120,-2.894792
877,269.578360,217.109447,11.807380,14.734634,7.000000,-7.734634
878,269.507172,207.360000,11.810346,14.400000,24.000000,9.600000
879,269.202867,3.240000,11.798906,1.800000,-13.000000,-11.200000
880,268.942316,40.960000,11.792743,6.400000,-6.000000,0.400000
881,268.821250,162.767357,11.793844,12.758031,12.000000,-0.758031
882,268.515125,0.043449,11.780648,0.208445,-5.000000,-4.791555
883,268.890514,598.482725,11.795078,24.463907,14.593168,-9.870738
884,270.180798,1404.340398,11.824259,37.474530,-34.095207,3.379323
885,269.874123,0.000101,11.810849,0.010036,2.290139,2.300175
886,269.582527,12.685822,11.801496,3.561716,-1.064962,-4.626678
887,269.277548,0.285958,11.788736,0.534750,-0.791473,-0.256723
888,268.993586,18.255728,11.780234,4.272672,0.747146,-3.525526
889,268.728312,34.226288,11.773534,5.850324,-1.030704,4.819620
890,268.425865,0.759723,11.761229,0.871621,0.070181,-0.801440
891,268.123243,0.000213,11.747986,0.014578,0.024809,0.039387
892,267.825080,3.354557,11.736819,1.831545,0.816781,-1.014764
893,267.525553,1.545923,11.725015,1.243352,-0.725132,0.518219
894,267.225004,0.036406,11.712055,0.190803,0.465132,0.274330
895,266.931200,5.445592,11.701529,2.333579,-2.254210,0.079369
896,266.632027,0.069404,11.688706,0.263447,-0.443928,-0.707375
897,266.333655,0.185965,11.676100,0.431237,0.179862,-0.251375
898,266.037058,1.175671,11.664252,1.084284,-1.495379,-0.411095
899,265.744160,3.893078,11.653424,1.973089,1.884983,-0.088105
900,265.459747,10.910229,11.644105,3.303064,2.906115,-0.396949
901,265.167896,3.669567,11.633259,1.915611,-1.815448,0.100163
902,264.872950,0.306688,11.620921,0.553794,0.826854,0.273060
903,264.578388,0.061532,11.608271,0.248057,-0.235272,-0.483328
904,264.992233,637.038746,11.623417,25.239627,-0.401314,24.838312
905,265.436034,664.857068,11.639134,25.784822,-0.946510,24.838312
906,265.788891,583.712395,11.653015,24.160141,0.707797,24.867938
907,275.147730,8716.820992,11.743504,93.363917,117.659981,24.296064
908,275.428540,529.000000,11.755955,23.000000,-10.000000,13.000000
909,275.156420,29.160000,11.748932,5.400000,-12.000000,-6.600000
910,274.884901,29.160000,11.741925,5.400000,-2.000000,3.400000
911,274.857068,249.640000,11.746399,15.800000,11.000000,-4.800000
912,274.560705,5.760000,11.736105,2.400000,-2.000000,-4.400000
913,274.269923,10.240000,11.726715,3.200000,7.000000,3.800000
914,274.126769,144.000000,11.727015,12.000000,-12.000000,0.000000
915,273.826496,0.577197,11.714976,0.759735,7.000000,7.759735
916,274.211554,625.000000,11.729543,25.000000,20.000000,-5.000000
917,273.996032,77.440000,11.726335,8.800000,-13.000000,-4.200000
918,273.738312,38.440000,11.720288,6.200000,-13.000000,-6.800000
919,273.439538,0.360000,11.708135,0.600000,-9.000000,-9.600000
920,273.158411,15.927081,11.699710,3.990875,-8.000000,-11.990875
921,273.341444,441.000000,11.709852,21.000000,-25.000000,-4.000000
922,273.047971,3.932803,11.699257,1.983130,-10.000000,-8.016870
923,272.754944,3.755813,11.688635,1.937992,-5.530397,-3.592405
924,272.624498,152.744967,11.689364,12.359003,-5.000000,7.359003
925,272.369833,38.077975,11.683372,6.170735,16.000000,9.829265
926,272.762431,634.345198,11.698017,25.186210,31.000000,5.813790
927,273.797938,1228.535489,11.723317,35.050471,33.000000,-2.050471
928,276.134464,2432.748255,11.764010,49.322898,-44.000000,5.322898
929,276.348997,474.577303,11.774843,21.784795,-23.000000,-1.215205
930,276.179081,119.006448,11.773908,10.909008,5.000000,-5.909008
931,276.304066,392.040000,11.782566,19.800000,-31.000000,-11.200000
932,276.007876,1.440000,11.771162,1.200000,-14.000000,-15.200000
933,275.711161,0.360000,11.759137,0.600000,-12.000000,-12.600000
934,275.450028,32.857040,11.752657,5.732106,-21.000000,-15.267894
935,275.196987,39.869066,11.746815,6.314196,-2.000000,-8.314196
936,274.998120,89.853383,11.744382,9.479102,-6.294579,-15.773682
937,274.705100,1.609829,11.733154,1.268791,10.000000,11.268791
938,274.957835,510.760000,11.744789,22.600000,-13.000000,9.600000
939,275.263980,561.203565,11.757564,23.689735,17.000000,-6.689735
940,275.210280,225.000000,11.761028,15.000000,14.000000,-1.000000
941,275.889846,911.964061,11.780706,30.198743,9.000000,-21.198743
942,275.596984,1.185632,11.769307,1.088867,-10.000000,-8.911133
943,275.485710,171.110689,11.770704,13.080928,-21.000000,-7.919072
944,275.312134,112.323632,11.769457,10.598284,8.465844,-2.132441
945,275.700932,641.171706,11.783858,25.321369,24.000000,-1.321369
946,275.454498,43.560000,11.778355,6.600000,21.000000,14.400000
947,276.742415,1489.960000,11.806798,38.600000,-17.000000,21.600000
948,276.975561,496.832306,11.817903,22.289735,3.000000,-19.289735
949,277.158063,449.440000,11.827831,21.200000,-32.000000,-10.800000
950,276.975063,104.040000,11.826110,10.200000,7.000000,-3.200000
951,276.788183,100.000000,11.824182,10.000000,-5.000000,5.000000
952,276.830432,316.840000,11.830486,17.800000,-15.000000,2.800000
953,276.565068,25.000000,11.823288,5.000000,-10.000000,-5.000000
954,276.280168,5.909496,11.813401,2.430945,-16.000000,-13.569055
955,276.053627,60.840000,11.809181,7.800000,-3.000000,-10.800000
956,275.798732,33.393748,11.802847,5.778732,-2.864536,-8.643268
957,275.521309,11.414598,11.794007,3.378550,-1.135464,2.243086
958,275.535963,289.501329,11.799479,17.014739,-7.000000,10.014739
959,276.171814,882.773383,11.818236,29.711503,-18.511503,11.200000
960,276.268538,368.640000,11.825957,19.200000,-12.000000,7.200000
961,276.003931,23.040000,11.818615,4.800000,-4.000000,0.800000
962,275.777872,59.439619,11.814326,7.709709,17.000000,9.290291
963,276.263154,741.162396,11.830395,27.224298,-4.000000,23.224298
964,276.380395,388.814791,11.838612,19.718387,18.000000,-1.718387
965,276.467834,360.409428,11.846048,18.984452,-29.000000,-10.015548
966,276.188435,7.685729,11.836615,2.772315,4.000000,1.227685
967,275.994759,89.678316,11.834158,9.469864,-22.000000,-12.530136
968,275.709030,0.552651,11.822653,0.743405,-2.154885,-1.411480
969,275.477042,51.840000,11.817863,7.200000,-14.000000,-6.800000
970,275.205285,12.960000,11.809355,3.600000,19.000000,22.600000
971,274.950843,29.160000,11.802727,5.400000,9.000000,14.400000
972,274.806451,135.179633,11.802545,11.626678,10.000000,-1.626678
973,275.248259,702.918462,11.817726,26.512609,-34.000000,-7.487391
974,275.012168,46.240000,11.812553,6.800000,1.000000,-5.800000
975,274.732264,3.224965,11.802237,1.795819,-7.000000,-5.204181
976,274.668792,213.037925,11.805111,14.595819,-12.000000,2.595819
977,274.436861,49.000000,11.800173,7.000000,6.000000,-1.000000
978,274.211320,54.760000,11.795655,7.400000,-17.000000,-9.600000
979,274.036786,104.040000,11.794019,10.200000,-7.000000,-17.200000
980,274.653715,876.160000,11.812263,29.600000,-34.000000,-4.400000
981,274.484257,109.092669,11.810863,10.444744,6.698105,-3.746638
982,274.204130,0.520373,11.799524,0.721369,2.000000,1.278631
983,273.924698,0.640000,11.788288,0.800000,2.000000,1.200000
984,273.717183,70.560000,11.784831,8.400000,11.000000,19.400000
985,273.996329,547.560000,11.796671,23.400000,16.000000,-7.400000
986,273.719918,2.560000,11.786288,1.600000,-10.000000,-8.400000
987,273.564557,121.000000,11.785488,11.000000,-23.000000,-12.000000
988,273.299715,12.960000,11.777169,3.600000,-4.000000,-0.400000
989,273.030432,8.056424,11.768094,2.838384,-18.000000,-15.161616
990,272.906870,151.198314,11.768630,12.296272,7.377217,-4.919056
991,272.664452,33.640000,11.762583,5.800000,27.000000,21.200000
992,272.466856,77.440000,11.759584,8.800000,11.000000,19.800000
993,272.309296,116.640000,11.758614,10.800000,4.000000,-6.800000
994,272.080943,46.240000,11.753605,6.800000,5.000000,-1.800000
995,271.808369,1.960000,11.743157,1.400000,-2.000000,-3.400000
996,271.552151,17.640000,11.735553,4.200000,-4.000000,0.200000
997,271.281474,2.769644,11.725411,1.664225,10.000000,11.664225
998,271.369006,358.288812,11.732658,18.928518,4.000000,22.928518
999,271.098847,2.560000,11.722474,1.600000,-15.000000,-16.600000
1000,270.827020,0.360000,11.711307,0.600000,-6.000000,-6.600000
1001,270.569706,14.284657,11.703351,3.779505,-9.000000,-5.220495
1002,271.057538,757.425618,11.719201,27.521367,-25.661373,1.859994
1003,272.932258,2143.903032,11.753819,46.302301,45.000000,-1.302301
1004,272.718458,59.132031,11.749755,7.689735,4.000000,-3.689735
1005,272.929528,484.000000,11.759995,22.000000,20.000000,-2.000000
1006,272.836345,179.560000,11.761631,13.400000,-20.000000,-6.600000
1007,272.581912,17.640000,11.754092,4.200000,2.000000,-2.200000
1008,272.341651,31.360000,11.747963,5.600000,-27.000000,-21.400000
1009,272.101868,31.360000,11.741845,5.600000,-13.000000,-18.600000
1010,272.261449,432.640000,11.750850,20.800000,21.000000,0.200000
1011,271.997793,6.760000,11.741762,2.600000,-12.000000,-14.600000
1012,271.728166,0.214065,11.730573,0.462672,-3.000000,-2.537328
1013,271.584872,127.143563,11.730122,11.275795,-6.904603,-18.180398
1014,271.320989,5.063443,11.720736,2.250209,-6.095397,-3.845188
1015,271.409692,361.000000,11.727936,19.000000,-6.000000,13.000000
1016,271.148181,6.760000,11.718916,2.600000,8.000000,10.600000
1017,273.408015,2560.360000,11.757298,50.600000,61.000000,10.400000
1018,273.933806,806.560000,11.773711,28.400000,-31.000000,-2.600000
1019,273.665851,1.960000,11.763491,1.400000,-12.000000,-10.600000
1020,273.413857,17.640000,11.756047,4.200000,-9.000000,-4.800000
1021,273.150677,5.760000,11.746847,2.400000,2.000000,-0.400000
1022,272.883339,1.000000,11.736290,1.000000,7.000000,6.000000
1023,272.658291,43.560000,11.731250,6.600000,14.000000,7.400000
1024,272.701607,316.840000,11.737199,17.800000,3.000000,-14.800000
1025,272.697942,268.960000,11.741766,16.400000,-36.000000,-19.600000
1026,273.548962,1142.440000,11.763350,33.800000,19.000000,-14.800000
1027,273.282188,0.640000,11.752633,0.800000,-20.000000,-19.200000
1028,273.233619,223.547403,11.755757,14.951502,-29.000000,-14.048498
1029,272.981271,14.576440,11.748012,3.817910,-14.000000,-10.182090
1030,272.720035,4.953075,11.738731,2.225550,0.559045,-1.666505
1031,273.166290,731.024203,11.753628,27.037459,-33.559045,-6.521586
1032,272.903716,3.240000,11.743945,1.800000,9.000000,7.200000
1033,273.255646,635.040000,11.757022,25.200000,49.000000,23.800000
1034,273.762427,795.240000,11.772986,28.200000,34.000000,5.800000
1035,273.622949,129.960000,11.772624,11.400000,0.000000,-11.400000
1036,273.644477,295.840000,11.777884,17.200000,-9.000000,8.200000
1037,273.398315,19.360000,11.770741,4.400000,-1.000000,-5.400000
1038,273.426712,302.760000,11.776185,17.400000,13.000000,-4.400000
1039,273.630164,484.000000,11.786064,22.000000,-12.000000,10.000000
1040,273.474498,112.360000,11.784919,10.600000,10.000000,20.600000
1041,273.221929,11.560000,11.776833,3.400000,4.000000,0.600000
1042,274.152389,1239.040000,11.799399,35.200000,7.000000,-28.200000
1043,274.569528,707.560000,11.813644,26.600000,-20.000000,6.600000
1044,274.596635,302.760000,11.819015,17.400000,-24.000000,-6.600000
1045,274.333853,1.041116,11.808642,1.020351,-6.000000,-4.979649
1046,274.082072,11.977906,11.800631,3.460911,-13.672467,-17.133378
1047,273.895637,79.630528,11.797872,8.923594,2.672467,-6.251127
1048,273.641729,8.815875,11.789416,2.969154,0.000000,2.969154
1049,273.843029,484.000000,11.799186,22.000000,15.000000,-7.000000
1050,274.169221,615.040000,11.811615,24.800000,51.000000,26.200000
1051,273.932179,25.986540,11.805203,5.097699,13.000000,18.097699
1052,273.671748,1.000000,11.794893,1.000000,9.000000,8.000000
1053,274.116141,739.840000,11.809578,27.200000,-31.000000,-3.800000
1054,273.916030,64.000000,11.805950,8.000000,-11.000000,-3.000000
1055,273.655444,0.040000,11.794907,0.200000,-8.000000,-7.800000
1056,273.415430,21.160000,11.788068,4.600000,4.000000,-0.600000
1057,273.574579,441.000000,11.796816,21.000000,1.000000,-20.000000
1058,273.344774,31.360000,11.790937,5.600000,-4.000000,-9.600000
1059,273.115405,31.360000,11.785069,5.600000,1.000000,-4.600000
1060,273.075560,231.040000,11.788303,15.200000,-1.000000,-16.200000
1061,272.953445,144.000000,11.788503,12.000000,-2.000000,-14.000000
1062,273.066004,392.040000,11.796075,19.800000,-31.000000,-11.200000
1063,272.977078,178.894190,11.797566,13.375133,9.087927,-4.287206
1064,274.003972,1361.484518,11.821246,36.898300,-44.087927,-7.189627
1065,273.753111,7.840000,11.812744,2.800000,1.000000,-1.800000
1066,273.520674,26.905049,11.806505,5.187008,-6.000000,-0.812992
1067,273.457306,206.160623,11.808905,14.358295,13.000000,-1.358295
1068,273.231914,33.640000,11.803258,5.800000,-8.000000,-2.200000
1069,273.318251,365.180994,11.810118,19.109709,15.000000,-4.109709
1070,273.360638,318.502610,11.815781,17.846641,21.146729,3.300088
1071,273.197122,98.889398,11.814027,9.944315,-18.000000,-8.055685
1072,273.136795,208.767921,11.816494,14.448803,16.000000,1.551197
1073,273.078157,210.452281,11.819011,14.506974,26.000000,11.493026
1074,273.081801,276.977484,11.823519,16.642641,16.000000,-0.642641
1075,273.149450,345.534376,11.829836,18.588555,-21.000000,-2.411445
1076,272.917424,24.417325,11.823410,4.941389,21.000000,16.058611
1077,273.380576,769.879768,11.838250,27.746707,-26.000000,1.746707
1078,273.236469,118.609783,11.837368,10.890812,13.000000,2.109188
1079,272.984664,2.545634,11.827840,1.595504,7.064163,8.659667
1080,273.528106,857.728285,11.844066,29.286999,40.000000,10.713001
1081,274.850216,1697.440000,11.871323,41.200000,-30.000000,11.200000
1082,274.981301,416.160000,11.879235,20.400000,-25.000000,-4.600000
1083,274.728269,1.960000,11.869523,1.400000,-2.000000,-0.600000
1084,274.760706,309.760000,11.874829,17.600000,-4.000000,13.600000
1085,274.508901,2.560000,11.865324,1.600000,-2.000000,-0.400000
1086,274.889614,686.440000,11.878572,26.200000,8.000000,-18.200000
1087,274.713945,84.640000,11.876099,9.200000,-19.000000,-9.800000
1088,274.660054,216.296649,11.878711,14.707027,10.760127,-3.946901
1089,274.409309,2.601529,11.869249,1.612926,-11.760127,-13.373052
1090,276.403739,2440.360000,11.903808,49.400000,39.000000,-10.400000
1091,278.012383,2025.000000,11.934255,45.000000,-41.000000,4.000000
1092,277.912077,168.879150,11.935230,12.995351,13.000000,0.004649
1093,278.077410,457.960000,11.943922,21.400000,11.000000,-10.400000
1094,278.552487,795.911650,11.958846,28.211906,-20.611906,7.600000
1095,278.706126,446.172883,11.967246,21.122805,-25.153715,-4.030910
1096,278.901579,492.140664,11.976602,22.184244,-0.791822,21.392421
1097,278.798006,165.695662,11.977422,12.872283,0.527717,13.400000
1098,278.720875,194.416969,11.979219,13.943349,0.255228,14.198577
1099,278.473925,8.310202,11.970911,2.882742,0.163851,-2.718891
1100,278.236731,18.509881,11.963914,4.302311,-0.085885,4.216426
1101,278.001411,20.090986,11.957094,4.482297,-0.636524,-5.118821
1102,277.767022,20.641744,11.950342,4.543319,-0.281012,-4.824330
1103,277.667418,168.302274,11.951273,12.973137,-0.254636,12.718501
1104,277.527252,123.485246,11.950510,11.112392,0.575623,11.688015
1105,277.449284,191.683942,11.952231,13.844997,-0.444997,13.400000
1106,277.198422,1.000000,11.942293,1.000000,-1.000000,0.000000
1107,277.331842,424.360000,11.950142,20.600000,-20.000000,0.600000
1108,277.190237,121.000000,11.949281,11.000000,-3.000000,8.000000
1109,276.942318,3.240000,11.940096,1.800000,0.000000,1.800000
1110,276.691954,0.040000,11.929481,0.200000,-3.000000,-3.200000
1111,276.456460,16.000000,11.922318,4.000000,3.000000,-1.000000
1112,276.269734,69.564071,11.919086,8.340508,-8.940508,-0.600000
1113,276.240074,243.376697,11.922405,15.600535,-7.200535,8.400000
1114,278.357648,2626.746490,11.957837,51.251795,-50.051795,1.200000
1115,278.157398,55.880018,11.953802,7.475294,-14.075294,-6.600000
1116,278.013818,118.497212,11.952842,10.885642,-24.096688,-13.211045
1117,277.764031,0.000770,11.942128,0.027756,0.027756,0.000000
1118,277.588765,82.517448,11.939562,9.083911,0.683911,-8.400000
1119,277.339822,0.017094,11.928971,0.130744,0.689947,0.559203
1120,277.283759,214.773769,11.931414,14.655162,-1.496158,13.159003
1121,277.211841,196.951653,11.933296,14.033946,1.595318,15.629265
1122,277.144777,202.233491,11.935342,14.220882,-1.735910,12.484973
1123,276.898386,1.433568,11.925746,1.197317,0.346846,-0.850471
1124,276.657018,6.565850,11.917386,2.562391,0.526089,-2.036302
1125,276.410297,0.083729,11.907013,0.289360,-0.682067,-0.392707
1126,276.164005,0.069784,11.896636,0.264167,0.011481,0.275648
1127,275.919612,1.711389,11.887207,1.308201,-1.287387,0.020813
1128,275.675128,1.118877,11.877573,1.057770,0.185249,-0.872521
1129,275.431949,2.099440,11.868303,1.448944,0.873610,-0.575335
1130,275.189141,2.029866,11.859028,1.424734,-1.890395,-0.465661
1131,274.952798,8.831018,11.851142,2.971703,2.194241,-0.777462
1132,274.709748,0.791901,11.841425,0.889888,-0.843450,0.046439
1133,274.467156,0.823504,11.831740,0.907471,1.113734,0.206263
1134,274.224274,0.010197,11.821359,0.100981,-0.291658,-0.190676
1135,273.981820,0.008731,11.810989,0.093439,0.058437,0.151876
1136,285.185865,12956.960758,11.901111,113.828646,114.437942,0.609296
1137,284.963847,33.640000,11.895726,5.800000,2.000000,7.800000
1138,284.731216,21.160000,11.889292,4.600000,-6.000000,-1.400000
1139,284.658008,201.640000,11.891328,14.200000,-19.000000,-4.800000
1140,284.744624,383.054448,11.898089,19.571777,10.213746,-9.358031
1141,284.798464,345.960000,11.903984,18.600000,-30.000000,-11.400000
1142,286.172982,1849.000000,11.931309,43.000000,35.000000,-8.000000
1143,285.938815,19.457280,11.924706,4.411041,4.000000,-0.411041
1144,285.767476,90.612572,11.922596,9.519064,4.000000,13.519064
1145,285.601195,96.040000,11.920736,9.800000,4.000000,-5.800000
1146,285.586764,269.121330,11.924662,16.404918,16.953822,0.548904
1147,285.374362,42.811729,11.919954,6.543067,-12.088914,-5.545847
1148,285.326867,231.040000,11.922821,15.200000,3.000000,18.200000
1149,286.531508,1664.640000,11.948041,40.800000,46.000000,5.200000
1150,286.727169,510.760000,11.957336,22.600000,8.000000,-14.600000
1151,286.512900,40.960000,11.952491,6.400000,-16.000000,-9.600000
1152,286.292627,33.640000,11.947132,5.800000,-3.000000,-8.800000
1153,286.047673,4.840000,11.938649,2.200000,-1.000000,-3.200000
1154,285.825455,30.496695,11.933069,5.522381,2.000000,-3.522381
1155,285.577996,1.000000,11.923571,1.000000,-11.000000,-10.000000
1156,285.561109,266.124957,11.927381,16.313337,-22.000000,-5.686663
1157,285.406069,106.799360,11.926000,10.334378,-8.151963,2.182415
1158,285.159014,0.304663,11.916143,0.551963,6.151963,5.600000
1159,284.914339,2.560000,11.907212,1.600000,17.000000,18.600000
1160,284.770481,118.613715,11.906333,10.890992,-15.000000,-4.109008
1161,286.419543,2192.736150,11.936514,46.826661,-40.626661,6.200000
1162,286.304055,152.683954,11.936877,12.356535,-17.086999,-4.730464
1163,286.186470,150.023279,11.937146,12.248399,22.587188,10.338789
1164,286.177174,275.402626,11.941161,16.595259,0.004741,16.600000
1165,285.951672,24.369077,11.935128,4.936505,-1.455519,-6.392023
1166,285.723171,20.433528,11.928747,4.520346,1.326272,-3.194074
1167,285.491847,16.693744,11.922003,4.085798,-1.263833,2.821965
1168,285.294260,55.500708,11.918161,7.449880,-1.417566,-8.867445
1169,285.049488,0.134391,11.908246,0.366594,0.287841,-0.078753
1170,284.805208,0.219195,11.898435,0.468182,-0.722782,-0.254600
1171,284.931887,432.640000,11.906062,20.800000,13.000000,-7.800000
1172,284.697378,11.025062,11.898712,3.320401,-9.000000,-12.320401
1173,285.428081,1138.888879,11.917402,33.747428,-34.000000,-0.252572
1174,285.187817,4.320025,11.908992,2.078467,12.878467,10.800000
1175,284.988545,51.840000,11.904971,7.200000,16.000000,8.800000
1176,284.745690,0.362819,11.895327,0.602345,8.000000,8.602345
1177,284.507067,4.840000,11.887062,2.200000,-16.000000,-13.800000
1178,284.640365,441.000000,11.894824,21.000000,7.000000,-14.000000
1179,284.414175,18.866897,11.888397,4.343604,-4.000000,0.343604
1180,284.255198,97.457041,11.886683,9.872033,15.000000,5.127967
1181,284.042271,33.640000,11.881511,5.800000,-1.000000,4.800000
1182,283.857066,65.871084,11.878315,8.116100,6.000000,-2.116100
1183,283.665232,57.684604,11.874682,7.595038,7.000000,-0.595038
1184,283.432752,9.338764,11.867208,3.055939,2.000000,5.055939
1185,283.194332,1.858740,11.858314,1.363356,-3.000000,-1.636644
1186,283.352864,470.579384,11.866635,21.692842,-26.000000,-4.307158
1187,283.164181,60.140500,11.863159,7.755031,-13.396528,-5.641498
1188,282.927184,2.560000,11.854491,1.600000,-2.000000,-3.600000
1189,282.737170,57.760000,11.850901,7.600000,12.000000,4.400000
1190,282.500480,2.023609,11.842108,1.422536,-13.000000,-11.577464
1191,282.266540,4.813583,11.833980,2.193988,-9.520703,-11.714691
1192,282.219622,226.527844,11.836687,15.050842,29.000000,13.949158
1193,282.047394,77.440000,11.834133,8.800000,-22.000000,-13.200000
1194,282.327219,615.040000,11.845029,24.800000,-25.000000,-0.200000
1195,284.339622,2679.098342,11.878543,51.760007,61.560007,9.800000
1196,284.181652,96.040000,11.876799,9.800000,-20.000000,-10.200000
1197,284.591257,772.840000,11.890146,27.800000,-34.000000,-6.200000
1198,284.507814,184.960000,11.891578,13.600000,-22.000000,-8.400000
1199,284.792744,625.000000,11.902548,25.000000,14.000000,-11.000000
1200,284.608135,64.000000,11.899285,8.000000,-27.000000,-19.000000
1201,284.434804,77.130806,11.896681,8.782415,3.000000,-5.782415
1202,284.338720,169.326065,11.897612,13.012535,7.032179,-5.980356
1203,284.158243,67.947355,11.894564,8.243019,7.000000,-1.243019
1204,283.977478,67.240000,11.891485,8.200000,11.000000,19.200000
1205,284.604341,1036.840000,11.908395,32.200000,38.000000,5.800000
1206,284.687166,384.160000,11.914794,19.600000,-5.000000,14.600000
1207,284.450818,0.360000,11.905389,0.600000,-6.000000,-5.400000
1208,284.275991,73.960000,11.902643,8.600000,-7.000000,1.600000
1209,284.165446,151.068493,11.902966,12.290992,-21.000000,-8.709008
1210,284.383849,547.560000,11.912499,23.400000,-16.000000,7.400000
1211,284.788535,772.840000,11.925662,27.800000,-30.000000,-2.200000
1212,284.675995,148.840000,11.925889,12.200000,-25.000000,-12.800000
1213,284.937490,600.823458,11.936299,24.511700,-23.000000,1.511700
1214,284.918897,262.440000,11.939823,16.200000,-23.000000,-6.800000
1215,285.491852,978.767339,11.955797,31.285258,24.000000,-7.285258
1216,285.620721,441.681103,11.963273,21.016210,13.714324,-7.301886
1217,285.730737,419.069332,11.970287,20.471183,26.000000,5.528817
1218,285.733429,289.000000,11.974430,17.000000,2.000000,19.000000
1219,285.543328,54.760000,11.970665,7.400000,26.000000,18.600000
1220,285.599164,353.440000,11.976281,18.800000,35.000000,16.200000
1221,286.454796,1326.902843,11.996372,36.426678,27.000000,-9.426678
1222,286.277542,70.560000,11.993419,8.400000,-15.000000,-6.600000
1223,286.320432,338.560000,11.998675,18.400000,-22.000000,-3.600000
1224,286.300858,262.440000,12.002119,16.200000,18.000000,1.800000
1225,286.320071,309.760000,12.006703,17.600000,-31.000000,-13.400000
1226,288.744522,3249.000000,12.043523,57.000000,-64.000000,-7.000000
1227,288.634151,153.760000,12.043814,12.400000,2.000000,-10.400000
1228,288.398861,0.640000,12.034628,0.800000,-3.000000,-2.200000
1229,288.166079,3.240000,12.026273,1.800000,-19.000000,-17.200000
1230,287.942811,14.440000,12.019563,3.800000,-10.000000,-13.800000
1231,288.003658,362.601670,12.025287,19.042103,-21.000000,-1.957897
1232,287.931233,199.065865,12.026984,14.109070,-12.739463,1.369607
1233,287.842392,178.746402,12.028076,13.369607,21.000000,7.630393
1234,289.168081,1918.440000,12.053907,43.800000,62.000000,18.200000
1235,289.240803,378.688851,12.059923,19.459929,9.633252,-9.826678
1236,291.379707,2924.369455,12.094028,54.077439,-50.877439,3.200000
1237,291.301233,194.621339,12.095534,13.950675,0.000000,-13.950675
1238,291.111026,56.586219,12.091828,7.522381,4.000000,-3.522381
1239,291.260118,475.240000,12.099689,21.800000,-30.000000,-8.200000
1240,291.111979,108.160000,12.098314,10.400000,-23.000000,-12.600000
1241,290.921970,56.070365,12.094587,7.488015,3.000000,10.488015
1242,291.896304,1497.148051,12.116072,38.692997,-36.000000,2.692997
1243,291.724153,78.601105,12.113448,8.865726,9.512454,0.646727
1244,291.569537,100.000000,12.111744,10.000000,-13.000000,-3.000000
1245,291.337200,3.240000,12.103435,1.800000,0.000000,1.800000
1246,291.176832,92.160000,12.101419,9.600000,-1.000000,-10.600000
1247,291.609868,829.440000,12.114853,28.800000,33.000000,4.200000
1248,292.157963,973.440000,12.130195,31.200000,-29.000000,2.200000
1249,292.107893,229.821553,12.132628,15.159867,16.406150,1.246283
1250,291.881118,9.546465,12.125371,3.089735,-1.000000,-4.089735
1251,292.349666,876.160000,12.139384,29.600000,19.000000,-10.600000
1252,292.192367,96.040000,12.137510,9.800000,9.000000,-0.800000
1253,292.093734,169.000000,12.138200,13.000000,-7.000000,-20.000000
1254,291.946587,108.160000,12.136810,10.400000,6.000000,16.400000
1255,291.741993,36.000000,12.131904,6.000000,-2.000000,4.000000
1256,292.199356,864.360000,12.145697,29.400000,35.000000,5.600000
1257,292.066268,125.440000,12.144942,11.200000,-21.000000,-9.800000
1258,291.854296,26.253066,12.139343,5.123775,-17.754820,-12.631046
1259,292.421106,1003.201078,12.154908,31.673350,16.000000,-15.673350
1260,292.190866,3.240000,12.146663,1.800000,14.000000,12.200000
1261,292.264032,384.160000,12.152593,19.600000,18.000000,-1.600000
1262,292.096095,81.000000,12.150087,9.000000,-11.000000,-2.000000
1263,291.876797,16.000000,12.143613,4.000000,-22.000000,-18.000000
1264,291.724514,100.000000,12.141912,10.000000,-15.000000,-5.000000
1265,291.596231,129.960000,12.141324,11.400000,23.000000,11.600000
1266,291.627645,331.240000,12.146125,18.200000,-26.000000,-7.800000
1267,291.630980,295.840000,12.150126,17.200000,-12.000000,5.200000
1268,291.546588,184.960000,12.151273,13.600000,-9.000000,4.600000
1269,291.369271,67.240000,12.148150,8.200000,-16.000000,-7.800000
1270,291.230419,115.583048,12.147046,10.750956,-19.000000,-8.249044
1271,291.013871,16.863188,12.140700,4.106481,2.015753,-2.090729
1272,291.034835,317.596272,12.145180,17.821231,8.984247,-8.836983
1273,290.946990,179.560000,12.146169,13.400000,-3.000000,10.400000
1274,290.929677,268.960000,12.149518,16.400000,26.000000,9.600000
1275,290.986712,363.420338,12.154958,19.063587,-15.000000,4.063587
1276,290.763263,6.760000,12.147446,2.600000,-5.000000,-2.400000
1277,290.861768,416.160000,12.153929,20.400000,3.000000,-17.400000
1278,290.633462,0.000067,12.144395,0.008180,4.104040,4.095859
1279,290.597038,244.193054,12.147127,15.626678,21.000000,5.373322
1280,291.093561,924.160000,12.161431,30.400000,19.000000,-11.400000
1281,291.108178,309.760000,12.165690,17.600000,-16.000000,1.600000
1282,291.508332,802.504960,12.178337,28.328518,-10.000000,18.328518
1283,291.625214,441.000000,12.185234,21.000000,-34.000000,-13.000000
1284,291.466413,88.360000,12.183059,9.400000,-14.000000,-4.600000
1285,291.333340,121.000000,12.182135,11.000000,2.000000,-9.000000
1286,291.128837,29.160000,12.176845,5.400000,-10.000000,-4.600000
1287,290.967895,84.640000,12.174524,9.200000,-25.000000,-15.800000
1288,290.970252,293.994956,12.178397,17.146281,-27.000000,-9.853719
1289,290.841723,125.809807,12.177648,11.216497,-13.820020,-2.603523
1290,290.781317,213.160000,12.179532,14.600000,26.000000,11.400000
1291,290.583352,36.000000,12.174730,6.000000,25.000000,19.000000
1292,290.385351,35.558384,12.169907,5.963085,15.000000,9.036915
1293,290.676472,665.640000,12.180482,25.800000,-24.000000,1.800000
1294,290.489663,49.692980,12.176504,7.049325,-18.000000,-10.950675
1295,290.272007,9.495636,12.169459,3.081499,-4.000000,-7.081499
1296,290.106306,76.187035,12.166796,8.728518,10.000000,18.728518
1297,290.197515,408.040000,12.173009,20.200000,-38.000000,-17.800000
1298,290.044473,92.160000,12.171020,9.600000,-3.000000,-12.600000
1299,289.960678,181.531151,12.172026,13.473350,11.000000,-2.473350
1300,289.959937,289.000000,12.175751,17.000000,27.000000,10.000000
1301,289.909852,225.000000,12.177929,15.000000,15.000000,0.000000
1302,289.688011,1.960000,12.169625,1.400000,1.000000,-0.400000
1303,289.757820,380.369667,12.175271,19.503068,-15.000000,4.503068
1304,289.900499,475.240000,12.182674,21.800000,30.000000,8.200000
1305,289.781098,134.560000,12.182226,11.600000,31.000000,19.400000
1306,290.565014,1310.440000,12.200673,36.200000,-42.000000,-5.800000
1307,290.706745,475.240000,12.208040,21.800000,4.000000,-17.800000
1308,290.963105,625.000000,12.217850,25.000000,-34.000000,-9.000000
1309,290.741248,1.440000,12.209407,1.200000,-11.000000,-9.800000
1310,290.518780,0.198153,12.200399,0.445144,2.823157,3.268301
1311,290.444992,194.077612,12.201724,13.931174,8.000000,-5.931174
1312,290.245232,29.160000,12.196524,5.400000,-5.000000,0.400000
1313,290.219071,256.000000,12.199429,16.000000,-12.000000,4.000000
1314,290.750171,985.960000,12.214086,31.400000,-39.000000,-7.600000
1315,290.598691,92.160000,12.212092,9.600000,-19.000000,-28.600000
1316,290.466101,116.640000,12.211016,10.800000,-10.000000,0.800000
1317,290.258312,17.640000,12.204915,4.200000,-9.000000,-13.200000
1318,290.097411,78.833913,12.202383,8.878846,-12.664816,-3.785970
1319,290.464516,772.840000,12.214245,27.800000,-12.000000,15.800000
1320,291.318084,1413.760000,12.233535,37.600000,36.000000,-1.600000
1321,291.231199,176.890726,12.234344,13.300027,7.000000,-6.300027
1322,292.088016,1420.516157,12.253658,37.689735,27.000000,-10.689735
1323,291.977029,145.696647,12.253519,12.070487,-6.000000,6.070487
1324,291.758156,3.064864,12.245563,1.750675,-1.000000,-2.750675
1325,293.893320,3112.309311,12.278524,55.788075,37.000000,-18.788075
1326,293.671084,0.097157,12.269472,0.311700,-9.000000,-8.688300
1327,293.470272,27.996427,12.264198,5.291165,-7.000000,-12.291165
1328,293.259524,14.440000,12.257805,3.800000,-27.000000,-23.200000
1329,293.184670,194.078598,12.259068,13.931209,21.000000,7.068791
1330,293.716627,998.560000,12.273654,31.600000,46.000000,14.400000
1331,293.618755,163.840000,12.274050,12.800000,7.000000,-5.800000
1332,293.663801,353.440000,12.278964,18.800000,-21.000000,-2.200000
1333,293.443007,0.228120,12.270085,0.477619,1.000000,1.477619
1334,293.222403,0.040000,12.261009,0.200000,-8.000000,-8.200000
1335,293.157893,207.360000,12.262616,14.400000,-25.000000,-10.600000
1336,292.948509,14.257422,12.256245,3.775900,12.308624,8.532724
1337,293.017494,384.906784,12.261768,19.619041,12.000000,-7.619041
1338,292.797871,0.040000,12.252727,0.200000,18.000000,17.800000
1339,293.176455,798.207839,12.264712,28.252572,41.000000,12.747428
1340,293.002551,60.840000,12.261370,7.800000,24.000000,16.200000
1341,292.934217,201.640000,12.262820,14.200000,-8.000000,6.200000
1342,292.715283,-0.000000,12.253655,0.000000,2.000000,2.000000
1343,292.577195,107.816169,12.252258,10.383457,20.000000,9.616543
1344,292.435117,102.192035,12.250658,10.109008,-7.000000,-17.109008