# TEST CONFIGURATION BEGIN
# File Stream: filename: total_daily_precipitation_oldman.csv  -  n_targets: 1
# [total_daily_precipitation_oldman_ADE_HOMO_HTREE_SIZE_4] Pipeline: Array BaseStreamModel: base_models: [<skmultiflow.trees.regression_hoeffding_tree.RegressionHoeffdingTree object at 0x7f21e5a5eba8>, <skmultiflow.trees.regression_hoeffding_tree.RegressionHoeffdingTree object at 0x7f21e5a5ebe0>, <skmultiflow.trees.regression_hoeffding_tree.RegressionHoeffdingTree object at 0x7f21d48722b0>, <skmultiflow.trees.regression_hoeffding_tree.RegressionHoeffdingTree object at 0x7f21d48722e8>]
 Array BaseStreamModel: base_models: [<skmultiflow.trees.regression_hoeffding_tree.RegressionHoeffdingTree object at 0x7f21e5a5eba8>, <skmultiflow.trees.regression_hoeffding_tree.RegressionHoeffdingTree object at 0x7f21e5a5ebe0>, <skmultiflow.trees.regression_hoeffding_tree.RegressionHoeffdingTree object at 0x7f21d48722b0>, <skmultiflow.trees.regression_hoeffding_tree.RegressionHoeffdingTree object at 0x7f21d48722e8>]
# Prequential Evaluator: n_wait: 1 - max_samples: 600000 - max_time: 10000000 - output_file: total_daily_precipitation_oldman_ADE_HOMO_HTREE_SIZE_4_SIZE_4 - batch_size: 1 - pretrain_size: 5 - task_type: regression - show_plot: False - metrics: ['mean_square_error', 'mean_absolute_error', 'true_vs_predicted']
# TEST CONFIGURATION END
id,global_mse_[total_daily_precipitation_oldman_ADE_HOMO_HTREE_SIZE_4],sliding_mse_[total_daily_precipitation_oldman_ADE_HOMO_HTREE_SIZE_4],global_mae_[total_daily_precipitation_oldman_ADE_HOMO_HTREE_SIZE_4],sliding_mae_[total_daily_precipitation_oldman_ADE_HOMO_HTREE_SIZE_4],true_value_[total_daily_precipitation_oldman_ADE_HOMO_HTREE_SIZE_4],predicted_value_[total_daily_precipitation_oldman_ADE_HOMO_HTREE_SIZE_4]
5,0.087831,0.087831,0.296362,0.296362,0.000000,-0.296362
6,230.255885,460.423939,10.876927,21.457491,0.000000,21.457491
7,253.955383,301.354380,13.037805,17.359562,0.000000,17.359562
8,309.826139,477.438407,15.240945,21.850364,0.000000,21.850364
9,248.737646,4.383675,12.611500,2.093723,0.000000,2.093723
10,224.927256,105.875305,12.224512,10.289573,3.200000,13.489573
11,236.538151,306.203520,12.977964,17.498672,0.600000,-16.898672
12,207.175520,1.637106,11.515655,1.279495,0.000000,-1.279495
13,184.426365,2.433121,10.409454,1.559847,0.000000,1.559847
14,166.204271,2.205422,9.517015,1.485066,0.000000,1.485066
15,151.164255,0.764104,8.731299,0.874131,2.800000,1.925869
16,138.568292,0.012695,8.013080,0.112670,0.000000,0.112670
17,127.941150,0.415448,7.446270,0.644553,0.000000,0.644553
18,118.896178,1.311537,6.996195,1.145223,0.000000,1.145223
19,111.458270,7.327566,6.710245,2.706948,0.000000,2.706948
20,104.839319,5.555054,6.438162,2.356916,0.000000,2.356916
21,98.712542,0.684110,6.108100,0.827110,0.000000,0.827110
22,93.289187,1.092143,5.826820,1.045057,0.000000,1.045057
23,88.875719,9.433303,5.681796,3.071368,0.000000,3.071368
24,85.386663,19.094592,5.616193,4.369736,0.000000,4.369736
25,81.624079,6.372394,5.468963,2.524360,0.000000,2.524360
26,77.923239,0.205601,5.240984,0.453433,0.000000,0.453433
27,74.539513,0.097541,5.026695,0.312316,0.000000,-0.312316
28,71.557769,2.977651,4.889148,1.725587,0.000000,1.725587
29,68.723115,0.691422,4.726843,0.831518,0.000000,0.831518
30,66.199494,3.108973,4.612858,1.763228,0.000000,1.763228
31,63.747680,0.000509,4.442847,0.022552,1.200000,1.222552
32,61.584673,3.183482,4.347896,1.784232,0.400000,2.184232
33,59.577111,3.365384,4.261227,1.834498,0.000000,1.834498
34,57.622876,0.950052,4.151677,0.974706,1.200000,0.225294
35,56.008793,7.586306,4.106601,2.754325,0.000000,2.754325
36,54.390925,4.237028,4.042595,2.058404,0.000000,2.058404
37,52.794252,1.700699,3.959610,1.304108,0.000000,1.304108
38,51.242220,0.025185,3.847819,0.158699,0.000000,0.158699
39,49.778276,0.004167,3.739725,0.064553,0.000000,0.064553
40,50.405657,72.363996,3.872141,8.506703,8.400000,-0.106703
41,49.093133,1.842286,3.804173,1.357309,0.600000,-0.757309
42,50.159603,89.618970,3.953188,9.466730,0.000000,-9.466730
43,49.649309,30.258133,3.992868,5.500739,0.000000,-5.500739
44,48.438331,1.210217,3.920549,1.100099,0.000000,1.100099
45,55.355508,332.042566,4.269366,18.222035,13.000000,-5.222035
46,56.612795,108.161561,4.415335,10.400075,3.600000,-6.800075
47,58.902405,155.066010,4.602247,12.452550,0.000000,-12.452550
48,57.702023,6.085607,4.553717,2.466902,0.000000,-2.466902
49,57.483250,47.857256,4.606254,6.917894,0.000000,6.917894
50,57.404926,53.880351,4.665690,7.340324,0.000000,7.340324
51,57.965554,83.754434,4.761138,9.151745,0.000000,-9.151745
52,56.757997,0.002802,4.663050,0.052931,0.000000,-0.052931
53,55.601438,0.086643,4.573893,0.294352,0.000000,-0.294352
54,57.014316,126.245300,4.707133,11.235893,0.000000,11.235893
55,56.517403,31.671749,4.725185,5.627766,0.000000,5.627766
56,55.713615,14.720423,4.708099,3.836720,0.000000,-3.836720
57,55.166992,26.742623,4.716839,5.171327,1.200000,-3.971327
58,54.157641,0.662050,4.644558,0.813664,1.000000,0.186336
59,53.759784,32.275503,4.663405,5.681153,0.000000,5.681153
60,55.508329,151.678277,4.800055,12.315774,5.200000,17.515774
61,57.535587,171.062041,4.945301,13.079069,0.000000,13.079069
62,57.372227,48.060703,4.979564,6.932583,0.000000,6.932583
63,59.485467,182.053400,5.123855,13.492717,0.000000,13.492717
64,58.498696,0.279198,5.047264,0.528392,1.000000,1.528392
65,66.283476,533.370285,5.343125,23.094811,0.000000,23.094811
66,69.533028,267.755695,5.520869,16.363242,0.000000,16.363242
67,72.483202,255.394018,5.686904,15.981052,0.400000,16.381052
68,71.750502,25.590359,5.677088,5.058691,1.600000,6.658691
69,70.662830,1.051838,5.605526,1.025592,0.000000,1.025592
70,70.197949,39.980686,5.616398,6.323028,0.000000,6.323028
71,69.226256,5.094508,5.566259,2.257102,0.000000,2.257102
72,68.529074,21.817886,5.553093,4.670962,0.000000,4.670962
73,67.566445,2.107700,5.493654,1.451792,0.000000,-1.451792
74,66.615906,1.028715,5.429662,1.014256,0.000000,1.014256
75,65.745368,4.807687,5.384070,2.192644,0.000000,-2.192644
76,64.882153,3.593850,5.335621,1.895745,0.000000,-1.895745
77,64.021041,2.021011,5.282005,1.421623,0.000000,-1.421623
78,63.159542,0.270140,5.217650,0.519750,0.000000,0.519750
79,62.334371,1.271657,5.163117,1.127677,0.000000,-1.127677
80,61.546753,2.475452,5.115884,1.573357,0.200000,1.773357
81,60.777539,2.317298,5.069213,1.522267,2.000000,0.477733
82,60.124633,9.850805,5.044462,3.138599,0.000000,3.138599
83,59.366029,0.194942,4.986197,0.441522,0.000000,0.441522
84,58.657436,2.678630,4.944327,1.636652,0.000000,-1.636652
85,57.988093,4.440580,4.909302,2.107268,0.000000,2.107268
86,58.118457,68.678001,4.950496,8.287219,8.600000,0.312781
87,57.645506,18.863476,4.943179,4.343210,0.000000,4.343210
88,57.047622,7.423272,4.916767,2.724568,0.000000,-2.724568
89,56.468077,7.786289,4.891751,2.790392,0.000000,-2.790392
90,55.819017,0.648921,4.844237,0.805556,0.000000,0.805556
91,55.225362,4.171006,4.812031,2.042304,0.000000,2.042304
92,54.631042,2.925208,4.776785,1.710324,0.200000,-1.510324
93,54.042120,2.216988,4.739843,1.488955,0.000000,-1.488955
94,53.459960,1.647714,4.701440,1.283633,0.000000,1.283633
95,53.109524,21.570293,4.700813,4.644383,4.600000,-0.044383
96,52.532287,0.003738,4.650382,0.061139,3.000000,3.061139
97,52.268106,27.963480,4.657239,5.288051,3.600000,-1.688051
98,51.896473,17.334556,4.651986,4.163479,5.200000,1.036521
99,51.358909,0.827910,4.612595,0.909896,0.000000,-0.909896
100,50.828530,0.442556,4.571477,0.665249,0.000000,0.665249
101,50.305080,0.053854,4.526741,0.232065,0.000000,-0.232065
102,49.795895,0.404921,4.487043,0.636334,0.000000,-0.636334
103,49.314877,2.175102,4.456617,1.474823,0.000000,-1.474823
104,48.980382,15.865390,4.451882,3.983138,0.000000,3.983138
105,48.525621,3.049516,4.425094,1.746286,0.000000,1.746286
106,48.810317,77.564649,4.468054,8.807079,0.000000,8.807079
107,48.737722,41.333052,4.487093,6.429079,0.000000,6.429079
108,48.571411,31.441394,4.497864,5.607263,0.000000,5.607263
109,48.204071,10.000695,4.485145,3.162388,0.000000,3.162388
110,47.757689,0.887511,4.451720,0.942078,0.000000,-0.942078
111,47.372866,6.581649,4.434092,2.565472,0.000000,2.565472
112,46.956738,2.431110,4.407472,1.559202,0.000000,1.559202
113,46.541412,1.686144,4.378950,1.298516,0.000000,1.298516
114,46.181041,6.900627,4.363022,2.626904,0.000000,-2.626904
115,45.789793,2.752536,4.338662,1.659077,0.000000,1.659077
116,45.387041,0.681531,4.307295,0.825549,2.200000,3.025549
117,45.154485,19.108198,4.307862,4.371293,0.000000,4.371293
118,44.854219,10.924130,4.299066,3.305167,0.000000,3.305167
119,44.465431,0.143692,4.264979,0.379067,0.000000,0.379067
120,44.090368,0.958139,4.236650,0.978846,2.200000,3.178846
121,43.732258,2.191444,4.213092,1.480353,3.200000,4.680353
122,43.897244,63.200636,4.244760,7.949883,12.600000,4.650117
123,43.769546,28.701166,4.254109,5.357347,0.600000,5.957347
124,43.413054,0.990440,4.226952,0.995209,0.000000,-0.995209
125,43.065363,1.342444,4.201594,1.158639,0.000000,-1.158639
126,42.727823,1.885574,4.178410,1.373162,1.200000,2.573162
127,42.414359,4.171711,4.161045,2.042477,0.600000,-1.442477
128,42.117806,5.641831,4.146643,2.375254,0.000000,-2.375254
129,42.098234,39.671308,4.163858,6.298516,2.600000,-3.698516
130,42.634363,109.650432,4.213918,10.471410,15.200000,4.728590
131,42.323257,3.123929,4.194655,1.767464,6.000000,4.232536
132,42.021730,3.727795,4.176968,1.930750,0.000000,-1.930750
133,41.891865,25.269092,4.183556,5.026837,0.000000,-5.026837
134,41.826087,33.340798,4.195792,5.774149,0.000000,5.774149
135,41.747705,31.558023,4.206645,5.617653,0.000000,-5.617653
136,41.436026,0.606000,4.180674,0.778460,0.600000,1.378460
137,41.204007,10.577587,4.173694,3.252320,0.000000,-3.252320
138,40.984529,11.793937,4.168176,3.434230,0.000000,3.434230
139,40.717833,4.980519,4.153832,2.231708,0.000000,2.231708
140,40.674595,34.837492,4.166688,5.902329,0.000000,5.902329
141,40.391116,1.838028,4.146170,1.355739,0.000000,-1.355739
142,40.588789,67.669924,4.175736,8.226173,0.000000,8.226173
143,40.370372,10.228795,4.168703,3.198249,0.000000,3.198249
144,40.718602,89.122688,4.206359,9.440481,0.000000,9.440481
145,40.532489,14.476566,4.203511,3.804808,0.000000,3.804808
146,40.485481,33.857459,4.214886,5.818716,0.000000,-5.818716
147,40.296278,13.429423,4.211038,3.664618,0.000000,3.664618
148,40.174816,22.805729,4.214958,4.775534,0.000000,4.775534
149,39.915190,2.528973,4.196856,1.590275,0.000000,1.590275
150,39.641977,0.026225,4.169220,0.161942,3.200000,3.361942
151,39.372539,0.034469,4.142121,0.185658,6.400000,6.214342
152,39.627098,77.047318,4.173442,8.777660,0.000000,8.777660
153,39.538843,26.477126,4.179967,5.145593,0.000000,5.145593
154,39.275260,0.001438,4.152353,0.037927,0.000000,-0.037927
155,39.300098,43.025690,4.168294,6.559397,0.000000,6.559397
156,39.279823,36.218304,4.180464,6.018164,0.000000,6.018164
157,39.026009,0.446389,4.157508,0.668123,4.500000,3.831877
158,39.103851,51.013613,4.176890,7.142381,9.000000,1.857619
159,39.143737,45.286235,4.193358,6.729505,0.000000,6.729505
160,38.893143,0.050985,4.167925,0.225799,0.000000,0.225799
161,38.665024,3.078426,4.152553,1.754544,0.000000,1.754544
162,38.433188,2.034965,4.135300,1.426522,0.000000,1.426522
163,38.193601,0.338936,4.112953,0.582182,0.000000,0.582182
164,37.979578,3.949848,4.099669,1.987423,0.000000,-1.987423
165,37.749751,0.977407,4.080346,0.988639,0.000000,0.988639
166,37.585857,11.198918,4.075816,3.346478,0.000000,3.346478
167,37.363439,1.331772,4.057891,1.154024,0.000000,1.154024
168,37.136623,0.165624,4.035629,0.406969,0.000000,0.406969
169,36.918431,1.135013,4.017627,1.065370,0.000000,-1.065370
170,36.697522,0.247538,3.996422,0.497531,0.000000,-0.497531
171,36.485663,1.316983,3.979363,1.147599,0.000000,1.147599
172,36.311610,7.244721,3.971698,2.691602,0.000000,2.691602
173,36.108054,1.910693,3.956376,1.382278,0.000000,-1.382278
174,35.933392,6.415479,3.948002,2.532880,0.000000,-2.532880
175,35.754171,5.286691,3.938361,2.299280,0.000000,-2.299280
176,35.558922,2.171243,3.924030,1.473514,0.000000,1.473514
177,35.358470,0.880849,3.906773,0.938536,0.000000,0.938536
178,35.277495,21.268751,3.910825,4.611806,0.000000,4.611806
179,35.158804,14.506644,3.910242,3.808759,0.000000,3.808759
180,34.965590,1.152994,3.894125,1.073775,0.000000,1.073775
181,34.775919,1.393843,3.878795,1.180611,0.000000,-1.180611
182,34.580934,0.068719,3.858476,0.262143,0.000000,0.262143
183,34.416171,5.088243,3.849522,2.255713,0.000000,2.255713
184,34.233690,1.569648,3.835097,1.252856,0.400000,1.652856
185,36.463154,437.766684,3.929504,20.922875,23.000000,2.077125
186,36.280415,3.204689,3.917750,1.790165,10.000000,8.209835
187,36.244354,29.681137,3.926112,5.448040,0.000000,-5.448040
188,36.444331,73.040165,3.951222,8.546354,0.000000,-8.546354
189,36.304120,10.505234,3.947384,3.241178,0.000000,3.241178
190,36.112372,0.638978,3.930459,0.799361,0.000000,-0.799361
191,36.031791,21.043753,3.933972,4.587347,1.800000,-2.787347
192,35.917537,14.552121,3.933337,3.814724,0.000000,-3.814724
193,35.807245,15.072328,3.933067,3.882310,0.000000,3.882310
194,35.701665,15.747006,3.933253,3.968250,0.000000,3.968250
195,35.589742,14.324413,3.932475,3.784761,0.000000,3.784761
196,35.404400,0.004033,3.912324,0.063502,0.000000,-0.063502
197,35.222677,0.331804,3.895038,0.576024,0.000000,-0.576024
198,35.513862,91.712707,3.924324,9.576675,0.000000,-9.576675
199,35.368507,7.169524,3.917931,2.677597,5.600000,2.922403
200,35.203468,3.020878,3.906809,1.738067,0.000000,-1.738067
201,35.235195,41.453820,3.919660,6.438464,0.200000,-6.238464
202,35.508266,89.303101,3.947591,9.450032,0.000000,-9.450032
203,35.334699,0.968472,3.932700,0.984110,0.000000,-0.984110
204,35.312980,30.990989,3.940871,5.566955,0.000000,-5.566955
205,35.351425,43.040302,3.953904,6.560511,0.000000,6.560511
206,35.455399,56.354296,3.971493,7.506950,0.000000,7.506950
207,35.839485,113.424846,4.004393,10.650110,0.000000,10.650110
208,35.808253,29.468149,4.011373,5.428457,0.000000,5.428457
209,35.669631,7.390618,4.005067,2.718569,0.800000,-1.918569
210,35.743524,50.891616,4.020255,7.133836,10.600000,3.466164
211,36.095566,108.616359,4.051181,10.421917,0.000000,10.421917
212,36.120003,41.178344,4.062556,6.417035,0.000000,6.417035
213,36.085550,28.919266,4.068848,5.377664,0.000000,5.377664
214,36.039654,26.447438,4.073962,5.142707,0.000000,5.142707
215,35.951077,17.349887,4.074395,4.165320,0.000000,4.165320
216,35.807265,5.463054,4.066201,2.337318,0.000000,2.337318
217,35.690818,11.003930,4.062684,3.317217,0.000000,3.317217
218,35.579013,11.764719,4.059728,3.429974,0.000000,3.429974
219,35.496091,17.750657,4.060441,4.213153,0.000000,4.213153
220,35.465018,28.784275,4.066481,5.365098,0.000000,5.365098
221,35.320626,4.132035,4.057109,2.032741,0.500000,2.532741
222,35.202042,9.469311,4.052615,3.077225,0.000000,3.077225
223,35.043052,0.383271,4.036936,0.619089,0.000000,-0.619089
224,35.013742,28.594891,4.042893,5.347419,0.000000,5.347419
225,34.855726,0.092083,4.025973,0.303452,0.000000,0.303452
226,34.785460,19.256713,4.027604,4.388247,5.000000,0.611753
227,34.631673,0.490867,4.012685,0.700619,0.000000,0.700619
228,34.477112,0.010202,3.995222,0.101004,0.000000,0.101004
229,34.334759,2.447610,3.984419,1.564484,0.000000,-1.564484
230,34.219362,8.255118,3.979502,2.873172,0.000000,2.873172
231,34.094716,5.924636,3.972694,2.434058,0.000000,2.434058
232,33.951252,1.384804,3.960431,1.176777,0.000000,1.176777
233,34.720733,210.162424,4.006442,14.496980,15.200000,0.703020
234,34.604347,7.952098,4.001284,2.819946,2.500000,5.319946
235,34.462171,1.761592,3.989708,1.327250,0.000000,1.327250
236,34.318562,1.145018,3.977123,1.070055,0.000000,1.070055
237,34.217174,10.694990,3.974089,3.270320,0.000000,3.270320
238,34.074156,0.750933,3.960809,0.866564,0.000000,0.866564
239,33.971199,9.879405,3.957330,3.143152,0.000000,-3.143152
240,34.092043,62.490420,3.974058,7.905088,6.000000,-1.905088
241,34.043541,22.597025,3.977347,4.753633,0.000000,4.753633
242,33.901526,0.243813,3.962710,0.493774,0.000000,-0.493774
243,33.761486,0.432071,3.948880,0.657321,0.000000,0.657321
244,33.663147,10.160173,3.945708,3.187503,0.000000,3.187503
245,33.560680,8.968568,3.941762,2.994757,0.000000,2.994757
246,33.423084,0.262399,3.927590,0.512249,0.000000,-0.512249
247,33.423490,33.521904,3.935254,5.789810,0.000000,5.789810
248,33.301434,3.641797,3.926947,1.908349,0.000000,1.908349
249,33.183221,4.339144,3.919421,2.083061,0.000000,2.083061
250,33.049007,0.166710,3.905148,0.408302,0.000000,-0.408302
251,32.949371,8.438871,3.901099,2.904974,0.000000,2.904974
252,32.816762,0.062176,3.886374,0.249352,0.000000,0.249352
253,32.800034,28.651463,3.892263,5.352706,0.000000,5.352706
254,32.750749,20.478917,3.894795,4.525364,0.000000,4.525364
255,32.636838,4.159145,3.887403,2.039398,0.000000,2.039398
256,32.557951,12.757330,3.886151,3.571740,0.000000,3.571740
257,32.433121,0.975945,3.874695,0.987899,0.000000,-0.987899
258,32.364217,14.931309,3.874653,3.864105,0.000000,3.864105
259,32.237628,0.084111,3.860596,0.290019,0.000000,0.290019
260,32.167779,14.356212,3.860316,3.788959,0.000000,3.788959
261,32.045232,0.673411,3.848488,0.820616,0.200000,1.020616
262,31.928982,2.052511,3.839125,1.432659,0.000000,1.432659
263,31.805777,0.018922,3.824833,0.137556,0.000000,0.137556
264,31.685485,0.529807,3.812922,0.727878,0.000000,-0.727878
265,31.565413,0.346745,3.800569,0.588851,0.000000,0.588851
266,31.448352,0.895568,3.789675,0.946345,0.000000,-0.946345
267,31.328862,0.022311,3.775833,0.149370,0.000000,0.149370
268,31.210564,0.098285,3.762719,0.313505,0.000000,-0.313505
269,31.092795,0.001848,3.748682,0.042985,0.000000,-0.042985
270,30.975980,0.019880,3.735119,0.140995,0.000000,-0.140995
271,31.127373,71.397983,3.752777,8.449733,8.200000,-0.249733
272,31.312239,80.671435,3.772288,8.981728,0.000000,8.981728
273,31.216328,5.512110,3.766992,2.347788,0.000000,-2.347788
274,31.103649,0.793018,3.756339,0.890516,0.000000,0.890516
275,31.002018,3.561824,3.749442,1.887280,0.000000,1.887280
276,30.904345,4.434888,3.743399,2.105917,0.000000,2.105917
277,30.796059,1.342234,3.733931,1.158548,0.000000,1.158548
278,30.687145,0.953713,3.723868,0.976582,0.000000,0.976582
279,30.584811,2.545213,3.716128,1.595372,0.600000,2.195372
280,30.477812,1.053217,3.706382,1.026263,0.000000,1.026263
281,30.374325,1.811763,3.697861,1.346017,0.000000,1.346017
282,30.266157,0.303743,3.686542,0.551129,0.400000,-0.151129
283,30.162496,1.344580,3.677484,1.159560,0.000000,1.159560
284,30.061750,1.953589,3.669342,1.397708,0.000000,-1.397708
285,29.961851,1.990245,3.661305,1.410761,0.000000,1.410761
286,29.858224,0.739002,3.651370,0.859652,0.000000,-0.859652
287,29.757991,1.492340,3.642784,1.221613,0.000000,-1.221613
288,29.660029,1.936672,3.634857,1.391644,0.000000,-1.391644
289,29.573701,5.056734,3.629994,2.248718,2.400000,0.151282
290,29.494633,6.960055,3.626526,2.638192,2.000000,-0.638192
291,29.410006,5.206828,3.621841,2.281848,0.000000,2.281848
292,29.308155,0.076808,3.610227,0.277142,0.000000,0.277142
293,29.207485,0.214651,3.599338,0.463305,1.200000,1.663305
294,29.117014,2.970913,3.592870,1.723634,0.000000,1.723634
295,29.017953,0.290120,3.582374,0.538628,0.000000,-0.538628
296,28.924860,1.834808,3.574745,1.354551,0.000000,1.354551
297,28.826339,0.058373,3.563369,0.241606,0.000000,0.241606
298,28.728298,0.002056,3.551403,0.045340,2.000000,1.954660
299,28.632595,0.495956,3.541752,0.704241,0.000000,0.704241
300,28.537396,0.453689,3.532062,0.673565,0.000000,0.673565
301,28.441748,0.129962,3.521383,0.360503,1.000000,0.639497
302,28.349548,0.966139,3.512865,0.982924,0.000000,0.982924
303,28.339587,25.371282,3.517962,5.036991,5.400000,0.363009
304,28.252646,2.257327,3.511244,1.502440,0.000000,1.502440
305,28.174029,4.588804,3.506695,2.142149,0.000000,2.142149
306,28.085927,1.567250,3.499229,1.251898,0.000000,1.251898
307,28.019602,7.989538,3.497009,2.826577,0.000000,2.826577
308,27.949822,6.806506,3.494088,2.608928,0.000000,2.608928
309,27.869197,3.358975,3.488641,1.832751,0.000000,1.832751
310,27.800462,6.836340,3.485785,2.614640,0.000000,2.614640
311,27.733941,7.378456,3.483278,2.716331,0.000000,2.716331
312,27.659533,4.816374,3.479094,2.194624,0.200000,2.394624
313,27.594191,7.468894,3.476679,2.732928,0.000000,2.732928
314,27.507641,0.763732,3.468283,0.873918,0.000000,0.873918
315,27.431680,3.883710,3.463468,1.970713,0.000000,1.970713
316,27.348053,1.339952,3.456077,1.157563,0.000000,1.157563
317,27.267887,2.256065,3.449834,1.502020,0.000000,1.502020
318,27.181210,0.051579,3.439571,0.227111,0.600000,0.827111
319,27.111261,5.147047,3.435854,2.268710,1.800000,-0.468710
320,27.025630,0.051856,3.425702,0.227719,0.200000,-0.027719
321,26.941071,0.220633,3.416377,0.469716,0.000000,0.469716
322,26.859932,1.138905,3.408989,1.067195,0.000000,-1.067195
323,26.785567,3.137274,3.403855,1.771235,0.000000,1.771235
324,26.702634,0.247073,3.394772,0.497064,0.000000,0.497064
325,26.860208,77.283831,3.411583,8.791122,9.800000,1.008878
326,26.799514,7.316735,3.409388,2.704946,0.000000,2.704946
327,26.725278,2.821488,3.404033,1.679729,0.000000,-1.679729
328,26.642924,0.042496,3.394163,0.206145,0.000000,-0.206145
329,26.561549,0.195944,3.385082,0.442655,0.000000,0.442655
330,26.483181,1.013689,3.377786,1.006821,0.000000,1.006821
331,26.408286,1.992531,3.371773,1.411570,0.000000,-1.411570
332,26.340801,4.273306,3.367796,2.067198,0.000000,-2.067198
333,26.261923,0.389703,3.359457,0.624262,0.000000,0.624262
334,26.183039,0.230306,3.350731,0.479902,0.000000,-0.479902
335,26.113776,3.256943,3.346060,1.804700,0.000000,1.804700
336,26.036804,0.559002,3.338234,0.747665,0.400000,-0.347665
337,25.962532,1.304331,3.331639,1.142073,0.000000,1.142073
338,25.892576,2.597089,3.326489,1.611549,0.000000,-1.611549
339,25.829569,4.785234,3.323089,2.187518,0.000000,2.187518
340,25.756088,1.140224,3.316377,1.067813,0.400000,-0.667813
341,26.423778,250.767391,3.353526,15.835637,15.000000,-0.835637
342,26.571502,76.354595,3.369457,8.738112,11.200000,2.461888
343,26.566249,24.790883,3.374205,4.979044,4.000000,-0.979044
344,26.508785,7.028232,3.372078,2.651081,0.000000,-2.651081
345,26.438978,2.704863,3.367012,1.644647,0.000000,1.644647
346,26.362017,0.118012,3.358171,0.343529,0.000000,0.343529
347,26.300130,5.134982,3.354987,2.266050,0.000000,2.266050
348,26.229997,2.174370,3.349521,1.474574,0.000000,1.474574
349,26.158861,1.688115,3.343578,1.299275,0.000000,1.299275
350,26.127487,15.303532,3.345221,3.911973,2.400000,6.311973
351,26.090691,13.359073,3.346114,3.655007,0.000000,3.655007
352,26.026037,3.590965,3.341944,1.894984,0.000000,1.894984
353,25.951471,0.002633,3.332515,0.051316,0.000000,0.051316
354,25.901057,8.306561,3.331228,2.882110,0.000000,-2.882110
355,25.828600,0.468579,3.323688,0.684528,0.000000,-0.684528
356,25.767704,4.393436,3.320200,2.096052,0.000000,-2.096052
357,25.706023,3.994156,3.316456,1.998539,0.000000,-1.998539
358,25.678755,16.053068,3.318406,4.006628,0.000000,-4.006628
359,25.607847,0.506517,3.311063,0.711700,0.400000,-0.311700
360,25.545125,3.278705,3.306849,1.810719,0.000000,-1.810719
361,25.486002,4.438442,3.303487,2.106761,0.000000,2.106761
362,25.426540,4.198640,3.299983,2.049058,0.000000,2.049058
363,25.398595,15.394323,3.301720,3.923560,0.000000,3.923560
364,25.356828,10.362219,3.301490,3.219040,0.000000,3.219040
365,25.286874,0.103575,3.293236,0.321831,0.000000,0.321831
366,25.304657,31.724403,3.299698,5.632442,0.000000,5.632442
367,25.357852,44.614138,3.309009,6.679382,6.800000,0.120618
368,25.298727,3.836493,3.305299,1.958697,5.400000,7.358697
369,25.260885,11.486267,3.305529,3.389140,0.000000,3.389140
370,25.194171,0.843813,3.299007,0.918593,0.200000,-0.718593
371,25.127993,0.906642,3.292612,0.952177,0.000000,0.952177
372,25.060332,0.228876,3.284965,0.478410,0.600000,1.078410
373,25.013592,7.813131,3.283638,2.795198,3.400000,0.604802
374,24.950171,1.547918,3.278126,1.244154,0.000000,1.244154
375,24.888164,1.945448,3.273049,1.394793,0.000000,1.394793
376,24.827881,2.463154,3.268470,1.569444,0.000000,1.569444
377,24.772132,4.033430,3.265091,2.008340,0.000000,2.008340
378,24.707157,0.471404,3.258197,0.686588,0.000000,0.686588
379,24.641595,0.121435,3.250438,0.348475,0.000000,0.348475
380,24.607732,11.909083,3.250971,3.450954,2.800000,-0.650954
381,24.544599,0.806667,3.244730,0.898147,1.000000,1.898147
382,24.479903,0.089298,3.236937,0.298828,0.000000,0.298828
383,24.520202,39.753459,3.245032,6.305034,5.800000,-0.505034
384,24.458113,0.926284,3.239025,0.962436,3.000000,2.037564
385,24.394548,0.239929,3.231809,0.489825,0.400000,0.889825
386,24.333952,1.246894,3.226272,1.116644,0.000000,-1.116644
387,24.274844,1.695550,3.221248,1.302133,0.000000,1.302133
388,24.226214,5.600712,3.219023,2.366582,0.000000,2.366582
389,24.170543,2.793141,3.215003,1.671269,0.000000,1.671269
390,24.118035,3.902398,3.211791,1.975449,0.000000,1.975449
391,24.063035,2.833080,3.207841,1.683176,0.000000,1.683176
392,24.007873,2.660211,3.203777,1.631015,0.800000,2.431015
393,23.962735,6.449266,3.202070,2.539541,0.000000,2.539541
394,23.901323,0.011970,3.194140,0.109407,2.200000,2.309407
395,24.030086,74.247756,3.208008,8.616714,10.800000,2.183286
396,23.969168,0.150166,3.200813,0.387513,1.400000,1.787513
397,23.912513,1.703616,3.195990,1.305227,0.000000,1.305227
398,23.851824,0.000891,3.187954,0.029842,2.000000,1.970158
399,23.809883,7.285256,3.186717,2.699121,0.000000,2.699121
400,23.759499,3.857793,3.183629,1.964126,0.000000,1.964126
401,23.704101,1.766743,3.178958,1.329189,0.000000,1.329189
402,23.644972,0.170505,3.172008,0.412923,1.400000,0.987077
403,23.627857,16.816111,3.174336,4.100745,0.000000,4.100745
404,23.581946,5.263675,3.172136,2.294270,0.000000,2.294270
405,23.570734,19.085830,3.175120,4.368733,7.800000,3.431267
406,23.575151,25.346491,3.179745,5.034530,0.000000,5.034530
407,23.522401,2.316528,3.175632,1.522015,0.800000,2.322015
408,23.471126,2.807527,3.171919,1.675568,0.000000,1.675568
409,23.452615,15.974311,3.173955,3.996788,8.400000,4.403212
410,23.394998,0.060017,3.166741,0.244983,4.800000,5.044983
411,23.345689,3.326021,3.163441,1.823738,3.000000,1.176262
412,23.296737,3.373223,3.160189,1.836634,2.400000,0.563366
413,23.250676,4.457872,3.157625,2.111367,0.000000,2.111367
414,23.197089,1.280049,3.152683,1.131392,1.000000,-0.131392
415,23.155537,6.119101,3.151031,2.473682,0.000000,2.473682
416,23.107454,3.345586,3.147822,1.829094,0.000000,1.829094
417,23.095469,18.157645,3.150518,4.261179,0.000000,4.261179
418,23.046200,2.697942,3.146876,1.642541,0.000000,1.642541
419,23.000963,4.273063,3.144274,2.067139,1.400000,3.467139
420,22.969093,9.742981,3.144219,3.121375,0.000000,3.121375
421,22.920436,2.679176,3.140604,1.636819,0.000000,1.636819
422,22.865625,0.009248,3.133321,0.096167,0.000000,0.096167
423,22.823609,5.260785,3.131317,2.293640,0.000000,2.293640
424,22.771671,1.009727,3.126254,1.004852,0.000000,-1.004852
425,22.727680,4.251631,3.123726,2.061948,0.000000,2.061948
426,22.679438,2.369354,3.119971,1.539271,0.000000,1.539271
427,22.646291,8.658236,3.119551,2.942488,0.000000,2.942488
428,22.601748,3.760440,3.116767,1.939185,0.000000,1.939185
429,22.562074,5.740044,3.115071,2.395839,0.000000,2.395839
430,22.540901,13.542251,3.116397,3.679980,0.000000,3.679980
431,22.502508,6.147054,3.114905,2.479325,0.000000,2.479325
432,22.493188,18.513562,3.117681,4.302739,0.000000,4.302739
433,22.446992,2.675096,3.114226,1.635572,3.000000,1.364428
434,22.535857,60.659247,3.125096,7.788405,12.800000,5.011595
435,22.505793,9.578363,3.125026,3.094893,1.600000,4.694893
436,22.460364,2.880493,3.121721,1.697202,0.000000,1.697202
437,22.408496,0.001440,3.114599,0.037948,0.000000,-0.037948
438,22.357052,0.081542,3.108080,0.285556,0.000000,0.285556
439,22.315004,4.066199,3.105571,2.016482,0.000000,2.016482
440,22.268228,1.920657,3.101627,1.385878,0.000000,-1.385878
441,22.221004,1.631446,3.097452,1.277281,0.000000,-1.277281
442,22.176350,2.662551,3.094106,1.631733,0.000000,1.631733
443,22.182506,24.878988,3.098419,4.987884,5.400000,0.412116
444,22.140135,3.539069,3.095653,1.881241,0.000000,1.881241
445,22.096130,2.734016,3.092383,1.653486,0.000000,-1.653486
446,22.047720,0.698675,3.087278,0.835868,0.400000,-0.435868
447,22.000450,1.107412,3.082684,1.052336,0.000000,-1.052336
448,21.951509,0.270317,3.076912,0.519920,0.000000,0.519920
449,21.906999,2.144921,3.073289,1.464555,0.000000,-1.464555
450,21.868591,4.776713,3.071298,2.185569,0.000000,-2.185569
451,21.850089,13.598205,3.072677,3.687574,1.600000,-2.087574
452,22.363054,251.658520,3.101229,15.863749,16.400000,0.536251
453,22.316308,1.374365,3.096933,1.172333,4.400000,3.227667
454,22.337874,32.020969,3.102625,5.658707,4.600000,-1.058707
455,22.288367,0.010023,3.095968,0.100113,0.000000,0.100113
456,22.249531,4.734573,3.093932,2.175907,0.000000,2.175907
457,22.213372,5.869649,3.092451,2.422736,0.000000,2.422736
458,22.629014,210.914807,3.117628,14.522906,14.600000,0.077094
459,22.611740,14.769200,3.119222,3.843072,1.600000,5.443072
460,22.565136,1.360433,3.114940,1.166376,0.000000,1.166376
461,22.535214,8.890730,3.114648,2.981733,0.000000,2.981733
462,22.495557,4.372076,3.112413,2.090951,0.000000,2.090951
463,22.446971,0.194810,3.106594,0.441373,0.000000,0.441373
464,22.401845,1.688926,3.102666,1.299587,1.000000,2.299587
465,22.361312,3.716359,3.100117,1.927786,0.000000,-1.927786
466,22.334823,10.123214,3.100294,3.181700,0.000000,3.181700
467,22.286584,0.000028,3.093609,0.005303,0.000000,0.005303
468,22.251747,6.122346,3.092274,2.474338,0.000000,2.474338
469,22.217066,6.125002,3.090947,2.474874,0.000000,-2.474874
470,22.178703,4.339958,3.088784,2.083257,0.000000,2.083257
471,22.191924,28.353032,3.093572,5.324757,0.000000,-5.324757
472,22.149500,2.337215,3.090229,1.528795,0.000000,1.528795
473,22.102320,0.022332,3.083958,0.149438,0.000000,-0.149438
474,22.057490,1.032064,3.079558,1.015906,0.000000,1.015906
475,22.011262,0.284081,3.074151,0.532993,0.000000,0.532993
476,21.975565,5.162519,3.072452,2.272118,0.000000,2.272118
477,21.931895,1.319427,3.068385,1.148663,0.000000,1.148663
478,21.890743,2.426050,3.065198,1.557578,0.000000,1.557578
479,21.859204,6.909757,3.064279,2.628642,0.600000,3.228642
480,21.814207,0.440505,3.059235,0.663706,3.200000,2.536294
481,21.779618,5.315333,3.057655,2.305501,6.400000,4.094499
482,21.754956,9.990942,3.057871,3.160845,4.400000,1.239155
483,21.729072,9.356836,3.057873,3.058895,0.000000,3.058895
484,22.096268,197.982831,3.080817,14.070637,12.600000,-1.470637
485,22.387369,162.116115,3.100882,12.732483,18.200000,5.467517
486,22.438894,47.222381,3.108706,6.871854,0.000000,6.871854
487,22.417501,12.105993,3.109473,3.479367,1.600000,-1.879367
488,22.372152,0.468616,3.104463,0.684555,0.000000,-0.684555
489,22.336896,5.272801,3.102797,2.296258,0.000000,2.296258
490,22.307000,7.807357,3.102162,2.794165,0.000000,2.794165
491,22.262264,0.520640,3.097273,0.721554,1.800000,1.078446
492,22.217265,0.302816,3.092054,0.550287,0.000000,0.550287
493,22.184741,6.312863,3.090869,2.512541,0.000000,2.512541
494,22.140153,0.336864,3.085746,0.580400,0.000000,0.580400
495,22.099859,2.356002,3.082587,1.534927,0.000000,1.534927
496,22.054941,0.000142,3.076346,0.011922,0.200000,0.188078
497,22.164719,76.175198,3.087810,8.727840,8.000000,-0.727840
498,23.238268,552.498028,3.129140,23.505277,25.200000,1.694723
499,23.415626,111.030317,3.144106,10.537092,0.000000,10.537092
500,23.404565,17.929630,3.146304,4.234339,0.000000,-4.234339
501,23.370242,6.346069,3.145042,2.519141,0.000000,-2.519141
502,23.330193,3.425702,3.142443,1.850865,0.000000,1.850865
503,23.295307,5.922352,3.141023,2.433588,0.000000,2.433588
504,23.248743,0.013192,3.134970,0.114854,0.000000,0.114854
505,23.221263,9.481165,3.134859,3.079150,0.000000,3.079150
506,23.239894,32.574131,3.139984,5.707375,0.000000,5.707375
507,23.227664,17.087993,3.141959,4.133763,0.000000,4.133763
508,23.207847,13.240001,3.142945,3.638681,0.000000,3.638681
509,23.174016,6.123322,3.141621,2.474535,0.000000,2.474535
510,23.128628,0.207794,3.136313,0.455844,4.400000,4.855844
511,23.084113,0.559086,3.131602,0.747721,5.600000,6.347721
512,23.596972,283.616467,3.158589,16.840916,24.600000,7.759084
513,23.578962,14.429946,3.159847,3.798677,2.800000,6.598677
514,23.551347,9.495571,3.159693,3.081488,0.200000,-2.881488
515,23.562985,29.498051,3.164138,5.431211,0.000000,-5.431211
516,23.520199,1.657001,3.160472,1.287246,0.000000,-1.287246
517,23.477935,1.838362,3.156955,1.355862,0.000000,-1.355862
518,23.449715,8.973252,3.156641,2.995539,0.000000,2.995539
519,23.404574,0.201922,3.151384,0.449357,0.000000,0.449357
520,23.383105,12.326718,3.152081,3.510943,0.000000,3.510943
521,23.350014,6.274869,3.150829,2.504969,0.000000,2.504969
522,23.319609,7.599976,3.150068,2.756805,0.000000,2.756805
523,23.306455,16.492815,3.151824,4.061135,0.000000,4.061135
524,23.303188,21.607690,3.154702,4.648407,0.000000,4.648407
525,23.260709,1.171399,3.150724,1.082312,0.200000,1.282312
526,23.224072,4.136341,3.148584,2.033800,0.000000,2.033800
527,23.179737,0.036786,3.142931,0.191796,0.000000,-0.191796
528,24.185546,550.223865,3.181698,23.456851,22.000000,-1.456851
529,24.199020,31.259443,3.186287,5.591015,0.000000,5.591015
530,24.176985,12.608773,3.186980,3.550883,2.600000,-0.950883
531,26.823644,1418.965807,3.252411,37.669163,35.200000,-2.469163
532,27.274946,265.111559,3.277089,16.282247,0.000000,16.282247
533,27.489060,140.540805,3.293304,11.854991,9.800000,-2.054991
534,27.545819,57.571395,3.301407,7.587582,0.000000,7.587582
535,27.510435,8.757161,3.300762,2.959250,0.000000,2.959250
536,27.477477,9.976658,3.300495,3.158585,0.000000,3.158585
537,27.442266,8.710123,3.299840,2.951292,0.000000,2.951292
538,27.393715,1.516006,3.295966,1.231262,0.000000,1.231262
539,27.345895,1.810222,3.292320,1.345445,0.000000,-1.345445
540,27.299773,2.624202,3.289200,1.619939,0.000000,-1.619939
541,27.283980,18.818752,3.291153,4.338059,0.000000,-4.338059
542,27.242843,5.152644,3.289255,2.269944,0.800000,-1.469944
543,27.193559,0.678766,3.284681,0.823873,0.000000,0.823873
544,27.158610,8.320970,3.283940,2.884609,0.000000,-2.884609
545,27.113081,2.527490,3.280809,1.589808,2.600000,4.189808
546,27.064469,0.765137,3.276370,0.874721,0.000000,0.874721
547,27.071285,30.765973,3.280551,5.546708,0.000000,5.546708
548,27.039003,9.509427,3.280189,3.083736,0.000000,3.083736
549,27.068809,43.283732,3.286242,6.579037,0.000000,6.579037
550,27.050821,17.246970,3.287829,4.152947,1.000000,-3.152947
551,27.083618,44.991071,3.294081,6.707538,0.000000,6.707538
552,27.034639,0.242988,3.288969,0.492939,0.000000,0.492939
553,27.098258,61.961315,3.297316,7.871551,0.000000,7.871551
554,27.072763,13.076213,3.297896,3.616105,0.000000,3.616105
555,27.047757,13.294357,3.298528,3.646143,0.000000,3.646143
556,27.041867,23.796363,3.301390,4.878152,0.000000,4.878152
557,26.996401,1.899078,3.297912,1.378070,0.000000,1.378070
558,26.954452,3.756678,3.295457,1.938215,2.400000,4.338215
559,26.911558,3.148686,3.292717,1.774454,0.000000,-1.774454
560,26.872084,4.963657,3.290802,2.227927,0.000000,2.227927
561,26.823943,0.057826,3.285325,0.240471,0.400000,0.640471
562,26.795622,11.020444,3.285387,3.319705,5.800000,2.480295
563,26.749964,1.272808,3.281528,1.128188,2.800000,3.928188
564,26.715168,7.264606,3.280481,2.695293,0.000000,2.695293
565,26.669559,1.128123,3.276527,1.062131,0.600000,1.662131
566,26.628876,3.806058,3.274168,1.950912,0.000000,1.950912
567,26.585757,2.352555,3.271077,1.533804,0.000000,1.533804
568,26.538619,0.000132,3.265298,0.011503,1.000000,1.011503
569,26.496268,2.610040,3.262378,1.615562,0.000000,1.615562
570,26.450965,0.855005,3.258247,0.924665,0.000000,0.924665
571,26.405338,0.580637,3.253845,0.761995,0.000000,0.761995
572,26.369896,6.274302,3.252526,2.504856,4.000000,1.495144
573,26.946047,354.199750,3.279886,18.820195,20.200000,1.379805
574,26.923247,13.950180,3.280684,3.734994,0.800000,4.534994
575,27.184918,176.336902,3.298195,13.279191,11.400000,-1.879191
576,27.148232,6.200601,3.296782,2.490101,2.200000,4.690101
577,27.118606,10.172488,3.296595,3.189434,2.400000,-0.789434
578,27.071389,0.016004,3.291072,0.126506,4.800000,4.926506
579,27.024319,0.006622,3.285490,0.081373,0.800000,0.718627
580,27.003078,14.789099,3.286462,3.845660,0.000000,3.845660
581,26.958107,1.055077,3.282547,1.027169,0.000000,1.027169
582,26.919055,4.386213,3.280491,2.094329,3.800000,1.705671
583,26.873767,0.697223,3.276267,0.834999,5.400000,6.234999
584,26.844416,9.850012,3.276030,3.138473,0.000000,3.138473
585,26.798882,0.389371,3.271465,0.623996,4.700000,4.076004
586,26.786559,19.626570,3.273456,4.430188,0.600000,5.030188
587,26.896562,90.918422,3.284197,9.535115,0.600000,10.135115
588,26.860466,5.816400,3.282703,2.411721,0.000000,2.411721
589,26.839104,14.363847,3.283570,3.789967,1.800000,5.589967
590,26.800756,4.367236,3.281533,2.089793,0.000000,2.089793
591,26.764824,5.708427,3.280013,2.389232,0.000000,2.389232
592,26.721615,1.358049,3.276416,1.165354,0.000000,-1.165354
593,26.699456,13.669851,3.277131,3.697276,0.000000,3.697276
594,26.654238,0.020864,3.271821,0.144445,0.000000,-0.144445
595,26.617992,5.232816,3.270156,2.287535,0.000000,2.287535
596,26.573062,0.019551,3.264868,0.139824,0.000000,-0.139824
597,26.830063,178.974881,3.281922,13.378149,14.600000,1.221851
598,26.841534,33.643930,3.286162,5.800339,2.000000,7.800339
599,26.823540,16.134553,3.287390,4.016784,0.000000,4.016784
600,26.801850,13.896314,3.288129,3.727776,0.000000,3.727776
601,26.757230,0.163791,3.283299,0.404711,0.000000,0.404711
602,26.716817,2.590409,3.280500,1.609475,0.000000,1.609475
603,26.676764,2.725339,3.277779,1.650860,0.000000,1.650860
604,26.632382,0.047373,3.272679,0.217652,0.000000,0.217652
605,26.591233,1.901999,3.269529,1.379130,0.000000,1.379130
606,26.547077,0.008881,3.264254,0.094237,0.000000,0.094237
607,26.509624,3.963339,3.262142,1.990814,0.000000,1.990814
608,26.467535,1.087779,3.258468,1.042966,0.000000,-1.042966
609,26.454306,18.463783,3.260184,4.296950,0.000000,4.296950
610,26.416523,3.558025,3.257917,1.886273,0.000000,1.886273
611,26.392431,11.792426,3.258207,3.434010,0.000000,3.434010
612,26.357165,4.950744,3.256508,2.225027,0.000000,2.225027
613,26.320334,3.927166,3.254415,1.981708,0.000000,1.981708
614,26.277953,0.468071,3.250201,0.684157,0.000000,0.684157
615,26.235370,0.259637,3.245716,0.509546,0.400000,0.909546
616,26.193771,0.776877,3.241853,0.881406,2.200000,3.081406
617,26.164646,8.340294,3.241275,2.887957,0.000000,2.887957
618,26.123376,0.824335,3.237475,0.907929,0.000000,0.907929
619,26.082149,0.769053,3.233637,0.876957,0.000000,0.876957
620,26.063270,14.452449,3.234559,3.801638,4.400000,0.598362
621,26.027038,3.708456,3.232438,1.925735,0.000000,1.925735
622,25.988094,1.959716,3.229472,1.399899,0.000000,1.399899
623,25.946684,0.355411,3.225218,0.596164,0.000000,0.596164
624,25.905793,0.594078,3.221259,0.770765,0.600000,1.370765
625,25.876741,7.864540,3.220588,2.804379,0.000000,2.804379
626,25.836295,0.719247,3.216774,0.848084,0.000000,0.848084
627,25.795229,0.252314,3.212417,0.502308,0.000000,0.502308
628,25.754881,0.618145,3.208528,0.786222,0.000000,0.786222
629,25.714092,0.261364,3.204213,0.511238,0.000000,0.511238
630,25.674134,0.700417,3.200431,0.836909,0.000000,0.836909
631,25.633202,0.009662,3.195484,0.098296,0.000000,0.098296
632,25.593149,0.479984,3.191498,0.692809,0.000000,0.692809
633,25.552680,0.138475,3.187016,0.372122,0.000000,-0.372122
634,25.512492,0.233873,3.182725,0.483605,0.000000,0.483605
635,25.472124,0.040381,3.178000,0.200951,0.000000,-0.200951
636,25.432019,0.125860,3.173532,0.354768,0.000000,0.354768
637,25.476162,53.374518,3.180060,7.305787,6.800000,-0.505787
638,25.449885,8.816490,3.179728,2.969257,0.200000,3.169257
639,25.418052,5.236025,3.178324,2.288236,0.000000,2.288236
640,25.389224,7.083571,3.177511,2.661498,4.800000,2.138502
641,25.368076,11.917538,3.177943,3.452179,0.000000,3.452179
642,25.342889,9.298938,3.177741,3.049416,0.000000,3.049416
643,25.310746,4.803797,3.176198,2.191757,0.000000,2.191757
644,25.274932,2.389289,3.173651,1.545733,0.000000,1.545733
645,25.255970,13.120371,3.174350,3.622205,5.800000,2.177795
646,25.237430,13.353738,3.175098,3.654277,0.000000,3.654277
647,25.212444,9.171100,3.174870,3.028382,0.000000,3.028382
648,25.180729,4.788223,3.173338,2.188201,2.800000,0.611799
649,25.156663,9.657786,3.173236,3.107698,0.000000,3.107698
650,25.122588,3.144499,3.171069,1.773273,0.000000,1.773273
651,25.084312,0.357849,3.167092,0.598205,2.000000,1.401795
652,25.045602,0.000290,3.162231,0.017037,2.000000,2.017037
653,25.011478,2.899468,3.159982,1.702782,4.200000,2.497218
654,24.986794,8.966565,3.159727,2.994422,0.000000,2.994422
655,24.954223,3.783262,3.157862,1.945061,0.400000,2.345061
656,24.921797,3.812499,3.156013,1.952562,0.000000,1.952562
657,24.892367,5.703836,3.154837,2.388271,0.000000,2.388271
658,24.856209,1.245007,3.151719,1.115799,0.000000,1.115799
659,24.818949,0.451010,3.147933,0.671573,0.000000,0.671573
660,24.787036,3.884195,3.146139,1.970836,0.000000,1.970836
661,24.751110,1.183065,3.143005,1.087688,0.000000,1.087688
662,24.754670,27.093749,3.146139,5.205166,6.600000,1.394834
663,24.741690,16.201199,3.147473,4.025071,0.000000,4.025071
664,24.706355,1.420467,3.144510,1.191834,0.000000,1.191834
665,24.672514,2.337082,3.142066,1.528752,0.000000,1.528752
666,24.635254,0.006805,3.137444,0.082493,0.000000,0.082493
667,24.602964,3.226611,3.135421,1.796277,0.000000,1.796277
668,24.566044,0.088491,3.131147,0.297475,0.000000,-0.297475
669,24.529182,0.052982,3.126785,0.230179,0.000000,-0.230179
670,24.501299,5.958812,3.125755,2.441068,0.000000,2.441068
671,24.478587,9.352351,3.125654,3.058161,0.000000,3.058161
672,24.454235,8.211414,3.125264,2.865556,0.000000,2.865556
673,24.424462,4.536272,3.123777,2.129853,0.000000,2.129853
674,24.399819,7.913390,3.123313,2.813075,0.000000,2.813075
675,24.368709,3.525117,3.121456,1.877530,0.000000,1.877530
676,24.335551,2.086881,3.118961,1.444604,3.600000,2.155396
677,24.299650,0.173833,3.114946,0.416933,2.800000,2.383067
678,24.290076,17.846814,3.116592,4.224549,0.000000,4.224549
679,24.255818,1.165779,3.113575,1.079713,0.000000,1.079713
680,24.223095,2.134956,3.111130,1.461149,3.000000,1.538851
681,24.187316,0.000668,3.106573,0.025846,2.300000,2.274154
682,24.160720,6.155769,3.105650,2.481082,0.000000,2.481082
683,24.125754,0.418842,3.102030,0.647180,0.000000,0.647180
684,24.091095,0.557610,3.098566,0.746733,0.000000,0.746733
685,24.056015,0.201427,3.094675,0.448807,1.000000,0.551193
686,24.021461,0.490101,3.091164,0.700072,2.400000,1.699928
687,23.987974,1.149861,3.088208,1.072316,1.000000,2.072316
688,23.952954,0.034241,3.083964,0.185043,1.300000,1.114957
689,23.938399,13.982520,3.084920,3.739321,0.200000,3.939321
690,23.907808,2.953308,3.082929,1.718519,2.100000,0.381481
691,23.875526,1.730062,3.080356,1.315318,4.200000,2.884682
692,23.852472,8.014288,3.079993,2.830952,0.000000,2.830952
693,23.818722,0.598665,3.076646,0.773735,0.000000,0.773735
694,23.784640,0.302421,3.072984,0.549928,0.000000,0.549928
695,23.750782,0.388335,3.069439,0.623166,0.000000,0.623166
696,23.718137,1.160698,3.066560,1.077357,0.000000,1.077357
697,23.684023,0.077313,3.062536,0.278052,0.000000,0.278052
698,23.650158,0.181596,3.058737,0.426140,0.000000,0.426140
699,23.724105,75.043088,3.066801,8.662741,8.500000,-0.162741
700,23.727651,26.192458,3.069747,5.117857,0.000000,5.117857
701,23.707402,9.614151,3.069792,3.100669,0.000000,3.100669
702,23.682583,6.383386,3.069013,2.526536,0.000000,2.526536
703,23.656796,5.657343,3.068026,2.378517,0.000000,2.378517
704,23.624118,0.782673,3.064907,0.884688,3.200000,2.315312
705,23.602806,8.684436,3.064738,2.946937,0.000000,2.946937
706,23.574840,3.970562,3.063211,1.992627,0.000000,1.992627
707,23.547977,4.690095,3.061934,2.165663,0.000000,2.165663
708,23.519031,3.169883,3.060114,1.780417,0.400000,2.180417
709,23.506896,14.964190,3.061260,3.868357,0.000000,3.868357
710,23.473624,0.016344,3.057105,0.127843,0.000000,0.127843
711,23.440658,0.167108,3.053360,0.408789,1.600000,2.008789
712,23.416974,6.672080,3.052695,2.583037,0.000000,2.583037
713,23.386397,1.738059,3.050249,1.318355,0.000000,1.318355
714,23.354159,0.497525,3.046946,0.705355,0.000000,0.705355
715,23.322313,0.711535,3.043847,0.843525,0.000000,0.843525
716,23.289771,0.152556,3.040121,0.390584,0.000000,0.390584
717,23.257123,0.011865,3.036010,0.108925,0.000000,0.108925
718,23.244232,14.052933,3.037008,3.748724,3.200000,-0.548724
719,23.216423,3.360143,3.035324,1.833069,0.000000,1.833069
720,23.184077,0.057169,3.031419,0.239101,0.000000,0.239101
721,23.151753,0.007853,3.027315,0.088617,0.000000,-0.088617
722,23.119519,0.007172,3.023216,0.084686,0.000000,0.084686
723,23.087366,0.001868,3.019072,0.043223,0.000000,-0.043223
724,23.055475,0.125504,3.015370,0.354266,0.000000,0.354266
725,23.023925,0.308460,3.011959,0.555392,0.000000,-0.555392
726,22.992316,0.202005,3.008409,0.449450,0.000000,0.449450
727,22.963099,1.868449,3.006139,1.366912,0.400000,-0.966912
728,22.932852,1.064279,3.003412,1.031639,1.800000,0.768361
729,22.903372,1.560080,3.000992,1.249032,0.000000,1.249032
730,22.882001,7.387562,3.000602,2.718007,2.800000,0.081993
731,22.854314,2.753990,2.998757,1.659515,6.200000,4.540485
732,22.836526,9.904664,2.998961,3.147168,7.200000,4.052832
733,22.811262,4.418821,2.997731,2.102099,1.600000,3.702099
734,22.790993,8.014835,2.997503,2.831048,0.000000,2.831048
735,22.763169,2.451526,2.995544,1.565735,0.000000,1.565735
736,22.734382,1.691590,2.993229,1.300611,1.000000,2.300611
737,22.703506,0.101767,2.989580,0.319009,2.800000,2.480991
738,22.682578,7.342295,2.989199,2.709667,0.400000,3.109667
739,22.658148,4.726942,2.988090,2.174153,0.400000,2.574153
740,22.650481,17.014922,2.989635,4.124915,0.000000,4.124915
741,22.621030,0.945010,2.986897,0.972116,0.400000,1.372116
742,22.601356,8.101930,2.986707,2.846389,0.000000,2.846389
743,22.572715,1.435297,2.984286,1.198039,0.000000,1.198039
744,22.675128,98.358664,2.993656,9.917594,11.200000,1.282406
745,22.646060,1.136028,2.991054,1.065846,3.400000,4.465846
746,22.621701,4.571304,2.989904,2.138061,0.000000,2.138061
747,22.594414,2.347759,2.987943,1.532240,0.000000,1.532240
748,22.573465,7.008340,2.987485,2.647327,4.400000,1.752673
749,22.557096,10.378557,2.987799,3.221577,1.200000,4.421577
750,22.529176,1.728377,2.985556,1.314678,0.000000,1.314678
751,22.499118,0.076079,2.981929,0.275824,0.000000,0.275824
752,22.474171,3.838602,2.980561,1.959235,0.000000,1.959235
753,22.452678,6.375675,2.979953,2.525010,0.000000,2.525010
754,22.423515,0.580658,2.976996,0.762009,0.000000,0.762009
755,22.393901,0.183233,2.973602,0.428057,0.000000,-0.428057
756,22.373054,6.717294,2.973094,2.591774,0.000000,2.591774
757,22.343768,0.320790,2.969898,0.566383,0.000000,0.566383
758,22.339574,19.181698,2.971768,4.379692,5.400000,1.020308
759,22.328953,14.320389,2.972844,3.784229,0.000000,3.784229
760,22.300929,1.142509,2.970325,1.068882,0.000000,1.068882
761,22.271714,0.185174,2.966970,0.430319,0.000000,0.430319
762,22.254170,8.973834,2.967008,2.995636,0.000000,2.995636
763,22.226625,1.347445,2.964628,1.160795,0.000000,1.160795
764,22.200232,2.168075,2.962665,1.472438,0.000000,1.472438
765,22.174414,2.552682,2.960871,1.597712,0.000000,1.597712
766,22.148908,2.738797,2.959157,1.654931,0.000000,1.654931
767,22.122338,1.875494,2.957074,1.369487,0.000000,1.369487
768,22.095543,1.651089,2.954885,1.284947,0.000000,1.284947
769,22.068786,1.626791,2.952690,1.275457,0.600000,1.875457
770,22.050421,8.000884,2.952528,2.828583,0.000000,2.828583
771,22.023593,1.473748,2.950261,1.213980,0.000000,1.213980
772,22.003022,6.225135,2.949668,2.495022,3.400000,0.904978
773,21.976432,1.554650,2.947454,1.246856,4.000000,2.753144
774,21.953515,4.330906,2.946329,2.081083,0.000000,2.081083
775,21.926458,1.092541,2.943863,1.045247,0.000000,1.045247
776,21.899360,1.006358,2.941349,1.003174,0.000000,1.003174
777,21.906552,27.459005,2.944323,5.240134,6.000000,0.759866
778,21.882024,2.921893,2.942728,1.709355,0.000000,1.709355
779,21.857842,3.140914,2.941217,1.772262,0.000000,1.772262
780,21.834026,3.376369,2.939795,1.837490,0.000000,1.837490
781,21.808091,1.683157,2.937681,1.297365,0.200000,1.497365
782,21.805698,19.946411,2.939646,4.466141,6.200000,1.733859
783,21.780414,2.108910,2.937736,1.452209,1.000000,2.452209
784,21.752535,0.034704,2.934209,0.186290,0.000000,0.186290
785,21.724747,0.050563,2.930740,0.224863,0.000000,0.224863
786,21.698955,1.555118,2.928587,1.247044,0.000000,1.247044
787,21.676938,4.459629,2.927544,2.111783,0.000000,2.111783
788,21.649483,0.151968,2.924307,0.389831,0.000000,0.389831
789,21.622776,0.684511,2.921635,0.827352,0.000000,0.827352
790,21.599314,3.181675,2.920188,1.783725,0.000000,1.783725
791,21.581785,7.804683,2.920027,2.793686,0.000000,2.793686
792,21.554408,0.008002,2.916435,0.089455,2.200000,2.110545
793,21.534002,5.454154,2.915698,2.335413,0.000000,2.335413
794,21.514173,5.869664,2.915074,2.422739,0.000000,2.422739
795,21.492775,4.587747,2.914097,2.141903,0.000000,2.141903
796,21.477517,9.408633,2.914291,3.067349,4.600000,1.532651
797,21.454905,3.546222,2.912990,1.883142,0.000000,1.883142
798,21.434079,4.919324,2.912115,2.217955,0.000000,2.217955
799,21.409651,2.013256,2.910237,1.418892,0.000000,1.418892
800,21.561992,142.673337,2.921586,11.944594,13.600000,1.655406
801,21.549614,11.696724,2.922212,3.420047,5.200000,1.779953
802,21.522679,0.055472,2.918845,0.235525,0.000000,-0.235525
803,21.495750,0.006438,2.915292,0.080235,0.000000,-0.080235
804,21.492440,18.847761,2.917075,4.341401,6.400000,2.058599
805,21.469943,3.472438,2.915759,1.863448,0.000000,1.863448
806,21.443862,0.553133,2.913051,0.743729,0.000000,0.743729
807,21.418574,1.137184,2.910751,1.066388,0.400000,-0.666388
808,21.391952,0.014730,2.907282,0.121369,0.000000,0.121369
809,21.365791,0.332452,2.904387,0.576587,0.000000,0.576587
810,21.341135,1.492980,2.902299,1.221876,0.000000,1.221876
811,21.316751,1.663245,2.900301,1.289669,0.000000,-1.289669
812,21.293460,2.497504,2.898667,1.580349,0.000000,1.580349
813,21.268880,1.408237,2.896551,1.186692,0.000000,-1.186692
814,21.243769,0.929130,2.894165,0.963914,0.000000,0.963914
815,21.217805,0.187197,2.891130,0.432663,0.000000,-0.432663
816,21.195680,3.252014,2.889791,1.803334,0.000000,1.803334
817,21.190419,16.918346,2.891295,4.113192,3.400000,-0.713192
818,21.224229,48.711512,2.896318,6.979363,10.000000,3.020637
819,21.203043,3.958296,2.895205,1.989547,0.200000,2.189547
820,21.177068,0.007281,2.891761,0.085328,0.000000,-0.085328
821,21.261165,89.884297,2.899826,9.480733,11.200000,1.719267
822,21.253513,15.001477,2.901016,3.873174,0.000000,3.873174
823,21.227894,0.271874,2.898111,0.521416,3.000000,2.478584
824,21.202411,0.331398,2.895278,0.575672,0.000000,0.575672
825,21.185352,7.197199,2.895020,2.682760,0.000000,2.682760
826,21.175801,13.334320,2.895940,3.651619,0.000000,3.651619
827,21.160616,8.678637,2.896001,2.945953,0.000000,2.945953
828,21.136197,1.039555,2.893724,1.019586,0.000000,1.019586
829,21.122302,9.672916,2.893986,3.110131,3.600000,0.489869
830,21.099666,2.424825,2.892368,1.557185,1.400000,-0.157185
831,21.093119,15.685740,2.893659,3.960523,0.000000,3.960523
832,21.079983,10.216289,2.894025,3.196293,4.200000,1.003707
833,21.054570,0.012491,2.890668,0.111761,0.000000,-0.111761
834,21.225954,163.302906,2.902582,12.779003,12.800000,0.020997
835,21.208193,6.467194,2.902149,2.543068,0.400000,2.943068
836,21.187699,4.157176,2.901112,2.038915,0.200000,-1.838915
837,21.167754,4.573572,2.900197,2.138591,2.800000,0.661409
838,21.143462,0.907836,2.897862,0.952804,0.000000,-0.952804
839,21.123126,4.162549,2.896834,2.040233,0.400000,2.440233
840,21.185033,72.877773,2.903581,8.536848,8.400000,-0.136848
841,21.161022,1.087707,2.901358,1.042932,0.200000,1.242932
842,21.139738,3.325197,2.900072,1.823512,0.200000,2.023512
843,21.116051,1.266260,2.897956,1.125282,0.000000,1.125282
844,21.097943,5.904929,2.897399,2.430006,0.200000,2.630006
845,21.077275,3.716165,2.896246,1.927736,0.000000,1.927736
846,22.979559,1622.800995,2.940650,40.284004,43.400000,3.115996
847,23.011386,49.809199,2.945533,7.057563,4.200000,-2.857563
848,23.071033,73.353906,2.952191,8.564689,8.800000,0.235311
849,23.043788,0.048761,2.948959,0.220819,0.000000,0.220819
850,23.303439,242.708586,2.963888,15.579107,17.200000,1.620893
851,23.292496,14.035046,2.964812,3.746338,4.000000,0.253662
852,23.346296,68.914907,2.971105,8.301500,1.800000,-6.501500
853,23.325439,5.638288,2.970402,2.374508,2.600000,0.225492
854,23.310143,10.324184,2.970688,3.213127,4.000000,7.213127
855,23.304403,18.425062,2.972241,4.292442,5.200000,0.907558
856,23.320031,36.619974,2.975855,6.051444,0.000000,6.051444
857,23.294822,1.816018,2.973946,1.347597,0.400000,-0.947597
858,23.282754,12.989336,2.974684,3.604072,0.000000,3.604072
859,23.255616,0.079632,2.971535,0.282192,0.000000,0.282192
860,23.257170,24.585962,2.973856,4.958423,0.000000,4.958423
861,23.236988,5.960703,2.973235,2.441455,0.000000,2.441455
862,23.409870,171.570437,2.985036,13.098490,0.000000,13.098490
863,23.384933,1.988203,2.983202,1.410037,1.200000,-0.210037
864,23.525749,144.487406,2.993711,12.020291,0.000000,12.020291
865,23.526288,23.989510,2.995922,4.897909,1.000000,-3.897909
866,23.569612,60.871630,3.001498,7.802027,10.200000,2.397973
867,23.610015,58.437226,3.006878,7.644424,0.000000,7.644424
868,23.609565,23.221562,3.008975,4.818876,0.000000,4.818876
869,23.582365,0.081579,3.005827,0.285621,1.600000,1.885621
870,23.555572,0.379060,3.003067,0.615678,0.000000,-0.615678
871,23.657192,111.660843,3.011791,10.566969,0.000000,10.566969
872,23.632751,2.442104,3.010121,1.562723,1.400000,-0.162723
873,23.633284,24.096196,3.012306,4.908788,12.400000,17.308788
874,23.615001,7.726910,3.012039,2.779732,0.000000,2.779732
875,23.614552,23.223830,3.014114,4.819111,0.400000,5.219111
876,23.592249,4.166624,3.012998,2.041231,0.000000,2.041231
877,23.580308,13.167591,3.013703,3.628718,0.000000,3.628718
878,23.567254,12.170827,3.014247,3.488671,0.000000,3.488671
879,23.541179,0.751452,3.011793,0.866864,0.000000,0.866864
880,23.518958,4.076199,3.010659,2.018960,0.000000,2.018960
881,23.492393,0.221411,3.007763,0.470543,0.000000,0.470543
882,23.477185,10.139575,3.007964,3.184270,0.000000,3.184270
883,23.456806,5.564246,3.007225,2.358865,0.000000,2.358865
884,23.433567,3.006284,3.005778,1.733864,0.000000,1.733864
885,23.407914,0.833157,3.003403,0.912775,0.800000,1.712775
886,23.386720,4.714474,3.002459,2.171284,0.000000,2.171284
887,23.369556,8.231229,3.002308,2.869012,0.000000,2.869012
888,23.354577,10.127932,3.002512,3.182441,4.800000,1.617559
889,23.334046,5.184887,3.001692,2.277035,0.500000,2.777035
890,23.355496,42.338627,3.005648,6.506814,6.200000,-0.306814
891,23.350443,18.873362,3.007158,4.344348,0.000000,4.344348
892,23.325289,1.014058,3.004905,1.007005,0.000000,1.007005
893,23.303911,4.320331,3.003863,2.078541,0.000000,2.078541
894,23.278830,0.981870,3.001601,0.990893,0.000000,0.990893
895,23.253960,1.119189,2.999420,1.057917,0.000000,1.057917
896,23.231101,2.863999,2.997954,1.692335,0.000000,1.692335
897,23.205272,0.165575,2.995053,0.406910,0.000000,0.406910
898,23.182919,3.221734,2.993711,1.794919,0.000000,1.794919
899,23.157020,0.003325,2.990430,0.057660,1.000000,0.942340
900,23.146435,13.672531,2.991219,3.697639,0.000000,3.697639
901,23.128244,6.829444,2.990798,2.613320,1.600000,-1.013320
902,23.102539,0.045283,2.987705,0.212797,1.800000,1.587203
903,23.077040,0.178723,2.984851,0.422757,0.000000,0.422757
904,23.053448,1.844022,2.983044,1.357948,0.000000,1.357948
905,23.028559,0.629102,2.980613,0.793159,0.000000,0.793159
906,23.054323,46.267239,2.984850,6.802003,7.800000,0.997997
907,23.068756,36.087855,2.988197,6.007317,6.800000,0.792683
908,24.684969,1484.125231,3.027507,38.524346,41.400000,2.875654
909,24.678293,18.643169,3.028933,4.317774,2.000000,6.317774
910,24.657434,5.779661,3.028243,2.404093,2.000000,-0.404093
911,24.631611,1.236032,3.026130,1.111770,0.000000,1.111770
912,24.651850,43.008483,3.030020,6.558085,0.000000,6.558085
913,24.627572,2.583403,3.028455,1.607297,0.000000,1.607297
914,24.605161,4.233768,3.027388,2.057612,0.400000,-1.657612
915,24.578154,0.001434,3.024106,0.037871,0.000000,0.037871
916,24.680448,117.870247,3.032695,10.856806,10.200000,-0.656806
917,24.658172,4.342180,3.031655,2.083790,0.000000,2.083790
918,24.631801,0.555483,3.029154,0.745307,0.000000,0.745307
919,24.616632,10.752229,3.029427,3.279059,0.000000,-3.279059
920,24.601934,11.152843,3.029766,3.339587,0.000000,3.339587
921,24.590023,13.679508,3.030495,3.698582,0.000000,-3.698582
922,24.570774,6.919393,3.030059,2.630474,0.000000,2.630474
923,24.548452,4.057028,3.028954,2.014207,0.000000,2.014207
924,24.532460,9.835980,3.029070,3.136237,0.000000,3.136237
925,24.506075,0.232360,3.026305,0.482038,0.000000,-0.482038
926,24.481086,1.466218,3.024336,1.210875,0.000000,1.210875
927,24.463142,7.918676,3.024108,2.814014,0.000000,-2.814014
928,24.438097,1.321040,3.022079,1.149365,0.000000,1.149365
929,24.433830,20.491053,3.023706,4.526704,2.000000,-2.526704
930,24.420212,11.823350,3.024154,3.438510,0.400000,3.838510
931,24.418526,22.858121,3.026049,4.781017,7.800000,3.018983
932,24.397725,5.114408,3.025225,2.261506,2.600000,0.338494
933,24.411909,37.575372,3.028567,6.129875,2.400000,8.529875
934,24.386379,0.669060,3.026190,0.817961,0.000000,0.817961
935,24.361329,1.064192,3.024047,1.031597,0.000000,1.031597
936,24.337478,2.132793,3.022370,1.460408,0.000000,-1.460408
937,24.311941,0.511143,3.019897,0.714943,2.400000,1.685057
938,24.299440,12.635649,3.020469,3.554666,5.800000,2.245334
939,24.280311,6.413783,3.019947,2.532545,0.000000,2.532545
940,24.254457,0.080964,3.017025,0.284542,0.000000,0.284542
941,24.236174,7.123371,3.016653,2.668964,0.000000,2.668964
942,24.210534,0.185916,3.013897,0.431179,0.000000,0.431179
943,24.206541,20.461205,3.015505,4.523406,0.000000,4.523406
944,24.182673,1.771153,3.013712,1.330847,0.000000,1.330847
945,24.163796,6.419473,3.013202,2.533668,0.000000,2.533668
946,24.145312,6.750997,3.012762,2.598268,0.000000,2.598268
947,24.128891,8.660576,3.012688,2.942886,0.000000,2.942886
948,24.109312,5.646033,3.012013,2.376138,0.000000,2.376138
949,24.089816,5.686465,3.011350,2.384631,0.000000,2.384631
950,24.068073,3.520377,3.010150,1.876267,0.000000,1.876267
951,24.046348,3.494639,3.008945,1.869395,0.000000,1.869395
952,24.024490,3.325229,3.007695,1.823521,0.000000,1.823521
953,24.003312,3.926544,3.006613,1.981551,0.000000,1.981551
954,23.981512,3.293220,3.005359,1.814723,0.000000,1.814723
955,23.958231,1.840798,3.003625,1.356760,0.000000,1.356760
956,23.938766,5.428089,3.002917,2.329826,0.000000,2.329826
957,23.997518,79.929507,3.009148,8.940330,10.200000,1.259670
958,24.012357,38.153865,3.012468,6.176881,0.000000,6.176881
959,23.990694,3.323877,3.011223,1.823150,0.000000,1.823150
960,23.967378,1.700324,3.009437,1.303965,0.000000,1.303965
961,23.942439,0.101601,3.006625,0.318749,0.000000,0.318749
962,23.918365,0.879368,3.004466,0.937746,0.000000,0.937746
963,23.893668,0.233710,3.001837,0.483436,0.000000,0.483436
964,23.869172,0.377754,2.999350,0.614617,0.000000,0.614617
965,23.846751,2.322460,2.997815,1.523962,0.000000,1.523962
966,23.822496,0.513473,2.995444,0.716570,0.000000,-0.716570
967,23.798025,0.256815,2.992859,0.506770,0.000000,-0.506770
968,23.774614,1.229673,2.990905,1.108906,0.000000,-1.108906
969,23.750019,0.040962,2.988015,0.202390,0.000000,-0.202390
970,23.727191,1.698111,2.986271,1.303116,0.000000,-1.303116
971,23.702849,0.188206,2.983632,0.433827,0.000000,-0.433827
972,23.678793,0.416405,2.981216,0.645294,0.000000,-0.645294
973,23.654547,0.184323,2.978582,0.429328,0.000000,-0.429328
974,23.630643,0.467938,2.976217,0.684060,0.000000,0.684060
975,23.606626,0.310053,2.973725,0.556824,0.000000,0.556824
976,23.583174,0.811478,2.971593,0.900821,1.000000,0.099179
977,23.560105,1.136882,2.969634,1.066247,0.000000,1.066247
978,23.536397,0.468753,2.967288,0.684656,0.000000,0.684656
979,23.538479,25.565788,2.969431,5.056262,5.600000,0.543738
980,23.564853,49.279842,2.973581,7.019960,9.600000,2.580040
981,23.553331,12.307765,2.974128,3.508242,0.000000,3.508242
982,23.532285,2.970107,2.972850,1.723400,0.000000,1.723400
983,23.508774,0.514870,2.970546,0.717545,0.000000,0.717545
984,23.492027,7.096920,2.970233,2.664005,0.000000,2.664005
985,23.468801,0.708002,2.968063,0.841429,0.000000,0.841429
986,23.445010,0.105884,2.965372,0.325399,0.000000,0.325399
987,23.421188,0.027290,2.962523,0.165197,0.000000,0.165197
988,23.398082,0.685191,2.960354,0.827762,0.000000,0.827762
989,23.375020,0.682391,2.958187,0.826070,0.000000,0.826070
990,23.353018,1.680672,2.956502,1.296407,1.800000,0.503593
991,23.350857,21.219685,2.958173,4.606483,6.000000,1.393517
992,23.338538,11.179727,2.958564,3.343610,0.000000,3.343610
993,23.314946,0.006386,2.955653,0.079912,0.000000,0.079912
994,23.292070,0.667885,2.953493,0.817242,0.000000,0.817242
995,23.269248,0.675859,2.951342,0.822107,0.000000,0.822107
996,23.246819,1.018794,2.949384,1.009353,0.000000,1.009353
997,23.223423,0.014961,2.946537,0.122315,0.000000,0.122315
998,23.200084,0.024086,2.943729,0.155198,0.000000,-0.155198
999,23.176819,0.051773,2.940999,0.227538,0.000000,-0.227538
1000,23.153572,0.023276,2.938200,0.152566,0.800000,0.647434
1001,23.134156,3.795661,2.937207,1.948246,0.200000,2.148246
1002,23.111029,0.053584,2.934496,0.231482,0.000000,0.231482
1003,23.090042,2.144121,2.933024,1.464282,0.000000,1.464282
1004,23.070190,3.238960,2.931891,1.799711,0.000000,1.799711
1005,23.052750,5.612346,2.931328,2.369039,0.000000,2.369039
1006,23.029758,0.014371,2.928523,0.119880,2.400000,2.519880
1007,23.009824,3.036157,2.927340,1.742457,4.000000,5.742457
1008,22.990398,3.505836,2.926289,1.872388,0.000000,1.872388
1009,22.969130,1.616059,2.924642,1.271243,0.000000,1.271243
1010,22.947563,1.273145,2.922857,1.128337,2.000000,0.871663
1011,22.931058,6.326804,2.922452,2.515314,0.800000,3.315314
1012,22.915470,7.218731,2.922218,2.686770,0.000000,2.686770
1013,22.893601,0.849986,2.920236,0.921947,0.000000,0.921947
1014,22.871416,0.485984,2.918035,0.697125,0.000000,0.697125
1015,22.849471,0.685699,2.915968,0.828069,0.000000,0.828069
1016,22.828085,1.206154,2.914171,1.098250,0.000000,1.098250
1017,22.807243,1.715928,2.912588,1.309935,0.000000,1.309935
1018,22.788133,3.428994,2.911542,1.851754,0.000000,1.851754
1019,22.765702,0.021102,2.908816,0.145266,0.000000,0.145266
1020,22.743496,0.203894,2.906398,0.451546,0.000000,0.451546
1021,22.721581,0.455887,2.904204,0.675194,0.000000,0.675194
1022,22.700047,0.799856,2.902229,0.894347,0.000000,0.894347
1023,22.678010,0.244922,2.899867,0.494896,0.000000,0.494896
1024,22.655920,0.146104,2.897399,0.382235,0.000000,0.382235
1025,22.633856,0.128740,2.894912,0.358803,0.000000,0.358803
1026,22.611748,0.039718,2.892275,0.199294,0.000000,0.199294
1027,22.592696,3.121014,2.891174,1.766639,0.000000,1.766639
1028,22.571753,1.147655,2.889397,1.071287,0.400000,1.471287
1029,22.559048,9.548195,2.889593,3.090015,0.000000,3.090015
1030,22.537067,0.007194,2.886859,0.084818,0.000000,-0.084818
1031,24.474406,2012.183779,2.927726,44.857372,45.000000,0.142628
1032,24.452457,1.910813,2.926223,1.382322,0.000000,1.382322
1033,24.430488,1.846276,2.924700,1.358778,0.000000,-1.358778
1034,24.432959,26.976336,2.926903,5.193875,0.000000,-5.193875
1035,24.410966,1.757897,2.925350,1.325857,1.400000,0.074143
1036,24.392576,5.432155,2.924774,2.330698,1.400000,-0.930698
1037,24.384938,16.502846,2.925875,4.062370,0.000000,-4.062370
1038,24.396328,36.162233,2.928861,6.013504,2.600000,-3.413504
1039,24.380031,7.528430,2.928682,2.743798,0.000000,-2.743798
1040,24.374357,18.502098,2.930007,4.301406,1.200000,-3.101406
1041,24.355374,4.688887,2.929270,2.165384,0.000000,-2.165384
1042,24.336766,5.040411,2.928611,2.245086,0.000000,-2.245086
1043,24.317353,4.167130,2.927757,2.041355,0.000000,2.041355
1044,24.312695,19.472518,2.929185,4.412768,0.000000,-4.412768
1045,24.290054,0.743579,2.927199,0.862311,2.400000,1.537689
1046,24.291416,25.709232,2.929256,5.070427,0.000000,-5.070427
1047,24.281599,14.052164,2.930042,3.748622,5.300000,1.551378
1048,24.279277,21.857163,2.931713,4.675164,0.000000,-4.675164
1049,24.256176,0.138637,2.929264,0.372340,0.000000,-0.372340
1050,24.235179,2.293746,2.927912,1.514512,0.000000,-1.514512
1051,24.212712,0.711759,2.925921,0.843658,0.000000,0.843658
1052,24.193229,3.795014,2.924988,1.948080,0.000000,1.948080
1053,24.184015,14.527589,2.925833,3.811507,4.600000,0.788493
1054,24.190821,31.330683,2.928377,5.597382,0.400000,5.997382
1055,24.173977,6.487284,2.928014,2.547015,0.600000,-1.947015
1056,24.174932,25.178612,2.930001,5.017829,0.200000,5.217829
1057,24.151984,0.010682,2.927317,0.103355,0.000000,-0.103355
1058,24.129716,0.682162,2.925323,0.825931,0.000000,-0.825931
1059,24.109390,2.685595,2.924103,1.638778,0.000000,-1.638778
1060,24.089168,2.755099,2.922906,1.659849,0.000000,1.659849
1061,24.070857,4.734084,2.922199,2.175795,0.000000,2.175795
1062,24.054254,6.504439,2.921848,2.550380,3.600000,1.049620
1063,24.031648,0.114767,2.919409,0.338773,3.300000,2.961227
1064,24.009194,0.230223,2.917107,0.479815,1.400000,0.920185
1065,24.013086,28.139136,2.919357,5.304633,0.000000,5.304633
1066,23.997528,7.489997,2.919186,2.736786,0.000000,2.736786
1067,23.976473,1.616212,2.917635,1.271303,2.200000,3.471303
1068,23.960484,6.964278,2.917373,2.638992,0.000000,2.638992
1069,23.947873,10.530041,2.917681,3.245003,0.000000,3.245003
1070,23.930769,5.715116,2.917187,2.390631,0.000000,2.390631
1071,23.914134,6.181472,2.916783,2.486257,0.000000,2.486257
1072,23.896468,5.046851,2.916155,2.246520,0.000000,2.246520
1073,23.875819,1.821757,2.914690,1.349725,1.000000,2.349725
1074,23.853625,0.128870,2.912301,0.358984,3.600000,3.241016
1075,23.835201,4.121452,2.911478,2.030136,0.400000,2.430136
1076,23.823113,10.876911,2.911838,3.298016,0.000000,3.298016
1077,23.805526,4.951655,2.911198,2.225231,0.000000,2.225231
1078,23.789692,6.800375,2.910916,2.607753,0.000000,2.607753
1079,23.771801,4.557184,2.910194,2.134756,0.000000,2.134756
1080,23.752554,3.062050,2.909115,1.749871,0.000000,1.749871
1081,23.733253,2.965228,2.908013,1.721984,0.000000,1.721984
1082,23.713225,2.142714,2.906673,1.463801,0.000000,1.463801
1083,23.693209,2.115572,2.905328,1.454501,0.000000,1.454501
1084,23.674628,3.626174,2.904401,1.904251,0.000000,1.904251
1085,23.655392,2.880488,2.903284,1.697200,0.000000,1.697200
1086,23.635638,2.281138,2.901997,1.510344,0.000000,1.510344
1087,23.615972,2.337958,2.900729,1.529038,0.000000,1.529038
1088,23.596399,2.398378,2.899482,1.548670,0.000000,1.548670
1089,23.575919,1.375426,2.897890,1.172786,0.000000,1.172786
1090,23.554226,0.017388,2.895343,0.131863,1.400000,1.268137
1091,23.532779,0.241896,2.893132,0.491829,1.500000,1.991829
1092,23.516328,5.634101,2.892655,2.373626,0.000000,2.373626
1093,23.495247,0.558952,2.890685,0.747631,0.000000,0.747631
1094,23.500878,29.632957,2.893027,5.443616,6.000000,0.556384
1095,23.479870,0.581131,2.891074,0.762319,0.400000,1.162319
1096,23.467576,10.054644,2.891330,3.170906,0.000000,3.170906
1097,23.453192,7.746456,2.891231,2.783246,0.000000,2.783246
1098,23.439058,7.990224,2.891172,2.826698,0.000000,2.826698
1099,23.425205,8.270493,2.891158,2.875846,0.000000,2.875846
1100,23.414603,11.804699,2.891655,3.435797,0.000000,3.435797
1101,23.400721,8.186215,2.891627,2.861156,0.000000,2.861156
1102,23.388625,10.119316,2.891891,3.181087,0.000000,3.181087
1103,23.368562,1.339572,2.890313,1.157399,0.600000,1.757399
1104,23.352694,5.913217,2.889896,2.431711,0.000000,2.431711
1105,23.334340,3.144876,2.888882,1.773380,0.000000,1.773380
1106,23.316735,3.934345,2.888060,1.983518,0.000000,1.983518
1107,23.297528,2.131554,2.886766,1.459984,0.000000,1.459984
1108,23.279147,3.004441,2.885721,1.733332,0.000000,1.733332
1109,23.259787,1.886792,2.884352,1.373605,0.000000,1.373605
1110,23.240906,2.377230,2.883139,1.541827,0.000000,1.541827
1111,23.221290,1.525367,2.881650,1.235057,0.000000,1.235057
1112,23.201545,1.343814,2.880095,1.159230,0.000000,1.159230
1113,23.181310,0.761465,2.878285,0.872620,0.000000,0.872620
1114,23.160444,0.019728,2.875819,0.140457,1.000000,0.859543
1115,23.144796,5.776259,2.875393,2.403385,0.000000,2.403385
1116,23.126948,3.296903,2.874440,1.815738,0.000000,1.815738
1117,23.109457,3.660407,2.873577,1.913219,0.000000,1.913219
1118,23.089662,1.057131,2.871920,1.028169,0.000000,1.028169
1119,23.070118,1.298253,2.870366,1.139409,0.000000,1.139409
1120,23.049713,0.298754,2.868284,0.546584,1.200000,0.653416
1121,23.029117,0.043876,2.865904,0.209466,3.000000,2.790534
1122,23.012089,3.991111,2.865127,1.997776,0.000000,1.997776
1123,22.991898,0.418417,2.863145,0.646852,0.000000,0.646852
1124,22.971369,0.000001,2.860589,0.000982,0.600000,0.599018
1125,22.971746,23.394131,2.862352,4.836748,6.400000,1.563252
1126,23.006169,61.593391,2.866796,7.848146,10.000000,2.151854
1127,22.989847,4.676771,2.866169,2.162584,6.200000,4.037416
1128,22.988598,21.586126,2.867752,4.646087,0.000000,4.646087
1129,22.970718,2.874061,2.866710,1.695306,3.200000,1.504694
1130,22.951652,1.502003,2.865253,1.225562,4.400000,3.174438
1131,22.941200,11.172567,2.865676,3.342539,0.000000,3.342539
1132,22.921094,0.261837,2.863589,0.511700,0.600000,1.111700
1133,22.905846,5.705179,2.863169,2.388552,0.000000,2.388552
1134,22.886428,0.964261,2.861504,0.981968,0.000000,0.981968
1135,22.868172,2.238203,2.860297,1.496063,0.000000,1.496063
1136,22.849074,1.250139,2.858757,1.118096,0.000000,1.118096
1137,22.830149,1.406520,2.857281,1.185968,0.000000,1.185968
1138,22.811042,1.163188,2.855712,1.078512,0.000000,1.078512
1139,22.792158,1.377571,2.854231,1.173700,0.000000,1.173700
1140,22.773106,1.148573,2.852661,1.071715,0.000000,1.071715
1141,22.757975,5.569200,2.852228,2.359915,0.000000,2.359915
1142,22.740899,3.326088,2.851324,1.823757,0.000000,1.823757
1143,22.722359,1.622970,2.849939,1.273958,0.000000,1.273958
1144,22.703141,0.814593,2.848231,0.902548,0.000000,0.902548
1145,22.684160,1.045659,2.846631,1.022575,0.000000,1.022575
1146,22.665873,1.799980,2.845313,1.341633,0.000000,1.341633
1147,22.646141,0.112057,2.843117,0.334749,1.800000,1.465251
1148,22.647047,23.683258,2.844886,4.866545,0.000000,4.866545
1149,22.627819,0.631099,2.843095,0.794418,0.000000,0.794418
1150,22.662220,62.050847,2.847488,7.877236,9.000000,1.122764
1151,22.647387,5.648740,2.847077,2.376708,6.200000,3.823292
1152,22.653334,29.475163,2.849326,5.429103,0.000000,5.429103
1153,22.637397,4.341863,2.848660,2.083714,0.000000,2.083714
1154,22.623429,6.573668,2.848412,2.563917,0.000000,2.563917
1155,22.607695,4.513400,2.847783,2.124476,0.000000,2.124476
1156,22.594191,7.050770,2.847616,2.655329,0.000000,2.655329
1157,22.578919,4.985868,2.847083,2.232906,0.000000,2.232906
1158,22.559433,0.092738,2.844880,0.304529,0.000000,0.304529
1159,22.543864,4.576655,2.844269,2.139312,0.200000,2.339312
1160,22.525118,0.873467,2.842617,0.934595,0.000000,0.934595
1161,22.506141,0.569104,2.840812,0.754390,0.000000,0.754390
1162,22.487950,1.440940,2.839396,1.200392,0.000000,1.200392
1163,22.469269,0.836523,2.837735,0.914616,1.600000,0.685384
1164,22.459328,10.937119,2.838140,3.307132,0.000000,3.307132
1165,22.441120,1.320374,2.836685,1.149075,0.000000,1.149075
1166,22.422328,0.604491,2.834913,0.777490,0.600000,1.377490
1167,22.714032,361.673962,2.848827,19.017728,20.600000,1.582272
1168,22.705949,13.306343,2.849514,3.647786,0.000000,3.647786
1169,22.686501,0.048152,2.847256,0.219435,0.000000,0.219435
1170,22.668128,1.263462,2.845778,1.124038,0.000000,1.124038
1171,22.650355,1.928119,2.844530,1.388567,0.000000,1.388567
1172,22.633066,2.455722,2.843436,1.567074,0.000000,1.567074
1173,22.613714,0.011488,2.841095,0.107183,0.000000,-0.107183
1174,22.594431,0.052612,2.838863,0.229374,0.000000,-0.229374
1175,22.575140,0.003717,2.836491,0.060965,0.000000,-0.060965
1176,22.556239,0.424069,2.834626,0.651206,0.000000,0.651206
1177,22.540413,3.992567,2.833913,1.998141,0.000000,1.998141
1178,22.525758,5.334565,2.833466,2.309668,0.000000,-2.309668
1179,22.506650,0.074502,2.831287,0.272951,0.000000,0.272951
1180,22.488021,0.598666,2.829538,0.773735,0.000000,-0.773735
1181,22.469706,0.931414,2.827954,0.965098,0.000000,0.965098
1182,22.450647,0.017636,2.825666,0.132800,0.000000,0.132800
1183,22.432983,1.625458,2.824350,1.274935,0.000000,1.274935
1184,22.413978,0.006457,2.822025,0.080358,0.000000,0.080358
1185,22.652658,304.295122,2.834406,17.444057,17.400000,-0.044057
1186,22.646681,15.588250,2.835348,3.948196,0.000000,3.948196
1187,22.628913,1.627517,2.834030,1.275742,0.000000,1.275742
1188,22.612256,2.906906,2.833076,1.704965,0.000000,1.704965
1189,22.594325,1.363271,2.831671,1.167592,3.600000,2.432408
1190,22.586527,13.346802,2.832364,3.653328,0.400000,4.053328
1191,22.567506,0.007470,2.830050,0.086430,0.000000,0.086430
1192,22.549511,1.190289,2.828586,1.091004,0.000000,1.091004
1193,22.531823,1.518268,2.827244,1.232180,0.000000,1.232180
1194,22.513482,0.705839,2.825574,0.840142,0.000000,0.840142
1195,22.496130,1.847242,2.824343,1.359133,1.200000,-0.159133
1196,22.477288,0.036417,2.822133,0.190833,0.000000,0.190833
1197,22.459915,1.751379,2.820877,1.323397,0.000000,1.323397
1198,22.441150,0.054798,2.818711,0.234089,0.000000,-0.234089
1199,22.605061,218.315162,2.828716,14.775492,16.400000,1.624508
1200,22.586647,0.580908,2.826988,0.762173,0.000000,0.762173
1201,22.570647,3.435311,2.826175,1.853459,0.000000,1.853459
1202,22.552318,0.611921,2.824469,0.782254,0.000000,0.782254
1203,22.538525,6.014758,2.824159,2.452500,0.400000,2.852500
1204,22.522607,3.437047,2.823350,1.853928,0.000000,1.853928
1205,22.672921,203.049273,2.832864,14.249536,14.800000,0.550464
1206,22.654256,0.237954,2.830913,0.487805,0.000000,0.487805
1207,22.637200,2.135495,2.829775,1.461333,0.000000,1.461333
1208,22.618471,0.087902,2.827671,0.296482,0.000000,0.296482
1209,22.601985,2.752867,2.826701,1.659177,0.000000,1.659177
1210,22.588444,6.271731,2.826434,2.504342,4.600000,2.095658
1211,22.577264,9.093830,2.826590,3.015598,2.600000,-0.415598
1212,22.572879,17.279778,2.827692,4.156895,0.000000,4.156895
1213,22.554253,0.054479,2.825546,0.233406,1.200000,0.966594
1214,22.535954,0.412371,2.823741,0.642162,0.000000,0.642162
1215,22.521296,4.785047,2.823216,2.187475,0.000000,2.187475
1216,22.502874,0.194521,2.821250,0.441046,0.000000,0.441046
1217,22.489474,6.248385,2.820985,2.499677,1.000000,3.499677
1218,22.471694,0.904295,2.819445,0.950944,0.000000,0.950944
1219,22.461372,9.931004,2.819718,3.151350,0.000000,3.151350
1220,22.446164,3.968579,2.819038,1.992129,0.000000,1.992129
1221,22.434487,8.234913,2.819079,2.869654,0.000000,2.869654
1222,22.419140,3.741741,2.818353,1.934358,0.000000,1.934358
1223,22.400818,0.084945,2.816280,0.291453,2.000000,2.291453
1224,22.385788,4.063832,2.815624,2.015895,1.400000,3.415895
1225,22.369788,2.849971,2.814700,1.688186,0.000000,1.688186
1226,22.352445,1.176048,2.813285,1.084458,0.000000,1.084458
1227,22.336622,3.001256,2.812401,1.732413,0.000000,1.732413
1228,22.320178,2.209793,2.811318,1.486537,0.000000,1.486537
1229,22.301960,0.002027,2.809059,0.045026,1.800000,1.845026
1230,22.288000,5.187295,2.808626,2.277563,0.000000,2.277563
1231,22.271280,1.772285,2.807422,1.331272,0.000000,1.331272
1232,22.253153,0.011822,2.805224,0.108729,0.000000,0.108729
1233,22.235708,0.813167,2.803675,0.901758,0.400000,1.301758
1234,22.220795,3.892765,2.803000,1.973009,0.000000,1.973009
1235,22.204539,2.209235,2.801930,1.486350,0.200000,1.686350
1236,22.187419,1.113044,2.800512,1.055009,0.000000,1.055009
1237,22.727557,688.177518,2.819517,26.233138,27.200000,0.966862
1238,25.332226,3236.889702,2.863337,56.893670,58.800000,1.906330
1239,25.565271,313.142018,2.875347,17.695819,0.400000,18.095819
1240,25.569029,30.210755,2.877468,5.496431,0.000000,-5.496431
1241,25.574096,31.836108,2.879703,5.642350,3.200000,-2.442350
1242,25.800442,305.790659,2.891502,17.486871,15.200000,-2.286871
1243,25.811896,39.992382,2.894272,6.323953,6.000000,12.323953
1244,25.837087,57.048451,2.898030,7.553043,3.200000,-4.353043
1245,25.837590,26.462027,2.899839,5.144126,5.200000,0.055874
1246,25.830693,17.270628,2.900851,4.155794,5.200000,9.355794
1247,26.629631,1018.910480,2.924197,31.920377,36.200000,4.279623
1248,26.896010,358.005085,2.937056,18.921022,0.000000,18.921022
1249,26.881086,8.316532,2.937013,2.883840,0.000000,-2.883840
1250,26.884812,31.523615,2.939162,5.614589,0.000000,5.614589
1251,26.864591,1.669216,2.937842,1.291981,0.000000,1.291981
1252,26.847036,4.955818,2.937271,2.226167,2.400000,4.626167
1253,26.825563,0.027416,2.935052,0.165577,0.000000,0.165577
1254,26.807178,3.844342,2.934273,1.960699,0.000000,1.960699
1255,26.786896,1.433501,2.932884,1.197289,0.000000,1.197289
1256,26.766418,1.148417,2.931398,1.071642,0.000000,-1.071642
1257,26.746129,1.344293,2.929983,1.159436,0.800000,1.959436
1258,27.049819,407.573843,2.943746,20.188458,24.400000,4.211542
1259,27.332626,381.972746,2.956974,19.544123,0.000000,19.544123
1260,27.311633,0.965120,2.955401,0.982405,0.000000,-0.982405
1261,27.312192,28.014213,2.957261,5.292845,0.000000,5.292845
1262,27.310742,25.488474,2.958923,5.048611,0.000000,5.048611
1263,27.352768,80.221196,2.963687,8.956629,0.000000,8.956629
1264,27.346879,19.932550,2.964878,4.464588,0.000000,4.464588
1265,27.330538,6.740928,2.964586,2.596330,0.000000,2.596330
1266,27.319251,13.086888,2.965104,3.617580,0.000000,-3.617580
1267,27.305590,10.065673,2.965268,3.172644,0.000000,3.172644
1268,27.290482,8.209052,2.965189,2.865144,0.000000,2.865144
1269,27.271532,3.318678,2.964285,1.821724,0.000000,-1.821724
1270,27.258591,10.887738,2.964550,3.299657,0.000000,3.299657
1271,27.249647,15.927112,2.965360,3.990879,0.000000,-3.990879
1272,27.245260,21.686977,2.966694,4.656928,0.000000,4.656928
1273,27.225124,1.691613,2.965381,1.300620,0.000000,-1.300620
1274,27.203705,0.023970,2.963168,0.154821,0.000000,-0.154821
1275,27.183244,1.197255,2.961697,1.094191,0.000000,-1.094191
1276,27.165489,4.598676,2.961055,2.144452,0.000000,2.144452
1277,27.147575,4.360702,2.960369,2.088229,3.000000,0.911771
1278,27.180007,68.466403,2.964540,8.274443,0.000000,8.274443
1279,27.159170,0.613414,2.962830,0.783207,0.000000,0.783207
1280,27.187029,62.706438,2.966713,7.918740,10.600000,2.681260
1281,27.181895,20.630889,2.967947,4.542124,0.000000,4.542124
1282,27.162374,2.234986,2.966795,1.494987,0.000000,1.494987
1283,27.145674,5.802006,2.966358,2.408735,0.000000,2.408735
1284,27.124786,0.410019,2.964541,0.640327,0.600000,1.240327
1285,27.162945,76.006295,2.969033,8.718159,0.400000,9.118159
1286,27.147148,6.910921,2.968767,2.628863,0.000000,2.628863
1287,27.126867,1.126799,2.967281,1.061508,0.000000,1.061508
1288,27.107523,2.289313,2.966148,1.513048,0.000000,1.513048
1289,27.088621,2.817529,2.965146,1.678550,0.000000,1.678550
1290,27.090395,29.370599,2.967055,5.419465,7.000000,1.580535
1291,27.140247,91.250118,2.972171,9.552493,11.800000,2.247507
1292,27.124783,7.222885,2.971950,2.687542,0.600000,3.287542
1293,27.103757,0.021636,2.969759,0.147093,3.000000,2.852907
1294,27.101589,24.306937,2.971279,4.930207,0.800000,5.730207
1295,27.097066,21.263175,2.972549,4.611201,0.000000,4.611201
1296,27.076429,0.433102,2.970758,0.658105,0.000000,0.658105
1297,27.055584,0.123642,2.968732,0.351627,0.000000,0.351627
1298,27.034705,0.038917,2.966590,0.197274,0.000000,0.197274
1299,27.013864,0.045112,2.964463,0.212395,0.000000,-0.212395
1300,26.993291,0.351466,2.962633,0.592846,0.000000,0.592846
1301,26.972575,0.124193,2.960621,0.352410,0.000000,0.352410
1302,26.953336,2.000281,2.959430,1.414313,0.000000,1.414313
1303,26.932607,0.027066,2.957278,0.164516,0.000000,0.164516
1304,26.912015,0.163370,2.955314,0.404191,0.000000,0.404191
1305,26.892447,1.454269,2.953970,1.205931,0.000000,1.205931
1306,26.871796,0.004331,2.951751,0.065812,0.000000,0.065812
1307,26.852316,1.489257,2.950422,1.220351,0.000000,1.220351
1308,26.833848,2.770473,2.949436,1.664474,0.000000,1.664474
1309,26.816339,3.983999,2.948706,1.995996,0.000000,1.995996
1310,26.797326,1.985181,2.947527,1.408965,0.000000,1.408965
1311,26.779676,3.729527,2.946749,1.931198,0.000000,1.931198
1312,26.760546,1.757517,2.945510,1.325714,0.000000,1.325714
1313,26.742624,3.299711,2.944647,1.816511,0.000000,1.816511
1314,26.722710,0.656236,2.943018,0.810084,0.000000,0.810084
1315,26.703911,2.076607,2.941872,1.441044,0.000000,1.441044
1316,26.684183,0.821500,2.940321,0.906367,0.000000,0.906367
1317,26.664958,1.440829,2.938996,1.200345,0.000000,1.200345
1318,26.646794,2.797973,2.938032,1.672714,3.200000,1.527286
1319,26.628720,2.878810,2.937088,1.696706,0.000000,1.696706
1320,26.611862,4.444881,2.936458,2.108289,0.000000,2.108289
1321,26.594320,3.508519,2.935651,1.873104,0.000000,1.873104
1322,26.575225,1.427032,2.934330,1.194585,0.000000,1.194585
1323,26.617725,82.633152,2.938997,9.090278,10.400000,1.309722
1324,26.607130,12.631435,2.939463,3.554073,0.000000,3.554073
1325,26.588349,1.798321,2.938253,1.341015,0.000000,1.341015
1326,26.579098,14.357459,2.938896,3.789124,5.600000,1.810876
1327,26.565198,8.189503,2.938838,2.861731,0.400000,3.261731
1328,26.550002,6.446305,2.938536,2.538957,0.000000,2.538957
1329,26.530737,1.023790,2.937082,1.011825,0.000000,1.011825
1330,26.510788,0.078213,2.935078,0.279666,0.000000,0.279666
1331,26.490937,0.169007,2.933176,0.411104,0.000000,0.411104
1332,26.746538,365.928723,2.945372,19.129264,19.800000,0.670736
1333,26.730966,6.051590,2.945006,2.459998,0.000000,2.459998
1334,26.710997,0.172417,2.943104,0.415231,0.000000,0.415231
1335,26.692532,2.133496,2.941991,1.460649,0.000000,1.460649
1336,26.673586,1.456767,2.940688,1.206966,0.000000,1.206966
1337,26.654030,0.605771,2.939066,0.778313,0.000000,0.778313
1338,26.634595,0.726989,2.937502,0.852637,0.600000,1.452637
1339,26.616674,2.710192,2.936535,1.646266,0.000000,1.646266
1340,26.597173,0.563940,2.934899,0.750959,0.000000,0.750959
1341,26.579551,3.036681,2.934007,1.742608,0.000000,1.742608
1342,26.560815,1.509992,2.932732,1.228817,0.000000,1.228817
1343,26.542217,1.658880,2.931504,1.287975,2.400000,1.112025
1344,26.523189,1.044491,2.930079,1.022003,0.000000,1.022003
1345,26.503903,0.660128,2.928500,0.812483,0.000000,-0.812483
1346,26.486454,3.087222,2.927627,1.757049,0.000000,1.757049
1347,26.467695,1.293399,2.926294,1.137277,0.000000,1.137277
1348,26.450189,2.939638,2.925392,1.714537,0.000000,1.714537
1349,26.430651,0.171425,2.923525,0.414035,0.000000,0.414035
1350,26.411716,0.944727,2.922075,0.971971,0.000000,0.971971
1351,26.392128,0.026557,2.920027,0.162963,0.000000,0.162963
1352,26.375064,3.389461,2.919227,1.841049,0.000000,1.841049
1353,26.355514,0.001735,2.917093,0.041657,0.000000,-0.041657
1354,26.335993,0.002444,2.914969,0.049436,0.000000,-0.049436
1355,26.316529,0.040016,2.912960,0.200041,0.000000,0.200041
1356,26.299580,3.402038,2.912169,1.844461,3.000000,1.155539
1357,26.284173,5.453957,2.911743,2.335371,0.200000,2.535371
1358,26.264917,0.211133,2.909932,0.459492,0.000000,0.459492
1359,26.245657,0.167749,2.908087,0.409572,0.000000,-0.409572
1360,26.227348,1.419116,2.906821,1.191267,0.000000,1.191267
1361,26.222787,20.037739,2.907977,4.476353,5.400000,0.923647
1362,26.204288,1.100885,2.906608,1.049231,0.600000,1.649231
1363,26.187528,3.427952,2.905832,1.851473,0.000000,1.851473
1364,26.169431,1.575733,2.904618,1.255282,2.800000,1.544718
1365,26.153811,4.910320,2.904112,2.215924,0.000000,2.215924
1366,26.135266,0.894921,2.902675,0.946003,0.000000,0.946003
1367,26.160952,61.145242,2.906282,7.819542,8.800000,0.980458
1368,26.143379,2.191102,2.905237,1.480237,0.000000,1.480237
1369,26.125170,1.288445,2.903940,1.135097,0.000000,1.135097
1370,26.107827,2.434699,2.902956,1.560352,0.400000,1.960352
1371,26.133832,61.656738,2.906577,7.852180,9.600000,1.747820
1372,26.120375,7.724307,2.906484,2.779264,0.000000,2.779264
1373,26.103123,2.503380,2.905516,1.582207,0.000000,1.582207
1374,26.084103,0.045238,2.903551,0.212692,0.000000,0.212692
1375,26.065793,0.981416,2.902156,0.990664,0.000000,0.990664
1376,26.059210,17.034178,2.903048,4.127248,5.400000,1.272752
1377,26.042109,2.578284,2.902104,1.605704,0.000000,1.605704
1378,26.023167,0.016792,2.900086,0.129585,0.000000,0.129585
1379,26.005732,2.049257,2.899018,1.431523,0.000000,1.431523
1380,25.987020,0.258552,2.897280,0.508480,0.000000,0.508480
1381,25.969444,1.785454,2.896147,1.336209,0.000000,1.336209
1382,25.950676,0.106774,2.894282,0.326762,0.600000,0.926762
1383,25.934212,3.246786,2.893490,1.801884,0.400000,2.201884
1384,25.917982,3.536514,2.892756,1.880562,0.000000,1.880562
1385,25.900889,2.312188,2.891762,1.520588,0.000000,1.520588
1386,25.882681,0.737965,2.890291,0.859049,0.000000,0.859049
1387,25.864208,0.334523,2.888620,0.578380,0.000000,0.578380
1388,25.848357,3.926374,2.887964,1.981508,0.000000,1.981508
1389,25.830267,0.793828,2.886522,0.890970,0.000000,0.890970
1390,25.811703,0.100772,2.884669,0.317446,0.000000,0.317446
1391,25.793112,0.025020,2.882703,0.158178,0.600000,0.441822
1392,25.784801,14.257563,2.883347,3.775919,4.800000,1.024081
1393,25.766308,0.098793,2.881497,0.314313,0.000000,-0.314313
1394,25.749165,1.937544,2.880426,1.391957,0.000000,1.391957
1395,25.730729,0.103661,2.878586,0.321965,0.000000,0.321965
1396,25.713423,1.641624,2.877439,1.281259,0.000000,1.281259
1397,25.694967,0.004592,2.875422,0.067765,0.000000,0.067765
1398,25.676551,0.022186,2.873466,0.148950,0.000000,-0.148950
1399,25.658496,0.489762,2.871908,0.699830,0.800000,0.100170
1400,25.641750,2.281744,2.870933,1.510544,0.000000,1.510544
1401,25.626569,4.433505,2.870385,2.105589,0.000000,2.105589
1402,25.610629,3.343151,2.869639,1.828429,0.000000,1.828429
1403,25.593959,2.289179,2.868670,1.513003,0.000000,1.513003
1404,25.578757,4.310987,2.868104,2.076292,0.000000,2.076292
1405,25.564048,4.970504,2.867648,2.229463,0.000000,2.229463
1406,25.549878,5.698304,2.867305,2.387112,0.000000,2.387112
1407,25.534928,4.575043,2.866786,2.138935,0.000000,2.138935
1408,25.520435,5.186594,2.866366,2.277409,0.000000,2.277409
1409,25.504076,2.536018,2.865459,1.592488,0.000000,1.592488
1410,25.489269,4.686262,2.864961,2.164778,3.400000,1.235222
1411,25.472742,2.234756,2.863987,1.494910,0.000000,1.494910
1412,25.455263,0.862038,2.862613,0.928460,0.400000,1.328460
1413,25.438809,2.272721,2.861651,1.507555,2.400000,0.892445
1414,25.421548,1.099635,2.860365,1.048635,0.000000,1.048635
1415,25.404240,1.000045,2.859047,1.000022,0.000000,1.000022
1416,25.387309,1.498872,2.857889,1.224284,0.000000,1.224284
1417,25.369941,0.845747,2.856517,0.919645,0.000000,0.919645
1418,25.352735,1.040784,2.855219,1.020188,0.000000,1.020188
1419,25.335284,0.659724,2.853775,0.812234,0.000000,0.812234
1420,25.317777,0.544551,2.852280,0.737937,0.000000,0.737937
1421,25.299990,0.113742,2.850506,0.337257,0.000000,0.337257
1422,25.282308,0.227596,2.848832,0.477070,0.000000,0.477070
1423,25.264511,0.028241,2.846943,0.168050,0.000000,0.168050
1424,25.246824,0.148255,2.845209,0.385038,0.000000,0.385038
1425,25.229100,0.062226,2.843382,0.249451,0.000000,0.249451
1426,25.211542,0.261354,2.841742,0.511228,0.000000,0.511228
1427,25.193831,0.008180,2.839809,0.090442,0.000000,0.090442
1428,25.176141,0.003521,2.837856,0.059341,0.000000,0.059341
1429,25.158476,0.003567,2.835906,0.059721,0.000000,-0.059721
1430,25.142381,2.206818,2.834960,1.485536,0.000000,1.485536
1431,25.126104,1.915039,2.833943,1.383849,0.000000,1.383849
1432,25.109590,1.544284,2.832828,1.242692,0.000000,1.242692