# TEST CONFIGURATION BEGIN
# File Stream: filename: total_daily_precipitation_oldman.csv  -  n_targets: 1
# [total_daily_precipitation_oldman_ADE_HETERO_ABSTAIN_SIZE_4_OFFLINE_BATCH_100] Pipeline: Array BaseStreamModel: base_models: [<skmultiflow.lazy.knn_forecast.KNNForecast object at 0x7f21d6e6c198>, <skmultiflow.lazy.knn_forecast.KNNForecast object at 0x7f21d6e6c208>, <skmultiflow.trees.regression_hoeffding_tree.RegressionHoeffdingTree object at 0x7f21e5016c88>, <skmultiflow.trees.regression_hoeffding_adaptive_tree.RegressionHAT object at 0x7f21e50164a8>]
 Array BaseStreamModel: base_models: [<skmultiflow.lazy.knn_forecast.KNNForecast object at 0x7f21d6e6c198>, <skmultiflow.lazy.knn_forecast.KNNForecast object at 0x7f21d6e6c208>, <skmultiflow.trees.regression_hoeffding_tree.RegressionHoeffdingTree object at 0x7f21e5016c88>, <skmultiflow.trees.regression_hoeffding_adaptive_tree.RegressionHAT object at 0x7f21e50164a8>]
# Prequential Evaluator: n_wait: 1 - max_samples: 600000 - max_time: 10000000 - output_file: total_daily_precipitation_oldman_ADE_HETERO_ABSTAIN_SIZE_4_OFFLINE_BATCH_100_SIZE_4 - batch_size: 1 - pretrain_size: 5 - task_type: regression - show_plot: False - metrics: ['mean_square_error', 'mean_absolute_error', 'true_vs_predicted']
# TEST CONFIGURATION END
id,global_mse_[total_daily_precipitation_oldman_ADE_HETERO_ABSTAIN_SIZE_4_OFFLINE_BATCH_100],sliding_mse_[total_daily_precipitation_oldman_ADE_HETERO_ABSTAIN_SIZE_4_OFFLINE_BATCH_100],global_mae_[total_daily_precipitation_oldman_ADE_HETERO_ABSTAIN_SIZE_4_OFFLINE_BATCH_100],sliding_mae_[total_daily_precipitation_oldman_ADE_HETERO_ABSTAIN_SIZE_4_OFFLINE_BATCH_100],true_value_[total_daily_precipitation_oldman_ADE_HETERO_ABSTAIN_SIZE_4_OFFLINE_BATCH_100],predicted_value_[total_daily_precipitation_oldman_ADE_HETERO_ABSTAIN_SIZE_4_OFFLINE_BATCH_100]
5,11.221658,11.221658,3.349874,3.349874,0.000000,-3.349874
6,7.568818,3.915978,2.664379,1.978883,0.000000,-1.978883
7,13.191979,24.438302,3.424089,4.943511,0.000000,-4.943511
8,10.316850,1.691464,2.893208,1.300563,0.000000,1.300563
9,24.188069,79.672946,4.099760,8.925970,0.000000,-8.925970
10,39.726960,117.421411,5.222486,10.836116,3.200000,-7.636116
11,116.367684,576.212027,7.905619,24.004417,0.600000,-23.404417
12,101.845695,0.191776,6.972157,0.437923,0.000000,-0.437923
13,90.909589,3.420744,6.402976,1.849525,0.000000,1.849525
14,83.094571,12.759402,6.119881,3.572030,0.000000,-3.572030
15,75.851647,3.422405,5.731708,1.849974,2.800000,0.950026
16,69.701762,2.053037,5.373469,1.432842,0.000000,1.432842
17,64.515165,2.275992,5.076174,1.508639,0.000000,1.508639
18,60.051127,2.018642,4.815076,1.420789,0.000000,1.420789
19,56.055319,0.114005,4.516580,0.337646,0.000000,-0.337646
20,52.907646,5.692555,4.383413,2.385908,0.000000,2.385908
21,49.992390,3.348296,4.233203,1.829835,0.000000,-1.829835
22,47.251798,0.661729,4.043217,0.813467,0.000000,-0.813467
23,44.772993,0.154508,3.851105,0.393075,0.000000,-0.393075
24,42.706704,3.447196,3.751383,1.856663,0.000000,1.856663
25,40.952776,5.874228,3.688159,2.423681,0.000000,2.423681
26,39.225138,2.944735,3.598516,1.716023,0.000000,-1.716023
27,37.556365,0.843361,3.481987,0.918347,0.000000,-0.918347
28,36.031812,0.967086,3.377879,0.983406,0.000000,-0.983406
29,34.623083,0.813597,3.278844,0.901996,0.000000,0.901996
30,33.338976,1.236297,3.195500,1.111889,0.000000,1.111889
31,32.123337,0.516724,3.103771,0.718835,1.200000,0.481165
32,31.021129,1.261515,3.033036,1.123172,0.400000,1.523172
33,29.979457,0.812642,2.959533,0.901466,0.000000,0.901466
34,28.986577,0.193049,2.875528,0.439373,1.200000,0.760627
35,28.072411,0.647444,2.808725,0.804639,0.000000,0.804639
36,27.200887,0.183624,2.734343,0.428514,0.000000,0.428514
37,26.404676,0.925942,2.680644,0.962259,0.000000,0.962259
38,25.628114,0.001567,2.602966,0.039587,0.000000,0.039587
39,24.907328,0.400590,2.546679,0.632922,0.000000,0.632922
40,25.877022,59.816313,2.690774,7.734101,8.400000,0.665899
41,26.728278,57.373488,2.822767,7.574529,0.600000,8.174529
42,26.093395,2.602737,2.790939,1.613300,0.000000,1.613300
43,25.470018,1.781694,2.753602,1.334801,0.000000,1.334801
44,25.555006,28.869537,2.819088,5.373038,0.000000,-5.373038
45,29.962452,206.260284,3.100617,14.361765,13.000000,-1.361765
46,29.254083,0.210949,3.037728,0.459292,3.600000,4.059292
47,28.578246,0.193102,2.977303,0.439434,0.000000,0.439434
48,28.662519,32.286244,3.038775,5.682099,0.000000,5.682099
49,28.097993,3.258848,3.011363,1.805228,0.000000,-1.805228
50,30.699900,147.785734,3.210175,12.156716,0.000000,12.156716
51,31.838108,84.195668,3.337104,9.175820,0.000000,-9.175820
52,31.413566,11.460089,3.338107,3.385275,0.000000,-3.385275
53,30.960400,9.208440,3.331912,3.034541,0.000000,-3.034541
54,33.174994,141.690081,3.503341,11.903364,0.000000,11.903364
55,35.290510,141.066339,3.667533,11.877135,0.000000,11.877135
56,35.428624,42.472443,3.722332,6.517089,0.000000,-6.517089
57,35.408074,34.339476,3.762666,5.859989,1.200000,-4.659989
58,35.350624,32.305769,3.798242,5.683816,1.000000,-4.683816
59,35.609624,49.595587,3.857227,7.042413,0.000000,7.042413
60,35.119296,8.151309,3.839331,2.855050,5.200000,8.055050
61,34.552960,2.838118,3.801530,1.684672,0.000000,1.684672
62,34.097774,8.152182,3.785214,2.855203,0.000000,2.855203
63,33.583553,3.758715,3.753918,1.938741,0.000000,1.938741
64,33.065007,2.470791,3.717551,1.571875,1.000000,-0.571875
65,32.765990,14.824970,3.719727,3.850321,0.000000,3.850321
66,32.267732,1.873989,3.681811,1.368937,0.000000,-1.368937
67,31.957026,12.693255,3.679922,3.562759,0.400000,3.962759
68,31.919153,29.533145,3.707336,5.434441,1.600000,-3.834441
69,31.444573,1.071497,3.666225,1.035132,0.000000,1.035132
70,31.060675,6.107294,3.648120,2.471294,0.000000,2.471294
71,30.674914,5.214665,3.627754,2.283564,0.000000,-2.283564
72,30.225088,0.086742,3.578735,0.294519,0.000000,0.294519
73,29.861389,5.129899,3.559695,2.264928,0.000000,-2.264928
74,29.658148,15.634516,3.565328,3.954051,0.000000,3.954051
75,29.315403,5.323217,3.547608,2.307210,0.000000,2.307210
76,28.965559,4.126663,3.526550,2.031419,0.000000,2.031419
77,28.611589,3.125701,3.502460,1.767965,0.000000,1.767965
78,28.270819,3.394609,3.480027,1.842446,0.000000,1.842446
79,27.904095,0.766548,3.445301,0.875527,0.000000,0.875527
80,27.565780,2.192185,3.419449,1.480603,0.200000,1.680603
81,27.241196,2.572820,3.395872,1.604001,2.000000,0.395999
82,26.964499,5.658794,3.382833,2.378822,0.000000,2.378822
83,26.652310,2.301606,3.359216,1.517105,0.000000,1.517105
84,26.339314,1.612619,3.333100,1.269889,0.000000,1.269889
85,26.015043,0.073346,3.295294,0.270824,0.000000,-0.270824
86,26.558489,70.577609,3.357559,8.401048,8.600000,0.198952
87,26.408445,14.104866,3.362355,3.755645,0.000000,3.755645
88,26.129440,2.972026,3.342851,1.723957,0.000000,1.723957
89,25.830034,0.679858,3.313223,0.824535,0.000000,0.824535
90,25.574750,3.875686,3.297589,1.968676,0.000000,-1.968676
91,25.294768,1.216308,3.272362,1.102864,0.000000,1.102864
92,25.009154,0.160691,3.239732,0.400863,0.200000,-0.200863
93,24.728158,0.000531,3.203589,0.023033,0.000000,0.023033
94,24.457780,0.394117,3.174969,0.627788,0.000000,0.627788
95,24.225935,3.359862,3.160222,1.832993,4.600000,2.767007
96,23.990678,2.582355,3.143339,1.606971,3.000000,4.606971
97,24.061539,30.580720,3.169002,5.529984,3.600000,-1.929984
98,23.952029,13.767577,3.174762,3.710469,5.200000,1.489531
99,23.701046,0.108712,3.144814,0.329715,0.000000,0.329715
100,23.641044,17.940809,3.156177,4.235659,0.000000,4.235659
101,23.441230,4.259135,3.144915,2.063767,0.000000,2.063767
102,23.202402,0.036012,3.114761,0.189768,0.000000,-0.189768
103,23.031194,6.252855,3.108557,2.500571,0.000000,2.500571
104,22.952679,15.179718,3.116432,3.896116,0.000000,3.896116
105,22.726962,0.155219,3.089477,0.393978,0.000000,0.393978
106,22.560913,5.789972,3.082779,2.406236,0.000000,2.406236
107,22.393417,5.308786,3.075219,2.304080,0.000000,-2.304080
108,22.178095,-0.000000,3.045649,-0.000000,0.000000,0.000000
109,22.111264,15.160858,3.053726,3.893695,0.000000,3.893695
110,21.902825,0.016656,3.026135,0.129059,0.000000,0.129059
111,21.777970,8.543412,3.025170,2.922912,0.000000,-2.922912
112,21.576813,0.052924,2.999289,0.230051,0.000000,0.230051
113,21.458909,8.725324,2.998872,2.953866,0.000000,-2.953866
114,21.443001,19.709040,3.011969,4.439487,0.000000,-4.439487
115,21.254034,0.467629,2.990995,0.683834,0.000000,0.683834
116,21.124694,6.767977,2.987517,2.601534,2.200000,-0.401534
117,20.948090,1.168452,2.970645,1.080949,0.000000,1.080949
118,20.771432,0.809022,2.952477,0.899457,0.000000,0.899457
119,20.590834,0.002661,2.927252,0.051589,0.000000,-0.051589
120,20.501898,10.274311,2.929649,3.205357,2.200000,-1.005357
121,20.337228,1.235537,2.914110,1.111547,3.200000,4.311547
122,21.042848,103.600300,2.975672,10.178423,12.600000,2.421577
123,21.002798,16.277000,2.984569,4.034476,0.600000,4.634476
124,20.839246,1.376536,2.969475,1.173259,0.000000,1.173259
125,20.667308,0.034770,2.946475,0.186466,0.000000,0.186466
126,20.860392,44.223459,2.976832,6.650072,1.200000,-5.450072
127,20.701090,1.266338,2.961779,1.125317,0.600000,1.725317
128,20.540313,0.764732,2.944946,0.874489,0.000000,0.874489
129,20.392467,2.059468,2.932867,1.435085,2.600000,4.035085
130,21.348021,140.792386,3.003762,11.865597,15.200000,3.334403
131,21.349505,21.536397,3.016652,4.640732,6.000000,1.359268
132,21.650519,59.879351,3.053539,7.738175,0.000000,7.738175
133,21.654202,22.125616,3.066331,4.703787,0.000000,-4.703787
134,22.273335,102.141436,3.120486,10.106505,0.000000,-10.106505
135,22.508196,53.040157,3.152260,7.282867,0.000000,7.282867
136,22.350152,1.646447,3.138100,1.283139,0.600000,1.883139
137,22.498365,42.062428,3.163269,6.485555,0.000000,6.485555
138,22.525638,26.152996,3.177827,5.114000,0.000000,5.114000
139,22.358782,-0.000000,3.154287,-0.000000,0.000000,0.000000
140,22.194379,-0.000000,3.131094,-0.000000,0.000000,0.000000
141,22.032376,-0.000000,3.108239,-0.000000,0.000000,0.000000
142,21.987525,15.842886,3.114559,3.980312,0.000000,-3.980312
143,21.831027,0.234266,3.095634,0.484010,0.000000,0.484010
144,21.794640,16.736933,3.102744,4.091080,0.000000,4.091080
145,21.670719,4.321795,3.095483,2.078893,0.000000,2.078893
146,21.602718,12.014492,3.098094,3.466193,0.000000,-3.466193
147,22.017260,80.882265,3.139320,8.993457,0.000000,-8.993457
148,21.957451,13.404812,3.142944,3.661258,0.000000,-3.661258
149,21.806142,0.017555,3.122183,0.132494,0.000000,0.132494
150,21.758387,14.834001,3.127178,3.851493,3.200000,-0.651493
151,21.829292,32.181403,3.144496,5.672865,6.400000,0.727135
152,21.684692,0.428490,3.127672,0.654591,0.000000,0.654591
153,21.726762,27.953125,3.142165,5.287071,0.000000,5.287071
154,21.583968,0.307718,3.124915,0.554723,0.000000,-0.554723
155,21.667469,34.192478,3.142945,5.847433,0.000000,-5.847433
156,21.548602,3.599754,3.134750,1.897302,0.000000,-1.897302
157,21.716065,47.170384,3.159151,6.868070,4.500000,-2.368070
158,21.701391,19.456402,3.167279,4.410941,9.000000,4.589059
159,21.702459,21.866827,3.177014,4.676198,0.000000,4.676198
160,21.660712,15.190004,3.181632,3.897436,0.000000,3.897436
161,21.524231,0.233109,3.164442,0.482814,0.000000,0.482814
162,21.602971,33.965200,3.181300,5.827967,0.000000,-5.827967
163,21.659138,30.533445,3.196045,5.525708,0.000000,5.525708
164,21.533396,1.540510,3.183827,1.241173,0.000000,1.241173
165,21.573630,28.011076,3.196924,5.292549,0.000000,5.292549
166,21.512660,11.696497,3.198301,3.420014,0.000000,3.420014
167,21.380681,-0.000000,3.178680,-0.000000,0.000000,0.000000
168,21.250311,-0.000000,3.159298,-0.000000,0.000000,0.000000
169,21.122778,0.207453,3.142911,0.455470,0.000000,-0.455470
170,21.050689,9.155925,3.142206,3.025876,0.000000,-3.025876
171,20.926477,0.307359,3.126710,0.554400,0.000000,0.554400
172,20.867437,11.007658,3.127847,3.317779,0.000000,3.317779
173,20.743961,-0.000000,3.109339,-0.000000,0.000000,0.000000
174,20.621944,0.001069,3.091242,0.032698,0.000000,0.032698
175,20.517462,2.755502,3.082872,1.659971,0.000000,-1.659971
176,20.444488,7.965991,3.081357,2.822409,0.000000,-2.822409
177,20.326675,0.062783,3.064994,0.250565,0.000000,0.250565
178,20.210005,0.026159,3.048309,0.161737,0.000000,-0.161737
179,20.098423,0.683180,3.035613,0.826547,0.000000,0.826547
180,19.991872,1.345378,3.024956,1.159904,0.000000,1.159904
181,19.881690,0.489733,3.011819,0.699809,0.000000,-0.699809
182,19.781703,2.084050,3.003009,1.443624,0.000000,1.443624
183,19.685976,2.646543,2.995321,1.626820,0.000000,1.626820
184,19.576726,0.020889,2.979483,0.144529,0.400000,0.544529
185,22.094653,475.321481,3.083474,21.801869,23.000000,1.198131
186,22.347793,68.166219,3.111896,8.256284,10.000000,1.743716
187,22.307847,15.037626,3.116082,3.877838,0.000000,3.877838
188,22.186608,-0.000000,3.099147,-0.000000,0.000000,0.000000
189,22.242276,32.485123,3.113203,5.699572,0.000000,-5.699572
190,22.148056,4.717255,3.108142,2.171924,0.000000,2.171924
191,22.127632,18.328848,3.114415,4.281220,1.800000,-2.481220
192,22.276004,50.021636,3.135470,7.072598,0.000000,7.072598
193,22.527847,69.874276,3.163108,8.359083,0.000000,8.359083
194,22.436548,5.181007,3.158440,2.276182,0.000000,-2.276182
195,22.319139,0.011440,3.142463,0.106959,0.000000,0.106959
196,22.202956,0.012057,3.126668,0.109805,0.000000,0.109805
197,22.201558,21.933028,3.134734,4.683271,0.000000,-4.683271
198,22.396308,59.983147,3.158497,7.744879,0.000000,-7.744879
199,22.285091,0.708887,3.146618,0.841954,5.600000,4.758046
200,22.234985,12.464431,3.148576,3.530500,0.000000,3.530500
201,22.122320,0.040000,3.133609,0.200000,0.200000,0.000000
202,22.011721,0.223681,3.120171,0.472950,0.000000,-0.472950
203,21.910112,1.791528,3.111218,1.338480,0.000000,-1.338480
204,21.938822,27.652128,3.121954,5.258529,0.000000,5.258529
205,22.042688,42.815802,3.138976,6.543378,0.000000,6.543378
206,21.986452,10.682999,3.139618,3.268486,0.000000,3.268486
207,21.878144,-0.000000,3.124151,-0.000000,0.000000,0.000000
208,21.817225,9.450588,3.123906,3.074181,0.000000,3.074181
209,21.869405,32.514303,3.136483,5.702131,0.800000,-4.902131
210,25.298763,728.317023,3.252264,26.987349,10.600000,-16.387349
211,25.297364,25.009164,3.260712,5.000916,0.000000,-5.000916
212,25.175744,0.000494,3.245142,0.022223,0.000000,-0.022223
213,25.056074,0.164658,3.231557,0.405781,0.000000,-0.405781
214,25.053962,24.612500,3.239792,4.961099,0.000000,-4.961099
215,24.938116,0.610489,3.228141,0.781338,0.000000,0.781338
216,24.821059,0.122103,3.214562,0.349433,0.000000,-0.349433
217,24.735005,6.491561,3.211432,2.547854,0.000000,2.547854
218,24.619868,0.095706,3.197871,0.309364,0.000000,0.309364
219,24.511211,1.258466,3.188215,1.121814,0.000000,1.121814
220,24.405424,1.661334,3.179422,1.288927,0.000000,1.288927
221,24.303816,2.356421,3.171844,1.535064,0.500000,-1.035064
222,24.193425,0.238663,3.159536,0.488532,0.000000,-0.488532
223,24.086503,0.777512,3.149135,0.881767,0.000000,-0.881767
224,24.057124,17.623144,3.153902,4.197993,0.000000,4.197993
225,23.949300,0.227937,3.141792,0.477427,0.000000,-0.477427
226,23.954033,25.000000,3.150162,5.000000,5.000000,0.000000
227,23.846659,0.009686,3.136477,0.098416,0.000000,-0.098416
228,23.740439,0.053433,3.123507,0.231156,0.000000,0.231156
229,23.634926,-0.000000,3.109624,0.000000,0.000000,0.000000
230,23.543544,2.982615,3.103507,1.727025,0.000000,1.727025
231,23.441779,0.442907,3.092767,0.665512,0.000000,0.665512
232,23.342793,0.872816,3.083300,0.934246,0.000000,0.934246
233,24.245682,230.104449,3.136076,15.169194,15.200000,0.030806
234,24.146930,1.532662,3.127824,1.238007,2.500000,1.261993
235,24.042862,0.107284,3.115701,0.327543,0.000000,0.327543
236,23.949708,2.431218,3.108993,1.559236,0.000000,1.559236
237,24.075665,53.297586,3.126982,7.300520,0.000000,-7.300520
238,23.993285,4.798704,3.122980,2.190594,0.000000,2.190594
239,23.933497,9.943053,3.123109,3.153261,0.000000,-3.153261
240,23.848258,3.817183,3.118154,1.953761,6.000000,4.046239
241,23.811482,15.132338,3.121411,3.890031,0.000000,3.890031
242,23.715034,0.856775,3.112185,0.925621,0.000000,-0.925621
243,23.615808,-0.000000,3.099163,0.000000,0.000000,0.000000
244,23.568296,12.213040,3.100812,3.494716,0.000000,-3.494716
245,23.527750,13.796627,3.103357,3.714381,0.000000,-3.714381
246,23.445661,3.662266,3.098442,1.913705,0.000000,-1.913705
247,23.365802,4.040054,3.093962,2.009989,0.000000,2.009989
248,23.274878,1.180329,3.085735,1.086430,0.000000,1.086430
249,23.190226,2.535115,3.079639,1.592205,0.000000,1.592205
250,23.095957,-0.000000,3.067120,0.000000,0.000000,0.000000
251,23.116824,28.250172,3.076221,5.315089,0.000000,-5.315089
252,23.040499,4.188029,3.072069,2.046467,0.000000,2.046467
253,22.947966,-0.000000,3.059731,0.000000,0.000000,0.000000
254,22.856410,0.058772,3.048462,0.242430,0.000000,0.242430
255,22.765365,0.004223,3.036576,0.064987,0.000000,0.064987
256,22.787045,28.228625,3.045609,5.313062,0.000000,5.313062
257,22.696995,0.004561,3.033838,0.067535,0.000000,-0.067535
258,22.661971,13.800927,3.036520,3.714960,0.000000,-3.714960
259,22.659332,21.989007,3.043001,4.689244,0.000000,-4.689244
260,22.604205,8.546706,3.042534,2.923475,0.000000,2.923475
261,22.518327,0.533603,3.033538,0.730481,0.200000,-0.530481
262,22.431047,0.000077,3.021814,0.008773,0.000000,0.008773
263,22.361834,4.504977,3.018342,2.122493,0.000000,2.122493
264,22.287639,3.071008,3.013473,1.752429,0.000000,-1.752429
265,22.234339,8.376325,3.013016,2.894188,0.000000,-2.894188
266,22.158115,2.263617,3.007258,1.504532,0.000000,1.504532
267,22.078663,1.262431,3.000096,1.123580,0.000000,-1.123580
268,22.010846,4.174720,2.996471,2.043213,0.000000,-2.043213
269,21.966672,10.304933,2.997278,3.210130,0.000000,-3.210130
270,21.919642,9.456587,2.997570,3.075156,0.000000,-3.075156
271,22.303640,124.447030,3.028125,11.155583,8.200000,-2.955583
272,22.230453,2.689600,3.022945,1.640000,0.000000,1.640000
273,22.149738,0.518169,3.014383,0.719839,0.000000,-0.719839
274,22.068721,0.275228,3.005162,0.524621,0.000000,0.524621
275,21.987363,0.020515,2.994601,0.143232,0.000000,-0.143232
276,21.909164,0.717310,2.986706,0.846942,0.000000,0.846942
277,21.831177,0.618835,2.978647,0.786661,0.000000,0.786661
278,21.754949,0.944573,2.971323,0.971891,0.000000,0.971891
279,21.675888,0.013239,2.960936,0.115061,0.600000,0.715061
280,21.621472,6.657163,2.959557,2.580148,0.000000,2.580148
281,21.544412,0.275624,2.950768,0.524999,0.000000,0.524999
282,21.467482,0.158017,2.941583,0.397514,0.400000,0.797514
283,21.391655,0.311765,2.933041,0.558359,0.000000,0.558359
284,21.315953,0.194928,2.924143,0.441507,0.000000,0.441507
285,21.261580,6.037234,2.922481,2.457078,0.000000,2.457078
286,21.187650,0.413408,2.914398,0.642968,0.000000,0.642968
287,21.123024,2.898283,2.910115,1.702435,0.000000,1.702435
288,21.048727,0.022670,2.900398,0.150566,0.000000,-0.150566
289,21.000029,7.169867,2.899617,2.677661,2.400000,-0.277661
290,20.940588,4.000000,2.896471,2.000000,2.000000,0.000000
291,20.873057,1.559079,2.890730,1.248631,0.000000,1.248631
292,20.800849,0.077381,2.881658,0.278174,0.000000,0.278174
293,20.733857,1.440000,2.875839,1.200000,1.200000,0.000000
294,20.671068,2.525027,2.871402,1.589033,0.000000,1.589033
295,20.600142,0.031599,2.862146,0.177761,0.000000,-0.177761
296,20.529595,0.000341,2.852407,0.018464,0.000000,0.018464
297,20.465940,1.878724,2.847350,1.370665,0.000000,-1.370665
298,20.403263,2.038982,2.842522,1.427929,2.000000,0.572071
299,20.335560,0.430800,2.835111,0.656354,0.000000,0.656354
300,20.291587,7.319480,2.834673,2.705454,0.000000,2.705454
301,20.226959,1.097248,2.828656,1.047496,1.000000,2.047496
302,20.167102,2.389601,2.824351,1.545833,0.000000,1.545833
303,20.144258,13.336825,2.827119,3.651962,5.400000,1.748038
304,20.110321,9.963007,2.828216,3.156423,0.000000,3.156423
305,20.043597,0.026332,2.819360,0.162271,0.000000,-0.162271
306,19.977254,0.008024,2.810321,0.089576,0.000000,0.089576
307,19.912040,0.217564,2.802585,0.466438,0.000000,0.466438
308,19.846540,-0.000000,2.793366,0.000000,0.000000,0.000000
309,19.793343,3.621436,2.790447,1.903007,0.000000,1.903007
310,19.729261,0.184181,2.782730,0.429163,0.000000,0.429163
311,19.665009,0.003928,2.773870,0.062673,0.000000,0.062673
312,19.603208,0.630451,2.767442,0.794010,0.200000,-0.594010
313,19.539771,0.000954,2.758586,0.030892,0.000000,0.030892
314,19.476742,0.000915,2.749785,0.030249,0.000000,0.030249
315,19.414157,0.012793,2.741307,0.113105,0.000000,-0.113105
316,19.354119,0.682217,2.735168,0.825964,0.000000,0.825964
317,19.302087,3.068134,2.732025,1.751609,0.000000,1.751609
318,19.240668,0.016555,2.723734,0.128667,0.600000,0.471333
319,19.182551,0.933939,2.718155,0.966405,1.800000,0.833595
320,19.121928,0.025599,2.710060,0.159996,0.200000,0.359996
321,19.064570,0.939515,2.704569,0.969286,0.000000,0.969286
322,19.008739,1.310208,2.699663,1.144643,0.000000,1.144643
323,18.949151,-0.000000,2.691200,0.000000,0.000000,0.000000
324,18.889934,-0.000000,2.682790,0.000000,0.000000,0.000000
325,19.098004,85.680344,2.703269,9.256368,9.800000,0.543632
326,19.041756,0.985972,2.697957,0.992961,0.000000,0.992961
327,18.984369,0.505691,2.691806,0.711120,0.000000,0.711120
328,18.925874,0.032069,2.684051,0.179078,0.000000,0.179078
329,18.880135,4.060706,2.681992,2.015119,0.000000,-2.015119
330,18.829781,2.464683,2.678581,1.569931,0.000000,1.569931
331,18.802007,9.747713,2.679938,3.122133,0.000000,-3.122133
332,18.779848,11.534049,2.682121,3.396181,0.000000,3.396181
333,18.736402,4.485833,2.680407,2.117979,0.000000,2.117979
334,18.684741,1.688360,2.676222,1.299369,0.000000,-1.299369
335,18.628949,0.217788,2.669546,0.466678,0.000000,0.466678
336,18.596439,7.835395,2.669937,2.799178,0.400000,-2.399178
337,18.540693,0.033032,2.662465,0.181747,0.000000,0.181747
338,18.485665,0.161580,2.655697,0.401971,0.000000,-0.401971
339,18.445358,4.982647,2.654433,2.232184,0.000000,2.232184
340,18.391557,0.368221,2.648338,0.606812,0.400000,-0.206812
341,18.946636,205.453254,2.683013,14.333641,15.000000,0.666359
342,19.382830,166.380176,2.713237,12.898844,11.200000,-1.698844
343,19.327477,0.618069,2.707553,0.786174,4.000000,3.213826
344,19.270631,-0.000000,2.699589,0.000000,0.000000,0.000000
345,19.215686,0.534140,2.693816,0.730849,0.000000,-0.730849
346,19.159714,0.073499,2.686732,0.271108,0.000000,0.271108
347,19.108662,1.648804,2.682643,1.284058,0.000000,1.284058
348,19.076183,7.935932,2.683033,2.817079,0.000000,2.817079
349,19.053044,11.093340,2.684911,3.330667,0.000000,3.330667
350,19.004970,2.419303,2.681646,1.555411,2.400000,0.844589
351,18.950442,0.083794,2.674752,0.289472,0.000000,-0.289472
352,18.895987,0.000010,2.667075,0.003196,0.000000,0.003196
353,18.855140,4.640493,2.665606,2.154180,0.000000,-2.154180
354,18.893292,32.208328,2.674205,5.675238,0.000000,-5.675238
355,18.869794,10.645584,2.675881,3.262757,0.000000,3.262757
356,18.820444,1.498535,2.671757,1.224146,0.000000,1.224146
357,18.771930,1.694818,2.667876,1.301852,0.000000,1.301852
358,18.719570,0.236561,2.661714,0.486375,0.000000,-0.486375
359,18.667410,0.202812,2.655485,0.450347,0.400000,0.850347
360,18.615636,0.235943,2.649390,0.485739,0.000000,0.485739
361,18.565051,0.556786,2.644059,0.746181,0.000000,0.746181
362,18.524217,3.946423,2.642222,1.986561,0.000000,1.986561
363,18.472830,0.076157,2.635631,0.275966,0.000000,0.275966
364,18.421517,0.000337,2.628361,0.018360,0.000000,0.018360
365,18.370508,0.007189,2.621315,0.084785,0.000000,0.084785
366,18.323702,1.426585,2.617373,1.194398,0.000000,1.194398
367,18.485064,76.898172,2.634320,8.769160,6.800000,-1.969160
368,18.435763,0.539503,2.629101,0.734508,5.400000,4.665492
369,18.433326,17.546416,2.633374,4.188844,0.000000,4.188844
370,18.431310,17.695452,2.637673,4.206596,0.200000,4.406596
371,18.381759,0.246136,2.631837,0.496121,0.000000,0.496121
372,18.332670,0.316852,2.626215,0.562897,0.600000,0.037103
373,18.283152,0.060599,2.619765,0.246169,3.400000,3.646169
374,18.254629,7.729493,2.620199,2.780197,0.000000,2.780197
375,18.219732,5.308122,2.619346,2.303936,0.000000,2.303936
376,18.170789,0.012889,2.612610,0.113531,0.000000,0.113531
377,18.124057,0.739738,2.607912,0.860080,0.000000,0.860080
378,18.076853,0.469782,2.602772,0.685407,0.000000,0.685407
379,18.028650,0.000491,2.595890,0.022148,0.000000,-0.022148
380,18.010154,11.074388,2.597836,3.327820,2.800000,-0.527820
381,17.964457,0.782292,2.593292,0.884473,1.000000,0.115527
382,17.917981,0.396463,2.588097,0.629653,0.000000,0.629653
383,17.947285,29.024371,2.595483,5.387427,5.800000,0.412573
384,17.937167,14.102162,2.598535,3.755284,3.000000,-0.755284
385,17.890168,0.030554,2.592174,0.174797,0.400000,0.574797
386,17.843335,-0.000000,2.585388,0.000000,0.000000,0.000000
387,17.796778,0.011949,2.578923,0.109311,0.000000,0.109311
388,17.750981,0.210797,2.573403,0.459127,0.000000,0.459127
389,17.705231,0.137491,2.567682,0.370797,0.000000,0.370797
390,17.659371,0.003009,2.561172,0.054855,0.000000,0.054855
391,17.614842,0.426687,2.556241,0.653213,0.000000,-0.653213
392,17.578410,3.479127,2.554461,1.865242,0.800000,-1.065242
393,17.534839,0.629406,2.549933,0.793351,0.000000,0.793351
394,17.492318,0.951612,2.545896,0.975506,2.200000,1.224494
395,17.765255,124.210742,2.567889,11.144987,10.800000,-0.344987
396,17.719949,0.005312,2.561524,0.072881,1.400000,1.327119
397,17.679943,1.997647,2.558603,1.413381,0.000000,1.413381
398,17.642791,3.042193,2.556535,1.744188,2.000000,0.255812
399,17.598475,0.137703,2.551003,0.371084,0.000000,-0.371084
400,17.558781,1.879894,2.548023,1.371092,0.000000,1.371092
401,17.514615,0.024769,2.542001,0.157382,0.000000,-0.157382
402,17.472210,0.637502,2.537621,0.798437,1.400000,0.601563
403,17.430381,0.782331,2.533477,0.884495,0.000000,0.884495
404,17.396057,3.700739,2.531953,1.923730,0.000000,1.923730
405,17.480588,51.293019,2.543499,7.161914,7.800000,0.638086
406,17.437403,0.120340,2.538035,0.346901,0.000000,0.346901
407,17.403045,3.590931,2.536439,1.894975,0.800000,-1.094975
408,17.360651,0.276020,2.531461,0.525376,0.000000,0.525376
409,17.573169,103.430484,2.550322,10.170078,8.400000,-1.770078
410,17.576904,19.089311,2.554802,4.369132,4.800000,0.430868
411,17.562639,11.771263,2.556955,3.430927,3.000000,-0.430927
412,17.527773,3.337100,2.555165,1.826773,2.400000,0.573227
413,17.485556,0.261111,2.550167,0.510990,0.000000,0.510990
414,17.445347,1.000000,2.546386,1.000000,1.000000,0.000000
415,17.402904,0.001391,2.540281,0.037301,0.000000,0.037301
416,17.361206,0.222967,2.535262,0.472194,0.000000,0.472194
417,17.319169,-0.000000,2.529123,-0.000000,0.000000,0.000000
418,17.285435,3.353551,2.527437,1.831270,0.000000,1.831270
419,17.244450,0.276555,2.522614,0.525885,1.400000,0.874115
420,17.209249,2.600896,2.520427,1.612730,0.000000,-1.612730
421,17.171592,1.505971,2.517326,1.227180,0.000000,-1.227180
422,17.142729,5.107072,2.516710,2.259883,0.000000,2.259883
423,17.102446,0.264000,2.511930,0.513810,0.000000,0.513810
424,17.061727,0.000700,2.506012,0.026454,0.000000,0.026454
425,17.027110,2.487899,2.503806,1.577307,0.000000,1.577307
426,16.986766,0.001871,2.497975,0.043250,0.000000,0.043250
427,16.949332,1.152362,2.494608,1.073481,0.000000,1.073481
428,16.958296,20.749754,2.499467,4.555190,0.000000,4.555190
429,16.931965,5.767619,2.499237,2.401587,0.000000,2.401587
430,16.892245,0.011594,2.493623,0.107675,0.000000,0.107675
431,16.853390,0.301160,2.489068,0.548780,0.000000,-0.548780
432,16.847649,14.396230,2.492118,3.794236,0.000000,3.794236
433,16.828433,8.603728,2.493146,2.933211,3.000000,0.066789
434,17.130754,146.826640,2.515528,12.117204,12.800000,0.682796
435,17.092376,0.589647,2.511473,0.767885,1.600000,0.832115
436,17.060515,3.328506,2.509882,1.824419,0.000000,1.824419
437,17.022169,0.456627,2.505647,0.675742,0.000000,0.675742
438,17.001436,8.023973,2.506400,2.832662,0.000000,-2.832662
439,16.980974,8.100443,2.507181,2.846128,0.000000,2.846128
440,16.945742,1.619854,2.504350,1.272735,0.000000,-1.272735
441,16.929634,9.906743,2.505821,3.147498,0.000000,3.147498
442,16.902399,5.000773,2.505206,2.236241,0.000000,2.236241
443,16.896381,14.260581,2.508101,3.776318,5.400000,1.623682
444,16.857981,-0.000000,2.502401,-0.000000,0.000000,0.000000
445,16.822580,1.246418,2.499258,1.116431,0.000000,-1.116431
446,16.784569,0.021420,2.493935,0.146356,0.400000,0.546356
447,16.747979,0.575235,2.490018,0.758443,0.000000,-0.758443
448,16.718489,3.654417,2.488715,1.911653,0.000000,1.911653
449,16.681416,0.221205,2.484179,0.470325,0.000000,-0.470325
450,16.644739,0.323351,2.479884,0.568640,0.000000,0.568640
451,16.612116,2.062420,2.477549,1.436113,1.600000,0.163887
452,17.293832,322.020819,2.512075,17.944939,16.400000,-1.544939
453,17.295851,18.200563,2.515981,4.266212,4.400000,0.133788
454,17.288967,14.197724,2.518764,3.767987,4.600000,0.832013
455,17.253305,1.205649,2.515613,1.098020,0.000000,1.098020
456,17.218578,1.556396,2.512808,1.247556,0.000000,-1.247556
457,17.185001,2.008578,2.510390,1.417243,0.000000,1.417243
458,17.846768,317.627051,2.544116,17.822094,14.600000,-3.222094
459,17.809485,0.882964,2.540589,0.939662,1.600000,0.660338
460,17.808664,17.434910,2.544175,4.175513,0.000000,-4.175513
461,17.770973,0.584113,2.540280,0.764273,0.000000,0.764273
462,17.733011,0.384508,2.536087,0.620087,0.000000,-0.620087
463,17.694498,0.055334,2.531075,0.235231,0.000000,0.235231
464,17.659779,1.723748,2.528427,1.312916,1.000000,2.312916
465,17.621483,0.005604,2.523104,0.074862,0.000000,-0.074862
466,17.601438,8.360674,2.523902,2.891483,0.000000,2.891483
467,17.565583,1.000221,2.520611,1.000110,0.000000,-1.000110
468,17.540692,6.016190,2.520464,2.452792,0.000000,2.452792
469,17.506416,1.602578,2.517766,1.265930,0.000000,-1.265930
470,17.478619,4.552941,2.516942,2.133762,0.000000,-2.133762
471,17.441408,0.101233,2.512234,0.318171,0.000000,-0.318171
472,17.431223,12.674862,2.514473,3.560177,0.000000,3.560177
473,17.394098,0.019527,2.509410,0.139738,0.000000,-0.139738
474,17.357090,-0.000000,2.504071,-0.000000,0.000000,0.000000
475,17.337864,8.301690,2.504872,2.881265,0.000000,2.881265
476,17.334133,15.577049,2.507926,3.946777,0.000000,-3.946777
477,17.326195,13.579160,2.510415,3.684991,0.000000,-3.684991
478,17.290728,0.514980,2.506633,0.717621,0.000000,-0.717621
479,17.268197,6.588352,2.506759,2.566779,0.600000,-1.966779
480,17.244809,6.135929,2.506697,2.477081,3.200000,0.722919
481,17.222205,6.462489,2.506771,2.542143,6.400000,3.857857
482,17.238278,24.904990,2.511967,4.990490,4.400000,-0.590490
483,17.208725,3.082415,2.510388,1.755681,0.000000,-1.755681
484,17.481663,148.219124,2.530522,12.174528,12.600000,0.425472
485,18.131894,330.242675,2.563042,18.172580,18.200000,0.027420
486,18.150217,26.963701,2.568498,5.192658,0.000000,5.192658
487,18.113043,0.195109,2.564094,0.441711,1.600000,1.158289
488,18.075864,0.118375,2.559507,0.344056,0.000000,0.344056
489,18.039530,0.453834,2.555619,0.673672,0.000000,0.673672
490,18.004741,1.132174,2.552550,1.064036,0.000000,1.064036
491,17.968163,0.191283,2.548207,0.437359,1.800000,2.237359
492,17.954864,11.478272,2.549928,3.387960,0.000000,3.387960
493,17.924656,3.182941,2.548361,1.784080,0.000000,1.784080
494,17.890302,1.091444,2.545293,1.044722,0.000000,1.044722
495,17.859169,2.603986,2.543395,1.613687,0.000000,1.613687
496,17.825575,1.330606,2.540570,1.153519,0.200000,-0.953519
497,17.912048,60.456942,2.551189,7.775406,8.000000,0.224594
498,18.892115,502.065391,2.591382,22.406816,25.200000,2.793184
499,18.872112,8.990425,2.592205,2.998404,0.000000,2.998404
500,18.835206,0.566869,2.588496,0.752907,0.000000,-0.752907
501,18.797711,0.199971,2.584188,0.447181,0.000000,0.447181
502,18.792598,16.251305,2.587094,4.031291,0.000000,-4.031291
503,18.755004,0.033488,2.582276,0.182998,0.000000,0.182998
504,18.717783,0.144239,2.577871,0.379788,0.000000,0.379788
505,18.694841,7.224171,2.578090,2.687782,0.000000,2.687782
506,18.657601,-0.000000,2.572955,-0.000000,0.000000,0.000000
507,18.623145,1.326501,2.570129,1.151738,0.000000,1.151738
508,18.586659,0.234015,2.565989,0.483751,0.000000,0.483751
509,18.860527,156.889893,2.585711,12.525570,0.000000,-12.525570
510,18.867421,22.348885,2.589944,4.727461,4.400000,-0.327461
511,18.888360,29.483760,2.595546,5.429895,5.600000,0.170105
512,20.024226,595.908034,2.638490,24.411228,24.600000,0.188772
513,19.994593,4.941371,2.637673,2.222919,2.800000,5.022919
514,19.955764,0.191736,2.633360,0.437877,0.200000,0.637877
515,19.917624,0.466094,2.629543,0.682711,0.000000,0.682711
516,19.920286,21.280741,2.633417,4.613105,0.000000,-4.613105
517,19.881481,0.013041,2.628506,0.114197,0.000000,0.114197
518,19.874290,16.185666,2.631219,4.023141,0.000000,4.023141
519,19.836053,0.182127,2.626939,0.426763,0.000000,0.426763
520,19.802390,2.466073,2.624891,1.570373,0.000000,1.570373
521,19.766288,1.137403,2.621877,1.066491,0.000000,-1.066491
522,19.732048,2.029843,2.619566,1.424726,0.000000,1.424726
523,19.735312,21.426408,2.623437,4.628867,0.000000,-4.628867
524,19.698445,0.564358,2.619837,0.751238,0.000000,-0.751238
525,19.663937,1.719773,2.617326,1.311401,0.200000,1.511401
526,19.627530,0.659319,2.613867,0.811985,0.000000,0.811985
527,19.591385,0.723658,2.610496,0.850681,0.000000,0.850681
528,20.436755,462.565428,2.646559,21.507334,22.000000,0.492666
529,20.628574,121.141662,2.662482,11.006437,0.000000,11.006437
530,20.589672,0.166051,2.658195,0.407493,2.600000,3.007493
531,22.901722,1239.040000,2.719944,35.200000,35.200000,0.000000
532,23.002995,76.373914,2.731344,8.739217,0.000000,8.739217
533,23.142051,96.563594,2.744757,9.826678,9.800000,-0.026678
534,23.098386,-0.000000,2.739578,-0.000000,0.000000,0.000000
535,23.064008,4.843214,2.738563,2.200730,0.000000,-2.200730
536,23.020654,-0.000000,2.733416,-0.000000,0.000000,0.000000
537,22.985828,4.458256,2.732249,2.111458,0.000000,-2.111458
538,22.959682,9.023860,2.732758,3.003974,0.000000,3.003974
539,22.916956,0.101337,2.728245,0.318334,0.000000,-0.318334
540,22.875355,0.618987,2.724623,0.786757,0.000000,0.786757
541,22.832757,-0.000000,2.719549,-0.000000,0.000000,0.000000
542,22.791393,0.578761,2.715908,0.760763,0.800000,0.039237
543,22.755222,3.295367,2.714237,1.815315,0.000000,1.815315
544,22.748451,19.098770,2.717304,4.370214,0.000000,4.370214
545,22.740610,18.506594,2.720233,4.301929,2.600000,6.901929
546,22.698653,-0.000000,2.715214,-0.000000,0.000000,0.000000
547,23.506907,461.580390,2.749780,21.484422,0.000000,21.484422
548,23.464606,0.495446,2.746019,0.703879,0.000000,0.703879
549,23.421850,0.162156,2.741719,0.402687,0.000000,0.402687
550,23.380401,0.790724,2.738326,0.889226,1.000000,0.110774
551,23.337658,-0.000000,2.733320,-0.000000,0.000000,0.000000
552,23.295380,0.169636,2.729084,0.411869,0.000000,0.411869
553,23.252968,0.011367,2.724307,0.106615,0.000000,0.106615
554,23.211083,0.215835,2.720199,0.464580,0.000000,-0.464580
555,23.169659,0.386533,2.716390,0.621718,0.000000,0.621718
556,23.236082,59.834969,2.725482,7.735307,0.000000,-7.735307
557,23.218809,13.684463,2.727243,3.699252,0.000000,-3.699252
558,23.195745,10.441079,2.728153,3.231266,2.400000,-0.831266
559,23.167435,7.484027,2.728167,2.735695,0.000000,-2.735695
560,23.125767,-0.000000,2.723260,-0.000000,0.000000,0.000000
561,23.084260,0.006408,2.718514,0.080051,0.400000,0.480051
562,23.101771,32.854979,2.723915,5.731926,5.800000,0.068074
563,23.060750,0.171401,2.719783,0.414006,2.800000,2.385994
564,23.049088,16.530084,2.722186,4.065721,0.000000,4.065721
565,23.009722,0.964823,2.719085,0.982254,0.600000,1.582254
566,22.985272,9.268326,2.719663,3.044393,0.000000,3.044393
567,22.961138,9.398107,2.720278,3.065633,0.000000,3.065633
568,22.922200,1.000000,2.717228,1.000000,1.000000,0.000000
569,22.881703,0.041530,2.712779,0.203788,0.000000,0.203788
570,22.855107,7.828495,2.712930,2.797945,0.000000,2.797945
571,22.817678,1.632765,2.710399,1.277797,0.000000,1.277797
572,22.784743,4.110718,2.709196,2.027490,4.000000,1.972510
573,23.397826,371.628968,2.738315,19.277681,20.200000,0.922319
574,23.357443,0.379327,2.734591,0.615895,0.800000,1.415895
575,23.649500,190.122160,2.753950,13.788479,11.400000,-2.388479
576,23.616617,4.840000,2.752982,2.200000,2.200000,0.000000
577,23.631659,32.236132,2.758086,5.677687,2.400000,-3.277687
578,23.628559,21.852063,2.761425,4.674619,4.800000,0.125381
579,23.591020,2.043682,2.759109,1.429574,0.800000,-0.629574
580,23.551151,0.626450,2.755693,0.791486,0.000000,0.791486
581,23.511305,0.560110,2.752214,0.748405,0.000000,0.748405
582,23.488545,10.355692,2.753020,3.218026,3.800000,0.581974
583,23.474122,15.138052,2.754985,3.890765,5.400000,1.509235
584,23.441925,4.799797,2.754012,2.190844,0.000000,-2.190844
585,23.404489,1.691700,2.751510,1.300654,4.700000,3.399346
586,23.367505,1.879335,2.749138,1.370888,0.600000,-0.770888
587,23.343995,9.661523,2.749754,3.108299,0.600000,3.708299
588,23.304982,0.560151,2.746327,0.748433,0.000000,0.748433
589,23.524170,151.529774,2.762675,12.309743,1.800000,14.109743
590,23.484275,0.146117,2.758613,0.382253,0.000000,0.382253
591,23.452055,4.571233,2.757556,2.138044,0.000000,2.138044
592,23.412204,0.019266,2.753102,0.138802,0.000000,0.138802
593,23.397682,14.858880,2.754972,3.854722,0.000000,3.854722
594,23.358025,-0.000000,2.750303,-0.000000,0.000000,0.000000
595,23.318523,0.012360,2.745837,0.111175,0.000000,0.111175
596,23.310695,18.684363,2.748501,4.322541,0.000000,4.322541
597,23.595536,192.221394,2.767246,13.864393,14.600000,0.735607
598,23.561315,3.268543,2.765631,1.807911,2.000000,0.192089
599,23.527145,3.229898,2.764003,1.797192,0.000000,1.797192
600,23.487681,0.006401,2.759500,0.080008,0.000000,0.080008
601,23.457001,5.171690,2.758687,2.274135,0.000000,-2.274135
602,23.417777,0.001156,2.754131,0.034003,0.000000,0.034003
603,23.427308,29.126959,2.758543,5.396940,0.000000,-5.396940
604,23.415492,16.337608,2.760682,4.041981,0.000000,4.041981
605,23.376531,-0.000000,2.756088,-0.000000,0.000000,0.000000
606,23.340614,1.754556,2.753710,1.324597,0.000000,-1.324597
607,23.302319,0.248847,2.749971,0.498846,0.000000,0.498846
608,23.383880,72.564979,2.759522,8.518508,0.000000,8.518508
609,23.345982,0.455778,2.756076,0.675113,0.000000,0.675113
610,23.309241,1.080657,2.753244,1.039547,0.000000,-1.039547
611,23.270877,0.022576,2.748955,0.150255,0.000000,-0.150255
612,23.233652,0.638162,2.745748,0.798851,0.000000,0.798851
613,23.214481,11.558065,2.746822,3.399715,0.000000,3.399715
614,23.176700,0.168091,2.742991,0.409989,0.000000,-0.409989
615,23.139875,0.676828,2.739848,0.822696,0.400000,-0.422696
616,23.102892,0.506059,2.736534,0.711378,2.200000,1.488622
617,23.067694,1.526713,2.734085,1.235602,0.000000,1.235602
618,23.030367,0.148838,2.730261,0.385795,0.000000,-0.385795
619,22.992919,0.000087,2.725836,0.009353,0.000000,0.009353
620,22.985362,18.337879,2.728363,4.282275,4.400000,0.117725
621,22.948262,0.094529,2.724439,0.307455,0.000000,0.307455
622,22.911173,0.026995,2.720297,0.164301,0.000000,0.164301
623,22.874196,0.022643,2.716145,0.150475,0.000000,0.150475
624,22.837343,0.025231,2.712020,0.158843,0.600000,0.441157
625,22.800744,0.109276,2.708186,0.330569,0.000000,0.330569
626,22.777636,8.428000,2.708499,2.903102,0.000000,2.903102
627,22.743611,1.580021,2.706169,1.256989,0.000000,1.256989
628,22.708738,0.982417,2.703421,0.991170,0.000000,0.991170
629,22.672411,0.004746,2.699205,0.068888,0.000000,0.068888
630,22.637904,1.070624,2.696546,1.034710,0.000000,1.034710
631,22.601798,-0.000000,2.692246,-0.000000,0.000000,0.000000
632,22.568727,1.832925,2.690115,1.353856,0.000000,1.353856
633,22.536708,2.428831,2.688315,1.558471,0.000000,1.558471
634,22.510336,5.922332,2.687911,2.433584,0.000000,2.433584
635,22.481873,4.550054,2.687032,2.133086,0.000000,2.133086
636,22.457085,6.815720,2.686911,2.610693,0.000000,2.610693
637,22.441970,12.889653,2.688338,3.590216,6.800000,3.209784
638,22.407150,0.366174,2.685052,0.605123,0.200000,0.805123
639,22.380720,5.623669,2.684558,2.371428,0.000000,2.371428
640,22.381756,23.040000,2.687884,4.800000,4.800000,0.000000
641,22.351725,3.251715,2.686496,1.803251,0.000000,1.803251
642,22.323198,4.151785,2.685479,2.037593,0.000000,2.037593
643,22.299124,6.939822,2.685399,2.634354,0.000000,2.634354
644,22.266350,1.323535,2.683000,1.150450,0.000000,1.150450
645,22.273327,26.739020,2.686882,5.170979,5.800000,0.629021
646,22.249263,6.823847,2.686765,2.612249,0.000000,2.612249
647,22.219941,3.395317,2.685453,1.842638,0.000000,1.842638
648,22.195186,6.278041,2.685173,2.505602,2.800000,0.294398
649,22.168075,4.708268,2.684374,2.169854,0.000000,2.169854
650,22.133759,-0.000000,2.680219,-0.000000,0.000000,0.000000
651,22.100742,0.771674,2.677434,0.878450,2.000000,1.121550
652,22.067984,0.873675,2.674745,0.934706,2.000000,1.065294
653,22.047768,8.947444,2.675232,2.991228,4.200000,1.208772
654,22.023711,6.411194,2.675012,2.532034,0.000000,2.532034
655,21.990036,0.100935,2.671391,0.317703,0.400000,0.717703
656,21.956948,0.416697,2.668284,0.645521,0.000000,0.645521
657,21.927463,2.703106,2.666716,1.644113,0.000000,1.644113
658,21.893973,0.025061,2.662880,0.158306,0.000000,0.158306
659,21.871712,7.313232,2.662943,2.704299,0.000000,2.704299
660,21.858186,12.998964,2.664380,3.605408,0.000000,3.605408
661,21.824917,-0.000000,2.660325,-0.000000,0.000000,0.000000
662,21.806744,9.867392,2.661055,3.141240,6.600000,3.458760
663,21.800315,17.569750,2.663378,4.191629,0.000000,4.191629
664,21.767664,0.250656,2.660101,0.500655,0.000000,0.500655
665,21.734779,0.030643,2.656342,0.175051,0.000000,0.175051
666,21.703318,0.907823,2.653768,0.952798,0.000000,0.952798
667,21.674156,2.368923,2.652087,1.539131,0.000000,1.539131
668,21.643151,1.086961,2.649663,1.042574,0.000000,1.042574
669,21.616812,4.127378,2.648734,2.031595,0.000000,2.031595
670,21.584624,0.179476,2.645393,0.423646,0.000000,-0.423646
671,21.552649,0.257590,2.642188,0.507533,0.000000,0.507533
672,21.522999,1.746132,2.640210,1.321413,0.000000,1.321413
673,21.499335,5.692319,2.639830,2.385858,0.000000,-2.385858
674,21.472926,3.805246,2.638802,1.950704,0.000000,-1.950704
675,21.454372,9.023093,2.639346,3.003846,0.000000,-3.003846
676,21.456971,23.200687,2.642586,4.816709,3.600000,-1.216709
677,21.444414,13.006378,2.644018,3.606436,2.800000,-0.806436
678,21.427753,10.214508,2.644837,3.196014,0.000000,3.196014
679,21.397841,1.237666,2.642567,1.112504,0.000000,-1.112504
680,21.378778,8.510903,2.642973,2.917345,3.000000,0.082655
681,21.363288,10.892466,2.643944,3.300374,2.300000,-1.000374
682,21.341156,6.357505,2.643764,2.521409,0.000000,2.521409
683,21.309798,0.049342,2.640197,0.222130,0.000000,0.222130
684,21.279097,0.432795,2.637282,0.657872,0.000000,0.657872
685,21.254767,4.710701,2.636596,2.170415,1.000000,-1.170415
686,21.224158,0.378912,2.633633,0.615559,2.400000,1.784441
687,21.197083,2.732053,2.632197,1.652892,1.000000,2.652892
688,21.167557,1.001640,2.629812,1.000820,1.300000,0.299180
689,21.147440,7.386943,2.629941,2.717893,0.200000,2.917893
690,21.120760,2.845349,2.628566,1.686816,2.100000,0.413184
691,21.115694,17.640000,2.630853,4.200000,4.200000,0.000000
692,21.090759,3.960559,2.629922,1.990115,0.000000,1.990115
693,21.060163,0.010277,2.626252,0.101377,0.000000,0.101377
694,21.029677,0.024456,2.622672,0.156385,0.000000,0.156385
695,20.999762,0.358368,2.619743,0.598638,0.000000,0.598638
696,20.970266,0.588765,2.617066,0.767310,0.000000,0.767310
697,20.945250,3.634065,2.616041,1.906322,0.000000,1.906322
698,20.918992,2.722564,2.614649,1.650019,0.000000,1.650019
699,20.966183,53.716496,2.621432,7.329154,8.500000,1.170846
700,20.936117,0.040465,2.617955,0.201160,0.000000,0.201160
701,20.906126,0.032516,2.614458,0.180321,0.000000,-0.180321
702,20.878006,1.278280,2.612332,1.130610,0.000000,1.130610
703,20.849523,0.968311,2.610002,0.984028,0.000000,-0.984028
704,20.862966,30.259794,2.614132,5.500890,3.200000,-2.300890
705,20.833535,0.231696,2.611090,0.481348,0.000000,0.481348
706,20.805327,1.031305,2.608817,1.015532,0.000000,-1.015532
707,20.776441,0.498707,2.606110,0.706192,0.000000,-0.706192
708,20.751891,3.493019,2.605063,1.868962,0.400000,-1.468962
709,20.722561,0.074656,2.601756,0.273233,0.000000,-0.273233
710,20.696017,1.981985,2.600065,1.407830,0.000000,-1.407830
711,20.673772,4.969264,2.599540,2.229185,1.600000,-0.629185
712,20.646413,1.303116,2.597481,1.141541,0.000000,-1.141541
713,20.617673,0.270166,2.594550,0.519775,0.000000,0.519775
714,20.589397,0.541547,2.591932,0.735899,0.000000,0.735899
715,20.562711,1.615898,2.590075,1.271180,0.000000,1.271180
716,20.534887,0.752054,2.587655,0.867211,0.000000,0.867211
717,20.506675,0.419088,2.584934,0.647370,0.000000,0.647370
718,20.490681,9.086999,2.585535,3.014465,3.200000,0.185535
719,20.462033,0.007495,2.582040,0.086572,0.000000,0.086572
720,20.433471,0.011610,2.578585,0.107748,0.000000,0.107748
721,20.412707,5.545983,2.578273,2.354991,0.000000,2.354991
722,20.388804,3.250111,2.577193,1.802806,0.000000,1.802806
723,20.360507,0.043729,2.573899,0.209114,0.000000,0.209114
724,20.332740,0.367720,2.571166,0.606399,0.000000,-0.606399
725,20.304555,0.011662,2.567750,0.107989,0.000000,0.107989
726,20.279900,2.503357,2.566385,1.582200,0.000000,1.582200
727,20.252206,0.257557,2.563537,0.507501,0.400000,-0.107501
728,20.227664,2.483546,2.562173,1.575927,1.800000,3.375927
729,20.200173,0.296592,2.559390,0.544602,0.000000,0.544602
730,20.173270,0.668386,2.556991,0.817549,2.800000,1.982451
731,20.184664,28.457220,2.560812,5.334531,6.200000,0.865469
732,20.218351,44.708287,2.566479,6.686426,7.200000,0.513574
733,20.203429,9.340651,2.567151,3.056248,1.600000,4.656248
734,20.176399,0.471764,2.564575,0.686851,0.000000,0.686851
735,20.151310,1.836038,2.562920,1.355005,0.000000,-1.355005
736,20.129455,4.153709,2.562203,2.038065,1.000000,-1.038065
737,20.116019,10.280355,2.563082,3.206299,2.800000,-0.406299
738,20.093124,3.311376,2.562069,1.819719,0.400000,2.219719
739,20.065790,0.002632,2.558653,0.051299,0.400000,0.348701
740,20.039139,0.450246,2.556088,0.671004,0.000000,0.671004
741,20.020128,6.028712,2.555952,2.455344,0.400000,-2.055344
742,19.993857,0.631990,2.553566,0.794978,0.000000,0.794978
743,19.969103,1.700377,2.551875,1.303985,0.000000,-1.303985
744,20.129578,138.720851,2.564342,11.777982,11.200000,-0.577982
745,20.109851,5.511493,2.564050,2.347657,3.400000,1.052343
746,20.089070,4.690256,2.563513,2.165700,0.000000,2.165700
747,20.096363,25.508157,2.566860,5.050560,0.000000,5.050560
748,20.090239,15.540129,2.568709,3.942097,4.400000,0.457903
749,20.063787,0.383685,2.566092,0.619423,1.200000,1.819423
750,20.039707,2.099992,2.564595,1.449135,0.000000,1.449135
751,20.012880,-0.000000,2.561162,-0.000000,0.000000,0.000000
752,19.986125,0.000005,2.557741,0.002246,0.000000,0.002246
753,19.960167,0.543118,2.555310,0.736966,0.000000,0.736966
754,19.934084,0.397947,2.552744,0.630831,0.000000,0.630831
755,19.907540,-0.000000,2.549345,-0.000000,0.000000,0.000000
756,19.881783,0.538325,2.546930,0.733706,0.000000,0.733706
757,19.855565,0.139611,2.544044,0.373646,0.000000,0.373646
758,19.848904,14.833060,2.545778,3.851371,5.400000,1.548629
759,19.857459,26.307832,2.549200,5.129116,0.000000,5.129116
760,19.831389,0.148522,2.546338,0.385385,0.000000,-0.385385
761,19.807469,1.723792,2.544708,1.312932,0.000000,-1.312932
762,19.783393,1.558114,2.542998,1.248244,0.000000,-1.248244
763,19.768157,8.219501,2.543425,2.866967,0.000000,-2.866967
764,19.745083,2.231374,2.542044,1.493779,0.000000,-1.493779
765,19.721398,1.720853,2.540427,1.311813,0.000000,-1.311813
766,19.695662,0.110681,2.537530,0.332687,0.000000,-0.332687
767,19.677408,5.768277,2.537352,2.401724,0.000000,2.401724
768,19.655038,2.586252,2.536135,1.608183,0.000000,1.608183
769,19.630702,1.038486,2.534152,1.019061,0.600000,1.619061
770,19.606366,0.988732,2.532142,0.994350,0.000000,0.994350
771,19.581232,0.329209,2.529589,0.573767,0.000000,0.573767
772,19.557472,1.333423,2.527799,1.154739,3.400000,2.245261
773,19.541025,6.909255,2.527930,2.628546,4.000000,1.371454
774,19.516594,0.729506,2.525756,0.854111,0.000000,-0.854111
775,19.493543,1.744145,2.524193,1.320661,0.000000,-1.320661
776,19.468442,0.115543,2.521364,0.339917,0.000000,-0.339917
777,19.524305,62.650313,2.528341,7.915195,6.000000,-1.915195
778,19.499428,0.269581,2.525746,0.519212,0.000000,0.519212
779,19.476202,1.499561,2.524067,1.224566,0.000000,-1.224566
780,19.452056,0.739167,2.521922,0.859748,0.000000,-0.859748
781,19.438647,9.033171,2.522544,3.005523,0.200000,-2.805523
782,19.487082,57.120457,2.529016,7.557808,6.200000,-1.357808
783,19.462107,0.031591,2.525998,0.177737,1.000000,0.822263
784,19.437211,0.043600,2.523027,0.208806,0.000000,-0.208806
785,19.412323,-0.000000,2.519797,-0.000000,0.000000,0.000000
786,19.396586,7.105891,2.519983,2.665688,0.000000,-2.665688
787,19.373565,1.371194,2.518260,1.170980,0.000000,1.170980
788,19.349156,0.236461,2.515669,0.486273,0.000000,0.486273
789,19.324573,0.051891,2.512754,0.227795,0.000000,0.227795
790,19.301139,0.904890,2.510767,0.951257,0.000000,-0.951257
791,19.279837,2.536455,2.509601,1.592625,0.000000,1.592625
792,19.259169,2.993482,2.508612,1.730168,2.200000,0.469832
793,19.240475,4.509636,2.508124,2.123590,0.000000,-2.123590
794,19.216305,0.146731,2.505434,0.383055,0.000000,-0.383055
795,19.194990,2.356069,2.504207,1.534949,0.000000,-1.534949
796,19.244969,58.778048,2.510725,7.666684,4.600000,-3.066684
797,19.221786,0.860519,2.508729,0.927641,0.000000,0.927641
798,19.199001,1.130835,2.506909,1.063407,0.000000,1.063407
799,19.174853,0.001014,2.503795,0.031851,0.000000,0.031851
800,19.411266,207.359784,2.518740,14.399992,13.600000,-0.799992
801,19.403425,13.162487,2.520132,3.628014,5.200000,1.571986
802,19.382463,2.675155,2.519024,1.635590,0.000000,1.635590
803,19.358220,0.012371,2.516010,0.111224,0.000000,0.111224
804,19.381170,37.718396,2.520542,6.141530,6.400000,0.258470
805,19.360686,2.973287,2.519548,1.724322,0.000000,1.724322
806,19.336955,0.328630,2.517121,0.573263,0.000000,0.573263
807,19.313661,0.632120,2.514977,0.795060,0.400000,-0.395060
808,19.289860,0.177486,2.512372,0.421290,0.000000,-0.421290
809,19.274152,6.645084,2.512454,2.577806,0.000000,2.577806
810,19.253000,2.225756,2.511188,1.491897,0.000000,1.491897
811,19.242307,10.623269,2.512115,3.259336,0.000000,3.259336
812,19.219237,0.601604,2.509966,0.775631,0.000000,0.775631
813,19.195721,0.194732,2.507408,0.441284,0.000000,0.441284
814,19.173792,1.433355,2.505791,1.197228,0.000000,1.197228
815,19.150192,0.034728,2.502931,0.186353,0.000000,-0.186353
816,19.126624,0.012673,2.499987,0.112576,0.000000,0.112576
817,19.118383,12.426642,2.501248,3.525144,3.400000,-0.125144
818,19.096907,1.636640,2.499747,1.279312,10.000000,11.279312
819,19.090569,13.932164,2.501260,3.732581,0.200000,3.932581
820,19.072963,4.723682,2.500858,2.173403,0.000000,2.173403
821,19.197372,120.715194,2.511245,10.987047,11.200000,0.212953
822,19.175234,1.088626,2.509450,1.043372,0.000000,-1.043372
823,19.165156,10.921466,2.510422,3.304764,3.000000,-0.304764
824,19.150010,6.745182,2.510527,2.597149,0.000000,2.597149
825,19.129675,2.454888,2.509378,1.566808,0.000000,-1.566808
826,19.106407,0.003670,2.506399,0.060578,0.000000,0.060578
827,19.094643,9.424777,2.507084,3.069980,0.000000,3.069980
828,19.088180,13.769049,2.508544,3.710667,0.000000,3.710667
829,19.067166,1.751088,2.507108,1.323287,3.600000,2.276713
830,19.044674,0.488600,2.504919,0.698999,1.400000,2.098999
831,19.029032,6.109064,2.504878,2.471652,0.000000,2.471652
832,19.016147,8.360458,2.505345,2.891446,4.200000,1.308554
833,18.996280,2.546292,2.504248,1.595710,0.000000,1.595710
834,19.130601,130.482797,2.514993,11.422907,12.800000,1.377093
835,19.110658,2.557923,2.513891,1.599351,0.400000,1.999351
836,19.087865,0.147157,2.511331,0.383611,0.200000,0.583611
837,19.074363,7.840000,2.511678,2.800000,2.800000,0.000000
838,19.056927,4.532892,2.511219,2.129059,0.000000,2.129059
839,19.034321,0.181109,2.508721,0.425569,0.400000,0.825569
840,19.066652,46.062747,2.513838,6.786954,8.400000,1.613046
841,19.053139,7.756834,2.514163,2.785109,0.200000,2.985109
842,19.032851,2.051761,2.512872,1.432397,0.200000,1.632397
843,19.017389,6.059928,2.512811,2.461692,0.000000,2.461692
844,18.997606,2.400014,2.511664,1.549198,0.200000,1.749198
845,18.975951,0.785252,2.509731,0.886144,0.000000,0.886144
846,20.870031,1613.791519,2.554460,40.172024,43.400000,3.227976
847,20.858298,10.979184,2.555361,3.313485,4.200000,0.886515
848,20.865103,26.601989,2.558444,5.157712,8.800000,3.642288
849,20.845807,4.559255,2.557943,2.135241,0.000000,2.135241
850,21.170149,295.239459,2.575230,17.182534,17.200000,0.017466
851,21.145579,0.359500,2.572897,0.599583,4.000000,3.400417
852,21.120864,0.187201,2.570374,0.432667,1.800000,1.367333
853,21.103949,6.760000,2.570408,2.600000,2.600000,0.000000
854,21.081785,2.264525,2.569155,1.504834,4.000000,2.495166
855,21.100953,37.393758,2.573322,6.115044,5.200000,-0.915044
856,21.080627,3.783575,2.572584,1.945141,0.000000,1.945141
857,21.056497,0.497307,2.570395,0.705200,0.400000,-0.305200
858,21.045421,11.597513,2.571373,3.405512,0.000000,3.405512
859,21.020988,0.155157,2.568826,0.393899,0.000000,0.393899
860,21.001787,4.585594,2.568327,2.141400,0.000000,2.141400
861,20.977367,0.073811,2.565647,0.271682,0.000000,0.271682
862,21.181637,196.241038,2.578984,14.008606,0.000000,14.008606
863,21.164877,6.784170,2.579014,2.604644,1.200000,-1.404644
864,21.141197,0.800129,2.577055,0.894499,0.000000,-0.894499
865,21.129592,11.149168,2.577940,3.339037,1.000000,-2.339037
866,21.242250,118.240905,2.587564,10.873863,10.200000,-0.673863
867,21.219695,1.777456,2.586110,1.333213,0.000000,1.333213
868,21.196182,0.904893,2.584218,0.951259,0.000000,-0.951259
869,21.172606,0.802221,2.582266,0.895668,1.600000,2.495668
870,21.149628,1.274202,2.580588,1.128806,0.000000,-1.128806
871,21.180503,47.917756,2.585596,6.922265,0.000000,6.922265
872,21.164218,7.045273,2.585675,2.654293,1.400000,-1.254293
873,21.257376,102.118464,2.594328,10.105368,12.400000,2.294632
874,21.246883,12.128779,2.595349,3.482640,0.000000,-3.482640
875,21.222670,0.157506,2.592825,0.396870,0.400000,0.003130
876,21.200370,1.776657,2.591380,1.332913,0.000000,1.332913
877,21.176198,0.098300,2.588771,0.313528,0.000000,0.313528
878,21.151974,0.004049,2.585882,0.063629,0.000000,0.063629
879,21.127813,0.011353,2.583048,0.106550,0.000000,0.106550
880,21.113956,8.988845,2.583522,2.998140,0.000000,2.998140
881,21.089948,0.058996,2.580853,0.242892,0.000000,-0.242892
882,21.068822,2.542005,2.579729,1.594367,0.000000,-1.594367
883,21.045071,0.191574,2.577293,0.437692,0.000000,-0.437692
884,21.022732,1.386917,2.575702,1.177675,0.000000,-1.177675
885,21.000261,1.224997,2.574035,1.106796,0.800000,-0.306796
886,20.978458,1.770301,2.572625,1.330527,0.000000,-1.330527
887,20.954707,0.006624,2.569804,0.081390,0.000000,-0.081390
888,20.957101,23.071146,2.572330,4.803243,4.800000,-0.003243
889,20.933823,0.356016,2.570098,0.596670,0.500000,-0.096670
890,20.962346,46.204889,2.574869,6.797418,6.200000,-0.597418
891,20.938747,0.029647,2.572160,0.172182,0.000000,0.172182
892,20.915167,0.000524,2.569289,0.022890,0.000000,-0.022890
893,20.891641,-0.000000,2.566399,-0.000000,0.000000,0.000000
894,20.868658,0.437207,2.564259,0.661216,0.000000,-0.661216
895,20.845726,0.435698,2.562122,0.660074,0.000000,0.660074
896,20.824896,2.265539,2.560937,1.505171,0.000000,1.505171
897,20.808612,6.283580,2.560876,2.506707,0.000000,-2.506707
898,20.786365,0.919829,2.559084,0.959077,0.000000,-0.959077
899,20.768049,4.393392,2.558567,2.096042,1.000000,-1.096042
900,20.744883,0.011107,2.555829,0.105388,0.000000,0.105388
901,20.730360,7.717533,2.556077,2.778045,1.600000,-1.178045
902,20.710883,3.240000,2.555235,1.800000,1.800000,0.000000
903,20.687849,0.003426,2.552457,0.058528,0.000000,0.058528
904,20.664953,0.081753,2.549939,0.285925,0.000000,0.285925
905,20.642456,0.394748,2.547806,0.628290,0.000000,0.628290
906,20.687021,60.840000,2.553629,7.800000,7.800000,0.000000
907,20.702351,34.530145,2.557309,5.876236,6.800000,0.923764
908,22.545632,1687.028559,2.599915,41.073453,41.400000,0.326547
909,22.524393,3.324716,2.599057,1.823380,2.000000,3.823380
910,22.513084,12.278226,2.600056,3.504030,2.000000,5.504030
911,22.488879,0.558644,2.598013,0.747425,0.000000,0.747425
912,22.473461,8.489693,2.598361,2.913708,0.000000,2.913708
913,22.449204,0.424039,2.596219,0.651183,0.000000,0.651183
914,22.426399,1.696762,2.594797,1.302598,0.400000,1.702598
915,22.406845,4.612700,2.594306,2.147720,0.000000,2.147720
916,22.474324,83.947940,2.601508,9.162311,10.200000,1.037689
917,22.451597,1.724375,2.600097,1.313154,0.000000,1.313154
918,22.439479,11.375498,2.600942,3.372758,0.000000,3.372758
919,22.419419,4.084425,2.600309,2.020996,0.000000,-2.020996
920,22.395212,0.246124,2.598011,0.496109,0.000000,0.496109
921,22.370810,0.018713,2.595327,0.136796,0.000000,-0.136796
922,22.347808,1.254621,2.593720,1.120099,0.000000,1.120099
923,22.323592,0.093431,2.591231,0.305665,0.000000,0.305665
924,22.311372,11.080652,2.592032,3.328761,0.000000,3.328761
925,22.287147,0.000978,2.589252,0.031265,0.000000,-0.031265
926,22.262975,0.000073,2.586453,0.008532,0.000000,0.008532
927,22.239099,0.225462,2.584165,0.474828,0.000000,-0.474828
928,22.308581,86.440356,2.591431,9.297331,0.000000,9.297331
929,22.302796,16.957454,2.593081,4.117943,2.000000,-2.117943
930,22.279309,0.553579,2.591084,0.744029,0.400000,1.144029
931,22.369525,105.909639,2.599391,10.291241,7.800000,-2.491241
932,22.345483,0.058893,2.596851,0.242679,2.600000,2.842679
933,22.321484,0.050410,2.594297,0.224522,2.400000,2.175478
934,22.299204,1.601457,2.592868,1.265487,0.000000,1.265487
935,22.292051,15.639286,2.594331,3.954654,0.000000,3.954654
936,22.270529,2.233241,2.593151,1.494403,0.000000,-1.494403
937,22.251620,4.628627,2.592678,2.151424,2.400000,0.248576
938,22.263813,33.640000,2.596112,5.800000,5.800000,0.000000
939,22.265100,23.467067,2.598516,4.844282,0.000000,4.844282
940,22.241332,0.018827,2.595886,0.137211,0.000000,0.137211
941,22.218065,0.439844,2.593824,0.663207,0.000000,0.663207
942,22.194978,0.562357,2.591858,0.749904,0.000000,0.749904
943,22.313544,133.528199,2.601404,11.555440,0.000000,11.555440
944,22.289808,0.001785,2.598681,0.042246,0.000000,0.042246
945,22.266534,0.389136,2.596583,0.623808,0.000000,0.623808
946,22.246380,3.281047,2.595749,1.811366,0.000000,1.811366
947,22.245562,21.475782,2.597911,4.634197,0.000000,4.634197
948,22.222382,0.363687,2.595798,0.603064,0.000000,0.603064
949,22.198883,0.015756,2.593184,0.125522,0.000000,0.125522
950,22.175788,0.350874,2.591068,0.592346,0.000000,0.592346
951,22.152371,-0.000000,2.588332,-0.000000,0.000000,0.000000
952,22.129004,-0.000000,2.585602,-0.000000,0.000000,0.000000
953,22.107006,1.252694,2.584057,1.119238,0.000000,1.119238
954,22.084479,0.706601,2.582222,0.840596,0.000000,0.840596
955,22.062525,1.206078,2.580661,1.098216,0.000000,1.098216
956,22.045014,5.392233,2.580390,2.322118,0.000000,2.322118
957,22.124133,97.445830,2.588040,9.871465,10.200000,0.328535
958,22.102338,1.331132,2.586537,1.153747,0.000000,1.153747
959,22.079435,0.230049,2.584331,0.479635,0.000000,0.479635
960,22.056523,0.176182,2.582066,0.419740,0.000000,0.419740
961,22.035794,2.218707,2.580925,1.489533,0.000000,-1.489533
962,22.016504,3.555962,2.580199,1.885726,0.000000,1.885726
963,21.994148,0.576551,2.578300,0.759310,0.000000,-0.759310
964,21.972851,1.549659,2.576911,1.244853,0.000000,-1.244853
965,21.954224,4.072017,2.576330,2.017924,0.000000,-2.017924
966,21.934586,3.062692,2.575471,1.750055,0.000000,-1.750055
967,21.912535,0.698935,2.573665,0.836024,0.000000,-0.836024
968,21.890253,0.432642,2.571677,0.657755,0.000000,-0.657755
969,21.867950,0.368294,2.569641,0.606873,0.000000,-0.606873
970,21.849150,3.706967,2.568974,1.925348,0.000000,-1.925348
971,21.827946,1.344693,2.567517,1.159609,0.000000,1.159609
972,21.807006,1.558143,2.566154,1.248256,0.000000,1.248256
973,21.786746,2.174843,2.565027,1.474735,0.000000,1.474735
974,21.764348,0.061073,2.562638,0.247130,0.000000,0.247130
975,21.742066,0.128833,2.560368,0.358934,0.000000,0.358934
976,21.719698,0.000040,2.557741,0.006316,1.000000,1.006316
977,21.699083,1.661358,2.556437,1.288937,0.000000,1.288937
978,21.676825,0.019357,2.553955,0.139131,0.000000,0.139131
979,21.682851,27.552143,2.556719,5.249014,5.600000,0.350986
980,21.717848,55.840568,2.561756,7.472655,9.600000,2.127345
981,21.696463,0.824909,2.560063,0.908245,0.000000,0.908245
982,21.674279,-0.000000,2.557446,-0.000000,0.000000,0.000000
983,21.652177,0.036181,2.555028,0.190213,0.000000,0.190213
984,21.630444,0.354026,2.553028,0.595001,0.000000,0.595001
985,21.608859,0.455350,2.551113,0.674796,0.000000,-0.674796
986,21.587599,0.731896,2.549386,0.855509,0.000000,-0.855509
987,21.567340,1.673176,2.548109,1.293513,0.000000,-1.293513
988,21.545428,0.005542,2.545595,0.074445,0.000000,-0.074445
989,21.523606,0.051118,2.543240,0.226092,0.000000,0.226092
990,21.508585,6.712898,2.543288,2.590926,1.800000,-0.790926
991,21.536645,49.203277,2.547819,7.014505,6.000000,-1.014505
992,21.515446,0.592075,2.546019,0.769464,0.000000,0.769464
993,21.493732,0.041022,2.543649,0.202538,0.000000,-0.202538
994,21.472387,0.362223,2.541688,0.601850,0.000000,0.601850
995,21.450721,0.000694,2.539149,0.026336,0.000000,-0.026336
996,21.436870,7.710708,2.539389,2.776816,0.000000,2.776816
997,21.416283,0.994471,2.537836,0.997232,0.000000,0.997232
998,21.399260,4.495042,2.537416,2.120151,0.000000,2.120151
999,21.379312,1.550577,2.536117,1.245222,0.000000,1.245222
1000,21.358489,0.640000,2.534374,0.800000,0.800000,0.000000
1001,21.337147,0.080736,2.532117,0.284141,0.200000,-0.084141
1002,21.315848,0.080769,2.529865,0.284198,0.000000,0.284198
1003,21.294519,0.007940,2.527421,0.089106,0.000000,0.089106
1004,21.273478,0.253985,2.525398,0.503969,0.000000,0.503969
1005,21.253246,1.020416,2.523884,1.010156,0.000000,1.010156
1006,21.232036,0.001219,2.521400,0.034910,2.400000,2.365090
1007,21.223516,12.686690,2.522437,3.561838,4.000000,7.561838
1008,21.202631,0.254349,2.520427,0.504330,0.000000,0.504330
1009,21.181814,0.281970,2.518448,0.531009,0.000000,0.531009
1010,21.161548,0.793770,2.516830,0.890938,2.000000,1.109062
1011,21.140602,0.069156,2.514592,0.262976,0.800000,1.062976
1012,21.119934,0.307570,2.512647,0.554590,0.000000,0.554590
1013,21.102235,3.261644,2.511947,1.806002,0.000000,1.806002
1014,21.081892,0.555856,2.510198,0.745557,0.000000,0.745557
1015,21.063225,2.208850,2.509185,1.486220,0.000000,1.486220
1016,21.042535,0.125327,2.507056,0.354016,0.000000,0.354016
1017,21.024501,2.774607,2.506225,1.665715,0.000000,1.665715
1018,21.004657,0.902251,2.504690,0.949869,0.000000,0.949869
1019,20.985818,1.882693,2.503575,1.372113,0.000000,1.372113
1020,20.966562,1.421668,2.502284,1.192337,0.000000,1.192337
1021,20.946733,0.800791,2.500703,0.894869,0.000000,0.894869
1022,20.926191,0.035247,2.498431,0.187743,0.000000,0.187743
1023,20.905692,0.037544,2.496170,0.193762,0.000000,0.193762
1024,20.885209,0.012854,2.493834,0.113375,0.000000,0.113375
1025,20.864753,-0.000000,2.491391,-0.000000,0.000000,0.000000
1026,20.844338,-0.000000,2.488953,-0.000000,0.000000,0.000000
1027,20.823962,-0.000000,2.486520,-0.000000,0.000000,0.000000
1028,20.803843,0.221912,2.484552,0.471075,0.400000,0.871075
1029,20.785152,1.646427,2.483380,1.283132,0.000000,1.283132
1030,20.767022,2.183373,2.482400,1.477624,0.000000,1.477624
1031,22.604214,1907.563349,2.522510,43.675661,45.000000,1.324339
1032,22.588662,6.616120,2.522558,2.572182,0.000000,2.572182
1033,22.576990,10.578306,2.523268,3.252431,0.000000,3.252431
1034,22.555371,0.310149,2.521358,0.556910,0.000000,0.556910
1035,22.548655,15.631185,2.522748,3.953629,1.400000,-2.553629
1036,22.526942,0.140820,2.520667,0.375260,1.400000,1.024740
1037,22.506292,1.195303,2.519285,1.093299,0.000000,1.093299
1038,22.488725,4.341479,2.518864,2.083622,2.600000,0.516378
1039,22.470750,3.885090,2.518334,1.971063,0.000000,1.971063
1040,22.450487,1.478170,2.517077,1.215800,1.200000,-0.015800
1041,22.437577,9.062519,2.517553,3.010402,0.000000,3.010402
1042,22.420611,4.826729,2.517244,2.196982,0.000000,-2.196982
1043,22.418408,20.132515,2.519140,4.486927,0.000000,4.486927
1044,22.402753,6.137120,2.519100,2.477321,0.000000,-2.477321
1045,22.381383,0.156221,2.517059,0.395247,2.400000,2.004753
1046,22.360165,0.272084,2.515144,0.521617,0.000000,-0.521617
1047,22.347090,8.722927,2.515565,2.953460,5.300000,2.346540
1048,22.325871,0.194911,2.513578,0.441487,0.000000,-0.441487
1049,22.304646,0.144888,2.511537,0.380642,0.000000,0.380642
1050,22.283417,0.099563,2.509437,0.315536,0.000000,0.315536
1051,22.270895,9.173152,2.509933,3.028721,0.000000,3.028721
1052,22.252383,2.870337,2.509155,1.694207,0.000000,1.694207
1053,22.239622,8.865836,2.509602,2.977555,4.600000,1.622445
1054,22.270485,54.646046,2.514252,7.392296,0.400000,7.792296
1055,22.253860,4.797197,2.513943,2.190251,0.600000,2.790251
1056,22.237257,4.787792,2.513634,2.188102,0.200000,2.388102
1057,22.216226,0.091705,2.511534,0.302828,0.000000,0.302828
1058,22.200054,5.171032,2.511309,2.273990,0.000000,2.273990
1059,22.243721,68.268501,2.516760,8.262475,0.000000,-8.262475
1060,22.222657,-0.000000,2.514377,-0.000000,0.000000,0.000000
1061,22.204744,3.289093,2.513714,1.813586,0.000000,1.813586
1062,22.201726,19.011706,2.515459,4.360241,3.600000,7.960241
1063,22.188584,8.283892,2.515802,2.878175,3.300000,0.421825
1064,22.168739,1.153315,2.514441,1.073925,1.400000,2.473925
1065,22.151758,4.151437,2.513992,2.037508,0.000000,2.037508
1066,22.132228,1.410568,2.512743,1.187674,0.000000,-1.187674
1067,22.115999,4.881485,2.512458,2.209408,2.200000,-0.009408
1068,22.096560,1.432197,2.511221,1.196744,0.000000,-1.196744
1069,22.075997,0.197027,2.509280,0.443878,0.000000,0.443878
1070,22.055577,0.308628,2.507447,0.555543,0.000000,-0.555543
1071,22.035278,0.396622,2.505687,0.629779,0.000000,-0.629779
1072,22.015092,0.476493,2.503988,0.690285,0.000000,0.690285
1073,21.999087,4.906154,2.503717,2.214984,1.000000,-1.214984
1074,21.987402,9.496075,2.504257,3.081570,3.600000,0.518430
1075,21.966874,0.002058,2.501961,0.045366,0.400000,0.445366
1076,21.946385,0.002156,2.499671,0.046430,0.000000,0.046430
1077,21.926181,0.267475,2.497823,0.517180,0.000000,0.517180
1078,21.905983,0.233322,2.495947,0.483034,0.000000,0.483034
1079,21.885896,0.313175,2.494146,0.559620,0.000000,0.559620
1080,21.865559,0.002963,2.491879,0.054435,0.000000,0.054435
1081,21.845623,0.394313,2.490148,0.627943,0.000000,0.627943
1082,21.825358,-0.000000,2.487838,-0.000000,0.000000,0.000000
1083,21.805131,-0.000000,2.485532,-0.000000,0.000000,0.000000
1084,21.788690,4.049717,2.485094,2.012391,0.000000,2.012391
1085,21.771534,3.242290,2.484461,1.800636,0.000000,1.800636
1086,21.751412,-0.000000,2.482165,-0.000000,0.000000,0.000000
1087,21.805937,80.801681,2.488173,8.988976,0.000000,8.988976
1088,21.849233,68.738571,2.493526,8.290873,0.000000,8.290873
1089,21.829359,0.286851,2.491721,0.535585,0.000000,0.535585
1090,21.810928,1.812749,2.490667,1.346384,1.400000,0.053616
1091,21.826448,38.681027,2.494097,6.219407,1.500000,7.719407
1092,21.828906,24.500560,2.496354,4.949804,0.000000,4.949804
1093,21.813829,5.409963,2.496198,2.325933,0.000000,2.325933
1094,21.793850,0.036857,2.494084,0.191983,6.000000,6.191983
1095,21.774016,0.155205,2.492159,0.393960,0.400000,0.793960
1096,21.756151,2.265339,2.491255,1.505104,0.000000,-1.505104
1097,21.737253,1.100723,2.489935,1.049154,0.000000,-1.049154
1098,21.721425,4.421577,2.489582,2.102755,0.000000,-2.102755
1099,21.704552,3.245828,2.488953,1.801618,0.000000,-1.801618
1100,21.685702,1.045072,2.487615,1.022288,0.000000,-1.022288
1101,21.665934,0.000002,2.485349,0.001490,0.000000,-0.001490
1102,21.648136,2.123499,2.484412,1.457223,0.000000,-1.457223
1103,21.628712,0.301608,2.482652,0.549189,0.600000,0.050811
1104,21.609084,0.037596,2.480571,0.193897,0.000000,0.193897
1105,21.589627,0.186661,2.478710,0.432043,0.000000,-0.432043
1106,21.570151,0.126921,2.476784,0.356260,0.000000,0.356260
1107,21.552108,1.668631,2.475710,1.291755,0.000000,1.291755
1108,21.532586,0.000598,2.473490,0.024449,0.000000,-0.024449
1109,21.513124,0.026305,2.471398,0.162188,0.000000,-0.162188
1110,21.494304,0.698623,2.469919,0.835836,0.000000,0.835836
1111,21.474946,0.064905,2.467918,0.254764,0.000000,-0.254764
1112,21.455565,0.000491,2.465711,0.022151,0.000000,-0.022151
1113,21.443393,7.957612,2.466031,2.820924,0.000000,2.820924
1114,21.425169,1.214528,2.464802,1.102056,1.000000,-0.102056
1115,21.405885,0.000391,2.462601,0.019770,0.000000,0.019770
1116,21.386769,0.148944,2.460734,0.385932,0.000000,-0.385932
1117,21.367559,0.006372,2.458595,0.079824,0.000000,-0.079824
1118,21.349924,1.721399,2.457565,1.312021,0.000000,1.312021
1119,21.330776,-0.000000,2.455361,-0.000000,0.000000,0.000000
1120,21.315797,4.614181,2.455086,2.148064,1.200000,-0.948064
1121,21.301346,5.174054,2.454924,2.274655,3.000000,0.725345
1122,21.283314,1.141747,2.453684,1.068526,0.000000,1.068526
1123,21.265082,0.882093,2.452331,0.939198,0.000000,0.939198
1124,21.246332,0.265018,2.450601,0.514799,0.600000,0.085201
1125,21.258644,35.047353,2.453696,5.920081,6.400000,0.479919
1126,21.290686,57.210460,2.458250,7.563760,10.000000,2.436240
1127,21.274264,2.849118,2.457564,1.687933,6.200000,4.512067
1128,21.255349,0.013722,2.455482,0.117141,0.000000,0.117141
1129,21.249082,14.204016,2.456650,3.768822,3.200000,-0.568822
1130,21.244409,15.987381,2.458019,3.998422,4.400000,0.401578
1131,21.229363,4.287576,2.457675,2.070646,0.000000,2.070646
1132,21.211693,1.297853,2.456506,1.139234,0.600000,1.739234
1133,21.193166,0.294811,2.454811,0.542965,0.000000,0.542965
1134,21.175709,1.466895,2.453711,1.211155,0.000000,-1.211155
1135,21.156987,0.001546,2.451576,0.039315,0.000000,-0.039315
1136,21.138317,0.022078,2.449542,0.148586,0.000000,0.148586
1137,21.119779,0.134948,2.447704,0.367353,0.000000,-0.367353
1138,21.101175,0.022873,2.445679,0.151238,0.000000,0.151238
1139,21.124324,47.375187,2.449588,6.882964,0.000000,6.882964
1140,21.105842,0.128912,2.447748,0.359043,0.000000,0.359043
1141,21.088125,0.960957,2.446457,0.980284,0.000000,0.980284
1142,21.070031,0.497185,2.444927,0.705114,0.000000,0.705114
1143,21.051571,0.044237,2.442965,0.210326,0.000000,-0.210326
1144,21.033105,0.000118,2.440832,0.010879,0.000000,-0.010879
1145,21.014676,0.006225,2.438762,0.078899,0.000000,0.078899
1146,20.996278,0.004371,2.436684,0.066115,0.000000,0.066115
1147,20.981249,3.817897,2.436262,1.953944,1.800000,-0.153944
1148,20.963155,0.281709,2.434596,0.530762,0.000000,0.530762
1149,20.945456,0.697543,2.433199,0.835191,0.000000,0.835191
1150,20.996363,79.285041,2.438846,8.904215,9.000000,0.095785
1151,20.993801,18.057785,2.440425,4.249445,6.200000,1.950555
1152,20.997073,24.750344,2.442632,4.974972,0.000000,4.974972
1153,20.983285,5.154325,2.442482,2.270314,0.000000,2.270314
1154,20.967903,3.294330,2.441937,1.815029,0.000000,1.815029
1155,20.952700,3.468829,2.441433,1.862479,0.000000,1.862479
1156,20.937198,3.094990,2.440841,1.759258,0.000000,1.759258
1157,20.919510,0.541946,2.439363,0.736170,0.000000,0.736170
1158,20.901558,0.203702,2.437640,0.451333,0.000000,0.451333
1159,20.883738,0.319352,2.436019,0.565113,0.200000,0.765113
1160,20.867004,1.538724,2.434984,1.240453,0.000000,1.240453
1161,20.849050,0.093978,2.433145,0.306558,0.000000,0.306558
1162,20.831195,0.172899,2.431403,0.415811,0.000000,0.415811
1163,20.813222,0.000682,2.429327,0.026112,1.600000,1.573888
1164,20.795390,0.128805,2.427543,0.358895,0.000000,0.358895
1165,20.778441,1.116973,2.426362,1.056869,0.000000,1.056869
1166,20.761591,1.198432,2.425216,1.094729,0.600000,1.694729
1167,21.078011,388.758643,2.440084,19.716963,20.600000,0.883037
1168,21.096961,43.135647,2.443630,6.567773,0.000000,6.567773
1169,21.079112,0.303333,2.442006,0.550757,0.000000,-0.550757
1170,21.063100,2.408769,2.441242,1.552021,0.000000,1.552021
1171,21.046149,1.281775,2.440121,1.132155,0.000000,-1.132155
1172,21.028246,0.134455,2.438345,0.366681,0.000000,-0.366681
1173,21.010597,0.397132,2.436799,0.630184,0.000000,-0.630184
1174,20.992884,0.286355,2.435173,0.535122,0.000000,-0.535122
1175,20.975673,0.838269,2.433876,0.915571,0.000000,-0.915571
1176,20.957903,0.150010,2.432129,0.387312,0.000000,-0.387312
1177,20.940363,0.382891,2.430583,0.618782,0.000000,0.618782
1178,20.931952,11.065867,2.431347,3.326540,0.000000,-3.326540
1179,20.914302,0.193601,2.429652,0.440001,0.000000,0.440001
1180,20.898342,2.145437,2.428831,1.464731,0.000000,-1.464731
1181,20.880954,0.432488,2.427326,0.657638,0.000000,0.657638
1182,20.863291,0.074476,2.425498,0.272904,0.000000,0.272904
1183,20.845936,0.401068,2.423978,0.633299,0.000000,0.633299
1184,20.828340,0.083328,2.422168,0.288666,0.000000,0.288666
1185,20.842813,37.920966,2.425331,6.158000,17.400000,11.242000
1186,20.825624,0.524359,2.423892,0.724126,0.000000,-0.724126
1187,20.808043,0.028346,2.421985,0.168364,0.000000,0.168364
1188,20.806392,18.853313,2.423607,4.342040,0.000000,4.342040
1189,20.791446,3.095220,2.423046,1.759324,3.600000,1.840676
1190,20.777603,4.372929,2.422767,2.091155,0.400000,2.491155
1191,20.780660,24.407171,2.424888,4.940361,0.000000,4.940361
1192,20.763310,0.168680,2.423192,0.410707,0.000000,0.410707
1193,20.745877,0.035134,2.421312,0.187442,0.000000,0.187442
1194,20.730599,2.564957,2.420623,1.601548,0.000000,1.601548
1195,20.714896,2.027989,2.419786,1.424075,1.200000,-0.224075
1196,20.697524,0.008363,2.417833,0.091447,0.000000,0.091447
1197,20.680222,0.055776,2.416004,0.236168,0.000000,0.236168
1198,20.662980,0.092833,2.414236,0.304686,0.000000,0.304686
1199,20.870760,268.960000,2.425939,16.400000,16.400000,0.000000
1200,20.855190,2.249839,2.425165,1.499946,0.000000,1.499946
1201,20.849645,14.217882,2.426289,3.770661,0.000000,3.770661
1202,20.832914,0.805439,2.425013,0.897463,0.000000,0.897463
1203,20.815553,0.017683,2.423101,0.132978,0.400000,0.267022
1204,20.799153,1.135510,2.421970,1.065603,0.000000,1.065603
1205,20.964217,219.040000,2.432277,14.800000,14.800000,0.000000
1206,20.946775,-0.000000,2.430253,-0.000000,0.000000,0.000000
1207,20.929363,-0.000000,2.428233,-0.000000,0.000000,0.000000
1208,20.914713,3.290278,2.427723,1.813912,0.000000,1.813912
1209,20.898609,1.509802,2.426728,1.228740,0.000000,1.228740
1210,20.889374,9.760770,2.427306,3.124223,4.600000,1.475777
1211,20.874392,2.806123,2.426683,1.675149,2.600000,0.924851
1212,20.857112,-0.000000,2.424674,-0.000000,0.000000,0.000000
1213,20.841051,1.440000,2.423661,1.200000,1.200000,0.000000
1214,20.824151,0.392047,2.422176,0.626137,0.000000,0.626137
1215,20.807206,0.302856,2.420630,0.550323,0.000000,0.550323
1216,20.790393,0.430709,2.419174,0.656284,0.000000,0.656284
1217,20.773956,0.852384,2.417941,0.923247,1.000000,0.076753
1218,20.756853,0.010027,2.416032,0.100136,0.000000,0.100136
1219,20.739769,-0.000000,2.414043,-0.000000,0.000000,0.000000
1220,20.723293,0.705216,2.412748,0.839771,0.000000,0.839771
1221,20.714176,9.627717,2.413316,3.102856,0.000000,3.102856
1222,20.700092,3.560266,2.412883,1.886867,0.000000,1.886867
1223,20.686182,3.743508,2.412491,1.934815,2.000000,0.065185
1224,20.670472,1.519518,2.411524,1.232687,1.400000,0.167313
1225,20.656187,3.228639,2.411021,1.796841,0.000000,1.796841
1226,20.639928,0.788360,2.409774,0.887896,0.000000,0.887896
1227,20.624371,1.613159,2.408842,1.270102,0.000000,1.270102
1228,20.618164,13.026991,2.409823,3.609292,0.000000,3.609292
1229,20.603978,3.240000,2.409325,1.800000,1.800000,0.000000
1230,20.587290,0.144539,2.407670,0.380183,0.000000,0.380183
1231,20.571967,1.786101,2.406797,1.336451,0.000000,1.336451
1232,20.555311,0.119260,2.405118,0.345340,0.000000,0.345340
1233,20.538629,0.053091,2.403349,0.230416,0.400000,0.169584
1234,20.524977,3.746175,2.402969,1.935504,0.000000,1.935504
1235,20.508353,0.060998,2.401217,0.246978,0.200000,0.446978
1236,20.491801,0.116432,2.399545,0.341222,0.000000,0.341222
1237,21.046488,704.420204,2.419125,26.540916,27.200000,0.659084
1238,23.668615,3256.751855,2.463410,57.067958,58.800000,1.732042
1239,23.651182,2.138629,2.462600,1.462405,0.400000,1.862405
1240,23.632340,0.362131,2.461094,0.601773,0.000000,-0.601773
1241,23.619482,7.727686,2.461352,2.779872,3.200000,0.420128
1242,23.639829,48.808156,2.465007,6.986283,15.200000,8.213717
1243,23.645041,30.097744,2.467445,5.486141,6.000000,0.513859
1244,23.626261,0.357896,2.465938,0.598244,3.200000,3.798244
1245,23.607253,0.038073,2.464108,0.195123,5.200000,5.004877
1246,23.594963,8.342782,2.464450,2.888387,5.200000,2.311613
1247,24.559240,1222.190701,2.490593,34.959844,36.200000,1.240156
1248,24.539498,0.000000,2.488591,0.000045,0.000000,0.000045
1249,24.523462,4.575732,2.488310,2.139096,0.000000,-2.139096
1250,24.503781,0.000000,2.486313,0.000043,0.000000,0.000043
1251,24.491030,8.604018,2.486671,2.933261,0.000000,-2.933261
1252,24.471808,0.502304,2.485247,0.708734,2.400000,1.691266
1253,24.455344,3.907610,2.484839,1.976768,0.000000,-1.976768
1254,24.440788,6.260697,2.484853,2.502138,0.000000,2.502138
1255,24.422641,1.738977,2.483921,1.318703,0.000000,-1.318703
1256,24.403134,-0.000000,2.481937,-0.000000,0.000000,0.000000
1257,24.386326,3.341830,2.481415,1.828067,0.800000,-1.028067
1258,24.539785,216.823913,2.491179,14.724942,24.400000,9.675058
1259,24.520231,0.000003,2.489195,0.001856,0.000000,0.001856
1260,24.503959,4.082489,2.488822,2.020517,0.000000,-2.020517
1261,24.495226,13.526788,2.489768,3.677878,0.000000,3.677878
1262,24.480664,6.175572,2.489764,2.485070,0.000000,2.485070
1263,24.461385,0.208586,2.488150,0.456712,0.000000,0.456712
1264,24.442018,0.059676,2.486369,0.244286,0.000000,0.244286
1265,24.544400,153.545546,2.494224,12.391350,0.000000,12.391350
1266,24.564998,50.538910,2.497880,7.109072,0.000000,-7.109072
1267,24.545549,0.000755,2.495924,0.027478,0.000000,0.027478
1268,24.526626,0.626441,2.494576,0.791480,0.000000,0.791480
1269,24.509378,2.708131,2.493905,1.645640,0.000000,1.645640
1270,24.515713,32.529144,2.496440,5.703433,0.000000,5.703433
1271,24.496520,0.198750,2.494822,0.445813,0.000000,-0.445813
1272,24.478437,1.567140,2.493841,1.251855,0.000000,1.251855
1273,24.459150,0.002851,2.491918,0.053397,0.000000,0.053397
1274,24.451035,14.153957,2.492918,3.762175,0.000000,3.762175
1275,24.431798,0.000000,2.490957,0.000242,0.000000,0.000242
1276,24.650590,302.736319,2.502678,17.399319,0.000000,17.399319
1277,24.632018,1.007444,2.501500,1.003715,3.000000,1.996285
1278,24.612683,-0.000000,2.499537,-0.000000,0.000000,0.000000
1279,24.593379,-0.000000,2.497576,-0.000000,0.000000,0.000000
1280,24.653244,100.980550,2.503494,10.048908,10.600000,0.551092
1281,24.673662,50.727592,2.507111,7.122331,0.000000,7.122331
1282,24.654533,0.226429,2.505522,0.475846,0.000000,0.475846
1283,24.635257,0.000353,2.503577,0.018795,0.000000,0.018795
1284,24.616292,0.360000,2.502090,0.600000,0.600000,0.000000
1285,24.597083,0.010304,2.500216,0.101507,0.400000,0.501507
1286,24.577916,0.023979,2.498387,0.154851,0.000000,0.154851
1287,24.558759,-0.000000,2.496440,-0.000000,0.000000,0.000000
1288,24.539670,0.048261,2.494666,0.219683,0.000000,0.219683
1289,24.521101,0.678850,2.493366,0.823924,0.000000,0.823924
1290,24.527196,32.359803,2.495851,5.688568,7.000000,1.311432
1291,24.550626,54.680553,2.499657,7.394630,11.800000,4.405370
1292,24.531791,0.291688,2.498136,0.540081,0.600000,0.059919
1293,24.518344,7.198768,2.498279,2.683052,3.000000,0.316948
1294,24.499823,0.625467,2.496956,0.790865,0.800000,0.009135
1295,24.480845,-0.000000,2.495021,-0.000000,0.000000,0.000000
1296,24.461897,0.000236,2.493102,0.015366,0.000000,0.015366
1297,24.442979,-0.000000,2.491174,-0.000000,0.000000,0.000000
1298,24.424089,-0.000000,2.489249,-0.000000,0.000000,0.000000
1299,24.405229,-0.000000,2.487327,-0.000000,0.000000,0.000000
1300,24.387221,1.066844,2.486204,1.032881,0.000000,1.032881
1301,24.368485,0.086975,2.484515,0.294915,0.000000,0.294915
1302,24.349741,0.038155,2.482751,0.195333,0.000000,0.195333
1303,24.330996,0.000075,2.480847,0.008641,0.000000,0.008641
1304,24.312296,0.021435,2.479051,0.146408,0.000000,-0.146408
1305,24.293609,-0.000000,2.477145,-0.000000,0.000000,0.000000
1306,24.275060,0.143178,2.475534,0.378389,0.000000,0.378389
1307,24.256441,0.015136,2.473728,0.123029,0.000000,0.123029
1308,24.237888,0.063264,2.472024,0.251524,0.000000,0.251524
1309,24.219490,0.227563,2.470495,0.477035,0.000000,0.477035
1310,24.203970,3.951370,2.470126,1.987805,0.000000,1.987805
1311,24.188573,4.079692,2.469781,2.019825,0.000000,2.019825
1312,24.170597,0.676492,2.468522,0.822491,0.000000,0.822491
1313,24.156999,6.370474,2.468564,2.523980,0.000000,2.523980
1314,24.141930,4.416904,2.468284,2.101643,0.000000,2.101643
1315,24.124933,1.858254,2.467441,1.363178,0.000000,1.363178
1316,24.108532,2.606696,2.466791,1.614527,0.000000,1.614527
1317,24.091346,1.542962,2.465858,1.242160,0.000000,1.242160
1318,24.077694,6.153573,2.465869,2.480640,3.200000,0.719360
1319,24.059463,0.103376,2.464239,0.321521,0.000000,0.321521
1320,24.045650,5.881042,2.464209,2.425086,0.000000,2.425086
1321,24.028642,1.646553,2.463312,1.283181,0.000000,1.283181
1322,24.013177,3.645521,2.462892,1.909325,0.000000,1.909325
1323,24.062064,88.495557,2.468157,9.407208,10.400000,0.992792
1324,24.047973,5.462479,2.468058,2.337195,0.000000,2.337195
1325,24.029770,0.000881,2.466212,0.029678,0.000000,0.029678
1326,24.033005,28.307214,2.468371,5.320452,5.600000,0.279548
1327,24.014855,0.019544,2.466611,0.139800,0.400000,0.260200
1328,24.002042,7.051158,2.466753,2.655402,0.000000,2.655402
1329,23.983971,0.058288,2.465074,0.241429,0.000000,0.241429
1330,23.965884,-0.000000,2.463215,-0.000000,0.000000,0.000000
1331,23.947824,-0.000000,2.461359,-0.000000,0.000000,0.000000
1332,24.219676,384.967331,2.474280,19.620584,19.800000,0.179416
1333,24.295821,125.416768,2.480844,11.198963,0.000000,11.198963
1334,24.292863,20.361979,2.482372,4.512425,0.000000,4.512425
1335,24.277545,3.903910,2.481991,1.975831,0.000000,1.975831
1336,24.259782,0.616996,2.480718,0.785491,0.000000,0.785491
1337,24.242055,0.630289,2.479452,0.793907,0.000000,0.793907
1338,24.223893,0.014108,2.477683,0.118776,0.600000,0.481224
1339,24.206490,0.990924,2.476572,0.995452,0.000000,0.995452
1340,24.188554,0.244212,2.475089,0.494178,0.000000,0.494178
1341,24.177515,9.429519,2.475534,3.070752,0.000000,3.070752
1342,24.161322,2.510729,2.474868,1.584528,0.000000,1.584528
1343,24.143524,0.329523,2.473449,0.574041,2.400000,1.825959
1344,24.125585,0.106095,2.471846,0.325722,0.000000,0.325722
1345,24.107619,0.032936,2.470138,0.181482,0.000000,0.181482
1346,24.106872,23.105016,2.471879,4.806768,0.000000,4.806768
1347,24.090155,1.655707,2.470997,1.286743,0.000000,1.286743
1348,24.106698,46.323963,2.474222,6.806171,0.000000,6.806171
1349,24.088775,0.000467,2.472399,0.021607,0.000000,-0.021607
1350,24.071556,0.911749,2.471271,0.954855,0.000000,0.954855
1351,24.054479,1.068766,2.470204,1.033811,0.000000,1.033811
1352,24.036634,-0.000000,2.468372,-0.000000,0.000000,0.000000
1353,24.019831,1.368963,2.467409,1.170027,0.000000,1.170027
1354,24.002385,0.467699,2.466088,0.683885,0.000000,0.683885
1355,23.989393,6.449887,2.466142,2.539663,0.000000,2.539663
1356,23.974943,4.453767,2.465879,2.110395,3.000000,0.889605
1357,23.957253,0.040000,2.464205,0.200000,0.200000,0.000000
1358,23.939570,0.013844,2.462472,0.117659,0.000000,0.117659
1359,23.921957,0.074810,2.460856,0.273515,0.000000,0.273515
1360,23.904373,0.077542,2.459247,0.278464,0.000000,0.278464
1361,23.907774,28.519894,2.461370,5.340402,5.400000,0.059598
1362,23.890473,0.413599,2.460031,0.643117,0.600000,1.243117
1363,23.873652,1.029622,2.458967,1.014703,0.000000,1.014703
1364,23.859080,4.055990,2.458640,2.013949,2.800000,0.786051
1365,23.842807,1.711818,2.457795,1.308365,0.000000,1.308365
1366,23.827150,2.517623,2.457155,1.586702,0.000000,1.586702
1367,23.810000,0.451867,2.455846,0.672210,8.800000,9.472210
1368,23.792590,0.063080,2.454229,0.251158,0.000000,0.251158
1369,23.775898,1.008086,2.453167,1.004035,0.000000,1.004035
1370,23.761759,4.461348,2.452917,2.112190,0.400000,2.512190
1371,23.799964,75.988572,2.457500,8.717142,9.600000,0.882858
1372,23.784920,3.219062,2.457015,1.794174,0.000000,1.794174
1373,23.768452,1.240906,2.456034,1.113960,0.000000,1.113960
1374,23.752823,2.356498,2.455362,1.535089,0.000000,1.535089
1375,23.743594,11.099354,2.456001,3.331569,0.000000,3.331569
1376,23.741129,20.362353,2.457500,4.512466,5.400000,0.887534
1377,23.725438,2.197793,2.456790,1.482495,0.000000,1.482495
1378,23.708759,0.807550,2.455656,0.898638,0.000000,0.898638
1379,23.692635,1.538181,2.454772,1.240234,0.000000,1.240234
1380,23.675922,0.696341,2.453594,0.834471,0.000000,0.834471
1381,23.662674,5.432476,2.453505,2.330767,0.000000,2.330767
1382,23.646783,1.765198,2.452689,1.328608,0.600000,1.928608
1383,23.629747,0.154783,2.451195,0.393425,0.400000,0.793425
1384,23.612624,-0.000000,2.449419,-0.000000,0.000000,0.000000
1385,23.595526,-0.000000,2.447645,-0.000000,0.000000,0.000000
1386,23.578848,0.545814,2.446409,0.738793,0.000000,0.738793
1387,23.561954,0.214871,2.444975,0.463542,0.000000,0.463542
1388,23.544984,0.075687,2.443407,0.275113,0.000000,0.275113
1389,23.527988,0.004982,2.441694,0.070580,0.000000,0.070580
1390,23.511565,0.766582,2.440564,0.875547,0.000000,0.875547
1391,23.494873,0.360000,2.439237,0.600000,0.600000,0.000000
1392,23.477957,0.014328,2.437566,0.119699,4.800000,4.680301
1393,23.461054,-0.000000,2.435811,-0.000000,0.000000,0.000000
1394,23.445713,2.137598,2.435111,1.462053,0.000000,1.462053
1395,23.473231,61.723446,2.439008,7.856427,0.000000,7.856427
1396,23.458224,2.582553,2.438410,1.607032,0.000000,1.607032
1397,23.441924,0.752836,2.437283,0.867661,0.000000,0.867661
1398,23.425595,0.679107,2.436125,0.824080,0.000000,0.824080
1399,23.408845,0.058824,2.434553,0.242537,0.800000,0.557463
1400,23.393282,1.684060,2.433739,1.297713,0.000000,-1.297713
1401,23.378047,2.109164,2.433036,1.452296,0.000000,-1.452296
1402,23.362944,2.264006,2.432372,1.504661,0.000000,-1.504661
1403,23.346712,0.654337,2.431212,0.808911,0.000000,-0.808911
1404,23.332298,3.167589,2.430746,1.779772,0.000000,-1.779772
1405,23.320713,7.101545,2.430913,2.664872,0.000000,-2.664872
1406,23.307652,5.008972,2.430776,2.238073,0.000000,-2.238073
1407,23.295002,5.560150,2.430724,2.357997,0.000000,-2.357997
1408,23.282584,5.860515,2.430717,2.420850,0.000000,-2.420850
1409,23.271365,7.519419,2.430939,2.742156,0.000000,-2.742156
1410,23.266227,16.046649,2.432059,4.005827,3.400000,-0.605827
1411,23.249691,0.000097,2.430337,0.009858,0.000000,-0.009858
1412,23.233178,0.000441,2.428626,0.020990,0.400000,0.420990
1413,23.219760,4.326577,2.428379,2.080043,2.400000,0.319957
1414,23.203356,0.090634,2.426870,0.301054,0.000000,0.301054
1415,23.187249,0.476299,2.425639,0.690144,0.000000,0.690144
1416,23.171096,0.378518,2.424357,0.615238,0.000000,0.615238
1417,23.154869,0.242917,2.422990,0.492866,0.000000,0.492866
1418,23.140259,2.496324,2.422394,1.579976,0.000000,1.579976
1419,23.124792,1.254325,2.421473,1.119967,0.000000,1.119967
1420,23.108597,0.192421,2.420073,0.438658,0.000000,0.438658
1421,23.092703,0.586816,2.418906,0.766039,0.000000,0.766039
1422,23.076760,0.486152,2.417692,0.697246,0.000000,0.697246
1423,23.060868,0.526216,2.416499,0.725408,0.000000,0.725408
1424,23.044628,-0.000000,2.414797,-0.000000,0.000000,0.000000
1425,23.028414,0.004095,2.413143,0.063996,0.000000,0.063996
1426,23.012228,0.011782,2.411522,0.108547,0.000000,0.108547
1427,22.996973,1.304891,2.410630,1.142318,0.000000,1.142318
1428,22.980824,0.000503,2.408953,0.022417,0.000000,-0.022417
1429,22.964697,0.000202,2.407273,0.014203,0.000000,0.014203
1430,22.949425,1.186561,2.406348,1.089294,0.000000,1.089294
1431,22.933363,0.028420,2.404780,0.168582,0.000000,0.168582
1432,22.917341,0.053663,2.403258,0.231654,0.000000,0.231654