# TEST CONFIGURATION BEGIN
# File Stream: filename: mean_daily_flow_cumecs_jokulsa_e.csv  -  n_targets: 1
# [mean_daily_flow_cumecs_jokulsa_e_ADE_HETERO_SIZE_8] Pipeline: Array BaseStreamModel: base_models: [<skmultiflow.lazy.knn_forecast.KNNForecast object at 0x7f2287231588>, <skmultiflow.lazy.knn_forecast.KNNForecast object at 0x7f22872315f8>, <skmultiflow.lazy.knn_forecast.KNNForecast object at 0x7f2287231668>, <skmultiflow.lazy.knn_forecast.KNNForecast object at 0x7f22872316d8>, <skmultiflow.trees.regression_hoeffding_tree.RegressionHoeffdingTree object at 0x7f2287231748>, <skmultiflow.trees.regression_hoeffding_tree.RegressionHoeffdingTree object at 0x7f2287231780>, <skmultiflow.trees.regression_hoeffding_adaptive_tree.RegressionHAT object at 0x7f22872317b8>, <skmultiflow.trees.regression_hoeffding_adaptive_tree.RegressionHAT object at 0x7f22872317f0>]
 Array BaseStreamModel: base_models: [<skmultiflow.lazy.knn_forecast.KNNForecast object at 0x7f2287231588>, <skmultiflow.lazy.knn_forecast.KNNForecast object at 0x7f22872315f8>, <skmultiflow.lazy.knn_forecast.KNNForecast object at 0x7f2287231668>, <skmultiflow.lazy.knn_forecast.KNNForecast object at 0x7f22872316d8>, <skmultiflow.trees.regression_hoeffding_tree.RegressionHoeffdingTree object at 0x7f2287231748>, <skmultiflow.trees.regression_hoeffding_tree.RegressionHoeffdingTree object at 0x7f2287231780>, <skmultiflow.trees.regression_hoeffding_adaptive_tree.RegressionHAT object at 0x7f22872317b8>, <skmultiflow.trees.regression_hoeffding_adaptive_tree.RegressionHAT object at 0x7f22872317f0>]
# Prequential Evaluator: n_wait: 1 - max_samples: 600000 - max_time: 10000000 - output_file: mean_daily_flow_cumecs_jokulsa_e_ADE_HETERO_SIZE_8_SIZE_8 - batch_size: 1 - pretrain_size: 5 - task_type: regression - show_plot: False - metrics: ['mean_square_error', 'mean_absolute_error', 'true_vs_predicted']
# TEST CONFIGURATION END
id,global_mse_[mean_daily_flow_cumecs_jokulsa_e_ADE_HETERO_SIZE_8],sliding_mse_[mean_daily_flow_cumecs_jokulsa_e_ADE_HETERO_SIZE_8],global_mae_[mean_daily_flow_cumecs_jokulsa_e_ADE_HETERO_SIZE_8],sliding_mae_[mean_daily_flow_cumecs_jokulsa_e_ADE_HETERO_SIZE_8],true_value_[mean_daily_flow_cumecs_jokulsa_e_ADE_HETERO_SIZE_8],predicted_value_[mean_daily_flow_cumecs_jokulsa_e_ADE_HETERO_SIZE_8]
5,683563284.064526,683563284.064526,26145.043203,26145.043203,25.700000,26170.743203
6,341781642.057190,0.049853,13072.633240,0.223277,26.200000,25.976723
7,227854428.496700,1.375721,8715.479797,1.172911,26.700000,25.527089
8,170890824.259782,11.549027,6537.459444,3.398386,28.400000,25.001614
9,136712665.310259,29.512170,5231.054057,5.432510,29.000000,23.567490
10,113927221.348229,1.538078,4359.418413,1.240193,27.800000,29.040193
11,97651904.582775,3.990050,3736.929713,1.997511,27.300000,29.297511
12,85445416.876988,2.936479,3270.027701,1.713616,26.700000,28.413616
13,75951481.850302,1.636819,2906.833443,1.279382,26.700000,27.979382
14,68356333.761784,0.965114,2616.248339,0.982402,25.700000,26.682402
15,62142121.602081,0.005053,2378.414043,0.071087,26.200000,26.271087
16,56963611.563691,1.141405,2180.301904,1.068366,26.200000,25.131634
17,52581795.304296,0.191551,2012.620039,0.437666,25.700000,25.262334
18,48825952.793492,0.153044,1868.889408,0.391208,25.700000,25.308792
19,45570889.274833,0.013609,1744.304558,0.116659,25.700000,25.583341
20,42722708.705102,0.159133,1635.310456,0.398915,25.700000,26.098915
21,40209608.193115,0.001324,1539.117864,0.036389,25.700000,25.663611
22,37975741.076573,0.095352,1453.628471,0.308791,25.700000,26.008791
23,35977017.872884,0.206485,1377.145625,0.454406,25.700000,26.154406
24,34178166.993343,0.282057,1308.314898,0.531091,25.200000,25.731091
25,32550635.235308,0.074624,1246.027197,0.273174,25.200000,24.926826
26,31071060.913667,0.159204,1189.407734,0.399003,25.200000,24.800997
27,29720145.222636,0.019951,1137.700495,0.141248,24.600000,24.741248
28,28481805.909831,1.715316,1090.350879,1.309701,25.200000,23.890299
29,27342533.880096,5.166460,1046.827763,2.272985,25.700000,23.427015
30,26290898.044270,2.148607,1006.621534,1.465813,26.700000,25.234187
31,25317161.087668,0.216013,969.356469,0.464772,26.200000,25.735228
32,24412976.785775,0.634662,934.765047,0.796657,25.700000,26.496657
33,23571150.000071,0.000382,902.532444,0.019549,26.700000,26.719549
34,22785445.004590,0.135637,872.460305,0.368289,26.700000,27.068289
35,22050430.656715,0.220466,844.331571,0.469538,26.700000,27.169538
36,21361354.705315,0.211919,817.960595,0.460347,26.700000,27.160347
37,20714041.027649,3.342313,793.229310,1.828199,25.700000,27.528199
38,20104804.592536,2.233807,769.942995,1.494592,25.700000,27.194592
39,19530381.640505,1.271459,747.976841,1.127590,25.200000,26.327590
40,18987871.059305,0.717315,727.223232,0.846944,25.200000,26.046944
41,18474685.355558,0.020661,707.572435,0.143738,25.200000,25.343738
42,17988509.425996,0.032209,688.956831,0.179469,24.600000,24.779469
43,17527265.595750,0.046401,671.296795,0.215409,24.600000,24.815409
44,17089083.959754,0.155915,654.524246,0.394861,24.600000,24.994861
45,16672277.034310,0.016551,638.563378,0.128650,24.600000,24.728650
46,16275318.057701,0.016704,623.362565,0.129243,24.600000,24.470757
47,15896822.293071,0.178608,608.875590,0.422621,24.600000,25.022621
48,15535530.922536,1.989563,595.069565,1.410519,23.600000,25.010519
49,15190296.912560,0.473587,581.861090,0.688176,24.100000,24.788176
50,14860073.070820,0.192558,569.221475,0.438815,24.100000,23.661185
51,14543901.314724,0.534278,557.125932,0.730943,24.600000,23.869057
52,14240903.370669,0.000110,545.519360,0.010469,24.100000,24.110469
53,13950272.697828,0.401468,534.399243,0.633615,24.600000,23.966385
54,13671267.245609,0.086853,523.717152,0.294709,24.600000,24.305291
55,13403203.205820,1.216365,513.469814,1.102889,25.700000,24.597111
56,13145449.633549,17.447756,503.675722,4.177051,28.400000,24.222949
57,12897423.629653,71.427053,494.331868,8.451453,31.400000,22.948547
58,12658582.819369,19.874285,485.260131,4.458058,30.200000,25.741942
59,12428426.793722,1.408782,476.458800,1.186921,29.000000,30.186921
60,12206490.614965,0.783365,467.966412,0.885079,28.400000,29.285079
61,11992341.663493,0.381043,459.767304,0.617287,27.800000,28.417287
62,11785577.174873,1.323530,451.860117,1.150448,26.700000,27.850448
63,11585821.629586,0.002918,444.202387,0.054020,26.700000,26.645980
64,11392724.689624,5.231894,436.837136,2.287333,27.800000,25.512667
65,11205958.742149,1.893652,429.698430,1.376100,26.700000,25.323900
66,11025217.489529,1.079692,422.784570,1.039082,26.200000,27.239082
67,10850214.053272,1.005328,416.089619,1.002661,25.200000,26.202661
68,10680679.506499,3.059816,409.615550,1.749233,25.200000,26.949233
69,10516361.363030,0.180991,403.320318,0.425430,25.200000,25.625430
70,10357022.578443,1.580330,397.228451,1.257112,24.600000,25.857112
71,10202440.171629,1.321910,391.316828,1.149743,25.200000,26.349743
72,10052404.286912,0.010846,385.563701,0.104146,25.200000,25.095854
73,9906717.268290,0.001987,379.976467,0.044577,24.100000,24.144577
74,9765192.736122,0.016570,374.550071,0.128723,24.100000,24.228723
75,9627654.810839,0.041016,369.277570,0.202523,24.600000,24.397477
76,9493937.382919,0.000585,364.149051,0.024190,24.100000,24.075810
77,9363883.462839,1.217113,359.175820,1.103229,24.100000,22.996771
78,9237344.513161,1.186639,354.336814,1.089330,24.100000,23.010670
79,9114179.919995,0.025681,349.614460,0.160252,24.100000,23.939748
80,8994256.502316,0.176436,345.019796,0.420043,23.600000,24.020043
81,8877447.976752,0.033849,340.541409,0.183981,23.600000,23.783981
82,8763634.552674,0.898715,336.187648,0.948006,23.600000,24.548006
83,8652702.485831,1.272073,331.946384,1.127862,23.600000,24.727862
84,8544543.714226,0.757437,327.807933,0.870309,23.600000,24.470309
85,8439055.541890,1.754967,323.777277,1.324752,23.600000,24.924752
86,8336140.257605,2.230560,319.846987,1.493506,23.600000,25.093506
87,8235704.837877,0.420198,316.001219,0.648227,24.100000,24.748227
88,8137660.736431,0.316367,312.245996,0.562465,24.100000,24.662465
89,8041923.555404,0.349168,308.579465,0.590904,24.100000,24.690904
90,7948412.820014,0.311812,304.997825,0.558401,25.200000,24.641599
91,7857051.753121,0.000349,301.492317,0.018691,25.200000,25.218691
92,7767767.095726,1.902342,298.081942,1.379254,26.700000,25.320746
93,7680489.020569,18.406812,294.780912,4.290316,30.200000,25.909684
94,7595152.696017,219.810832,291.670302,14.826019,41.700000,26.873981
95,7511695.243747,524.539486,288.716814,22.902827,51.700000,28.797173
96,7430046.924288,49.853471,285.655334,7.060699,44.000000,51.060699
97,7350154.272657,30.322668,282.642982,5.506602,41.000000,46.506602
98,7271961.154491,1.164977,279.647624,1.079341,35.700000,36.779341
99,7195414.369323,16.563532,276.746805,4.069832,30.800000,34.869832
100,7120462.201192,6.228783,273.890024,2.495753,27.800000,25.304247
101,7047056.328713,92.570731,271.165604,9.621368,29.000000,19.378632
102,6975147.925005,32.765351,268.457018,5.724103,29.000000,23.275897
103,6904692.182299,29.397122,265.800097,5.421911,28.400000,22.978089
104,6835645.494165,23.368907,263.190438,4.834140,27.800000,22.965860
105,6767966.352826,52.218863,260.656139,7.226262,34.400000,27.173738
106,6701615.879000,218.022578,258.245447,14.765588,47.000000,32.234412
107,6636556.288048,478.010941,255.950477,21.863461,59.100000,37.236539
108,6572755.635013,1288.372414,253.834548,35.893905,101.000000,65.106095
109,6510157.963645,0.141381,251.420657,0.376007,103.000000,102.623993
110,6448742.763148,146.710922,249.163032,12.112428,90.000000,102.112428
111,6388499.886018,2754.910300,247.324941,52.487239,113.000000,60.512761
112,6329362.381388,1649.385962,245.410938,40.612633,121.000000,80.387367
113,6271299.491276,507.359157,243.366110,22.524634,104.000000,126.524634
114,6214289.118033,158.434527,241.268118,12.587078,94.800000,82.212922
115,6158307.053000,279.899363,239.245254,16.730193,77.400000,94.130193
116,6103332.697764,1179.266641,237.415747,34.340452,83.000000,117.340452
117,6049320.951413,5.360043,235.335211,2.315177,81.600000,79.284823
118,5996256.764932,3.692606,233.287723,1.921616,80.200000,82.121616
119,5944144.940116,3396.911109,231.765943,58.283026,81.600000,139.883026
120,5892902.378240,7.762483,229.791979,2.786123,90.000000,92.786123
121,5842535.701032,1.144868,227.837091,1.069985,103.000000,104.069985
122,5793028.219832,652.919431,226.122813,25.552288,111.000000,136.552288
123,5744347.463857,18.258817,224.258529,4.273034,109.000000,104.726966
124,5696485.446785,905.415214,222.640459,30.090118,103.000000,72.909882
125,5649412.949508,713.276297,221.021176,26.707233,99.600000,72.892767
126,5603123.221999,2066.193453,219.582112,45.455401,91.600000,46.144599
127,5557569.729242,43.612850,217.850583,6.604003,66.600000,59.995997
128,5512752.681693,255.833147,216.222713,15.994785,59.100000,43.105215
129,5468651.081472,52.654095,214.550982,7.256314,52.500000,45.243686
130,5425249.347234,32.567511,212.893489,5.706795,51.700000,57.406795
131,5382531.154290,38.843265,211.266236,6.232437,53.300000,47.067563
132,5340480.299609,21.755131,209.652158,4.664240,52.500000,47.835760
133,5299081.426156,25.624243,208.066188,5.062039,52.500000,57.562039
134,5258319.279383,2.345646,206.477460,1.531550,58.300000,59.831550
135,5218179.924901,63.842224,204.962290,7.990133,64.300000,72.290133
136,5178648.432304,22.902150,203.445800,4.785619,67.800000,72.585619
137,5139711.532693,40.783997,201.964149,6.386235,78.800000,72.413765
138,5101355.980199,67.498501,200.518265,8.215747,66.600000,74.815747
139,5063570.439050,307.925037,199.162929,17.547793,55.700000,73.247793
140,5026338.303882,0.056284,197.700240,0.237243,57.400000,57.637243
141,4989651.203505,205.552235,196.361823,14.337093,63.400000,49.062907
142,4953496.317033,276.870373,195.059486,16.639422,67.800000,51.160578
143,4917861.682680,282.141983,193.777023,16.797083,69.000000,52.202917
144,4882735.288166,166.450603,192.485056,12.901574,70.200000,57.298426
145,4848110.102940,584.171382,191.291329,24.169638,84.400000,60.230362
146,4813974.615733,870.919579,190.152033,29.511347,90.000000,60.488653
147,4780310.594224,19.539946,188.853211,4.420401,78.800000,83.220401
148,4747119.351778,771.681978,187.734641,27.779164,60.000000,87.779164
149,4714386.381142,838.609525,186.639635,28.958756,48.500000,77.458756
150,4682099.862247,554.622465,185.522586,23.550424,42.400000,65.950424
151,4650249.957922,163.926404,184.347625,12.803375,41.700000,54.503375
152,4618831.295251,287.882612,183.216676,16.967104,40.200000,57.167104
153,4587832.740385,46.620352,182.032858,6.827910,45.400000,52.227910
154,4557247.303531,17.212171,180.846964,4.148755,50.900000,55.048755
155,4527066.976198,17.876353,179.677303,4.228044,54.100000,58.328044
156,4497284.890784,189.993190,178.585898,13.783802,50.100000,63.883802
157,4467891.485335,93.857155,177.481990,9.687990,50.900000,60.587990
158,4438879.418020,33.118805,176.366879,5.754894,52.500000,58.254894
159,4410241.871087,59.643319,175.278853,7.722909,54.900000,62.622909
160,4381971.166593,11.970094,174.177449,3.459782,59.100000,62.559782
161,4354060.539811,2.761839,173.078624,1.661878,61.700000,60.038122
162,4326503.215367,3.277614,171.994648,1.810418,63.400000,61.589582
163,4299292.554025,8.061964,170.930778,2.839360,63.400000,60.560640
164,4272422.017352,6.686441,169.878622,2.585815,65.500000,62.914185
165,4245885.544581,49.901219,168.867352,7.064080,58.300000,65.364080
166,4219676.405587,5.027561,167.838801,2.242222,58.300000,60.542222
167,4193788.854252,5.537872,166.823553,2.353268,60.900000,58.546732
168,4168217.004170,5.440911,165.820559,2.332576,66.600000,64.267424
169,4142955.264361,29.935623,164.848746,5.471346,74.800000,69.328654
170,4117997.715504,2.154101,163.864522,1.467686,73.700000,75.167686
171,4093339.411025,60.867554,162.930015,7.801766,70.200000,78.001766
172,4068975.017291,121.263622,162.025741,11.011976,65.500000,76.511976
173,4044898.655048,69.798222,161.116444,8.354533,61.700000,70.054533
174,4021105.232853,16.881930,160.192869,4.108763,61.700000,65.808763
175,3997590.348028,59.927775,159.301340,7.741303,67.800000,60.058697
176,3974348.663472,20.604450,158.401560,4.539213,60.000000,64.539213
177,3951375.558135,1.440090,157.492880,1.200038,62.600000,61.399962
178,3928666.648056,25.204459,156.616602,5.020404,61.700000,56.679596
179,3906217.499068,65.575137,155.767923,8.097848,61.700000,53.602152
180,3884023.625503,95.751637,154.938476,9.785277,63.400000,53.614723
181,3862080.348988,63.682399,154.108203,7.980125,60.900000,52.919875
182,3840383.551003,50.307520,153.282274,7.092779,60.000000,67.092779
183,3818929.183123,51.700551,152.466118,7.190310,58.300000,65.490310
184,3797713.202391,52.651299,151.659395,7.256121,54.900000,62.156121
185,3776731.754679,71.166505,150.868106,8.436024,53.300000,61.736024
186,3755980.605999,22.695048,150.065336,4.763932,63.400000,58.636068
187,3735456.414712,53.600507,149.285313,7.321237,64.300000,56.978763
188,3715156.333988,241.561478,148.558449,15.542248,77.400000,61.857752
189,3695080.245514,1079.966220,147.933067,32.862840,85.800000,52.937160
190,3675214.509194,53.290088,147.176976,7.300006,67.800000,75.100006
191,3655562.604037,308.244746,146.483820,17.556900,57.400000,74.956900
192,3636118.279009,29.498841,145.733541,5.431284,54.100000,59.531284
193,3616879.692615,25.450456,144.989156,5.044844,52.500000,57.544844
194,3597843.515486,6.038098,144.238988,2.457254,51.700000,54.157254
195,3579006.647273,1.686796,143.490610,1.298767,46.200000,47.498767
196,3560366.187175,38.308577,142.775499,6.189392,43.200000,49.389392
197,3541918.959824,51.308403,142.072844,7.162988,41.000000,48.162988
198,3523661.717651,13.978192,141.359782,3.738742,39.600000,43.338742
199,3505591.819710,31.619100,140.663696,5.623086,37.000000,42.623086
200,3487706.305057,30.947809,139.974407,5.563075,36.400000,41.963075
201,3470002.312905,19.851058,139.286494,4.455453,35.700000,40.155453
202,3452477.240566,37.989900,138.614156,6.163595,35.700000,41.863595
203,3435128.243358,26.796056,137.943615,5.176491,36.400000,41.576491
204,3417952.618632,3.298197,137.262977,1.816094,38.900000,40.716094
205,3400948.561915,137.218488,136.638355,11.714030,53.300000,41.585970
206,3384112.873418,139.485650,136.020395,11.810404,58.300000,46.489596
207,3367442.425606,11.967451,135.367386,3.459400,57.400000,53.940600
208,3350935.475941,24.693971,134.728179,4.969303,50.100000,55.069303
209,3334589.452426,0.655402,134.074918,0.809569,45.400000,46.209569
210,3318402.280518,32.039269,133.451546,5.660324,41.000000,46.660324
211,3302371.404153,10.872962,132.822782,3.297417,41.000000,44.297417
212,3286494.622238,0.765962,132.188419,0.875193,40.200000,41.075193
213,3270770.632384,180.742621,131.620264,13.444055,37.600000,51.044055
214,3255195.539099,1.042597,130.998363,1.021076,46.200000,45.178924
215,3239768.119781,10.063015,130.392552,3.172226,45.400000,48.572226
216,3224486.499756,64.674527,129.815427,8.042047,45.400000,53.442047
217,3209349.521918,310.220204,129.288655,17.613069,39.600000,57.213069
218,3194353.559125,213.484355,128.752779,14.611104,40.200000,54.811104
219,3179496.255871,33.359433,128.180793,5.775763,46.200000,51.975763
220,3164776.396771,6.690179,127.599338,2.586538,47.700000,50.286538
221,3150192.436080,56.926861,127.046092,7.544989,59.100000,51.555011
222,3135742.615650,131.582434,126.515931,11.470939,58.300000,46.829061
223,3121424.374153,47.727672,125.969778,6.908522,48.500000,55.408522
224,3107236.244138,35.770932,125.424374,5.980881,56.600000,50.619119
225,3093176.481343,28.666455,124.881070,5.354106,56.600000,51.245894
226,3079243.519828,59.024950,124.353149,7.682770,44.700000,52.382770
227,3065435.420278,37.320327,123.822907,6.109037,50.900000,44.790963
228,3051751.546178,247.621779,123.340376,15.736003,58.300000,42.563997
229,3038188.613218,91.630135,122.834740,9.572363,44.700000,54.272363
230,3024745.459765,35.932989,122.317748,5.994413,38.900000,44.894413
231,3011420.864342,62.298644,121.813674,7.892949,36.400000,28.507051
232,2998212.968036,20.506488,121.299265,4.528409,34.400000,29.871591
233,2985120.342756,1.779034,120.775398,1.333804,34.400000,33.066196
234,2972141.631790,16.820505,120.268119,4.101281,34.400000,30.298719
235,2959275.225981,1.889918,119.753429,1.374743,34.400000,35.774743
236,2946519.747291,4.169841,119.246052,2.042019,34.400000,36.442019
237,2933874.010083,62.977989,118.768326,7.935867,41.700000,33.764133
238,2921336.334304,57.877637,118.293281,7.607735,47.700000,40.092265
239,2908905.117932,0.487043,117.792875,0.697885,44.000000,44.697885
240,2896579.441015,45.365409,117.322293,6.735385,38.300000,45.035385
241,2884357.596886,2.382453,116.833775,1.543520,39.600000,38.056480
242,2872238.451017,0.880163,116.346818,0.938170,37.000000,37.938170
243,2860220.722815,1.410637,115.864981,1.187702,37.600000,36.412298
244,2848303.141085,1.107698,115.386595,1.052472,38.900000,39.952472
245,2836484.455874,0.005184,114.908112,0.071999,36.400000,36.328001
246,2824763.638575,46.669402,114.461514,6.831501,37.600000,44.431501
247,2813139.128446,7.677214,114.001881,2.770779,44.000000,41.229221
248,2801612.847299,726.528664,113.645129,26.954196,41.000000,14.045804
249,2790177.829001,33.364286,113.204847,5.776183,38.900000,44.676183
250,2778835.830514,46.201333,112.772296,6.797156,39.600000,46.397156
251,2767585.679849,48.616178,112.343956,6.972530,38.900000,45.872530
252,2756426.393490,82.662896,111.927618,9.091914,37.000000,46.091914
253,2745356.481640,18.342697,111.495309,4.282838,35.700000,39.982838
254,2734375.075824,5.027574,111.058297,2.242225,34.400000,32.157775
255,2723481.181807,7.677557,110.626873,2.770840,32.000000,29.229160
256,2712673.894683,44.826649,110.214446,6.695271,33.200000,26.504729
257,2701951.934453,17.956498,109.795565,4.237511,32.000000,36.237511
258,2691314.328417,0.001445,109.363448,0.038010,34.400000,34.361990
259,2680760.366946,54.153315,108.963430,7.358894,41.700000,34.341106
260,2670288.673427,6.825975,108.547998,2.612657,36.400000,39.012657
261,2659898.535954,23.342780,108.144431,4.831437,33.800000,38.631437
262,2649588.872335,5.322297,107.734209,2.307010,32.600000,34.907010
263,2639358.810120,2.758736,107.324659,1.660944,32.000000,33.660944
264,2629207.517256,22.665347,106.930183,4.760814,29.000000,33.760814
265,2619133.981912,14.792508,106.535225,3.846103,35.700000,31.853897
266,2609137.445853,41.534476,106.153200,6.444725,38.900000,32.455275
267,2599216.777856,1.762605,105.754624,1.327631,33.200000,34.527631
268,2589371.471642,55.937335,105.382368,7.479127,32.000000,24.520873
269,2579601.363984,292.942469,105.049286,17.115562,35.700000,18.584438
270,2569906.466743,758.697683,104.757914,27.544467,33.800000,6.255533
271,2560290.618919,2475.097904,104.551894,49.750356,34.400000,-15.350356
272,2550743.436865,1645.828396,104.313151,40.568811,32.600000,-7.968811
273,2541261.992988,235.033895,103.982361,15.330815,30.800000,15.469185
274,2531849.984394,19.672679,103.613669,4.435389,30.800000,26.364611
275,2522507.383531,5.150521,103.239705,2.269476,28.400000,30.669476
276,2513233.636904,48.300889,102.885698,6.949884,28.400000,35.349884
277,2504027.991808,92.525698,102.544062,9.619028,27.800000,37.419028
278,2494889.454512,68.772772,102.200080,8.292935,27.800000,36.092935
279,2485817.251942,33.747861,101.849568,5.809291,27.800000,33.609291
280,2476810.941211,75.489992,101.512028,8.688498,25.700000,34.388498
281,2467869.751803,101.475168,101.181925,10.073488,22.000000,32.073488
282,2458992.527198,1.311758,100.822081,1.145320,28.400000,29.545320
283,2450178.934976,0.297166,100.462665,0.545129,30.200000,30.745129
284,2441428.363952,19.048373,100.119457,4.364444,29.600000,33.964444
285,2432740.055055,13.563920,99.776267,3.682923,29.000000,32.682923
286,2424113.333695,4.631328,99.430082,2.152052,28.400000,30.552052
287,2415547.696368,37.970217,99.100513,6.161998,26.700000,32.861998
288,2407042.292214,12.916598,98.764222,3.593967,27.300000,30.893967
289,2398596.539601,2.797703,98.423550,1.672633,27.300000,28.972633
290,2390209.853117,4.205044,98.086581,2.050620,27.300000,29.350620
291,2381881.595815,0.007430,97.745117,0.086198,27.800000,27.886198
292,2373611.173732,0.035804,97.406381,0.189218,26.700000,26.889218
293,2365397.986780,0.144735,97.070651,0.380441,26.700000,27.080441
294,2357241.482801,11.832774,96.747786,3.439880,26.700000,23.260120
295,2349141.025514,8.412332,96.425287,2.900402,26.700000,23.799598
296,2341096.024179,0.635608,96.097793,0.797250,26.200000,25.402750
297,2333105.936201,0.246766,95.771510,0.496756,26.200000,25.703244
298,2325170.207734,1.767038,95.450278,1.329300,26.200000,24.870700
299,2317288.286783,3.527066,95.133084,1.878048,26.200000,24.321952
300,2309459.614716,1.355067,94.815621,1.164073,26.200000,25.035927
301,2301683.662128,1.695963,94.500761,1.302291,26.200000,24.897709
302,2293959.893853,0.716030,94.186484,0.846185,26.700000,27.546185
303,2286287.787217,0.009897,93.871812,0.099485,27.800000,27.700515
304,2278666.828018,0.027408,93.559458,0.165552,27.800000,27.634448
305,2271096.772075,79.989312,93.278342,8.943674,27.800000,36.743674
306,2263576.748604,49.683702,92.992814,7.048667,27.800000,34.848667
307,2256106.376579,54.025101,92.710165,7.350177,27.800000,35.150177
308,2248685.079206,31.975298,92.423798,5.654670,27.800000,33.454670
309,2241312.413054,21.902630,92.136113,4.680025,27.800000,32.480025
310,2233987.925053,19.084756,91.849291,4.368610,27.800000,32.168610
311,2226711.140985,15.216232,91.562814,3.900799,27.800000,31.700799
312,2219481.691687,40.757204,91.286260,6.384137,27.800000,34.184137
313,2212299.007067,32.143970,91.009183,5.669565,27.800000,33.469565
314,2205162.652626,29.130488,90.733016,5.397267,27.800000,33.197267
315,2198072.169148,22.291104,90.456451,4.721346,27.800000,32.521346
316,2191027.164036,30.573985,90.184249,5.529375,27.800000,33.329375
317,2184027.143377,20.697715,89.910655,4.549474,27.800000,32.349474
318,2177071.682353,12.381840,89.635522,3.518784,27.800000,31.318784
319,2170160.360898,5.424165,89.358358,2.328984,27.800000,30.128984
320,2163292.769542,1.492499,89.079445,1.221679,27.800000,29.021679
321,2156468.506432,1.363510,88.802121,1.167694,27.800000,26.632306
322,2149692.261778,1622.706400,88.649544,40.282830,27.800000,-12.482830
323,2142953.415659,0.349963,88.373501,0.591577,26.700000,26.108423
324,2136256.943270,82.251088,88.125675,9.069239,26.700000,17.630761
325,2129601.939305,0.670528,87.853691,0.818858,26.700000,27.518858
326,2122988.270574,0.607971,87.583275,0.779725,26.700000,27.479725
327,2116415.552789,0.425923,87.314140,0.652628,26.700000,27.352628
328,2109883.406476,0.147423,87.045837,0.383957,26.700000,27.083957
329,2103391.458121,0.191004,86.779348,0.437040,26.700000,27.137040
330,2096939.337331,0.080618,86.514025,0.283933,26.700000,26.983933
331,2090526.678808,0.000453,86.249521,0.021279,26.700000,26.721279
332,2084153.149229,8.976913,85.995700,2.996150,29.600000,26.603850
333,2077818.458352,39.850798,85.753502,6.312749,34.400000,28.087251
334,2071522.150126,36.743538,85.512012,6.061645,34.400000,28.338355
335,2065263.908274,44.097283,85.273730,6.640578,28.400000,35.040578
336,2059043.466184,77.134324,85.043335,8.782615,28.400000,37.182615
337,2052860.201950,16.476189,84.800139,4.059087,27.800000,31.859087
338,2046713.914209,0.096497,84.547176,0.310640,29.000000,29.310640
339,2040604.334972,4.869941,84.301384,2.206794,29.600000,27.393206
340,2034531.144376,12.294480,84.060923,3.506349,30.800000,27.293651
341,2028493.962294,0.782899,83.814109,0.884816,30.200000,29.315184
342,2022492.502560,0.572022,83.568376,0.756321,29.600000,28.843679
343,2016526.448698,0.243528,83.323317,0.493486,29.600000,29.106514
344,2010595.489215,0.224553,83.079643,0.473870,29.600000,29.126130
345,2004699.319523,1.624104,82.839744,1.274403,27.800000,29.074403
346,1998837.625656,0.017196,82.597906,0.131134,28.400000,28.268866
347,1993010.117833,2.442292,82.361652,1.562783,27.300000,28.862783
348,1987216.484235,0.159920,82.123392,0.399900,27.800000,27.400100
349,1981456.445228,3.027043,81.890396,1.739840,27.300000,25.560160
350,1975729.783553,31.505430,81.669941,5.612970,30.200000,24.587030
351,1970036.265864,79.145585,81.460219,8.896380,34.400000,25.503620
352,1964375.542331,104.476545,81.255509,10.221377,38.300000,28.078623
353,1958747.048688,31.260643,81.038706,5.591122,38.300000,32.708878
354,1953150.926030,104.118592,80.836321,10.203852,45.400000,35.196148
355,1947588.260984,655.494902,80.678960,25.602635,70.200000,44.597365
356,1942055.437111,34.257445,80.466386,5.852986,59.100000,64.952986
357,1936554.613182,264.590374,80.284516,16.266234,41.700000,57.966234
358,1931084.484065,128.905738,80.089796,11.353666,37.600000,48.953666
359,1925644.928111,42.120372,79.882473,6.490021,35.100000,41.590021
360,1920235.814414,0.451998,79.659972,0.672308,34.400000,35.072308
361,1914857.126063,44.073010,79.455431,6.638751,33.800000,27.161249
362,1909508.440379,27.651228,79.248177,5.258444,31.400000,26.141556
363,1904189.476258,0.320841,79.029007,0.566428,31.400000,30.833572
364,1898900.081565,7.387088,78.817032,2.717920,31.400000,28.682080
365,1893639.984053,4.879618,78.604822,2.208986,30.800000,28.591014
366,1888409.550737,223.123635,78.428945,14.937324,30.200000,45.137324
367,1883207.321936,0.495902,78.214827,0.704203,29.600000,30.304203
368,1878033.700693,9.189425,78.008279,3.031406,29.600000,32.631406
369,1872888.590592,68.513970,77.817235,8.277317,29.000000,37.277317
370,1867771.431571,8.389034,77.612533,2.896383,28.400000,31.296383
371,1862682.189909,19.741645,77.413162,4.443157,27.300000,22.856843
372,1857620.610060,20.805212,77.215195,4.561273,27.300000,22.738727
373,1852586.526874,43.914388,77.023898,6.626793,29.000000,22.373207
374,1847579.536510,0.092436,76.816547,0.304034,28.400000,28.095966
375,1842599.617444,29.562789,76.624150,5.437167,27.800000,22.362833
376,1837646.472638,29.749654,76.432833,5.454324,27.300000,21.845676
377,1832719.820164,5.099835,76.233974,2.258281,27.800000,30.058281
378,1827819.587895,32.951588,76.045488,5.740347,25.200000,30.940347
379,1822945.415840,5.067477,75.848703,2.251106,27.800000,30.051106
380,1818097.157088,0.124757,75.647917,0.353210,27.300000,26.946790
381,1813274.620838,0.990978,75.449900,0.995479,27.300000,26.304521
382,1808477.599900,0.706142,75.252520,0.840322,27.300000,26.459678
383,1803705.896920,2.170494,75.057852,1.473260,27.300000,25.826740
384,1798959.302534,0.030509,74.860791,0.174668,25.700000,25.874668
385,1794237.626747,0.827460,74.666694,0.909648,25.700000,24.790352
386,1789540.680633,4.211236,74.476603,2.052130,25.700000,23.647870
387,1784868.263334,4.855108,74.287900,2.203431,26.200000,23.996569
388,1780220.175516,2.541272,74.098594,1.594137,25.200000,23.605863
389,1775596.250220,8.936700,73.913895,2.989431,25.700000,22.710569
390,1770996.279014,7.364764,73.729438,2.713810,25.700000,22.986190
391,1766420.076402,5.868088,73.545183,2.422414,25.700000,23.277586
392,1761867.476841,11.446725,73.364353,3.383301,26.700000,23.316699
393,1757338.283064,11.097394,73.184319,3.331275,26.700000,23.368725
394,1752832.296160,3.390428,73.001389,1.841311,25.700000,23.858689
395,1748349.361464,4.830218,72.820305,2.197776,25.700000,23.502224
396,1743889.317057,11.953963,72.643359,3.457450,26.200000,22.742550
397,1739451.939913,0.099227,72.459317,0.315003,26.200000,25.884997
398,1735037.114581,10.759207,72.283736,3.280123,25.700000,28.980123
399,1730644.631380,6.250100,72.107068,2.500020,25.700000,28.200020
400,1726274.350814,13.527399,71.934267,3.677961,24.600000,28.277961
401,1721926.059539,2.714623,71.757223,1.647611,25.700000,27.347611
402,1717599.614195,0.812793,71.579194,0.901550,25.700000,24.798450
403,1713294.888497,14.060367,71.409195,3.749716,25.700000,21.950284
404,1709011.652630,0.541742,71.232512,0.736031,25.200000,24.463969
405,1704749.781027,1.139879,71.057537,1.067651,25.200000,24.132349
406,1700509.110393,0.186144,70.881850,0.431444,25.200000,25.631444
407,1696289.487096,0.921775,70.708347,0.960091,24.600000,25.560091
408,1692090.751242,0.202040,70.534439,0.449488,25.200000,25.649488
409,1687912.750679,0.523498,70.362067,0.723532,24.600000,25.323532
410,1683755.332263,0.873696,70.191063,0.934717,24.600000,25.534717
411,1679618.341394,0.048340,70.019144,0.219864,25.200000,24.980136
412,1675501.631632,0.758652,69.849663,0.871006,25.700000,24.828994
413,1671405.050645,0.007760,69.679097,0.088091,24.600000,24.511909
414,1667328.452963,0.001278,69.509235,0.035742,24.600000,24.564258
415,1663271.712572,8.152306,69.347060,2.855224,26.700000,23.844776
416,1659234.666892,8.892460,69.185980,2.982023,26.700000,23.717977
417,1655217.158948,3.885757,69.023232,1.971232,26.200000,24.228768
418,1651219.055502,2.332303,68.860198,1.527188,26.200000,24.672812
419,1647240.220114,2.369678,68.697979,1.539376,26.700000,25.160624
420,1643280.510625,1.072466,68.535329,1.035599,27.300000,26.264401
421,1639339.792719,1.143791,68.373541,1.069482,27.300000,26.230518
422,1635417.932574,2.252356,68.213558,1.500785,28.400000,26.899215
423,1631514.793465,2.645703,68.054639,1.626562,29.600000,27.973438
424,1627630.234469,0.015340,67.892899,0.123855,29.000000,29.123855
425,1623764.166345,15.554271,67.741001,3.943890,29.600000,33.543890
426,1619916.418287,14.485859,67.589497,3.806029,30.800000,34.606029
427,1616086.930161,42.941078,67.445202,6.552944,29.600000,36.152944
428,1612275.547956,60.875125,67.304535,7.802251,27.300000,35.102251
429,1608482.057684,42.182084,67.161453,6.494774,27.300000,33.794774
430,1604706.335562,24.433863,67.015401,4.943062,26.200000,31.143062
431,1600948.283192,17.973721,66.868385,4.239543,25.200000,29.439543
432,1597207.752988,1.355919,66.714871,1.164439,25.700000,26.864439
433,1593484.664155,2.643439,66.563148,1.625866,25.200000,26.825866
434,1589778.922604,15.797089,66.417593,3.974555,23.600000,27.574555
435,1586090.343612,1.377078,66.266215,1.173490,24.600000,25.773490
436,1582418.838332,0.062804,66.113401,0.250606,24.600000,24.850606
437,1578764.307130,6.828015,65.966749,2.613047,24.100000,26.713047
438,1575126.612187,4.701921,65.819748,2.168391,24.100000,26.268391
439,1571505.634515,1.324756,65.671084,1.150980,24.100000,25.250980
440,1567901.278071,6.224964,65.526185,2.494988,24.100000,26.594988
441,1564313.414094,4.719845,65.381211,2.172520,24.100000,26.272520
442,1560741.925428,1.378480,65.234619,1.174087,24.100000,25.274087
443,1557186.709448,2.110104,65.089330,1.452620,24.100000,25.552620
444,1553647.653048,1.893621,64.944527,1.376089,24.100000,25.476089
445,1550124.649402,3.045179,64.801218,1.745044,25.200000,23.454956
446,1546617.584052,1.764847,64.657614,1.328475,24.600000,23.271525
447,1543126.391432,19.253148,64.521565,4.387841,26.200000,21.812159
448,1539650.937553,24.869284,64.387478,4.986911,27.800000,22.813089
449,1536191.192411,64.349402,64.260813,8.021808,32.000000,23.978192
450,1532747.045655,101.739182,64.139347,10.086584,38.300000,28.213416
451,1529318.118092,16.424780,64.004925,4.052750,36.400000,32.347250
452,1525904.463563,0.889132,63.864161,0.942938,35.700000,34.757062
453,1522506.238384,101.358441,63.744347,10.067693,44.700000,34.632307
454,1519123.400406,229.148379,63.636332,15.137648,58.300000,43.162352
455,1515755.520056,209.362511,63.527315,14.469365,67.800000,53.330635
456,1512402.369281,131.369606,63.412125,11.461658,64.300000,52.838342
457,1509063.732802,0.044306,63.272607,0.210491,64.300000,64.089509
458,1505739.919116,52.319493,63.149173,7.233221,60.000000,67.233221
459,1502430.654375,24.461810,63.021253,4.945888,60.900000,65.845888
460,1499135.932534,37.494974,62.896477,6.123314,55.700000,61.823314
461,1495855.779496,105.993908,62.781376,10.295334,49.300000,59.595334
462,1492590.095739,172.619179,62.672985,13.138462,41.700000,54.838462
463,1489338.632772,168.593513,62.564731,12.984356,35.100000,48.084356
464,1486101.090137,69.021059,62.446782,8.307891,33.200000,41.507891
465,1482877.489659,21.269739,62.321326,4.611913,32.600000,37.211913
466,1479667.856716,27.069685,62.197693,5.202854,30.800000,36.002854
467,1476472.090020,27.876625,62.074761,5.279832,30.200000,35.479832
468,1473290.161002,57.025768,61.957254,7.551541,29.600000,37.151541
469,1470121.934494,64.834548,61.841328,8.051990,29.600000,37.651990
470,1466967.322656,72.818254,61.726934,8.533361,29.600000,38.133361
471,1463826.195774,61.068544,61.611490,7.814637,29.600000,37.414637
472,1460698.447019,39.778264,61.493318,6.307001,32.000000,38.307001
473,1457584.012730,28.765573,61.373638,5.363355,30.200000,35.563355
474,1454482.786724,7.790231,61.248994,2.791099,29.600000,32.391099
475,1451394.721096,3.875972,61.123134,1.968749,27.300000,29.268749
476,1448319.733965,0.795134,60.995525,0.891703,28.400000,27.508297
477,1445257.769523,10.552929,60.873438,3.248527,27.800000,24.551473
478,1442208.703182,0.323678,60.746213,0.568927,26.200000,25.631073
479,1439172.493663,9.181657,60.624706,3.030125,27.300000,24.269875
480,1436149.056959,16.622699,60.505908,4.077094,27.800000,23.722906
481,1433138.820375,266.206170,60.413266,16.315826,40.200000,23.884174
482,1430142.497998,896.724559,60.349526,29.945360,60.900000,30.954640
483,1427156.899214,40.680405,60.236851,6.378119,56.600000,50.221881
484,1424183.714204,28.094011,60.122400,5.300378,46.200000,51.500378
485,1421222.838399,2.452412,60.000661,1.566018,45.400000,43.833982
486,1418274.285704,20.439084,59.885558,4.520960,47.700000,43.179040
487,1415337.986601,41.818939,59.774960,6.466756,51.700000,45.233244
488,1412413.903438,81.736074,59.670137,9.040801,53.300000,44.259199
489,1409501.719544,4.714457,59.551583,2.171280,50.900000,48.728720
490,1406601.511969,0.838062,59.430933,0.915457,51.700000,50.784543
491,1403713.486275,132.999026,59.332579,11.532520,59.100000,47.567480
492,1400837.043053,9.193919,59.217209,3.032148,55.700000,52.667852
493,1397972.348833,1.569857,59.098672,1.252939,53.300000,54.552939
494,1395119.344465,0.208112,58.978994,0.456192,51.700000,51.243808
495,1392277.961268,0.194906,58.859773,0.441482,50.900000,51.341482
496,1389448.687962,275.494757,58.773875,16.598035,38.900000,55.498035
497,1386630.465198,64.865144,58.670995,8.053890,37.600000,45.653890
498,1383823.521078,0.069857,58.552763,0.264305,37.600000,37.335695
499,1381027.943671,12.705061,58.441675,3.564416,38.300000,34.735584
500,1378243.769059,77.335675,58.341579,8.794070,42.400000,33.605930
501,1375470.937163,146.316871,58.248530,12.096151,47.700000,35.603849
502,1372708.992374,22.432479,58.141076,4.736294,47.000000,42.263706
503,1369958.106158,16.770359,58.032767,4.095163,48.500000,44.404837
504,1367218.208434,9.244050,57.922782,3.040403,49.300000,46.259597
505,1364489.232472,1.251790,57.809401,1.118834,47.700000,48.818834
506,1361771.224756,49.359011,57.708238,7.025597,41.700000,48.725597
507,1359063.936326,5.144216,57.598019,2.268086,38.900000,41.168086
508,1356367.387094,3.123565,57.487244,1.767361,37.000000,38.767361
509,1353681.513587,1.265860,57.375636,1.125105,35.100000,36.225105
510,1351006.255432,0.887238,57.264107,0.941933,34.400000,33.458067
511,1348341.612386,32.231330,57.162358,5.677264,36.400000,30.722736
512,1345687.909585,260.589507,57.081611,16.142785,49.300000,33.157215
513,1343045.357722,629.011286,57.018739,25.080097,65.500000,40.419903
514,1340414.023223,1064.763294,56.970920,32.630711,87.200000,54.569289
515,1337793.134033,1139.646746,56.925494,33.758654,109.000000,75.241346
516,1335180.530552,140.152102,56.837434,11.838585,113.000000,101.161415
517,1332578.261731,216.625347,56.755330,14.718198,98.000000,112.718198
518,1329985.712529,7.972030,56.650405,2.823478,109.000000,106.176522
519,1327404.053346,431.232953,56.580726,20.766149,127.000000,106.233851
520,1324831.749314,95.173154,56.489980,9.755673,125.000000,115.244327
521,1322269.220109,4.149934,56.384656,2.037139,115.000000,117.037139
522,1319716.685855,56.476947,56.290313,7.515115,115.000000,107.484885
523,1317174.531315,338.479533,56.217302,18.397813,91.600000,109.997813
524,1314641.561143,30.041985,56.119732,5.481057,87.200000,92.681057
525,1312118.360454,54.002004,56.026122,7.348606,85.800000,78.451394
526,1309605.010784,149.832652,55.942242,12.240615,71.300000,83.540615
527,1307101.439849,237.411577,55.864739,15.408166,70.200000,85.608166
528,1304607.155240,96.304845,55.776855,9.813503,63.400000,73.213503
529,1302122.819163,330.714724,55.705252,18.185564,61.700000,79.885564
530,1299647.663377,190.875888,55.625614,13.815784,61.700000,75.515784
531,1297181.540401,0.854814,55.521817,0.924562,60.900000,59.975438
532,1294724.763978,3.589310,55.420250,1.894547,60.900000,59.005453
533,1292277.273333,2.212742,55.318298,1.487529,63.400000,64.887529
534,1289839.015771,0.765486,55.215575,0.874921,62.600000,61.725079
535,1287410.032296,48.790649,55.124745,6.985030,66.600000,59.614970
536,1284990.395603,163.311261,55.045149,12.779329,76.000000,63.220671
537,1282580.625765,583.072282,54.987178,24.146890,90.000000,65.853110
538,1280180.851302,1101.062263,54.946345,33.182258,116.000000,82.817742
539,1277788.035140,24.205055,54.852837,4.919863,111.000000,106.080137
540,1275405.208228,592.810233,54.795925,24.347695,132.000000,107.652305
541,1273030.152571,0.320017,54.694938,0.565700,123.000000,122.434300
542,1270664.073801,79.774591,54.609876,8.931662,113.000000,121.931662
543,1268307.356815,393.618537,54.545367,19.839822,98.000000,117.839822
544,1265958.844542,110.729084,54.463844,10.522789,87.200000,97.722789
545,1263618.981490,92.933601,54.380991,9.640208,78.800000,88.440208
546,1261287.641459,32.684406,54.291205,5.717028,69.000000,74.717028
547,1258964.828836,0.387365,54.192367,0.622386,63.400000,64.022386
548,1256650.561554,3.427545,54.096152,1.851363,61.700000,59.848637
549,1254344.781091,0.209245,53.997732,0.457433,62.600000,63.057433
550,1252047.446329,0.000650,53.898882,0.025500,62.600000,62.574500
551,1249758.593762,45.092516,53.812623,6.715096,64.300000,71.015096
552,1247478.024100,6.418895,53.719048,2.533554,76.000000,73.466446
553,1245205.760434,5.271470,53.625381,2.295968,84.400000,82.104032
554,1242941.839862,49.445888,53.540666,7.031777,84.400000,91.431777
555,1240686.099621,28.967218,53.453263,5.382120,84.400000,89.782120
556,1238438.958017,263.934231,53.385859,16.246053,66.600000,82.846053
557,1236200.326662,475.818281,53.328766,21.813259,54.900000,76.713259
558,1233968.927503,5.192828,53.236618,2.278778,52.500000,54.778778
559,1231745.649374,49.565640,53.153381,7.040287,52.500000,45.459713
560,1229530.456909,98.638818,53.075644,9.931708,55.700000,45.768292
561,1227323.087648,25.778931,52.989471,5.077296,55.700000,50.622704
562,1225123.627465,24.305120,52.903343,4.930022,59.100000,54.169978
563,1222932.017189,13.483247,52.815273,3.671954,64.300000,60.628046
564,1220748.622964,231.251267,52.748115,15.206948,47.700000,62.906948
565,1218572.781409,101.510807,52.672049,10.075257,44.000000,54.075257
566,1216404.612577,61.897508,52.592326,7.867497,41.700000,49.567497
567,1214244.102370,37.366033,52.509769,6.112776,41.700000,47.812776
568,1212091.226275,21.985220,52.424980,4.688840,43.200000,47.888840
569,1209945.949602,9.905649,52.337763,3.147324,41.700000,44.847324
570,1207808.279726,24.799803,52.254092,4.979940,47.700000,42.720060
571,1205678.194337,49.864130,52.174387,7.061454,52.500000,45.438546
572,1203555.541191,11.207627,52.088425,3.347779,54.900000,51.552221
573,1201440.354383,14.247598,52.003515,3.774599,57.400000,53.625401
574,1199332.569738,3.106597,51.915373,1.762554,54.900000,56.662554
575,1197232.253673,52.096743,51.837093,7.217807,45.400000,52.617807
576,1195139.221308,17.740446,51.753833,4.211941,41.700000,45.911941
577,1193053.465629,1.217340,51.665437,1.103331,40.200000,41.303331
578,1190974.976876,0.921472,51.577100,0.959933,40.200000,39.240067
579,1188903.720138,2.352668,51.490068,1.533841,38.900000,37.366159
580,1186839.684838,19.387307,51.408320,4.403102,39.600000,35.196898
581,1184782.883443,65.279667,51.333227,8.079583,46.200000,38.120417
582,1182733.650835,326.435995,51.275674,18.067540,64.300000,46.232460
583,1180691.165533,134.661127,51.207157,11.604358,67.800000,56.195642
584,1178655.553448,36.156607,51.129236,6.013036,63.400000,69.413036
585,1176626.915909,17.143027,51.048360,4.140414,61.700000,65.840414
586,1174605.247490,15.896052,50.967499,3.986985,65.500000,61.513015
587,1172590.593976,62.248959,50.893609,7.889801,57.400000,65.289801
588,1170582.736698,1.943643,50.808850,1.394146,55.700000,57.094146
589,1168581.740569,0.000818,50.722046,0.028593,53.300000,53.328593
590,1166587.573822,0.027110,50.635771,0.164650,49.300000,49.135350
591,1164600.201639,0.102484,50.550054,0.320132,47.000000,46.679868
592,1162619.591333,1.341837,50.466054,1.158377,43.200000,44.358377
593,1160645.705701,0.953627,50.382032,0.976538,42.400000,43.376538
594,1158678.510419,0.489362,50.297824,0.699544,41.000000,40.300456
595,1156717.971546,0.036933,50.213043,0.192178,39.600000,39.407822
596,1154764.067762,6.931363,50.132671,2.632748,39.600000,42.232748
597,1152816.826130,49.779626,50.060028,7.055468,36.400000,43.455468
598,1150876.080019,13.636187,49.981968,3.692721,35.700000,39.392721
599,1148941.838294,2.253529,49.900488,1.501176,37.600000,39.101176
600,1147014.110465,16.052377,49.823485,4.006542,44.000000,39.993458
601,1145093.007082,115.390800,49.758022,10.742011,55.700000,44.957989
602,1143178.535548,239.029565,49.700668,15.460581,70.200000,54.739419
603,1141270.058477,0.770585,49.619161,0.877830,63.400000,64.277830
604,1139368.076278,80.738559,49.551438,8.985464,53.300000,62.285464
605,1137472.289237,0.064995,49.469414,0.254941,50.900000,50.645059
606,1135582.882710,49.559700,49.398933,7.039865,52.500000,45.460135
607,1133699.747554,52.384101,49.329014,7.237686,51.700000,44.462314
608,1131822.787706,15.999266,49.253966,3.999908,47.700000,43.700092
609,1129952.015527,5.618958,49.176472,2.370434,41.700000,44.070434
610,1128087.445049,22.306123,49.103117,4.722936,38.300000,43.022936
611,1126228.988447,4.287871,49.025633,2.070717,37.000000,39.070717
612,1124376.658388,12.312296,48.950770,3.508888,40.200000,36.691112
613,1122530.523774,80.678481,48.885140,8.982120,49.300000,40.317880
614,1120690.309967,0.101731,48.805523,0.318953,44.700000,44.381047
615,1118856.236782,71.593586,48.739494,8.461299,38.300000,46.761299
616,1117028.240802,122.696919,48.677953,11.076864,35.100000,46.176864
617,1115206.130225,74.457339,48.612620,8.628867,35.100000,43.728867
618,1113389.856649,14.154795,48.539574,3.762286,35.100000,38.862286
619,1111579.890300,260.551491,48.486895,16.141607,50.900000,34.758393
620,1109775.865362,300.528855,48.436325,17.335768,60.900000,43.564232
621,1107977.204654,2.208598,48.360230,1.486135,60.000000,58.513865
622,1106184.621107,160.572313,48.302482,12.671713,42.400000,55.071713
623,1104397.600175,18.664178,48.231428,4.320206,44.000000,48.320206
624,1102616.368737,34.108539,48.163055,5.840252,43.200000,49.040252
625,1100840.821924,1.798385,48.087658,1.341039,42.400000,41.058961
626,1099071.029256,29.781914,48.019120,5.457281,35.100000,40.557281
627,1097306.916537,28.805605,47.950658,5.367085,33.800000,39.167085
628,1095548.520721,67.927263,47.887022,8.241800,33.800000,42.041800
629,1093795.651811,5.452127,47.814138,2.334979,33.800000,36.134979
630,1092048.374472,0.037388,47.738067,0.193360,33.200000,33.006640
631,1090306.671057,0.333274,47.662850,0.577299,32.600000,33.177299
632,1088570.522624,5.454959,47.590673,2.335585,39.800000,37.464415
633,1086840.097829,133.326736,47.533370,11.546720,30.200000,41.746720
634,1085115.113002,99.657209,47.473766,9.982846,29.000000,38.982846
635,1083395.475257,23.695461,47.406244,4.867798,29.000000,33.867798
636,1081681.251270,5.915335,47.335083,2.432146,29.000000,31.432146
637,1079972.436119,1.260719,47.262077,1.122817,30.200000,29.077183
638,1078269.032244,14.379352,47.193513,3.792012,31.400000,27.607988
639,1076570.971552,0.493219,47.120298,0.702295,30.200000,30.902295
640,1074878.252925,1.924531,47.048391,1.387275,32.600000,31.212725
641,1073190.857041,7.074788,46.978707,2.659847,32.600000,29.940153
642,1071508.752402,8.097244,46.909533,2.845566,33.200000,30.354434
643,1069831.940600,26.011460,46.844104,5.100143,30.200000,35.300143
644,1068160.338399,6.531957,46.774903,2.555769,29.000000,31.555769
645,1066493.951365,6.249258,46.705831,2.499852,28.400000,30.899852
646,1064832.747553,1.104204,46.634717,1.050811,30.800000,29.749189
647,1063176.768646,38.310196,46.571817,6.189523,35.100000,28.910477
648,1061526.044042,110.123555,46.515795,10.493977,41.700000,31.206023
649,1059881.094455,533.560403,46.479490,23.098926,60.900000,37.801074
650,1058240.786011,241.839859,46.431613,15.551201,40.200000,55.751201
651,1056605.516041,221.115660,46.382832,14.869958,35.700000,50.569958
652,1054975.113426,104.621305,46.327038,10.228456,33.800000,44.028456
653,1053349.671246,63.138332,46.267899,7.945963,30.200000,38.145963
654,1051729.158685,16.506878,46.202968,4.062866,29.600000,33.662866
655,1050113.633768,22.437967,46.139272,4.736873,31.400000,26.663127
656,1048503.085411,36.104563,46.077722,6.008707,35.100000,29.091293
657,1046897.432819,11.943145,46.012452,3.455886,35.100000,31.644114
658,1045296.679744,4.921469,45.945488,2.218438,32.000000,29.781562
659,1043700.808002,0.688883,45.876610,0.829989,31.400000,32.229989
660,1042109.970638,111.497253,45.822772,10.559226,30.200000,40.759226
661,1040523.873426,44.102095,45.763135,6.640941,27.800000,34.440941
662,1038942.564202,22.404563,45.700779,4.733346,29.000000,33.733346
663,1037366.072753,34.698790,45.640369,5.890568,29.000000,34.890568
664,1035794.344990,25.749521,45.578906,5.074399,27.300000,32.374399
665,1034227.346161,8.118728,45.514262,2.849338,26.200000,29.049338
666,1032665.069658,0.301242,45.446338,0.548855,27.300000,26.751145
667,1031107.505756,0.203023,45.378472,0.450581,28.400000,28.850581
668,1029554.633949,0.625295,45.311321,0.790756,28.400000,29.190756
669,1028006.470910,26.213249,45.250883,5.119888,28.400000,33.519888
670,1026462.921406,2.501149,45.185313,1.581502,28.400000,29.981502
671,1024924.002697,4.142744,45.120621,2.035373,28.400000,30.435373
672,1023389.685345,0.011569,45.053236,0.107559,28.400000,28.507559
673,1021859.961924,4.716477,44.989138,2.171745,27.800000,29.971745
674,1020334.805240,4.983891,44.925322,2.232463,27.800000,30.032463
675,1018814.187213,0.109238,44.858862,0.330512,28.400000,28.730512
676,1017298.095591,0.617300,44.793277,0.785685,29.000000,29.785685
677,1015786.510392,1.256334,44.728385,1.120863,29.000000,30.120863
678,1014279.408749,0.002824,44.662101,0.053139,29.000000,28.946861
679,1012776.772634,0.031609,44.596198,0.177788,28.400000,28.222212
680,1011278.594290,8.212040,44.534467,2.865666,29.600000,26.734334
681,1009784.906595,52.024564,44.479339,7.212806,35.700000,28.487194
682,1008295.628392,54.285074,44.424602,7.367841,29.600000,36.967841
683,1006810.672451,10.544114,44.363958,3.247170,28.400000,31.647170
684,1005330.068683,0.110436,44.299205,0.332319,29.000000,28.667681
685,1003853.815636,1.743379,44.236094,1.320371,27.800000,29.120371
686,1002381.890354,0.773405,44.172521,0.879435,27.800000,28.679435
687,1000914.277392,2.237700,44.110037,1.495894,27.800000,26.304106
688,999450.954998,1.759471,44.047488,1.326450,28.400000,27.073550
689,997991.902559,0.034598,43.983457,0.186006,27.800000,27.986006
690,996537.106118,1.544122,43.921152,1.242627,27.800000,26.557373
691,995086.544332,1.159126,43.858788,1.076627,27.800000,26.723373
692,993640.198194,0.401560,43.795960,0.633688,27.300000,27.933688
693,992198.051576,1.177962,43.733971,1.085339,27.300000,26.214661
694,990760.084672,0.888060,43.671954,0.942369,27.800000,26.857631
695,989326.278526,0.037505,43.609034,0.193661,28.400000,28.206339
696,987896.616785,0.353919,43.546874,0.594911,27.800000,28.394911
697,986471.080593,0.035835,43.484309,0.189300,27.800000,27.610700
698,985049.652974,0.312585,43.422457,0.559093,27.800000,27.240907
699,983632.316167,0.572227,43.361068,0.756457,27.800000,27.043543
700,982219.068661,12.052048,43.303755,3.471606,32.000000,28.528394
701,980809.863279,2.917837,43.244077,1.708168,27.800000,29.508168
702,979404.693633,1.449843,43.183848,1.204094,27.800000,29.004094
703,978003.543217,0.553267,43.123133,0.743819,27.800000,27.056181
704,976606.396664,0.955590,43.062925,0.977543,28.400000,27.422457
705,975213.235381,0.337468,43.002323,0.580920,29.000000,28.419080
706,973824.043153,0.291512,42.941835,0.539919,28.400000,27.860081
707,972438.802912,0.153927,42.881309,0.392336,28.400000,28.007664
708,971057.498783,0.696096,42.821583,0.834324,27.800000,28.634324
709,969680.112354,0.066286,42.761209,0.257461,28.400000,28.657461
710,968306.628001,0.158689,42.701205,0.398357,28.400000,28.798357
711,966937.030087,0.902754,42.642151,0.950134,28.400000,29.350134
712,965571.300069,0.177836,42.582517,0.421706,28.400000,28.821706
713,964209.423132,0.551447,42.523505,0.742595,28.400000,29.142595
714,962851.384973,2.330129,42.465763,1.526476,27.800000,29.326476
715,961497.163832,0.153728,42.406587,0.392081,27.300000,27.692081
716,960146.746517,0.035483,42.347292,0.188369,26.700000,26.888369
717,958800.119088,1.390057,42.289552,1.179007,25.700000,26.879007
718,957457.262133,0.252921,42.231028,0.502912,25.200000,25.702912
719,956118.161393,0.233287,42.172639,0.482998,25.200000,25.682998
720,954782.802791,1.402104,42.115392,1.184105,25.200000,26.384105
721,953451.176476,6.734822,42.060273,2.595154,25.700000,28.295154
722,952123.258907,6.361925,42.005207,2.522286,25.700000,28.222286
723,950799.033531,5.213930,41.949961,2.283403,25.700000,27.983403
724,949478.491467,8.747367,41.895805,2.957595,25.700000,28.657595
725,948161.615874,11.189093,41.842336,3.345010,25.700000,29.045010
726,946848.391093,13.323521,41.789438,3.650140,25.200000,28.850140
727,945538.793444,9.291422,41.735854,3.048183,25.200000,28.248183
728,944232.812856,8.847205,41.682316,2.974425,24.600000,27.574425
729,942930.432805,7.276092,41.628544,2.697423,25.200000,27.897423
730,941631.631965,1.022800,41.572598,1.011336,26.200000,27.211336
731,940336.405372,1.898994,41.517309,1.378040,25.700000,27.078040
732,939044.734544,0.042721,41.460564,0.206690,25.700000,25.906690
733,937756.607430,0.068205,41.404049,0.261160,25.200000,24.938840
734,936472.009546,0.152537,41.347866,0.390559,25.700000,25.309441
735,935190.928913,2.066380,41.293269,1.437491,24.600000,26.037491
736,933913.353938,6.047541,41.240217,2.459175,25.200000,22.740825
737,932639.269423,9.404634,41.188139,3.066698,25.200000,22.133302
738,931368.649903,4.541332,41.134927,2.131040,25.200000,23.068960
739,930101.484924,2.390335,41.081065,1.546071,25.200000,23.653929
740,928837.761378,0.954916,41.026576,0.977198,24.600000,23.622802
741,927577.467423,1.116825,40.972343,1.056799,24.600000,23.543201
742,926320.589121,1.280614,40.918358,1.131642,24.600000,23.468358
743,925067.111792,0.843053,40.864231,0.918179,24.600000,23.681821
744,923817.021451,0.259639,40.809697,0.509548,24.600000,24.090452
745,922570.305072,0.184028,40.755203,0.428985,24.600000,24.171015
746,921326.948871,0.004217,40.700364,0.064939,24.100000,24.035061
747,920086.939546,0.020380,40.645778,0.142757,24.100000,23.957243
748,918850.263621,0.051561,40.591451,0.227070,24.100000,23.872930
749,917616.907894,0.246866,40.537633,0.496856,23.600000,24.096856
750,916386.861977,2.653504,40.485477,1.628958,22.500000,24.128958
751,915160.107591,1.336042,40.432827,1.155873,22.500000,23.655873
752,913936.632309,0.596546,40.379805,0.772364,22.000000,22.772364
753,912716.424811,1.216224,40.327365,1.102825,22.000000,23.102825
754,911499.471319,1.305501,40.275119,1.142585,22.000000,23.142585
755,910285.762863,4.420962,40.224290,2.102608,22.000000,24.102608
756,909075.291471,11.275918,40.175266,3.357963,22.000000,25.357963
757,907868.029869,7.305352,40.125502,2.702841,22.000000,24.702841
758,906663.965207,3.275204,40.074685,1.809752,22.500000,24.309752
759,905463.086037,0.191653,40.022186,0.437782,24.600000,24.162218
760,904265.383591,0.036821,39.969500,0.191887,24.600000,24.791887
761,903070.855641,7.725605,39.920372,2.779497,25.700000,22.920503
762,901879.470177,0.673365,39.868789,0.820588,25.700000,26.520588
763,900691.231100,6.011202,39.819491,2.451775,24.100000,26.551775
764,899506.111854,0.603724,39.768120,0.776997,24.600000,25.376997
765,898324.111240,3.644558,39.718371,1.909073,26.200000,24.290927
766,897145.208629,0.322231,39.666992,0.567654,25.700000,25.132346
767,895969.454914,45.124013,39.623808,6.717441,32.000000,25.282559
768,894796.763555,33.256663,39.579492,5.766859,26.200000,31.966859
769,893627.099939,4.097069,39.530400,2.024122,26.700000,28.724122
770,892460.485524,0.458097,39.479678,0.676829,25.700000,26.376829
771,891296.912984,0.346955,39.428973,0.589029,25.200000,24.610971
772,890136.370289,0.123509,39.378090,0.351439,25.200000,25.551439
773,888978.853502,5.961070,39.330059,2.441530,25.700000,23.258470
774,887824.335519,0.006710,39.279087,0.081914,24.100000,24.181914
775,886672.812487,0.077999,39.228503,0.279283,24.100000,24.379283
776,885524.274795,1.713929,39.179385,1.309171,24.600000,23.290829
777,884378.731928,19.638968,39.134433,4.431588,27.300000,22.868412
778,883236.177706,41.764092,39.092222,6.462514,32.000000,25.537486
779,882096.573538,42.947689,39.050236,6.553449,32.000000,25.446551
780,880959.855223,3.160943,39.002205,1.777904,30.800000,29.022096
781,879826.058805,0.037853,38.952259,0.194559,29.600000,29.405441
782,878695.181175,3.263189,38.904514,1.806430,29.600000,27.793570
783,877567.208937,4.807422,38.857387,2.192583,29.000000,26.807417
784,876442.123729,0.746834,38.808678,0.864196,27.800000,26.935804
785,875319.920318,1.260138,38.760424,1.122559,26.700000,25.577441
786,874200.588267,2.255755,38.712779,1.501917,26.700000,25.198083
787,873084.113417,0.781183,38.664466,0.883846,26.200000,25.316154
788,871970.485722,0.000698,38.615183,0.026418,25.200000,25.173582
789,870859.695668,0.292906,38.566681,0.541208,25.200000,24.658792
790,869751.732404,0.570664,38.518575,0.755423,25.200000,25.955423
791,868646.586220,1.685213,38.471281,1.298158,24.600000,25.898158
792,867544.244975,1.685272,38.424107,1.298180,25.200000,26.498180
793,866444.709452,10.716903,38.379556,3.273668,23.600000,26.873668
794,865347.949961,4.711795,38.333722,2.170667,24.100000,26.270667
795,864253.959002,1.101750,38.286587,1.049643,24.100000,25.149643
796,863162.730407,0.911848,38.239451,0.954908,24.100000,25.054908
797,862074.255686,2.276633,38.193132,1.508851,24.100000,25.608851
798,860988.531997,9.646291,38.148942,3.105848,25.700000,28.805848
799,859905.535966,6.687262,38.104209,2.585974,30.800000,28.214026
800,858825.791463,428.911771,38.082357,20.710185,50.900000,30.189815
801,857748.390386,137.132676,38.049268,11.710366,62.600000,50.889634
802,856673.524308,5.260182,38.004461,2.293509,53.300000,51.006491
803,855601.486423,115.254596,37.970332,10.735669,43.200000,53.935669
804,854532.392307,326.193894,37.945446,18.060839,59.100000,41.039161
805,853467.329291,1416.915978,37.945067,37.641944,85.800000,48.158056
806,852406.129860,2385.385737,37.958652,48.840411,116.000000,67.159589
807,851345.561813,769.988173,37.945937,27.748661,121.000000,93.251339
808,850287.877711,967.543659,37.937429,31.105364,78.800000,109.905364
809,849232.863636,1001.547503,37.929615,31.647235,57.400000,89.047235
810,848179.301537,61.811566,37.892310,7.862033,51.700000,59.562033
811,847128.280604,5.408904,37.848238,2.325705,47.700000,45.374295
812,846079.937174,66.789174,37.811510,8.172464,44.000000,35.827536
813,845034.305152,163.631601,37.780584,12.791857,40.200000,27.408143
814,843991.163717,89.742324,37.745636,9.473243,44.000000,34.526757
815,842951.020552,435.056942,37.724813,20.858019,60.900000,40.041981
816,841913.407094,408.892792,37.703257,20.221098,64.300000,44.078902
817,840878.087305,198.418788,37.674207,14.086120,69.000000,54.913880
818,839845.159361,74.740615,37.638545,8.645265,76.000000,67.354735
819,838814.682037,6.140330,37.595403,2.477969,69.000000,71.477969
820,837786.752515,24.192496,37.555358,4.918587,67.800000,72.718587
821,836761.459104,122.035700,37.522912,11.046977,78.800000,67.753023
822,835738.530390,5.770413,37.479977,2.402168,71.300000,68.897832
823,834718.125846,27.209551,37.440583,5.216277,64.300000,59.083723
824,833701.332673,947.723963,37.432467,30.785126,81.600000,50.814874
825,832692.755359,5659.357731,37.478504,75.228703,141.000000,65.771297
826,831680.615942,714.154278,37.465420,26.723665,141.000000,114.276335
827,830672.257272,1801.430728,37.471468,42.443265,90.000000,132.443265
828,829664.236001,62.730079,37.435605,7.920232,76.000000,83.920232
829,828658.663412,66.850066,37.400139,8.176189,69.000000,77.176189
830,827655.690852,203.328314,37.372124,14.259324,60.900000,75.159324
831,826654.909016,9.112551,37.330584,3.018700,59.100000,56.081300
832,825656.569921,30.138662,37.292129,5.489869,57.400000,51.910131
833,824660.617022,11.616445,37.251256,3.408291,57.400000,60.808291
834,823667.053511,2.903402,37.208428,1.703937,54.100000,55.803937
835,822675.883600,4.857288,37.166304,2.203926,52.500000,54.703926
836,821687.380516,241.317326,37.140305,15.534392,47.000000,62.534392
837,820701.283287,268.389302,37.115385,16.382591,43.200000,59.582591
838,819717.473558,203.968837,37.088007,14.281766,38.900000,53.181766
839,818737.173990,1167.334549,37.084508,34.166278,35.100000,69.266278
840,817759.052584,1027.678562,37.078495,32.057426,32.600000,64.657426
841,816782.042937,1.978012,37.035876,1.406418,33.800000,32.393582
842,815807.830610,392.112931,37.015310,19.801842,43.200000,23.398158
843,814836.015984,455.359331,36.996626,21.339150,52.500000,31.160850
844,813866.404891,362.697646,36.975254,19.044622,71.300000,52.255378
845,812898.815672,123.872292,36.944522,11.129793,73.700000,62.570207
846,811934.004846,528.099813,36.927938,22.980422,90.000000,67.019578
847,810971.984069,950.489613,36.920704,30.830012,96.400000,65.569988
848,810011.303602,157.670088,36.891837,12.556675,99.600000,87.043325
849,809052.972253,221.313526,36.865783,14.876610,116.000000,101.123390
850,808096.829287,156.023103,36.836972,12.490921,99.600000,112.090921
851,807143.077977,269.469865,36.812861,16.415537,94.800000,111.215537
852,806191.750442,417.328517,36.793540,20.428620,113.000000,92.571380
853,805243.002052,704.366803,36.781463,26.539910,76.000000,102.539910
854,804295.676384,16.184817,36.742924,4.023036,78.800000,82.823036
855,803350.689038,111.444790,36.712153,10.556741,81.600000,71.043259
856,802407.889281,85.295721,36.679903,9.235568,60.900000,70.135568
857,801467.854597,558.304336,36.664602,23.628465,47.700000,71.328465
858,800529.526371,135.549539,36.635303,11.642574,42.400000,54.042574
859,799593.334688,85.637043,36.603278,9.254028,40.200000,49.454028
860,798659.422637,164.619372,36.575506,12.830408,38.900000,51.730408
861,797727.515626,15.114060,36.537364,3.887681,42.400000,46.287681
862,796797.781174,15.356070,36.499346,3.918682,54.100000,50.181318
863,795870.507692,269.859940,36.475980,16.427414,57.400000,73.827414
864,794945.126251,42.468461,36.441143,6.516783,76.000000,69.483217
865,794021.845109,0.062688,36.399110,0.250376,72.500000,72.249624
866,793100.735457,25.324918,36.362722,5.032387,71.300000,76.332387
867,792181.744395,11.448917,36.324507,3.383625,71.300000,67.916375
868,791264.868525,0.993317,36.283619,0.996653,63.400000,62.403347
869,790350.236671,108.314887,36.253704,10.407444,57.400000,67.807444
870,789437.749834,136.635748,36.225338,11.689129,49.300000,60.989129
871,788527.256688,40.192374,36.190868,6.339746,46.200000,52.539746
872,787618.879226,55.619553,36.157766,7.457852,46.200000,53.657852
873,786712.578498,43.546649,36.123751,6.598988,50.100000,43.501012
874,785819.271153,9535.187895,36.194469,97.648287,143.000000,45.351713
875,784919.690373,2284.411631,36.207788,47.795519,134.000000,86.204481
876,784020.041834,426.164606,36.189939,20.643755,84.400000,105.043755
877,783122.087799,106.169308,36.160288,10.303849,76.000000,86.303849
878,782226.171825,91.526269,36.129860,9.566936,67.800000,77.366936
879,781332.334833,118.804413,36.101026,10.899744,62.600000,73.499744
880,780440.418213,13.375711,36.063990,3.657282,55.700000,52.042718
881,779550.550683,26.594419,36.028748,5.156978,51.700000,46.543022
882,778662.709677,26.147313,35.993537,5.113444,53.300000,58.413444
883,777777.096080,208.358038,35.969010,14.434613,62.600000,48.165387
884,776894.868852,1417.134877,35.970915,37.644852,84.400000,46.755148
885,776015.491795,2163.681653,35.982883,46.515392,113.000000,66.484608
886,775135.796105,123.893767,35.954706,11.130758,93.200000,82.069242
887,774257.957813,4.583799,35.916412,2.140981,78.800000,76.659019
888,773382.386540,252.952865,35.893774,15.904492,71.300000,87.204492
889,772509.201457,613.587878,35.881206,24.770706,59.100000,83.870706
890,771637.508761,189.473145,35.856244,13.764924,49.300000,63.064924
891,770767.584043,14.283486,35.820081,3.779350,44.000000,47.779350
892,769899.667291,57.508372,35.788283,7.583427,42.400000,49.983427
893,769034.353849,636.017274,35.776394,25.219383,47.000000,72.219383
894,768170.277879,6.740655,35.739113,2.596277,48.500000,51.096277
895,767308.247790,101.468350,35.710307,10.073150,44.700000,54.773150
896,766448.129404,82.647705,35.680465,9.091078,43.200000,52.291078
897,765589.853849,8.059108,35.643688,2.838857,40.200000,43.038857
898,764733.509204,17.741018,35.608530,4.212009,41.000000,45.212009
899,763879.060542,1.956456,35.570307,1.398734,49.300000,47.901266
900,763026.525069,7.276897,35.533618,2.697572,53.300000,50.602428
901,762176.129268,221.491569,35.510596,14.882593,65.500000,50.617407
902,761327.423832,38.647319,35.477975,6.216697,67.800000,61.583303
903,760480.588380,22.352748,35.443770,4.727869,59.100000,63.827869
904,759635.716291,95.708377,35.415258,9.783066,54.100000,63.883066
905,758792.626277,11.613649,35.379734,3.407880,52.500000,55.907880
906,757951.408046,13.782291,35.344626,3.712451,50.900000,54.612451
907,757112.041279,3.216965,35.307471,1.793590,50.900000,52.693590
908,756274.646042,106.747269,35.279843,10.331857,61.700000,51.368143
909,755439.062968,71.964325,35.250233,8.483179,66.600000,58.116821
910,754605.347094,92.480924,35.221940,9.616700,73.700000,64.083300
911,753773.376571,8.082847,35.186241,2.843035,66.600000,69.443035
912,752943.384846,140.890124,35.160562,11.869715,57.400000,69.269715
913,752115.148572,76.611291,35.131511,8.752788,52.500000,61.252788
914,751288.771193,111.734045,35.104521,10.570433,45.400000,55.970433
915,750464.184280,90.093098,35.076406,9.491738,44.700000,54.191738
916,749641.319788,11.767503,35.041706,3.430379,47.700000,51.130379
917,748820.249604,4.242228,35.005581,2.059667,50.900000,48.840333
918,748000.986327,13.614363,34.971319,3.689765,54.100000,50.410235
919,747183.514426,14.197191,34.937217,3.767916,56.600000,52.832084
920,746367.893955,75.162943,34.908540,8.669656,48.400000,57.069656
921,745554.032144,56.612887,34.878677,7.524154,43.200000,50.724154
922,744741.889793,7.354092,34.843637,2.711843,38.900000,41.611843
923,743931.518870,11.011303,34.809333,3.318328,37.600000,40.918328
924,743122.903706,5.567955,34.774062,2.359651,38.300000,40.659651
925,742316.039507,0.976839,34.737378,0.988352,38.300000,39.288352
926,741510.934847,9.542431,34.703052,3.089083,37.600000,40.689083
927,740707.564390,0.003057,34.665514,0.055288,40.200000,40.255288
928,739905.934430,1.481483,34.629315,1.217162,44.700000,43.482838
929,739106.087299,47.338088,34.599316,6.880268,55.700000,48.819732
930,738307.931513,13.829769,34.565967,3.718840,60.900000,57.181160
931,737511.484699,1.735348,34.530101,1.317326,59.100000,57.782674
932,736716.753796,1.206801,34.494075,1.098545,55.700000,56.798545
933,735923.732560,0.025277,34.457116,0.158986,54.900000,54.741014
934,735132.430762,13.060058,34.423951,3.613870,50.100000,53.713870
935,734342.830082,14.197870,34.391023,3.768006,53.300000,49.531994
936,733554.908753,0.151811,34.354541,0.389629,49.300000,48.910371
937,732768.682958,6.242005,34.320397,2.498400,46.200000,48.698400
938,731984.146648,11.768950,34.287325,3.430590,44.700000,48.130590
939,731201.278995,2.891377,34.252472,1.700405,43.200000,44.900405
940,730420.081050,0.002707,34.215933,0.052029,41.000000,40.947971
941,729640.551742,1.118978,34.180546,1.057818,41.000000,39.942182
942,728862.705240,20.532549,34.148937,4.531286,44.000000,39.468714
943,728086.498063,4.166956,34.114743,2.041312,41.000000,43.041312
944,727311.991097,49.949425,34.085970,7.067491,37.000000,44.067491
945,726539.098687,20.233517,34.054527,4.498168,33.800000,38.298168
946,725767.863905,35.933999,34.024739,5.994497,32.600000,38.594497
947,724998.257591,29.109658,33.994379,5.395337,32.000000,37.395337
948,724230.293788,40.427282,33.965104,6.358245,31.400000,37.758245
949,723463.994972,77.912814,33.938502,8.826824,30.200000,39.026824
950,722699.284786,48.159548,33.909962,6.939708,30.800000,37.739708
951,721936.145869,6.729911,33.876894,2.594207,32.000000,34.594207
952,721174.628772,17.938193,33.845627,4.235350,30.800000,35.035350
953,720414.698995,1.270196,33.811150,1.127030,33.800000,34.927030
954,719656.374874,6.783752,33.778301,2.604564,38.300000,35.695436
955,718899.675412,35.186616,33.749019,5.931831,44.000000,38.068169
956,718144.583933,52.587572,33.721186,7.251729,49.300000,42.048271
957,717391.025444,3.343575,33.687720,1.828544,49.300000,47.471456
958,716639.080059,35.128210,33.658621,5.926906,53.300000,47.373094
959,715888.673607,0.919199,33.624380,0.958749,49.300000,50.258749
960,715139.909232,69.930732,33.597956,8.362460,40.200000,48.562460
961,714392.671824,33.709758,33.568915,5.806011,35.700000,41.506011
962,713646.962203,2.854677,33.535638,1.689579,33.200000,34.889579
963,712902.804831,0.042915,33.500885,0.207160,32.600000,32.392840
964,712160.199215,1.413715,33.467227,1.188998,32.000000,30.811002
965,711419.139077,1.405688,33.433635,1.185617,31.400000,30.214383
966,710679.643848,24.729465,33.404050,4.972873,35.700000,30.727127
967,709941.658920,0.157989,33.369775,0.397478,33.800000,33.402522
968,709205.206844,1.857382,33.336573,1.362858,31.400000,32.762858
969,708470.281049,1.814566,33.303423,1.347058,30.800000,32.147058
970,707736.875642,0.657916,33.269787,0.811120,30.800000,31.611120
971,707005.004676,17.652187,33.239727,4.201451,27.800000,32.001451
972,706274.630970,3.256544,33.207253,1.804590,29.000000,30.804590
973,705545.763030,1.597128,33.174287,1.263775,29.000000,30.263775
974,704818.413319,16.544116,33.144280,4.067446,27.800000,31.867446
975,704092.547777,2.971473,33.111921,1.723796,29.000000,30.723796
976,703368.173425,0.677939,33.078703,0.823371,28.400000,29.223371
977,702645.295281,7.739444,33.047565,2.781986,28.400000,31.181986
978,701923.898436,4.767750,33.015877,2.183518,27.800000,29.983518
979,701203.977039,0.536447,32.982766,0.732425,27.800000,28.532425
980,700485.538712,8.169730,32.951901,2.858274,26.700000,29.558274
981,699768.563463,0.720841,32.919042,0.849024,27.300000,28.149024
982,699053.053912,0.222372,32.885865,0.471563,27.800000,27.328437
983,698339.006442,0.580981,32.853052,0.762221,27.800000,27.037779
984,697626.415936,0.310042,32.820097,0.556814,27.800000,27.243186
985,696915.277922,0.024847,32.786802,0.157628,27.800000,27.957628
986,696205.589067,0.821706,32.754337,0.906480,28.400000,29.306480
987,695497.343323,0.023026,32.721170,0.151743,28.400000,28.248257
988,694790.537607,0.519156,32.688650,0.720524,28.400000,27.679476
989,694085.167006,0.495292,32.656178,0.703770,27.800000,27.096230
990,693381.226722,0.046606,32.623277,0.215884,27.800000,27.584116
991,692678.717109,4.238959,32.592310,2.058873,27.800000,25.741127
992,691977.626057,0.757855,32.560203,0.870549,26.700000,25.829451
993,691277.953496,1.463605,32.528504,1.209795,26.700000,25.490205
994,690579.698820,5.824213,32.498084,2.413341,27.800000,25.386659
995,689882.853255,5.743830,32.467709,2.396629,28.400000,26.003371
996,689187.472663,65.306045,32.443126,8.081216,33.800000,25.718784
997,688493.454794,27.728489,32.415757,5.265785,41.000000,35.734215
998,687800.808725,3.262470,32.384963,1.806231,38.300000,40.106231
999,687109.685228,132.928876,32.364003,11.529479,29.000000,40.529479
1000,686419.824534,8.433888,32.334424,2.904116,29.000000,31.904116
1001,685731.341145,1.886005,32.303370,1.373319,29.600000,28.226681
1002,685044.236429,0.834032,32.271917,0.913254,29.000000,28.086746
1003,684358.510612,4.145156,32.241651,2.035966,28.400000,26.364034
1004,683674.152153,0.051789,32.209637,0.227571,28.400000,28.172429
1005,682991.166767,5.781047,32.179861,2.404381,27.300000,29.704381
1006,682309.555981,17.159056,32.151880,4.142349,32.000000,27.857651
1007,681629.289676,2.452310,32.121385,1.565985,29.000000,27.434015
1008,680950.377330,1.294132,32.090525,1.137599,28.400000,29.537599
1009,680272.819400,4.657708,32.060742,2.158172,27.800000,29.958172
1010,679596.606122,2.261756,32.030367,1.503914,26.700000,28.203914
1011,678921.771911,38.555648,32.004726,6.209319,24.600000,30.809319
1012,678248.241925,3.546492,31.974843,1.883213,29.600000,27.716787
1013,677576.165180,122.806109,31.954136,11.081792,37.600000,26.518208
1014,676905.311412,13.858812,31.926185,3.722743,31.400000,27.677257
1015,676235.771864,0.829108,31.895506,0.910554,29.600000,28.689446
1016,675567.554711,0.012705,31.864100,0.112715,28.400000,28.512715
1017,674900.657016,0.189424,31.833075,0.435228,29.000000,28.564772
1018,674235.133271,59.579424,31.809294,7.718771,35.700000,27.981229
1019,673571.511413,658.947831,31.803245,25.669979,54.100000,28.430021
1020,672909.169698,632.328974,31.796693,25.146152,29.000000,54.146152
1021,672247.575606,67.977569,31.773535,8.244851,29.000000,37.244851
1022,671587.229218,14.952859,31.746121,3.866893,30.200000,26.333107
1023,670928.165873,1.680808,31.716239,1.296460,28.400000,29.696460
1024,670270.394326,1.187918,31.686214,1.089917,27.800000,28.889917
1025,669613.912647,2.599753,31.656758,1.612375,28.400000,26.787625
1026,668958.714728,1.640021,31.627036,1.280633,26.700000,27.980633
1027,668304.806492,10.588731,31.599301,3.254033,27.300000,30.554033
1028,667652.168689,3.696673,31.570320,1.922673,27.300000,25.377327
1029,667000.801937,1.247683,31.540609,1.116997,26.700000,25.583003
1030,666350.743885,41.240598,31.516127,6.421884,26.200000,32.621884
1031,665701.913404,1.839767,31.486760,1.356380,26.200000,24.843620
1032,665054.349096,5.804820,31.458475,2.409319,26.200000,28.609319
1033,664408.062392,25.330491,31.432794,5.032941,26.200000,31.232941
1034,663763.009532,3.616972,31.404123,1.901834,25.700000,27.601834
1035,663119.217291,13.209095,31.377189,3.634432,24.600000,28.234432
1036,662476.661930,2.084568,31.348183,1.443803,24.600000,26.043803
1037,661835.349237,0.650487,31.318617,0.806528,26.200000,25.393472
1038,661195.276555,0.195938,31.288757,0.442649,26.700000,27.142649
1039,660556.442342,1.866341,31.259846,1.366141,26.700000,28.066141
1040,659918.840201,0.624396,31.230435,0.790187,26.700000,27.490187
1041,659282.468059,0.928083,31.201248,0.963370,26.200000,27.163370
1042,658647.321866,0.720087,31.172006,0.848579,26.200000,27.048579
1043,658013.398269,0.704442,31.142812,0.839310,25.700000,26.539310
1044,657380.693354,0.287278,31.113383,0.535983,25.700000,26.235983
1045,656749.205116,1.436927,31.084646,1.198719,24.600000,25.798719
1046,656118.927572,0.004213,31.054877,0.064907,25.200000,25.135093
1047,655489.859187,0.602287,31.025846,0.776072,25.700000,24.923928
1048,654861.995455,0.122504,30.996463,0.350005,25.200000,24.849995
1049,654235.334460,1.256450,30.967874,1.120915,25.700000,24.579085
1050,653609.873036,2.685063,30.939835,1.638616,26.200000,24.561384
1051,652985.603818,0.001859,30.910325,0.043121,25.200000,25.243121
1052,652362.526829,0.919170,30.881745,0.958733,26.200000,25.241267
1053,651740.636915,0.006209,30.852381,0.078799,25.200000,25.121201
1054,651119.931547,0.000549,30.823020,0.023436,25.200000,25.176564
1055,650500.407411,0.065158,30.793936,0.255260,25.200000,24.944740
1056,649882.061016,0.000133,30.764675,0.011541,24.600000,24.588459
1057,649264.889074,0.005931,30.735532,0.077015,24.600000,24.677015
1058,648648.888336,0.111107,30.706687,0.333327,24.600000,24.266673
1059,648034.055514,0.260649,30.678065,0.510538,24.600000,24.089462
1060,647420.387079,0.188986,30.649426,0.434725,24.600000,24.165275
1061,646807.879880,0.277599,30.620928,0.526877,24.600000,24.073123
1062,646196.530686,0.432214,30.592607,0.657430,24.600000,23.942570
1063,645586.335788,0.134357,30.564065,0.366547,24.600000,24.233453
1064,644977.292437,0.383169,30.535815,0.619006,24.600000,23.980994
1065,644369.399634,3.028735,30.508675,1.740326,24.600000,26.340326
1066,643762.650707,2.039212,30.481292,1.428010,24.600000,26.028010
1067,643157.042332,0.947277,30.453533,0.973282,24.600000,25.573282
1068,642552.572099,0.714444,30.425705,0.845248,24.600000,25.445248
1069,641949.236776,0.453689,30.397769,0.673565,24.600000,25.273565
1070,641347.033302,0.333930,30.369795,0.577866,24.600000,25.177866
1071,640745.958379,0.090290,30.341614,0.300483,24.600000,24.900483
1072,640146.009569,0.629282,30.313947,0.793273,24.600000,25.393273
1073,639547.183019,0.426992,30.286201,0.653446,24.600000,25.253446
1074,638949.475506,0.144913,30.258252,0.380674,24.600000,24.980674
1075,638352.887535,3.757999,30.231810,1.938556,25.700000,23.761444