# TEST CONFIGURATION BEGIN
# File Stream: filename: mean_daily_flow_cumecs_jokulsa_e.csv  -  n_targets: 1
# [mean_daily_flow_cumecs_jokulsa_e_ADE_HOMO_HATREE_SIZE_8_OFFLINE_BATCH_100] Pipeline: Array BaseStreamModel: base_models: [<skmultiflow.trees.regression_hoeffding_adaptive_tree.RegressionHAT object at 0x7f2287228a58>, <skmultiflow.trees.regression_hoeffding_adaptive_tree.RegressionHAT object at 0x7f2287228a90>, <skmultiflow.trees.regression_hoeffding_adaptive_tree.RegressionHAT object at 0x7f2287228ac8>, <skmultiflow.trees.regression_hoeffding_adaptive_tree.RegressionHAT object at 0x7f2287228b00>, <skmultiflow.trees.regression_hoeffding_adaptive_tree.RegressionHAT object at 0x7f2287228b38>, <skmultiflow.trees.regression_hoeffding_adaptive_tree.RegressionHAT object at 0x7f2287228b70>, <skmultiflow.trees.regression_hoeffding_adaptive_tree.RegressionHAT object at 0x7f2287228ba8>, <skmultiflow.trees.regression_hoeffding_adaptive_tree.RegressionHAT object at 0x7f2287228be0>]
 Array MetaStreamModel: base_models: [<skmultiflow.trees.regression_hoeffding_tree.RegressionHoeffdingTree object at 0x7f2287228898>, <skmultiflow.trees.regression_hoeffding_tree.RegressionHoeffdingTree object at 0x7f22872288d0>, <skmultiflow.trees.regression_hoeffding_tree.RegressionHoeffdingTree object at 0x7f2287228908>, <skmultiflow.trees.regression_hoeffding_tree.RegressionHoeffdingTree object at 0x7f2287228940>, <skmultiflow.trees.regression_hoeffding_tree.RegressionHoeffdingTree object at 0x7f2287228978>, <skmultiflow.trees.regression_hoeffding_tree.RegressionHoeffdingTree object at 0x7f22872289b0>, <skmultiflow.trees.regression_hoeffding_tree.RegressionHoeffdingTree object at 0x7f22872289e8>, <skmultiflow.trees.regression_hoeffding_tree.RegressionHoeffdingTree object at 0x7f2287228a20>]
# Prequential Evaluator: n_wait: 1 - max_samples: 600000 - max_time: 10000000 - output_file: mean_daily_flow_cumecs_jokulsa_e_ADE_HOMO_HATREE_SIZE_8_OFFLINE_BATCH_100_SIZE_8 - batch_size: 1 - pretrain_size: 5 - task_type: regression - show_plot: False - metrics: ['mean_square_error', 'mean_absolute_error', 'true_vs_predicted']
# TEST CONFIGURATION END
id,global_mse_[mean_daily_flow_cumecs_jokulsa_e_ADE_HOMO_HATREE_SIZE_8_OFFLINE_BATCH_100],sliding_mse_[mean_daily_flow_cumecs_jokulsa_e_ADE_HOMO_HATREE_SIZE_8_OFFLINE_BATCH_100],global_mae_[mean_daily_flow_cumecs_jokulsa_e_ADE_HOMO_HATREE_SIZE_8_OFFLINE_BATCH_100],sliding_mae_[mean_daily_flow_cumecs_jokulsa_e_ADE_HOMO_HATREE_SIZE_8_OFFLINE_BATCH_100],true_value_[mean_daily_flow_cumecs_jokulsa_e_ADE_HOMO_HATREE_SIZE_8_OFFLINE_BATCH_100],predicted_value_[mean_daily_flow_cumecs_jokulsa_e_ADE_HOMO_HATREE_SIZE_8_OFFLINE_BATCH_100]
5,28838499563.133568,28838499563.133568,169819.020028,169819.020028,25.700000,169844.720028
6,14419249781.751066,0.368565,84909.813562,0.607095,26.200000,25.592905
7,9612833188.013178,0.537399,56606.786733,0.733075,26.700000,25.966925
8,7209624891.116476,0.426371,42455.253292,0.652971,28.400000,27.747029
9,5767699913.772848,4.398339,33964.622078,2.097222,29.000000,31.097222
10,4806416595.014910,1.225215,28304.036214,1.106895,27.800000,26.693105
11,4119785652.877068,0.050012,24260.634417,0.223635,27.300000,27.076365
12,3604812446.578706,2.490174,21228.252369,1.578029,26.700000,25.121971
13,3204277730.734147,3.977671,18869.779262,1.994410,26.700000,24.705590
14,2883849957.718143,0.574106,16982.877106,0.757698,25.700000,26.457698
15,2621681780.276026,5.854865,15439.199158,2.419683,26.200000,28.619683
16,2403208298.637380,0.612268,14152.664435,0.782476,26.200000,26.982476
17,2218346121.925120,1.377998,13064.088238,1.173882,25.700000,24.526118
18,2059892827.510856,0.125422,12130.964375,0.354150,25.700000,25.345850
19,1922566639.034089,0.359353,11322.273381,0.599461,25.700000,25.100539
20,1802406224.094470,0.000186,10614.632147,0.013636,25.700000,25.686364
21,1696382328.612751,0.905253,9990.297988,0.951448,25.700000,26.651448
22,1602138866.008773,1.741135,9435.354740,1.319521,25.700000,27.019521
23,1517815767.823874,0.495705,8938.794178,0.704063,25.700000,26.404063
24,1441924979.433074,0.007878,8491.858907,0.088757,25.200000,25.111243
25,1373261885.189638,0.320907,8087.511649,0.566487,25.200000,24.633513
26,1310840890.410020,0.038040,7719.906348,0.195039,25.200000,25.395039
27,1253847808.238424,0.463311,7384.287840,0.680670,24.600000,25.280670
28,1201604149.598079,0.870144,7076.648048,0.932815,25.200000,26.132815
29,1153539983.617680,0.088113,6793.593999,0.296839,25.700000,25.996839
30,1109173061.174906,0.105565,6532.314419,0.324908,26.700000,26.375092
31,1068092577.439866,0.328812,6290.398086,0.573421,26.200000,26.773421
32,1029946414.035331,2.112872,6065.792924,1.453572,25.700000,27.153572
33,994431020.471910,0.696126,5856.656422,0.834342,26.700000,27.534342
34,961283319.790880,0.041027,5661.441293,0.202552,26.700000,26.497448
35,930274180.442803,0.000474,5478.814857,0.021783,26.700000,26.678217
36,901203112.317981,0.448526,5307.622821,0.669721,26.700000,27.369721
37,873893927.154732,1.930743,5146.827873,1.389512,25.700000,27.089512
38,848191164.602164,0.367426,4995.468410,0.606157,25.700000,26.306157
39,823957131.332941,0.179356,4852.752842,0.423505,25.200000,25.623505
40,801069433.250890,0.379096,4717.971255,0.615708,25.200000,25.815708
41,779418908.043142,0.564217,4590.478819,0.751144,25.200000,25.951144
42,758907884.188146,1.553312,4469.709543,1.246320,24.600000,25.846320
43,739448707.747381,2.998288,4355.146005,1.731557,24.600000,26.331557
44,720962490.066468,0.510891,4246.285224,0.714767,24.600000,25.314767
45,703378039.090686,0.059406,4142.723236,0.243734,24.600000,24.843734
46,686630942.922810,0.039871,4044.091723,0.199679,24.600000,24.799679
47,670662781.472982,0.580209,3950.060793,0.761715,24.600000,25.361715
48,655420445.654188,5.446035,3860.339722,2.333674,23.600000,25.933674
49,640855546.871035,0.412334,3774.568664,0.642133,24.100000,24.742133
50,626923904.553450,0.262115,3692.523953,0.511972,24.100000,24.611972
51,613585098.076581,0.140601,3613.967592,0.374968,24.600000,24.225032
52,600802075.203517,0.169529,3538.685178,0.411739,24.100000,24.511739
53,588540808.367192,0.223592,3466.476764,0.472855,24.600000,25.072855
54,576769992.200370,0.026068,3397.150458,0.161457,24.600000,24.761457
55,565460776.737656,3.601942,3330.576878,1.897878,25.700000,23.802122
56,554586531.224073,10.031349,3266.588230,3.167231,28.400000,25.232769
57,544122634.874313,24.686789,3205.048237,4.968580,31.400000,26.431420
58,534046289.921274,7.410216,3145.745903,2.722171,30.200000,27.477829
59,524336357.387981,0.590145,3088.564490,0.768209,29.000000,28.231791
60,514973208.153560,0.260389,3033.420665,0.510283,28.400000,27.889717
61,505938590.565533,5.636061,2980.244408,2.374039,27.800000,25.425961
62,497215511.418385,0.030912,2928.863915,0.175820,26.700000,26.524180
63,488788129.897563,1.689878,2879.244187,1.299953,26.700000,27.999953
64,480641661.074115,0.490704,2831.268459,0.700503,27.800000,28.500503
65,472762289.600853,1.205126,2784.872218,1.097782,26.700000,25.602218
66,465137091.430436,3.035008,2739.983023,1.742128,26.200000,24.457872
67,457753963.001317,0.395962,2696.501218,0.629256,25.200000,24.570744
68,450601557.346054,1.064472,2654.384507,1.031733,25.200000,24.168267
69,443669225.694912,0.021812,2613.550094,0.147689,25.200000,25.347689
70,436946964.735934,2.402373,2573.974335,1.549959,24.600000,26.149959
71,430425368.279971,2.186433,2535.578877,1.478659,25.200000,26.678659
72,424095583.486736,2.339965,2498.313448,1.529694,25.200000,23.670306
73,417949270.770800,6.087159,2462.141763,2.467217,24.100000,21.632783
74,411978566.929485,1.878737,2426.987890,1.370670,24.100000,22.729330
75,406176051.918974,1.183190,2392.820283,1.087746,24.600000,23.512254
76,400534717.869855,0.382405,2359.595256,0.618389,24.100000,23.481611
77,395047940.955325,3.109176,2327.296188,1.763286,24.100000,25.863286
78,389709455.345332,5.815822,2295.878829,2.411602,24.100000,26.511602
79,384513329.297518,1.759332,2265.284797,1.326398,24.100000,25.426398
80,379453943.387789,0.158113,2235.483650,0.397635,23.600000,23.997635
81,374525970.110493,1.035990,2206.464613,1.017836,23.600000,24.617836
82,369724355.134369,1.972832,2178.194613,1.404575,23.600000,25.004575
83,365044300.017087,0.869079,2150.634330,0.932244,23.600000,24.532244
84,360481246.303573,2.935936,2123.772819,1.713457,23.600000,25.313457
85,356030860.565340,1.506706,2097.568555,1.227480,23.600000,24.827480
86,351689020.827409,2.055007,2072.005933,1.433529,23.600000,25.033529
87,347451803.709181,0.014499,2047.043457,0.120413,24.100000,24.220413
88,343315472.712661,0.001529,2022.674357,0.039108,24.100000,24.060892
89,339276467.160493,0.778358,1998.888568,0.882246,24.100000,24.982246
90,335331391.962771,0.156363,1975.650276,0.395428,25.200000,24.804572
91,331477008.147459,0.030658,1952.943664,0.175095,25.200000,25.375095
92,327710223.973511,0.840067,1930.761538,0.916552,26.700000,25.783448
93,324028086.760381,12.004913,1909.106519,3.464811,30.200000,26.735189
94,320427776.633164,175.310796,1888.041341,13.240498,41.700000,28.459502
95,316906593.769706,136.058536,1867.421814,11.664413,51.700000,40.035587
96,313461957.133403,23.229798,1847.176139,4.819730,44.000000,48.819730
97,310091399.668895,112.934214,1827.428300,10.627051,41.000000,51.627051
98,306792555.025524,3.191958,1808.006579,1.786605,35.700000,33.913395
99,303563160.328671,58.824560,1789.055665,7.669717,30.800000,23.130283
100,300401044.250479,16.822147,1770.462392,4.101481,27.800000,31.901481
101,297304126.985158,69.514371,1752.296157,8.337528,29.000000,37.337528
102,294270411.407337,0.358714,1734.421695,0.598928,29.000000,29.598928
103,291297984.249213,122.753110,1717.014197,11.079400,28.400000,17.320600
104,288385004.703156,29.643445,1699.898501,5.444579,27.800000,22.355421
105,285529708.844926,123.021909,1683.177640,11.091524,34.400000,23.308476
106,282730401.702286,380.295650,1666.867086,19.501170,47.000000,27.498830
107,279985446.939572,61.142739,1650.759827,7.819382,59.100000,51.280618
108,277293286.713414,783.419234,1635.156267,27.989627,101.000000,73.010373
109,274652403.837941,584.788693,1619.813659,24.182405,103.000000,127.182405
110,272061356.459610,1381.734883,1604.883074,37.171695,90.000000,52.828305
111,269518749.978612,2462.992827,1590.347985,49.628549,113.000000,63.371451
112,267023209.710925,401.068349,1575.807973,20.026691,121.000000,100.973309
113,264573459.806864,470.168281,1561.549950,21.683364,104.000000,125.683364
114,262168248.491348,215.100179,1547.487371,14.666294,94.800000,109.466294
115,259806412.191253,4419.180717,1534.144934,66.476919,77.400000,143.876919
116,257486721.867866,1095.972000,1520.742796,33.105468,83.000000,49.894532
117,255208078.722921,46.489040,1507.345234,6.818287,81.600000,74.781713
118,252969436.711834,2889.459038,1494.594431,53.753689,80.200000,133.953689
119,250769732.657248,3470.434446,1482.110222,58.910393,81.600000,140.510393
120,248607941.642622,1974.960621,1469.716518,44.440529,90.000000,134.440529
121,246483103.919928,1928.087405,1457.530137,43.909992,103.000000,146.909992
122,244394265.950650,223.545093,1445.304894,14.951424,111.000000,96.048576
123,242340535.787764,376.567293,1433.322545,19.405342,109.000000,128.405342
124,240321093.380258,7446.886930,1422.097318,86.295347,103.000000,16.704653
125,238334978.715436,1218.936890,1410.632987,34.913277,99.600000,64.686723
126,236381413.648116,40.502403,1399.122587,6.364150,91.600000,97.964150
127,234459648.293974,4275.088563,1388.279185,65.384161,66.600000,1.215839
128,232568876.473076,3942.502724,1377.589751,62.789352,59.100000,-3.689352
129,230708327.988738,315.930784,1366.711229,17.774442,52.500000,70.274442
130,228877312.823240,417.135981,1356.026409,20.423907,51.700000,31.276093
131,227075129.437609,22.848125,1345.386673,4.779971,53.300000,48.520029
132,225301107.028759,261.104756,1335.002080,16.158736,52.500000,68.658736
133,223554589.665025,367.107134,1324.801754,19.160040,52.500000,71.660040
134,221834942.134632,410.713830,1314.766864,20.266076,58.300000,78.566076
135,220141547.874497,294.057024,1304.861377,17.148091,64.300000,81.448091
136,218473809.526478,85.935970,1295.046292,9.270166,67.800000,77.070166
137,216831149.607769,40.338247,1285.356856,6.351240,78.800000,72.448760
138,215213006.876122,23.566972,1275.800868,4.854583,66.600000,71.454583
139,213618836.465820,1.485359,1266.359519,1.218753,55.700000,54.481247
140,212048111.938762,300.785959,1257.175576,17.343182,57.400000,40.056818
141,210500324.872675,1283.884900,1248.260654,35.831340,63.400000,27.568660
142,208974968.726494,1176.699575,1239.463860,34.303055,67.800000,33.496945
143,207471553.496796,251.798600,1230.661013,15.868163,69.000000,53.131837
144,205989614.461626,88.572906,1221.937801,9.411318,70.200000,60.788682
145,204528700.611329,761.569747,1213.467296,27.596553,84.400000,56.803447
146,203088357.649735,0.064980,1204.923547,0.254913,90.000000,90.254913
147,201668159.403179,8.392223,1196.517766,2.896933,78.800000,81.696933
148,200267693.593214,1082.768210,1188.437125,32.905443,60.000000,92.905443
149,198886544.939102,1138.746997,1180.473733,33.745326,48.500000,82.245326
150,197524309.863185,223.855201,1172.490775,14.961791,42.400000,57.361791
151,196180607.079873,0.716409,1164.520405,0.846410,41.700000,40.853590
152,194855063.464209,151.961540,1156.735316,12.327268,40.200000,52.527268
153,193547311.371393,1.634579,1148.980573,1.278507,45.400000,44.121493
154,192256995.991537,4.393013,1141.334675,2.095952,50.900000,48.804048
155,190983770.863375,1.639157,1133.784646,1.280296,54.100000,55.380296
156,189727298.812055,19.062760,1126.354261,4.366092,50.100000,54.466092
157,188487251.826502,110.022422,1119.061025,10.489157,50.900000,61.389157
158,187263309.792499,178.590013,1111.881173,13.363757,52.500000,65.863757
159,186055160.085596,105.222434,1104.773925,10.257799,54.900000,65.157799
160,184862498.936656,20.851036,1097.721312,4.566293,59.100000,63.666293
161,183685031.384438,93.238436,1090.790960,9.656005,61.700000,52.043995
162,182522470.339599,386.299888,1084.011615,19.654513,63.400000,43.745487
163,181374532.385028,335.562743,1077.309142,18.318372,63.400000,45.081628
164,180240943.559558,320.309937,1070.687817,17.897205,65.500000,47.602795
165,179121434.715064,19.595935,1064.065078,4.426730,58.300000,53.873270
166,178015746.900759,8.797672,1057.515084,2.966087,58.300000,55.333913
167,176923625.755765,0.266715,1051.030430,0.516445,60.900000,60.383555
168,175844823.211965,8.572640,1044.639561,2.927907,66.600000,63.672093
169,174779097.030093,3.203036,1038.319258,1.789703,74.800000,76.589703
170,173726211.745617,139.807146,1032.135552,11.824007,73.700000,85.524007
171,172685936.541272,252.619903,1026.050273,15.894021,70.200000,86.094021
172,171658045.847332,299.959454,1020.045923,17.319338,65.500000,82.819338
173,170642318.437050,113.509679,1014.073190,10.654092,61.700000,72.354092
174,169638540.155604,10.591209,1008.127197,3.254414,61.700000,64.954414
175,168646501.956063,8.034035,1002.248292,2.834437,67.800000,64.965563
176,167665999.469106,74.199478,996.471348,8.613912,60.000000,68.613912
177,166696831.857217,2.612269,990.720741,1.616252,62.600000,60.983748
178,165738804.243855,27.132328,985.056879,5.208870,61.700000,56.491130
179,164791726.083476,126.177519,979.492171,11.232877,61.700000,50.467123
180,163855410.195440,129.789103,973.991604,11.392502,63.400000,52.007498
181,162929673.449079,6.089444,968.502769,2.467680,60.900000,58.432320
182,162014338.714773,90.742626,963.115258,9.525892,60.000000,69.525892
183,161109230.807584,23.328071,957.761709,4.829914,58.300000,63.129914
184,160214179.812358,51.666856,952.480743,7.187966,54.900000,62.087966
185,159329018.613780,2.869769,947.227778,1.694039,53.300000,54.994039
186,158453585.183044,134.219789,942.086886,11.585326,63.400000,51.814674
187,157587719.032369,79.609533,936.987626,8.922417,64.300000,55.377583
188,156731267.045322,553.415692,932.023154,23.524789,77.400000,53.875211
189,155884071.037159,5.535163,926.997909,2.352693,85.800000,83.447307
190,155045985.747208,207.106188,922.091421,14.391184,67.800000,82.191184
191,154216863.833672,187.915969,917.233757,13.708245,57.400000,71.108245
192,153396562.143033,145.993602,912.419124,12.082781,54.100000,66.182781
193,152584940.123304,0.414236,907.594915,0.643612,52.500000,51.856388
194,151781861.713845,42.326178,902.852341,6.505857,51.700000,45.194143
195,150987192.620159,64.819834,898.167517,8.051077,46.200000,54.251077
196,150200801.322410,63.452337,893.531050,7.965698,43.200000,51.165698
197,149422558.828633,0.023413,888.902148,0.153012,41.000000,41.153012
198,148652339.487895,6.725480,884.333546,2.593353,39.600000,37.006647
199,147890019.843631,8.856385,879.813763,2.975968,37.000000,39.975968
200,147135479.584760,129.105009,875.382889,11.362439,36.400000,47.762439
201,146388600.663960,332.187021,871.031839,18.225999,35.700000,53.925999
202,145649265.362052,210.886156,866.706031,14.521920,35.700000,50.221920
203,144917360.110985,120.399720,862.405864,10.972681,36.400000,47.372681
204,144192773.322093,2.332624,858.101471,1.527293,38.900000,40.427293
205,143475398.410979,416.188218,853.933805,20.400692,53.300000,32.899308
206,142765125.002122,169.821858,849.770923,13.031572,58.300000,45.268428
207,142061849.024262,101.496525,845.634488,10.074548,57.400000,47.325452
208,141365467.412168,0.157131,841.491164,0.396398,50.100000,50.496398
209,140675879.767697,0.295590,837.388981,0.543682,45.400000,44.856318
210,139992987.150130,0.548873,833.327582,0.740860,41.000000,41.740860
211,139316692.781165,52.774384,829.336940,7.264598,41.000000,33.735402
212,138646901.055909,13.928002,825.367685,3.732024,40.200000,36.467976
213,137983518.843712,18.706563,821.439252,4.325108,37.600000,41.925108
214,137326454.559897,19.242681,817.548525,4.386648,46.200000,41.813352
215,136675618.458629,37.192353,813.702791,6.098553,45.400000,39.301447
216,136030922.331931,39.598670,809.894253,6.292747,45.400000,39.107253
217,135392279.674944,36.393592,806.120255,6.032710,39.600000,45.632710
218,134759605.706441,50.415363,802.386517,7.100378,40.200000,47.300378
219,134132816.967191,26.767668,798.678551,5.173748,46.200000,51.373748
220,133511831.740959,8.101181,794.994142,2.846257,47.700000,50.546257
221,132896570.308387,100.872701,791.376858,10.043540,59.100000,49.056460
222,132286953.041087,6.037027,787.757960,2.457036,58.300000,55.842964
223,131682903.040473,2.906624,784.168677,1.704883,48.500000,50.204883
224,131084345.335139,207.866993,780.669808,14.417593,56.600000,42.182407
225,130491204.473499,214.912629,777.203700,14.659899,56.600000,41.940101
226,129903406.256180,0.228707,773.704937,0.478234,44.700000,45.178234
227,129320879.784451,3.060566,770.243253,1.749447,50.900000,52.649447
228,128743554.627640,44.658778,766.834500,6.682722,58.300000,51.617278
229,128171361.369619,71.572961,763.463947,8.460080,44.700000,53.160080
230,127604232.147601,157.193569,760.141265,12.537686,38.900000,51.437686
231,127042100.689869,391.242471,756.879761,19.779850,36.400000,56.179850
232,126484899.171218,154.437534,753.614618,12.427290,34.400000,46.827290
233,125932563.462777,21.938047,750.344178,4.683807,34.400000,39.083807
234,125385030.689910,25.703568,747.103855,5.069869,34.400000,39.469869
235,124842238.439802,20.914863,743.889437,4.573277,34.400000,38.973277
236,124304125.410543,15.651790,740.700070,3.956234,34.400000,38.356234
237,123770631.706706,92.416342,737.562358,9.613342,41.700000,32.086658
238,123241698.428852,244.688972,734.477231,15.642537,47.700000,32.057463
239,122717265.678611,2.122136,731.357995,1.456755,44.000000,42.543245
240,122197277.270110,1.272505,728.263800,1.128054,38.300000,37.171946
241,121681676.953129,2.145464,725.197138,1.464741,39.600000,38.135259
242,121170409.415806,3.070295,722.157453,1.752226,37.000000,38.752226
243,120663420.786166,126.931874,719.183014,11.266405,37.600000,26.333595
244,120160656.765332,55.786033,716.217538,7.469005,38.900000,31.430995
245,119662064.933871,25.383249,713.266587,5.038179,36.400000,41.438179
246,119167593.670107,19.103058,710.337265,4.370705,37.600000,41.970705
247,118677192.214439,39.942670,707.440075,6.320021,44.000000,37.679979
248,118190814.090340,929.934239,704.665709,30.494823,41.000000,71.494823
249,117708402.829208,55.113117,701.819824,7.423821,38.900000,46.323821
250,117229913.512883,31.013212,698.989536,5.568951,39.600000,45.168951
251,116755298.646701,41.565915,696.185720,6.447163,38.900000,45.347163
252,116284511.401378,61.806640,693.410220,7.861720,37.000000,44.861720
253,115817505.633596,75.223587,690.660272,8.673153,35.700000,44.373153
254,115354236.170399,139.834443,687.944932,11.825161,34.400000,46.225161
255,114894658.677748,285.514981,685.271435,16.897189,32.000000,48.897189
256,114438728.189091,175.536222,682.604679,13.249008,33.200000,46.449008
257,113986401.240674,10.239588,679.919285,3.199936,32.000000,28.800064
258,113537635.882406,0.240460,677.244368,0.490368,34.400000,34.890368
259,113092390.384387,33.887544,674.611336,5.821301,41.700000,35.878699
260,112650623.253843,4.965276,671.984840,2.228290,36.400000,38.628290
261,112212294.252297,69.856323,669.402634,8.358010,33.800000,42.158010
262,111777363.005410,32.555543,666.830166,5.705747,32.600000,38.305747
263,111345790.213776,9.972133,664.267725,3.157869,32.000000,28.842131
264,110917537.175526,0.268988,661.714843,0.518640,29.000000,29.518640
265,110492565.933025,42.882607,659.204627,6.548481,35.700000,29.151519
266,110070838.916278,87.545271,656.724291,9.356563,38.900000,29.543437
267,109652318.617471,0.330221,654.229426,0.574649,33.200000,32.625351
268,109236969.479141,146.098205,651.797069,12.087109,32.000000,44.087109
269,108824754.695835,51.903139,649.364643,7.204383,35.700000,42.904383
270,108415642.370076,876.043937,647.034694,29.598039,33.800000,63.398039
271,108009606.247766,3997.713154,644.848150,63.227472,34.400000,97.627472
272,107606599.251802,3731.329606,642.669928,61.084610,32.600000,93.684610
273,107206580.729955,1616.874941,640.430301,40.210383,30.800000,71.010383
274,106809520.825700,406.580928,638.133018,20.163852,30.800000,50.963852
275,106415389.774735,6.014252,635.787333,2.452397,28.400000,30.852397
276,106024156.724093,0.000133,633.449922,0.011537,28.400000,28.388463
277,105635789.916334,18.205969,631.145222,4.266845,27.800000,23.533155
278,105250258.019067,50.065149,628.867596,7.075673,27.800000,20.724327
279,104867529.948777,38.689173,626.603423,6.220062,27.800000,21.579938
280,104487575.161153,8.564610,624.343724,2.926536,25.700000,22.773464
281,104110363.702365,1.076803,622.093522,1.037691,22.000000,20.962309
282,103735866.321682,91.872610,619.890254,9.585020,28.400000,18.814980
283,103364053.377731,54.959418,617.694997,7.413462,30.200000,22.786538
284,102994896.271350,63.590893,615.517423,7.974390,29.600000,21.625610
285,102628366.443519,14.651022,613.340591,3.827665,29.000000,25.172335
286,102264436.159119,26.242747,611.183790,5.122768,28.400000,23.277232
287,101903077.788146,17.173736,609.038774,4.144121,26.700000,22.555879
288,101544264.407243,77.611649,606.925291,8.809747,27.300000,18.490253
289,101187968.789174,13.257632,604.808505,3.641103,27.300000,23.658897
290,100834164.850617,42.361826,602.716547,6.508596,27.300000,20.791404
291,100482826.411641,32.864359,600.636464,5.732744,27.800000,22.067256
292,100133927.829785,34.837206,598.571415,5.902305,26.700000,20.797695
293,99787443.727613,22.302202,596.516574,4.722521,26.700000,21.977479
294,99443349.109451,4.460394,594.466903,2.111965,26.700000,28.811965
295,99101619.397852,3.034332,592.430048,1.741934,26.700000,24.958066
296,98762230.297478,2.088699,590.406127,1.445233,26.200000,27.645233
297,98425157.862762,6.925595,588.400071,2.631653,26.200000,28.831653
298,98090378.422521,2.431881,586.404014,1.559449,26.200000,24.640551
299,97757868.711144,13.566282,584.428690,3.683243,26.200000,22.516757
300,97427605.679825,11.440815,582.465696,3.382427,26.200000,22.817573
301,97099566.638843,10.508112,580.515446,3.241622,26.200000,29.441622
302,96773729.168654,0.522507,578.569834,0.722846,26.700000,25.977154
303,96450071.230992,5.807833,576.642877,2.409945,27.800000,30.209945
304,96128571.009089,4.660095,574.727930,2.158725,27.800000,25.641275
305,95809207.001548,4.739060,572.825767,2.176938,27.800000,25.623062
306,95491957.979252,2.268227,570.933980,1.506063,27.800000,26.293937
307,95176803.003223,0.242340,569.051334,0.492280,27.800000,28.292280
308,94863721.425982,3.522042,567.185628,1.876710,27.800000,29.676710
309,94552692.849265,5.527362,565.333712,2.351034,27.800000,30.151034
310,94243697.138337,5.305276,563.493743,2.303318,27.800000,30.103318
311,93936714.440859,9.012465,561.668037,3.002077,27.800000,30.802077
312,93631725.408200,92.381908,559.875646,9.611551,27.800000,37.411551
313,93328710.384659,83.134033,558.093258,9.117787,27.800000,36.917787
314,93027650.269030,74.539726,556.320808,8.633639,27.800000,36.433639
315,92728526.224342,72.371011,554.559349,8.507115,27.800000,36.307115
316,92431319.824661,129.524076,552.818392,11.380864,27.800000,39.180864
317,92136012.379584,89.515284,551.082427,9.461252,27.800000,37.261252
318,91842585.745172,49.174481,549.349720,7.012452,27.800000,34.812452
319,91551022.028461,14.981242,547.618040,3.870561,27.800000,31.670561
320,91261303.605625,0.412106,545.887103,0.641955,27.800000,28.441955
321,90973413.065401,2.354735,544.169903,1.534515,27.800000,26.265485
322,90687342.706766,3039.019350,542.632033,55.127301,27.800000,82.927301
323,90403056.509554,45.796295,540.952206,6.767296,26.700000,19.932704
324,90120547.818320,275.314648,539.313582,16.592608,26.700000,43.292608
325,89839798.934492,156.109439,537.672401,12.494376,26.700000,14.205624
326,89560793.569143,71.292017,536.028833,8.443460,26.700000,18.256540
327,89283515.645841,24.342708,534.384576,4.933833,26.700000,21.766167
328,89007949.265096,8.284313,532.744124,2.878248,26.700000,23.821752
329,88734078.657042,1.647558,531.108861,1.283572,26.700000,25.416428
330,88461888.232749,0.337480,529.481475,0.580931,26.700000,26.119069
331,88191362.580994,0.109152,527.863276,0.330383,26.700000,27.030383
332,87922486.490708,4.967122,526.260731,2.228704,29.600000,27.371296
333,87655244.935440,14.807605,524.672851,3.848065,34.400000,38.248065
334,87389622.981093,0.000637,523.083010,0.025253,34.400000,34.425253
335,87125606.021220,9.263298,521.511894,3.043567,28.400000,31.443567
336,86863179.536923,13.234495,519.952032,3.637925,28.400000,32.037925
337,86602329.276570,42.839469,518.410270,6.545187,27.800000,21.254813
338,86343041.204944,113.353354,516.890020,10.646753,29.000000,18.353247
339,86085300.963208,60.223630,515.370230,7.760389,29.600000,21.839611
340,85829094.850442,47.073880,513.856810,6.861041,30.800000,23.938959
341,85574409.213102,35.066723,512.349584,5.921716,30.200000,24.278284
342,85321230.614444,42.866658,510.853127,6.547263,29.600000,23.052737
343,85069545.644168,25.691023,509.361138,5.068631,29.600000,24.531369
344,84819341.208365,37.471117,507.881021,6.121366,29.600000,23.478634
345,84570604.159732,7.624528,506.399731,2.761255,27.800000,25.038745
346,84323321.697310,2.011391,504.923177,1.418235,28.400000,26.981765
347,84077481.111736,0.845458,503.453778,0.919488,27.300000,26.380512
348,83833069.884754,19.029844,502.002931,4.362321,27.800000,23.437679
349,83590075.597357,40.732734,500.566349,6.382220,27.300000,20.917780
350,83348486.041342,89.216108,499.146925,9.445428,30.200000,20.754572
351,83108288.953493,96.557944,497.736779,9.826390,34.400000,24.573610
352,82869472.516090,168.737169,496.343828,12.989887,38.300000,25.310113
353,82632024.290989,41.955674,494.940199,6.477320,38.300000,31.822680
354,82395933.067593,96.102664,493.554094,9.803197,45.400000,35.596803
355,82161187.761028,330.463250,492.199748,18.178648,70.200000,52.021352
356,81927775.955728,232.295125,490.844752,15.241231,59.100000,74.341231
357,81695686.651888,251.700369,489.499200,15.865068,41.700000,57.565068
358,81464908.857456,347.422893,488.169088,18.639284,37.600000,56.239284
359,81235430.241697,0.263073,486.795408,0.512907,35.100000,34.587093
360,81007241.080145,88.729018,485.454465,9.419608,34.400000,24.980392
361,80780330.122483,29.194875,484.109784,5.403228,33.800000,28.396772
362,80554686.884461,50.910809,482.777452,7.135181,31.400000,38.535181
363,80330300.570358,0.121374,481.433639,0.348388,31.400000,31.748388
364,80107160.882391,12.902102,480.106301,3.591950,31.400000,27.808050
365,79885257.394810,1.865936,478.780150,1.365993,30.800000,29.434007
366,79664579.955516,24.370356,477.471190,4.936634,30.200000,25.263366
367,79445118.320059,6.284611,476.162749,2.506913,29.600000,32.106913
368,79226862.668188,61.038849,474.876073,7.812736,29.600000,37.412736
369,79009802.885831,42.108042,473.592821,6.489071,29.000000,35.489071
370,78793929.128316,7.635352,472.306401,2.763214,28.400000,25.636786
371,78579232.465337,253.815086,471.062873,15.931575,27.300000,11.368425
372,78365702.290014,127.946338,469.813548,11.311337,27.300000,15.988663
373,78153329.161456,17.852132,468.551791,4.225178,29.000000,24.774822
374,77942104.370469,156.496332,467.319245,12.509849,28.400000,15.890151
375,77732018.025450,70.368164,466.082235,8.388573,27.800000,19.411427
376,77523061.025688,14.114069,464.839425,3.756870,27.300000,23.543130
377,77315224.537209,50.823074,463.612320,7.129030,27.800000,34.929030
378,77108499.649881,116.676571,462.401596,10.801693,25.200000,36.001693
379,76902877.073974,33.684702,461.184002,5.803852,27.800000,33.603852
380,76698348.154046,3.181091,459.962192,1.783561,27.300000,25.516439
381,76494904.466869,78.088116,458.765573,8.836748,27.300000,18.463252
382,76292537.191461,74.362962,457.574721,8.623396,27.300000,18.676604
383,76091237.922855,114.389803,456.395620,10.695317,27.300000,16.604683
384,75890998.025263,76.837748,455.217646,8.765714,25.700000,16.934286
385,75691809.311058,97.913345,454.048821,9.895117,25.700000,15.804883
386,75493663.443694,87.977950,452.884765,9.379656,25.700000,16.320344
387,75296552.321982,103.827944,451.728903,10.189600,26.200000,16.010400
388,75100467.703104,58.672598,450.572473,7.659804,25.200000,17.540196
389,74905401.777715,86.428530,449.426302,9.296695,25.700000,16.403305
390,74711346.542935,81.152787,448.285324,9.008484,25.700000,16.691516
391,74518294.203936,91.350168,447.151661,9.557728,25.700000,16.142272
392,74326237.027354,109.690262,446.026201,10.473312,26.700000,16.226688
393,74135167.147698,53.841133,444.898467,7.337652,26.700000,19.362348
394,73945077.032976,22.405974,443.769839,4.733495,25.700000,20.966505
395,73755959.235182,18.095586,442.645757,4.253891,25.700000,21.446109
396,73567806.317984,15.693486,441.526664,3.961501,26.200000,22.238499
397,73380610.938761,22.283513,440.415198,4.720542,26.200000,30.920542
398,73194365.733345,0.004623,439.297566,0.067997,25.700000,25.632003
399,73009063.546223,1.820048,438.188836,1.349091,25.700000,27.049091
400,72824697.228134,1.583351,437.085476,1.258313,24.600000,25.858313
401,72641259.704436,0.319876,435.985929,0.565576,25.700000,26.265576
402,72458743.976535,0.000004,434.890493,0.002168,25.700000,25.702168
403,72277143.252831,55.218272,433.819166,7.430900,25.700000,33.130900
404,72096450.411528,6.731876,432.741104,2.594586,25.200000,27.794586
405,71916658.773003,3.362781,431.666522,1.833789,25.200000,27.033789
406,71737761.614295,0.972430,430.595178,0.986119,25.200000,24.213881
407,71559752.283441,1.280373,429.529511,1.131536,24.600000,23.468464
408,71382624.204775,8.502124,428.473537,2.915840,25.200000,22.284160
409,71206370.835632,9.702040,427.423268,3.114810,24.600000,21.485190
410,71030985.698961,5.347249,426.376197,2.312412,24.600000,22.287588
411,70856462.418716,10.639002,425.336604,3.261748,25.200000,21.938252
412,70682794.648644,12.229297,424.302684,3.497041,25.700000,22.202959
413,70509976.087505,3.142959,423.269603,1.772839,24.600000,22.827161
414,70338000.546197,4.151221,422.242208,2.037455,24.600000,22.562545
415,70166861.926011,27.649569,421.227648,5.258286,26.700000,21.441714
416,69996554.045099,14.990274,420.214649,3.871728,26.700000,30.571728
417,69827070.870134,2.784901,419.201220,1.668802,26.200000,24.531198
418,69658406.469991,9.210576,418.195988,3.034893,26.200000,23.165107
419,69490554.933410,18.789207,417.198732,4.334652,26.700000,22.365348
420,69323510.384633,22.641864,416.207288,4.758347,27.300000,22.541653
421,69157266.982175,11.559881,415.217343,3.399983,27.300000,23.900017
422,68991818.993947,7.902970,414.230725,2.811222,28.400000,25.588778
423,68827160.717891,1.326475,413.244856,1.151727,29.600000,28.448273
424,68663286.541323,6.559181,412.267038,2.561090,29.000000,31.561090
425,68500190.973130,52.332214,411.304965,7.234101,29.600000,36.834101
426,68337868.352580,45.100890,410.346222,6.715720,30.800000,37.515720
427,68176313.326982,92.524719,409.398876,9.618977,29.600000,39.218977
428,68015520.450075,133.518243,408.460565,11.555009,27.300000,38.855009
429,67855484.152884,94.143838,407.522312,9.702775,27.300000,37.002775
430,67696199.032299,22.783832,406.576892,4.773241,26.200000,30.973241
431,67537659.940892,7.001476,405.630918,2.646030,25.200000,27.846030
432,67379861.679095,3.891963,404.687791,1.972806,25.700000,27.672806
433,67222799.082269,7.640355,403.750906,2.764119,25.200000,27.964119
434,67066467.020557,12.546307,402.820188,3.542077,23.600000,27.142077
435,66910860.394030,10.987374,401.893261,3.314721,24.600000,27.914721
436,66755974.147699,1.979203,400.966209,1.406842,24.600000,26.006842
437,66601803.327738,9.104273,400.047159,3.017329,24.100000,27.117329
438,66448343.000996,21.521802,399.136080,4.639160,24.100000,28.739160
439,66295588.224869,15.385657,398.227543,3.922456,24.100000,28.022456
440,66143534.168894,19.820184,397.324388,4.451987,24.100000,28.551987
441,65992176.003658,15.960403,396.424321,3.995047,24.100000,28.095047
442,65841508.963535,12.429864,395.527292,3.525601,24.100000,27.625601
443,65691528.342649,16.394846,394.635542,4.049055,24.100000,28.149055
444,65542229.456949,18.634477,393.748454,4.316767,24.100000,28.416767
445,65393607.632364,4.814812,392.860576,2.194268,25.200000,27.394268
446,65245658.296014,0.965887,391.973975,0.982796,24.600000,25.582796
447,65098376.936699,16.119399,391.098221,4.014897,26.200000,22.185103
448,64951759.067905,43.192184,390.232171,6.572076,27.800000,21.227924
449,64805800.326340,119.071407,389.379766,10.911985,32.000000,21.088015
450,64660495.950405,48.659148,388.522357,6.975611,38.300000,31.324389
451,64515841.600142,1.383179,387.655811,1.176086,36.400000,37.576086
452,64371833.030364,2.339468,386.793922,1.529532,35.700000,37.229532
453,64228465.994481,33.918938,385.945437,5.823997,44.700000,38.876003
454,64085736.585685,232.036308,385.121631,15.232738,58.300000,43.067262
455,63943640.244450,286.688738,384.305245,16.931885,67.800000,50.868115
456,63802172.021485,3.464114,383.459130,1.861213,64.300000,66.161213
457,63661328.536867,73.489458,382.631566,8.572599,64.300000,72.872599
458,63521105.546372,90.852336,381.809760,9.531649,60.000000,69.531649
459,63381498.722224,0.559023,380.972261,0.747679,60.900000,61.647679
460,63242504.359708,69.414639,380.155067,8.331545,55.700000,64.031545
461,63104118.612220,217.758003,379.355508,14.756626,49.300000,64.056626
462,62966337.660408,442.682155,378.573159,21.040013,41.700000,62.740013
463,62829156.563386,214.127508,377.780262,14.633096,35.100000,49.733096
464,62692571.561021,55.475448,376.975192,7.448184,33.200000,40.648184
465,62556579.010987,5.995409,376.162770,2.448552,32.600000,35.048552
466,62421175.254180,43.366062,375.362818,6.585291,30.800000,37.385291
467,62286356.672094,171.748369,374.580405,13.105280,30.200000,43.305280
468,62152119.406223,265.307839,373.808223,16.288273,29.600000,45.888273
469,62018459.220391,132.994597,373.029135,11.532328,29.600000,41.132328
470,61885372.508217,51.347207,372.244021,7.165697,29.600000,36.765697
471,61752855.743572,43.418664,371.461034,6.589284,29.600000,36.189284
472,61620905.233521,17.039864,370.676134,4.127937,32.000000,36.127937
473,61489517.396333,9.592372,369.892384,3.097156,30.200000,33.297156
474,61358688.701829,30.979352,369.117221,5.565910,29.600000,35.165910
475,61228415.691749,100.954094,368.354865,10.047591,27.300000,37.347591
476,61098694.473657,0.752594,367.576290,0.867522,28.400000,29.267522
477,60969521.759867,0.851020,366.801124,0.922508,27.800000,28.722508
478,60840894.078258,0.677070,366.029018,0.822843,26.200000,27.022843
479,60712807.985499,0.017681,365.258710,0.132971,27.300000,27.167029
480,60585260.097389,13.245254,364.499006,3.639403,27.800000,24.160597
481,60458247.609786,303.510910,363.771380,17.421565,40.200000,22.778435
482,60331767.633582,818.983938,363.070222,28.617895,60.900000,32.282105
483,60205814.256503,100.013016,362.333125,10.000651,56.600000,46.599349
484,60080385.477447,0.309363,361.579423,0.556205,46.200000,46.756205
485,59955478.233310,1.047572,360.829827,1.023510,45.400000,46.423510
486,59831089.549775,132.769671,360.105123,11.522572,47.700000,36.177428
487,59707216.397539,357.019529,359.398684,18.894960,51.700000,32.805040
488,59583854.731214,169.896244,358.683055,13.034425,53.300000,40.265575
489,59461001.426484,1.937411,357.946372,1.391909,50.900000,49.508091
490,59338653.795346,52.693443,357.224793,7.259025,51.700000,44.440975
491,59216809.435087,450.348882,356.534848,21.221425,59.100000,37.878575
492,59095464.026640,250.113371,355.836651,15.814973,55.700000,39.885027
493,58974614.469637,30.651876,355.120291,5.536414,53.300000,47.763586
494,58854258.161602,23.532722,354.405456,4.851054,51.700000,56.551054
495,58734392.093094,18.524078,353.692418,4.303961,50.900000,55.203961
496,58615013.714160,229.657644,353.004333,15.154460,38.900000,54.054460
497,58496119.240627,38.262039,352.300847,6.185632,37.600000,43.785632
498,58377706.082171,18.963484,351.596502,4.354708,37.600000,33.245292
499,58259771.557439,116.340130,350.907996,10.786108,38.300000,27.513892
500,58142312.499105,78.623576,350.218398,8.866994,42.400000,33.533006
501,58025326.573741,307.593207,349.549021,17.538335,47.700000,30.161665
502,57908810.006910,76.291807,348.864655,8.734518,47.000000,38.265482
503,57792760.372195,42.284304,348.178559,6.502638,48.500000,41.997362
504,57677174.896311,22.430205,347.491674,4.736054,49.300000,44.563946
505,57562050.811925,8.618685,346.803937,2.935760,47.700000,44.764240
506,57447385.379570,3.769815,346.116960,1.941601,41.700000,43.641601
507,57333175.868871,1.498057,345.431288,1.223951,38.900000,37.676049
508,57219419.573905,3.205863,344.749461,1.790493,37.000000,35.209507
509,57106113.844655,26.302794,344.076945,5.128625,35.100000,29.971375
510,56993256.070885,80.316820,343.414662,8.961965,34.400000,25.438035
511,56880843.496107,80.658385,342.755030,8.981001,36.400000,27.418999
512,56768873.919996,298.831890,342.114344,17.286755,49.300000,32.013245
513,56657345.317131,815.061834,341.498303,28.549288,65.500000,36.950712
514,56546255.249813,1410.984590,340.902352,37.563075,87.200000,49.636925
515,56435599.332639,1081.574107,340.299582,32.887294,109.000000,76.112706
516,56325374.110371,285.531571,339.667938,16.897679,113.000000,96.102321
517,56215578.159476,51.301352,339.019779,7.162496,98.000000,105.162496
518,56106209.511323,93.008488,338.378971,9.644091,109.000000,99.355909
519,55997267.214938,926.873234,337.781040,30.444593,127.000000,96.555407
520,55888746.109342,376.727378,337.164041,19.409466,125.000000,105.590534
521,55780644.358398,140.871183,336.534843,11.868917,115.000000,126.868917
522,55672960.000131,146.776402,335.908550,12.115131,115.000000,127.115131
523,55565690.686774,186.367395,335.287631,13.651644,91.600000,105.251644
524,55458833.721712,68.854904,334.658805,8.297886,87.200000,78.902114
525,55352386.828214,2.209199,334.019318,1.486338,85.800000,87.286338
526,55246348.526688,393.431385,333.417433,19.835105,71.300000,91.135105
527,55140716.211730,647.803798,332.828589,25.451990,70.200000,95.651990
528,55035486.785147,496.682448,332.235951,22.286374,63.400000,85.686374
529,54930657.358953,38.032891,331.614867,6.167081,61.700000,67.867081
530,54826226.452910,0.780286,330.986100,0.883338,61.700000,60.816662
531,54722191.941238,38.802248,330.369863,6.229145,60.900000,54.670855
532,54618551.426205,0.003753,329.744279,0.061264,60.900000,60.961264
533,54515302.837307,47.899125,329.134027,6.920919,63.400000,70.320919
534,54412443.777681,1.235333,328.515116,1.111455,62.600000,61.488545
535,54309972.708350,305.962854,327.929385,17.491794,66.600000,49.108206
536,54207886.496772,108.148830,327.332524,10.399463,76.000000,65.600537
537,54106184.082402,499.637576,326.760329,22.352574,90.000000,67.647426
538,54004865.154116,1876.378008,326.229537,43.317179,116.000000,72.682821
539,53903921.482639,0.913922,325.621549,0.955993,111.000000,110.044007
540,53803355.251644,421.669199,325.052357,20.534585,132.000000,111.465415
541,53703162.798172,7.737139,324.452225,2.781571,123.000000,120.218429
542,53603342.820004,14.543920,323.856242,3.813649,113.000000,116.813649
543,53503894.216485,545.523293,323.298729,23.356440,98.000000,121.356440
544,53404812.968113,20.095633,322.708329,4.482815,87.200000,91.682815
545,53306098.145823,94.108785,322.129757,9.700968,78.800000,88.500968
546,53207747.438027,14.520749,321.542452,3.810610,69.000000,65.189390
547,53109759.242631,157.337869,320.973393,12.543439,63.400000,75.943439
548,53012131.010368,0.891622,320.385104,0.944258,61.700000,60.755742
549,52914861.045235,0.012698,319.797449,0.112687,62.600000,62.487313
550,52817947.479456,54.129895,319.225214,7.357302,62.600000,69.957302
551,52721388.615517,248.905044,318.670464,15.776725,64.300000,80.076725
552,52625181.872890,93.655891,318.106608,9.677597,76.000000,85.677597
553,52529325.567463,70.193480,317.542440,8.378155,84.400000,92.778155
554,52433817.784009,44.667742,316.977241,6.683393,84.400000,91.083393
555,52338656.854435,145.588549,316.423863,12.066008,84.400000,96.466008
556,52243840.747450,165.798646,315.873958,12.876282,66.600000,79.476282
557,52149367.257718,0.925812,315.304498,0.962192,54.900000,55.862192
558,52055234.834129,4.589647,314.739223,2.142346,52.500000,54.642346
559,51961442.023140,224.734856,314.199136,14.991159,52.500000,37.508841
560,51867986.286107,52.233204,313.647029,7.227254,55.700000,48.472746
561,51774866.050926,15.290234,313.090948,3.910273,55.700000,51.789727
562,51682079.598849,25.791634,312.538955,5.078546,59.100000,54.021454
563,51589625.375012,168.474154,312.003071,12.979759,64.300000,51.320241
564,51497501.150973,59.913290,311.459744,7.740368,47.700000,55.440368
565,51405705.611249,203.365587,310.929978,14.260631,44.000000,58.260631
566,51314236.915602,298.657791,310.407472,17.281718,41.700000,58.981718
567,51223092.887602,149.151538,309.877819,12.212761,41.700000,53.912761
568,51132271.865693,36.531163,309.339107,6.044102,43.200000,49.244102
569,51041772.284257,8.354064,308.796719,2.890340,41.700000,44.590340
570,50951592.481807,4.097753,308.254719,2.024291,47.700000,45.675709
571,50861731.293166,298.521939,307.741532,17.277787,52.500000,35.222213
572,50772186.099564,61.327604,307.213521,7.831194,54.900000,47.068806
573,50682955.544451,0.239950,306.674463,0.489847,57.400000,56.910153
574,50594038.089173,6.036362,306.140748,2.456901,54.900000,57.356901
575,50505432.509670,252.192548,305.632412,15.880571,45.400000,61.280571
576,50417136.449950,86.350163,305.114335,9.292479,41.700000,50.992479
577,50329148.433958,3.286626,304.585013,1.812906,40.200000,42.012906
578,50241467.017684,15.492395,304.061234,3.936038,40.200000,36.263962
579,50154090.653023,57.337862,303.545601,7.572177,38.900000,31.327823
580,50067017.581328,1.356367,303.020634,1.164632,39.600000,40.764632
581,49980246.363505,24.897679,302.504116,4.989757,46.200000,41.210243
582,49893776.527991,681.436552,302.025916,26.104340,64.300000,38.195660
583,49807604.336576,77.698694,301.519506,8.814686,67.800000,58.985314
584,49721729.159939,1.886752,301.002013,1.373591,63.400000,64.773591
585,49636149.753767,94.174388,300.500640,9.704349,61.700000,71.404349
586,49550864.274668,0.918164,299.985963,0.958209,65.500000,64.541791
587,49465871.379828,6.582453,299.475808,2.565629,57.400000,59.965629
588,49381169.550251,2.907194,298.965926,1.705050,55.700000,53.994950
589,49296757.303112,4.973889,298.458686,2.230222,53.300000,51.069778
590,49212633.263531,70.108718,297.963659,8.373095,49.300000,40.926905
591,49128795.764473,21.316186,297.463920,4.616946,47.000000,42.383054
592,49045243.429516,22.809900,296.966152,4.775971,43.200000,38.424029
593,48961974.784868,11.732187,296.467780,3.425228,42.400000,38.974772
594,48878988.395893,5.289264,295.969190,2.299840,41.000000,43.299840
595,48796282.976916,85.780464,295.484068,9.261774,39.600000,48.861774
596,48713857.118617,174.864167,295.007276,13.223622,39.600000,52.823622
597,48631709.371608,243.142214,294.536089,15.593018,36.400000,51.993018
598,48549837.989146,108.188860,294.057747,10.401387,35.700000,46.101387
599,48468241.680600,34.404285,293.573391,5.865517,37.600000,43.465517
600,48386919.133820,3.800035,293.084089,1.949368,44.000000,45.949368
601,48305869.164819,87.640005,292.608842,9.361624,55.700000,46.338376
602,48225090.302735,109.638756,292.137039,10.470853,70.200000,59.729147
603,48144581.036549,39.857382,291.659871,6.313270,63.400000,69.713270
604,48064340.310490,145.400848,291.193868,12.058227,53.300000,65.358227
605,47984366.388954,13.467619,290.715459,3.669825,50.900000,54.569825
606,47904658.194201,33.147514,290.242106,5.757388,52.500000,46.742612
607,47825214.425499,65.666809,289.774215,8.103506,51.700000,43.596494
608,47746033.607793,0.531287,289.295663,0.728895,47.700000,46.971105
609,47667114.708410,99.480978,288.833974,9.974015,41.700000,51.674015
610,47588456.124815,13.049596,288.363312,3.612423,38.300000,41.912423
611,47510056.694428,1.880090,287.890508,1.371164,37.000000,35.628836
612,47431915.237740,51.028079,287.428752,7.143394,40.200000,33.056606
613,47354030.448568,78.631954,286.971345,8.867466,49.300000,40.432534
614,47276400.958234,41.345012,286.511441,6.430009,44.700000,51.130009
615,47199026.090140,356.553088,286.073423,18.882613,38.300000,57.182613
616,47121904.141395,393.457695,285.638394,19.835768,35.100000,54.935768
617,47045033.245880,45.191056,285.183393,6.722429,35.100000,41.822429
618,46968412.670856,0.181252,284.719618,0.425737,35.100000,34.674263
619,46892041.522909,156.683459,284.277013,12.517326,50.900000,38.382674
620,46815918.229882,93.017991,283.831181,9.644584,60.900000,51.255416
621,46740041.615180,46.958533,283.382269,6.852630,60.000000,53.147370
622,46664410.906504,263.653624,282.949996,16.237414,42.400000,58.637414
623,46589024.165566,18.265853,282.499792,4.273857,44.000000,48.273857
624,46513880.622196,27.276096,282.052571,5.222652,43.200000,37.977348
625,46438979.162618,74.224632,281.612253,8.615372,42.400000,33.784628
626,46364318.603991,111.696652,281.176492,10.568664,35.100000,45.668664
627,46289897.775704,142.581212,280.744332,11.940737,33.800000,45.740737
628,46215715.302151,34.278412,280.303804,5.854777,33.800000,39.654777
629,46141770.267737,68.793074,279.868588,8.294159,33.800000,25.505841
630,46068061.372975,2.146900,279.423854,1.465231,33.200000,31.734769
631,45994587.614699,14.933819,278.984366,3.864430,32.600000,36.464430
632,45921347.827598,1.315729,278.541950,1.147053,39.800000,38.652947
633,45848341.365703,283.295464,278.125876,16.831383,30.200000,47.031383
634,45775566.776134,349.937101,277.714099,18.706606,29.000000,47.706606
635,45703022.537661,152.299934,277.293539,12.340986,29.000000,41.340986
636,45630707.632672,2.584209,276.857327,1.607547,29.000000,30.607547
637,45558621.223011,10.317579,276.425028,3.212099,30.200000,33.412099
638,45486762.244847,29.066928,275.997531,5.391375,31.400000,36.791375
639,45415129.711157,103.351641,275.578899,10.166201,30.200000,40.366201
640,45343722.289039,9.244417,275.150379,3.040463,32.600000,35.640463
641,45272539.146872,60.728275,274.730665,7.792835,32.600000,40.392835
642,45201579.072342,11.596516,274.305391,3.405366,33.200000,36.605366
643,45130841.178011,64.595231,273.888695,8.037116,30.200000,38.237116
644,45060324.311132,46.375146,273.471385,6.809930,29.000000,35.809930
645,44990027.587331,124.355209,273.062149,11.151467,28.400000,39.551467
646,44919949.666924,2.685414,272.639371,1.638723,30.800000,32.438723
647,44850089.714457,0.231226,272.216108,0.480860,35.100000,34.619140
648,44780446.795722,50.048852,271.804397,7.074521,41.700000,34.625479
649,44711020.180849,280.202345,271.408947,16.739246,60.900000,44.160754
650,44641809.030296,616.923899,271.027259,24.837953,40.200000,65.037953
651,44572811.092045,142.981573,270.626842,11.957490,35.700000,47.657490
652,44504026.097013,134.311322,270.227092,11.589276,33.800000,45.389276
653,44435452.867279,0.000003,269.810720,0.001754,30.200000,30.201754
654,44367090.640725,5.607257,269.399270,2.367965,29.600000,31.967965
655,44298938.436602,5.756686,268.989132,2.399309,31.400000,33.799309
656,44230995.291896,8.088303,268.580934,2.843994,35.100000,37.943994
657,44163260.272306,27.499282,268.177661,5.243976,35.100000,29.856024
658,44095732.359120,5.048923,267.771039,2.246981,32.000000,34.246981
659,44028410.639437,5.966766,267.365958,2.442696,31.400000,33.842696
660,43961294.171597,7.736037,266.962628,2.781373,30.200000,32.981373
661,43894382.121129,77.014622,266.569649,8.775798,27.800000,36.575798
662,43827673.525353,126.100300,266.181594,11.229439,29.000000,40.229439
663,43761167.325675,87.937263,265.791907,9.377487,29.000000,38.377487
664,43694862.613992,57.614946,265.400692,7.590451,27.300000,34.890451
665,43628758.447322,8.445451,265.003575,2.906106,26.200000,23.293894
666,43562853.980264,1.255089,264.604960,1.120308,27.300000,28.420308
667,43497148.318577,0.281219,264.206657,0.530301,28.400000,28.930301
668,43431640.597979,21.841626,263.815794,4.673503,28.400000,23.726497
669,43366330.100208,159.580321,263.438075,12.632510,28.400000,41.032510
670,43301215.647403,104.532194,263.057874,10.224099,28.400000,38.624099
671,43236296.350167,44.390677,262.673473,6.662633,28.400000,35.062633
672,43171571.374626,12.689178,262.285582,3.562187,28.400000,31.962187
673,43107039.905984,18.853334,261.900016,4.342043,27.800000,32.142043
674,43042701.082896,28.436638,261.517080,5.332601,27.800000,33.132601
675,42978554.011547,16.207861,261.133337,4.025899,28.400000,32.425899
676,42914597.890742,40.830678,260.754255,6.389889,29.000000,35.389889
677,42850831.809661,25.322763,260.374281,5.032173,29.000000,34.032173
678,42787254.909531,1.122182,259.989541,1.059331,29.000000,30.059331
679,42723866.383844,0.071195,259.604767,0.266825,28.400000,28.133175
680,42660665.398218,0.100370,259.221205,0.316813,29.600000,29.916813
681,42597651.223879,69.370800,258.850610,8.328914,35.700000,27.371086
682,42534823.405007,390.028577,258.497953,19.749141,29.600000,49.349141
683,42472180.114645,29.249384,258.125214,5.408270,28.400000,33.808270
684,42409721.036671,7.092382,257.749535,2.663153,29.000000,31.663153
685,42347445.383054,0.923337,257.372459,0.960905,27.800000,28.760905
686,42285352.365025,7.087049,256.998984,2.662151,27.800000,30.462151
687,42223441.173940,8.854405,256.627061,2.975635,27.800000,30.775635
688,42161711.008227,7.825745,256.255965,2.797453,28.400000,31.197453
689,42100161.066695,1.058843,255.883371,1.029001,27.800000,28.829001
690,42038790.574384,3.341586,255.513028,1.828001,27.800000,29.628001
691,41977598.742439,2.028222,255.143175,1.424157,27.800000,29.224157
692,41916584.790907,0.088168,254.772759,0.296931,27.300000,27.596931
693,41855747.951582,2.495892,254.405280,1.579839,27.300000,28.879839
694,41795087.450241,2.026685,254.038640,1.423617,27.800000,29.223617
695,41734602.519054,0.000068,253.671013,0.008247,28.400000,28.408247
696,41674292.399997,0.131190,253.304959,0.362201,27.800000,28.162201
697,41614156.343310,5.116048,252.942704,2.261868,27.800000,25.538132
698,41554193.582314,0.212567,252.578897,0.461050,27.800000,27.338950
699,41494403.376210,0.339551,252.216313,0.582711,27.800000,27.217289
700,41434785.020578,27.856673,251.861516,5.277942,32.000000,26.722058
701,41375337.917686,154.304917,251.517988,12.421953,27.800000,40.221953
702,41316061.199984,188.961789,251.177341,13.746337,27.800000,41.546337
703,41256953.876106,41.808694,250.827253,6.465964,27.800000,34.265964
704,41198015.372348,1.245851,250.470523,1.116177,28.400000,29.516177
705,41139245.025423,2.177491,250.115323,1.475632,29.000000,30.475632
706,41080642.122373,7.084403,249.762825,2.661654,28.400000,31.061654
707,41022205.945052,9.465880,249.411920,3.076667,28.400000,31.476667
708,40963935.770165,2.824526,249.060029,1.680633,27.800000,29.480633
709,40905830.896763,0.022096,248.706963,0.148649,28.400000,28.548649
710,40847890.626379,0.005263,248.354790,0.072550,28.400000,28.472550
711,40790114.260599,0.020113,248.003711,0.141820,28.400000,28.258180
712,40732501.104886,0.016123,247.653602,0.126978,28.400000,28.526978
713,40675050.472793,2.950443,247.306725,1.717685,28.400000,26.682315
714,40617761.676305,4.966424,246.961545,2.228548,27.800000,25.571452
715,40560634.028515,4.097906,246.617048,2.024329,27.300000,25.275671
716,40503666.850772,3.475096,246.273294,1.864161,26.700000,24.835839
717,40446859.470647,4.821674,245.930969,2.195831,25.700000,27.895831
718,40390211.208371,0.205817,245.587163,0.453671,25.200000,25.653671
719,40333721.433009,21.824356,245.250219,4.671655,25.200000,20.528345
720,40277389.426613,4.853599,244.910767,2.203089,25.200000,27.403089
721,40221214.636911,65.209950,244.580453,8.075268,25.700000,33.775268
722,40165196.341139,78.272751,244.252134,8.847189,25.700000,34.547189
723,40109333.845102,61.690491,243.923347,7.854329,25.700000,33.554329
724,40053626.554417,84.552454,243.597335,9.195241,25.700000,34.895241
725,39998073.817869,103.503114,243.273585,10.173648,25.700000,35.873648
726,39942674.946286,88.534928,242.949674,9.409300,25.200000,34.609300
727,39887429.300794,73.255810,242.625482,8.558961,25.200000,33.758961
728,39832336.256043,64.900475,242.301491,8.056083,24.600000,32.656083
729,39777395.211333,78.841394,241.979529,8.879268,25.200000,34.079268
730,39722605.453560,31.068236,241.653902,5.573889,26.200000,31.773889
731,39667966.385193,2.750858,241.323784,1.658571,25.700000,24.041429
732,39613477.466016,33.224404,241.000213,5.764061,25.700000,19.935939
733,39559138.043680,38.583163,240.678144,6.211535,25.200000,18.988465
734,39504947.552879,79.758383,240.360682,8.930755,25.700000,16.769245
735,39450905.313684,70.701423,240.043373,8.408414,24.600000,16.191586
736,39397010.693316,43.204873,239.724425,6.573041,25.200000,18.626959
737,39343263.136697,51.691475,239.407188,7.189678,25.200000,18.010322
738,39289662.063775,75.611675,239.092867,8.695497,25.200000,16.504503
739,39236206.822247,59.541044,238.778069,7.716284,25.200000,17.483716
740,39182896.831848,53.888375,238.463616,7.340870,24.600000,17.259130
741,39129731.490940,40.582713,238.148700,6.370456,24.600000,18.229544
742,39076710.243091,50.578241,237.835642,7.111838,24.600000,17.488162
743,39023832.483846,46.160875,237.523001,6.794180,24.600000,17.805820
744,38971097.617542,31.418746,237.209599,5.605243,24.600000,18.994757
745,38918505.078625,26.280665,236.896396,5.126467,24.600000,19.473533
746,38866054.300729,27.879654,236.584245,5.280119,24.100000,18.819881
747,38813744.706564,25.836296,236.272668,5.082942,24.100000,19.017058
748,38761575.727247,24.094238,235.961695,4.908588,24.100000,19.191412
749,38709546.787895,15.909920,235.650322,3.988724,23.600000,19.611276
750,38657657.315010,0.015817,235.334605,0.125765,22.500000,22.625765
751,38605906.770540,0.595856,235.020599,0.771917,22.500000,23.271917
752,38554294.596231,0.387269,234.707232,0.622309,22.000000,22.622309
753,38502820.238392,0.575343,234.394884,0.758514,22.000000,22.758514
754,38451483.160421,11.760042,234.086930,3.429292,22.000000,25.429292
755,38400282.816985,25.239736,233.781920,5.023916,22.000000,27.023916
756,38349218.704391,70.146143,233.482177,8.375329,22.000000,30.375329
757,38298290.201945,56.362839,233.182078,7.507519,22.000000,29.507519
758,38247496.762098,36.557394,232.880836,6.046271,22.500000,28.546271
759,38196837.836486,7.925002,232.576114,2.815138,24.600000,27.415138
760,38146312.925663,5.253869,232.271505,2.292132,24.600000,26.892132
761,38095921.533993,29.431808,231.971840,5.425109,25.700000,20.274891
762,38045663.062767,0.344495,231.666583,0.586937,25.700000,25.113063
763,37995537.024479,0.002124,231.361418,0.046092,24.100000,24.053908
764,37945542.901629,3.658794,231.059512,1.912797,24.600000,22.687203
765,37895680.195874,23.821676,230.762299,4.880745,26.200000,21.319255
766,37845948.339782,5.853851,230.462637,2.419473,25.700000,23.280527
767,37796346.936327,77.504214,230.172127,8.803648,32.000000,23.196352
768,37746875.334558,43.184451,229.879456,6.571488,26.200000,32.771488
769,37697533.028634,11.302714,229.583355,3.361951,26.700000,23.338049
770,37648319.552184,10.067716,229.287780,3.172966,25.700000,22.527034
771,37599234.423156,25.587574,228.995434,5.058416,25.200000,20.141584
772,37550277.106707,15.391024,228.702371,3.923140,25.200000,21.276860
773,37501447.114549,13.136593,228.409682,3.624444,25.700000,22.075556
774,37452743.936666,0.144610,228.113540,0.380277,24.100000,24.480277
775,37404167.111619,11.825481,227.822133,3.438820,24.100000,20.661180
776,37355716.130972,10.052593,227.531133,3.170583,24.600000,21.429417
777,37307390.539087,33.603280,227.244284,5.796834,27.300000,21.503166
778,37259189.840557,49.877116,226.959811,7.062373,32.000000,24.937627
779,37211113.467347,0.602639,226.667962,0.776298,32.000000,31.223702
780,37163161.003246,1.325247,226.377347,1.151194,30.800000,29.648806
781,37115331.969156,1.515443,226.087584,1.231033,29.600000,28.368967
782,37067625.906396,15.141836,225.801984,3.891251,29.600000,25.708749
783,37020042.356729,40.715514,225.520314,6.380871,29.000000,22.619129
784,36972580.786753,17.775739,225.236591,4.216129,27.800000,23.583871
785,36925240.735983,1.135176,224.949560,1.065447,26.700000,25.634553
786,36878021.802801,34.987529,224.669465,5.915026,26.700000,20.784974
787,36830923.436810,1.232044,224.383948,1.109975,26.200000,25.090025
788,36783945.224456,4.951657,224.100582,2.225232,25.200000,22.974768
789,36737086.696820,1.029838,223.816397,1.014809,25.200000,24.185191
790,36690347.406551,4.545281,223.534355,2.131967,25.200000,27.331967
791,36643726.911646,17.916461,223.255700,4.232784,24.600000,28.832784
792,36597224.741220,16.615929,222.977554,4.076264,25.200000,29.276264
793,36550840.465550,31.237807,222.702030,5.589079,23.600000,29.189079
794,36504573.586677,6.155613,222.423269,2.481051,24.100000,26.581051
795,36458423.691321,6.360006,222.145265,2.521905,24.100000,26.621905
796,36412390.336945,7.025587,221.868125,2.650582,24.100000,26.750582
797,36366473.086263,10.545856,221.592437,3.247438,24.100000,27.347438
798,36320671.615720,105.475170,221.326288,10.270111,25.700000,35.970111
799,36274985.247631,8.985552,221.051660,2.997591,30.800000,33.797591
800,36229414.064329,323.339157,220.796547,17.981634,50.900000,32.918366
801,36183956.832214,0.068626,220.519842,0.261967,62.600000,62.861967
802,36138613.534790,5.487326,220.246436,2.342504,53.300000,55.642504
803,36093383.976922,196.798775,219.988341,14.028499,43.200000,57.228499
804,36048267.506671,207.775913,219.731374,14.414434,59.100000,44.685566
805,36003265.605139,1744.379482,219.509195,41.765769,85.800000,44.034231
806,35958377.580235,3069.632142,219.304575,55.404261,116.000000,60.595739
807,35913598.144536,490.714364,219.059055,22.152074,121.000000,98.847926
808,35868931.013859,1225.079605,218.830127,35.001137,78.800000,113.801137
809,35824374.152392,657.533165,218.590143,25.642410,57.400000,83.042410
810,35779927.123532,68.891467,218.329237,8.300088,51.700000,43.399912
811,35735590.802736,516.240991,218.086847,22.720937,47.700000,24.979063
812,35691363.640159,43.440891,217.825095,6.590970,44.000000,37.409030
813,35647245.810520,39.461512,217.563608,6.281840,40.200000,46.481840
814,35603236.869305,3.426766,217.297296,1.851153,44.000000,45.851153
815,35559337.905440,1177.174328,217.071664,34.309974,60.900000,26.590026
816,35515547.304054,1369.580367,216.849911,37.007842,64.300000,27.292158
817,35471863.186066,359.379684,216.606500,18.957312,69.000000,50.042688
818,35428285.963207,3.779306,216.342787,1.944044,76.000000,77.944044
819,35384816.166390,401.557215,216.101924,20.038893,69.000000,89.038893
820,35341452.609069,153.392688,215.852271,12.385180,67.800000,80.185180
821,35298195.131980,93.826629,215.599926,9.686415,78.800000,69.113585
822,35255043.381374,63.136731,215.346070,7.945863,71.300000,63.354137
823,35211997.299577,302.389424,215.104365,17.389348,64.300000,46.910652
824,35169056.358919,425.959773,214.867212,20.638793,81.600000,60.961207
825,35126227.792306,6803.169643,214.705962,82.481329,141.000000,58.518671
826,35083497.680514,2075.899776,214.500191,45.562043,141.000000,95.437957
827,35040871.510657,2159.887670,214.296028,46.474592,90.000000,136.474592
828,34998349.216703,2501.293270,214.096656,50.012931,76.000000,126.012931
829,34955927.051938,63.285218,213.846787,7.955201,69.000000,76.955201
830,34913607.599554,59.382735,213.597222,7.706019,60.900000,53.193981
831,34871390.421317,1.197415,213.340266,1.094265,59.100000,60.194265
832,34829275.866082,538.687156,213.110639,23.209635,57.400000,80.609635
833,34787262.435248,141.704040,212.867929,11.903951,57.400000,69.303951
834,34745350.143875,60.595659,212.620841,7.784321,54.100000,46.315679
835,34703538.665088,11.272574,212.369019,3.357465,52.500000,49.142535
836,34661827.761075,66.525952,212.123572,8.156344,47.000000,55.156344
837,34620217.043693,100.181678,211.880937,10.009080,43.200000,53.209080
838,34578706.973440,818.453256,211.661186,28.608622,38.900000,67.508622
839,34537296.706893,1134.406494,211.448036,33.680952,35.100000,68.780952
840,34495984.515241,304.485716,211.215981,17.449519,32.600000,50.049519
841,34454771.050055,314.154200,210.984808,17.724396,33.800000,16.075604
842,34413656.257030,574.495841,210.761638,23.968643,43.200000,19.231357
843,34372638.827199,32.628107,210.517241,5.712102,52.500000,46.787898
844,34331719.428003,343.502550,210.288689,18.533822,71.300000,52.766178
845,34290896.998698,56.382501,210.047571,7.508828,73.700000,66.191172
846,34250171.563889,80.890213,209.808790,8.993899,90.000000,81.006101
847,34209542.722110,57.944166,209.568937,7.612107,96.400000,88.787893
848,34169010.284631,165.489736,209.335874,12.864281,99.600000,86.735719
849,34128573.914654,277.654040,209.107859,16.662954,116.000000,99.337046
850,34088232.904545,79.361797,208.871217,8.908524,99.600000,108.508524
851,34047987.141277,71.416828,208.634593,8.450848,94.800000,103.250848
852,34007836.749709,455.091503,208.413718,21.332874,113.000000,91.667126
853,33967780.798791,334.420770,208.189776,18.287175,76.000000,94.287175
854,33927818.709111,4.570869,207.947362,2.137959,78.800000,76.662041
855,33887950.605947,62.915939,207.712327,7.931957,81.600000,73.668043
856,33848176.030125,12.006292,207.472600,3.465010,60.900000,64.365010
857,33808495.127185,365.821598,207.251795,19.126463,47.700000,66.826463
858,33768906.982481,219.550645,207.026462,14.817241,42.400000,57.217241
859,33729411.196987,10.385076,206.788095,3.222589,40.200000,43.422589
860,33690007.702579,19.983320,206.551743,4.470271,38.900000,34.429729
861,33650696.225580,71.914232,206.320621,8.480226,42.400000,50.880226
862,33611476.300455,0.468641,206.080952,0.684574,54.100000,53.415426
863,33572347.716667,22.826884,205.846606,4.777749,57.400000,52.622251
864,33533310.250458,126.776540,205.620342,11.259509,76.000000,64.740491
865,33494363.322867,5.594597,205.384273,2.365290,72.500000,70.134710
866,33455506.765235,10.643841,205.149793,3.262490,71.300000,74.562490
867,33416740.346055,87.012936,204.922885,9.328073,71.300000,80.628073
868,33378063.658107,81.959301,204.696184,9.053138,63.400000,54.346862
869,33339476.379879,67.990612,204.469073,8.245642,57.400000,65.645642
870,33300978.158107,16.325842,204.237631,4.040525,49.300000,53.340525
871,33262568.997404,235.828170,204.019776,15.356698,46.200000,30.843302
872,33224248.117457,45.203768,203.792476,6.723375,46.200000,39.476625
873,33186015.569096,163.591306,203.572680,12.790282,50.100000,37.309718
874,33147884.040289,11585.507315,203.462408,107.635995,143.000000,35.364005
875,33109828.710600,1691.881104,203.276036,41.132482,134.000000,92.867518
876,33071859.950944,1070.290998,203.080439,32.715302,84.400000,117.115302
877,33033979.827946,2512.573626,202.905233,50.125579,76.000000,126.125579
878,32996183.517348,4.364718,202.675467,2.089191,67.800000,69.889191
879,32958473.782882,165.859492,202.458556,12.878645,62.600000,49.721355
880,32920850.021689,58.978510,202.236206,7.679747,55.700000,48.020253
881,32883312.872383,770.079913,202.037248,27.750314,51.700000,79.450314
882,32845860.449863,85.899965,201.817693,9.268223,53.300000,62.568223
883,32808493.760456,540.460907,201.614542,23.247815,62.600000,39.352185
884,32771213.049510,1468.127693,201.428976,38.316154,84.400000,46.083846
885,32734018.166910,2521.479453,201.257336,50.214335,113.000000,62.785665
886,32696904.876511,96.034654,201.040264,9.799727,93.200000,102.999727
887,32659877.189913,1457.610207,200.855823,38.178662,78.800000,116.978662
888,32622933.348952,1521.780464,200.672739,39.010005,71.300000,110.310005
889,32586072.106976,734.200597,200.476607,27.096136,59.100000,86.196136
890,32549293.302753,51.565643,200.258441,7.180922,49.300000,42.119078
891,32512597.376000,6.272801,200.035494,2.504556,44.000000,41.495444
892,32475985.817951,1533.827981,199.854332,39.164116,42.400000,81.564116
893,32439455.080835,160.522301,199.643776,12.669740,47.000000,34.330260
894,32403006.348273,83.100698,199.429700,9.115958,48.500000,39.384042
895,32366639.439018,90.201464,199.216532,9.497445,44.700000,54.197445
896,32330353.996182,24.429757,198.998736,4.942647,43.200000,48.142647
897,32294149.901944,97.841506,198.786970,9.891487,40.200000,50.091487
898,32258026.832929,126.202811,198.577179,11.234002,41.000000,52.234002
899,32221984.362683,15.962842,198.359770,3.995353,49.300000,53.295353
900,32186022.327004,0.394422,198.139087,0.628030,53.300000,52.671970
901,32150140.828196,317.895431,197.938073,17.829622,65.500000,47.670378
902,32114338.943866,48.700521,197.725423,6.978576,67.800000,60.821424
903,32078616.696839,38.865902,197.512418,6.234252,59.100000,65.334252
904,32042973.793597,3.779064,197.295120,1.943982,54.100000,52.156018
905,32007410.008358,3.293183,197.078161,1.814713,52.500000,54.314713
906,31971925.076152,1.158563,196.860864,1.076366,50.900000,49.823634
907,31936518.746403,9.312938,196.646236,3.051711,50.900000,47.848289
908,31901190.855395,105.275132,196.440057,10.260367,61.700000,51.439633
909,31865941.116857,177.479061,196.237717,13.322127,66.600000,53.277873
910,31830769.438045,400.112524,196.043197,20.002813,73.700000,53.697187
911,31795674.882647,7.692667,195.830110,2.773566,66.600000,63.826434
912,31760657.626716,6.497147,195.617245,2.548950,57.400000,59.948950
913,31725717.421350,10.949255,195.405685,3.308966,52.500000,55.808966
914,31690854.038104,38.667469,195.197787,6.218317,45.400000,51.618317
915,31656067.178717,25.136468,194.989023,5.013628,44.700000,49.713628
916,31621356.580551,1.650944,194.776628,1.284891,47.700000,48.984891
917,31586722.024675,7.065573,194.566202,2.658115,50.900000,48.241885
918,31552163.326854,72.216314,194.362627,8.498018,54.100000,45.601982
919,31517680.110345,20.221799,194.155123,4.496865,56.600000,52.103135
920,31483272.171455,8.086621,193.946268,2.843699,48.400000,51.243699
921,31448939.295783,25.180089,193.740239,5.017977,43.200000,48.217977
922,31414681.308603,107.064981,193.540465,10.347221,38.900000,49.247221
923,31380497.851446,84.181599,193.339849,9.175053,37.600000,46.775053
924,31346388.661179,42.805330,193.136809,6.542578,38.300000,44.842578
925,31312353.526398,29.527881,192.933006,5.433956,38.300000,43.733956
926,31278392.231217,39.369717,192.730556,6.274529,37.600000,43.874529
927,31244504.482439,0.108769,192.522104,0.329801,40.200000,39.870199
928,31210690.083743,0.087401,192.314067,0.295637,44.700000,44.995637
929,31176948.941938,133.914183,192.118670,11.572130,55.700000,44.127870
930,31143280.555859,23.433087,191.916427,4.840773,60.900000,56.059227
931,31109684.784645,0.640257,191.710260,0.800161,59.100000,59.900161
932,31076161.425807,7.782890,191.506682,2.789783,55.700000,58.489783
933,31042710.232542,2.882780,191.302367,1.697875,54.900000,53.202125
934,31009330.977516,3.058096,191.098546,1.748741,50.100000,48.351259
935,30976023.539762,106.428422,190.904365,10.316415,53.300000,42.983585
936,30942787.463631,0.585798,190.700353,0.765374,49.300000,48.534626
937,30909622.633702,1.140016,190.497103,1.067715,46.200000,47.267715
938,30876528.820104,0.733466,190.294062,0.856426,44.700000,45.556426
939,30843505.794701,0.068392,190.090818,0.261520,43.200000,42.938480
940,30810553.333571,2.176869,189.889306,1.475422,41.000000,42.475422
941,30777671.209566,3.140568,189.688541,1.772165,41.000000,42.772165
942,30744859.199814,6.062004,189.488939,2.462114,44.000000,46.462114
943,30712117.137509,62.695470,189.295573,7.918047,41.000000,48.918047
944,30679444.831833,149.802244,189.107215,12.239373,37.000000,49.239373
945,30646841.919608,104.428142,188.917111,10.219009,33.800000,44.019009
946,30614308.139735,21.279042,188.721459,4.612921,32.600000,37.212921
947,30581843.372896,33.010526,188.527423,5.745479,32.000000,37.745479
948,30549447.418977,62.873890,188.336111,7.929306,31.400000,39.329306
949,30517120.232948,256.621278,188.153765,16.019403,30.200000,46.219403
950,30484861.525017,382.530237,187.975546,19.558380,30.800000,50.358380
951,30452670.732657,181.160459,187.791263,13.459586,32.000000,45.459586
952,30420547.812922,142.823742,187.605778,11.950889,30.800000,42.750889
953,30388492.527024,81.495538,187.417602,9.027488,33.800000,42.827488
954,30356504.649790,9.154616,187.223506,3.025660,38.300000,41.325660
955,30324584.035115,0.094121,187.026958,0.306792,44.000000,44.306792
956,30292730.491992,10.981569,186.833982,3.313845,49.300000,45.986155
957,30260943.789672,3.181661,186.639805,1.783721,49.300000,47.516279
958,30229223.784260,58.625895,186.452192,7.656755,53.300000,45.643245
959,30197570.148544,1.675892,186.258310,1.294563,49.300000,48.005437
960,30165982.781047,46.821679,186.070637,6.842637,40.200000,47.042637
961,30134461.408577,29.326759,185.881864,5.415419,35.700000,41.115419
962,30103005.812137,0.019193,185.687978,0.138538,33.200000,33.338538
963,30071615.818496,1.910260,185.495792,1.382122,32.600000,31.217878
964,30040291.218784,0.095241,185.302889,0.308611,32.000000,31.691389
965,30009031.821081,10.026398,185.113361,3.166449,31.400000,34.566449
966,29977837.406424,4.921179,184.923241,2.218373,35.700000,33.481627
967,29946707.772598,0.031255,184.731397,0.176791,33.800000,33.976791
968,29915642.744573,20.757001,184.544493,4.555985,31.400000,35.955985
969,29884642.105518,26.056716,184.358544,5.104578,30.800000,35.904578
970,29853705.628934,5.725423,184.170174,2.392786,30.800000,33.192786
971,29822833.179074,46.614357,183.986779,6.827471,27.800000,34.627471
972,29792024.508581,40.141114,183.803256,6.335702,29.000000,35.335702
973,29761279.421732,35.352570,183.619708,5.945803,29.000000,34.945803
974,29730597.712313,21.285101,183.435166,4.613578,27.800000,32.413578
975,29699979.187449,10.069379,183.249520,3.173229,29.000000,32.173229
976,29669423.706565,51.767654,183.068394,7.194974,28.400000,35.594974
977,29638930.996766,17.072132,182.884492,4.131844,28.400000,32.531844
978,29608500.906710,23.282475,182.701680,4.825192,27.800000,32.625192
979,29578133.235936,21.902077,182.519093,4.679966,27.800000,32.479966
980,29547827.792001,19.955625,182.336663,4.467172,26.700000,31.167172
981,29517584.371064,5.536279,182.152442,2.352930,27.300000,29.652930
982,29487402.792233,0.274807,181.966728,0.524221,27.800000,27.275779
983,29457282.872009,0.892468,181.781823,0.944705,27.800000,26.855295
984,29427224.421324,1.201264,181.597450,1.096022,27.800000,28.896022
985,29397227.250852,0.187522,181.412777,0.433038,27.800000,27.366962
986,29367291.175566,1.319954,181.229209,1.148893,28.400000,29.548893
987,29337416.006745,0.225357,181.045328,0.474718,28.400000,28.874718
988,29307601.561755,2.136148,180.862824,1.461557,28.400000,26.938443
989,29277847.654704,3.116763,180.681000,1.765436,27.800000,26.034564
990,29248154.115157,17.660956,180.502015,4.202494,27.800000,32.002494
991,29218520.748379,21.105522,180.323790,4.594075,27.800000,23.205925
992,29188947.356143,9.218836,180.144350,3.036254,26.700000,23.663746
993,29159433.759754,0.527728,179.962936,0.726449,26.700000,25.973551
994,29129979.811811,25.295957,179.786236,5.029509,27.800000,22.770491
995,29100585.294033,12.694034,179.608412,3.562869,28.400000,24.837131
996,29071250.111755,84.474498,179.436620,9.191001,33.800000,24.608999
997,29041973.934556,6.152564,179.258417,2.480436,41.000000,43.480436
998,29012756.666203,9.191978,179.081126,3.031828,38.300000,41.331828
999,28983598.199653,82.448921,178.910271,9.080139,29.000000,38.080139
1000,28954498.252576,50.910630,178.737806,7.135169,29.000000,36.135169
1001,28925456.637934,8.455049,178.561447,2.907757,29.600000,26.692243
1002,28896473.256227,41.693760,178.388998,6.457071,29.000000,22.542929
1003,28867547.858715,1.142581,178.211500,1.068916,28.400000,27.331084
1004,28838680.318486,7.629546,178.036051,2.762163,28.400000,31.162163
1005,28809870.449364,1.326993,177.859343,1.151952,27.300000,28.451952
1006,28781118.128506,44.949883,177.688530,6.704467,32.000000,25.295533
1007,28752423.098172,2.703820,177.513012,1.644330,29.000000,27.355670
1008,28723785.226669,0.108941,177.336535,0.330062,28.400000,28.730062
1009,28695204.354444,8.640411,177.163006,2.939458,27.800000,30.739458
1010,28666680.306173,11.793316,176.990313,3.434140,26.700000,30.134140
1011,28638212.929933,32.432581,176.820209,5.694961,24.600000,30.294961
1012,28609802.016155,11.841898,176.648206,3.441206,29.600000,26.158794
1013,28581447.549156,144.814774,176.485060,12.033901,37.600000,25.566099
1014,28553149.089729,3.527494,176.312182,1.878163,31.400000,29.521837
1015,28524906.624496,16.739035,176.141835,4.091337,29.600000,33.691337
1016,28496719.957981,0.111180,175.968111,0.333437,28.400000,28.066563
1017,28468588.961994,21.023673,175.798927,4.585158,29.000000,24.414842
1018,28440513.448547,18.326392,175.629777,4.280934,35.700000,31.419066
1019,28412493.582405,349.314255,175.475157,18.689951,54.100000,35.410049
1020,28384529.108459,588.053634,175.326313,24.249817,29.000000,53.249817
1021,28356619.235309,188.114886,175.167404,13.715498,29.000000,42.715498
1022,28328764.036059,26.399060,175.000381,5.138002,30.200000,35.338002
1023,28300963.502952,20.799274,174.833119,4.560622,28.400000,23.839378
1024,28273217.460767,0.474564,174.662389,0.688886,27.800000,28.488886
1025,28245525.773143,4.396881,174.493373,2.096874,28.400000,30.496874
1026,28217888.351142,80.487902,174.331414,8.971505,26.700000,35.671505
1027,28190304.882725,0.161010,174.161395,0.401260,27.300000,27.701260
1028,28162775.288150,0.037472,173.991504,0.193577,27.300000,27.106423
1029,28135299.411364,1.582607,173.822984,1.258017,26.700000,25.441983
1030,28107877.107734,15.887280,173.657450,3.985885,26.200000,30.185885
1031,28080508.205914,14.938289,173.492122,3.865008,26.200000,30.065008
1032,28053192.558437,22.599344,173.327980,4.753877,26.200000,30.953877
1033,28025930.003253,23.273833,173.164225,4.824296,26.200000,31.024296
1034,27998720.366558,4.208025,172.998096,2.051347,25.700000,27.751347
1035,27971563.532106,24.046446,172.835056,4.903718,24.600000,19.696282
1036,27944459.321879,18.578187,172.671756,4.310242,24.600000,28.910242
1037,27917407.570358,0.000017,172.504605,0.004186,26.200000,26.204186
1038,27890408.184537,42.631335,172.344087,6.529268,26.700000,20.170732
1039,27863461.007654,80.110784,172.186219,8.950463,26.700000,35.650463
1040,27836565.781397,6.606050,172.022497,2.570224,26.700000,29.270224
1041,27809722.421026,1.076510,171.857613,1.037550,26.200000,27.237550
1042,27782930.782653,1.789303,171.693335,1.337649,26.200000,27.537649
1043,27756190.714528,0.000599,171.528110,0.024482,25.700000,25.675518
1044,27729502.071044,1.491449,171.364354,1.221249,25.700000,24.478751
1045,27702864.701725,0.610305,171.200489,0.781221,24.600000,25.381221
1046,27676278.460067,0.894053,171.037096,0.945544,25.200000,24.254456
1047,27649743.201464,3.736595,170.874964,1.933028,25.700000,23.766972
1048,27623258.778364,5.485902,170.713534,2.342200,25.200000,22.857800
1049,27596825.046081,8.542407,170.552969,2.922740,25.700000,22.777260
1050,27570441.859033,11.393436,170.393143,3.375416,26.200000,22.824584
1051,27544109.060547,1.844171,170.231696,1.358003,25.200000,23.841997
1052,27517826.518302,4.787954,170.071349,2.188139,26.200000,24.011861
1053,27491594.082778,1.653482,169.910448,1.285878,25.200000,23.914122
1054,27465411.614391,2.276876,169.750066,1.508932,25.200000,23.691068
1055,27439278.969269,1.591038,169.589753,1.261363,25.200000,23.938637
1056,27413196.005977,1.586264,169.429743,1.259470,24.600000,23.340530
1057,27387162.582072,0.633998,169.269597,0.796240,24.600000,23.803760
1058,27361178.558748,1.998178,169.110341,1.413569,24.600000,23.186431
1059,27335243.793118,0.818838,168.950905,0.904897,24.600000,23.695103
1060,27309358.146941,1.430955,168.792046,1.196225,24.600000,23.403775
1061,27283521.480124,1.320986,168.633444,1.149342,24.600000,23.450658
1062,27257733.653286,0.685853,168.474838,0.828163,24.600000,23.771837
1063,27231994.530969,3.118848,168.317417,1.766026,24.600000,22.833974
1064,27206303.970504,0.438578,168.159251,0.662252,24.600000,23.937748
1065,27180661.838978,2.421039,168.002227,1.555969,24.600000,26.155969
1066,27155067.996483,1.109256,167.845024,1.053212,24.600000,25.653212
1067,27129522.309838,3.093019,167.688781,1.758698,24.600000,26.358698
1068,27104024.639932,1.530405,167.532341,1.237095,24.600000,25.837095
1069,27078574.853053,1.612865,167.376227,1.269986,24.600000,25.869986
1070,27053172.815231,2.535787,167.220707,1.592416,24.600000,26.192416
1071,27027818.389482,0.540069,167.064675,0.734894,24.600000,25.334894
1072,27002511.452102,9.268069,166.911098,3.044350,24.600000,27.644350
1073,26977251.859415,6.870065,166.757413,2.621081,24.600000,27.221081
1074,26952039.476378,2.009992,166.602890,1.417742,24.600000,26.017742
1075,26926874.218777,48.585658,166.453840,6.970341,25.700000,32.670341