# TEST CONFIGURATION BEGIN
# File Stream: filename: mean_daily_flow_cumecs_jokulsa_e.csv  -  n_targets: 1
# [mean_daily_flow_cumecs_jokulsa_e_HTREE] Pipeline: RegressionHoeffdingTree: max_byte_size: 33554432 - memory_estimate_period: 1000000 - grace_period: 200 - split_criterion: variance reduction - split_confidence: 1e-07 - tie_threshold: 0.05 - binary_split: False - stop_mem_management: False - remove_poor_atts: False - no_pre_prune: False - leaf_prediction: perceptron - nb_threshold: 0 - nominal_attributes: [] - 
# Prequential Evaluator: n_wait: 1 - max_samples: 600000 - max_time: 10000000 - output_file: mean_daily_flow_cumecs_jokulsa_e_HTREE_SIZE_4 - batch_size: 1 - pretrain_size: 5 - task_type: regression - show_plot: False - metrics: ['mean_square_error', 'mean_absolute_error', 'true_vs_predicted']
# TEST CONFIGURATION END
id,global_mse_[mean_daily_flow_cumecs_jokulsa_e_HTREE],sliding_mse_[mean_daily_flow_cumecs_jokulsa_e_HTREE],global_mae_[mean_daily_flow_cumecs_jokulsa_e_HTREE],sliding_mae_[mean_daily_flow_cumecs_jokulsa_e_HTREE],true_value_[mean_daily_flow_cumecs_jokulsa_e_HTREE],predicted_value_[mean_daily_flow_cumecs_jokulsa_e_HTREE]
5,15556746325.236263,15556746325.236263,124726.686500,124726.686500,25.700000,-124700.986500
6,7778373164.170850,3.105436,62364.224362,1.762225,26.200000,24.437775
7,5185582109.480144,0.098729,41576.254313,0.314213,26.700000,26.385787
8,3889186582.284830,0.698888,31182.399733,0.835996,28.400000,27.564004
9,3111349268.773448,14.727919,24946.687326,3.837697,29.000000,25.162303
10,2592791058.962356,9.906897,20789.430692,3.147523,27.800000,24.652477
11,2222392338.702464,17.143114,17820.103511,4.140424,27.300000,23.159576
12,1944593297.819520,11.638910,15593.017020,3.411585,26.700000,23.288415
13,1728527375.840155,0.005238,13860.467615,0.072376,26.700000,26.627624
14,1555674639.082481,8.263408,12474.708315,2.874614,25.700000,28.574614
15,1414249672.513318,6.821691,11340.881363,2.611837,26.200000,28.811837
16,1296395534.342156,14.459371,10396.124795,3.802548,26.200000,30.002548
17,1196672801.037948,1.387454,9596.513495,1.177903,25.700000,26.877903
18,1111196172.970033,8.087138,8911.251374,2.843789,25.700000,22.856211
19,1037116429.409846,19.567220,8317.462848,4.423485,25.700000,21.276515
20,972296652.880666,4.942967,7797.760375,2.223279,25.700000,23.476721
21,915102732.189664,1.133641,7339.131219,1.064726,25.700000,24.635274
22,864263691.523409,0.197072,6931.426369,0.443928,25.700000,25.256072
23,818776128.900465,1.687476,6566.682825,1.299029,25.700000,24.400971
24,777837322.702014,4.931437,6238.459718,2.220684,25.200000,22.979316
25,740797450.207986,0.327428,5941.417456,0.572213,25.200000,24.627787
26,707124838.919214,1.854992,5671.414934,1.361981,25.200000,23.838019
27,676380280.749616,1.018470,5424.875554,1.009193,24.600000,23.590807
28,648197769.399493,8.346657,5198.959450,2.889058,25.200000,22.310942
29,622269858.646704,0.579781,4991.031530,0.761434,25.700000,24.938566
30,598336402.544919,0.000294,4799.069439,0.017165,26.700000,26.682835
31,576175795.194359,4.079787,4621.400935,2.019848,26.200000,24.180152
32,555598088.264913,1.169858,4456.389530,1.081600,25.700000,24.618400
33,536439533.562891,1.906275,4302.768536,1.380680,26.700000,25.319320
34,518558215.782881,0.162598,4159.356359,0.403236,26.700000,26.296764
35,501830531.408030,0.162487,4025.196576,0.403098,26.700000,26.296902
36,486148327.343147,1.331802,3899.445247,1.154038,26.700000,25.545962
37,471416559.878879,1.022281,3781.310878,1.011079,25.700000,26.711079
38,457551366.985592,1.507138,3670.131960,1.227656,25.700000,26.927656
39,444478470.801480,0.541676,3565.292075,0.735987,25.200000,25.935987
40,432131846.642592,1.081493,3466.285072,1.039949,25.200000,26.239949
41,420452607.548340,0.155280,3372.612341,0.394057,25.200000,25.594057
42,409388065.361461,4.446921,3283.914879,2.108773,24.600000,26.708773
43,398890935.594243,4.439973,3199.765962,2.107124,24.600000,26.707124
44,388918662.205550,0.046514,3119.777205,0.215674,24.600000,24.384326
45,379432841.192562,0.673053,3043.705088,0.820399,24.600000,23.779601
46,370398725.928212,0.089828,2971.243055,0.299714,24.600000,24.300286
47,361784802.070691,0.054819,2902.149824,0.234136,24.600000,24.365864
48,353562420.220871,0.678619,2836.210596,0.823783,23.600000,24.423783
49,345705477.563118,0.622005,2773.201220,0.788673,24.100000,23.311327
50,338190141.095086,0.033632,2712.918224,0.183391,24.100000,23.916609
51,330994606.189097,0.513584,2655.211807,0.716648,24.600000,23.883352
52,324098885.227077,0.012167,2599.897193,0.110306,24.100000,23.989694
53,317484622.293727,1.492899,2546.863002,1.221843,24.600000,23.378157
54,311134929.855877,0.401252,2495.938411,0.633445,24.600000,25.233445
55,305034244.977734,1.070559,2447.018730,1.034679,25.700000,24.665321
56,299168201.972494,8.705255,2400.017417,2.950467,28.400000,25.449533
57,293523519.238272,17.058729,2354.811998,4.130221,31.400000,27.269779
58,288087899.926629,76.409532,2311.366244,8.741255,30.200000,21.458745
59,282849940.147462,112.072481,2269.533884,10.586429,29.000000,18.413571
60,277799050.531014,121.626382,2229.203429,11.028435,28.400000,17.371565
61,272925383.240657,14.980662,2190.162500,3.870486,27.800000,23.929514
62,268219773.332902,8.590849,2152.451613,2.931015,26.700000,23.768985
63,263673675.480158,0.021024,2115.971839,0.144998,26.700000,26.844998
64,259279114.318893,5.804218,2080.745795,2.409195,27.800000,30.209195
65,255028637.075383,2.464823,2046.660946,1.569976,26.700000,28.269976
66,250915272.456800,30.723237,2013.739686,5.542855,26.200000,20.657145
67,246932491.146631,49.916103,1981.887709,7.065133,25.200000,18.134867
68,243074171.950359,62.585226,1951.044324,7.911082,25.200000,17.288918
69,239334569.477941,11.243192,1921.079844,3.353087,25.200000,21.846913
70,235708288.123554,0.088420,1891.977079,0.297357,24.600000,24.897357
71,232190254.122196,10.032595,1863.785890,3.167427,25.200000,22.032573
72,228775692.000309,29.833842,1836.457598,5.462037,25.200000,19.737963
73,225460102.300616,2.721482,1809.866179,1.649692,24.100000,22.450308
74,222239243.951134,17.836895,1784.071282,4.223375,24.100000,19.876625
75,219109114.362300,43.143909,1759.036030,6.568402,24.600000,18.031598
76,216065932.278825,4.352103,1734.633949,2.086170,24.100000,22.013830
77,213106125.140230,11.161418,1710.917605,3.340871,24.100000,20.759129
78,210226312.648712,0.767864,1687.808939,0.876279,24.100000,23.223721
79,207423295.149010,0.171048,1665.310334,0.413580,24.100000,24.513580
80,204694041.285489,1.521403,1643.414585,1.233452,23.600000,24.833452
81,202035677.135060,1.702469,1622.088484,1.304787,23.600000,24.904787
82,199445476.232266,6.717111,1601.325705,2.591739,23.600000,26.191739
83,196920850.023742,5.758925,1581.086137,2.399776,23.600000,25.999776
84,194459339.497428,7.918565,1561.357735,2.813995,23.600000,26.413995
85,192058607.188317,22.459456,1542.140221,4.739141,23.600000,28.339141
86,189716429.158892,8.775454,1523.369759,2.962339,23.600000,26.562339
87,187430689.118238,5.784650,1505.044884,2.405130,24.100000,26.505130
88,185199371.612628,18.646956,1487.179091,4.318212,24.100000,28.418212
89,183020555.582819,9.078896,1469.718315,3.013121,24.100000,27.113121
90,180892409.592632,0.426743,1452.636163,0.653256,25.200000,25.853256
91,178813186.500564,0.582686,1435.947969,0.763339,25.200000,25.963339
92,176781218.490501,1.615004,1419.644820,1.270828,26.700000,25.429172
93,174794913.010053,30.730673,1403.756041,5.543525,30.200000,24.656475
94,172852749.345799,183.227208,1388.309154,13.536145,41.700000,28.163855
95,170953270.042529,132.748156,1373.179621,11.521639,51.700000,40.178361
96,169095083.392080,98.201226,1358.361469,9.909653,44.000000,34.090347
97,167276859.658127,276.134512,1343.934112,16.617296,41.000000,24.382704
98,165497321.203509,244.924000,1329.803430,15.650048,35.700000,51.350048
99,163755250.027125,559.447023,1316.054475,23.652632,30.800000,54.452632
100,162049466.237074,6.182260,1302.371474,2.486415,27.800000,25.313585
101,160378854.099178,88.861092,1289.042146,9.426616,29.000000,38.426616
102,158742342.183709,686.383290,1276.155990,26.198918,29.000000,55.198918
103,157138886.253388,205.081886,1263.410179,14.320680,28.400000,14.079320
104,155567505.055510,766.465641,1251.052928,27.685116,27.800000,0.114884
105,154027252.711989,2018.359869,1239.111079,44.926160,34.400000,-10.526160
106,152517196.615818,1530.902563,1227.346527,39.126750,47.000000,7.873250
107,151036447.145132,1.135163,1215.440885,1.065441,59.100000,60.165441
108,149584187.463552,1440.260733,1204.118865,37.950767,101.000000,63.049233
109,148159581.923399,605.747541,1192.885466,24.611939,103.000000,78.388061
110,146761874.658273,2611.819982,1182.113961,51.105968,90.000000,38.894032
111,145390269.646934,138.445061,1171.176132,11.766268,113.000000,124.766268
112,144044150.780020,9432.020190,1161.231155,97.118588,121.000000,218.118588
113,142722684.707295,4348.852962,1151.182666,65.945834,104.000000,169.945834
114,141425476.564443,29788.993630,1142.286413,172.594883,94.800000,-77.794883
115,140151440.565390,7480.669494,1132.774741,86.490864,77.400000,163.890864
116,138900170.719316,9217.805110,1123.517908,96.009401,83.000000,179.009401
117,137671010.763909,5095.758374,1114.206994,71.384581,81.600000,10.215419
118,136463432.132697,7046.805757,1105.169610,83.945255,80.200000,164.145255
119,135276793.656469,7.366455,1095.583041,2.714122,81.600000,84.314122
120,134110619.215457,558.499098,1086.342088,23.632586,90.000000,113.632586
121,132964381.934509,857.344548,1077.307373,29.280447,103.000000,132.280447
122,131837584.699656,2308.221860,1068.584802,48.043958,111.000000,62.956042
123,130730017.057039,37035.228156,1061.222286,192.445390,109.000000,-83.445390
124,129640688.491903,10589.240739,1053.236301,102.904037,103.000000,205.904037
125,128569294.704657,2040.235156,1044.905166,45.168962,99.600000,144.768962
126,127515645.551964,24098.076165,1037.612792,155.235551,91.600000,-63.635551
127,126478937.945056,609.902212,1029.377697,24.696198,66.600000,91.296198
128,125459307.019143,44703.131851,1022.781354,211.431152,59.100000,-152.331152
129,124455638.644459,760.183683,1014.819675,27.571429,52.500000,24.928571
130,123467904.006763,1074.294674,1007.025681,32.776435,51.700000,84.476435
131,122495722.421188,842.638806,999.324914,29.028242,53.300000,24.271758
132,121538724.600244,1.340391,991.526733,1.157753,52.500000,51.342247
133,120596576.851596,1665.024636,984.156795,40.804713,52.500000,93.304713
134,119668913.254160,309.184837,976.721617,17.583653,58.300000,75.883653
135,118755410.113448,1.820863,969.276027,1.349394,64.300000,65.649394
136,117855748.540746,82.516826,962.001844,9.083877,67.800000,58.716123
137,116969626.107401,1464.905926,955.056523,38.274089,78.800000,40.525911
138,116096718.501568,6.925790,947.948875,2.631690,66.600000,69.231690
139,115236746.589510,510.373650,941.094375,22.591451,55.700000,33.108549
140,114389439.076903,2924.875002,934.572226,54.082114,57.400000,3.317886
141,113554487.515656,1075.186010,927.989875,32.790029,63.400000,30.609971
142,112731628.973383,8.682013,921.286662,2.946526,67.800000,64.853474
143,111920610.872966,113.015461,914.735181,10.630873,69.000000,58.369127
144,111121179.541598,224.481424,908.308378,14.982704,70.200000,85.182704
145,110333093.256180,1013.297617,902.092236,31.832336,84.400000,116.232336
146,109556136.666689,5257.548505,896.250100,72.508955,90.000000,162.508955
147,108790033.227802,3344.905886,890.387058,57.835161,78.800000,136.635161
148,108034555.144389,1189.216248,884.443294,34.485015,60.000000,94.485015
149,107289495.581334,918.501476,878.552698,30.306789,48.500000,78.806789
150,106554655.083280,2782.865346,872.896535,52.752871,42.400000,95.152871
151,105829804.749205,1655.974334,867.235291,40.693665,41.700000,82.393665
152,105114741.803236,488.745845,861.524968,22.107597,40.200000,18.092403
153,104409274.673417,139.460094,855.822179,11.809322,45.400000,33.590678
154,103713212.905415,9.473187,850.137217,3.077854,50.900000,47.822146
155,103026372.979279,384.058832,844.636953,19.597419,54.100000,34.502581
156,102348572.673561,726.510162,839.257459,26.953852,50.100000,23.146148
157,101679630.773465,461.958812,833.912595,21.493227,50.900000,29.406773
158,101019374.055802,96.253386,828.561285,9.810881,52.500000,42.689119
159,100367636.794052,98.484568,823.279754,9.923939,54.900000,44.976061
160,99724260.436507,925.016986,818.197281,30.414092,59.100000,28.685908
161,99089082.041242,1252.379966,813.211241,35.388981,61.700000,26.311019
162,98461942.764249,1076.276278,808.271972,32.806650,63.400000,30.593350
163,97842695.787897,1673.524336,803.445788,40.908732,63.400000,22.491268
164,97231194.265661,2452.230142,798.733752,49.519997,65.500000,15.980003
165,96627276.612349,452.082400,793.904736,21.262229,58.300000,37.037771
166,96030811.941903,0.000206,789.004178,0.014380,58.300000,58.285620
167,95441675.178919,1519.575424,784.402813,38.981732,60.900000,99.881732
168,94859728.359325,2396.765462,779.918386,48.956771,66.600000,115.556771
169,94284832.215120,1864.565569,775.453309,43.180616,74.800000,117.980616
170,93716864.572133,2203.479310,771.064682,46.941233,73.700000,120.641233
171,93155692.260313,1088.498148,766.645087,32.992395,70.200000,103.192395
172,92601195.139534,175.969396,762.160684,13.265346,65.500000,78.765346
173,92053259.873093,135.111068,757.719637,11.623729,61.700000,73.323729
174,91511773.036622,497.672937,753.393690,22.308584,61.700000,84.008584
175,90976620.136408,627.100076,749.134323,25.041966,67.800000,92.841966
176,90447707.350058,3620.884164,745.128738,60.173783,60.000000,120.173783
177,89924894.861641,1146.853999,741.017389,33.865233,62.600000,96.465233
178,89408091.132895,1046.059769,736.944547,32.342847,61.700000,94.042847
179,88897192.698586,865.128834,732.901510,29.413073,61.700000,91.113073
180,88392097.877297,504.151792,728.864872,22.453325,63.400000,85.853325
181,87892712.457845,878.634305,724.914459,29.641766,60.900000,90.541766
182,87398933.369624,34.754376,720.875026,5.895284,60.000000,65.895284
183,86910671.563415,70.058357,716.894551,8.370087,58.300000,66.670087
184,86427835.066759,102.165236,712.967957,10.107682,54.900000,65.007682
185,85950333.275402,10.831197,709.047091,3.291079,53.300000,50.008921
186,85478083.922902,951.120330,705.320679,30.840239,63.400000,32.559761
187,85010990.576913,1.606930,701.473395,1.267648,64.300000,63.032352
188,84548976.156969,337.307156,697.760854,18.365924,77.400000,59.034076
189,84091954.665545,0.243530,693.991842,0.493488,85.800000,86.293488
190,83639849.548022,402.806334,690.368606,20.070036,67.800000,87.870036
191,83192577.937079,58.301733,686.717627,7.635557,57.400000,49.764443
192,82750065.632430,264.663119,683.151408,16.268470,54.100000,37.831530
193,82312234.874876,52.454541,679.575171,7.242551,52.500000,59.742551
194,81879012.984643,75.730704,676.044261,8.702339,51.700000,60.402339
195,81450328.438101,264.595113,672.589927,16.266380,46.200000,62.466380
196,81026111.870249,747.410512,669.229244,27.338810,43.200000,70.538810
197,80606287.991054,103.185686,665.814367,10.158036,41.000000,51.158036
198,80190791.663808,0.505188,662.385998,0.710766,39.600000,38.889234
199,79779556.967860,25.954027,659.015273,5.094510,37.000000,42.094510
200,79372518.506530,18.547080,655.674922,4.306632,36.400000,40.706632
201,78969614.404002,410.308674,652.449446,20.256077,35.700000,55.956077
202,78570785.331150,1457.979238,649.347093,38.183494,35.700000,73.883494
203,78175958.220861,190.383576,646.153378,13.797956,36.400000,50.197956
204,77785080.502159,414.480583,643.024405,20.358796,38.900000,18.541204
205,77398094.351662,864.252276,639.971539,29.398168,53.300000,23.901832
206,77014936.905356,290.197703,636.887695,17.035190,58.300000,41.264810
207,76635558.097151,1038.839744,633.909091,32.231037,57.400000,25.168963
208,76259895.813735,452.280308,630.905943,21.266883,50.100000,28.833117
209,75887896.341397,3.984587,627.838090,1.996143,45.400000,47.396143
210,75519508.495218,0.028349,624.791150,0.168372,41.000000,40.831628
211,75154681.226634,263.898365,621.851313,16.244949,41.000000,24.755051
212,74793360.699935,11.673221,618.878069,3.416610,40.200000,36.783390
213,74435499.391119,347.157440,616.006079,18.632161,37.600000,18.967839
214,74081046.509408,394.231784,613.167266,19.855271,46.200000,26.344729
215,73729951.537456,7.427472,610.274176,2.725339,45.400000,48.125339
216,73382169.783958,219.795948,607.465456,14.825517,45.400000,30.574483
217,73037654.200398,350.485678,604.701399,18.721263,39.600000,20.878737
218,72696357.965661,259.966682,601.951035,16.123482,40.200000,24.076518
219,72358235.384853,3.091912,599.159441,1.758384,46.200000,44.441616
220,72023243.723623,36.559173,596.413548,6.046418,47.700000,53.746418
221,71691339.764464,84.586230,593.707481,9.197077,59.100000,49.902923
222,71362481.044978,138.916483,591.038118,11.786284,58.300000,70.086284
223,71036625.297940,72.443615,588.378178,8.511382,48.500000,39.988618
224,70713742.348267,2376.369984,585.925314,48.748025,56.600000,7.851975
225,70393772.423880,389.058604,583.363320,19.724569,56.600000,36.875431
226,70076684.063585,156.438469,580.791897,12.507537,44.700000,57.207537
227,69762439.041642,44.170180,578.217252,6.646065,50.900000,44.253935
228,69451004.316300,1060.565225,575.781310,32.566320,58.300000,90.866320
229,69142357.595687,5492.178219,573.551657,74.109232,44.700000,118.809232
230,68836419.864702,430.393224,571.105614,20.745921,38.900000,59.645921
231,68533179.807399,926.856713,568.723846,30.444322,36.400000,66.844322
232,68232607.289521,2645.731264,566.455042,51.436672,34.400000,85.836672
233,67934651.764743,792.115374,564.104342,28.144544,34.400000,62.544544
234,67639290.050460,1457.479657,561.817701,38.176952,34.400000,72.576952
235,67346494.704411,3565.113269,559.644068,59.708569,34.400000,94.108569
236,67056213.437529,1240.787744,557.383640,35.224817,34.400000,69.624817
237,66768419.732739,280.221297,555.063281,16.739812,41.700000,58.439812
238,66483087.171062,600.300514,552.795921,24.501031,47.700000,72.201031
239,66200180.553819,32.118913,550.467714,5.667355,44.000000,38.332645
240,65919671.558327,57.617685,548.167387,7.590631,38.300000,30.709369
241,65641530.986648,356.070331,545.934064,18.869826,39.600000,58.469826
242,65365727.089750,203.524981,543.700166,14.266218,37.000000,51.266218
243,65092231.831585,360.388238,541.504700,18.983894,37.600000,18.616106
244,64821015.779600,379.355317,539.329585,19.477046,38.900000,19.422954
245,64552048.926710,4.233009,537.100240,2.057428,36.400000,34.342572
246,64285311.321762,1548.529307,535.043426,39.351357,37.600000,-1.751357
247,64020765.776346,743.785621,532.953834,27.272433,44.000000,16.727567
248,63758392.136014,1597.535505,530.933405,39.969182,41.000000,80.969182
249,63498153.902111,24.829739,528.786668,4.982945,38.900000,33.917055
250,63240032.032600,174.002285,526.690751,13.190993,39.600000,26.409007
251,62983999.981938,115.519192,524.601914,10.747986,38.900000,49.647986
252,62730032.252009,2.959545,522.493520,1.720333,37.000000,38.720333
253,62478104.607103,48.670451,520.423171,6.976421,35.700000,28.723579
254,62228192.561085,93.102621,518.380074,9.648970,34.400000,44.048970
255,61980271.761705,71.916692,516.348601,8.480371,32.000000,40.480371
256,61734318.914047,154.151886,514.348867,12.415792,33.200000,20.784208
257,61490309.781771,8.448241,512.327356,2.906586,32.000000,29.093414
258,61248222.282444,84.952736,510.346607,9.216981,34.400000,43.616981
259,61008033.264804,22.784236,508.363966,4.773284,41.700000,46.473284
260,60769723.590511,756.645561,506.485620,27.507191,36.400000,63.907191
261,60533265.798987,71.169018,504.547684,8.436173,33.800000,42.236173
262,60298641.371410,163.484201,502.641631,12.786094,32.600000,19.813906
263,60065828.153516,17.936759,500.717282,4.235181,32.000000,36.235181
264,59834806.051271,81.569899,498.826183,9.031606,29.000000,38.031606
265,59605555.932721,525.109518,497.002770,22.915268,35.700000,12.784732
266,59378053.987779,46.357993,495.131800,6.808670,38.900000,45.708670
267,59152284.494885,677.356792,493.348128,26.026079,33.200000,59.226079
268,58928222.940718,34.194561,491.501535,5.847612,32.000000,37.847612
269,58705852.433524,38.534317,489.670237,6.207602,35.700000,41.907602
270,58485161.672903,2110.108462,488.002063,45.935917,33.800000,79.735917
271,58266131.594736,4130.802322,486.415057,64.271318,34.400000,98.671318
272,58048737.184312,4429.601138,484.848416,66.555249,32.600000,99.155249
273,57832953.485919,2922.316586,483.246966,54.058455,30.800000,84.858455
274,57618757.571860,56.689880,481.485049,7.529268,30.800000,23.270732
275,57406142.351847,32.948360,479.729532,5.740066,28.400000,22.659934
276,57195091.034520,184.038866,478.015696,13.566093,28.400000,14.833907
277,56985588.809749,983.672093,476.379607,31.363547,27.800000,-3.563547
278,56777613.275821,292.513474,474.703416,17.103025,27.800000,10.696975
279,56571149.710504,132.813615,473.019129,11.524479,27.800000,39.324479
280,56366181.865390,24.459009,471.323210,4.945605,25.700000,20.754395
281,56162694.019926,48.671943,469.646868,6.976528,22.000000,15.023472
282,55960670.518848,160.720154,468.003094,12.677545,28.400000,15.722455
283,55760094.640795,0.542184,466.328302,0.736332,30.200000,30.936332
284,55560952.462286,284.658099,464.723101,16.871814,29.600000,12.728186
285,55363227.392062,207.729484,463.120573,14.412824,29.000000,14.587176
286,55166903.912335,6.109103,461.487066,2.471660,28.400000,25.928340
287,54971968.814542,271.236902,459.914565,16.469271,26.700000,10.230729
288,54778408.466617,830.003835,458.396591,28.809787,27.300000,-1.509787
289,54586204.108904,166.518318,456.833459,12.904198,27.300000,14.395802
290,54395343.388752,38.145502,455.257735,6.176205,27.300000,21.123795
291,54205812.587477,3.422839,453.677917,1.850092,27.800000,25.949908
292,54017598.015643,15.899316,452.116492,3.987395,26.700000,30.687395
293,53830685.960463,14.068485,450.565053,3.750798,26.700000,22.949202
294,53645062.906796,0.396959,449.013553,0.630048,26.700000,26.069952
295,53460715.616448,1.415690,447.474640,1.189828,26.700000,27.889828
296,53277631.339641,106.788833,445.977583,10.333868,26.200000,36.533868
297,53095796.437277,4.947063,444.463066,2.224200,26.200000,28.424200
298,52915198.871216,112.015130,442.987286,10.583720,26.200000,36.783720
299,52735826.386521,315.886391,441.545882,17.773193,26.200000,43.973193
300,52557664.828987,5.356477,440.061992,2.314407,26.200000,28.514407
301,52380703.370713,111.721368,438.615891,10.569833,26.200000,15.630167
302,52204929.209598,3.358422,437.150175,1.832600,26.700000,24.867400
303,52030330.887301,30.843000,435.706708,5.553648,27.800000,33.353648
304,51856896.730105,83.728456,434.284854,9.150326,27.800000,36.950326
305,51684615.460299,234.518443,432.892924,15.313995,27.800000,12.486005
306,51513475.306658,289.060766,431.515801,17.001787,27.800000,10.798213
307,51343465.127980,391.167340,430.156930,19.777951,27.800000,8.022049
308,51174573.163728,307.995090,428.799670,17.549789,27.800000,10.250211
309,51006788.589842,278.128709,427.448448,16.677191,27.800000,11.122809
310,50840100.263662,160.778694,426.092996,12.679854,27.800000,15.120146
311,50674497.534511,62.414278,424.730804,7.900271,27.800000,19.899729
312,50509970.188944,75.099955,423.379945,8.666023,27.800000,19.133977
313,50346507.675786,53.623049,422.033481,7.322776,27.800000,20.477224
314,50184099.702243,35.877516,420.691405,5.989784,27.800000,21.810216
315,50022736.084597,14.614253,419.350991,3.822859,27.800000,23.977141
316,49862406.827547,7.885130,418.015918,2.808047,27.800000,24.991953
317,49703102.030185,5.253156,416.687726,2.291977,27.800000,25.508023
318,49544811.919527,7.283428,415.369290,2.698783,27.800000,25.101217
319,49387526.821398,6.009099,414.058440,2.451346,27.800000,25.348654
320,49231237.226158,14.725634,412.760272,3.837399,27.800000,23.962601
321,49075933.735871,30.804882,411.475698,5.550215,27.800000,22.249785
322,48921610.124988,1025.475162,410.282450,32.023041,27.800000,59.823041
323,48768250.884184,12.308531,409.007296,3.508352,26.700000,30.208352
324,48615850.353769,81.151395,407.757300,9.008407,26.700000,35.708407
325,48464399.144008,12.020419,406.497829,3.467048,26.700000,23.232952
326,48313888.589233,0.506507,405.237623,0.711694,26.700000,27.411694
327,48164310.002881,5.197540,403.990076,2.279811,26.700000,28.979811
328,48015654.762279,12.048010,402.753906,3.471024,26.700000,30.171024
329,47867914.362374,24.792985,401.529984,4.979256,26.700000,31.679256
330,47721080.341277,23.484670,400.313162,4.846098,26.700000,31.546098
331,47575144.394713,25.815018,399.104501,5.080848,26.700000,31.780848
332,47430098.250875,9.215837,397.896974,3.035760,29.600000,32.635760
333,47285934.346064,173.567962,396.727605,13.174519,34.400000,47.574519
334,47142645.722275,688.495845,395.604913,26.239204,34.400000,60.639204
335,47000220.997729,61.897465,394.433501,7.867494,28.400000,20.532506
336,46858656.917621,946.401940,393.338109,30.763646,28.400000,-2.363646
337,46717941.358926,375.872133,392.215134,19.387422,27.800000,8.412578
338,46578067.701405,139.746850,391.076231,11.821457,29.000000,17.178543
339,46439028.846377,51.267170,389.930213,7.160110,29.600000,22.439890
340,46300817.455714,1.583617,388.773452,1.258419,30.800000,29.541581
341,46163426.426564,40.631895,387.638736,6.374315,30.200000,36.574315
342,46026848.248080,2.099236,386.496162,1.448874,29.600000,28.151126
343,45891076.009774,59.462073,385.378803,7.711166,29.600000,21.888834
344,45756102.394600,46.850762,384.265467,6.844762,29.600000,22.755238
345,45621920.283251,2.424730,383.143155,1.557155,27.800000,26.242845
346,45488522.870843,5.239411,382.029547,2.288976,28.400000,30.688976
347,45355903.480123,71.854084,380.940471,8.476679,27.300000,35.776679
348,45224054.926026,0.870639,379.835799,0.933081,27.800000,28.733081
349,45092970.710319,0.507200,378.736890,0.712180,27.300000,28.012180
350,44962644.245821,13.993908,377.653086,3.740843,30.200000,26.459157
351,44833069.099733,68.553417,376.588609,8.279699,34.400000,26.120301
352,44704238.443810,0.838310,375.509089,0.915593,38.300000,37.384407
353,44576146.482566,143.969812,374.467512,11.998742,38.300000,50.298742
354,44448786.088298,8.488727,373.405930,2.913542,45.400000,42.486458
355,44322152.306971,328.842643,372.393759,18.134019,70.200000,52.065981
356,44196243.694040,2320.555351,371.472675,48.172143,59.100000,107.272143
357,44071041.872829,0.806256,370.422888,0.897918,41.700000,42.597918
358,43946549.091906,597.426076,369.445542,24.442301,37.600000,13.157699
359,43822756.053615,20.498583,368.417604,4.527536,35.100000,39.627536
360,43699658.738792,111.976671,367.412447,10.581903,34.400000,44.981903
361,43577250.810229,28.241744,366.398167,5.314296,33.800000,28.485704
362,43455528.100153,520.603215,365.438442,22.816731,31.400000,54.216731
363,43334484.073612,722.572071,364.495384,26.880701,31.400000,58.280701
364,43214110.937068,154.917661,363.517471,12.446592,31.400000,43.846592
365,43094404.800504,195.637529,362.549242,13.987049,30.800000,44.787049
366,42975362.326459,1029.196225,361.636347,32.081088,30.200000,-1.881088
367,42856974.321737,516.612123,360.702718,22.729103,29.600000,52.329103
368,42739238.701221,1208.453981,359.807279,34.762825,29.600000,64.362825
369,42622145.349318,165.256646,358.856725,12.855219,29.000000,41.855219
370,42505693.228261,669.042341,357.946914,25.865853,28.400000,2.534147
371,42389874.181708,103.143509,356.999255,10.155959,27.300000,17.144041
372,42274684.380282,27.257020,356.043335,5.220826,27.300000,22.079174
373,42160120.710738,690.318508,355.149651,26.273913,29.000000,2.726087
374,42046174.909067,174.092256,354.225448,13.194402,28.400000,15.205598
375,41932842.950626,18.327614,353.282202,4.281076,27.800000,32.081076
376,41820121.536401,476.858780,352.391220,21.837096,27.300000,49.137096
377,41708003.292651,16.617904,351.457400,4.076506,27.800000,31.876506
378,41596484.592950,9.604461,350.525961,3.099107,25.200000,28.299107
379,41485560.876632,90.973408,349.616660,9.537998,27.800000,18.262002
380,41375226.999224,22.971462,348.699575,4.792855,27.300000,32.092855
381,41265478.466027,29.984039,347.789167,5.475768,27.300000,32.775768
382,41156310.558681,9.489181,346.877240,3.080452,27.300000,24.219548
383,41047718.718763,3.229563,345.966738,1.797099,27.300000,25.502901
384,40939698.413667,2.782268,345.060689,1.668014,25.700000,27.368014
385,40832245.183913,17.877626,344.166115,4.228194,25.700000,21.471806
386,40725354.492645,1.119262,343.267926,1.057952,25.700000,26.757952
387,40619022.024330,19.128316,342.383085,4.373593,26.200000,30.573593
388,40513243.374157,20.357597,341.503212,4.511939,25.200000,29.711939
389,40408014.244301,28.379623,340.630028,5.327253,25.700000,31.027253
390,40303330.350874,31.381530,339.762079,5.601922,25.700000,31.301922
391,40199187.378989,0.231332,338.885384,0.480970,25.700000,25.219030
392,40095581.249368,9.085963,338.019737,3.014293,26.700000,23.685707
393,39992507.935795,62.269658,337.171077,7.891113,26.700000,34.591113
394,39889963.114398,27.591055,336.320004,5.252719,25.700000,30.952719
395,39787942.770224,8.542123,335.467326,2.922691,25.700000,28.622691
396,39686443.007506,35.784800,334.626802,5.982040,26.200000,32.182040
397,39585459.884233,75.561471,333.797453,8.692610,26.200000,17.507390
398,39484990.148412,383.970673,332.999985,19.595170,25.700000,6.104830
399,39385028.563092,163.946815,332.189363,12.804172,25.700000,12.895828
400,39285571.673508,100.287780,331.375790,10.014379,24.600000,14.585621
401,39186615.985558,163.557568,330.573304,12.788963,25.700000,12.911037
402,39088157.184564,13.189896,329.751843,3.631790,25.700000,22.068210
403,38990191.973588,38.005015,328.940848,6.164821,25.700000,31.864821
404,38892716.521139,10.994175,328.126785,3.315747,25.200000,21.884253
405,38795727.230605,11.016904,327.316791,3.319172,25.200000,21.880828
406,38699220.450486,1.622838,326.505739,1.273907,25.200000,23.926093
407,38603192.616939,3.530992,325.700214,1.879093,24.600000,22.720907
408,38507640.287820,51.652998,324.911815,7.187002,25.200000,18.012998
409,38412559.695316,0.323659,324.110968,0.568911,24.600000,24.031089
410,38317947.519068,16.138655,323.322560,4.017295,24.600000,20.582705
411,38223800.291132,25.748962,322.540623,5.074344,25.200000,20.125656
412,38130114.506514,0.167160,321.751085,0.408853,25.700000,26.108853
413,38036886.882342,16.220093,320.974254,4.027418,24.600000,28.627418
414,37944114.030529,17.638892,320.201634,4.199868,24.600000,20.400132
415,37851792.608775,9.689900,319.430128,3.112860,26.700000,23.587140
416,37759919.652974,134.818523,318.682995,11.611138,26.700000,38.311138
417,37668491.337924,25.537468,317.923601,5.053461,26.200000,31.253461
418,37577504.644114,0.100657,317.156436,0.317266,26.200000,26.517266
419,37486956.443815,1.519800,316.395174,1.232802,26.700000,27.932802
420,37396843.569554,0.751489,315.636693,0.866885,27.300000,26.433115
421,37307162.892979,1.437424,314.882646,1.198927,27.300000,28.498927
422,37217911.312244,2.146020,314.132842,1.464930,28.400000,29.864930
423,37129085.780427,13.480963,313.391885,3.671643,29.600000,33.271643
424,37040683.318539,51.787248,312.662848,7.196336,29.000000,36.196336
425,36952701.115145,175.689934,311.951665,13.254808,29.600000,16.345192
426,36865135.958679,205.086178,311.246379,14.320830,30.800000,16.479170
427,36777984.476176,58.860103,310.528709,7.672034,29.600000,21.927966
428,36691244.066677,50.848440,309.813148,7.130809,27.300000,20.169191
429,36604912.174218,189.771658,309.116589,13.775763,27.300000,13.524237
430,36518985.272268,51.943555,308.407882,7.207188,26.200000,18.992812
431,36433460.740266,10.107595,307.693060,3.179245,25.200000,22.020755
432,36348335.845164,5.636502,306.979698,2.374132,25.700000,23.325868
433,36263607.789790,0.089843,306.264827,0.299740,25.200000,25.499740
434,36179273.819226,0.446999,305.554138,0.668580,23.600000,22.931420
435,36095331.207388,8.117233,304.851806,2.849076,24.600000,21.750924
436,36011777.267901,29.348715,304.158671,5.417446,24.600000,30.017446
437,35928609.215794,10.705662,303.463782,3.271951,24.100000,27.371951
438,35845824.421311,8.410122,302.771239,2.900021,24.100000,21.199979
439,35763420.235890,3.763133,302.079673,1.939880,24.100000,26.039880
440,35681394.044913,0.969950,301.389088,0.984861,24.100000,25.084861
441,35599743.350662,40.657387,300.714002,6.376315,24.100000,17.723685
442,35518465.417046,8.426882,300.034068,2.902909,24.100000,21.197091
443,35437557.751040,0.040380,299.351077,0.200948,24.100000,24.300948
444,35357017.918566,31.462612,298.683481,5.609154,24.100000,18.490846
445,35276843.281004,2.753731,298.009957,1.659437,25.200000,23.540563
446,35197031.619906,89.075638,297.357080,9.437989,24.600000,34.037989
447,35117580.110004,12.733291,296.693900,3.568374,26.200000,29.768374
448,35038486.490702,13.140024,296.033835,3.624917,27.800000,31.424917
449,34959748.435978,52.138208,295.384816,7.220679,32.000000,39.220679
450,34881363.448995,44.241534,294.737432,6.651431,38.300000,44.951431
451,34803329.581273,224.577614,294.111590,14.985914,36.400000,51.385914
452,34725643.607084,13.144223,293.463183,3.625496,35.700000,32.074504
453,34648304.581343,421.049538,292.855291,20.519492,44.700000,24.180508
454,34571308.349098,0.071021,292.205093,0.266498,58.300000,58.033502
455,34494653.807985,110.307274,291.580476,10.502727,67.800000,78.302727
456,34418338.946640,336.480166,290.975969,18.343396,64.300000,45.956604
457,34342362.502021,1009.534192,290.403778,31.773168,64.300000,32.526832
458,34266719.555424,464.746772,289.811606,21.557986,60.000000,38.442014
459,34191409.466663,629.169056,289.229786,25.083243,60.900000,35.816757
460,34116428.730062,193.576816,288.626021,13.913189,55.700000,41.786811
461,34041775.755367,19.294384,288.004066,4.392537,49.300000,44.907463
462,33967448.927631,88.652456,287.395794,9.415543,41.700000,51.115543
463,33893446.178767,187.198824,286.799468,13.682062,35.100000,48.782062
464,33819764.799753,11.832371,286.183469,3.439822,33.200000,36.639822
465,33746403.289936,108.774107,285.585304,10.429483,32.600000,22.170517
466,33673359.145402,8.515261,284.973470,2.918092,30.800000,27.881908
467,33600630.651441,66.441660,284.375582,8.151175,30.200000,38.351175
468,33528215.516945,8.244966,283.768892,2.871405,29.600000,32.471405
469,33456111.839359,5.439488,283.163652,2.332271,29.600000,27.267729
470,33384317.919612,145.237460,282.581866,12.051451,29.600000,17.548549
471,33312831.446505,134.978705,282.001644,11.618034,29.600000,17.981966
472,33241650.807272,292.285125,281.435607,17.096348,32.000000,14.903652
473,33170773.328799,113.403568,280.858237,10.649111,30.200000,19.550889
474,33100197.448544,109.609072,280.282942,10.469435,29.600000,19.130565
475,33029921.100088,37.325515,279.700832,6.109461,27.300000,21.190539
476,32959942.642439,89.090138,279.128243,9.438757,28.400000,18.961243
477,32890259.993138,49.523067,278.552998,7.037263,27.800000,20.762737
478,32820871.322046,29.895198,277.976868,5.467650,26.200000,20.732350
479,32751774.751075,0.110832,277.392355,0.332916,27.300000,26.967084
480,32682968.647641,69.516689,276.827114,8.337667,27.800000,36.137667
481,32614450.979884,41.127495,276.260208,6.413072,40.200000,46.613072
482,32546219.978922,32.520067,275.694188,5.702637,60.900000,66.602637
483,32478274.873544,514.502633,275.165980,22.682650,56.600000,79.282650
484,32410611.892759,44.096766,274.606552,6.640540,46.200000,39.559460
485,32343231.379743,585.132232,274.085935,24.189507,45.400000,21.210493
486,32276129.990466,361.748083,273.556752,19.019676,47.700000,28.680324
487,32209306.520850,394.165871,273.031486,19.853611,51.700000,31.846389
488,32142759.214538,410.266110,272.509221,20.255027,53.300000,33.044973
489,32076485.521631,18.154436,271.956131,4.260802,50.900000,55.160802
490,32010484.549511,13.071602,271.403990,3.615467,51.700000,55.315467
491,31944754.972361,180.477386,270.874278,13.434187,59.100000,45.665813
492,31879294.441916,16.114947,270.327434,4.014343,55.700000,51.685657
493,31814102.345774,359.428604,269.813387,18.958602,53.300000,34.341398
494,31749175.799828,94.832025,269.282621,9.738174,51.700000,41.961826
495,31684514.868473,658.504671,268.786448,25.661346,50.900000,76.561346
496,31620117.114803,820.062976,268.298339,28.636742,38.900000,67.536742
497,31555979.144256,97.635016,267.774166,9.881043,37.600000,27.718957
498,31492100.811300,82.663832,267.250517,9.091965,37.600000,46.691965
499,31428481.255262,420.572464,266.752047,20.507863,38.300000,58.807863
500,31365117.393145,5.645349,266.219031,2.375994,42.400000,44.775994
501,31302008.505448,0.208103,265.684297,0.456184,47.700000,48.156184
502,31239153.071624,2.460889,265.153945,1.568722,47.000000,48.568722
503,31176549.677058,59.182988,264.637991,7.693048,48.500000,40.806952
504,31114196.676029,49.162937,264.122738,7.011629,49.300000,42.288371
505,31052092.496911,2.937465,263.598968,1.713904,47.700000,45.986096
506,30990236.004789,133.451916,263.096883,11.552139,41.700000,30.147861
507,30928625.198729,0.556645,262.575311,0.746087,38.900000,39.646087
508,30867259.032573,77.456042,262.071790,8.800911,37.000000,45.800911
509,30806135.762241,7.514728,261.558264,2.741300,35.100000,32.358700
510,30745254.211142,70.906345,261.057992,8.420591,34.400000,25.979409
511,30684612.692011,4.011461,260.547035,2.002863,36.400000,38.402863
512,30624210.245796,170.014907,260.059815,13.038977,49.300000,36.261023
513,30564045.258085,231.501201,259.578784,15.215164,65.500000,50.284836
514,30504116.473685,365.213693,259.107278,19.110565,87.200000,68.089435
515,30444424.850335,1696.941923,258.680833,41.193955,109.000000,67.806045
516,30384965.301320,1135.754813,258.241419,33.700962,113.000000,79.299038
517,30325736.744607,715.707481,257.790174,26.752710,98.000000,71.247290
518,30266740.844721,1844.203165,257.372186,42.944187,109.000000,66.055813
519,30207971.621723,591.000690,256.919639,24.310506,127.000000,102.689494
520,30149429.411183,190.983005,256.448515,13.819660,125.000000,138.819660
521,30091113.397617,50.397761,255.966214,7.099138,115.000000,122.099138
522,30033022.952800,262.982324,255.503377,16.216730,115.000000,131.216730
523,29975161.102224,2722.504196,255.111613,52.177622,91.600000,143.777622
524,29917516.662178,52.277981,254.634918,7.230351,87.200000,79.969649
525,29860094.420355,528.672700,254.190308,22.992884,85.800000,62.807116
526,29802893.404769,1164.284308,253.768720,34.121611,71.300000,105.421611
527,29745909.211008,160.067480,253.307693,12.651778,70.200000,82.851778
528,29689143.622400,740.780701,252.876223,27.217287,63.400000,90.617287
529,29632594.049933,618.077415,252.441909,24.861163,61.700000,86.561163
530,29576260.351002,1068.411735,252.024123,32.686568,61.700000,29.013432
531,29520138.518187,54.457526,251.559902,7.379534,60.900000,53.520466
532,29464232.795893,1917.147236,251.166389,43.785240,60.900000,104.685240
533,29408535.053945,127.305413,250.712923,11.282970,63.400000,52.117030
534,29353047.793998,287.282090,250.271860,16.949398,62.600000,45.650602
535,29297769.174245,100.705049,249.819437,10.035191,66.600000,56.564809
536,29242700.199885,1074.814697,249.411476,32.784367,76.000000,43.215633
537,29187837.493284,877.581388,248.999117,29.624000,90.000000,60.376000
538,29133179.983590,727.316740,248.583330,26.968811,116.000000,89.031189
539,29078726.353903,488.101016,248.159984,22.093008,111.000000,88.906992
540,29024480.509046,2953.510418,247.798391,54.346209,132.000000,77.653791
541,28970431.227517,16.328142,247.344466,4.040810,123.000000,127.040810
542,28916582.857549,8.184735,246.890036,2.860898,113.000000,115.860898
543,28862934.867158,316.036748,246.464966,17.777422,98.000000,115.777422
544,28809486.099390,600.272328,246.053920,24.500456,87.200000,111.700456
545,28756236.067216,1218.693349,245.663635,34.909789,78.800000,113.709789
546,28703181.257501,529.201978,245.252825,23.004390,69.000000,92.004390
547,28650320.906764,10.807110,244.807217,3.287417,63.400000,60.112583
548,28597654.876256,0.310482,244.358228,0.557209,61.700000,61.142791
549,28545182.815938,382.002983,243.945726,19.544897,62.600000,43.055103
550,28492902.276586,8.329909,243.504225,2.886158,62.600000,65.486158
551,28440812.951342,41.367674,243.070820,6.431771,64.300000,57.868229
552,28388913.699051,22.696365,242.635954,4.764070,76.000000,71.235930
553,28337203.489392,8.595723,242.199334,2.931846,84.400000,81.468154
554,28285682.622856,726.895091,241.807992,26.960992,84.400000,111.360992
555,28234347.479510,18.639177,241.376974,4.317311,84.400000,80.082689
556,28183199.054201,416.708523,240.976678,20.413440,66.600000,87.013440
557,28132236.503452,908.490179,240.595420,30.141171,54.900000,85.041171
558,28081456.398383,58.295043,240.174914,7.635119,52.500000,44.864881
559,28030859.184615,2.757313,239.745159,1.660516,52.500000,54.160516
560,27980444.423234,251.856850,239.342506,15.869998,55.700000,39.830002
561,27930210.572749,189.703075,238.937534,13.773274,55.700000,41.926726
562,27880156.447356,8.603534,238.514587,2.933178,59.100000,56.166822
563,27830281.776915,215.671001,238.114178,14.685741,64.300000,49.614259
564,27780584.853855,4.863229,237.692912,2.205273,47.700000,45.494727
565,27731065.113507,10.518720,237.274998,3.243258,44.000000,47.243258
566,27681721.798480,122.068244,236.872460,11.048450,41.700000,52.748450
567,27632554.715782,654.239295,236.497159,25.578102,41.700000,67.278102
568,27583561.502061,382.177267,236.112499,19.549355,43.200000,62.749355
569,27534741.246173,116.925031,235.713740,10.813188,41.700000,52.513188
570,27486093.303576,5.736700,235.301516,2.395141,47.700000,45.304859
571,27437617.026869,44.410497,234.898275,6.664120,52.500000,45.835880
572,27389311.463023,56.762340,234.497986,7.534079,54.900000,47.365921
573,27341175.903903,178.323734,234.109332,13.353791,57.400000,44.046209
574,27293208.995003,37.831064,233.709405,6.150696,54.900000,48.749304
575,27245411.345638,751.207626,233.348107,27.408167,45.400000,72.808167
576,27197780.273825,438.268347,232.976755,20.934860,41.700000,62.634860
577,27150314.786019,55.761104,232.583196,7.467336,40.200000,47.667336
578,27103015.040041,260.594529,232.206122,16.142941,40.200000,24.057059
579,27055879.413032,29.510065,231.811733,5.432317,38.900000,33.467683
580,27008907.500972,58.066292,231.422511,7.620124,39.600000,31.979876
581,26962098.770109,269.793164,231.049899,16.425382,46.200000,29.774618
582,26915452.295083,436.205210,230.686293,20.885526,64.300000,43.414474
583,26868966.203453,5.240930,230.291825,2.289308,67.800000,70.089308
584,26822640.452171,30.459910,229.904286,5.519050,63.400000,57.880950
585,26776475.070143,553.493980,229.549074,23.526453,61.700000,38.173547
586,26730467.794026,240.370109,229.181299,15.503874,65.500000,49.996126
587,26684617.987291,30.467424,228.797660,5.519730,57.400000,62.919730
588,26638925.894684,435.905027,228.441634,20.878339,55.700000,34.821661
589,26593389.480986,123.880968,228.070161,11.130183,53.300000,42.169817
590,26548008.460833,111.671538,227.698996,10.567476,49.300000,59.867476
591,26502781.877108,3.814333,227.314420,1.953032,47.000000,45.046968
592,26457709.165403,27.394428,226.936733,5.233969,43.200000,37.966031
593,26412789.468756,7.840714,226.556195,2.800128,42.400000,39.599872
594,26368022.081007,30.696686,226.181592,5.540459,41.000000,46.540459
595,26323406.826178,406.476953,225.832996,20.161274,39.600000,59.761274
596,26278942.724901,658.869983,225.494880,25.668463,39.600000,65.268463
597,26234627.700427,133.212112,225.134082,11.541755,36.400000,47.941755
598,26190462.123431,274.964770,224.782985,16.582062,35.700000,52.282062
599,26146444.997282,272.064460,224.432920,16.494377,37.600000,54.094377
600,26102575.127520,2.619641,224.059070,1.618531,44.000000,45.618531
601,26058852.286437,39.000694,223.694223,6.245054,55.700000,49.454946
602,26015275.611201,0.495572,223.321329,0.703969,70.200000,69.496031
603,25971844.622542,113.404308,222.966284,10.649146,63.400000,74.049146
604,25928558.274158,35.591864,222.604616,5.965892,53.300000,47.334108
605,25885416.121724,124.661372,222.252804,11.165186,50.900000,39.734814
606,25842417.108805,10.344443,221.888956,3.216278,52.500000,49.283722
607,25799560.695689,0.000040,221.520991,0.006388,51.700000,51.693612
608,25756846.194611,2.044307,221.156602,1.429793,47.700000,49.129793
609,25714272.901374,3.786745,220.794270,1.945956,41.700000,43.645956
610,25671840.132802,15.146471,220.436345,3.891847,38.300000,42.191847
611,25629547.293925,86.934192,220.088549,9.323851,37.000000,27.676149
612,25587393.774824,207.680854,219.750264,14.411136,40.200000,25.788864
613,25545378.975008,380.687030,219.421464,19.511203,49.300000,29.788797
614,25503501.460339,95.026414,219.077737,9.748149,44.700000,54.448149
615,25461761.429191,342.429316,218.749467,18.504846,38.300000,56.804846
616,25420157.325537,49.992671,218.403587,7.070550,35.100000,42.170550
617,25378688.952060,44.384317,218.058168,6.662156,35.100000,28.437844
618,25337355.583123,0.424654,217.704086,0.651655,35.100000,34.448345
619,25296157.040214,251.694078,217.375892,15.864869,50.900000,35.035131
620,25255091.850302,0.054504,217.023388,0.233462,60.900000,60.666538
621,25214159.809987,22.976194,216.679417,4.793349,60.000000,64.793349
622,25173360.199660,0.627693,216.330086,0.792271,42.400000,43.192271
623,25132692.670270,159.507124,216.001006,12.629613,44.000000,31.370387
624,25092156.198932,80.441098,215.667083,8.968896,43.200000,34.231104
625,25051750.179465,18.109645,215.326646,4.255543,42.400000,38.144457
626,25011474.235924,113.297112,214.997574,10.644112,35.100000,45.744112
627,24971328.113773,440.135592,214.686148,20.979409,33.800000,54.779409
628,24931310.688826,454.946887,214.376282,21.329484,33.800000,55.129484
629,24891421.005541,258.635994,214.059011,16.082164,33.800000,49.882164
630,24851658.359425,4.536401,213.720466,2.129883,33.200000,35.329883
631,24812022.580789,25.154836,213.387604,5.015460,32.600000,27.584540
632,24772512.990729,0.023377,213.048058,0.152899,39.800000,39.647101
633,24733132.305490,2061.975315,212.781541,45.408978,30.200000,75.608978
634,24693874.202982,527.725361,212.480256,22.972274,29.000000,51.972274
635,24654739.806041,69.732983,212.156755,8.350628,29.000000,37.350628
636,24615729.590857,283.810028,211.847720,16.846662,29.000000,45.846662
637,24576842.875313,438.651546,211.546134,20.944010,30.200000,51.144010
638,24538078.144386,3.467333,211.215402,1.862078,31.400000,33.262078
639,24499435.503188,0.983567,210.884341,0.991750,30.200000,29.208250
640,24460914.467880,57.047238,210.564638,7.552962,32.600000,40.152962
641,24422514.836493,349.274522,210.263420,18.688888,32.600000,51.288888
642,24384235.036264,2.290256,209.936226,1.513359,33.200000,31.686641
643,24346075.094471,32.230627,209.616571,5.677202,30.200000,24.522798
644,24308034.421201,44.201722,209.299434,6.648438,29.000000,35.648438
645,24270113.037082,427.201157,209.005158,20.668845,28.400000,49.068845
646,24232309.159837,23.845875,208.687211,4.883224,30.800000,35.683224
647,24194622.845440,9.002368,208.367325,3.000395,35.100000,32.099605
648,24157053.647322,59.257191,208.055727,7.697869,41.700000,49.397869
649,24119600.937778,55.991996,207.744761,7.482780,60.900000,53.417220
650,24082266.944863,1841.514098,207.489603,42.912866,40.200000,83.112866
651,24045045.514378,1.421076,207.170751,1.192089,35.700000,36.892089
652,24007939.009326,30.240952,206.859529,5.499177,33.800000,28.300823
653,23970947.230837,274.770215,206.566334,16.576194,30.200000,46.776194
654,23934069.076316,146.791736,206.267180,12.115764,29.600000,41.715764
655,23897303.996195,1.918048,205.952460,1.384936,31.400000,32.784936
656,23860652.854267,759.458745,205.678850,27.558279,35.100000,62.658279
657,23824113.414877,398.932505,205.394461,19.973295,35.100000,55.073295
658,23787685.123607,10.924227,205.085456,3.305182,32.000000,35.305182
659,23751368.096580,32.421167,204.781042,5.693959,31.400000,37.093959
660,23715161.807379,42.380557,204.478799,6.510035,30.200000,23.689965
661,23679066.097819,280.626948,204.193066,16.751924,27.800000,44.551924
662,23643080.697341,672.582817,203.922156,25.934202,29.000000,54.934202
663,23607204.209190,475.006325,203.645786,21.794640,29.000000,50.794640
664,23571435.748309,20.027110,203.344013,4.475166,27.300000,31.775166
665,23535775.931397,296.769821,203.062444,17.227009,26.200000,43.427009
666,23500223.465605,43.577237,202.765675,6.601306,27.300000,33.901306
667,23464778.260548,52.512771,202.470774,7.246570,28.400000,21.153430
668,23429439.838774,66.202228,202.178102,8.136475,28.400000,36.536475
669,23394208.777275,783.942321,201.916178,27.998970,28.400000,56.398970
670,23359082.337723,0.035547,201.613284,0.188540,28.400000,28.211460
671,23324061.254978,20.146462,201.317745,4.488481,28.400000,23.911519
672,23289145.017037,14.310881,201.022034,3.782973,28.400000,24.617027
673,23254333.265945,83.536311,200.735215,9.139820,27.800000,18.660180
674,23219625.729702,283.983155,200.460762,16.851800,27.800000,10.948200
675,23185021.489096,180.283104,200.182023,13.426954,28.400000,14.973046
676,23150519.969119,0.064243,199.884510,0.253463,29.000000,29.253463
677,23116120.980056,0.330288,199.588359,0.574707,29.000000,28.425293
678,23081824.126861,41.926221,199.301840,6.475046,29.000000,22.524954
679,23047628.835898,2.726686,199.009025,1.651268,28.400000,26.748732
680,23013534.741728,21.176883,198.721440,4.601835,29.600000,24.998165
681,22979541.546148,141.334269,198.445468,11.888409,35.700000,23.811591
682,22945649.131143,484.173062,198.185230,22.003933,29.600000,51.603933
683,22911855.837363,2.654617,197.895751,1.629300,28.400000,26.770700
684,22878162.024299,62.953544,197.616396,7.934327,29.000000,21.065673
685,22844567.087343,9.957594,197.330845,3.155566,27.800000,30.955566
686,22811070.655326,0.451104,197.042488,0.671644,27.800000,27.128356
687,22777672.315564,4.598051,196.757132,2.144307,27.800000,25.655693
688,22744371.731876,73.073353,196.481973,8.548295,28.400000,36.948295
689,22711168.366231,66.265102,196.207021,8.140338,27.800000,35.940338
690,22678061.710481,2.521563,195.923320,1.587943,27.800000,29.387943
691,22645051.474545,29.622140,195.646056,5.442623,27.800000,33.242623
692,22612137.156873,0.916385,195.363078,0.957281,27.300000,28.257281
693,22579318.394001,9.537898,195.084014,3.088349,27.300000,30.388349
694,22546594.817232,50.423553,194.811575,7.100954,27.800000,34.900954
695,22513965.922038,28.237938,194.537338,5.313938,28.400000,33.713938
696,22481431.290010,0.558825,194.257295,0.747547,27.800000,28.547547
697,22448990.586731,23.917504,193.984039,4.890553,27.800000,32.690553
698,22416643.344440,4.437324,193.707558,2.106496,27.800000,29.906496
699,22384389.250238,47.873669,193.438798,6.919080,27.800000,20.880920
700,22352228.148433,262.394057,193.184142,16.198582,32.000000,15.801418
701,22320159.130443,122.609625,192.922864,11.072923,27.800000,38.872923
702,22288181.994586,118.302225,192.662052,10.876683,27.800000,16.923317
703,22256296.327435,100.655507,192.400780,10.032722,27.800000,17.767278
704,22224501.618489,0.065619,192.126288,0.256164,28.400000,28.143836
705,22192797.626252,3.060011,191.854709,1.749289,29.000000,27.250711
706,22161183.970262,11.121817,191.586162,3.334939,28.400000,25.065061
707,22129660.241831,2.882827,191.316051,1.697889,28.400000,30.097889
708,22098226.072120,4.765199,191.047396,2.182934,27.800000,29.982934
709,22066881.081094,7.399282,190.780265,2.720162,28.400000,25.679838
710,22035624.881554,4.205551,190.512943,2.050744,28.400000,30.450744
711,22004457.096608,0.924672,190.244836,0.961599,28.400000,27.438401
712,21973377.357093,1.520243,189.977870,1.232982,28.400000,29.632982
713,21942385.291343,2.739988,189.712253,1.655291,28.400000,30.055291
714,21911480.528382,3.589260,189.447721,1.894534,27.800000,29.694534
715,21880662.707121,9.611803,189.185629,3.100291,27.300000,24.199709
716,21849931.442773,2.491363,188.922136,1.578405,26.700000,28.278405
717,21819286.389124,8.190888,188.661182,2.861973,25.700000,28.561973
718,21788727.179838,10.959259,188.401587,3.310477,25.200000,21.889523
719,21758253.437391,1.330104,188.139701,1.153301,25.200000,24.046699
720,21727864.948375,95.301582,187.890571,9.762253,25.200000,34.962253
721,21697561.146710,39.154741,187.637247,6.257375,25.700000,31.957375
722,21667341.761664,42.683799,187.385013,6.533284,25.700000,32.233284
723,21637206.415237,27.680383,187.131711,5.261215,25.700000,30.961215
724,21607154.779991,29.038409,186.879291,5.388730,25.700000,31.088730
725,21577186.547694,59.293684,186.630776,7.700239,25.700000,33.400239
726,21547301.331072,60.146653,186.383026,7.755427,25.200000,32.955427
727,21517498.742229,29.597436,186.132760,5.440353,25.200000,30.640353
728,21487778.477629,27.172282,185.882870,5.212704,24.600000,29.812704
729,21458140.216424,39.103722,185.635105,6.253297,25.200000,31.453297
730,21428583.586040,26.557555,185.386508,5.153402,26.200000,31.353402
731,21399108.240967,7.718277,185.135327,2.778179,25.700000,22.921821
732,21369713.919845,42.464095,184.889971,6.516448,25.700000,19.183552
733,21340400.228599,33.001392,184.644230,5.744684,25.200000,19.455316
734,21311166.854820,37.370117,184.399667,6.113110,25.700000,19.586890
735,21282013.421368,7.001478,184.151030,2.646031,24.600000,21.953969
736,21252939.667999,25.955053,183.906418,5.094610,25.200000,20.105390
737,21223945.216404,6.648565,183.659040,2.578481,25.200000,22.621519
738,21195029.770708,8.075978,183.412695,2.841827,25.200000,22.358173
739,21166193.016131,15.156568,183.168451,3.893144,25.200000,21.306856
740,21137434.622417,15.242579,182.924885,3.904175,24.600000,20.695825
741,21108754.271049,15.664362,182.682053,3.957823,24.600000,20.642177
742,21080151.638086,11.144170,182.439040,3.338289,24.600000,21.261711
743,21051626.400162,0.812027,182.193386,0.901126,24.600000,23.698874
744,21023178.256688,0.229676,181.947827,0.479246,24.600000,25.079246
745,20994806.896094,0.056279,181.702603,0.237234,24.600000,24.362766
746,20966512.014007,4.387618,181.460544,2.094664,24.100000,26.194664
747,20938293.290186,0.215426,181.216942,0.464140,24.100000,23.635860
748,20910150.431839,6.679871,180.976845,2.584545,24.100000,21.515455
749,20882083.115931,0.079921,180.734302,0.282704,23.600000,23.317296
750,20854091.068564,15.780413,180.497356,3.972457,22.500000,26.472457
751,20826173.948065,2.055490,180.257646,1.433698,22.500000,23.933698
752,20798331.493716,18.095462,180.022346,4.253876,22.000000,26.253876
753,20770563.385339,18.318915,179.787711,4.280060,22.000000,26.280060
754,20742869.355797,41.229013,179.556555,6.420982,22.000000,28.420982
755,20715249.073976,37.708101,179.325642,6.140692,22.000000,28.140692
756,20687702.297911,73.473163,179.098575,8.571649,22.000000,30.571649
757,20660228.664698,56.488539,178.870710,7.515886,22.000000,29.515886
758,20632827.900901,52.761685,178.643114,7.263724,22.500000,29.763724
759,20605499.693733,31.489502,178.413933,5.611551,24.600000,30.211551
760,20578243.827178,64.578033,178.188566,8.036046,24.600000,32.636046
761,20551059.885539,0.006498,177.953284,0.080616,25.700000,25.619384
762,20523947.811207,107.541553,177.732199,10.370224,25.700000,15.329776
763,20496907.156368,90.788368,177.510586,9.528293,24.100000,14.571707
764,20469937.820066,211.566696,177.296158,14.545332,24.600000,10.054668
765,20443039.264954,137.380412,177.078582,11.720939,26.200000,14.479061
766,20416211.138892,7.205168,176.849718,2.684244,25.700000,23.015756
767,20389453.512871,142.485025,176.633581,11.936709,32.000000,20.063291
768,20362766.187274,336.756802,176.426404,18.350935,26.200000,44.550935
769,20336148.235606,33.161748,176.203309,5.758624,26.700000,20.941376
770,20309599.827675,67.760082,175.984025,8.231651,25.700000,17.468349
771,20283120.558975,0.734764,175.755698,0.857184,25.200000,24.342816
772,20256710.246183,0.335035,175.527603,0.578823,25.200000,25.778823
773,20230368.620740,0.279916,175.300037,0.529072,25.700000,25.170928
774,20204095.583337,129.820646,175.087172,11.393886,24.100000,35.493886
775,20177890.562500,24.517950,174.866503,4.951560,24.100000,29.051560
776,20151753.398874,0.243677,174.640631,0.493637,24.600000,24.106363
777,20125683.865004,3.716723,174.417200,1.927880,27.300000,29.227880
778,20099681.689510,0.032943,174.192089,0.181503,32.000000,31.818497
779,20073746.802957,144.611264,173.982842,12.025442,32.000000,44.025442
780,20047878.583121,8.210170,173.762329,2.865340,30.800000,33.665340
781,20022076.947663,7.832181,173.542299,2.798603,29.600000,26.801397
782,19996341.751124,94.040027,173.331701,9.697424,29.600000,19.902576
783,19970672.517927,9.091154,173.113066,3.015154,29.000000,25.984846
784,19945069.133108,32.358920,172.898420,5.688490,27.800000,22.111510
785,19919531.302642,23.539180,172.683251,4.851719,26.700000,21.848281
786,19894058.756957,0.576769,172.463400,0.759454,26.700000,25.940546
787,19868651.369037,74.015492,172.254127,8.603226,26.200000,34.803226
788,19843308.701490,0.012190,172.034556,0.110411,25.200000,25.310411
789,19818030.601387,0.120834,171.815847,0.347612,25.200000,24.852388
790,19792816.858782,28.913762,171.604093,5.377152,25.200000,19.822848
791,19767667.155053,0.023772,171.386240,0.154185,24.600000,24.445815
792,19742581.283687,0.519326,171.169659,0.720643,25.200000,24.479357
793,19717559.005120,3.493777,170.955083,1.869165,23.600000,25.469165
794,19692600.095109,20.096931,170.744359,4.482960,24.100000,19.617040
795,19667704.313055,36.490100,170.536137,6.040704,24.100000,18.059296
796,19642871.471023,93.423629,170.333018,9.665590,24.100000,14.434410
797,19618101.247882,84.519850,170.129815,9.193468,24.100000,14.906532
798,19593393.313102,1.032974,169.916826,1.016354,25.700000,26.716354
799,19568747.543924,6.816300,169.706378,2.610805,30.800000,33.410805
800,19544163.860038,135.171112,169.507785,11.626311,50.900000,39.273689
801,19519642.569291,695.134438,169.328184,26.365402,62.600000,88.965402
802,19495181.964293,79.780688,169.127186,8.932004,53.300000,62.232004
803,19470782.896912,327.127106,168.938149,18.086655,43.200000,25.113345
804,19446446.669515,1800.979570,168.780024,42.437950,59.100000,16.662050
805,19422169.466186,406.802868,168.594492,20.169355,85.800000,65.630645
806,19397952.920580,499.889908,168.412153,22.358218,116.000000,93.641782
807,19373796.899633,668.100213,168.234613,25.847635,121.000000,95.152365
808,19349700.815637,545.366942,168.054412,23.353093,78.800000,102.153093
809,19325664.309874,313.676350,167.867650,17.710910,57.400000,75.110910
810,19301687.071802,10.424175,167.663383,3.228649,51.700000,54.928649
811,19277769.246137,1.759584,167.457266,1.326494,47.700000,49.026494
812,19253911.074799,366.805233,167.273720,19.152160,44.000000,24.847840
813,19230111.473362,33.512317,167.074109,5.788982,40.200000,45.988982
814,19206372.752899,1747.898684,166.919460,41.807878,44.000000,85.807878
815,19182691.329957,738.746671,166.747155,27.179895,60.900000,33.720105
816,19159071.187292,3135.485677,166.610761,55.995408,64.300000,8.304592
817,19135507.432706,1738.709375,166.457116,41.697834,69.000000,27.302166
818,19111999.897463,373.744381,166.276373,19.332470,76.000000,56.667530
819,19088551.855889,1846.014795,166.125072,42.965274,69.000000,111.965274
820,19065159.713708,563.836485,165.950586,23.745241,67.800000,91.545241
821,19041827.853604,3030.008231,165.814840,55.045511,78.800000,23.754489
822,19018549.848302,419.516788,165.637171,20.482109,71.300000,50.817891
823,18995329.409602,1010.553218,165.473743,31.789200,64.300000,96.089200
824,18972164.446484,59.652902,165.281364,7.723529,81.600000,73.876471
825,18949060.338467,3691.764765,165.154055,60.759894,141.000000,80.240106
826,18926010.316753,1942.489321,165.006755,44.073681,141.000000,96.926319
827,18903015.035218,893.613205,164.842583,29.893364,90.000000,60.106636
828,18880074.597055,93.989262,164.654297,9.694806,76.000000,85.694806
829,18857193.438924,3119.138671,164.522412,55.849250,69.000000,124.849250
830,18834366.190774,1886.466740,164.375815,43.433475,60.900000,104.333475
831,18811591.869682,2.648324,164.179021,1.627367,59.100000,57.472633
832,18788873.622790,883.442741,164.016635,29.722765,57.400000,87.122765
833,18766213.935443,3992.812244,163.895009,63.188703,57.400000,120.588703
834,18743605.596973,1293.005187,163.740868,35.958381,54.100000,90.058381
835,18721050.114971,0.053788,163.544106,0.231923,52.500000,52.268077
836,18698551.117505,1884.222819,163.399712,43.407635,47.000000,3.592365
837,18676104.371417,411.626607,163.227910,20.288583,43.200000,22.911417
838,18653713.810933,2376.927594,163.090650,48.753744,38.900000,87.653744
839,18631376.845311,2347.516015,162.953358,48.451171,35.100000,83.551171
840,18609091.113105,504.721672,162.785311,22.466011,32.600000,10.133989
841,18586858.467211,366.499200,162.613696,19.144169,33.800000,14.655831
842,18564679.067004,521.094156,162.446887,22.827487,43.200000,66.027487
843,18542551.925538,7.377298,162.256505,2.716118,52.500000,49.783882
844,18520477.467000,6.753582,162.066436,2.598766,71.300000,73.898766
845,18498455.986513,412.376914,161.897875,20.307066,73.700000,53.392934
846,18476488.026464,1433.625695,161.750566,37.863250,90.000000,52.136750
847,18454571.087515,508.491975,161.585440,22.549767,96.400000,73.850233
848,18432705.797785,266.555875,161.413333,16.326539,99.600000,83.273461
849,18410893.155608,1023.157920,161.260165,31.986840,116.000000,84.013160
850,18389131.030808,135.574998,161.083314,11.643668,99.600000,111.243668
851,18367420.185779,45.290799,160.901078,6.729844,94.800000,88.070156
852,18345762.140171,1397.510848,160.755420,37.383296,113.000000,75.616704
853,18324155.273849,1532.632639,160.612185,39.148852,76.000000,115.148852
854,18302597.444524,0.347779,160.423924,0.589729,78.800000,78.210271
855,18281091.153843,744.074760,160.267465,27.277734,81.600000,54.322266
856,18259638.407057,3350.892230,160.147300,57.886892,60.900000,118.786892
857,18238232.482668,384.903403,159.982554,19.618955,47.700000,67.318955
858,18216876.286324,40.804507,159.802701,6.387841,42.400000,36.012159
859,18195571.533546,1312.661479,159.658172,36.230670,40.200000,76.430670
860,18174315.045184,17.495733,159.476542,4.182790,38.900000,43.082790
861,18153108.306181,139.718953,159.304248,11.820277,42.400000,30.579723
862,18131951.248512,352.826306,159.140471,18.783671,54.100000,72.883671
863,18110844.121309,928.981097,158.990690,30.479191,57.400000,87.879191
864,18089785.072504,62.149620,158.814984,7.883503,76.000000,68.116497
865,18068776.605132,1494.664637,158.675433,38.660893,72.500000,111.160893
866,18047815.220482,63.036871,158.500565,7.939576,71.300000,79.239576
867,18026902.936961,514.542158,158.343187,22.683522,71.300000,48.616478
868,18006041.278255,2429.814578,158.216972,49.293149,63.400000,112.693149
869,17985225.382590,291.528406,158.053801,17.074203,57.400000,74.474203
870,17964457.586750,314.185283,157.891759,17.725272,49.300000,31.574728
871,17943738.132675,690.903497,157.739963,26.285043,46.200000,72.485043
872,17923065.698264,65.063663,157.567528,8.066205,46.200000,54.266205
873,17902441.654542,771.703911,157.418175,27.779559,50.100000,22.320441
874,17881875.776669,10127.904813,157.352910,100.637492,143.000000,42.362508
875,17861345.496490,1.740822,157.173767,1.319403,134.000000,132.680597
876,17840862.367831,57.305788,157.002203,7.570059,84.400000,91.970059
877,17820426.617591,452.408336,156.846725,21.269893,76.000000,54.730107
878,17800039.625721,2195.723365,156.720880,46.858546,67.800000,114.658546
879,17779699.085299,2066.756864,156.593727,45.461598,62.600000,108.061598
880,17759403.170100,477.370619,156.439908,21.848813,55.700000,33.851187
881,17739156.193511,2804.701490,156.321915,52.959433,51.700000,104.659433
882,17718955.032273,2536.626916,156.201235,50.364937,53.300000,103.664937
883,17698797.238646,254.434066,156.041678,15.950990,62.600000,46.649010
884,17678686.482051,1331.434985,155.905823,36.488834,84.400000,47.911166
885,17658632.721265,11323.229299,155.849642,106.410663,113.000000,6.589337
886,17638615.414262,3367.944727,155.738740,58.033996,93.200000,35.166004
887,17618640.575759,833.016001,155.595052,28.862017,78.800000,107.662017
888,17598712.259310,2008.834926,155.469741,44.820028,71.300000,116.120028
889,17578828.217527,1335.281609,155.335358,36.541505,59.100000,22.558495
890,17558987.555107,1.313310,155.161330,1.145997,49.300000,48.154003
891,17539195.059006,3043.513605,155.048598,55.168049,44.000000,99.168049
892,17519446.178686,2189.334468,154.926685,46.790325,42.400000,89.190325
893,17499742.773543,3119.006726,154.815236,55.848068,47.000000,102.848068
894,17480080.442492,268.138537,154.659685,16.374936,48.500000,32.125064
895,17460462.061618,103.083304,154.497500,10.152995,44.700000,34.547005
896,17440888.184992,564.111083,154.350923,23.751023,43.200000,19.448977
897,17421359.340169,1629.758388,154.223285,40.370266,40.200000,-0.170266
898,17401872.442715,73.016069,154.060334,8.544944,41.000000,32.455056
899,17382430.021138,905.132008,153.921815,30.085412,49.300000,19.214588
900,17363030.410009,378.448841,153.771739,19.453762,53.300000,33.846238
901,17343673.631408,0.005565,153.600393,0.074601,65.500000,65.425399
902,17324360.009276,40.956596,153.436472,6.399734,67.800000,74.199734
903,17305089.375560,60.298258,153.274435,7.765195,59.100000,66.865195
904,17285861.590584,82.897362,153.114247,9.104799,54.100000,63.204799
905,17266676.394644,0.048967,152.944554,0.221288,52.500000,52.721288
906,17247533.847181,98.582366,152.786000,9.928865,50.900000,60.828865
907,17228433.617099,26.083059,152.622458,5.107158,50.900000,56.007158
908,17209375.615400,0.081512,152.453944,0.285504,61.700000,61.414496
909,17190360.280052,497.125171,152.310123,22.296304,66.600000,88.896304
910,17171386.418506,41.719596,152.149140,6.459071,73.700000,80.159071
911,17152454.403066,48.414203,151.989061,6.958032,66.600000,73.558032
912,17133564.203543,153.236726,151.835305,12.378882,57.400000,45.021118
913,17114715.776808,344.301241,151.688683,18.555356,52.500000,33.944644
914,17095908.466480,63.377984,151.530740,7.961029,45.400000,37.438971
915,17077142.376269,0.284994,151.364992,0.533849,44.700000,45.233849
916,17058417.571185,120.139332,151.211040,10.960809,47.700000,36.739191
917,17039733.670461,16.209749,151.049830,4.026133,50.900000,46.873867
918,17021090.692245,51.581285,150.892425,7.182011,54.100000,61.282011
919,17002488.517757,101.036340,150.738501,10.051684,56.600000,46.548316
920,16983926.849886,0.747238,150.574883,0.864430,48.400000,49.264430
921,16965405.665138,0.436593,150.411400,0.660753,43.200000,42.539247
922,16946924.991246,147.031607,150.260762,12.125659,38.900000,26.774341
923,16928484.387517,10.164610,150.100726,3.188199,37.600000,34.411801
924,16910083.884537,21.646294,149.942630,4.652558,38.300000,33.647442
925,16891723.415300,91.717063,149.790225,9.576903,38.300000,28.723097
926,16873402.724376,46.383130,149.635149,6.810516,37.600000,30.789484
927,16855121.937830,236.742423,149.489701,15.386436,40.200000,24.813564
928,16836881.162229,645.282940,149.355407,25.402420,44.700000,19.297580
929,16818679.133901,4.958049,149.196349,2.226668,55.700000,53.473332
930,16800516.436790,21.609594,149.040250,4.648612,60.900000,65.548612
931,16782392.983860,75.570968,148.888851,8.693156,59.100000,67.793156
932,16764308.530815,20.557323,148.733296,4.534019,55.700000,60.234019
933,16746263.008948,18.716293,148.577852,4.326233,54.900000,50.573767
934,16728256.302626,26.129813,148.423588,5.111733,50.100000,44.988267
935,16710288.462607,197.245323,148.279249,14.044405,53.300000,39.255595
936,16692358.969014,0.433271,148.120858,0.658234,49.300000,49.958234
937,16674467.969316,56.251498,147.970139,7.500100,46.200000,53.700100
938,16656615.280953,57.037632,147.819798,7.552326,44.700000,52.252326
939,16638800.944140,210.361077,147.677214,14.503830,43.200000,57.703830
940,16621024.448435,0.964215,147.520489,0.981945,41.000000,40.018055
941,16603285.921297,24.520035,147.368334,4.951771,41.000000,36.048229
942,16585585.201624,10.868161,147.214740,3.296689,44.000000,47.296689
943,16567922.261421,84.350646,147.067742,9.184261,41.000000,50.184261
944,16550296.819720,7.063056,146.914115,2.657641,37.000000,34.342359
945,16532708.846161,13.700092,146.761923,3.701364,33.800000,30.098636
946,16515158.215267,14.544206,146.610173,3.813687,32.600000,28.786313
947,16497644.840134,45.465392,146.461851,6.742803,32.000000,25.257197
948,16480168.579913,55.191182,146.314571,7.429077,31.400000,23.970923
949,16462729.300357,49.399394,146.167178,7.028470,30.200000,37.228470
950,16445326.891407,50.434160,146.020174,7.101701,30.800000,37.901701
951,16427961.242510,57.385176,145.873981,7.575300,32.000000,39.575300
952,16410632.271839,97.046705,145.730497,9.851229,30.800000,40.651229
953,16393339.730706,10.736915,145.580388,3.276723,33.800000,30.523277
954,16376083.596024,11.782490,145.430759,3.432563,38.300000,34.867437
955,16358863.775567,34.341870,145.283997,5.860194,44.000000,49.860194
956,16341680.095550,0.398872,145.132051,0.631563,49.300000,48.668437
957,16324532.503850,25.205625,144.985029,5.020521,49.300000,54.320521
958,16307420.856858,21.273322,144.837888,4.612301,53.300000,48.687699
959,16290345.030300,6.493825,144.688894,2.548299,49.300000,51.848299
960,16273304.921532,1.048821,144.538617,1.024120,40.200000,41.224120
961,16256300.517570,90.329538,144.397515,9.504185,35.700000,26.195815
962,16239331.550778,30.330965,144.252536,5.507356,33.200000,27.692644
963,16222397.953355,11.621632,144.105671,3.409052,32.600000,36.009052
964,16205499.622353,0.191279,143.956016,0.437356,32.000000,32.437356
965,16188636.459565,0.183924,143.806664,0.428864,31.400000,31.828864
966,16171808.359822,4.506672,143.659384,2.122893,35.700000,33.577107
967,16155015.231046,25.348359,143.515433,5.034715,33.800000,38.834715
968,16138256.925730,8.906183,143.369654,2.984323,31.400000,34.384323
969,16121533.357560,13.641601,143.224912,3.693454,30.800000,27.106546
970,16104844.404420,4.624179,143.078872,2.150391,30.800000,32.950391
971,16088190.101970,133.936027,142.942878,11.573073,27.800000,39.373073
972,16071570.070948,0.072303,142.795488,0.268894,29.000000,29.268894
973,16054984.348848,5.356219,142.650512,2.314351,29.000000,26.685649
974,16038432.911045,89.679530,142.513213,9.469928,27.800000,18.330072
975,16021915.577435,101.975676,142.376843,10.098301,29.000000,18.901699
976,16005432.176374,49.746877,142.237621,7.053147,28.400000,21.346853
977,15988982.665395,57.992897,142.099263,7.615307,28.400000,20.784693
978,15972566.873118,0.987775,141.954391,0.993869,27.800000,28.793869
979,15956184.915119,157.824305,141.821682,12.562814,27.800000,40.362814
980,15939836.560577,190.882206,141.690529,13.816013,26.700000,40.516013
981,15923521.477734,0.622890,141.546310,0.789234,27.300000,28.089234
982,15907239.784863,25.850028,141.406779,5.084292,27.800000,32.884292
983,15890991.369039,40.693071,141.268855,6.379112,27.800000,34.179112
984,15874776.078985,7.115687,141.127425,2.667525,27.800000,25.132475
985,15858593.849233,8.692644,140.986569,2.948329,27.800000,24.851671
986,15842444.627895,58.495405,140.850787,7.648229,28.400000,36.048229
987,15826328.226339,21.897963,140.712261,4.679526,28.400000,33.079526
988,15810244.561427,1.952941,140.570681,1.397477,28.400000,29.797477
989,15794193.588736,36.461540,140.434100,6.038339,27.800000,33.838339
990,15778175.167713,30.460007,140.297269,5.519059,27.800000,33.319059
991,15762189.174734,0.096673,140.155439,0.310924,27.800000,28.110924
992,15746235.556935,14.789737,140.017473,3.845743,26.700000,30.545743
993,15730314.188305,1.982134,139.877322,1.407883,26.700000,28.107883
994,15714424.982449,0.390781,139.736663,0.625125,27.800000,27.174875
995,15698567.886646,43.041147,139.602278,6.560575,28.400000,34.960575
996,15682742.717782,0.373652,139.462166,0.611272,33.800000,33.188728
997,15666949.667420,243.708492,139.337442,15.611166,41.000000,56.611166
998,15651188.750336,598.086434,139.221867,24.455806,38.300000,62.755806
999,15635459.016878,103.958900,139.092193,10.196024,29.000000,39.196024
1000,15619760.899070,133.680200,138.964150,11.562015,29.000000,17.437985
1001,15604094.140335,2.440823,138.826335,1.562314,29.600000,28.037686
1002,15588458.818388,42.836511,138.693788,6.544961,29.000000,35.544961
1003,15572854.757960,2.451097,138.556523,1.565598,28.400000,29.965598
1004,15557281.904291,1.088774,138.419010,1.043444,28.400000,27.356556
1005,15541740.181555,17.445490,138.284902,4.176780,27.300000,31.476780
1006,15526229.562497,99.885313,138.156867,9.994264,32.000000,22.005736
1007,15510749.780008,7.726970,138.021895,2.779743,29.000000,31.779743
1008,15495300.869160,43.287805,137.890976,6.579347,28.400000,21.820653
1009,15479882.697238,38.088084,137.759912,6.171555,27.800000,21.628445
1010,15464495.275521,136.449569,137.634585,11.681163,26.700000,38.381163
1011,15449138.365382,86.766037,137.507158,9.314829,24.600000,33.914829
1012,15433812.026458,188.729889,137.384371,13.737900,29.600000,15.862100
1013,15418515.885996,6.300198,137.250699,2.510020,37.600000,35.089980
1014,15403250.397368,372.371324,137.133913,19.296925,31.400000,50.696925
1015,15388014.869884,132.111325,137.009640,11.493969,29.600000,18.106031
1016,15372809.384671,63.834549,136.882150,7.989653,28.400000,20.410347
1017,15357633.902012,45.451342,136.753680,6.741761,29.000000,35.741761
1018,15342488.322628,16.405920,136.622809,4.050422,35.700000,39.750422
1019,15327372.635479,65.867004,136.496201,8.115849,54.100000,45.984151
1020,15312292.467662,5922.133005,136.437598,76.955396,29.000000,105.955396
1021,15297236.220001,88.596668,136.312696,9.412580,29.000000,38.412580
1022,15282209.566259,102.710611,136.188749,10.134624,30.200000,40.334624
1023,15267213.686468,1408.059179,136.091924,37.524115,28.400000,65.924115
1024,15252245.918239,90.092510,135.967806,9.491707,27.800000,37.291707
1025,15237307.476071,96.464695,135.844255,9.821644,28.400000,38.221644
1026,15222400.600550,2480.694236,135.760069,49.806568,26.700000,76.506568
1027,15207521.101208,672.773200,135.652716,25.937872,27.300000,53.237872
1028,15192670.047307,41.906947,135.526565,6.473558,27.300000,33.773558
1029,15177848.563593,649.239961,135.419202,25.480188,26.700000,52.180188
1030,15163055.338902,0.030949,135.287386,0.175926,26.200000,26.375926
1031,15148291.200433,285.130727,135.172097,16.885814,26.200000,43.085814
1032,15133556.452258,970.077378,135.070905,31.146065,26.200000,57.346065
1033,15118849.591503,196.735210,134.953272,14.026233,26.200000,40.226233
1034,15104171.112996,16.729307,134.826220,4.090148,25.700000,21.609852
1035,15089521.360620,276.413231,134.711573,16.625680,24.600000,41.225680
1036,15074899.733284,1.949192,134.582392,1.396135,24.600000,25.996135
1037,15060306.584467,177.005981,134.464988,13.304359,26.200000,12.895641
1038,15045741.515626,25.402323,134.339819,5.040072,26.700000,31.740072
1039,15031204.615617,50.006923,134.216854,7.071557,26.700000,33.771557
1040,15016695.868930,143.047748,134.098846,11.960257,26.700000,14.739743
1041,15002215.021683,57.274067,133.976830,7.567963,26.200000,18.632037
1042,14987762.078877,60.388252,133.855244,7.770988,26.200000,18.429012
1043,14973336.989287,93.995434,133.735745,9.695124,25.700000,16.004876
1044,14958939.606440,58.828431,133.614528,7.669969,25.700000,18.030031
1045,14944569.844722,17.657958,133.490212,4.202137,24.600000,20.397863
1046,14930227.690162,44.792789,133.368525,6.692742,25.200000,18.507258
1047,14915913.006191,12.308610,133.244019,3.508363,25.700000,22.191637
1048,14901625.740713,7.846885,133.119074,2.801229,25.200000,22.398771
1049,14887365.845111,34.837327,132.997335,5.902315,25.700000,19.797685
1050,14873133.196635,15.539126,132.873955,3.941970,26.200000,22.258030
1051,14858927.721037,0.244865,132.747519,0.494840,25.200000,24.705160
1052,14844749.384569,31.102542,132.626173,5.576965,26.200000,20.623035
1053,14830598.050710,0.167072,132.500132,0.408745,25.200000,24.791255
1054,14816473.672390,0.814313,132.374800,0.902393,25.200000,24.297607
1055,14802376.193508,23.367396,132.253448,4.833984,25.200000,20.366016
1056,14788305.504742,11.612137,132.130971,3.407659,24.600000,21.192341
1057,14774261.532737,2.982813,132.007131,1.727082,24.600000,22.872918
1058,14760244.211448,4.894573,131.883986,2.212368,24.600000,22.387632
1059,14746253.458689,0.050564,131.759191,0.224865,24.600000,24.824865
1060,14732289.204863,1.418890,131.635547,1.191172,24.600000,25.791172
1061,14718351.372949,0.871942,131.511893,0.933779,24.600000,23.666221
1062,14704439.888597,0.927829,131.388501,0.963239,24.600000,25.563239
1063,14690554.677526,1.364518,131.265536,1.168126,24.600000,25.768126
1064,14676695.664119,0.466066,131.142345,0.682691,24.600000,25.282691
1065,14662862.837933,67.081026,131.026461,8.190301,24.600000,16.409699
1066,14649056.031941,34.874831,130.908645,5.905492,24.600000,18.694508
1067,14635275.204184,36.125282,130.791149,6.010431,24.600000,18.589569
1068,14621520.279326,35.155544,130.673798,5.929211,24.600000,18.670789
1069,14607791.173443,22.513637,130.555555,4.744854,24.600000,19.855146
1070,14594087.827000,23.865645,130.437665,4.885248,24.600000,19.714752
1071,14580410.167134,24.750265,130.320080,4.974964,24.600000,19.625036
1072,14566758.102497,5.134515,130.200180,2.265947,24.600000,22.334053
1073,14553131.578342,3.781042,130.080202,1.944490,24.600000,22.655510
1074,14539530.526573,6.185131,129.960956,2.486993,24.600000,22.113007
1075,14525954.980465,120.645379,129.849867,10.983869,25.700000,14.716131