# TEST CONFIGURATION BEGIN
# File Stream: filename: pt08_s1_co_.csv  -  n_targets: 1
# [pt08_s1_co__ADE_HOMO_ABSTAIN_HTREE_SIZE_4] Pipeline: Array BaseStreamModel: base_models: [<skmultiflow.trees.regression_hoeffding_tree.RegressionHoeffdingTree object at 0x7f22658deb70>, <skmultiflow.trees.regression_hoeffding_tree.RegressionHoeffdingTree object at 0x7f22658deba8>, <skmultiflow.trees.regression_hoeffding_tree.RegressionHoeffdingTree object at 0x7f22658debe0>, <skmultiflow.trees.regression_hoeffding_tree.RegressionHoeffdingTree object at 0x7f22658dec18>]
 Array BaseStreamModel: base_models: [<skmultiflow.trees.regression_hoeffding_tree.RegressionHoeffdingTree object at 0x7f22658deb70>, <skmultiflow.trees.regression_hoeffding_tree.RegressionHoeffdingTree object at 0x7f22658deba8>, <skmultiflow.trees.regression_hoeffding_tree.RegressionHoeffdingTree object at 0x7f22658debe0>, <skmultiflow.trees.regression_hoeffding_tree.RegressionHoeffdingTree object at 0x7f22658dec18>]
# Prequential Evaluator: n_wait: 1 - max_samples: 600000 - max_time: 10000000 - output_file: pt08_s1_co__ADE_HOMO_ABSTAIN_HTREE_SIZE_4_SIZE_4 - batch_size: 1 - pretrain_size: 5 - task_type: regression - show_plot: False - metrics: ['mean_square_error', 'mean_absolute_error', 'true_vs_predicted']
# TEST CONFIGURATION END
id,global_mse_[pt08_s1_co__ADE_HOMO_ABSTAIN_HTREE_SIZE_4],sliding_mse_[pt08_s1_co__ADE_HOMO_ABSTAIN_HTREE_SIZE_4],global_mae_[pt08_s1_co__ADE_HOMO_ABSTAIN_HTREE_SIZE_4],sliding_mae_[pt08_s1_co__ADE_HOMO_ABSTAIN_HTREE_SIZE_4],true_value_[pt08_s1_co__ADE_HOMO_ABSTAIN_HTREE_SIZE_4],predicted_value_[pt08_s1_co__ADE_HOMO_ABSTAIN_HTREE_SIZE_4]
5,310279.599241,310279.599241,557.027467,557.027467,189.000000,-368.027467
6,191990.435680,73701.272119,414.253625,271.479782,18.000000,289.479782
7,137770.342194,29330.155221,333.255913,171.260489,-118.000000,-289.260489
8,272670.099635,677369.371958,455.698066,823.024527,-54.000000,-877.024527
9,232324.100724,70940.105083,417.827621,266.345837,57.000000,-209.345837
10,203121.599008,57109.090426,388.018864,238.975083,50.000000,-188.975083
11,181710.107087,53241.155564,365.550520,230.740451,85.000000,-145.740451
12,159390.108887,3150.121488,326.872448,56.125943,-61.000000,-117.125943
13,141854.481205,1569.459748,294.955110,39.616408,-18.000000,-57.616408
14,127673.346265,43.131800,266.116347,6.567480,91.000000,97.567480
15,120843.746605,52547.750009,262.763312,229.232960,198.000000,-31.232960
16,111058.900328,3425.591276,245.743748,58.528551,-348.000000,-289.471449
17,102622.387739,1384.236674,229.702332,37.205331,-52.000000,-14.794669
18,95882.322678,8261.476887,219.787356,90.892667,167.000000,257.892667
19,123755.799066,513984.468503,252.930005,716.927101,-36.000000,680.927101
20,117516.330455,23924.301277,246.789056,154.674824,-56.000000,-210.674824
21,111508.307062,15379.932789,239.567104,124.015857,-99.000000,25.015857
22,107314.925432,36027.437716,236.802762,189.808951,-58.000000,131.808951
23,104269.520351,49452.228887,236.043594,222.378571,16.000000,-206.378571
24,101536.470039,49608.514106,235.377898,222.729688,80.000000,-142.729688
25,97067.970316,7697.975855,228.347432,87.738109,164.000000,76.261891
26,97987.011436,117286.874959,233.534900,342.471714,496.000000,153.528286
27,169967.269810,1753532.954054,280.955570,1324.210313,-42.000000,1282.210313
28,162897.479132,292.293534,269.961446,17.096594,-195.000000,-212.096594
29,200549.060951,1104187.024611,301.195110,1050.803038,-87.000000,-1137.803038
30,197791.862673,128861.905712,303.417352,358.973405,-57.000000,-415.973405
31,192254.634851,48286.711490,300.318279,219.742375,46.000000,-173.742375
32,192439.823623,197439.920448,305.461987,444.342121,35.000000,-409.342121
33,185806.906693,85.232664,295.247165,9.232154,66.000000,56.767846
34,180803.903345,35716.806256,291.705223,188.988905,-44.000000,144.988905
35,175579.239564,18839.326118,286.723004,137.256425,-35.000000,102.256425
36,170093.556729,37.388856,277.953993,6.114643,236.000000,242.114643
37,165299.990232,11905.862343,272.837629,109.113988,15.000000,-94.113988
38,162674.605969,76036.925276,272.923226,275.747938,318.000000,42.252062
39,158087.315865,2119.452319,266.440777,46.037510,-245.000000,-291.037510
40,154274.517632,20826.579504,263.048371,144.314169,-114.000000,30.314169
41,167007.250341,625385.627855,277.312288,790.813270,193.000000,-597.813270
42,162632.256280,757.476019,270.738866,27.522282,-84.000000,-56.477718
43,172753.880505,557375.601043,282.939816,746.575918,-12.000000,-758.575918
44,169293.837329,34352.153480,280.499905,185.343339,-12.000000,173.343339
45,165207.873834,1769.334007,274.684381,42.063452,-25.000000,17.063452
46,161279.998332,237.102768,268.510899,15.398142,-169.000000,-184.398142
47,159729.004252,94587.252908,269.418795,307.550407,122.000000,-185.550407
48,156780.261315,29984.315016,267.231090,173.159796,12.000000,-161.159796
49,153438.649468,6407.728183,263.071473,80.048287,224.000000,143.951713
50,150112.677459,443.937075,257.810567,21.069814,72.000000,93.069814
51,147631.701435,33506.804316,256.219888,183.048639,39.000000,-144.048639
52,145494.448794,45043.574689,255.303530,212.234716,95.000000,-117.234716
53,142567.752990,2086.354403,251.025430,45.676629,-91.000000,-136.676629
54,139919.264743,10143.340603,248.019204,100.714153,-123.000000,-22.285847
55,137893.496454,36605.082025,246.907544,191.324546,-121.000000,70.324546
56,135262.680998,1091.092716,242.794547,33.031693,33.000000,66.031693
57,133153.541324,23478.278312,241.104579,153.226232,66.000000,219.226232
58,131064.417585,20340.859385,239.280816,142.621385,20.000000,162.621385
59,128833.543739,8366.356095,236.593307,91.467787,147.000000,55.532213
60,126611.376192,4392.161108,233.551879,66.273382,136.000000,202.273382
61,124509.924905,6828.652793,230.904226,82.635663,2.000000,84.635663
62,123367.986003,58277.468621,231.085313,241.407267,-177.000000,64.407267
63,121278.130053,66.484956,227.306814,8.153831,116.000000,107.846169
64,120398.359704,68491.909100,227.880193,261.709589,-117.000000,-378.709589
65,122121.804858,225528.514105,231.929672,474.898425,-214.000000,260.898425
66,120920.585397,47646.198261,231.709518,218.280091,-68.000000,150.280091
67,119146.348619,9143.668358,229.549407,95.622531,127.000000,222.622531
68,117344.943880,3856.445354,226.933014,62.100285,80.000000,142.100285
69,115539.735383,6.391592,223.480632,2.528160,97.000000,99.528160
70,113848.993836,3950.793227,221.046915,62.855336,113.000000,175.855336
71,112159.125991,627.848262,218.121691,25.056900,-29.000000,-54.056900
72,110870.400123,24525.766932,217.217064,156.607046,-135.000000,21.607046
73,109380.155446,8043.517444,215.368783,89.685659,-74.000000,15.685659
74,107817.663033,5.686543,212.326152,2.384647,51.000000,48.615353
75,106478.121567,12710.218903,210.923525,112.739607,200.000000,87.260393
76,105964.540405,69500.277934,211.655546,263.629054,330.000000,66.370946
77,105224.799113,51963.426075,211.878825,227.954877,25.000000,-202.954877
78,104174.922316,27533.916146,211.257942,165.933469,-110.000000,55.933469
79,102793.649907,579.491670,208.762137,24.072633,0.000000,-24.072633
80,101448.113395,532.874950,206.319005,23.084084,-15.000000,8.084084
81,100155.749353,1936.082206,204.210978,44.000934,-146.000000,-190.000934
82,98898.776772,2111.887988,202.182059,45.955282,0.000000,-45.955282
83,97984.129996,26641.681451,201.688904,163.222797,-3.000000,-166.222797
84,98054.599388,103621.681393,203.191583,321.903217,82.000000,-239.903217
85,99435.669016,209921.239227,206.339485,458.171626,157.000000,-301.171626
86,99503.927546,105032.868483,207.775439,324.087748,483.000000,158.912252
87,100582.675123,189039.976483,210.510521,434.787277,164.000000,598.787277
88,99799.826561,34823.395861,210.225995,186.610278,-207.000000,-393.610278
89,98641.777909,1365.691153,208.187515,36.955259,-134.000000,-170.955259
90,97496.888010,181.246640,205.923274,13.462787,-13.000000,0.462787
91,96395.228709,1652.528781,204.023597,40.651307,-17.000000,-57.651307
92,97117.141288,159923.535684,206.249515,399.904408,-83.000000,316.904408
93,96055.886643,2665.477901,204.512198,51.628266,1.000000,-50.628266
94,95416.377034,38500.021788,204.419998,196.214224,127.000000,323.214224
95,95053.710619,62413.733253,204.918980,249.827407,472.000000,222.172593
96,94265.596388,22547.201413,204.323744,150.157256,-300.000000,-149.842744
97,93296.361963,4126.794846,202.817469,64.240134,-156.000000,-91.759866
98,93416.183164,104559.554830,204.099801,323.356699,-297.000000,26.356699
99,92770.045406,32033.096227,203.835360,178.977921,162.000000,-16.977921
100,95503.683285,355199.281730,207.920263,595.985974,-230.000000,365.985974
101,94593.564058,7222.118264,206.652869,84.983047,-106.000000,-21.016953
102,94076.571842,43928.326942,206.682848,209.590856,-39.000000,170.590856
103,93809.664608,67652.755623,207.222430,260.101433,12.000000,272.101433
104,92946.764834,7519.687253,206.017367,86.716130,-4.000000,82.716130
105,92753.684007,73445.601236,206.660843,271.008489,80.000000,-191.008489
106,94617.208897,282833.222805,209.848685,531.820668,154.000000,-377.820668
107,94031.004395,34238.145242,209.607780,185.035524,370.000000,555.035524
108,93485.210518,37268.441127,209.448574,193.050359,-164.000000,-357.050359
109,92699.375837,10972.569096,208.451445,104.750031,-119.000000,-223.750031
110,95037.999708,340593.506070,211.990619,583.603895,127.000000,-456.603895
111,94691.954020,58011.111121,212.260379,240.854959,-186.000000,54.854959
112,97651.325742,414304.100047,216.254863,643.664587,127.000000,-516.664587
113,96934.679975,19536.937107,215.553209,139.774594,-18.000000,121.774594
114,96123.979842,7757.665330,214.394340,88.077610,58.000000,-30.077610
115,95456.706675,22056.658325,213.800831,148.514842,104.000000,-44.514842
116,94895.055034,32551.722868,213.502796,180.420960,-77.000000,-257.420960
117,97809.702661,424250.236880,217.377506,651.344945,326.000000,-325.344945
118,97588.337570,72574.082358,217.833806,269.395773,-178.000000,-447.395773
119,99408.288933,306882.744249,220.756729,553.969985,4.000000,-549.969985
120,98553.008197,195.723620,218.974259,13.990126,-133.000000,-119.009874
121,98085.823680,43892.419680,218.893326,209.505178,-74.000000,135.505178
122,97541.592656,33866.562877,218.597863,184.028701,-50.000000,134.028701
123,96728.023299,726.839074,216.987461,26.959953,-14.000000,-40.959953
124,96225.795691,36460.710407,216.770456,190.946878,22.000000,-168.946878
125,101676.952157,755815.728086,222.163896,869.376632,414.000000,1283.376632
126,100907.262511,7774.815266,221.065625,88.174913,265.000000,353.174913
127,101754.123251,205071.133576,222.950033,452.847804,-330.000000,122.847804
128,101547.289718,76106.765142,223.376844,275.874546,-45.000000,-320.874546
129,102112.094257,172147.857161,224.909085,414.907046,59.000000,-355.907046
130,101432.557219,16490.427421,224.143260,128.415059,158.000000,29.584941
131,101549.656433,116304.157367,225.063659,341.033953,-118.000000,223.033953
132,101115.697709,46002.939846,224.980997,214.482959,310.000000,95.517041
133,101773.674926,185994.758616,226.580145,431.271096,416.000000,-15.271096
134,101304.564514,40789.321349,226.390788,201.963663,2.000000,-199.963663
135,101570.211128,136104.271033,227.478821,368.923123,-180.000000,-548.923123
136,100928.322816,16840.953919,226.738623,129.772701,44.000000,-85.772701
137,100331.136174,21502.499400,226.136357,146.637306,-117.000000,-263.637306
138,99602.813775,2735.934688,224.839117,52.306163,-97.000000,-44.693837
139,99064.198941,26889.811204,224.388317,163.981131,-94.000000,69.981131
140,98482.359234,19933.998807,223.776549,141.187814,-16.000000,125.187814
141,97769.091416,764.668210,222.344987,27.652635,-23.000000,4.652635
142,97440.514383,52425.460849,222.392966,228.966069,228.000000,-0.966069
143,98221.261588,205964.375810,224.058002,453.832982,-317.000000,136.832982
144,97720.883553,28168.336728,223.656404,167.834254,-94.000000,-261.834254
145,97564.753611,75706.561669,224.021595,275.148254,6.000000,-269.148254
146,96989.451620,15871.870952,223.331186,125.983614,-6.000000,-131.983614
147,96400.321362,12743.824746,222.558860,112.888550,174.000000,61.111450
148,96524.363110,114262.333062,223.360723,338.027119,-87.000000,251.027119
149,95859.010357,48.213909,221.868191,6.943624,104.000000,97.056376
150,95516.634028,45872.066359,221.815516,214.177651,154.000000,-60.177651
151,94913.378838,6838.121113,220.869104,82.692933,-237.000000,-154.307067
152,94297.914982,3824.728126,219.794613,61.844386,25.000000,86.844386
153,93703.527114,5734.122571,218.827696,75.723989,-38.000000,-113.723989
154,93203.522512,18702.836851,218.280567,136.758315,-27.000000,109.758315
155,92835.116795,37574.259259,218.118714,193.840809,-21.000000,172.840809
156,92242.171704,2707.462933,217.026047,52.033287,-107.000000,-159.033287
157,91868.620640,35088.858943,216.831891,187.320204,21.000000,-166.320204
158,92219.727143,145939.022089,217.904539,382.019662,60.000000,-322.019662
159,93467.184907,285575.680627,219.946399,534.392815,46.000000,-488.392815
160,92910.641763,6646.454335,219.059087,81.525789,66.000000,-15.525789
161,92345.082179,4117.787187,218.072532,64.169987,46.000000,-18.169987
162,91825.467422,10245.950497,217.332974,101.222283,-80.000000,21.222283
163,92009.952109,121158.532735,218.155272,348.078343,-2.000000,-350.078343
164,92089.687234,104767.572000,218.814790,323.678192,-46.000000,-369.678192
165,91598.854314,13065.587098,218.165660,114.304799,-88.000000,26.304799
166,91033.477500,7.810476,216.836209,2.794723,-37.000000,-39.794723
167,90480.506222,899.159271,215.689889,29.985985,-73.000000,-102.985985
168,89979.117700,8252.788572,214.928639,90.844860,-20.000000,-110.844860
169,89448.123544,2365.081939,213.920781,48.632108,-52.000000,-3.367892
170,89066.371350,26077.259431,213.604900,161.484549,11.000000,-150.484549
171,88773.233839,40112.407013,213.525115,200.280820,10.000000,210.280820
172,88324.956955,13462.717342,212.944781,116.028950,236.000000,119.971050
173,87803.365314,175.969584,211.763246,13.265353,77.000000,90.265353
174,87288.655257,302.655535,210.619915,17.396998,49.000000,31.603002
175,86778.756662,95.995568,209.445516,9.797733,16.000000,6.202267
176,86274.233082,0.700838,208.232677,0.837161,5.000000,4.162839
177,85923.968524,25678.464587,207.955292,160.245014,-119.000000,41.245014
178,85432.244384,363.968176,206.869790,19.077950,-71.000000,-51.922050
179,85297.974030,61934.932476,207.109775,248.867299,-22.000000,226.867299
180,84831.536689,3205.001920,206.254679,56.612736,109.000000,165.612736
181,84441.184960,15739.280785,205.798190,125.456290,181.000000,55.543710
182,84010.975459,7863.893654,205.140215,88.678597,-8.000000,80.678597
183,83862.444739,57423.976619,205.332912,239.633004,-212.000000,27.633004
184,83418.814001,4008.911903,204.543929,63.315969,-14.000000,49.315969
185,83086.355812,23243.881801,204.256170,152.459443,-8.000000,-160.459443
186,82741.359550,20297.036088,203.916672,142.467667,-78.000000,64.467667
187,82322.498795,6089.841467,203.228808,78.037436,-55.000000,23.037436
188,81898.121425,4237.062747,202.478068,65.092724,-115.000000,-49.907276
189,81572.760179,21706.290889,202.179974,147.330550,118.000000,265.330550
190,81167.890495,6266.998941,201.518599,79.164379,90.000000,10.835621
191,80733.878697,7.684220,200.455784,2.772043,65.000000,62.227957
192,80306.205998,331.411324,199.486363,18.204706,81.000000,99.204706
193,79913.517575,6088.094099,198.843717,78.026240,-22.000000,56.026240
194,79500.449328,1430.550517,197.996237,37.822619,-12.000000,-49.822619
195,79092.495127,1581.196951,197.167798,39.764267,-28.000000,-67.764267
196,79053.669801,71638.032648,197.534907,267.652821,-111.000000,156.652821
197,78657.585349,2609.370419,196.776084,51.081997,115.000000,166.081997
198,78254.570219,472.650129,195.873839,21.740518,98.000000,76.259482
199,78115.798640,51194.112464,196.029671,226.261160,240.000000,13.738840
200,78406.819715,135155.929359,196.905211,367.635593,104.000000,-263.635593
201,78525.940210,101873.557046,197.525877,319.176373,16.000000,-303.176373
202,78130.206609,170.687348,196.594255,13.064737,-66.000000,-79.064737
203,77783.461387,9127.907445,196.086445,95.540083,-55.000000,40.540083
204,77397.614891,614.162134,195.229925,24.782295,12.000000,-12.782295
205,77031.888037,3886.517292,194.568790,62.341938,-9.000000,-71.341938
206,76908.602372,52128.183707,194.735856,228.315973,97.000000,-131.315973
207,76703.768910,35327.409516,194.702457,187.955871,148.000000,-39.955871
208,76525.825154,40403.242694,194.733354,201.005579,424.000000,222.994421
209,77175.397913,209688.240704,196.017178,457.917286,16.000000,-441.917286
210,76828.529217,5720.446519,195.432792,75.633634,20.000000,-55.633634
211,76483.948686,5500.359368,194.846955,74.164408,-8.000000,66.164408
212,76129.616695,2782.894644,194.163811,52.753148,-6.000000,-58.753148
213,75795.880030,6378.653537,193.616934,79.866473,-18.000000,61.866473
214,75481.292422,9732.482537,193.164727,98.653345,76.000000,-22.653345
215,75123.697535,28.771083,192.274675,5.363868,255.000000,260.363868
216,75550.255758,165554.040903,193.286980,406.883326,31.000000,437.883326
217,75345.614538,31961.675828,193.218864,178.778287,-146.000000,32.778287
218,75140.627774,31478.447039,193.145045,177.421665,-147.000000,30.421665
219,74983.120130,41276.484333,193.191655,203.166150,-126.000000,77.166150
220,74694.073033,12548.947199,192.815870,112.022084,-24.000000,88.022084
221,74811.298432,100131.984644,193.385550,316.436383,-13.000000,303.436383
222,74547.501486,17303.564141,193.101869,131.543013,-28.000000,103.543013
223,74268.737254,13498.134775,192.750634,116.181473,-49.000000,67.181473
224,74112.201553,39830.882883,192.781662,199.576759,-37.000000,162.576759
225,73777.754929,199.497848,191.973258,14.124371,-21.000000,-6.875629
226,73999.305300,122961.937101,192.688060,350.659289,75.000000,-275.659289
227,73858.689766,42642.041329,192.749994,206.499495,380.000000,173.500505
228,73711.032179,40783.390171,192.791061,201.948979,-35.000000,-236.948979
229,73403.941008,4615.518734,192.236157,67.937609,-99.000000,-31.062391
230,73116.918382,8536.827490,191.794382,92.394954,101.000000,8.605046
231,72800.718958,1339.649300,191.110711,36.601220,-139.000000,-102.398780
232,72491.786115,2364.030717,190.485758,48.621299,-59.000000,-10.378701
233,72193.257720,4128.783735,189.934535,64.255612,20.000000,84.255612
234,71879.437290,14.558799,189.125322,3.815599,93.000000,89.184401
235,71796.178442,52646.643388,189.299881,229.448564,-160.000000,69.448564
236,71762.122148,63895.118232,189.573480,252.774837,171.000000,-81.774837
237,71460.686624,1527.645086,188.927607,39.085101,73.000000,112.085101
238,71227.389825,16869.235605,188.675274,129.881622,-220.000000,-90.118378
239,70932.350371,1893.118095,188.057549,43.509977,-89.000000,-132.509977
240,70649.952153,4286.370810,187.538112,65.470381,4.000000,69.470381
241,70358.520887,1580.742225,186.914570,39.758549,-48.000000,-87.758549
242,70090.049087,6462.232513,186.466979,80.388012,-70.000000,-150.388012
243,69935.718119,33204.947704,186.449219,182.222248,338.000000,155.777752
244,70092.840806,107645.163003,187.039402,328.093223,-279.000000,49.093223
245,69912.243129,26568.800686,186.939651,162.999389,-40.000000,-202.999389
246,69630.764266,1794.358266,186.342214,42.359866,20.000000,-22.359866
247,69455.779601,27109.490629,186.252944,164.649600,52.000000,216.649600
248,69306.073871,32927.581488,186.233299,181.459586,-58.000000,-239.459586
249,69470.591653,109612.930586,186.824504,331.078436,278.000000,-53.078436
250,69197.178832,2211.037694,186.256200,47.021673,-93.000000,-140.021673
251,69320.906983,99758.031996,186.780850,315.844949,241.000000,-74.844949
252,69584.832551,134774.447830,187.508010,367.116395,-228.000000,139.116395
253,69429.780874,30976.965071,187.461804,176.002742,-94.000000,82.002742
254,69290.103654,34510.475757,187.455036,185.769954,-132.000000,-317.769954
255,69058.023023,11037.865453,187.126774,105.061246,-74.000000,31.061246
256,68843.794397,15072.409277,186.871389,122.769741,24.000000,146.769741
257,68748.765341,44801.443094,186.969382,211.663514,-68.000000,143.663514
258,68481.918923,969.775110,186.355885,31.141212,15.000000,46.141212
259,68390.832555,45254.895035,186.459321,212.731979,282.000000,69.268021
260,68131.234756,1933.796005,185.902741,43.974947,-39.000000,4.974947
261,67905.067515,10006.254019,185.568611,100.031265,79.000000,-21.031265
262,67851.164713,53998.144482,185.750031,232.375008,-68.000000,164.375008
263,67590.081882,230.711539,185.091495,15.189192,21.000000,36.189192
264,67331.500372,358.889364,184.452468,18.944376,-3.000000,-21.944376
265,67138.862208,17052.939504,184.246086,130.586904,138.000000,7.413096
266,66922.023633,10327.155629,183.930729,101.622614,-54.000000,-155.622614
267,66696.088305,7501.032341,183.560683,86.608500,-35.000000,51.608500
268,66451.361827,2088.297945,183.038475,45.697899,69.000000,23.302101
269,66261.235773,16067.957583,182.826102,126.759448,-112.000000,14.759448
270,66017.881937,1529.115488,182.285793,39.103906,63.000000,102.103906
271,66512.346562,198039.936826,183.269804,445.016783,117.000000,-328.016783
272,66326.332655,16660.619338,183.067588,129.076022,229.000000,99.923978
273,66139.347263,16027.262190,182.857667,126.598824,57.000000,183.598824
274,65984.287421,24273.190114,182.757448,155.798556,-108.000000,47.798556
275,65760.116193,5233.884604,182.350025,72.345591,7.000000,79.345591
276,65599.217753,21995.740486,182.224876,148.309610,-97.000000,51.309610
277,65416.138232,15618.508429,182.015166,124.974031,-47.000000,77.974031
278,65182.741128,1465.331815,181.490584,38.279653,131.000000,92.720347
279,64966.837534,5809.252770,181.107776,76.218454,87.000000,10.781546
280,64744.489047,3598.655013,180.668939,59.988791,-12.000000,47.988791
281,64512.618214,516.268483,180.098732,22.721542,-28.000000,-5.278458
282,64364.254987,23267.641101,179.999590,152.537343,-139.000000,13.537343
283,64144.583648,3075.951331,179.553216,55.461260,-48.000000,7.461260
284,63943.558226,7857.465433,179.228535,88.642346,19.000000,107.642346
285,63717.493683,419.421556,178.663592,20.479784,-81.000000,-60.520216
286,63528.175334,10329.719320,178.390442,101.635227,-68.000000,33.635227
287,63376.581022,20626.985158,178.267582,143.620977,41.000000,184.620977
288,63228.354627,21280.284716,178.153533,145.877636,148.000000,2.122364
289,63033.283347,7633.039788,177.834984,87.367270,39.000000,126.367270
290,62844.950859,9170.191765,177.548013,95.761118,4.000000,99.761118
291,62701.332371,21626.444896,177.441781,147.059324,-46.000000,101.059324
292,62513.377255,8570.259030,177.147107,92.575694,-50.000000,42.575694
293,62317.094788,5787.744162,176.797384,76.077225,-6.000000,70.077225
294,62104.206251,579.419216,176.270742,24.071128,92.000000,67.928872
295,61926.427795,10370.675446,176.014954,101.836513,101.000000,-0.836513
296,61725.729434,3322.506485,175.609564,57.641187,-28.000000,29.641187
297,61526.912357,3472.325825,175.211328,58.926444,91.000000,32.073556
298,61344.889526,8012.200056,174.919830,89.510894,96.000000,6.489106
299,61147.916343,3237.800560,174.519769,56.901674,-48.000000,-104.901674
300,60945.278654,1167.160310,174.045593,34.163728,-110.000000,-75.836272
301,60796.980416,16900.701908,173.897300,130.002700,-19.000000,-149.002700
302,60604.051649,3304.207869,173.506646,57.482240,16.000000,-41.482240
303,60485.230728,25076.596382,173.455974,158.355917,113.000000,-45.355917
304,60309.573360,7788.020309,173.171954,88.249761,29.000000,117.249761
305,60124.651751,4648.168951,172.823135,68.177481,139.000000,70.822519
306,59931.750816,1868.569420,172.394008,43.226952,55.000000,11.773048
307,59742.697042,2648.457286,171.994897,51.463164,-8.000000,43.463164
308,59551.429569,1597.385212,171.560595,39.967302,-96.000000,-56.032698
309,59416.638687,18440.210614,171.443330,135.794737,-68.000000,67.794737
310,59222.939211,144.599171,170.922355,12.024940,75.000000,87.024940
311,59032.223516,673.220748,170.450121,25.946498,6.000000,31.946498
312,58843.785350,993.268344,169.999037,31.516160,19.000000,50.516160
313,58659.187502,1803.050371,169.586297,42.462341,102.000000,59.537659
314,58473.157455,989.873037,169.140735,31.462248,-21.000000,-52.462248
315,58292.801689,2382.513997,168.753823,48.811003,-54.000000,-5.188997
316,58124.688694,5841.547384,168.457913,76.430016,54.000000,-22.430016
317,58060.207344,37942.026101,168.542032,194.787130,17.000000,211.787130
318,58052.872731,55757.138752,168.757279,236.129496,-360.000000,-123.870504
319,58405.625196,169169.899410,169.527264,411.302686,9.000000,-402.302686
320,58300.379538,25147.997353,169.492625,158.581201,13.000000,-145.581201
321,58116.731834,84.057079,168.986870,9.168265,-17.000000,-26.168265
322,57936.767782,888.163499,168.549182,29.802072,39.000000,9.197928
323,58086.339374,105650.105421,169.039744,325.038621,-26.000000,-351.038621
324,57905.665047,270.554743,168.562897,16.448548,-22.000000,-5.551452
325,57725.579927,98.341753,168.068672,9.916741,50.000000,40.083259
326,57546.318621,3.439405,167.552479,1.854563,46.000000,44.145437
327,57384.454869,5264.326772,167.258371,72.555680,115.000000,42.444320
328,57264.412963,18490.877258,167.161837,135.981165,-71.000000,64.981165
329,57108.251878,6512.060141,166.895792,80.697337,-19.000000,61.697337
330,56965.464885,10559.692449,166.699058,102.760364,-30.000000,72.760364
331,56802.419277,3649.550910,166.374019,60.411513,-1.000000,59.411513
332,56636.389973,2344.807578,166.014413,48.423213,34.000000,-14.423213
333,56465.419999,387.268413,165.569625,19.679137,98.000000,78.320863
334,56295.746411,473.136021,165.133813,21.751690,-28.000000,-6.248310
335,56190.703575,21526.567772,165.078180,146.719350,-136.000000,10.719350
336,56025.766397,1431.560516,164.694921,37.835969,-10.000000,-47.835969
337,55860.690129,1055.369107,164.297898,32.486445,-46.000000,-78.486445
338,55861.039863,55977.501415,164.514359,236.595650,-188.000000,48.595650
339,55695.181033,298.331519,164.074830,17.272276,-63.000000,-45.727724
340,55537.136638,2592.264441,163.738043,50.914285,-37.000000,13.914285
341,55380.762033,2838.894820,163.410278,53.281280,164.000000,110.718720
342,55286.542494,23534.557884,163.380691,153.409771,98.000000,-55.409771
343,55135.336477,4027.702789,163.085952,63.464185,-70.000000,-6.535815
344,55008.508600,12013.858121,162.928663,109.607747,-20.000000,-129.607747
345,54848.035032,287.022105,162.500549,16.941727,-69.000000,-85.941727
346,54692.343625,1601.573550,162.142417,40.019665,-140.000000,-99.980335
347,54543.380348,3597.939863,161.844576,59.982830,58.000000,-1.982830
348,54576.692024,66002.596878,162.120928,256.909706,129.000000,-127.909706
349,55857.890320,496590.104050,163.693596,704.691496,598.000000,-106.691496
350,55697.783653,460.983375,163.282547,21.470523,-318.000000,-296.529477
351,55989.099325,156784.322081,163.953087,395.960001,-65.000000,-460.960001
352,55898.111495,24325.334395,163.930135,155.965812,80.000000,-75.965812
353,55762.290431,8496.560195,163.724538,92.176788,153.000000,60.823212
354,55623.054175,7029.600742,163.496305,83.842714,107.000000,23.157286
355,55479.496334,5234.252022,163.236623,72.348131,41.000000,113.348131
356,55458.382539,48047.440571,163.395602,219.197264,-166.000000,53.197264
357,55326.492033,8901.033730,163.199992,94.345290,29.000000,-65.345290
358,55286.483058,41163.315117,163.312104,202.887444,59.000000,-143.887444
359,55241.553103,39336.348881,163.410757,198.333933,-58.000000,140.333933
360,55100.629467,5072.738757,163.151803,71.223162,-56.000000,15.223162
361,54969.491899,8284.517596,162.949751,91.019325,-10.000000,81.019325
362,54819.423723,1245.084830,162.593148,35.285760,-21.000000,14.285760
363,54671.953780,1877.714407,162.260946,43.332602,114.000000,70.667398
364,54567.872227,17202.594427,162.174550,131.158661,-78.000000,53.158661
365,54419.679377,1070.253713,161.815936,32.714732,-47.000000,-14.285268
366,54269.980422,228.657550,161.410703,15.121427,87.000000,102.121427
367,54187.978501,24503.283020,161.397272,156.535245,-164.000000,-7.464755
368,54220.882003,66164.853427,161.660535,257.225297,35.000000,292.225297
369,54273.337695,73367.209586,161.959722,270.863821,-4.000000,266.863821
370,55316.632171,436119.115852,163.321562,660.393152,-519.500454,140.892698
371,55741.487127,211238.400733,164.128879,459.606789,63.000000,-396.606789
372,55597.028218,2580.608635,163.820919,50.799691,-344.000000,-394.799691
373,55466.081581,7277.719275,163.608151,85.309550,-6.000000,79.309550
374,55499.851234,67960.853231,163.870543,260.693025,-64.000000,196.693025
375,55541.714855,71031.254578,164.147218,266.516894,-194.000000,72.516894
376,55407.370402,5565.578301,163.906507,74.602804,-47.000000,27.602804
377,55264.447884,2097.271227,163.589857,45.795974,13.000000,58.795974
378,55120.026285,1250.769877,163.247013,35.366225,-44.000000,-8.633775
379,54999.519251,9929.888535,163.077418,99.648826,-99.000000,0.648826
380,54859.125197,2211.355024,162.768768,47.025047,36.000000,83.025047
381,54724.379143,4059.862623,162.506031,63.717051,-8.000000,55.717051
382,54587.280783,2901.199073,162.218615,53.862780,28.000000,81.862780
383,54543.861343,38131.313153,162.305828,195.272408,-160.000000,35.272408
384,54459.372757,22438.198721,162.272902,149.793854,-100.000000,49.793854
385,54317.331066,341.488429,161.895491,18.479406,9.000000,27.479406
386,54175.803439,253.777601,161.513384,15.930399,-96.000000,-111.930399
387,54092.586332,22303.651632,161.481610,149.344071,-18.000000,131.344071
388,53956.702338,1913.132427,161.174990,43.739369,96.000000,52.260631
389,53859.183475,16411.940279,161.089104,128.109095,145.000000,16.890905
390,53720.931653,493.980089,160.729354,22.225663,49.000000,26.774337
391,53584.650967,980.306223,160.394937,31.309842,4.000000,35.309842
392,53535.149544,34378.098839,160.459417,185.413319,-112.000000,73.413319
393,53414.156833,6468.984721,160.253686,80.429999,-24.000000,56.429999
394,53313.111509,14006.480428,160.146238,118.348977,162.000000,43.651023
395,53179.558839,1094.017683,159.821250,33.075938,-86.000000,-52.924062
396,53063.471178,7673.195771,159.637004,87.596779,-132.000000,-44.403221
397,52935.053614,2595.368654,159.360434,50.944761,68.000000,17.055239
398,52823.407038,8946.302715,159.196029,94.584897,-75.000000,19.584897
399,52714.415581,9771.781370,159.043260,98.852321,-54.000000,44.852321
400,52626.822309,18027.479997,158.980692,134.266451,184.000000,49.733549
401,52570.458641,30250.446091,159.018339,173.926554,-135.000000,38.926554
402,52458.839010,8145.845337,158.845565,90.254337,-47.000000,43.254337
403,52334.660122,2911.462633,158.582689,53.957971,-59.000000,-5.042029
404,52208.156322,1733.140094,158.290310,41.630999,-162.000000,-120.369001
405,52232.563173,61995.303675,158.516490,248.988561,202.000000,-46.988561
406,52131.977758,11797.226321,158.392357,108.615037,-125.000000,-16.384963
407,52002.822839,82.545282,158.021868,9.085443,47.000000,37.914557
408,51876.885680,1124.210809,157.713718,33.529253,108.000000,74.470747
409,51755.206355,2596.759195,157.450125,50.958407,-29.000000,-79.958407
410,52436.038253,328172.956865,158.473311,572.863821,307.000000,879.863821
411,52489.032541,74004.713193,158.752340,272.038073,-21.000000,251.038073
412,52362.195911,739.687634,158.429901,27.197199,-63.000000,-35.802801
413,52256.061735,8953.318138,158.273892,94.621975,-71.000000,23.621975
414,52128.630492,9.251884,157.895277,3.041691,13.000000,9.958309
415,52016.498584,6042.416289,157.700234,77.732981,126.000000,48.267019
416,51897.942679,3171.465842,157.454156,56.315769,50.000000,-6.315769
417,51778.568095,2596.239556,157.196284,50.953308,-55.000000,-4.046692
418,51653.817988,132.023608,156.844337,11.490153,-87.000000,-98.490153
419,51649.644566,49921.847946,157.004789,223.431976,31.000000,-192.431976
420,51531.233204,2390.517735,156.744905,48.892921,-75.000000,-123.892921
421,51407.790602,55.668297,156.386910,7.461119,238.000000,245.461119
422,51350.854535,27608.514594,156.410286,166.158101,-77.000000,89.158101
423,51255.331259,11326.601779,156.290993,106.426509,16.000000,-90.426509
424,51149.600520,6848.420897,156.115908,82.755187,-102.000000,-19.244813
425,51044.618388,6952.123243,155.943137,83.379393,55.000000,-28.379393
426,50928.154989,1897.063851,155.676815,43.555296,-32.000000,-75.555296
427,50820.351302,5327.195523,155.481333,72.987640,-8.000000,-80.987640
428,50731.480828,13139.270428,155.384977,114.626657,-51.000000,63.626657
429,50615.184804,1305.670594,155.104387,36.134064,111.000000,147.134064
430,50600.179236,44222.812459,155.233936,210.292207,13.000000,-197.292207
431,50483.210989,654.738140,154.930315,25.587851,-20.309603,-45.897454
432,50644.317748,119436.903707,155.375797,345.596446,-326.819062,18.777384
433,50571.847495,19554.579350,155.339577,139.837689,-298.075103,-158.237414
434,50467.858334,5856.508205,155.156294,76.527826,39.881251,116.409078
435,50396.472315,19700.484172,155.121960,140.358413,16.684637,157.043050
436,50280.667913,368.970680,154.807346,19.208610,60.946431,80.155041
437,50168.354656,1649.027320,154.543607,40.608217,20.562657,-20.045561
438,50052.896032,59.311988,154.205261,7.701428,-11.559358,-3.857930
439,50009.283763,31081.559016,154.256052,176.299629,6.066126,182.365754
440,49918.352958,10363.452723,154.135743,101.801045,7.132805,108.933850
441,49823.975186,8675.266736,153.996167,93.141112,12.877339,106.018451
442,49740.310727,13178.941864,153.906677,114.799573,-18.114537,96.685035
443,49627.136326,56.748735,153.573252,7.533176,-3.408665,4.124511
444,49515.312388,424.603595,153.271054,20.605912,22.662657,2.056745
445,49411.465399,3718.790253,153.061781,60.981885,-15.336583,45.645301
446,49299.941100,117.725218,152.740035,10.850125,24.082071,13.231945
447,49189.824458,518.268806,152.446639,22.765518,-8.639558,-31.405076
448,49079.583934,243.031993,152.138402,15.589483,9.156859,24.746343
449,48971.337241,909.805637,151.864300,30.162985,-17.656680,12.506305
450,48861.885698,155.949043,151.551797,12.487956,-0.417770,12.070186
451,48753.073036,222.625588,151.246135,14.920643,13.057881,27.978524
452,48644.457842,93.466250,150.930112,9.667794,4.769144,14.436938
453,62162.541454,6118263.999308,156.102901,2473.512482,-129.000000,2344.512482
454,63010.506576,443746.846538,157.236324,666.143263,69.000000,-597.143263
455,63189.858917,143898.412207,157.728792,379.339442,-42.000000,-421.339442
456,63069.497255,8786.387857,157.587214,93.735734,-152.000000,-245.735734
457,62939.560775,4208.271787,157.382543,64.871194,-24.000000,40.871194
458,62805.231177,1953.923227,157.133250,44.203204,103.000000,58.796796
459,62688.198652,9555.432521,157.002741,97.751893,78.000000,-19.751893
460,62562.646072,5436.221869,156.820127,73.730739,-47.000000,26.730739
461,62425.803649,25.659130,156.488060,5.065484,0.000000,5.065484
462,62305.772936,7451.737100,156.334862,86.323445,-49.000000,37.323445
463,62180.217112,4675.649359,156.143237,68.378720,-31.000000,37.378720
464,62106.124846,28097.774750,156.168195,167.623909,-96.000000,71.623909
465,61987.930883,7618.707883,156.018774,87.285210,-53.000000,34.285210
466,61855.668197,882.570101,155.745374,29.708081,59.000000,29.291919
467,61725.813947,1733.150700,155.498907,41.631127,1.000000,42.631127
468,61593.778066,461.164898,155.210062,21.474750,64.000000,42.525250
469,61461.518175,92.928722,154.897008,9.639954,30.000000,20.360046
470,61364.916608,16445.187803,154.839801,128.238792,90.000000,-38.238792
471,61234.068487,258.844104,154.542690,16.088633,-27.000000,-43.088633
472,61276.779109,81222.639801,154.821436,284.995859,-192.000000,92.995859
473,61219.035429,34194.993022,154.885609,184.918882,20.000000,-164.918882
474,61111.709448,10775.824735,154.776931,103.806670,24.000000,127.806670
475,60997.206573,7180.854891,154.628232,84.739925,26.000000,110.739925
476,60873.347376,2535.666023,154.407315,50.355397,115.000000,64.644603
477,60748.442349,1793.269327,154.170401,42.347011,66.000000,23.652989
478,60775.546875,73595.987935,154.417480,271.285805,-259.000000,12.285805
479,60655.760376,3876.959449,154.223475,62.265235,43.000000,-19.265235
480,60580.029319,24607.777372,154.229033,156.868663,74.000000,-82.868663
481,60473.368201,9702.675916,154.112205,98.502162,-141.000000,-42.497838
482,60349.678566,1349.723037,153.866653,36.738577,57.000000,93.738577
483,60230.050720,3047.940377,153.660686,55.208155,57.000000,1.791845
484,60117.113986,6020.418003,153.502208,77.591353,53.000000,-24.591353
485,59997.764393,2709.959822,153.291304,52.057274,65.000000,12.942726
486,59922.392734,23668.624708,153.292455,153.846107,75.000000,-78.846107
487,59840.324768,20283.565138,153.269945,142.420382,-111.000000,31.420382
488,59716.998884,150.597243,152.978627,12.271807,22.000000,9.728193
489,59634.164527,19542.335780,152.951442,139.793905,108.000000,-31.793905
490,59513.038050,766.696637,152.693701,27.689287,10.000000,37.689287
491,59390.852524,8.686987,152.386213,2.947369,30.000000,27.052631
492,59349.706107,39311.400768,152.480240,198.271029,168.000000,-30.271029
493,59241.102899,6242.737271,152.329996,79.010995,-44.000000,35.010995
494,59186.487568,32479.590823,152.386916,180.220950,-152.000000,28.220950
495,59075.675051,4777.541691,152.217329,69.119763,24.000000,-45.119763
496,58969.410410,6793.471985,152.075470,82.422521,-24.000000,58.422521
497,58874.279562,12069.902061,151.989846,109.863106,64.000000,-45.863106
498,58757.664402,1266.390621,151.754212,35.586383,25.000000,60.586383
499,58658.505360,9673.938711,151.646337,98.356183,-37.000000,61.356183
500,58587.645323,23511.926739,151.649744,153.335993,153.000000,-0.335993
501,58488.533266,9328.952905,151.538952,96.586505,37.000000,-59.586505
502,58371.401821,157.073941,151.259824,12.532914,19.000000,6.467086
503,58278.271170,11899.206781,151.175302,109.083485,-36.000000,73.083485
504,58178.793935,8539.653759,151.057772,92.410247,1.000000,93.410247
505,58066.108601,1723.441564,150.839122,41.514354,112.000000,70.485646
506,58002.019871,25893.566448,150.859193,160.914780,-132.000000,28.914780
507,57950.736589,32206.528934,150.916057,179.461776,-183.000000,-3.538224
508,57843.407870,3857.062130,150.739845,62.105250,-105.000000,-42.894750
509,57729.002871,68.883388,150.457786,8.299602,13.000000,4.700398
510,57615.794694,445.665139,150.202159,21.110783,-28.000000,-6.889217
511,57510.821824,4394.549772,150.036655,66.291400,70.000000,3.708600
512,57397.728624,59.476156,149.756488,7.712079,24.000000,31.712079
513,57330.920639,23392.464163,149.762754,152.945952,-90.000000,62.945952
514,57230.471203,6101.708147,149.622265,78.113431,82.000000,3.886569
515,57123.387171,2510.531019,149.427516,50.105200,15.000000,-35.105200
516,57012.213964,202.705229,149.163473,14.237459,39.000000,24.762541
517,56985.811094,43467.541819,149.279116,208.488709,191.000000,-17.488709
518,57011.998438,70446.105989,149.505065,265.416853,-162.000000,103.416853
519,56919.693005,9474.700246,149.403770,97.338072,-93.000000,4.338072
520,56814.431430,2604.720263,149.213136,51.036460,-10.000000,41.036460
521,56709.466304,2547.461076,149.022148,50.472379,-42.000000,8.472379
522,56607.427013,3853.113732,148.854293,62.073454,17.000000,79.073454
523,56501.177370,1463.862593,148.641203,38.260457,-38.000000,0.260457
524,56394.669386,1117.025461,148.419628,33.421931,3.000000,-30.421931
525,56289.951235,1836.512752,148.217007,42.854553,-62.000000,-19.145447
526,56182.949387,434.986312,147.973021,20.856325,-41.000000,-20.143675
527,56088.190194,6623.891908,147.845706,81.387296,67.000000,-14.387296
528,56005.447612,12731.077157,147.778887,112.832075,-115.000000,-2.167925
529,55904.550742,3034.590542,147.602331,55.087118,-11.000000,44.087118
530,55948.700392,79127.266868,147.856501,281.295693,268.000000,-13.295693
531,55940.311379,51527.690372,148.006673,226.997115,205.000000,-21.997115
532,55862.763228,14994.887781,147.958277,122.453615,110.000000,-12.453615
533,55928.659515,90721.899134,148.247960,301.200762,-330.000000,-28.799238
534,55824.222877,577.241293,148.013579,24.025846,-70.000000,-45.974154
535,55721.186238,1111.767727,147.797627,33.343181,2.000000,-31.343181
536,55616.899659,240.725931,147.548976,15.515345,-20.000000,-35.515345
537,55522.710185,5413.909925,147.410196,73.579276,-57.000000,16.579276
538,55429.219035,5598.436371,147.274264,74.822700,-158.000000,-83.177300
539,55367.826034,22583.963456,147.279882,150.279618,59.000000,-91.279618
540,55444.176905,96291.892880,147.584041,310.309350,-251.000000,59.309350
541,55399.217984,31301.236440,147.638674,176.921554,-256.000000,-79.078446
542,55546.324657,134542.607646,148.046038,366.800501,34.000000,-332.800501
543,55460.080107,9060.512507,147.947968,95.186724,39.000000,-56.186724
544,55383.546545,14131.956703,147.894135,118.877907,-27.000000,91.877907
545,55291.693899,5691.264908,147.760209,75.440473,-15.000000,60.440473
546,55198.682869,4879.715453,147.616473,69.854960,-59.000000,10.854960
547,55125.556544,15491.088684,147.573833,124.463202,95.000000,-29.463202
548,55064.505887,21913.998986,147.574679,148.033777,-64.000000,84.033777
549,55013.585303,27312.787472,147.607140,165.265809,-154.000000,11.265809
550,55087.238528,95228.246333,147.901981,308.590742,-231.000000,77.590742
551,54996.329313,5359.897848,147.765435,73.211323,-69.000000,-142.211323
552,54914.982881,10418.484646,147.682051,102.070978,-114.000000,-11.929022
553,54815.978490,561.571985,147.456214,23.697510,-43.000000,-19.302490
554,54726.135640,5402.411189,147.321750,73.501097,15.000000,88.501097
555,54627.946033,623.662343,147.099702,24.973233,22.000000,46.973233
556,54529.261354,154.003387,146.855699,12.409810,-56.000000,-43.590190
557,54467.867887,20578.673788,146.849545,143.452688,121.000000,-22.452688
558,54476.718977,59371.371981,147.024298,243.662414,-195.000000,48.662414
559,54379.248351,380.521110,146.794537,19.506950,-49.000000,-29.493050
560,54397.889740,64743.860966,146.988158,254.448150,82.000000,-172.448150
561,54359.948416,33264.571926,147.051709,182.385778,-140.000000,42.385778
562,54262.558497,16.374139,146.795427,4.046497,53.000000,48.953503
563,54192.985004,15370.975413,146.754612,123.979738,14.000000,-109.979738
564,54113.571792,9721.586507,146.668618,98.598106,-23.000000,75.598106
565,54017.329812,121.821230,146.426851,11.037266,27.000000,15.962734
566,53924.515536,1855.706425,146.242956,43.077911,8.000000,-35.077911
567,53829.325623,332.594397,146.015592,18.237171,-187.000000,-168.762829
568,53756.520557,12767.268409,145.957040,112.992338,3.000000,115.992338
569,53662.871429,844.763162,145.750151,29.064810,32.000000,61.064810
570,53568.394657,189.018645,145.516933,13.748405,85.000000,71.251595
571,53498.878504,14152.736264,145.470105,118.965273,187.000000,68.034727
572,53410.189209,3123.358617,145.312388,55.887017,-2.000000,53.887017
573,53362.552216,26304.740505,145.342045,162.187362,-159.000000,3.187362
574,53269.439437,288.267672,145.116846,16.978447,6.000000,-10.978447
575,53226.560792,28785.733537,145.159835,169.663589,195.000000,25.336411
576,53133.510402,1.737735,144.908363,1.318232,24.000000,25.318232
577,53042.322464,882.821837,144.707323,29.712318,-6.000000,-35.712318
578,52949.919419,2.974567,144.458225,1.724693,-3.000000,-1.275307
579,52914.802754,32757.837293,144.521760,180.991263,188.000000,7.008737
580,52841.369025,10616.974666,144.449741,103.038705,-164.000000,-60.961295
581,52750.102611,180.648187,144.222689,13.440543,-74.000000,-60.559457
582,52676.673392,10308.014123,144.148823,101.528391,89.000000,-12.528391
583,52606.209029,11877.806972,144.088092,108.985352,-56.000000,52.985352
584,52555.675935,23297.014769,144.102825,152.633596,-71.000000,81.633596
585,52476.052996,6294.748117,143.991357,79.339449,-67.000000,12.339449
586,52387.541925,962.609887,143.797258,31.025955,35.000000,3.974045
587,52323.363591,14971.573287,143.760485,122.358381,-74.000000,48.358381
588,52303.492476,40718.631918,143.859848,201.788582,-267.000000,-65.211418
589,52214.105857,12.320340,143.619934,3.510034,-68.000000,-71.510034
590,52127.035086,1190.634187,143.433732,34.505567,28.000000,-6.505567
591,52043.579433,3138.566632,143.284821,56.022912,87.000000,30.977088
592,51955.614055,319.937234,143.071559,17.886789,89.000000,71.113211
593,51895.977122,16829.460616,143.048905,129.728411,-106.000000,23.728411
594,51808.018178,0.200250,142.807207,0.447493,-4.000000,-4.447493
595,51743.711718,13802.900370,142.764362,117.485745,123.000000,5.514255
596,51657.207116,532.987086,142.562204,23.086513,-21.000000,-44.086513
597,51572.817128,1613.944262,142.389542,40.173925,-133.000000,-92.826075
598,51487.872522,1115.721318,142.206062,33.402415,-43.000000,-9.597585
599,51402.226683,528.598419,142.005701,22.991268,-59.000000,-36.008732
600,51321.055907,3024.443835,141.859710,54.994944,-48.000000,-102.994944
601,51239.083569,2383.570633,141.703868,48.821825,-35.000000,13.821825
602,51166.675089,7938.812246,141.615901,89.100013,135.000000,45.899987
603,51125.602962,26564.471230,141.651578,162.986107,-200.000000,-37.013893
604,51042.702467,1385.305540,141.477525,37.219693,-37.000000,-74.219693
605,50958.858831,652.677579,141.284630,25.547555,-9.000000,-34.547555
606,50884.916349,6445.484646,141.183299,80.283776,-167.000000,-86.716224
607,50831.822681,18869.434727,141.176969,137.366061,-78.000000,59.366061
608,50794.158710,28082.783865,141.220681,167.579187,124.000000,-43.579187
609,50770.006697,36182.191066,141.301665,190.216169,198.000000,7.783831
610,50686.682011,275.247059,141.095871,16.590571,101.000000,84.409429
611,50603.965149,477.546508,140.899425,21.852838,-2.000000,-23.852838
612,50525.993236,3197.042217,140.760680,56.542393,-116.000000,-59.457607
613,50480.255814,22671.903353,140.776790,150.571921,-196.000000,-45.428079
614,50411.071377,8277.749015,140.695160,90.982136,-123.000000,-32.017864
615,50361.013622,19825.783260,140.695338,140.804060,98.000000,-42.804060
616,50316.237969,22958.313631,140.713025,151.520011,-142.000000,9.520011
617,50236.056584,1165.049277,140.539159,34.132818,-6.000000,28.132818
618,50171.452308,10569.031112,140.477704,102.805793,-53.000000,49.805793
619,50102.048011,7487.809229,140.389987,86.532128,67.000000,-19.532128
620,50042.201706,13236.724566,140.348853,115.050965,164.000000,48.949035
621,49983.408335,13766.691956,140.311547,117.331547,213.000000,95.668453
622,50019.886023,72526.619102,140.520279,269.307666,-330.000000,-60.692334
623,49941.505077,1502.080289,140.355879,38.756681,-172.000000,-133.243319
624,49863.894534,1822.968556,140.198363,42.696236,-80.000000,-37.303764
625,49827.191611,27071.379310,140.237551,164.533824,-6.000000,-170.533824
626,49756.731949,6001.282030,140.136635,77.467942,-20.000000,-97.467942
627,49709.645785,20422.051694,140.141080,142.905744,-2.000000,140.905744
628,49630.862919,549.137182,139.954049,23.433676,34.000000,57.433676
629,49621.244348,43619.256426,140.064286,208.852236,217.000000,8.147764
630,49739.385178,123577.403714,140.402100,351.535779,321.000000,-30.535779
631,49661.653215,1001.444361,140.228645,31.645606,-104.000000,-72.354394
632,49588.731087,3866.557058,140.104366,62.181646,-85.000000,-22.818354
633,49523.362405,8471.829975,140.027956,92.042544,-54.000000,38.042544
634,49445.662615,572.494776,139.843669,23.926863,-55.000000,-31.073137
635,49376.844626,6021.511629,139.745023,77.598400,-39.000000,38.598400
636,49304.834498,3866.443414,139.622295,62.180732,169.000000,106.819268
637,49256.289499,18575.850621,139.617036,136.293252,135.000000,-1.293252
638,49211.614582,20932.391873,139.625022,144.680309,-195.000000,-50.319691
639,49138.934730,3059.908737,139.492252,55.316442,-80.000000,-24.683558
640,49064.328550,1689.403861,139.337551,41.102358,-34.000000,7.102358
641,48987.304899,0.262785,139.119616,0.512626,59.000000,59.512626
642,48942.716493,20539.902034,139.126196,143.317487,207.000000,63.682513
643,48872.859955,4304.388836,139.011143,65.607841,2.000000,67.607841
644,48821.422927,15953.162176,138.991291,126.305828,94.000000,-32.305828
645,48747.212438,1252.499624,138.829668,35.390671,17.000000,-18.390671
646,48673.726828,1569.450279,138.675130,39.616288,93.000000,53.383712
647,48604.446879,4126.719802,138.559367,64.239550,-18.000000,46.239550
648,48533.180619,2708.975779,138.425032,52.047822,-4.000000,48.047822
649,48459.939701,1292.788084,138.266165,35.955362,172.000000,207.955362
650,48393.941099,5824.843056,138.170274,76.320659,-109.000000,-32.679341
651,48349.367678,19554.937356,138.172853,139.838969,35.000000,-104.838969
652,48293.005727,11826.823911,138.127449,108.751202,-109.000000,-0.248798
653,48234.856837,10554.375918,138.072914,102.734492,-23.000000,-125.734492
654,48173.418402,8299.874305,138.000654,91.103646,30.000000,-61.103646
655,48103.273285,2508.947065,137.865614,50.089391,104.000000,53.910609
656,48030.595274,717.209937,137.695238,26.780776,37.000000,63.780776
657,47958.792424,1143.334618,137.536154,33.813231,-88.000000,-54.186769
658,47986.839065,66301.295445,137.719570,257.490379,-265.000000,-7.509621
659,47922.798355,6040.173892,137.627966,77.718556,102.000000,24.281444
660,47857.567154,5131.130341,137.527362,71.631909,-188.000000,-116.368091
661,47800.541861,10391.950029,137.473197,101.940914,-139.000000,-37.059086
662,47731.049623,2074.649130,137.333493,45.548316,177.000000,131.451684
663,47663.145757,2982.401994,137.207967,54.611372,98.000000,43.388628
664,47605.400007,9550.950481,137.148150,97.728964,-108.000000,-10.271036
665,47561.454007,18557.094287,137.146752,136.224426,37.000000,-99.224426
666,47501.998777,8202.091804,137.076388,90.565401,-191.000000,-100.434599
667,47456.465665,17313.545544,137.068099,131.580947,-115.000000,16.580947
668,47385.017563,14.925528,136.867490,3.863357,55.000000,51.136643
669,47314.175395,274.976043,136.686610,16.582402,-21.000000,-4.417598
670,47365.711418,81637.166751,136.910387,285.722185,240.000000,-45.722185
671,47295.129441,287.532429,136.730546,16.956781,70.000000,86.956781
672,47349.532035,83636.062751,136.958793,289.199002,-334.000000,-44.800998
673,47278.778446,15.380888,136.759933,3.921847,-3.000000,-6.921847
674,47215.150258,4647.892361,136.657568,68.175453,-37.000000,31.175453
675,47144.785386,0.320892,136.454750,0.566473,17.000000,17.566473
676,47085.129470,7056.009773,136.376692,84.000058,35.000000,-49.000058
677,47057.423381,28438.931591,136.424630,168.638464,-189.000000,-20.361536
678,47011.458892,16077.358392,136.410345,126.796524,41.000000,-85.796524
679,46946.941962,3462.530530,136.295430,58.843271,3.000000,61.843271
680,46879.733064,1513.727395,136.151364,38.906650,42.000000,3.093350
681,46810.487329,0.370597,135.951154,0.608767,7.000000,7.608767
682,46741.449526,2.856769,135.753129,1.690198,-20.000000,-21.690198
683,46673.520502,617.642317,135.589799,24.852411,1.000000,25.852411
684,46610.607664,3892.790288,135.482156,62.392229,-33.000000,29.392229
685,46545.717073,2420.115393,135.355449,49.194668,-23.000000,26.194668
686,46478.468518,682.202656,135.195278,26.119009,66.000000,39.880991
687,46414.069219,2493.747109,135.070449,49.937432,-13.000000,36.937432
688,46354.017466,5338.670446,134.979800,73.066206,83.000000,9.933794
689,46300.656300,9801.618675,134.927279,99.003125,-148.000000,-48.996875
690,46240.251775,4863.151929,134.832249,69.736303,-55.000000,-124.736303
691,46187.201988,9795.048407,134.780047,98.969937,-35.000000,63.969937
692,46140.843315,14292.435014,134.757912,119.550972,-28.000000,91.550972
693,46076.003779,1466.402816,134.617906,38.293639,42.000000,80.293639
694,46049.952331,28100.504687,134.665752,167.632051,-20.000000,147.632051
695,45985.731470,1673.337290,134.530066,40.906446,-92.000000,-51.093554
696,45919.757393,331.669922,134.361976,18.211807,0.000000,-18.211807
697,45855.731050,1549.501837,134.224893,39.363712,-24.000000,15.363712
698,45792.068399,1673.851541,134.090438,40.912731,60.000000,19.087269
699,45731.087744,3410.512897,133.981530,58.399597,39.000000,-19.399597
700,45685.144148,13754.344993,133.957532,117.278920,132.000000,14.721080
701,45626.444211,4771.288188,133.864443,69.074512,-51.000000,18.074512
702,45566.671613,3905.170728,133.762189,62.491365,-42.000000,20.491365
703,45518.255946,11724.120322,133.725731,108.277977,-63.000000,45.277977
704,45461.614631,5869.335523,133.644140,76.611589,-35.000000,41.611589
705,45396.918535,109.651196,133.468430,10.471447,20.000000,30.471447
706,45347.120830,10438.929406,133.423847,102.171079,-57.000000,45.171079
707,45365.877248,58532.882716,133.578202,241.935700,-386.000000,-144.064300
708,45304.163512,1919.407250,133.450692,43.811040,5.000000,-38.811040
709,45248.206078,5854.172540,133.369929,76.512565,113.000000,36.487435
710,45184.533084,295.072090,133.205350,17.177663,72.000000,54.822337
711,45140.301493,13912.798405,133.183776,117.952526,-131.000000,-13.047474
712,45085.173685,6109.813584,133.106066,78.165297,67.000000,-11.165297
713,45026.769470,3676.585165,133.003850,60.634851,-42.000000,18.634851
714,44975.484786,8614.643906,132.947247,92.815106,70.000000,-22.815106
715,44928.943415,11884.570346,132.913588,109.016377,102.000000,-7.016377
716,44898.416854,23194.031922,132.940811,152.295870,71.000000,-81.295870
717,44836.031749,417.836986,132.783027,20.441061,-93.000000,-72.558939
718,44775.112453,1339.654302,132.648319,36.601288,55.000000,18.398712
719,44721.822509,6672.802286,132.577045,81.687222,-78.000000,3.687222
720,44661.286426,1377.986991,132.443726,37.121247,-61.000000,-23.878753
721,44599.384311,277.470077,132.282239,16.657433,3.000000,19.657433
722,44769.852164,166995.303015,132.667153,408.650588,-203.000000,205.650588
723,44723.064160,11129.276941,132.629362,105.495388,-123.000000,-228.495388
724,44662.250758,937.414810,132.487679,30.617231,-105.000000,-135.617231
725,44602.375897,1492.476023,132.357505,38.632577,-79.000000,-40.367423
726,44540.722726,88.786448,132.187235,9.422656,105.000000,114.422656
727,44481.033306,1385.272141,132.055883,37.219244,-58.000000,-20.780756
728,44443.044428,16977.085889,132.053452,130.296147,167.000000,36.703853
729,44397.099778,11133.173041,132.016846,105.513852,48.000000,-57.513852
730,44342.249559,4575.840375,131.928179,67.644958,-121.000000,-53.355042
731,44290.666900,6841.656414,131.860485,82.714306,70.000000,-12.714306
732,44253.747547,17413.378123,131.860621,131.959759,-88.000000,43.959759
733,44203.257086,7446.201782,131.798112,86.291377,-86.000000,0.291377
734,44144.273850,1145.494342,131.663930,33.845152,-28.000000,5.845152
735,44085.249798,997.691896,131.527025,31.586261,-9.000000,22.586261
736,44037.749594,9315.100763,131.479194,96.514770,70.000000,-26.514770
737,43979.495617,1337.584196,131.349717,36.572998,97.000000,60.427002
738,43919.652221,54.442835,131.180819,7.378539,-114.000000,-106.621461
739,43866.826918,5093.054905,131.099438,71.365642,125.000000,53.634358
740,43808.843354,1190.923877,130.968202,34.509765,60.000000,25.490235
741,43755.372936,4401.144873,130.880513,66.341125,96.000000,29.658875
742,43708.309833,9022.802818,130.831878,94.988435,-59.000000,35.988435
743,43672.980341,17599.815406,130.834358,132.664296,65.000000,-67.664296
744,43613.965488,1.989546,130.659461,1.410513,-56.000000,-57.410513
745,43569.114119,10379.100426,130.620619,101.877870,91.000000,-10.877870
746,43536.275437,19202.812303,130.631339,138.574212,-136.000000,2.574212
747,43493.888528,12042.802489,130.603221,109.739703,-82.000000,27.739703
748,43440.809418,4003.030213,130.512718,63.269505,-43.000000,20.269505
749,43388.361183,4366.874224,130.426235,66.082329,-37.000000,29.082329
750,43421.386618,68025.335831,130.601021,260.816671,252.000000,-8.816671
751,43385.564116,16661.977633,130.598986,129.081283,-53.000000,76.081283
752,43327.747238,138.539207,130.440124,11.770268,-66.000000,-54.229732
753,43270.322294,316.464264,130.289723,17.789442,17.000000,-0.789442
754,43215.882440,2440.431640,130.181871,49.400725,30.000000,-19.400725
755,43173.080762,11071.822462,130.148636,105.222728,-89.000000,16.222728
756,43125.290968,7235.155717,130.088678,85.059719,125.000000,39.940281
757,43068.032121,9.379080,129.919984,3.062528,-37.000000,-33.937472
758,43016.643908,4321.319964,129.834861,65.736747,-7.000000,-72.736747
759,42987.900895,21315.668978,129.856270,145.998866,-177.000000,-31.001134
760,42936.009248,3757.815947,129.765588,61.301027,35.000000,-26.301027
761,42879.530330,181.467864,129.611963,13.471001,19.000000,5.528999
762,42837.996982,11397.252473,129.581812,106.757915,-132.000000,-25.242085
763,42783.320659,1338.668074,129.459290,36.587813,-38.000000,-1.412187
764,42743.305529,12371.821939,129.435303,111.228692,-127.000000,-15.771308
765,42688.340850,915.184530,129.304970,30.252017,-24.000000,-54.252017
766,42670.222141,28881.885098,129.358306,169.946713,137.000000,-32.946713
767,42615.897379,1220.428528,129.234552,34.934632,37.000000,71.934632
768,42562.993874,2197.619518,129.126757,46.878775,82.000000,35.121225
769,42508.495017,871.368296,128.996551,29.518948,-11.000000,18.518948
770,42453.327106,249.875152,128.848784,15.807440,-3.000000,-18.807440
771,42398.470107,378.009087,128.706142,19.442456,-7.000000,12.442456
772,42371.670224,21816.159414,128.730878,147.702943,-148.000000,-0.297057
773,42326.469327,7612.180645,128.676934,87.247812,62.000000,-25.247812
774,42271.845443,266.078484,128.531005,16.311912,51.000000,34.688088
775,42219.261157,1729.360848,128.418235,41.585585,77.000000,35.414415
776,42165.811873,956.414417,128.291950,30.925951,78.000000,47.074049
777,42124.061848,9893.042304,128.254656,99.463774,142.000000,42.536226
778,42090.216075,15927.433965,128.252007,126.203938,109.000000,-17.203938
779,42039.933136,3120.938153,128.158604,55.865357,-57.000000,-1.134643
780,42016.692289,24005.036060,128.193111,154.935587,-114.000000,40.935587
781,41969.770115,5558.162809,128.124076,74.553087,-29.000000,45.553087
782,41923.772429,6183.570265,128.060466,78.635681,104.000000,25.364319
783,41884.369029,11228.524048,128.032102,105.964730,-162.000000,-56.035270
784,41830.682879,9.172244,127.871841,3.028571,-12.000000,-8.971429
785,41777.916507,620.145976,127.739998,24.902730,3.000000,27.902730
786,41729.314651,3771.264810,127.655178,61.410625,-53.000000,8.410625
787,41677.822134,1410.674025,127.540113,37.558941,60.000000,22.441059
788,41635.992473,8883.368155,127.497653,94.251621,145.000000,50.748379
789,41673.333822,70948.951128,127.674551,266.362443,288.000000,21.637557
790,41625.725947,4253.544365,127.595091,65.219202,-110.000000,-44.780798
791,41622.583609,39152.705959,127.684386,197.870427,-198.000000,-0.129573
792,41578.572727,6942.008136,127.628085,83.318714,-66.000000,17.318714
793,41532.234855,5017.991769,127.556107,70.837785,-88.000000,-17.162215
794,41483.707286,3195.455681,127.466199,56.528362,-38.000000,18.528362
795,41436.426982,4084.986450,127.385854,63.913899,8.000000,71.913899
796,41387.799296,2923.300112,127.293281,54.067551,-59.000000,-4.932449
797,41368.549818,26122.963122,127.336575,161.625998,113.000000,-48.625998
798,41331.270662,11768.900261,127.312832,108.484562,11.000000,-97.484562
799,41288.264099,7141.052828,127.258986,84.504750,55.000000,-29.504750
800,41329.955924,74474.957010,127.441953,272.901002,-237.000000,35.901002
801,41322.928636,35729.207181,127.519218,189.021711,117.000000,-72.021711
802,41311.007604,31809.945239,127.582920,178.353428,62.000000,-116.353428
803,41265.968177,5324.505466,127.514567,72.969209,-102.000000,-29.030791
804,41223.444809,7247.273390,127.461587,85.130919,22.000000,-63.130919
805,41172.310572,264.920883,127.322779,16.276390,25.000000,8.723610
806,41121.108197,108.005653,127.176981,10.392577,9.000000,-1.392577
807,41069.906443,6.100502,127.021680,2.469920,-29.000000,-31.469920
808,41019.566561,596.640668,126.894073,24.426229,24.000000,-0.426229
809,41003.486986,28075.509101,126.944587,167.557480,136.000000,-31.557480
810,40953.073836,370.487918,126.810968,19.248063,-22.000000,-41.248063
811,40936.821396,27837.355138,126.860577,166.845303,-172.000000,-5.154697
812,40891.845821,4596.556437,126.787480,67.797909,-89.000000,-21.202091
813,40889.034261,38617.293639,126.873667,196.512833,217.000000,20.487167
814,40845.135831,5331.305936,126.807176,73.015792,110.000000,36.984208
815,40797.309404,2057.903543,126.706753,45.364122,-87.000000,-41.635878
816,40777.985596,25106.377602,126.745845,158.449921,-162.000000,-3.550079
817,40739.562392,9539.920579,126.710085,97.672517,108.000000,10.327483
818,40708.712189,15627.496945,126.707996,125.009987,-63.000000,62.009987
819,40658.773650,8.803407,126.556167,2.967054,-23.000000,-25.967054
820,40613.915776,4054.748425,126.479109,63.676907,15.000000,78.676907
821,40566.396190,1790.413416,126.376091,42.313277,27.000000,69.313277
822,40527.947910,9115.703652,126.338316,95.476194,-133.000000,-37.523806
823,40480.757882,1879.315202,126.236988,43.351069,-51.000000,-7.648931
824,40454.042134,18573.844155,126.249243,136.285891,-107.000000,29.285891
825,40412.261476,6152.122110,126.191005,78.435465,106.000000,27.564535
826,40416.956240,44271.357512,126.293458,210.407599,191.000000,-19.407599
827,40368.641269,653.734710,126.171070,25.568236,9.000000,34.568236
828,40341.680397,18152.882736,126.181460,134.732634,138.000000,3.267366
829,40292.886321,86.568198,126.039791,9.304203,34.000000,24.695797
830,40273.257204,24079.235612,126.075063,155.174855,-188.000000,-32.825145
831,40244.474811,16470.217635,126.077798,128.336346,-132.000000,-3.663654
832,40196.186299,261.587163,125.945063,16.173656,7.000000,23.173656
833,40148.774535,891.834169,125.829163,29.863593,75.000000,45.136407
834,40115.611130,12623.148166,125.812926,112.352784,-36.000000,76.352784
835,40067.841532,419.075050,125.686161,20.471323,31.000000,10.528677
836,40033.536377,11525.952858,125.664133,107.358991,131.000000,23.641009
837,40021.878337,30322.388836,125.722320,174.133250,195.000000,20.866750
838,40005.940422,26729.656940,125.767607,163.492070,98.000000,-65.492070
839,39958.053308,20.200432,125.622370,4.494489,15.000000,10.505511
840,39942.748593,27163.311933,125.669249,164.812960,147.000000,-17.812960
841,39895.795501,643.010578,125.549402,25.357653,40.000000,14.642347
842,39858.104537,8310.767541,125.508369,91.163411,-92.000000,-0.836589
843,39815.936231,4478.895903,125.438543,66.924554,117.000000,50.075446
844,39769.991538,1222.394366,125.330834,34.962757,30.000000,64.962757
845,39723.033190,278.020723,125.201634,16.673953,48.000000,31.326047
846,39675.860554,3.673044,125.055215,1.916519,15.000000,16.916519
847,39630.737172,1636.849609,124.954862,40.457998,22.000000,-18.457998
848,39611.304884,23229.886526,124.987396,152.413538,128.000000,-24.413538
849,39634.909432,59557.147721,125.128291,244.043332,251.000000,6.956668
850,39590.378533,1961.769265,125.032739,44.291865,-24.000000,-68.291865
851,39543.790097,129.972667,124.898581,11.400556,23.000000,34.400556
852,39497.274731,98.759655,124.763014,9.937789,15.000000,5.062211
853,39462.133625,9662.476211,124.731842,98.297895,-20.000000,78.297895
854,39425.326104,8175.740556,124.691475,90.419802,-2.000000,88.419802
855,39379.824068,703.093595,124.576110,26.515912,52.000000,25.484088
856,39356.107138,19172.999912,124.592413,138.466602,-47.000000,91.466602
857,39323.149368,11243.129180,124.570656,106.033623,84.000000,-22.033623
858,39280.386302,2803.491246,124.486789,52.948005,-67.000000,-14.051995
859,39235.057754,524.477539,124.367976,22.901475,-2.000000,20.901475
860,39197.436307,7031.099037,124.320643,83.851649,-35.000000,48.851649
861,39154.794754,2653.625305,124.235687,51.513351,26.000000,77.513351
862,39110.039294,754.609837,124.122907,27.470163,31.000000,58.470163
863,39077.537512,11191.008954,124.101562,105.787565,174.000000,68.212435
864,39033.564960,1261.142891,123.998552,35.512574,-20.000000,15.512574
865,39001.179339,11149.545086,123.977173,105.591406,-47.000000,58.591406
866,38978.720964,19642.059917,123.995935,140.150133,103.000000,-37.150133
867,38977.770253,38158.257716,124.078606,195.341388,224.000000,28.658612
868,38934.141264,1282.323921,123.976443,35.809551,-79.000000,-43.190449
869,38889.821853,597.850749,123.861385,24.450987,2.000000,-22.450987
870,38852.819762,6846.010336,123.813901,82.740621,-28.000000,54.740621
871,38824.337009,14158.272892,123.808336,118.988541,-63.000000,55.988541
872,38822.912037,37587.461398,123.889057,193.874860,-118.000000,75.874860
873,38778.356390,104.055119,123.758231,10.200741,-14.000000,-24.200741
874,38753.644756,17279.234789,123.767073,131.450503,214.000000,82.549497
875,38711.033436,1639.185333,123.671458,40.486854,39.000000,-1.486854
876,38667.659357,888.836151,123.563823,29.813355,28.000000,57.813355
877,38639.477601,14064.986693,123.558132,118.595897,102.000000,-16.595897
878,38597.154133,1648.766373,123.463220,40.605004,50.000000,9.394996
879,38557.367419,3783.779224,123.392419,61.512431,124.000000,62.487569
880,38643.436740,113954.092464,123.636915,337.570870,-364.000000,-26.429130
881,38599.689994,277.541017,123.514934,16.659562,-108.000000,-91.340438
882,38555.928729,177.298754,123.389422,13.315358,-3.000000,10.315358
883,38517.707787,4959.720640,123.329167,70.425284,-6.000000,64.425284
884,38560.953286,76573.747603,123.503474,276.719619,192.000000,-84.719619
885,38534.777222,15499.840499,123.504604,124.498355,122.000000,-2.498355
886,38491.308500,195.364982,123.380423,13.977302,62.000000,48.022698
887,38456.905422,8113.390393,123.342704,90.074360,-92.000000,-1.925640
888,38431.170963,15707.643433,123.344952,125.330138,-169.000000,-43.669862
889,38388.527978,692.128914,123.235306,26.308343,37.000000,10.691657
890,38356.309234,9842.720995,123.208190,99.210488,-81.000000,18.210488
891,38313.212281,129.312308,123.082106,11.371557,20.000000,31.371557
892,38270.936449,772.272974,122.974795,27.789800,41.000000,13.210200
893,38235.379792,6661.068650,122.928271,81.615370,-36.000000,45.615370
894,38192.570017,134.680353,122.803189,11.605186,57.000000,68.605186
895,38150.072352,327.150389,122.685663,18.087299,72.000000,90.087299
896,38109.636431,2081.230744,122.599267,45.620508,6.000000,51.620508
897,38067.067331,95.430179,122.472917,9.768837,4.000000,13.768837
898,38037.902468,11993.679910,122.458423,109.515661,-80.000000,29.515661
899,38010.083115,13139.581479,122.449674,114.628014,-62.000000,52.628014
900,38008.556961,36642.648969,122.526653,191.422697,-186.000000,5.422697
901,37966.843331,591.430755,122.417169,24.319349,-2.000000,-26.319349
902,37927.919979,3013.673083,122.341979,54.896931,50.000000,-4.896931
903,37888.271319,2283.774418,122.259050,47.788852,1.000000,48.788852
904,37846.243668,63.385886,122.132053,7.961525,39.000000,31.038475
905,37807.628911,3054.347348,122.057840,55.266150,86.000000,30.733850
906,37768.008808,2070.296199,121.972965,45.500508,-89.000000,-43.499492
907,37889.105496,147118.318006,122.262652,383.560058,-419.000000,-35.439942
908,37869.054941,19763.404145,122.282917,140.582375,-77.000000,-217.582375
909,37845.216221,16295.012846,122.288850,127.651921,106.000000,-21.651921
910,37805.188435,1580.042298,122.197747,39.749746,17.000000,56.749746
911,37764.076071,516.273846,122.088071,22.721660,26.000000,48.721660
912,37733.797623,10271.245802,122.065229,101.347155,-50.000000,51.347155
913,37735.147444,38960.784811,122.148088,197.384865,188.000000,-9.384865
914,37694.808662,1026.855442,122.049074,32.044585,-78.000000,-45.955415
915,37654.468228,944.673388,121.948839,30.735539,2.000000,-28.735539
916,37613.363813,167.242386,121.829303,12.932223,-39.000000,-26.067777
917,37572.644498,436.628728,121.718752,20.895663,-106.000000,-126.895663
918,37532.018075,440.094473,121.608533,20.978429,36.000000,15.021571
919,37493.449223,2241.518062,121.527370,47.344673,41.000000,88.344673
920,37452.532557,13.783556,121.398751,3.712621,7.000000,10.712621
921,37415.820597,3787.664535,121.333479,61.544005,36.000000,97.544005
922,37380.020440,4551.276626,121.274797,67.463150,107.000000,39.536850
923,37370.042290,28210.100503,121.325595,167.958627,-176.000000,-8.041373
924,37337.861060,7763.310766,121.289491,88.109652,-71.000000,17.109652
925,37314.448229,15774.643485,121.294168,125.597148,7.000000,-118.597148
926,37278.415580,4092.345919,121.231996,63.971446,-21.000000,42.971446
927,37239.895140,1724.050192,121.145636,41.521683,17.000000,58.521683
928,37204.636196,4660.630568,121.088410,68.268811,92.000000,23.731189
929,37191.796462,25327.881953,121.129555,159.147359,-40.000000,119.147359
930,37151.817414,171.198588,121.012875,13.084288,0.000000,13.084288
931,37118.930800,6665.925764,120.970407,81.645121,-65.000000,16.645121
932,37078.934732,2.580099,120.841782,1.606269,14.000000,15.606269
933,37076.164407,34505.302062,120.911657,185.756028,117.000000,-68.756028
934,37049.213078,12011.428465,120.899491,109.596663,-88.000000,-197.596663
935,37017.007050,7065.401654,120.859917,84.055944,-126.000000,-41.944056
936,36977.606478,295.673754,120.748688,17.195167,31.000000,13.804833
937,36938.021683,44.992560,120.626458,6.707649,12.000000,18.707649
938,36900.097296,1516.644283,120.539003,38.944117,10.000000,48.944117
939,36865.950747,4973.074257,120.485507,70.520027,-32.000000,38.520027
940,36829.475476,2725.097188,120.412555,52.202463,-42.000000,10.202463
941,36796.631699,6054.856274,120.367091,77.812957,-105.000000,-27.187043
942,36758.980197,1479.522327,120.279775,38.464559,33.000000,-5.464559
943,36719.842660,8.833307,120.154847,2.972088,47.000000,44.027912
944,36680.950363,161.083195,120.040525,12.691855,-67.000000,-79.691855
945,36642.025989,53.114299,119.920703,7.287956,-10.000000,-2.712044
946,36606.792833,3452.393540,119.855773,58.757072,170.000000,111.242928
947,36570.609126,2485.556745,119.781541,49.855358,-65.000000,-15.144642
948,36532.330361,435.454873,119.676760,20.867556,21.000000,0.132444
949,36494.589051,866.793233,119.581272,29.441352,-13.000000,16.441352
950,36475.228589,18179.591505,119.597393,134.831716,83.000000,-51.831716
951,36441.973687,4982.836081,119.545642,70.589207,78.000000,7.410793
952,36431.322287,26344.446976,119.590752,162.309725,151.000000,-11.309725
953,36425.852951,31240.921917,119.650984,176.751017,198.000000,21.248983
954,36420.298265,31148.901665,119.710815,176.490514,110.000000,-66.490514
955,36389.607624,7233.498332,119.674369,85.049975,20.000000,105.049975
956,36351.439844,53.881568,119.556371,7.340406,-32.000000,-24.659594
957,36314.112549,778.527636,119.460196,27.902108,2.000000,29.902108
958,36279.905311,3680.407423,119.398568,60.666362,9.000000,69.666362
959,36249.481835,7225.485608,119.362551,85.002856,-75.000000,10.002856
960,36220.312654,8363.745047,119.333358,91.453513,81.000000,-10.453513
961,36182.802010,322.626424,119.227431,17.961805,-4.000000,-21.961805
962,36157.967302,12391.151281,119.219172,111.315548,-32.000000,79.315548
963,36122.824572,2456.089345,119.146534,49.558948,-51.000000,-1.441052
964,36087.184448,1908.306119,119.067927,43.684163,0.000000,43.684163
965,36049.996994,350.040966,118.963496,18.709382,24.000000,42.709382
966,36013.838074,1265.115497,118.876807,35.568462,-2.000000,33.568462
967,35976.455956,14.858256,118.757365,3.854641,6.000000,2.145359
968,35940.152922,980.331492,118.666653,31.310246,20.000000,51.310246
969,35902.956789,45.884855,118.550701,6.773836,31.000000,24.226164
970,35865.951481,155.828908,118.440901,12.483145,-91.000000,-103.483145
971,35860.829822,30913.306980,118.500240,175.821805,208.000000,32.178195
972,35852.334865,27637.711587,118.549564,166.245937,-152.000000,14.245937
973,35820.008664,4528.246043,118.496667,67.292244,-106.000000,-38.707756
974,35795.771435,12309.896524,118.488887,110.949973,44.000000,-66.949973
975,35790.308185,30490.955898,118.546691,174.616597,-103.000000,71.616597
976,35758.190436,4571.856055,118.494292,67.615502,24.000000,-43.615502
977,35742.674490,20661.175059,118.520238,143.739956,171.000000,27.260044
978,35936.156835,224194.478588,118.884686,473.491794,-599.665219,-126.173426
979,35899.433072,130.488103,118.774469,11.423139,-51.863034,-63.286173
980,35882.053569,18937.038216,118.793769,137.611912,-5.803794,131.808118
981,35849.273691,3856.112833,118.735738,62.097607,115.039305,177.136912
982,35819.791952,7016.132686,118.699978,83.762358,3.372419,87.134777
983,35783.949389,729.922707,118.606329,27.017082,-21.436327,5.580755
984,35747.516574,79.790890,118.494417,8.932575,35.466832,44.399407
985,35712.303845,1203.829431,118.408996,34.696245,-17.948235,16.748010
986,37260.096377,1555644.570032,119.558533,1247.254814,1298.111490,50.856677
987,37353.617205,129191.070735,119.802555,359.431594,-40.000000,-399.431594
988,37360.301565,43931.027172,119.893809,209.597298,-11.000000,-220.597298
989,37340.634754,17988.492507,119.908253,134.121186,-61.000000,73.121186
990,37305.553817,2750.830939,119.839836,52.448364,-45.000000,7.448364
991,37270.267828,2478.283099,119.768855,49.782357,11.000000,60.782357
992,37232.545625,0.730783,119.648497,0.854859,-52.000000,-52.854859
993,37194.931880,32.551645,119.533287,5.705405,78.000000,72.294595
994,37162.480536,5068.101798,119.484456,71.190602,-27.000000,44.190602
995,37130.936149,5901.993154,119.441408,76.824431,8.000000,84.824431
996,37134.996035,41158.342910,119.525515,202.875190,-195.000000,7.875190
997,37102.404942,4772.040289,119.474714,69.079956,2.000000,71.079956
998,37084.653721,19457.691449,119.494851,139.490829,-25.000000,114.490829
999,37052.940239,5529.739001,119.449491,74.362215,144.000000,69.637785
1000,37015.760220,21.641796,119.334233,4.652074,98.000000,102.652074
1001,36978.806861,173.260814,119.227742,13.162857,88.000000,74.837143
1002,36942.749013,993.074687,119.139852,31.513088,59.000000,90.513088
1003,36908.466690,2694.708868,119.072555,51.910585,-6.000000,-57.910585
1004,36905.771181,34212.957688,119.138450,184.967450,-227.000000,-42.032550
1005,36882.381893,13493.093509,119.135474,116.159776,-23.000000,-139.159776
1006,36846.681217,1110.304799,119.049831,33.321236,30.000000,-3.321236
1007,36833.815068,23941.933711,119.085407,154.731812,-99.000000,55.731812
1008,36807.872840,10787.818187,119.070246,103.864422,140.000000,36.135578
1009,36771.743138,497.522473,118.973963,22.305212,-25.000000,-2.694788
1010,36736.988821,1808.899309,118.897976,42.531157,48.000000,5.468843
1011,36703.289017,2801.286349,118.832463,52.927180,-11.000000,41.927180
1012,36667.298007,424.351018,118.735010,20.599782,138.000000,117.400218
1013,36641.249585,10384.440454,118.718330,101.904075,120.000000,18.095925
1014,36607.070594,2120.469030,118.646379,46.048551,-29.000000,17.048551
1015,36570.972916,112.317500,118.539507,10.597995,36.000000,25.402005
1016,36541.845322,7093.848478,118.505599,84.224987,196.000000,111.775013
1017,36518.318168,12708.837722,118.499901,112.733481,-121.000000,-8.266519
1018,36482.425514,123.166975,118.393982,11.098062,27.000000,15.901938
1019,36453.233498,6852.529582,118.358894,82.780007,-18.000000,64.780007
1020,36418.614848,1280.685319,118.277622,35.786664,10.000000,-25.786664
1021,36383.758963,970.179316,118.191949,31.147702,58.000000,89.147702
1022,36351.619536,3665.822093,118.135322,60.546033,10.000000,70.546033
1023,36316.225838,285.441721,118.035970,16.895021,-7.000000,9.895021
1024,36282.435613,1850.196391,117.962419,43.013909,16.000000,-27.013909
1025,36248.167189,1294.374976,117.882120,35.977423,68.000000,32.022577
1026,36214.333288,1669.919440,117.806760,40.864648,183.000000,223.864648
1027,36181.868794,3003.156685,117.745171,54.801065,-54.000000,0.801065
1028,36153.837134,7477.448762,117.714631,86.472243,-102.000000,-15.527757
1029,36118.569784,4.803198,117.601926,2.191620,110.000000,112.191620
1030,36086.793333,3515.930750,117.545097,59.295284,61.000000,120.295284
1031,36051.946491,299.087134,117.447481,17.294136,2.000000,-15.294136
1032,36017.069571,198.472110,117.346937,14.088013,4.000000,-10.088013
1033,36053.080965,73072.794125,117.495599,270.319800,-431.263518,-160.943718
1034,36018.381476,312.607950,117.398691,17.680723,-14.341342,-32.022065
1035,35998.843483,15874.710668,117.407029,125.994884,-4.711098,121.283786
1036,35964.279690,329.008755,117.310839,18.138598,106.199145,88.060546
1037,35931.554838,2159.507469,117.242261,46.470501,13.739301,60.209802
1038,35897.271876,482.972123,117.150128,21.976627,-0.882102,21.094525
1039,35863.748004,1200.064323,117.070410,34.641945,-11.777187,22.864757
1040,35836.801366,7947.031099,117.043456,89.146122,-197.000000,-107.853878
1041,35803.220105,1013.033991,116.961281,31.828195,-69.000000,-100.828195
1042,35769.702376,1011.817273,116.879247,31.809075,-23.000000,8.809075
1043,35735.277312,2.061229,116.768136,1.435698,32.000000,30.564302
1044,35731.953265,32278.267796,116.828611,179.661537,-204.000000,-24.338463
1045,35698.883261,1306.079342,116.751100,36.139720,-64.000000,-27.860280
1046,35673.355534,9098.991796,116.730598,95.388636,75.000000,-20.388636
1047,35641.765510,2724.960220,116.668729,52.201152,8.000000,60.201152
1048,35611.239423,3772.531336,116.615810,61.420936,-85.000000,-146.420936
1049,35602.924616,26922.266092,116.661230,164.080060,-28.000000,136.080060
1050,35572.957668,4257.496632,116.612079,65.249495,-128.000000,-62.750505
1051,35539.785058,841.234796,116.528404,29.004048,-58.000000,-87.004048
1052,35506.362592,513.040903,116.438826,22.650406,-38.000000,-15.349594
1053,35474.920576,2523.688009,116.375716,50.236322,62.000000,11.763678
1054,35441.878923,781.184354,116.291501,27.949675,-5.000000,-32.949675
1055,35425.913713,18662.443083,116.310834,136.610553,-31.000000,-167.610553
1056,35396.541763,4526.622719,116.264227,67.280181,-47.000000,-114.280181
1057,35425.437893,65824.167050,116.397463,256.562209,137.000000,-119.562209
1058,35392.186140,378.090191,116.305477,19.444541,29.000000,48.444541
1059,35375.549383,17840.407416,116.321840,133.567988,-39.000000,94.567988
1060,35342.196877,155.303273,116.223488,12.462073,25.000000,12.537927
1061,35308.765897,5.650158,116.115781,2.377006,-16.000000,-18.377006
1062,35279.689521,4545.960145,116.069758,67.423736,-70.000000,-2.576264
1063,35247.376214,1059.897832,115.990897,32.556072,16.000000,-16.556072
1064,35214.436361,331.132275,115.898639,18.197040,65.000000,46.802960
1065,35181.910873,704.892970,115.814427,26.549821,-10.000000,16.549821
1066,35160.573184,12521.285597,115.810739,111.898550,-144.000000,-32.101450
1067,35131.569897,4330.079228,115.763696,65.803338,41.000000,-24.803338
1068,35104.734662,6578.879838,115.731127,81.110294,110.000000,28.889706
1069,35071.960626,200.385701,115.635751,14.155766,53.000000,67.155766
1070,35039.080146,21.369506,115.531611,4.622716,27.000000,22.377284
1071,35006.306566,69.670269,115.431157,8.346872,-8.000000,-16.346872
1072,34991.585539,19284.249464,115.453101,138.867741,-148.000000,-9.132259
1073,34959.379882,563.737916,115.367311,23.743166,-33.000000,-9.256834
1074,34926.939304,247.961622,115.274207,15.746797,-9.000000,6.746797
1075,34898.359079,4317.518985,115.227927,65.707830,109.000000,43.292170
1076,34866.407759,646.543431,115.144158,25.427218,97.000000,122.427218
1077,34834.554632,688.002245,115.061293,26.229797,47.000000,73.229797
1078,34809.803789,8252.149183,115.038741,90.841341,-55.000000,35.841341
1079,34778.738292,1414.394695,114.966713,37.608439,1.000000,38.608439
1080,34758.924069,13458.634910,114.967684,116.011357,148.000000,31.988643
1081,34726.750403,107.885358,114.870580,10.386788,52.000000,62.386788
1082,34694.784706,267.728992,114.779200,16.362426,47.000000,30.637574
1083,34663.349905,776.634830,114.698652,27.868169,13.000000,-14.868169
1084,34636.174182,5313.569325,114.659944,72.894234,150.000000,222.894234
1085,34606.999025,3097.828665,114.605363,55.658141,-78.000000,-22.341859
1086,34575.640860,677.464580,114.523499,26.028150,-86.000000,-59.971850
1087,34546.368677,2873.866754,114.467252,53.608458,-29.000000,24.608458
1088,34514.503204,4.196671,114.363545,2.048578,-2.000000,-4.048578
1089,34485.810369,3382.776502,114.311746,58.161641,88.000000,29.838359
1090,34467.162603,14234.336426,114.316347,119.307738,-19.000000,100.307738
1091,34444.301271,9616.895258,114.301397,98.065770,118.000000,216.065770
1092,34457.149083,48422.720019,114.398594,220.051630,-283.000000,-62.948370
1093,34425.599969,100.164327,114.302735,10.008213,-56.000000,-45.991787
1094,34402.382077,9118.098171,114.285474,95.488733,70.000000,-25.488733
1095,34371.160136,339.243623,114.197603,18.418567,60.000000,78.418567
1096,34364.462948,27057.831448,114.243661,164.492649,-243.000000,-78.507351
1097,34335.673874,2898.004737,114.188391,53.833119,5.000000,-48.833119
1098,34415.126786,121257.159380,114.402314,348.219987,216.000000,-132.219987
1099,34387.990805,4701.228114,114.360453,68.565502,20.000000,88.565502
1100,34359.562319,3230.370063,114.307968,56.836345,11.000000,-45.836345
1101,34329.072230,911.935136,114.231295,30.198264,-44.000000,-74.198264
1102,34297.813507,6.993383,114.129668,2.644501,-39.000000,-41.644501
1103,34266.611197,6.475786,114.028135,2.544757,-31.000000,-33.544757
1104,34240.835805,5913.679845,113.994383,76.900454,-36.000000,40.900454
1105,34222.451458,13999.668988,113.998312,118.320197,-37.000000,81.320197
1106,34192.202093,887.651447,113.921901,29.793480,45.000000,74.793480
1107,34204.443721,47694.717649,114.016614,218.391203,254.000000,35.608797
1108,34174.863489,1547.868072,113.948975,39.342955,7.000000,-32.342955
1109,34176.878605,36401.566423,114.018516,190.791945,-139.000000,51.791945
1110,34152.859720,7611.991699,113.994310,87.246729,155.000000,67.753271
1111,34122.067853,66.263414,113.898688,8.140234,-104.000000,-95.859766
1112,34093.181626,2116.128529,113.837409,46.001397,58.000000,11.998603
1113,34076.822017,15950.374305,113.848642,126.294791,-85.000000,41.294791
1114,34064.389269,20276.472385,113.874360,142.395479,-151.000000,-8.604521
1115,34035.250093,1690.765109,113.808873,41.118914,1.000000,-40.118914
1116,34031.681887,30067.404402,113.862462,173.399551,230.000000,56.600449
1117,34012.132908,12273.668292,113.859698,110.786589,-209.000000,-98.213411
1118,33985.131599,3932.674986,113.813784,62.711044,55.000000,-7.711044
1119,33954.659045,8.233728,113.714282,2.869447,25.000000,27.869447
1120,33924.460354,252.919334,113.626638,15.903438,-19.000000,-3.096562
1121,33900.924433,7634.837454,113.603139,87.377557,-70.000000,17.377557
1122,33870.816204,239.924075,113.515380,15.489483,-48.000000,-63.489483
1123,33840.678752,147.007456,113.424772,12.124663,-46.000000,-33.875337
1124,33815.104879,5197.940938,113.387872,72.096747,-105.000000,-32.903253
1125,33785.164504,251.943940,113.300883,15.872742,3.000000,18.872742
1126,33760.728200,6367.632166,113.271022,79.797445,-65.000000,14.797445
1127,33733.157767,2799.131721,113.217270,52.906821,-16.000000,36.906821
1128,33704.655623,1696.747973,113.153190,41.191601,0.000000,41.191601
1129,33675.247834,620.893282,113.074758,24.917730,60.000000,35.082270
1130,33649.478089,4658.514662,113.034952,68.253312,-13.000000,55.253312
1131,33619.882463,295.207388,112.949901,17.181600,16.000000,-1.181600
1132,33593.343394,3683.812909,112.903575,60.694422,-48.000000,12.694422
1133,33564.082951,558.303502,112.824500,23.628447,-41.000000,-17.371553
1134,33538.511655,4668.518368,112.785122,68.326557,-52.000000,16.326557
1135,33515.667685,7701.981251,112.762996,87.760932,-75.000000,12.760932
1136,33486.601119,612.314955,112.685241,24.744999,43.000000,18.255001
1137,33458.240728,1354.277651,112.618265,36.800512,-33.000000,3.800512
1138,33429.005632,305.641850,112.534371,17.482616,15.000000,-2.482616
1139,33438.327670,44009.519789,112.620054,209.784460,240.000000,30.215540
1140,33409.278708,438.706020,112.539354,20.945310,17.000000,-3.945310
1141,33380.548094,742.570977,112.464342,27.250156,48.000000,20.749844
1142,33351.457326,275.254105,112.380094,16.590784,-10.000000,6.590784
1143,33325.752743,4073.937636,112.337467,63.827405,-40.000000,-103.827405
1144,33308.381289,13522.294995,112.340930,116.285403,113.000000,-3.285403
1145,33279.389765,229.051839,112.255736,15.134459,-21.000000,-5.865541
1146,33250.586371,385.913698,112.174640,19.644686,18.000000,-1.644686
1147,33234.084317,14388.738688,112.181445,119.953069,124.000000,4.046931
1148,33205.612769,662.633655,112.105886,25.741672,-85.000000,-59.258328
1149,33226.584873,57218.671662,112.216889,239.204247,3.000000,242.204247
1150,33198.413498,942.189335,112.145753,30.695103,-65.000000,-34.304897
1151,33169.677858,238.634453,112.061448,15.447798,2.000000,17.447798
1152,33146.014907,6004.610508,112.031333,77.489422,-51.000000,26.489422
1153,33117.546588,435.916508,111.952001,20.878614,22.000000,1.121386
1154,33088.870866,140.465337,111.864957,11.851807,-34.000000,-22.148193
1155,33061.696074,1810.685298,111.804738,42.552148,42.000000,-0.552148
1156,33043.879493,12536.995291,111.804880,111.968725,-49.000000,62.968725
1157,33017.003204,2055.518580,111.747233,45.337827,4.000000,-41.337827
1158,32988.410884,21.465871,111.654413,4.633128,75.000000,70.366872
1159,32963.660351,4401.545048,111.615183,66.344141,15.000000,-51.344141
1160,33002.442923,77796.313502,111.759911,278.919905,-326.000000,-47.080095
1161,32993.518646,22677.054234,111.793471,150.589024,50.000000,-100.589024
1162,33000.819155,41447.508672,111.872739,203.586612,132.000000,-71.586612
1163,32986.258108,16124.565318,111.885776,126.982539,-85.000000,41.982539
1164,32958.110993,335.604230,111.805116,18.319504,-43.000000,-61.319504
1165,32929.724604,1.513542,111.709875,1.230261,-34.000000,-35.230261
1166,32901.401639,18.439037,111.617434,4.294070,-7.000000,-2.705930
1167,32875.736686,3053.061399,111.568971,55.254515,-30.000000,25.254515
1168,32847.967119,551.961375,111.493305,23.493858,11.000000,34.493858
1169,32825.291722,6431.129624,111.466439,80.194324,-104.000000,-23.805676
1170,32797.163919,28.272943,111.375402,5.317231,-5.000000,-10.317231
1171,32770.820597,2054.506823,111.318805,45.326668,1.000000,46.326668
1172,32743.010408,288.520337,111.238040,16.985886,38.000000,21.014114
1173,32715.395530,461.217554,111.161255,21.475976,6.000000,-15.475976
1174,32688.996310,1828.308335,111.102791,42.758722,8.000000,-34.758722
1175,32663.055005,2311.728239,111.048972,48.080435,-29.000000,19.080435
1176,32635.240228,64.136283,110.961054,8.008513,27.000000,18.991487
1177,32610.761707,3921.935436,110.919847,62.625358,54.000000,-8.625358
1178,32594.968888,14069.992154,110.926403,118.616998,-99.000000,19.616998
1179,32567.473084,287.398962,110.846426,16.952845,15.000000,-1.952845
1180,32541.482003,2001.961724,110.790215,44.743287,67.000000,22.256713
1181,32515.526894,1992.319063,110.734009,44.635401,-25.000000,19.635401
1182,32488.165050,283.274975,110.654295,16.830775,81.000000,64.169225
1183,32460.754615,171.262305,110.571540,13.086722,-38.000000,-51.086722
1184,32434.755654,1781.980546,110.513610,42.213511,-40.000000,2.213511
1185,32407.304526,14.973702,110.423310,3.869587,-20.000000,-16.130413
1186,32390.927680,13049.872171,110.426536,114.236037,-45.000000,69.236037
1187,32372.898138,11061.979753,110.422097,105.175947,118.000000,12.824053