# TEST CONFIGURATION BEGIN
# File Stream: filename: portoweather_mintemperature.csv  -  n_targets: 1
# [portoweather_mintemperature_ADE_HOMO_HTREE_SIZE_8] Pipeline: Array BaseStreamModel: base_models: [<skmultiflow.trees.regression_hoeffding_tree.RegressionHoeffdingTree object at 0x7f22e7e1f550>, <skmultiflow.trees.regression_hoeffding_tree.RegressionHoeffdingTree object at 0x7f22e7e1fef0>, <skmultiflow.trees.regression_hoeffding_tree.RegressionHoeffdingTree object at 0x7f22e7e1fd68>, <skmultiflow.trees.regression_hoeffding_tree.RegressionHoeffdingTree object at 0x7f22e7e1fc18>, <skmultiflow.trees.regression_hoeffding_tree.RegressionHoeffdingTree object at 0x7f22e7e1f128>, <skmultiflow.trees.regression_hoeffding_tree.RegressionHoeffdingTree object at 0x7f22e7e1fc50>, <skmultiflow.trees.regression_hoeffding_tree.RegressionHoeffdingTree object at 0x7f22e7e1fc88>, <skmultiflow.trees.regression_hoeffding_tree.RegressionHoeffdingTree object at 0x7f22e7e1ffd0>]
 Array BaseStreamModel: base_models: [<skmultiflow.trees.regression_hoeffding_tree.RegressionHoeffdingTree object at 0x7f22e7e1f550>, <skmultiflow.trees.regression_hoeffding_tree.RegressionHoeffdingTree object at 0x7f22e7e1fef0>, <skmultiflow.trees.regression_hoeffding_tree.RegressionHoeffdingTree object at 0x7f22e7e1fd68>, <skmultiflow.trees.regression_hoeffding_tree.RegressionHoeffdingTree object at 0x7f22e7e1fc18>, <skmultiflow.trees.regression_hoeffding_tree.RegressionHoeffdingTree object at 0x7f22e7e1f128>, <skmultiflow.trees.regression_hoeffding_tree.RegressionHoeffdingTree object at 0x7f22e7e1fc50>, <skmultiflow.trees.regression_hoeffding_tree.RegressionHoeffdingTree object at 0x7f22e7e1fc88>, <skmultiflow.trees.regression_hoeffding_tree.RegressionHoeffdingTree object at 0x7f22e7e1ffd0>]
# Prequential Evaluator: n_wait: 1 - max_samples: 600000 - max_time: 10000000 - output_file: portoweather_mintemperature_ADE_HOMO_HTREE_SIZE_8_SIZE_8 - batch_size: 1 - pretrain_size: 5 - task_type: regression - show_plot: False - metrics: ['mean_square_error', 'mean_absolute_error', 'true_vs_predicted']
# TEST CONFIGURATION END
id,global_mse_[portoweather_mintemperature_ADE_HOMO_HTREE_SIZE_8],sliding_mse_[portoweather_mintemperature_ADE_HOMO_HTREE_SIZE_8],global_mae_[portoweather_mintemperature_ADE_HOMO_HTREE_SIZE_8],sliding_mae_[portoweather_mintemperature_ADE_HOMO_HTREE_SIZE_8],true_value_[portoweather_mintemperature_ADE_HOMO_HTREE_SIZE_8],predicted_value_[portoweather_mintemperature_ADE_HOMO_HTREE_SIZE_8]
5,13.134114,13.134114,3.624102,3.624102,-2.000000,1.624102
6,8.816467,4.498820,2.872572,2.121042,0.000000,-2.121042
7,6.063105,0.556381,2.163684,0.745909,2.000000,1.254091
8,4.557107,0.039113,1.672206,0.197771,0.000000,-0.197771
9,3.670496,0.124054,1.408207,0.352213,1.000000,1.352213
10,4.762932,10.225111,1.706452,3.197673,1.000000,4.197673
11,20.180670,112.687097,2.979161,10.615418,-4.000000,6.615418
12,18.412552,6.035728,2.913862,2.456772,0.000000,2.456772
13,16.521310,1.391369,2.721162,1.179563,2.000000,0.820437
14,14.878924,0.097454,2.480264,0.312176,0.000000,-0.312176
15,18.101511,50.327376,2.899711,7.094179,-5.000000,2.094179
16,18.023460,17.164910,3.003323,4.143056,-2.000000,2.143056
17,16.638216,0.015284,2.781808,0.123627,-1.000000,-0.876373
18,15.673612,3.133765,2.709553,1.770244,-2.000000,-3.770244
19,15.279373,9.760028,2.737190,3.124104,0.000000,-3.124104
20,14.612222,4.604956,2.700235,2.145916,2.000000,-0.145916
21,13.986307,3.971668,2.658628,1.992904,2.000000,0.007096
22,13.970790,13.706997,2.716609,3.702296,0.000000,-3.702296
23,13.299804,1.222050,2.631812,1.105464,-3.000000,-1.894536
24,13.412751,15.558740,2.697444,3.944457,3.000000,-0.944457
25,12.880284,2.230944,2.640120,1.493634,1.000000,-0.493634
26,13.309372,22.320235,2.734861,4.724430,4.000000,-0.724430
27,12.860822,2.992704,2.691169,1.729943,-1.000000,0.729943
28,12.336675,0.281295,2.601136,0.530373,1.000000,0.469627
29,11.963846,3.015950,2.566557,1.736649,-1.000000,0.736649
30,12.021184,13.454652,2.608922,3.668058,1.000000,-2.668058
31,11.634127,1.570626,2.558712,1.253246,-3.000000,-1.746754
32,11.290385,2.009363,2.517955,1.417520,-1.000000,-2.417520
33,10.902544,0.042988,2.438278,0.207336,-2.000000,-1.792664
34,10.539842,0.021491,2.361889,0.146598,-1.000000,-1.146598
35,10.304088,3.231452,2.343687,1.797624,-3.000000,-1.202376
36,10.042505,1.933458,2.313900,1.390488,2.000000,0.609512
37,10.421366,22.544891,2.387665,4.748146,3.000000,-1.748146
38,11.316660,40.861381,2.505448,6.392291,3.000000,-3.392291
39,11.362731,12.929145,2.536598,3.595712,1.000000,-2.595712
40,11.162027,4.137386,2.522639,2.034057,-4.000000,-1.965943
41,10.895996,1.318869,2.485498,1.148420,-2.000000,-3.148420
42,12.050778,54.777733,2.614858,7.401198,2.000000,-5.401198
43,14.289146,99.347112,2.803382,9.967302,4.000000,-5.967302
44,14.689362,30.297782,2.870906,5.504342,2.000000,-3.504342
45,14.332439,0.055548,2.806633,0.235686,-1.000000,-0.764314
46,13.991237,0.001918,2.740851,0.043798,0.000000,-0.043798
47,14.060914,16.987373,2.772961,4.121574,1.000000,-3.121574
48,13.789757,2.130018,2.743108,1.459458,-3.000000,-1.540542
49,13.631218,6.655504,2.739480,2.579826,1.000000,-1.579826
50,13.349516,0.672916,2.697759,0.820314,-1.000000,-0.179686
51,13.093686,1.325503,2.664856,1.151305,1.000000,2.151305
52,13.103867,13.582352,2.686117,3.685424,0.000000,3.685424
53,12.861011,1.203933,2.653691,1.097239,1.000000,2.097239
54,13.279737,33.797299,2.716888,5.813544,-3.000000,2.813544
55,13.028371,0.460070,2.676916,0.678285,2.000000,1.321715
56,12.843939,3.437934,2.661094,1.854167,0.000000,1.854167
57,12.601616,0.000812,2.611422,0.028504,1.000000,0.971496
58,12.814864,24.116989,2.654005,4.910905,-4.000000,0.910905
59,12.940043,19.699738,2.686449,4.438439,-5.000000,-0.561561
60,13.728096,57.070984,2.773380,7.554534,4.000000,-3.554534
61,13.707452,12.551393,2.786878,3.542795,-1.000000,-4.542795
62,13.656401,10.746528,2.795349,3.278190,-1.000000,-4.278190
63,13.444825,1.173412,2.766330,1.083241,-1.000000,0.083241
64,13.326112,6.322037,2.762131,2.514366,1.000000,-1.514366
65,13.403716,18.059917,2.786517,4.249696,1.000000,-3.249696
66,13.469590,17.487923,2.809023,4.181856,3.000000,-1.181856
67,13.257722,0.121885,2.769977,0.349120,0.000000,-0.349120
68,13.520394,30.068775,2.812375,5.483500,6.000000,0.516500
69,13.316885,0.292288,2.777425,0.540637,0.000000,0.540637
70,13.120529,0.357393,2.744401,0.597824,0.000000,-0.597824
71,12.991970,4.507059,2.735126,2.122984,-2.000000,0.122984
72,12.801151,0.016299,2.696781,0.127669,-2.000000,-2.127669
73,12.668281,3.633088,2.685322,1.906066,0.000000,-1.906066
74,12.760378,19.115077,2.709418,4.372079,2.000000,-2.372079
75,12.581375,0.051220,2.674445,0.226319,-2.000000,-2.226319
76,12.513602,7.701693,2.675844,2.775192,0.000000,2.775192
77,12.361783,1.430815,2.655575,1.196167,1.000000,2.196167
78,12.321661,9.392749,2.661104,3.064759,-2.000000,1.064759
79,12.164479,0.533019,2.635357,0.730082,3.000000,2.269918
80,12.101359,7.367331,2.636396,2.714283,-2.000000,0.714283
81,12.076384,10.178304,2.643590,3.190345,-1.000000,2.190345
82,12.156919,18.358128,2.664629,4.284639,-2.000000,2.284639
83,12.110950,8.525367,2.667859,2.919823,3.000000,0.080177
84,12.004637,3.605928,2.658248,1.898928,-2.000000,-0.101072
85,12.012375,12.631398,2.669307,3.554068,-3.000000,0.554068
86,11.876276,0.852267,2.648013,0.923183,2.000000,1.076817
87,11.837281,8.639671,2.651523,2.939332,3.000000,0.060668
88,11.738141,3.509530,2.642259,1.873374,-2.000000,-0.126626
89,11.853128,21.512048,2.665740,4.638108,4.000000,-0.638108
90,11.717452,0.184983,2.639744,0.430097,-1.000000,-0.569903
91,11.898736,27.489180,2.669667,5.243012,3.000000,-2.243012
92,11.787697,2.127236,2.655903,1.458505,0.000000,-1.458505
93,11.655455,0.018212,2.627578,0.134950,-1.000000,-0.865050
94,11.631054,9.459357,2.632556,3.075607,-3.000000,0.075607
95,11.711940,18.991700,2.651516,4.357947,3.000000,-1.357947
96,11.680723,8.839937,2.655013,2.973203,1.000000,-1.973203
97,11.572407,1.607319,2.640097,1.267801,0.000000,-1.267801
98,11.462460,1.237370,2.623844,1.112371,0.000000,1.112371
99,11.372581,2.924004,2.614225,1.709972,-1.000000,0.709972
100,11.254728,0.058646,2.589516,0.242168,0.000000,-0.242168
101,11.154642,1.546457,2.575640,1.243566,1.000000,-0.243566
102,11.080946,3.932372,2.569593,1.983021,2.000000,0.016979
103,11.030239,6.060943,2.568505,2.461898,-1.000000,1.461898
104,11.082117,16.218120,2.583092,4.027173,-1.000000,3.027173
105,11.091243,12.003807,2.591820,3.464651,-2.000000,1.464651
106,11.048245,6.705433,2.591797,2.589485,2.000000,-0.589485
107,10.962922,2.260019,2.581230,1.503336,-1.000000,0.503336
108,10.869467,1.243543,2.567133,1.115142,1.000000,-0.115142
109,10.767437,0.156343,2.546449,0.395403,2.000000,1.604597
110,10.741090,7.974661,2.549067,2.823944,-2.000000,0.823944
111,10.755473,12.280069,2.557995,3.504293,-2.000000,1.504293
112,10.656896,0.109123,2.537368,0.330338,0.000000,0.330338
113,10.564940,0.633680,2.521393,0.796040,-1.000000,-0.203960
114,10.528740,6.582993,2.521796,2.565734,-2.000000,0.565734
115,10.489587,6.182724,2.521478,2.486508,-2.000000,0.486508
116,10.427537,3.540061,2.515764,1.881505,-1.000000,0.881505
117,10.335276,0.002044,2.493901,0.045206,2.000000,1.954794
118,10.255236,1.210695,2.481676,1.100316,3.000000,1.899684
119,10.264235,11.290120,2.489314,3.360077,1.000000,-2.360077
120,10.214037,4.441203,2.486022,2.107416,1.000000,-1.107416
121,10.131670,0.577129,2.471267,0.759690,0.000000,-0.759690
122,10.066792,2.476058,2.463659,1.573549,-3.000000,-1.426451
123,9.994724,1.490671,2.453216,1.220930,-1.000000,-2.220930
124,10.031775,14.440913,2.464440,3.800120,1.000000,-2.800120
125,9.950249,0.167140,2.447452,0.408828,-2.000000,-2.408828
126,9.898284,3.610523,2.442966,1.900138,2.000000,0.099862
127,9.938405,14.833115,2.454416,3.851378,-3.000000,0.851378
128,9.929546,8.839848,2.458600,2.973188,4.000000,1.026812
129,9.910723,7.576752,2.460952,2.752590,2.000000,-0.752590
130,9.908887,9.679319,2.466112,3.111160,2.000000,-1.111160
131,10.043465,27.000309,2.487609,5.196182,6.000000,0.803818
132,9.967436,0.311725,2.472536,0.558323,-1.000000,-1.558323
133,9.909373,2.477341,2.465571,1.573957,-2.000000,-0.426043
134,9.842224,1.180036,2.454961,1.086295,-1.000000,-2.086295
135,9.833941,8.757083,2.458810,2.959237,0.000000,-2.959237
136,9.785246,3.406311,2.454165,1.845619,-1.000000,-2.845619
137,9.739402,3.687877,2.450151,1.920384,0.000000,-1.920384
138,9.667007,0.038562,2.433332,0.196371,-1.000000,-0.803629
139,9.684324,12.004823,2.440973,3.464798,-1.000000,2.464798
140,9.672649,8.096508,2.443947,2.845436,0.000000,2.845436
141,9.664380,8.539707,2.447438,2.922278,0.000000,2.922278
142,9.595814,0.202301,2.432962,0.449779,2.000000,1.550221
143,9.551367,3.417716,2.428759,1.848706,1.000000,2.848706
144,9.489890,0.944514,2.418353,0.971861,0.000000,0.971861
145,9.440046,2.461928,2.412329,1.569053,0.000000,1.569053
146,9.379797,0.884657,2.401965,0.940562,0.000000,0.940562
147,9.320367,0.881292,2.391733,0.938772,0.000000,0.938772
148,9.355248,14.343357,2.401424,3.787262,-3.000000,0.787262
149,9.304749,2.032852,2.394695,1.425781,0.000000,1.425781
150,9.272019,4.526168,2.392865,2.127479,2.000000,-0.127479
151,9.215145,0.911485,2.383082,0.954717,0.000000,-0.954717
152,9.154064,0.175206,2.369808,0.418576,0.000000,0.418576
153,9.119664,4.028470,2.367374,2.007105,-1.000000,1.007105
154,9.058935,0.010366,2.352270,0.101814,0.000000,-0.101814
155,9.004072,0.774492,2.342520,0.880052,-2.000000,-1.119948
156,8.955472,1.616930,2.335475,1.271586,1.000000,-0.271586
157,8.927280,4.642091,2.334292,2.154551,-2.000000,0.154551
158,8.869388,0.011883,2.319842,0.109008,2.000000,1.890992
159,8.879613,10.454266,2.325735,3.233306,-2.000000,1.233306
160,8.829635,1.083125,2.317498,1.040733,1.000000,2.040733
161,8.774468,0.168377,2.305351,0.410338,2.000000,1.589662
162,8.724136,0.822033,2.296498,0.906660,-1.000000,-0.093340
163,8.687544,2.905933,2.292776,1.704680,3.000000,1.295320
164,8.685462,8.354476,2.296511,2.890411,-3.000000,-0.109589
165,8.636732,0.839968,2.287940,0.916498,1.000000,0.083502
166,8.596783,2.165022,2.282899,1.471401,1.000000,-0.471401
167,8.549640,0.912342,2.274754,0.955166,0.000000,-0.955166
168,8.497510,0.000382,2.261003,0.019555,1.000000,0.980445
169,8.446585,0.094888,2.249167,0.308040,0.000000,0.308040
170,8.403850,1.352561,2.242623,1.162996,0.000000,1.162996
171,8.363137,1.604726,2.236780,1.266778,-1.000000,0.266778
172,8.315521,0.363651,2.227055,0.603035,1.000000,0.396965
173,8.266319,0.000381,2.213993,0.019520,1.000000,1.019520
174,8.218853,0.197212,2.203582,0.444086,0.000000,0.444086
175,8.231731,10.420971,2.209573,3.228153,-2.000000,1.228153
176,8.190219,1.091658,2.202802,1.044824,2.000000,0.955176
177,8.150490,1.317032,2.196702,1.147620,2.000000,0.852380
178,8.103687,0.006857,2.184553,0.082810,0.000000,-0.082810
179,8.063440,1.060473,2.177955,1.029793,0.000000,1.029793
180,8.045330,4.876103,2.178127,2.208190,-2.000000,0.208190
181,8.000962,0.192154,2.168297,0.438354,-1.000000,-1.438354
182,7.956055,0.007396,2.156599,0.085998,-2.000000,-1.914002
183,7.960885,8.820684,2.161143,2.969964,0.000000,-2.969964
184,7.979213,11.259893,2.167779,3.355576,2.000000,-1.355576
185,7.985543,9.125085,2.172491,3.020776,2.000000,-1.020776
186,7.970065,5.168393,2.173046,2.273410,-3.000000,-0.726590
187,7.974414,8.766001,2.177350,2.960743,-3.000000,-0.039257
188,7.987304,10.346181,2.182998,3.216548,2.000000,-1.216548
189,7.944425,0.054683,2.172462,0.233844,-2.000000,-2.233844
190,8.021060,22.198586,2.186113,4.711538,3.000000,-1.711538
191,7.987992,1.837359,2.181671,1.355492,1.000000,-0.355492
192,7.956875,2.137883,2.177844,1.462150,-2.000000,-0.537850
193,7.921130,1.201100,2.172120,1.095947,1.000000,-0.095947
194,7.916483,7.038185,2.174650,2.652958,-3.000000,-0.347042
195,7.882035,1.336895,2.169318,1.156242,0.000000,-1.156242
196,7.881712,7.819998,2.172585,2.796426,2.000000,-0.796426
197,7.897984,11.022292,2.178530,3.319984,2.000000,-1.319984
198,8.129542,52.820165,2.204763,7.267748,8.000000,0.732252
199,8.088467,0.120050,2.195233,0.346482,-1.000000,-1.346482
200,8.084578,7.326090,2.197843,2.706675,-3.000000,-0.293325
201,8.044534,0.196002,2.188933,0.442721,-2.000000,-1.557279
202,8.017480,2.687809,2.186158,1.639454,-1.000000,-2.639454
203,8.096354,23.713409,2.199643,4.869642,1.000000,-3.869642
204,8.057672,0.359930,2.191644,0.599941,-2.000000,-2.599941
205,8.018984,0.281323,2.183380,0.530399,-2.000000,-1.469601
206,7.979712,0.086196,2.174024,0.293591,2.000000,2.293591
207,7.946088,1.154025,2.168607,1.074255,0.000000,1.074255
208,7.934936,5.671076,2.169650,2.381402,-1.000000,1.381402
209,7.900299,0.834262,2.163522,0.913379,1.000000,1.913379
210,7.863912,0.404589,2.156107,0.636073,2.000000,1.363927
211,7.828288,0.489799,2.149072,0.699856,0.000000,-0.699856
212,7.792157,0.313007,2.141429,0.559471,0.000000,0.559471
213,7.764349,1.980374,2.137917,1.407258,-1.000000,0.407258
214,7.768951,8.730706,2.141806,2.954777,-3.000000,-0.045223
215,7.782107,10.544840,2.147046,3.247282,2.000000,-1.247282
216,7.746408,0.213835,2.139099,0.462423,-1.000000,-0.537577
217,7.745006,7.447766,2.141869,2.729060,2.000000,-0.729060
218,7.785161,16.338387,2.150749,4.042077,-3.000000,1.042077
219,7.749129,0.038226,2.141654,0.195514,1.000000,0.804486
220,7.714446,0.257592,2.134089,0.507535,1.000000,0.492465
221,7.679111,0.046782,2.125251,0.216291,0.000000,-0.216291
222,7.691342,10.345416,2.130257,3.216429,-2.000000,1.216429
223,7.656224,0.000423,2.120623,0.020569,1.000000,0.979431
224,7.625080,0.804592,2.115061,0.896990,0.000000,0.896990
225,7.590651,0.016305,2.106069,0.127689,0.000000,-0.127689
226,7.556459,0.000071,2.096620,0.008437,1.000000,1.008437
227,7.539957,3.876456,2.096047,1.968872,-1.000000,0.968872
228,7.506762,0.104297,2.088132,0.322950,1.000000,1.322950
229,7.473405,0.001511,2.079024,0.038872,1.000000,1.038872
230,7.455437,3.412419,2.077998,1.847273,-1.000000,0.847273
231,7.482643,13.631284,2.085109,3.692057,-2.000000,1.692057
232,7.479265,6.712532,2.087327,2.590855,3.000000,0.409145
233,7.448173,0.359058,2.080829,0.599215,1.000000,0.400785
234,7.431005,3.499590,2.079915,1.870719,2.000000,0.129281
235,7.458243,13.723089,2.086948,3.704469,-3.000000,0.704469
236,7.435818,2.255577,2.084426,1.501858,-1.000000,0.501858
237,7.416752,2.993406,2.082905,1.730146,-2.000000,-0.269854
238,7.420927,8.393682,2.086385,2.897185,2.000000,-0.897185
239,7.390079,0.171741,2.079270,0.414416,0.000000,-0.414416
240,7.358909,0.033870,2.071240,0.184038,0.000000,-0.184038
241,7.337499,2.284750,2.068878,1.511539,0.000000,1.511539
242,7.308418,0.416289,2.062896,0.645204,-1.000000,-0.354796
243,7.277841,0.000450,2.054354,0.021212,0.000000,0.021212
244,7.255322,1.873248,2.051497,1.368667,-1.000000,0.368667
245,7.228806,0.865104,2.046844,0.930110,1.000000,0.069890
246,7.199042,0.025753,2.039049,0.160477,1.000000,0.839523
247,7.234818,15.892631,2.047063,3.986556,4.000000,0.013444
248,7.252261,11.491091,2.052566,3.389851,-3.000000,0.389851
249,7.229441,1.661359,2.049450,1.288937,1.000000,-0.288937
250,7.211605,2.841787,2.047971,1.685760,-2.000000,-0.314240
251,7.188412,1.482817,2.044610,1.217710,0.000000,-1.217710
252,7.162614,0.790565,2.039951,0.889137,0.000000,-0.889137
253,7.133851,0.000602,2.031857,0.024543,-1.000000,-1.024543
254,7.106999,0.420745,2.026324,0.648649,-1.000000,-0.351351
255,7.079949,0.317636,2.020496,0.563592,1.000000,1.563592
256,7.060748,2.241308,2.018419,1.497100,-1.000000,0.497100
257,7.033924,0.274246,2.012511,0.523685,2.000000,1.476315
258,7.066738,15.368675,2.020022,3.920290,-3.000000,0.920290
259,7.075226,9.231105,2.024015,3.038273,-2.000000,1.038273
260,7.060383,3.275296,2.023178,1.809778,2.000000,0.190222
261,7.038178,1.353761,2.019833,1.163512,-2.000000,-0.836488
262,7.013216,0.598006,2.015002,0.773309,-1.000000,-0.226691
263,7.029731,11.290756,2.020196,3.360172,4.000000,0.639828
264,7.012087,2.442229,2.018436,1.562763,-2.000000,-0.437237
265,6.985418,0.051532,2.011572,0.227007,0.000000,0.227007
266,6.986256,7.204938,2.014140,2.684202,3.000000,0.315798
267,6.961164,0.387069,2.008847,0.622148,0.000000,-0.622148
268,6.954975,5.327209,2.009980,2.308075,-2.000000,0.308075
269,6.928731,0.000334,2.002465,0.018281,0.000000,0.018281
270,6.909232,1.742041,1.999898,1.319864,1.000000,-0.319864
271,6.897055,3.657753,1.999571,1.912525,2.000000,0.087475
272,6.872793,0.394875,1.994455,0.628391,0.000000,-0.628391
273,6.873246,6.994605,1.996872,2.644732,-3.000000,-0.355268
274,6.847950,0.043540,1.990249,0.208662,0.000000,-0.208662
275,6.823975,0.350611,1.985090,0.592124,-2.000000,-1.407876
276,6.911921,30.745256,1.998177,5.544840,4.000000,-1.544840
277,6.889272,0.728893,1.993985,0.853752,0.000000,-0.853752
278,6.867247,0.854324,1.990081,0.924297,-2.000000,-1.075703
279,6.850697,2.316096,1.988379,1.521873,-1.000000,0.521873
280,6.827443,0.432553,1.983557,0.657688,-1.000000,-0.342312
281,6.807491,1.300669,1.980514,1.140469,0.000000,-1.140469
282,6.783441,0.121623,1.974644,0.348745,0.000000,-0.348745
283,6.759390,0.073120,1.968536,0.270407,-1.000000,-1.270407
284,6.771459,10.138779,1.972877,3.184145,-2.000000,1.184145
285,6.747407,0.012888,1.966260,0.113525,1.000000,0.886475
286,6.723485,0.001458,1.959423,0.038186,1.000000,0.961814
287,6.702367,0.746970,1.955553,0.864274,1.000000,0.135726
288,6.679827,0.301173,1.950600,0.548792,0.000000,0.548792
289,6.663293,1.967438,1.948677,1.402654,2.000000,0.597346
290,6.661054,6.023095,1.950445,2.454199,-2.000000,0.454199
291,6.652925,4.327831,1.950898,2.080344,-2.000000,0.080344
292,6.642811,3.740084,1.950839,1.933930,2.000000,0.066070
293,6.664401,12.882479,1.956508,3.589217,3.000000,-0.589217
294,6.650355,2.591026,1.955312,1.609666,-2.000000,-0.390334
295,6.628370,0.252585,1.950320,0.502578,0.000000,0.502578
296,6.613979,2.426272,1.948975,1.557650,-1.000000,0.557650
297,6.620685,8.578895,1.952320,2.928975,-3.000000,-0.071025
298,6.613722,4.573676,1.952953,2.138615,2.000000,-0.138615
299,6.599975,2.558297,1.951755,1.599468,1.000000,-0.599468
300,6.620628,12.713123,1.957207,3.565547,3.000000,-0.565547
301,6.676240,23.137580,1.966813,4.810154,-4.000000,0.810154
302,6.678017,7.205653,1.969221,2.684335,-2.000000,0.684335
303,6.662318,1.984035,1.967345,1.408558,0.000000,-1.408558
304,6.722383,24.681834,1.977348,4.968081,3.000000,-1.968081
305,6.701137,0.327190,1.972679,0.572005,-2.000000,-1.427995
306,6.686381,2.245117,1.971108,1.498371,1.000000,-0.498371
307,6.714451,15.191558,1.977467,3.897635,4.000000,0.102365
308,6.699853,2.276619,1.975925,1.508847,0.000000,-1.508847
309,6.745834,20.724107,1.984372,4.552374,-5.000000,-0.447626
310,6.732465,2.654798,1.983212,1.629355,-2.000000,-0.370645
311,6.724848,4.394162,1.983580,2.096226,1.000000,-1.096226
312,6.771379,21.056202,1.992039,4.588704,2.000000,-2.588704
313,6.750476,0.312300,1.987400,0.558838,-1.000000,-1.558838
314,6.744911,5.025456,1.988221,2.241753,2.000000,-0.241753
315,6.723235,0.003737,1.982024,0.061127,1.000000,0.938873
316,6.717110,4.812109,1.982703,2.193652,-3.000000,-0.806348
317,6.709912,4.464135,1.983119,2.112850,-2.000000,0.112850
318,6.688554,0.003434,1.976990,0.058600,0.000000,0.058600
319,6.667985,0.209577,1.972167,0.457795,0.000000,-0.457795
320,6.697928,16.129897,1.978635,4.016204,-4.000000,0.016204
321,6.677931,0.358793,1.974283,0.598994,0.000000,0.598994
322,6.689113,10.233964,1.978134,3.199057,-2.000000,1.199057
323,6.670610,0.786392,1.974713,0.886787,0.000000,0.886787
324,6.652903,1.004564,1.971674,1.002279,2.000000,0.997721
325,6.656041,7.660265,1.974154,2.767718,3.000000,0.232282
326,6.641886,2.097956,1.972522,1.448432,-1.000000,0.448432
327,6.633808,4.032617,1.972632,2.008138,-2.000000,0.008138
328,6.643251,9.693319,1.976153,3.113409,-3.000000,0.113409
329,6.656075,10.811102,1.980189,3.288024,2.000000,-1.288024
330,6.707368,23.377815,1.988947,4.835061,4.000000,-0.835061
331,6.964741,90.868279,2.012016,9.532485,8.000000,-1.532485
332,6.945237,0.567272,2.008178,0.753174,0.000000,-0.753174
333,6.933823,3.190017,2.007503,1.786062,-4.000000,-2.213938
334,6.920974,2.693638,2.006393,1.641231,-1.000000,-2.641231
335,7.076604,58.434686,2.023425,7.644258,5.000000,-2.644258
336,7.056672,0.459259,2.019372,0.677686,-2.000000,-2.677686
337,7.035552,0.023628,2.013769,0.153715,-2.000000,-1.846285
338,7.022115,2.547451,2.012519,1.596074,-2.000000,-0.403926
339,7.014564,4.492630,2.012838,2.119583,-2.000000,0.119583
340,7.001835,2.737702,2.011772,1.654600,-2.000000,-0.345400
341,7.010068,9.776338,2.015081,3.126714,-3.000000,0.126714
342,6.993726,1.486374,2.012726,1.219169,-2.000000,-0.780831
343,6.973219,0.041977,2.007393,0.204883,1.000000,1.204883
344,6.952896,0.063440,2.002230,0.251874,1.000000,1.251874
345,7.137783,69.999228,2.020893,8.366554,8.000000,-0.366554
346,7.117327,0.141862,2.016086,0.376646,1.000000,0.623354
347,7.096694,0.040072,2.010792,0.200180,-1.000000,-0.799820
348,7.152273,26.215905,2.019830,5.120147,-6.000000,-0.879853
349,7.132541,0.344656,2.015677,0.587074,-2.000000,-1.412926
350,7.275647,56.647275,2.031605,7.526438,5.000000,-2.526438
351,7.259471,1.662799,2.029466,1.289496,-3.000000,-1.710504
352,7.255937,6.029492,2.030690,2.455502,1.000000,-1.455502
353,7.304908,24.346808,2.039010,4.934248,6.000000,1.065752
354,7.294485,3.656735,2.038648,1.912259,2.000000,0.087741
355,7.274927,0.429649,2.034707,0.655476,0.000000,-0.655476
356,7.254585,0.114803,2.029889,0.338826,-1.000000,-0.661174
357,7.234048,0.004791,2.024335,0.069218,0.000000,0.069218
358,7.235979,7.917680,2.026565,2.813837,-3.000000,-0.186163
359,7.216088,0.174573,2.022033,0.417820,-1.000000,-0.582180
360,7.240972,16.075067,2.027616,4.009372,4.000000,-0.009372
361,7.222313,0.579720,2.024069,0.761393,2.000000,1.238607
362,7.202221,0.029188,2.018892,0.170846,1.000000,0.829154
363,7.193647,4.124317,2.018926,2.030841,-1.000000,1.030841
364,7.176445,1.000727,2.016096,1.000364,-2.000000,-0.999636
365,7.166036,3.418797,2.015633,1.848999,-4.000000,-2.151001
366,7.163731,6.331642,2.017016,2.516275,-1.000000,-3.516275
367,7.247986,37.748239,2.028385,6.143960,6.000000,-0.143960
368,7.228221,0.053809,2.023450,0.231968,0.000000,0.231968
369,7.215230,2.486217,2.022226,1.576774,-2.000000,-0.423226
370,7.207228,4.286452,2.022358,2.070375,-2.000000,0.070375
371,7.188763,0.430795,2.018636,0.656350,0.000000,-0.656350
372,7.187214,6.618838,2.020141,2.572710,1.000000,-1.572710
373,7.209335,15.349678,2.025284,3.917867,3.000000,-0.917867
374,7.189858,0.003027,2.019959,0.055020,0.000000,0.055020
375,7.191275,7.715385,2.022002,2.777658,-2.000000,0.777658
376,7.177472,2.056562,2.020421,1.434072,-1.000000,0.434072
377,7.170690,4.647899,2.020784,2.155899,-2.000000,0.155899
378,7.185476,12.700405,2.024910,3.563763,-4.000000,-0.436237
379,7.201449,13.175551,2.029190,3.629814,-4.000000,-0.370186
380,7.194217,4.482277,2.029424,2.117139,2.000000,-0.117139
381,7.183000,2.965177,2.028608,1.721969,3.000000,1.278031
382,7.164609,0.231202,2.024514,0.480835,-1.000000,-0.519165
383,7.147832,0.806140,2.021541,0.897853,1.000000,0.102147
384,7.129529,0.192839,2.017377,0.439135,0.000000,0.439135
385,7.115689,1.856368,2.015658,1.362486,-2.000000,-0.637514
386,7.097062,0.000262,2.010423,0.016194,-1.000000,-0.983806
387,7.092635,5.401641,2.011243,2.324143,2.000000,-0.324143
388,7.088335,5.441215,2.012080,2.332641,-2.000000,0.332641
389,7.072263,0.900748,2.009319,0.949077,0.000000,0.949077
390,7.065694,4.536681,2.009631,2.129949,3.000000,0.870051
391,7.052061,1.789638,2.007895,1.337773,-1.000000,0.337773
392,7.034892,0.390398,2.004330,0.624818,1.000000,0.375182
393,7.016957,0.058439,1.999799,0.241741,0.000000,0.241741
394,7.000037,0.417873,1.996329,0.646431,1.000000,0.353569
395,7.000090,7.020829,1.998000,2.649685,2.000000,-0.649685
396,7.028938,18.308548,2.003819,4.278849,4.000000,-0.278849
397,7.017603,2.574472,2.002803,1.604516,1.000000,-0.604516
398,7.016974,6.769455,2.004323,2.601818,-3.000000,-0.398182
399,7.033273,13.455023,2.008535,3.668109,-4.000000,-0.331891
400,7.061028,18.024248,2.014184,4.245497,3.000000,-1.245497
401,7.059842,6.590250,2.015577,2.567148,-3.000000,-0.432852
402,7.110192,27.099379,2.023592,5.205706,4.000000,-1.205706
403,7.104806,4.960961,2.024103,2.227321,-2.000000,0.227321
404,7.087327,0.113397,2.019884,0.336745,0.000000,-0.336745
405,7.073711,1.627074,2.018028,1.275568,1.000000,-0.275568
406,7.066921,4.344410,2.018193,2.084325,2.000000,-0.084325
407,7.050150,0.308228,2.014563,0.555183,0.000000,0.555183
408,7.042282,3.871347,2.014447,1.967574,2.000000,0.032426
409,7.042413,7.095178,2.016050,2.663678,-2.000000,0.663678
410,7.050612,10.371362,2.019016,3.220460,-3.000000,0.220460
411,7.042823,3.880569,2.018895,1.969916,-2.000000,-0.030084
412,7.028938,1.377543,2.016824,1.173688,1.000000,-0.173688
413,7.020992,3.779028,2.016646,1.943972,2.000000,0.056028
414,7.007232,1.379551,2.014592,1.174543,-1.000000,0.174543
415,7.023437,13.667415,2.018685,3.696947,-3.000000,0.696947
416,7.010873,1.847282,2.017084,1.359147,-1.000000,0.359147
417,6.997674,1.559669,2.015224,1.248867,-1.000000,0.248867
418,6.982721,0.806840,2.012526,0.898243,1.000000,0.101757
419,6.972121,2.584004,2.011550,1.607484,2.000000,0.392516
420,6.956173,0.337722,2.008112,0.581139,1.000000,0.418861
421,6.956653,7.156025,2.009711,2.675075,3.000000,0.324925
422,6.947854,3.278742,2.009235,1.810730,-1.000000,0.810730
423,6.937434,2.581869,2.008275,1.606819,1.000000,-0.606819
424,6.921485,0.238827,2.004657,0.488699,0.000000,-0.488699
425,6.910325,2.223108,2.003437,1.491009,-2.000000,-0.508991
426,6.906926,5.475944,2.004234,2.340074,2.000000,-0.340074
427,6.892309,0.724249,2.001508,0.851028,1.000000,0.148972
428,6.884841,3.725670,2.001340,1.930199,-2.000000,-0.069801
429,6.869087,0.189642,1.997655,0.435479,1.000000,0.564521
430,6.870979,7.674943,1.999469,2.770369,-2.000000,0.770369
431,6.865639,4.590812,1.999805,2.142618,-2.000000,0.142618
432,6.851052,0.622282,1.996975,0.788849,1.000000,0.211151
433,6.847878,5.489359,1.997782,2.342938,-2.000000,0.342938
434,6.835581,1.560225,1.996041,1.249090,2.000000,0.750910
435,6.841127,9.225856,1.998457,3.037409,4.000000,0.962591
436,6.831922,2.864609,1.997749,1.692516,-2.000000,-0.307484
437,6.853193,16.042232,2.002385,4.005276,4.000000,-0.005276
438,6.838805,0.609053,1.999569,0.780418,-1.000000,-0.219582
439,6.824145,0.461428,1.996534,0.679285,0.000000,-0.679285
440,6.809983,0.649401,1.993803,0.805854,-1.000000,-0.194146
441,6.800071,2.478664,1.992843,1.574377,1.000000,-0.574377
442,6.784846,0.131636,1.989122,0.362817,0.000000,0.362817
443,6.770709,0.578761,1.986324,0.760764,0.000000,0.760764
444,6.762599,3.202043,1.985876,1.789425,-1.000000,0.789425
445,6.748726,0.644836,1.983194,0.803017,2.000000,1.196983
446,6.804544,31.420222,1.991389,5.605374,-4.000000,1.605374
447,6.827983,17.188076,1.996252,4.145851,5.000000,0.854149
448,6.849602,16.426813,2.000885,4.053000,-3.000000,1.053000
449,6.841720,3.341929,2.000496,1.828094,-1.000000,0.828094
450,6.858269,14.222798,2.004467,3.771313,-3.000000,0.771313
451,6.872316,13.136925,2.008091,3.624490,4.000000,0.375510
452,6.972589,51.794888,2.019673,7.196867,7.000000,-0.196867
453,6.966698,4.327436,2.019808,2.080249,-3.000000,-0.919751
454,6.975761,11.045135,2.022705,3.323422,2.000000,-1.323422
455,6.970359,4.539206,2.022944,2.130541,-4.000000,-1.869459
456,6.956860,0.868876,2.020531,0.932135,-1.000000,-1.932135
457,6.941902,0.180778,2.017009,0.425179,-2.000000,-2.425179
458,6.976734,22.755896,2.023074,4.770314,4.000000,-0.770314
459,6.962250,0.386485,2.019994,0.621679,-1.000000,-0.378321
460,6.973392,12.042980,2.023174,3.470300,-3.000000,0.470300
461,6.964559,2.936871,2.022497,1.713730,-1.000000,0.713730
462,6.983691,15.726936,2.026740,3.965720,4.000000,0.034280
463,6.969368,0.409168,2.023718,0.639662,-1.000000,-0.360338
464,6.956162,0.894792,2.021375,0.945934,1.000000,0.054066
465,6.947351,2.894258,2.020681,1.701252,2.000000,0.298748
466,6.938818,3.005177,2.020059,1.733545,-2.000000,-0.266455
467,6.931067,3.350029,2.019649,1.830308,-2.000000,-0.169692
468,6.933168,7.905924,2.021356,2.811748,3.000000,0.188252
469,6.918321,0.029451,2.017378,0.171612,0.000000,0.171612
470,6.914843,5.297300,2.017988,2.301586,-2.000000,0.301586
471,6.901721,0.787048,2.015567,0.887157,0.000000,0.887157
472,6.890585,1.690154,2.014038,1.300059,2.000000,0.699941
473,6.876097,0.095597,2.010403,0.309188,0.000000,0.309188
474,6.862196,0.342842,2.007371,0.585527,0.000000,0.585527
475,6.853311,2.677399,2.006583,1.636276,-1.000000,0.636276
476,6.842750,1.868218,2.005228,1.366828,2.000000,0.633172
477,6.835890,3.598111,2.004999,1.896869,-1.000000,0.896869
478,6.838292,7.974434,2.006726,2.823904,-2.000000,0.823904
479,6.823930,0.016101,2.002769,0.126890,1.000000,1.126890
480,6.828542,9.019372,2.004871,3.003227,-2.000000,1.003227
481,6.814237,0.005056,2.000817,0.071104,1.000000,0.928896
482,6.803220,1.548052,1.999234,1.244208,0.000000,1.244208
483,6.801658,6.054969,2.000197,2.460685,3.000000,0.539315
484,6.803985,7.918568,2.001893,2.813995,-3.000000,-0.186005
485,6.799671,4.728923,2.002252,2.174609,-2.000000,0.174609
486,6.785693,0.062301,1.998615,0.249601,0.000000,0.249601
487,6.809505,18.286990,2.003331,4.276329,4.000000,-0.276329
488,6.800142,2.277867,2.002310,1.509260,1.000000,-0.509260
489,6.790627,2.185261,2.001230,1.478263,1.000000,-0.478263
490,6.784605,3.864280,2.001157,1.965777,-2.000000,-0.034223
491,6.784060,6.518856,2.002291,2.553205,2.000000,-0.553205
492,6.775087,2.405432,2.001366,1.550945,1.000000,-0.550945
493,6.761950,0.351024,1.998484,0.592473,0.000000,-0.592473
494,6.750533,1.167500,1.996611,1.080509,-1.000000,0.080509
495,6.737182,0.195328,1.993445,0.441959,1.000000,0.558041
496,6.727849,2.145315,1.992370,1.464689,-1.000000,0.464689
497,6.725887,5.760639,1.993197,2.400133,-2.000000,0.400133
498,6.719042,3.344514,1.992864,1.828801,-1.000000,0.828801
499,6.705515,0.022907,1.989144,0.151349,1.000000,0.848651
500,6.697811,2.884281,1.988558,1.698317,-1.000000,0.698317
501,6.701866,8.713475,1.990496,2.951860,4.000000,1.048140
502,6.706071,8.795961,1.992454,2.965799,-2.000000,0.965799
503,6.692994,0.180656,1.989313,0.425037,0.000000,0.425037
504,6.680176,0.283768,1.986400,0.532699,1.000000,0.467301
505,6.672967,3.068777,1.985932,1.751792,2.000000,0.248208
506,6.662760,1.548692,1.984455,1.244465,-1.000000,0.244465
507,6.685053,17.876115,1.988915,4.228015,-4.000000,0.228015
508,6.692532,10.454524,1.991384,3.233346,4.000000,0.766654
509,6.687323,4.061982,1.991432,2.015436,-1.000000,1.015436
510,6.676921,1.423818,1.989854,1.193238,1.000000,-0.193238
511,6.663933,0.092464,1.986529,0.304079,1.000000,0.695921
512,6.663314,6.349243,1.987579,2.519770,-2.000000,0.519770
513,6.653362,1.597614,1.986157,1.263967,-1.000000,0.263967
514,6.650240,5.061138,1.986674,2.249697,-2.000000,0.249697
515,6.654200,8.674173,1.988550,2.945195,-3.000000,-0.054805
516,6.642405,0.615073,1.986198,0.784266,1.000000,0.215734
517,6.636291,3.505926,1.985976,1.872412,-1.000000,0.872412
518,6.624906,0.784372,1.983835,0.885648,1.000000,0.114352
519,6.612252,0.107940,1.980621,0.328542,1.000000,0.671458
520,6.628040,14.758819,1.984228,3.841721,4.000000,0.158279
521,6.615519,0.155038,1.981152,0.393749,0.000000,-0.393749
522,6.603371,0.322636,1.978424,0.568011,-1.000000,-0.431989
523,6.591418,0.399523,1.975829,0.632078,-1.000000,-0.367922
524,6.579294,0.287178,1.973060,0.535890,-1.000000,-0.464110
525,6.569873,1.670673,1.971754,1.292545,-2.000000,-0.707455
526,6.557384,0.050824,1.968409,0.225443,0.000000,-0.225443
527,6.566506,11.328116,1.971080,3.365727,4.000000,0.634273
528,6.574396,10.700820,1.973562,3.271211,-2.000000,1.271211
529,6.561877,0.002084,1.969889,0.045646,1.000000,0.954354
530,6.569287,10.459743,1.972293,3.234153,-3.000000,0.234153
531,6.558748,1.015216,1.970462,1.007579,1.000000,-0.007579
532,6.605991,31.502650,1.977361,5.612722,6.000000,0.387278
533,6.593521,0.009417,1.973806,0.097041,-1.000000,-0.902959
534,6.582006,0.490825,1.971404,0.700589,0.000000,-0.700589
535,6.574198,2.436110,1.970631,1.560804,-2.000000,-0.439196
536,6.574748,6.866357,1.971852,2.620373,-3.000000,-0.379627
537,6.598862,19.427896,1.976422,4.407709,4.000000,-0.407709
538,6.586805,0.160109,1.973470,0.400136,0.000000,-0.400136
539,6.579347,2.596745,1.972793,1.611442,1.000000,-0.611442
540,6.567762,0.370142,1.970248,0.608393,0.000000,0.608393
541,6.564205,4.657557,1.970598,2.158137,-2.000000,0.158137
542,6.552180,0.094511,1.967506,0.307426,0.000000,0.307426
543,6.540036,0.006836,1.964010,0.082679,0.000000,0.082679
544,6.539633,6.322230,1.965029,2.514404,-2.000000,0.514404
545,6.527623,0.042508,1.961778,0.206174,1.000000,0.793826
546,6.534940,10.493170,1.964135,3.239316,4.000000,0.760684
547,6.536279,7.262063,1.965480,2.694822,-3.000000,-0.305178
548,6.524928,0.361254,1.962972,0.601044,1.000000,0.398956
549,6.513413,0.249107,1.960286,0.499106,0.000000,0.499106
550,6.522351,11.394042,1.962878,3.375506,-4.000000,-0.624494
551,6.512948,1.378456,1.961436,1.174077,1.000000,-0.174077
552,6.501991,0.508954,1.959159,0.713410,1.000000,0.286590
553,6.513651,12.902980,1.962133,3.592072,3.000000,-0.592072
554,6.518984,9.446835,1.964154,3.073570,-3.000000,0.073570
555,6.518070,6.015686,1.965040,2.452690,-2.000000,0.452690
556,6.516029,5.391145,1.965687,2.321884,3.000000,0.678116
557,6.508333,2.260236,1.964851,1.503408,-2.000000,-0.496592
558,6.505457,4.915205,1.965306,2.217026,2.000000,-0.217026
559,6.502685,4.966871,1.965781,2.228648,-2.000000,0.228648
560,6.490992,0.001253,1.962309,0.035403,0.000000,-0.035403
561,6.492658,7.418781,1.963676,2.723744,3.000000,0.276256
562,6.490403,5.234515,1.964257,2.287906,2.000000,-0.287906
563,6.484170,3.006341,1.963845,1.733880,-2.000000,-0.266120
564,6.474520,1.079966,1.962194,1.039214,-1.000000,0.039214
565,6.462996,0.009589,1.958871,0.097925,0.000000,0.097925
566,6.454164,1.499618,1.957564,1.224589,1.000000,-0.224589
567,6.442701,0.000183,1.954111,0.013534,0.000000,-0.013534
568,6.431282,0.002652,1.950738,0.051498,0.000000,0.051498
569,6.420722,0.464773,1.948492,0.681743,0.000000,0.681743
570,6.410524,0.648472,1.946472,0.805277,0.000000,0.805277
571,6.401198,1.123007,1.944908,1.059720,2.000000,0.940280
572,6.393232,1.876232,1.943895,1.369756,0.000000,1.369756
573,6.382916,0.523557,1.941751,0.723572,0.000000,0.723572
574,6.383748,6.856984,1.942938,2.618584,-2.000000,0.618584
575,6.377784,2.978256,1.942558,1.725762,-1.000000,0.725762
576,6.372991,3.636652,1.942495,1.907001,-2.000000,-0.092999
577,6.363505,0.937007,1.940795,0.967991,-1.000000,-0.032009
578,6.375505,13.251958,1.943756,3.640324,4.000000,0.359676
579,6.379631,8.747869,1.945519,2.957680,-2.000000,0.957680
580,6.369740,0.682504,1.943576,0.826138,1.000000,0.173862
581,6.360340,0.945619,1.941892,0.972429,1.000000,0.027571
582,6.372323,13.286749,1.944839,3.645099,3.000000,-0.645099
583,6.364522,1.855614,1.943833,1.362209,-2.000000,-0.637791
584,6.353777,0.131990,1.941108,0.363305,0.000000,-0.363305
585,6.342846,0.002933,1.937860,0.054157,0.000000,-0.054157
586,6.343984,7.005444,1.939078,2.646780,-3.000000,-0.353220
587,6.333279,0.103120,1.936303,0.321123,0.000000,0.321123
588,6.369906,27.722963,1.942003,5.265260,6.000000,0.734740
589,6.359592,0.336230,1.939675,0.579854,0.000000,-0.579854
590,6.354463,3.354205,1.939490,1.831449,-2.000000,-0.168551
591,6.344311,0.395478,1.937257,0.628871,-1.000000,-0.371129
592,6.353728,11.881027,1.939825,3.446887,-4.000000,-0.553113
593,6.343544,0.355316,1.937543,0.596084,0.000000,-0.596084
594,6.333204,0.243294,1.935095,0.493249,0.000000,0.493249
595,6.334830,7.294345,1.936391,2.700805,-3.000000,-0.299195
596,6.324340,0.124725,1.933717,0.353164,2.000000,1.646836
597,6.314991,0.780373,1.931945,0.883387,3.000000,2.116613
598,6.306429,1.228779,1.930559,1.108503,1.000000,-0.108503
599,6.302872,4.190361,1.930755,2.047037,2.000000,-0.047037
600,6.292618,0.191150,1.928249,0.437208,0.000000,-0.437208
601,6.285631,2.121590,1.927459,1.456568,-2.000000,-0.543432
602,6.275733,0.366473,1.925248,0.605370,-1.000000,-0.394630
603,6.267248,1.193572,1.923858,1.092507,1.000000,-0.092507
604,6.262674,3.522869,1.923780,1.876931,-2.000000,-0.123069
605,6.257423,3.106474,1.923511,1.762519,-1.000000,0.762519
606,6.261497,8.709744,1.925218,2.951228,-2.000000,0.951228
607,6.280497,17.719082,1.929006,4.209404,5.000000,0.790596
608,6.270697,0.361237,1.926808,0.601030,1.000000,0.398970
609,6.261428,0.662488,1.924968,0.813934,0.000000,-0.813934
610,6.251505,0.248359,1.922614,0.498356,0.000000,-0.498356
611,6.255475,8.661067,1.924295,2.942969,2.000000,-0.942969
612,6.259908,8.951222,1.926051,2.991859,-4.000000,-1.008141
613,6.259123,5.781349,1.926837,2.404444,2.000000,-0.404444
614,6.249943,0.659247,1.925009,0.811941,0.000000,0.811941
615,6.241949,1.365703,1.923771,1.168633,-1.000000,0.168633
616,6.257151,15.545869,1.927070,3.942825,-3.000000,0.942825
617,6.249484,1.557389,1.925962,1.247954,2.000000,0.752046
618,6.327988,54.450893,1.934844,7.379085,-6.000000,1.379085
619,6.324684,4.295894,1.935068,2.072654,3.000000,0.927346
620,6.322629,5.058602,1.935577,2.249134,-1.000000,1.249134
621,6.345118,20.198715,1.939725,4.494298,5.000000,0.505702
622,6.340375,3.413445,1.939575,1.847551,-2.000000,-0.152449
623,6.330175,0.026822,1.936707,0.163774,0.000000,0.163774
624,6.327354,4.581376,1.937035,2.140415,2.000000,-0.140415
625,6.326918,6.056729,1.937879,2.461042,-3.000000,-0.538958
626,6.323786,4.378280,1.938127,2.092434,2.000000,-0.092434
627,6.318196,2.841144,1.937722,1.685569,2.000000,0.314431
628,6.308359,0.180120,1.935297,0.424406,-1.000000,-0.575594
629,6.301103,1.773135,1.934331,1.331591,2.000000,0.668409
630,6.291095,0.036429,1.931546,0.190865,0.000000,0.190865
631,6.281222,0.100654,1.928971,0.317260,0.000000,0.317260
632,6.278896,4.820458,1.929396,2.195554,-2.000000,0.195554
633,6.271063,1.351746,1.928177,1.162646,-1.000000,0.162646
634,6.261442,0.210386,1.925844,0.458678,1.000000,0.541322
635,6.270859,12.202981,1.928328,3.493277,-3.000000,0.493277
636,6.261284,0.219858,1.926019,0.468890,1.000000,1.468890
637,6.271834,12.939434,1.928659,3.597142,-2.000000,1.597142
638,6.263493,0.983299,1.927181,0.991614,3.000000,2.008386
639,6.256520,1.836133,1.926280,1.355040,2.000000,0.644960
640,6.247244,0.356651,1.924190,0.597203,-1.000000,-0.402797
641,6.252145,9.369276,1.925975,3.060927,-3.000000,0.060927
642,6.243733,0.885227,1.924431,0.940865,1.000000,0.059135
643,6.246558,8.049160,1.925859,2.837104,3.000000,0.162896
644,6.252501,10.050191,1.927803,3.170204,-4.000000,-0.829796
645,6.245753,1.926518,1.926961,1.387991,-1.000000,0.387991
646,6.238007,1.272845,1.925717,1.128204,0.000000,1.128204
647,6.231618,2.129937,1.924992,1.459430,-1.000000,0.459430
648,6.227257,3.423394,1.924876,1.850242,-1.000000,0.850242
649,6.220781,2.050341,1.924111,1.431901,2.000000,0.568099
650,6.211211,0.038100,1.921435,0.195193,0.000000,0.195193
651,6.225469,15.436056,1.924538,3.928875,-3.000000,0.928875
652,6.250810,22.647062,1.928912,4.758893,6.000000,1.241107
653,6.283825,27.677429,1.934046,5.260934,-4.000000,1.260934
654,6.283222,5.891821,1.934805,2.427307,-2.000000,0.427307
655,6.289629,10.453917,1.936799,3.233252,4.000000,0.766748
656,6.280053,0.046054,1.934158,0.214602,-1.000000,-0.785398
657,6.281727,7.373062,1.935354,2.715338,-3.000000,-0.284662
658,6.272174,0.034637,1.932679,0.186109,0.000000,0.186109
659,6.262741,0.093348,1.930195,0.305529,0.000000,0.305529
660,6.261737,5.604110,1.930862,2.367300,3.000000,0.632700
661,6.263042,7.118914,1.931984,2.668129,-3.000000,-0.331871
662,6.289601,23.739157,1.936452,4.872285,5.000000,0.127715
663,6.296556,10.872429,1.938517,3.297337,-2.000000,1.297337
664,6.287725,0.468420,1.936617,0.684412,-1.000000,-0.315588
665,6.286390,5.405554,1.937205,2.324985,-2.000000,0.324985
666,6.282446,3.675181,1.937174,1.917076,-2.000000,-0.082924
667,6.273031,0.040575,1.934556,0.201431,0.000000,-0.201431
668,6.278799,10.103009,1.936430,3.178523,4.000000,0.821477
669,6.304444,23.332710,1.940782,4.830394,4.000000,-0.830394
670,6.295012,0.022321,1.938092,0.149404,-1.000000,-0.850596
671,6.286041,0.311617,1.936023,0.558226,-1.000000,-0.441774
672,6.276633,0.001106,1.933175,0.033254,-1.000000,-1.033254
673,6.297377,20.154823,1.936996,4.489412,3.000000,-1.489412
674,6.291770,2.540280,1.936483,1.593826,-3.000000,-1.406174
675,6.282608,0.143984,1.934163,0.379452,0.000000,-0.379452
676,6.276881,2.434701,1.933607,1.560353,-1.000000,0.560353
677,6.293981,17.785099,1.937000,4.217238,-3.000000,1.217238
678,6.285148,0.340347,1.934992,0.583393,2.000000,1.416607
679,6.275907,0.047205,1.932447,0.217268,1.000000,0.782732
680,6.266632,0.006432,1.929707,0.080197,0.000000,-0.080197
681,6.270507,8.889899,1.931261,2.981593,-2.000000,0.981593
682,6.261451,0.130546,1.928945,0.361311,1.000000,0.638689
683,6.254735,1.700984,1.928025,1.304218,-1.000000,0.304218
684,6.257125,7.880144,1.929318,2.807159,3.000000,0.192841
685,6.271627,16.133015,1.932383,4.016592,-4.000000,0.016592
686,6.263867,0.979520,1.931001,0.989707,0.000000,0.989707
687,6.273300,12.706272,1.933392,3.564586,-2.000000,1.564586
688,6.264129,0.000079,1.930579,0.008892,1.000000,0.991108
689,6.259150,2.853675,1.930226,1.689282,2.000000,0.310718
690,6.255888,4.021783,1.930336,2.005438,2.000000,-0.005438
691,6.248208,0.979474,1.928967,0.989684,-1.000000,-0.010316
692,6.246787,5.270771,1.929500,2.295816,-2.000000,0.295816
693,6.250988,9.141320,1.931088,3.023462,-3.000000,0.023462
694,6.295270,36.805487,1.937082,6.066753,6.000000,-0.066753
695,6.286873,0.492935,1.935294,0.702093,1.000000,1.702093
696,6.283258,3.785334,1.935309,1.945593,-3.000000,-1.054407
697,6.276217,1.403870,1.934226,1.184850,-1.000000,0.184850
698,6.267182,0.005520,1.931546,0.074298,0.000000,-0.074298
699,6.262479,2.998614,1.931259,1.731651,1.000000,-0.731651
700,6.262809,6.492666,1.932145,2.548071,2.000000,-0.548071
701,6.260324,4.530302,1.932426,2.128451,-3.000000,-0.871549
702,6.253366,1.403980,1.931356,1.184896,2.000000,0.815104
703,6.253129,6.087631,1.932122,2.467312,3.000000,0.532688
704,6.244241,0.031460,1.929615,0.177369,-1.000000,-0.822631
705,6.235449,0.080763,1.927268,0.284189,0.000000,-0.284189
706,6.246250,13.817985,1.929818,3.717255,-4.000000,-0.282745
707,6.239288,1.351719,1.928727,1.162635,-1.000000,0.162635
708,6.262443,22.540757,1.932731,4.747711,-4.000000,0.747711
709,6.253598,0.026931,1.930222,0.164106,1.000000,0.835894
710,6.246716,1.394597,1.929161,1.180930,2.000000,0.819070
711,6.244635,4.775580,1.929523,2.185310,3.000000,0.814690
712,6.247311,8.138984,1.930828,2.852890,-3.000000,-0.147110
713,6.239654,0.818777,1.929380,0.904863,2.000000,1.095137
714,6.260688,21.173904,1.933144,4.601511,-4.000000,0.601511
715,6.257850,4.242508,1.933322,2.059735,2.000000,-0.059735
716,6.263361,10.182086,1.935088,3.190938,-3.000000,0.190938
717,6.265829,8.022866,1.936347,2.832466,3.000000,0.167534
718,6.274857,12.711793,1.938628,3.565360,-3.000000,0.565360
719,6.271600,3.945970,1.938695,1.986447,0.000000,1.986447
720,6.275835,9.304097,1.940248,3.050262,-2.000000,1.050262
721,6.282464,11.028658,1.942173,3.320942,5.000000,1.679058
722,6.331201,41.275961,1.948416,6.424637,6.000000,-0.424637
723,6.324122,1.241268,1.947256,1.114122,-3.000000,-1.885878
724,6.316361,0.736044,1.945743,0.857930,0.000000,-0.857930
725,6.311129,2.543818,1.945257,1.594935,1.000000,-0.594935
726,6.302613,0.162549,1.943121,0.403173,-1.000000,-1.403173
727,6.316692,16.481827,1.946048,4.059782,-5.000000,-0.940218
728,6.330694,16.454038,1.948963,4.056358,4.000000,-0.056358
729,6.332872,7.910293,1.950154,2.812524,1.000000,-1.812524
730,6.328724,3.321496,1.949978,1.822497,-3.000000,-1.177503
731,6.321944,1.399089,1.948923,1.182831,-2.000000,-0.817169
732,6.316173,2.120942,1.948247,1.456345,1.000000,-0.456345
733,6.308411,0.657722,1.946687,0.811001,0.000000,-0.811001
734,6.300210,0.321363,1.944796,0.566889,0.000000,-0.566889
735,6.292821,0.898759,1.943433,0.948029,0.000000,-0.948029
736,6.291829,5.566784,1.944001,2.359403,2.000000,-0.359403
737,6.297951,10.779712,1.945828,3.283247,-4.000000,-0.716753
738,6.289399,0.020496,1.943372,0.143164,0.000000,-0.143164
739,6.293776,9.506628,1.944923,3.083282,3.000000,-0.083282
740,6.291447,4.579746,1.945188,2.140034,1.000000,-1.140034
741,6.283331,0.309379,1.943304,0.556219,-2.000000,-1.443781
742,6.279600,3.530115,1.943216,1.878860,1.000000,-0.878860
743,6.271299,0.144950,1.941102,0.380723,-1.000000,-0.619277
744,6.269297,4.789891,1.941436,2.188582,1.000000,-1.188582
745,6.262087,0.927117,1.940116,0.962869,-2.000000,-1.037131
746,6.256017,1.758063,1.939288,1.325920,1.000000,-0.325920
747,6.247887,0.215019,1.937302,0.463701,1.000000,0.536299
748,6.244284,3.567235,1.937237,1.888712,-2.000000,-0.111288
749,6.239569,2.732089,1.936855,1.652903,2.000000,0.347097
750,6.252745,16.068826,1.939632,4.008594,-4.000000,0.008594
751,6.253583,6.878251,1.940547,2.622642,3.000000,0.377358
752,6.245256,0.025025,1.938164,0.158193,0.000000,-0.158193
753,6.245151,6.166701,1.938892,2.483284,2.000000,-0.483284
754,6.251516,11.019265,1.940732,3.319528,-4.000000,-0.680472
755,6.254801,8.718639,1.942080,2.952734,-3.000000,-0.047266
756,6.246500,0.012280,1.939645,0.110816,0.000000,-0.110816
757,6.238205,0.000624,1.937102,0.024974,0.000000,0.024974
758,6.348279,89.233345,1.947061,9.446340,9.000000,-0.446340
759,6.340639,0.580324,1.945491,0.761790,-1.000000,-1.761790
760,6.337149,3.702093,1.945463,1.924082,-4.000000,-2.075918
761,6.330077,0.983842,1.944203,0.991888,-3.000000,-2.008112
762,6.330247,6.458796,1.944991,2.541416,1.000000,-1.541416
763,6.329113,5.469477,1.945510,2.338691,0.000000,-2.338691
764,6.323387,1.977800,1.944801,1.406343,0.000000,-1.406343
765,6.322021,5.283519,1.945265,2.298591,-3.000000,-0.701409
766,6.336248,17.162991,1.948149,4.142824,5.000000,0.857176
767,6.329561,1.233878,1.947052,1.110800,1.000000,-0.110800
768,6.321678,0.306931,1.945229,0.554013,-2.000000,-1.445987
769,6.326162,9.752330,1.946768,3.122872,2.000000,-1.122872
770,6.324438,5.005192,1.947147,2.237229,1.000000,-1.237229
771,6.324607,6.454576,1.947921,2.540586,-4.000000,-1.459414
772,6.336960,15.811714,1.950562,3.976395,3.000000,-0.976395
773,6.329081,0.277759,1.948711,0.527029,-1.000000,-0.472971
774,6.322237,1.059433,1.947517,1.029287,-1.000000,0.029287
775,6.334452,15.739752,1.950137,3.967336,4.000000,0.032664
776,6.327052,0.621865,1.948632,0.788584,0.000000,-0.788584
777,6.337445,14.360642,1.951014,3.789544,3.000000,-0.789544
778,6.329369,0.086338,1.948872,0.293834,-1.000000,-1.293834
779,6.326515,4.117848,1.948976,2.029248,-3.000000,-0.970752
780,6.327050,6.741341,1.949811,2.596409,2.000000,-0.596409
781,6.321979,2.387487,1.949290,1.545149,-2.000000,-0.454851
782,6.313885,0.024829,1.946987,0.157571,0.000000,-0.157571
783,6.308422,2.057975,1.946329,1.434564,2.000000,0.565436
784,6.311823,8.961377,1.947672,2.993556,3.000000,0.006444
785,6.331139,21.397686,1.951101,4.625763,-5.000000,-0.374237
786,6.340122,13.355366,1.953279,3.654499,-3.000000,0.654499
787,6.334337,1.810935,1.952503,1.345710,2.000000,0.654290
788,6.330490,3.317643,1.952336,1.821440,2.000000,0.178560
789,6.323352,0.727440,1.950935,0.852901,0.000000,-0.852901
790,6.329436,11.105427,1.952693,3.332481,3.000000,-0.332481
791,6.324985,2.826321,1.952348,1.681167,1.000000,-0.681167
792,6.320551,2.831470,1.952006,1.682697,-3.000000,-1.317303
793,6.316455,3.088585,1.951759,1.757437,1.000000,-0.757437
794,6.316952,6.709184,1.952567,2.590209,-3.000000,-0.409791
795,6.308975,0.007261,1.950206,0.085212,0.000000,0.085212
796,6.314588,10.753854,1.951885,3.279307,3.000000,-0.279307
797,6.308450,1.447219,1.950940,1.203004,1.000000,-0.203004
798,6.300591,0.068429,1.948813,0.261589,0.000000,-0.261589
799,6.310468,14.153470,1.951094,3.762110,-4.000000,-0.237890
800,6.316756,11.314981,1.952868,3.363775,-3.000000,0.363775
801,6.342180,26.580192,1.956887,5.155598,5.000000,-0.155598
802,6.335437,0.961411,1.955663,0.980516,-1.000000,-0.019484
803,6.328022,0.410899,1.954018,0.641014,-1.000000,-0.358986
804,6.337522,13.927996,1.956240,3.732023,4.000000,0.267977
805,6.347739,14.520973,1.958555,3.810639,3.000000,-0.810639
806,6.340569,0.597309,1.957077,0.772858,-1.000000,-1.772858
807,6.332788,0.092238,1.955018,0.303708,-1.000000,-1.303708
808,6.335041,8.144849,1.956136,2.853918,2.000000,-0.853918
809,6.328441,1.021800,1.954962,1.010841,0.000000,-1.010841
810,6.321378,0.635482,1.953525,0.797171,0.000000,-0.797171
811,6.314595,0.847773,1.952246,0.920746,-1.000000,-0.079254
812,6.310550,3.046424,1.951990,1.745401,-1.000000,0.745401
813,6.303509,0.614132,1.950545,0.783666,0.000000,0.783666
814,6.297773,1.657428,1.949727,1.287411,2.000000,0.712589
815,6.293141,2.540785,1.949288,1.593984,-1.000000,0.593984
816,6.332199,38.008231,1.954480,6.165082,-5.000000,1.165082
817,6.349723,20.579068,1.957656,4.536416,-3.000000,1.536416
818,6.345353,2.792783,1.957304,1.671162,3.000000,1.328838
819,6.337591,0.019562,1.955074,0.139864,1.000000,1.139864
820,6.330583,0.618768,1.953642,0.786618,-1.000000,-0.213382
821,6.324495,1.356821,1.952676,1.164827,-1.000000,0.164827
822,6.359747,35.160917,1.957538,5.929664,6.000000,0.070336
823,6.352172,0.155798,1.955630,0.394713,-1.000000,-1.394713
824,6.346081,1.357715,1.954666,1.165210,0.000000,-1.165210
825,6.345363,5.756176,1.955208,2.399203,-3.000000,-0.600797
826,6.351238,11.174811,1.956896,3.342875,3.000000,-0.342875
827,6.364398,17.182041,1.959555,4.145123,-5.000000,-0.854877
828,6.357385,0.585534,1.958105,0.765202,1.000000,0.234798
829,6.364507,12.232799,1.959971,3.497542,3.000000,-0.497542
830,6.356864,0.051155,1.957872,0.226174,0.000000,0.226174
831,6.350540,1.126949,1.956788,1.061579,1.000000,-0.061579
832,6.344048,0.975256,1.955618,0.987550,1.000000,0.012450
833,6.337341,0.784400,1.954327,0.885664,-1.000000,-0.114336
834,6.329973,0.221792,1.952540,0.470948,-1.000000,-0.529052
835,6.322395,0.032582,1.950407,0.180505,0.000000,-0.180505
836,6.314859,0.052113,1.948338,0.228282,0.000000,0.228282
837,6.311488,3.507431,1.948247,1.872814,2.000000,0.127186
838,6.305975,1.713357,1.947480,1.308953,-1.000000,0.308953
839,6.307347,7.451811,1.948417,2.729801,-2.000000,0.729801
840,6.316057,13.588418,1.950496,3.686247,-3.000000,0.686247
841,6.310678,1.814305,1.949775,1.346961,2.000000,0.653039
842,6.309632,5.433830,1.950230,2.331058,-1.000000,1.331058
843,6.309140,5.897199,1.950800,2.428415,3.000000,0.571585
844,6.305069,2.889356,1.950501,1.699811,2.000000,0.300189
845,6.297955,0.322293,1.948857,0.567708,-1.000000,-0.432292
846,6.290645,0.142822,1.946991,0.377918,0.000000,-0.377918
847,6.285219,1.716150,1.946235,1.310019,1.000000,-0.310019
848,6.280213,2.060302,1.945630,1.435375,1.000000,-0.435375
849,6.273018,0.200267,1.943857,0.447512,0.000000,-0.447512
850,6.278552,10.954849,1.945472,3.309811,3.000000,-0.309811
851,6.271951,0.687430,1.944154,0.829114,-1.000000,-0.170886
852,6.265785,1.043427,1.943066,1.021483,-1.000000,0.021483
853,6.269310,9.258736,1.944361,3.042817,3.000000,-0.042817
854,6.261937,0.001779,1.942123,0.042181,0.000000,-0.042181
855,6.259046,3.802271,1.942132,1.949941,-2.000000,-0.050059
856,6.251922,0.189448,1.940364,0.435256,0.000000,0.435256
857,6.258897,12.201700,1.942184,3.493093,-3.000000,0.493093
858,6.274538,19.615879,1.945096,4.428982,5.000000,0.571018
859,6.267641,0.377575,1.943540,0.614471,-1.000000,-0.385529
860,6.269577,7.925225,1.944558,2.815178,-3.000000,-0.184822
861,6.271702,8.090692,1.945608,2.844414,-2.000000,0.844414
862,6.268559,3.575057,1.945544,1.890782,-1.000000,0.890782
863,6.261312,0.042936,1.943521,0.207210,0.000000,0.207210
864,6.266938,11.099563,1.945135,3.331601,4.000000,0.668399
865,6.263718,3.494877,1.945047,1.869459,-2.000000,-0.130541
866,6.256535,0.071640,1.943101,0.267657,1.000000,1.267657
867,6.253977,4.048777,1.943181,2.012157,2.000000,-0.012157
868,6.246927,0.163231,1.941399,0.404018,-1.000000,-0.595982
869,6.243729,3.480768,1.941312,1.865682,-2.000000,-0.134318
870,6.238303,1.544376,1.940505,1.242729,-1.000000,0.242729
871,6.231515,0.353580,1.938953,0.594626,1.000000,0.405374
872,6.231463,6.186437,1.939584,2.487255,3.000000,0.512745
873,6.224485,0.167231,1.937823,0.408939,0.000000,-0.408939
874,6.228966,10.123434,1.939253,3.181734,3.000000,-0.181734
875,6.222240,0.370347,1.937725,0.608562,-1.000000,-0.391438
876,6.222420,6.379394,1.938399,2.525746,-3.000000,-0.474254
877,6.219856,3.983848,1.938465,1.995958,2.000000,0.004042
878,6.213150,0.358307,1.936932,0.598588,1.000000,0.401412
879,6.206093,0.039065,1.934945,0.197650,0.000000,-0.197650
880,6.205938,6.069552,1.935548,2.463646,-2.000000,0.463646
881,6.213459,12.802532,1.937421,3.578063,-3.000000,0.578063
882,6.207142,0.666556,1.936144,0.816429,0.000000,0.816429
883,6.234238,30.024923,1.940175,5.479500,6.000000,0.520500
884,6.229790,2.319441,1.939701,1.522971,-2.000000,-0.477029
885,6.231007,7.302773,1.940567,2.702364,-3.000000,-0.297636
886,6.238023,12.418465,1.942362,3.523984,-3.000000,0.523984
887,6.245124,12.508238,1.944168,3.536699,4.000000,0.463301
888,6.238245,0.164008,1.942427,0.404979,0.000000,-0.404979
889,6.234395,2.831317,1.942133,1.682652,1.000000,-0.682652
890,6.227954,0.527650,1.940761,0.726395,-1.000000,-0.273605
891,6.240807,17.628825,1.943306,4.198669,-4.000000,0.198669
892,6.234486,0.627266,1.942010,0.792001,1.000000,0.207999
893,6.242611,13.457685,1.943952,3.668472,4.000000,0.331528
894,6.235657,0.053482,1.942028,0.231262,-1.000000,-0.768738
895,6.238909,9.133646,1.943240,3.022192,-3.000000,0.022192
896,6.232135,0.195914,1.941558,0.442622,1.000000,0.557378
897,6.226358,1.073601,1.940544,1.036147,0.000000,1.036147
898,6.230020,9.499889,1.941821,3.082189,3.000000,-0.082189
899,6.237025,12.499693,1.943601,3.535491,3.000000,-0.535491
900,6.234909,4.340898,1.943757,2.083482,1.000000,-1.083482
901,6.227958,0.000142,1.941604,0.011921,-1.000000,-0.988079
902,6.223010,1.784565,1.940929,1.335876,-2.000000,-0.664124
903,6.216248,0.144181,1.939193,0.379711,-1.000000,-0.620289
904,6.216576,6.511353,1.939873,2.551735,-3.000000,-0.448265
905,6.210218,0.488358,1.938496,0.698826,0.000000,0.698826
906,6.203336,0.002736,1.936405,0.052311,2.000000,1.947689
907,6.198512,1.846835,1.935765,1.358983,2.000000,0.641017
908,6.192604,0.857445,1.934648,0.925984,-1.000000,-0.074016
909,6.185865,0.094245,1.932850,0.306993,0.000000,0.306993
910,6.179038,0.000825,1.930748,0.028715,0.000000,0.028715
911,6.175177,2.676541,1.930423,1.636014,-2.000000,-0.363986
912,6.177907,8.653763,1.931537,2.941728,3.000000,0.058272
913,6.172705,1.449932,1.930737,1.204131,-1.000000,0.204131
914,6.187061,19.236704,1.933435,4.385967,-4.000000,0.385967
915,6.185156,4.451468,1.933628,2.109850,-1.000000,1.109850
916,6.181598,2.939679,1.933388,1.714549,3.000000,1.285451
917,6.176299,1.344140,1.932540,1.159371,-1.000000,0.159371
918,6.169772,0.210666,1.930928,0.458983,0.000000,0.458983
919,6.165700,2.444002,1.930526,1.563330,2.000000,0.436670
920,6.188577,27.121121,1.934104,5.207794,5.000000,-0.207794
921,6.184568,2.512384,1.933724,1.585050,-3.000000,-1.414950
922,6.182989,4.734553,1.933987,2.175903,-3.000000,-0.824097
923,6.176423,0.149336,1.932303,0.386440,1.000000,0.613560
924,6.169854,0.132250,1.930598,0.363662,0.000000,0.363662
925,6.163304,0.137323,1.928905,0.370571,0.000000,-0.370571
926,6.160593,3.664442,1.928889,1.914273,2.000000,0.085727
927,6.155306,1.280125,1.928025,1.131426,1.000000,-0.131426
928,6.149618,0.899759,1.926965,0.948556,-1.000000,-0.051444
929,6.143721,0.694505,1.925782,0.833370,1.000000,0.166630
930,6.138056,0.898430,1.924726,0.947855,1.000000,0.052145
931,6.134776,3.097461,1.924549,1.759960,-2.000000,-0.240040
932,6.134689,6.053582,1.925126,2.460403,-2.000000,0.460403
933,6.131430,3.107315,1.924951,1.762758,-1.000000,0.762758
934,6.125848,0.940083,1.923924,0.969579,2.000000,1.030421
935,6.120247,0.912010,1.922883,0.954992,0.000000,0.954992
936,6.115239,1.451922,1.922113,1.204957,-1.000000,0.204957
937,6.112814,3.853248,1.922157,1.962969,-1.000000,0.962969
938,6.106938,0.624654,1.920945,0.790351,0.000000,0.790351
939,6.101655,1.167578,1.920046,1.080545,2.000000,0.919455
940,6.114684,18.296074,1.922565,4.277391,-4.000000,0.277391
941,6.108843,0.642277,1.921368,0.801422,1.000000,1.801422
942,6.102349,0.017445,1.919461,0.132080,1.000000,1.132080
943,6.098119,2.130007,1.918971,1.459454,2.000000,0.540546
944,6.091754,0.115536,1.917291,0.339905,0.000000,-0.339905
945,6.086665,1.302537,1.916466,1.141287,1.000000,-0.141287
946,6.080287,0.078922,1.914730,0.280931,0.000000,-0.280931
947,6.074161,0.303329,1.913283,0.550753,0.000000,-0.550753
948,6.075617,7.448681,1.914148,2.729227,2.000000,-0.729227
949,6.071987,2.645133,1.913843,1.626387,-2.000000,-0.373613
950,6.065730,0.153141,1.912234,0.391332,0.000000,0.391332
951,6.059553,0.215800,1.910705,0.464542,0.000000,0.464542
952,6.053876,0.677692,1.909558,0.823221,1.000000,0.176779
953,6.062587,14.321063,1.911534,3.784318,4.000000,0.215682
954,6.061392,4.926679,1.911858,2.219612,-3.000000,-0.780388
955,6.056133,1.060517,1.910930,1.029814,1.000000,-0.029814
956,6.052679,2.768210,1.910671,1.663794,-1.000000,0.663794
957,6.049253,2.786957,1.910418,1.669418,-2.000000,-0.330582
958,6.043024,0.106958,1.908758,0.327045,0.000000,0.327045
959,6.036981,0.271743,1.907305,0.521290,0.000000,0.521290
960,6.042830,11.629015,1.908877,3.410134,-3.000000,0.410134
961,6.036772,0.245350,1.907400,0.495328,2.000000,2.495328
962,6.033913,3.297465,1.907304,1.815892,0.000000,1.815892
963,6.031893,4.097240,1.907426,2.024164,-1.000000,1.024164
964,6.025804,0.186601,1.905889,0.431973,1.000000,1.431973
965,6.019665,0.125680,1.904275,0.354514,1.000000,0.645486
966,6.014073,0.640414,1.903127,0.800258,1.000000,0.199742
967,6.008606,0.749323,1.902050,0.865635,1.000000,0.134365
968,6.002432,0.057321,1.900325,0.239419,0.000000,-0.239419
969,5.996278,0.063405,1.898617,0.251803,0.000000,-0.251803
970,5.991334,1.220134,1.897795,1.104597,1.000000,-0.104597
971,5.985157,0.018218,1.895972,0.134975,0.000000,0.134975
972,5.989033,9.737548,1.897237,3.120505,-3.000000,0.120505
973,5.982858,0.005169,1.895353,0.071897,1.000000,1.071897
974,5.976690,0.000311,1.893418,0.017622,1.000000,1.017622
975,5.971969,1.392160,1.892683,1.179898,-1.000000,0.179898
976,5.965959,0.130244,1.891107,0.360894,1.000000,0.639106
977,5.962403,2.506421,1.890790,1.583168,-1.000000,0.583168
978,5.979801,22.907208,1.893763,4.786147,-4.000000,0.786147
979,5.974376,0.690436,1.892673,0.830925,2.000000,1.169075
980,5.972594,4.235584,1.892842,2.058053,-1.000000,1.058053
981,5.966959,0.467235,1.891605,0.683546,0.000000,0.683546
982,5.961544,0.671520,1.890508,0.819463,2.000000,1.180537
983,5.956122,0.652946,1.889403,0.808051,1.000000,0.191949
984,5.953239,3.130285,1.889280,1.769261,-2.000000,-0.230739
985,5.949617,2.400251,1.888933,1.549274,2.000000,0.450726
986,5.944581,1.004226,1.888030,1.002111,-1.000000,0.002111
987,5.938583,0.048596,1.886334,0.220445,0.000000,-0.220445
988,5.935517,2.922023,1.886154,1.709393,2.000000,0.290607
989,5.932764,3.223527,1.886062,1.795418,-2.000000,-0.204582
990,5.930343,3.545601,1.886059,1.882977,-1.000000,0.882977
991,5.941390,16.834418,1.888305,4.102977,-3.000000,1.102977
992,5.935394,0.017111,1.886526,0.130808,1.000000,1.130808
993,5.929529,0.134232,1.884989,0.366376,2.000000,1.633624
994,5.924756,1.205054,1.884194,1.097749,-1.000000,0.097749
995,5.926048,7.204505,1.885001,2.684121,-2.000000,0.684121
996,5.930426,10.269490,1.886331,3.204604,-2.000000,1.204604
997,5.925838,1.374409,1.885612,1.172352,2.000000,0.827648
998,5.920780,0.898086,1.884669,0.947674,0.000000,0.947674
999,5.918581,3.732504,1.884716,1.931969,-2.000000,-0.068031
1000,5.916298,3.644683,1.884741,1.909105,3.000000,1.090895
1001,5.921285,10.888265,1.886160,3.299737,4.000000,0.700263
1002,5.917254,1.899023,1.885651,1.378050,0.000000,-1.378050
1003,5.913202,1.869277,1.885132,1.367215,0.000000,-1.367215
1004,5.918471,11.182377,1.886591,3.344006,2.000000,-1.344006
1005,5.915035,2.479045,1.886279,1.574498,0.000000,-1.574498
1006,5.912012,2.885132,1.886092,1.698568,-3.000000,-1.301432
1007,5.919829,13.752670,1.887909,3.708459,-4.000000,-0.291541
1008,5.920812,6.907169,1.888646,2.628149,-2.000000,0.628149
1009,5.915141,0.221588,1.887235,0.470732,1.000000,0.529268
1010,5.922192,13.008582,1.888944,3.606741,-3.000000,0.606741
1011,5.946846,30.748609,1.892575,5.545143,7.000000,1.454857
1012,5.944831,3.914954,1.892660,1.978624,-1.000000,0.978624
1013,5.965704,27.006396,1.895935,5.196768,-5.000000,0.196768
1014,5.959873,0.076241,1.894331,0.276118,0.000000,0.276118
1015,5.954439,0.465915,1.893133,0.682579,1.000000,0.317421
1016,5.949026,0.476147,1.891944,0.690034,0.000000,-0.690034
1017,5.979175,36.490169,1.896039,6.040709,6.000000,-0.040709
1018,5.977253,4.030988,1.896150,2.007732,1.000000,-1.007732
1019,5.977229,5.952290,1.896685,2.439732,1.000000,-1.439732
1020,5.975378,4.096791,1.896810,2.024053,-3.000000,-0.975947
1021,5.970702,1.220308,1.896032,1.104675,0.000000,-1.104675
1022,5.969059,4.297944,1.896206,2.073148,-2.000000,0.073148
1023,5.978091,15.172388,1.898167,3.895175,-4.000000,-0.104825
1024,5.973010,0.795151,1.897181,0.891712,0.000000,0.891712
1025,5.970653,3.567290,1.897172,1.888727,0.000000,1.888727
1026,5.969837,5.136030,1.897533,2.266281,-1.000000,1.266281
1027,5.979208,15.556084,1.899534,3.944120,6.000000,2.055880
1028,5.975119,1.792825,1.898987,1.338964,-1.000000,0.338964
1029,5.970549,1.290375,1.898242,1.135947,1.000000,-0.135947
1030,5.977534,13.137308,1.899925,3.624542,-4.000000,-0.375458
1031,5.972006,0.300795,1.898609,0.548448,-1.000000,-0.451552
1032,5.973297,7.298537,1.899390,2.701581,-2.000000,0.701581
1033,5.971879,4.514175,1.899609,2.124659,3.000000,0.875341
1034,5.967228,1.181046,1.898820,1.086760,1.000000,-0.086760
1035,5.967008,5.740881,1.899302,2.396014,-2.000000,0.396014
1036,5.961357,0.135051,1.897818,0.367493,1.000000,0.632507
1037,5.966467,11.239885,1.899226,3.352594,-3.000000,0.352594
1038,5.967080,6.600132,1.899874,2.569072,-2.000000,0.569072
1039,5.961987,0.696074,1.898844,0.834311,2.000000,1.165689
1040,5.962823,6.827750,1.899533,2.612996,3.000000,0.387004
1041,5.973999,17.552420,1.901742,4.189561,4.000000,-0.189561
1042,5.969208,1.001005,1.900874,1.000502,-2.000000,-0.999498
1043,5.966420,3.072842,1.900731,1.752952,1.000000,-0.752952
1044,5.976833,16.795715,1.902844,4.098258,-5.000000,-0.901742
1045,5.971190,0.103198,1.901325,0.321245,0.000000,-0.321245
1046,5.989989,25.559007,1.904352,5.055592,5.000000,-0.055592
1047,6.013505,30.517826,1.907823,5.524294,-6.000000,-0.475706
1048,6.014975,7.547782,1.908627,2.747323,-2.000000,0.747323
1049,6.011776,2.672369,1.908365,1.634738,3.000000,1.365262
1050,6.010004,4.158218,1.908490,2.039171,2.000000,-0.039171
1051,6.004321,0.059391,1.906900,0.243702,0.000000,-0.243702
1052,6.012801,14.891171,1.908762,3.858908,-4.000000,-0.141092
1053,6.020342,13.923759,1.910500,3.731455,-3.000000,0.731455
1054,6.015908,1.364832,1.909793,1.168260,0.000000,1.168260
1055,6.010238,0.056315,1.908202,0.237307,1.000000,0.762693
1056,6.014682,10.685497,1.909495,3.268868,3.000000,-0.268868
1057,6.012253,3.456879,1.909447,1.859268,-2.000000,-0.140732
1058,6.021367,15.618583,1.911385,3.952035,-3.000000,0.952035
1059,6.020409,5.010774,1.911695,2.238476,3.000000,0.761524
1060,6.018048,3.526749,1.911663,1.877964,3.000000,1.122036
1061,6.013434,1.141569,1.910866,1.068442,0.000000,-1.068442
1062,6.020965,13.981154,1.912594,3.739138,3.000000,-0.739138
1063,6.015280,0.000419,1.910807,0.020457,-1.000000,-0.979543
1064,6.016938,7.773135,1.911635,2.788034,-4.000000,-1.211966
1065,6.016638,5.698619,1.912083,2.387178,2.000000,-0.387178
1066,6.015034,4.312476,1.912238,2.076650,-2.000000,0.076650
1067,6.009379,0.004489,1.910502,0.067000,0.000000,0.067000
1068,6.004289,0.593717,1.909430,0.770530,0.000000,0.770530
1069,6.018484,21.121102,1.911953,4.595770,5.000000,0.404230
1070,6.023669,11.545972,1.913347,3.397936,3.000000,-0.397936
1071,6.019815,1.911257,1.912849,1.382482,0.000000,-1.382482
1072,6.014394,0.230890,1.911508,0.480510,-2.000000,-1.519490
1073,6.008912,0.153968,1.910087,0.392387,-1.000000,-1.392387
1074,6.013547,10.967999,1.911397,3.311797,2.000000,-1.311797
1075,6.011689,4.024021,1.911485,2.005996,1.000000,-1.005996
1076,6.006082,0.000379,1.909720,0.019463,-1.000000,-0.980537
1077,6.002563,2.230161,1.909332,1.493372,2.000000,0.506628
1078,5.997062,0.095214,1.907842,0.308568,0.000000,0.308568
1079,6.007084,16.770772,1.909877,4.095213,-4.000000,0.095213
1080,6.002354,0.917041,1.908992,0.957623,0.000000,0.957623
1081,6.013448,17.950932,1.911153,4.236854,-3.000000,1.236854
1082,6.017360,10.230067,1.912347,3.198448,-2.000000,1.198448
1083,6.014878,3.339969,1.912269,1.827558,4.000000,2.172442
1084,6.013697,4.739368,1.912514,2.177009,-1.000000,1.177009
1085,6.009667,1.657380,1.911936,1.287393,2.000000,0.712607
1086,6.006597,2.687417,1.911684,1.639334,-1.000000,0.639334
1087,6.005172,4.463882,1.911869,2.112790,2.000000,-0.112790
1088,6.022513,24.802271,1.914700,4.980188,-5.000000,-0.019812
1089,6.027563,11.501689,1.916061,3.391414,-3.000000,0.391414
1090,6.024614,2.825067,1.915844,1.680794,3.000000,1.319206
1091,6.019627,0.603787,1.914797,0.777037,0.000000,0.777037
1092,6.014320,0.245887,1.913492,0.495869,0.000000,0.495869
1093,6.017404,9.372705,1.914547,3.061487,-2.000000,1.061487
1094,6.012570,0.747572,1.913583,0.864623,0.000000,0.864623
1095,6.037653,33.378628,1.917125,5.777424,5.000000,-0.777424
1096,6.043213,12.108871,1.918556,3.479780,2.000000,-1.479780
1097,6.038813,1.233793,1.917817,1.110762,-1.000000,-2.110762
1098,6.033391,0.108079,1.916364,0.328754,-2.000000,-1.671246
1099,6.029867,2.173688,1.915961,1.474343,0.000000,-1.474343
1100,6.026734,2.596775,1.915683,1.611451,-3.000000,-1.388549
1101,6.022681,1.580290,1.915082,1.257096,-2.000000,-0.742904
1102,6.039341,24.315639,1.917829,4.931089,5.000000,0.068911
1103,6.037508,4.024396,1.917910,2.006090,2.000000,-0.006090
1104,6.032594,0.632329,1.916889,0.795191,-2.000000,-1.204809
1105,6.072734,50.227041,1.921585,7.087104,6.000000,-1.087104
1106,6.081631,15.876684,1.923457,3.984556,-6.000000,-2.015444
1107,6.077120,1.105908,1.922666,1.051622,-3.000000,-1.948378
1108,6.074240,2.897895,1.922467,1.702321,1.000000,-0.702321
1109,6.068754,0.012877,1.920830,0.113477,-1.000000,-0.886523
1110,6.065561,2.536796,1.920533,1.592732,-2.000000,-0.407268
1111,6.087988,30.892761,1.923819,5.558126,6.000000,0.441874
1112,6.085469,3.296666,1.923722,1.815672,1.000000,-0.815672
1113,6.080731,0.830282,1.922809,0.911198,-2.000000,-1.088802
1114,6.075380,0.141803,1.921416,0.376567,-1.000000,-1.376567
1115,6.069997,0.094875,1.919963,0.308018,-1.000000,-1.308018
1116,6.088480,26.622412,1.922877,5.159691,4.000000,-1.159691
1117,6.087580,5.086757,1.923176,2.255384,1.000000,-1.255384
1118,6.083956,2.050481,1.922735,1.431950,0.000000,-1.431950
1119,6.078543,0.049298,1.921209,0.222031,-1.000000,-0.777969
1120,6.087535,16.112869,1.923085,4.014084,-5.000000,-0.985916
1121,6.085730,4.071548,1.923169,2.017808,-2.000000,0.017808
1122,6.080291,0.005549,1.921516,0.074495,1.000000,1.074495
1123,6.075444,0.656269,1.920523,0.810104,1.000000,0.189896
1124,6.070494,0.530827,1.919458,0.728579,1.000000,0.271421
1125,6.090282,28.253326,1.922488,5.315386,-5.000000,0.315386
1126,6.090044,5.823405,1.922925,2.413173,3.000000,0.586827
1127,6.089318,5.274150,1.923258,2.296552,-2.000000,0.296552
1128,6.107565,26.599065,1.926135,5.157428,5.000000,-0.157428
1129,6.103965,2.057405,1.925698,1.434366,-2.000000,-0.565634
1130,6.098544,0.000232,1.924001,0.015224,-1.000000,-0.984776
1131,6.110961,20.092066,1.926271,4.482417,4.000000,-0.482417
1132,6.105801,0.291217,1.925042,0.539646,-2.000000,-1.460354
1133,6.102213,2.055118,1.924607,1.433568,-2.000000,-0.566432
1134,6.101606,5.416387,1.924963,2.327313,2.000000,-0.327313
1135,6.114430,20.605240,1.927275,4.539300,4.000000,-0.539300
1136,6.109869,0.951538,1.926434,0.975468,-2.000000,-1.024532
1137,6.104496,0.022173,1.924865,0.148906,-1.000000,-0.851094
1138,6.099697,0.662352,1.923885,0.813850,-1.000000,-0.186150
1139,6.119306,28.355306,1.926882,5.324970,5.000000,-0.324970
1140,6.121816,8.971117,1.927822,2.995182,-4.000000,-1.004818
1141,6.126384,11.315185,1.929085,3.363805,-4.000000,-0.636195
1142,6.128388,8.407186,1.929938,2.899515,-2.000000,0.899515
1143,6.124320,1.494990,1.929317,1.222698,0.000000,1.222698
1144,6.123857,5.596357,1.929700,2.365662,-2.000000,0.365662
1145,6.122127,4.149774,1.929794,2.037099,3.000000,0.962901
1146,6.116787,0.023732,1.928239,0.154052,0.000000,-0.154052
1147,6.111486,0.057980,1.926763,0.240790,0.000000,0.240790
1148,6.109887,4.282950,1.926887,2.069529,2.000000,-0.069529
1149,6.160120,63.626791,1.932171,7.976640,7.000000,-0.976640
1150,6.163445,9.969895,1.933240,3.157514,1.000000,-2.157514
1151,6.171105,14.949347,1.934926,3.866439,1.000000,-2.866439
1152,6.170290,5.235531,1.935233,2.288128,0.000000,-2.288128
1153,6.166059,1.309307,1.934545,1.144250,-1.000000,-2.144250
1154,6.163139,2.807739,1.934320,1.675631,0.000000,-1.675631
1155,6.157784,0.000176,1.932651,0.013270,-1.000000,-1.013270
1156,6.153519,1.243662,1.931941,1.115196,-1.000000,0.115196
1157,6.148380,0.228599,1.930680,0.478121,0.000000,0.478121
1158,6.173264,34.864864,1.934124,5.904648,-5.000000,0.904648
1159,6.204922,42.738033,1.938110,6.537433,-4.000000,2.537433
1160,6.202003,2.830307,1.937888,1.682352,0.000000,1.682352
1161,6.197053,0.474715,1.936809,0.688995,2.000000,1.311005
1162,6.211754,23.221270,1.939298,4.818845,5.000000,0.181155
1163,6.206795,0.464296,1.938212,0.681393,0.000000,-0.681393
1164,6.202595,1.334187,1.937537,1.155070,0.000000,-1.155070
1165,6.197269,0.019836,1.935990,0.140840,-1.000000,-1.140840
1166,6.192775,0.974782,1.935173,0.987311,-2.000000,-1.012689
1167,6.238345,59.191075,1.940125,7.693574,7.000000,-0.693574
1168,6.233241,0.297248,1.938926,0.545204,-1.000000,-0.454796
1169,6.229030,1.327210,1.938251,1.152046,-2.000000,-0.847954
1170,6.224044,0.415558,1.937141,0.644638,1.000000,0.355362
1171,6.219740,1.201137,1.936421,1.095964,1.000000,-0.095964
1172,6.218546,4.824744,1.936643,2.196530,2.000000,-0.196530
1173,6.213326,0.116663,1.935279,0.341560,0.000000,-0.341560
1174,6.208866,0.995207,1.934477,0.997600,-1.000000,-0.002400
1175,6.203574,0.012424,1.932921,0.111465,0.000000,0.111465
1176,6.198322,0.047532,1.931457,0.218018,0.000000,0.218018
1177,6.193039,0.001736,1.929846,0.041666,0.000000,-0.041666
1178,6.189234,1.725517,1.929321,1.313589,-1.000000,0.313589
1179,6.188177,4.947218,1.929572,2.224234,-1.000000,1.224234
1180,6.182917,0.003034,1.927978,0.055078,1.000000,0.944922
1181,6.192741,17.745789,1.929919,4.212575,-3.000000,1.212575
1182,6.205411,21.118026,1.932182,4.595435,-3.000000,1.595435
1183,6.231600,37.081716,1.935708,6.089476,-4.000000,2.089476
1184,6.249793,27.698964,1.938528,5.262981,7.000000,1.737019
1185,6.250570,7.167614,1.939153,2.677240,3.000000,0.322760
1186,6.245804,0.617234,1.938178,0.785642,0.000000,-0.785642
1187,6.241801,1.510382,1.937578,1.228976,1.000000,-0.228976
1188,6.236566,0.043277,1.936117,0.208032,-1.000000,-0.791968
1189,6.234348,3.609187,1.936087,1.899786,1.000000,-0.899786
1190,6.229131,0.046333,1.934636,0.215251,-1.000000,-0.784749
1191,6.224400,0.612977,1.933665,0.782928,-1.000000,-0.217072
1192,6.219864,0.836654,1.932808,0.914688,0.000000,0.914688
1193,6.221525,8.194680,1.933590,2.862635,-2.000000,0.862635
1194,6.220346,4.817666,1.933809,2.194918,3.000000,0.805082
1195,6.222890,9.250624,1.934739,3.041484,-2.000000,1.041484
1196,6.229999,14.697000,1.936332,3.833667,-3.000000,0.833667
1197,6.232372,9.060543,1.937232,3.010074,4.000000,0.989926
1198,6.237197,11.993408,1.938510,3.463150,-3.000000,0.463150
1199,6.232299,0.384217,1.937407,0.619853,1.000000,0.380147
1200,6.234528,8.897898,1.938281,2.982934,3.000000,0.017066
1201,6.229351,0.038036,1.936825,0.195027,0.000000,-0.195027
1202,6.224153,0.002252,1.935248,0.047460,0.000000,-0.047460
1203,6.219496,0.640102,1.934301,0.800064,-1.000000,-0.199936
1204,6.222561,9.898163,1.935311,3.146135,-3.000000,0.146135
1205,6.225383,9.611052,1.936281,3.100170,-3.000000,0.100170
1206,6.220216,0.015314,1.934773,0.123749,1.000000,0.876251
1207,6.219259,5.068936,1.935036,2.251430,4.000000,1.748570
1208,6.219793,6.862019,1.935605,2.619546,-3.000000,-0.380454
1209,6.214718,0.104482,1.934266,0.323236,1.000000,0.676764
1210,6.209671,0.128313,1.932960,0.358208,1.000000,1.358208
1211,6.209304,5.766507,1.933348,2.401355,2.000000,-0.401355
1212,6.205624,1.763296,1.932846,1.327892,1.000000,-0.327892
1213,6.202671,2.636112,1.932591,1.623611,1.000000,-0.623611
1214,6.197569,0.028916,1.931134,0.170047,0.000000,-0.170047
1215,6.194675,2.692359,1.930894,1.640841,1.000000,-0.640841
1216,6.194855,6.412997,1.931391,2.532390,-3.000000,-0.467610
1217,6.193853,4.979800,1.931638,2.231547,-2.000000,0.231547
1218,6.193876,6.222337,1.932102,2.494461,-2.000000,0.494461
1219,6.191801,3.671840,1.932089,1.916205,2.000000,0.083795
1220,6.189132,2.946238,1.931911,1.716461,2.000000,0.283539
1221,6.185480,1.745434,1.931409,1.321149,1.000000,-0.321149
1222,6.182951,3.104544,1.931270,1.761972,-2.000000,-0.238028
1223,6.177882,0.004235,1.929739,0.065077,0.000000,-0.065077
1224,6.173500,0.832229,1.928905,0.912266,-1.000000,-0.087734
1225,6.169238,0.969103,1.928132,0.984430,-1.000000,-0.015570
1226,6.164190,0.000354,1.926569,0.018825,0.000000,-0.018825
1227,6.164465,6.501160,1.927079,2.549737,-2.000000,0.549737
1228,6.159527,0.120540,1.925788,0.347189,2.000000,1.652811
1229,6.156411,2.341678,1.925465,1.530254,3.000000,1.469746
1230,6.151607,0.266674,1.924316,0.516405,-1.000000,-0.483595
1231,6.146594,0.001094,1.922775,0.033076,0.000000,0.033076
1232,6.142062,0.580631,1.921829,0.761992,-1.000000,-0.238008
1233,6.138327,1.552078,1.921279,1.245824,1.000000,-0.245824
1234,6.136287,3.629684,1.921266,1.905173,-2.000000,-0.094827
1235,6.134447,3.871298,1.921304,1.967561,2.000000,0.032439
1236,6.129645,0.217474,1.920123,0.466341,0.000000,0.466341
1237,6.128800,5.088005,1.920395,2.255661,-2.000000,0.255661
1238,6.125069,1.525449,1.919840,1.235091,2.000000,0.764909
1239,6.125300,6.409714,1.920335,2.531741,3.000000,0.468259
1240,6.122029,2.082240,1.919949,1.442997,1.000000,-0.442997
1241,6.127404,12.770514,1.921286,3.573586,3.000000,-0.573586
1242,6.125882,4.243748,1.921398,2.060036,-3.000000,-0.939964
1243,6.122589,2.046392,1.921002,1.430522,-2.000000,-0.569478
1244,6.119395,2.161402,1.920638,1.470171,2.000000,0.529829
1245,6.116964,3.102549,1.920510,1.761406,-2.000000,-0.238594
1246,6.112039,0.000664,1.918984,0.025771,0.000000,0.025771
1247,6.111918,5.960745,1.919405,2.441464,3.000000,0.558536
1248,6.107013,0.010370,1.917943,0.101833,0.000000,-0.101833
1249,6.102159,0.063728,1.916606,0.252444,0.000000,-0.252444
1250,6.098089,1.030930,1.915882,1.015347,1.000000,-0.015347
1251,6.095410,2.757400,1.915678,1.660542,-2.000000,-0.339458
1252,6.097981,9.304238,1.916587,3.050285,-3.000000,0.050285
1253,6.095591,3.112302,1.916465,1.764172,2.000000,0.235828
1254,6.097040,7.907533,1.917181,2.812034,-2.000000,0.812034
1255,6.093262,1.370856,1.916585,1.170835,2.000000,0.829165
1256,6.088649,0.317284,1.915504,0.563279,0.000000,0.563279
1257,6.084253,0.581066,1.914583,0.762277,1.000000,0.237723
1258,6.086388,8.761264,1.915417,2.959943,-3.000000,-0.040057
1259,6.086198,5.847662,1.915818,2.418194,3.000000,0.581806
1260,6.088953,9.546827,1.916752,3.089794,-3.000000,0.089794
1261,6.084185,0.095942,1.915474,0.309745,1.000000,0.690255
1262,6.079731,0.480858,1.914502,0.693439,1.000000,0.306561
1263,6.100267,31.934386,1.917470,5.651052,6.000000,0.348948
1264,6.100224,6.045850,1.917900,2.458831,2.000000,-0.458831
1265,6.095498,0.140644,1.916676,0.375025,-1.000000,-1.375025
1266,6.093381,3.423409,1.916624,1.850246,1.000000,-0.850246
1267,6.096562,10.112034,1.917624,3.179942,2.000000,-1.179942
1268,6.110691,23.954672,1.919979,4.894351,-6.000000,-1.105649
1269,6.108747,3.652365,1.919972,1.911116,-2.000000,-0.088884
1270,6.104116,0.245188,1.918847,0.495164,1.000000,0.504836
1271,6.106048,8.551860,1.919640,2.924356,-2.000000,0.924356
1272,6.112890,14.781587,1.921158,3.844683,5.000000,1.155317
1273,6.128323,25.697956,1.923639,5.069315,6.000000,0.930685
1274,6.125094,2.027228,1.923246,1.423808,-2.000000,-0.576192
1275,6.120452,0.225193,1.922106,0.474545,-1.000000,-0.525455
1276,6.116950,1.666549,1.921610,1.290949,-2.000000,-0.709051
1277,6.115233,3.930194,1.921657,1.982472,-3.000000,-1.017528
1278,6.110479,0.059840,1.920341,0.244622,0.000000,-0.244622
1279,6.106197,0.650009,1.919467,0.806231,0.000000,-0.806231
1280,6.101892,0.612670,1.918576,0.782732,1.000000,0.217268
1281,6.100619,4.476330,1.918731,2.115734,-1.000000,1.115734
1282,6.096215,0.473004,1.917768,0.687753,0.000000,0.687753
1283,6.091633,0.236194,1.916648,0.485998,1.000000,0.514002
1284,6.086994,0.153735,1.915457,0.392091,0.000000,0.392091
1285,6.082447,0.262028,1.914361,0.511886,0.000000,0.511886
1286,6.077847,0.185044,1.913204,0.430167,1.000000,0.569833
1287,6.073217,0.137790,1.912002,0.371201,0.000000,0.371201
1288,6.076120,9.800977,1.912951,3.130651,-3.000000,0.130651
1289,6.071553,0.206414,1.911816,0.454328,1.000000,0.545672
1290,6.078670,15.224858,1.913363,3.901904,-3.000000,0.901904
1291,6.073953,0.007127,1.911942,0.084423,1.000000,1.084423
1292,6.069291,0.069893,1.910663,0.264373,1.000000,0.735627
1293,6.066282,2.191105,1.910329,1.480238,2.000000,0.519762
1294,6.070754,11.834806,1.911515,3.440175,-3.000000,0.440175
1295,6.067002,1.226246,1.910892,1.107360,2.000000,0.892640
1296,6.064863,3.304029,1.910820,1.817699,2.000000,0.182301
1297,6.062072,2.455482,1.910554,1.566998,-2.000000,-0.433002
1298,6.065400,10.368464,1.911566,3.220010,-3.000000,0.220010
1299,6.069157,10.931496,1.912643,3.306281,4.000000,0.693719
1300,6.064475,0.000893,1.911190,0.029878,0.000000,-0.029878
1301,6.060466,0.864320,1.910433,0.929688,-1.000000,-0.070312
1302,6.061028,6.790002,1.910969,2.605763,-2.000000,0.605763
1303,6.062287,7.696409,1.911634,2.774240,-2.000000,0.774240
1304,6.058217,0.772183,1.910839,0.878739,2.000000,1.121261
1305,6.053653,0.120789,1.909638,0.347548,1.000000,0.652452
1306,6.049562,0.726729,1.908826,0.852484,-1.000000,-0.147516
1307,6.046128,1.575494,1.908324,1.255187,-1.000000,0.255187
1308,6.041662,0.221649,1.907222,0.470796,1.000000,0.529204
1309,6.039817,3.633943,1.907221,1.906290,2.000000,0.093710
1310,6.035282,0.117060,1.906023,0.342140,0.000000,-0.342140
1311,6.032702,2.663389,1.905813,1.631989,1.000000,-0.631989
1312,6.029897,2.363398,1.905531,1.537335,-2.000000,-0.462665
1313,6.026584,1.693739,1.905070,1.301437,1.000000,-0.301437
1314,6.021988,0.006304,1.903676,0.079400,0.000000,-0.079400
1315,6.017539,0.188850,1.902555,0.434569,0.000000,-0.434569
1316,6.016567,4.742734,1.902765,2.177782,-2.000000,0.177782
1317,6.012805,1.076739,1.902106,1.037660,2.000000,0.962340
1318,6.013535,6.971903,1.902668,2.640436,-2.000000,0.640436
1319,6.010021,1.392556,1.902119,1.180066,0.000000,1.180066
1320,6.005458,0.005385,1.900729,0.073385,1.000000,0.926615
1321,6.001064,0.218817,1.899641,0.467779,1.000000,0.532221
1322,5.999715,4.223128,1.899759,2.055025,-2.000000,0.055025
1323,5.995190,0.031265,1.898453,0.176820,1.000000,0.823180
1324,5.992015,1.803270,1.898032,1.342859,-1.000000,0.342859
1325,5.987713,0.308756,1.897016,0.555659,0.000000,0.555659
1326,5.988840,7.478416,1.897649,2.734669,3.000000,0.265331
1327,5.984328,0.018620,1.896318,0.136455,0.000000,-0.136455
1328,5.981710,2.518109,1.896084,1.586855,-2.000000,-0.413145
1329,5.979511,3.068390,1.895975,1.751682,2.000000,0.248318
1330,5.981803,9.019402,1.896810,3.003232,-3.000000,0.003232
1331,5.978039,0.986728,1.896130,0.993342,1.000000,0.006658
1332,5.974746,1.605201,1.895656,1.266965,2.000000,0.733035
1333,5.972512,3.005890,1.895534,1.733750,-2.000000,-0.266250
1334,5.970657,3.504542,1.895516,1.872042,-1.000000,0.872042
1335,5.966742,0.759653,1.894747,0.871581,2.000000,1.128419
1336,5.965448,4.243605,1.894871,2.060001,-2.000000,0.060001
1337,5.967011,8.049195,1.895578,2.837110,-2.000000,0.837110
1338,5.980072,23.389607,1.897782,4.836280,-4.000000,0.836280
1339,5.975746,0.205858,1.896701,0.453716,1.000000,1.453716
1340,5.976052,6.384422,1.897172,2.526741,4.000000,1.473259
1341,5.972509,1.239237,1.896586,1.113210,1.000000,-0.113210
1342,5.973597,7.427784,1.897205,2.725396,2.000000,-0.725396
1343,5.973017,5.196284,1.897491,2.279536,-3.000000,-0.720464
1344,5.968568,0.012006,1.896157,0.109574,-1.000000,-0.890426
1345,5.964662,0.730893,1.895380,0.854923,1.000000,0.145077
1346,5.963471,4.365566,1.895525,2.089394,-3.000000,-0.910606
1347,5.959069,0.051605,1.894282,0.227168,0.000000,0.227168
1348,5.957550,3.918223,1.894346,1.979450,3.000000,1.020550
1349,5.953130,0.012073,1.893019,0.109877,0.000000,-0.109877
1350,5.949253,0.734611,1.892249,0.857095,1.000000,0.142905
1351,5.952621,10.486832,1.893249,3.238338,3.000000,-0.238338
1352,5.948235,0.039966,1.891993,0.199915,-1.000000,-1.199915
1353,5.946957,4.223925,1.892114,2.055219,-3.000000,-0.944781
1354,5.956570,18.924050,1.893934,4.350178,4.000000,-0.350178
1355,5.952688,0.711878,1.893157,0.843728,-1.000000,-0.156272
1356,5.948604,0.432374,1.892243,0.657552,0.000000,-0.657552
1357,5.944446,0.322237,1.891264,0.567660,1.000000,0.432340
1358,5.940660,0.817995,1.890535,0.904431,-1.000000,-0.095569
1359,5.936857,0.787694,1.889795,0.887521,1.000000,0.112479
1360,5.932549,0.095569,1.888629,0.309143,1.000000,0.690857
1361,5.928240,0.085003,1.887452,0.291554,0.000000,-0.291554
1362,5.926694,3.829256,1.887504,1.956848,-2.000000,-0.043152
1363,5.924620,3.107978,1.887412,1.762946,2.000000,0.237054
1364,5.928119,10.683384,1.888427,3.268545,-3.000000,0.268545
1365,5.929421,7.699725,1.889079,2.774838,-2.000000,0.774838
1366,5.936142,15.082989,1.890543,3.883682,-2.000000,1.883682
1367,5.931945,0.215321,1.889497,0.464027,2.000000,1.535973
1368,5.934704,9.696447,1.890394,3.113912,-2.000000,1.113912
1369,5.931346,1.350823,1.889861,1.162249,3.000000,1.837751
1370,5.927881,1.197233,1.889278,1.094181,-1.000000,0.094181
1371,5.933760,13.964385,1.890630,3.736895,-3.000000,0.736895
1372,5.929919,0.679436,1.889850,0.824279,2.000000,1.175721
1373,5.925688,0.138700,1.888742,0.372424,0.000000,0.372424
1374,5.941930,28.176166,1.891238,5.308123,5.000000,-0.308123
1375,5.938535,1.288038,1.890686,1.134917,1.000000,-0.134917
1376,5.935380,1.609184,1.890233,1.268536,0.000000,-1.268536
1377,5.931099,0.058709,1.889032,0.242300,-1.000000,-0.757700
1378,5.927335,0.758351,1.888291,0.870834,0.000000,-0.870834
1379,5.923437,0.568256,1.887466,0.753828,0.000000,-0.753828
1380,5.919614,0.662619,1.886686,0.814014,-1.000000,-0.185986
1381,5.915413,0.135599,1.885584,0.368237,0.000000,0.368237
1382,5.911483,0.499612,1.884728,0.706832,0.000000,0.706832
1383,5.907290,0.129475,1.883622,0.359826,1.000000,0.640174
1384,5.903228,0.300980,1.882655,0.548617,0.000000,0.548617
1385,5.902177,4.451356,1.882819,2.109824,-2.000000,0.109824
1386,5.903506,7.739240,1.883470,2.781949,-2.000000,0.781949
1387,5.899290,0.073678,1.882304,0.271437,1.000000,0.728563
1388,5.904589,13.233021,1.883573,3.637722,-3.000000,0.637722
1389,5.916585,22.518075,1.885639,4.745321,-3.000000,1.745321
1390,5.926901,20.214600,1.887522,4.496065,-2.000000,2.496065
1391,5.926044,4.738111,1.887731,2.176720,0.000000,2.176720
1392,5.947049,35.081602,1.890638,5.922972,8.000000,2.077028
1393,5.943197,0.596477,1.889833,0.772319,0.000000,0.772319
1394,5.940647,2.398624,1.889588,1.548749,-2.000000,-0.451251
1395,5.951738,21.368044,1.891552,4.622558,4.000000,-0.622558
1396,5.948454,1.380483,1.891038,1.174940,0.000000,-1.174940
1397,5.945870,2.349770,1.890781,1.532896,0.000000,-1.532896
1398,5.941896,0.406101,1.889881,0.637261,-1.000000,-0.362739
1399,5.939464,2.549125,1.889671,1.596598,-2.000000,-0.403402
1400,5.955135,27.816265,1.892095,5.274113,-5.000000,0.274113
1401,5.951113,0.335615,1.891156,0.579323,2.000000,1.420677
1402,5.954801,11.107246,1.892187,3.332753,-2.000000,1.332753
1403,5.955199,6.511451,1.892658,2.551755,-1.000000,1.551755
1404,5.950952,0.009825,1.891377,0.099123,2.000000,2.099123
1405,5.949754,4.271660,1.891502,2.066799,-1.000000,1.066799
1406,5.948238,3.824767,1.891548,1.955701,-1.000000,0.955701
1407,5.945432,2.012215,1.891211,1.418526,0.000000,1.418526
1408,5.949322,11.406857,1.892270,3.377404,-3.000000,0.377404
1409,5.945244,0.219137,1.891256,0.468120,2.000000,1.531880
1410,5.941528,0.720764,1.890515,0.848978,0.000000,0.848978
1411,5.943361,8.520847,1.891246,2.919049,-3.000000,-0.080951
1412,5.944762,7.915722,1.891901,2.813489,-1.000000,1.813489
1413,5.943128,3.641993,1.891912,1.908401,3.000000,1.091599
1414,5.938924,0.015826,1.890660,0.125803,0.000000,0.125803
1415,5.937986,4.615808,1.890843,2.148443,-2.000000,0.148443
1416,5.935439,2.341756,1.890587,1.530280,2.000000,0.469720
1417,5.937575,8.952985,1.891367,2.992154,-3.000000,-0.007846
1418,5.935530,3.045278,1.891263,1.745073,-1.000000,0.745073
1419,5.932032,0.985941,1.890629,0.992946,2.000000,1.007054
1420,5.930350,3.551648,1.890624,1.884582,-2.000000,-0.115418
1421,5.927692,2.163416,1.890328,1.470856,0.000000,1.470856
1422,5.925233,2.439988,1.890097,1.562046,0.000000,1.562046
1423,5.925481,6.278018,1.890530,2.505597,3.000000,0.494403
1424,5.921309,0.001492,1.889226,0.038623,0.000000,-0.038623
1425,5.917407,0.376303,1.888328,0.613435,0.000000,-0.613435
1426,5.921983,12.423862,1.889479,3.524750,3.000000,-0.524750
1427,5.918315,0.703122,1.888741,0.838524,0.000000,-0.838524
1428,5.920176,8.568431,1.889470,2.927188,-4.000000,-1.072812
1429,5.916034,0.017255,1.888236,0.131359,0.000000,-0.131359
1430,5.912890,1.433409,1.887751,1.197250,1.000000,-0.197250
1431,5.913030,6.112441,1.888161,2.472335,2.000000,-0.472335
1432,5.921129,17.477673,1.889766,4.180631,4.000000,-0.180631
1433,5.928161,15.970433,1.891241,3.996302,3.000000,-0.996302
1434,5.930124,8.735525,1.891985,2.955592,1.000000,-1.955592
1435,5.966173,57.516136,1.895963,7.583939,-9.000000,-1.416061
1436,5.970255,11.811792,1.897039,3.436829,3.000000,-0.436829
1437,5.966652,0.806453,1.896341,0.898027,-2.000000,-1.101973
1438,5.965350,4.100370,1.896431,2.024937,2.000000,-0.024937
1439,5.963133,2.784054,1.896272,1.668548,0.000000,1.668548
1440,5.969150,14.602739,1.897613,3.821353,-3.000000,0.821353
1441,5.973644,12.426683,1.898745,3.525150,-3.000000,0.525150
1442,5.969528,0.055722,1.897589,0.236055,1.000000,0.763945
1443,5.987859,32.347333,1.900223,5.687472,6.000000,0.312528
1444,5.986373,3.848589,1.900266,1.961782,2.000000,0.038218
1445,5.982717,0.716975,1.899535,0.846744,-2.000000,-1.153256
1446,5.978682,0.165351,1.898499,0.406634,-1.000000,-0.593366
1447,5.991513,24.493237,1.900613,4.949064,4.000000,-0.949064
1448,6.005275,25.864509,1.902819,5.085716,-6.000000,-0.914284