# TEST CONFIGURATION BEGIN
# File Stream: filename: mean_daily_flow_saugeen_river_ne.csv  -  n_targets: 1
# [mean_daily_flow_saugeen_river_ne_ADE_HETERO_SIZE_8] Pipeline: Array BaseStreamModel: base_models: [<skmultiflow.lazy.knn_forecast.KNNForecast object at 0x7f226a868f98>, <skmultiflow.lazy.knn_forecast.KNNForecast object at 0x7f226a868080>, <skmultiflow.lazy.knn_forecast.KNNForecast object at 0x7f226a8680b8>, <skmultiflow.lazy.knn_forecast.KNNForecast object at 0x7f226a8684a8>, <skmultiflow.trees.regression_hoeffding_tree.RegressionHoeffdingTree object at 0x7f226a868b38>, <skmultiflow.trees.regression_hoeffding_tree.RegressionHoeffdingTree object at 0x7f226a8681d0>, <skmultiflow.trees.regression_hoeffding_adaptive_tree.RegressionHAT object at 0x7f226a868470>, <skmultiflow.trees.regression_hoeffding_adaptive_tree.RegressionHAT object at 0x7f226a8686a0>]
 Array BaseStreamModel: base_models: [<skmultiflow.lazy.knn_forecast.KNNForecast object at 0x7f226a868f98>, <skmultiflow.lazy.knn_forecast.KNNForecast object at 0x7f226a868080>, <skmultiflow.lazy.knn_forecast.KNNForecast object at 0x7f226a8680b8>, <skmultiflow.lazy.knn_forecast.KNNForecast object at 0x7f226a8684a8>, <skmultiflow.trees.regression_hoeffding_tree.RegressionHoeffdingTree object at 0x7f226a868b38>, <skmultiflow.trees.regression_hoeffding_tree.RegressionHoeffdingTree object at 0x7f226a8681d0>, <skmultiflow.trees.regression_hoeffding_adaptive_tree.RegressionHAT object at 0x7f226a868470>, <skmultiflow.trees.regression_hoeffding_adaptive_tree.RegressionHAT object at 0x7f226a8686a0>]
# Prequential Evaluator: n_wait: 1 - max_samples: 600000 - max_time: 10000000 - output_file: mean_daily_flow_saugeen_river_ne_ADE_HETERO_SIZE_8_SIZE_8 - batch_size: 1 - pretrain_size: 5 - task_type: regression - show_plot: False - metrics: ['mean_square_error', 'mean_absolute_error', 'true_vs_predicted']
# TEST CONFIGURATION END
id,global_mse_[mean_daily_flow_saugeen_river_ne_ADE_HETERO_SIZE_8],sliding_mse_[mean_daily_flow_saugeen_river_ne_ADE_HETERO_SIZE_8],global_mae_[mean_daily_flow_saugeen_river_ne_ADE_HETERO_SIZE_8],sliding_mae_[mean_daily_flow_saugeen_river_ne_ADE_HETERO_SIZE_8],true_value_[mean_daily_flow_saugeen_river_ne_ADE_HETERO_SIZE_8],predicted_value_[mean_daily_flow_saugeen_river_ne_ADE_HETERO_SIZE_8]
5,0.843691,0.843691,0.918527,0.918527,29.300000,30.218527
6,0.494636,0.145580,0.650038,0.381549,29.100000,29.481549
7,0.426636,0.290636,0.613061,0.539107,28.800000,29.339107
8,0.333934,0.055828,0.518866,0.236280,28.700000,28.936280
9,1.361265,5.470588,0.882878,2.338929,31.000000,28.661071
10,36.545198,212.464866,3.165094,14.576175,44.600000,30.023825
11,241.061476,1468.159140,8.186733,38.316565,71.800000,33.483435
12,339.205617,1026.214605,11.167714,32.034585,80.400000,48.365415
13,1021.018539,6475.521917,18.868038,80.470628,105.000000,24.529372
14,1591.293063,6723.763775,25.181090,81.998560,89.600000,7.601440
15,1491.712401,495.905783,24.916350,22.268942,84.400000,62.131058
16,1517.490270,1801.046829,26.376549,42.438742,76.800000,34.361258
17,1508.926776,1406.164848,27.232112,37.498865,67.900000,30.401135
18,1428.185643,378.550920,26.676703,19.456385,63.700000,83.156385
19,1346.718897,206.184445,25.855531,14.359124,54.500000,40.140876
20,1267.499905,79.215036,24.795828,8.900283,51.000000,42.099717
21,1222.417167,501.093351,24.654021,22.385114,49.400000,27.014886
22,1207.003653,944.973924,24.992155,30.740428,66.000000,35.259572
23,1920.977165,14772.500368,30.073735,121.542175,159.000000,37.457825
24,3018.623161,23873.897082,36.295638,154.511802,242.000000,87.488198
25,3169.330101,6183.468906,38.311800,78.635036,249.000000,170.364964
26,3026.539022,27.926376,36.810561,5.284541,184.000000,189.284541
27,2898.798914,88.516535,35.619159,9.408323,143.000000,152.408323
28,2830.226714,1253.066109,35.609972,35.398674,118.000000,153.398674
29,2766.419991,1235.058645,35.591310,35.143401,75.400000,110.543401
30,2661.310709,33.578662,34.445286,5.794710,63.500000,57.705290
31,2575.008521,331.151619,33.843519,18.197572,61.000000,42.802428
32,2758.942680,7725.164972,35.773855,87.892918,57.800000,145.692918
33,2750.695284,2519.768208,36.271215,50.197293,54.200000,104.397293
34,2719.370262,1810.944614,36.480681,42.555195,51.500000,94.055195
35,2750.577730,3686.801774,37.262563,60.719040,49.800000,110.519040
36,2736.951545,2314.539805,37.601535,48.109664,48.200000,96.309664
37,2720.115212,2181.352565,37.877396,46.704952,47.000000,0.295048
38,2651.200387,377.011151,37.334437,19.416775,50.200000,30.783225
39,2583.257006,273.182046,36.739974,16.528220,69.700000,53.171780
40,2514.934274,123.638652,36.028288,11.119292,78.000000,89.119292
41,2447.072522,4.049454,35.108938,2.012325,82.000000,84.012325
42,2383.138493,17.579421,34.295355,4.192782,87.900000,83.707218
43,2322.075306,1.674228,33.449164,1.293920,79.900000,78.606080
44,2264.261560,9.525448,32.690093,3.086332,68.200000,71.286332
45,2237.148590,1152.629775,32.720832,33.950402,58.000000,91.950402
46,2196.234923,518.774593,32.484066,22.776624,56.000000,78.776624
47,2146.995400,78.935433,31.935240,8.884561,54.000000,62.884561
48,2100.874009,117.654213,31.455958,10.846853,52.500000,63.346853
49,2056.837582,119.234779,30.999592,10.919468,52.000000,62.919468
50,2030.617445,850.711277,30.959752,29.166955,51.500000,80.666955
51,2007.547969,946.352062,30.955562,30.762836,49.900000,80.662836
52,1965.894024,8.158608,30.370162,2.856328,49.000000,51.856328
53,1925.973901,9.808011,29.814276,3.131774,48.000000,51.131774
54,1887.900478,22.302750,29.312442,4.722579,47.200000,42.477421
55,1852.428799,78.844847,28.911795,8.879462,46.000000,37.120538
56,1820.098090,171.231950,28.607445,13.085563,45.300000,32.214437
57,1793.637590,417.691581,28.453295,20.437504,44.000000,23.562496
58,1806.120797,2467.730753,28.846313,49.676259,43.300000,-6.376259
59,1781.278785,439.810122,28.703137,20.971650,43.200000,22.228350
60,1751.903492,136.262386,28.399030,11.673148,45.000000,33.326852
61,1722.270240,62.808133,28.039840,7.925158,65.500000,57.574842
62,1695.466793,167.670312,27.779648,12.948757,87.800000,74.851243
63,1667.915185,69.921942,27.450535,8.361934,97.200000,88.838066
64,1645.088751,298.329156,27.280896,17.272208,103.000000,85.727792
65,1633.659863,947.926581,27.338396,30.788416,111.000000,80.211584
66,1614.466179,443.651408,27.237181,21.063034,104.000000,82.936966
67,1592.006440,199.502628,27.029044,14.124540,91.200000,77.075460
68,1569.017242,120.697806,26.778375,10.986255,82.800000,93.786255
69,1550.329500,354.313991,26.655988,18.823230,72.800000,91.623230
70,1527.185334,22.814563,26.324480,4.776459,69.900000,74.676459
71,1504.568351,11.847464,25.982951,3.442015,63.600000,67.042015
72,1483.001237,38.004615,25.691507,6.164788,57.000000,50.835212
73,1461.517366,0.614122,25.330524,0.783659,53.100000,52.316341
74,1440.675318,2.574004,24.991579,1.604370,49.000000,47.395630
75,1420.804808,29.869110,24.716560,5.465264,51.200000,56.665264
76,1498.209648,6993.953313,25.534801,83.629859,132.000000,48.370141
77,1690.652438,15546.533285,26.893033,124.685738,228.000000,103.314262
78,2098.130189,31844.006006,28.941085,178.448889,363.000000,184.551111
79,2378.460246,23122.884506,30.582698,152.062107,368.000000,215.937893
80,2356.826271,734.278107,30.536841,27.097566,303.000000,275.902434
81,2326.259121,3.155699,30.163330,1.776429,260.000000,261.776429
82,2315.681118,1501.174922,30.273351,38.744999,260.000000,221.255001
83,2286.594430,17.832744,29.943598,4.222883,240.000000,235.777117
84,2258.059532,3.802568,29.593678,1.950017,209.000000,207.049983
85,2245.118543,1209.839454,29.657741,34.782747,182.000000,147.217253
86,2218.333187,48.719317,29.381182,6.979922,164.000000,170.979922
87,2199.336338,641.594794,29.332369,25.329722,169.000000,143.670278
88,2199.983984,2253.738546,29.548336,47.473556,184.000000,136.526444
89,2175.882439,151.352672,29.345444,12.302547,171.000000,158.697453
90,2170.354423,1700.473040,29.483716,41.236792,143.000000,184.236792
91,2220.704053,6550.772284,30.075131,80.936841,122.000000,202.936841
92,2215.129747,1730.165092,30.206041,41.595253,104.000000,145.595253
93,2193.517784,291.665023,30.058538,17.078203,88.800000,105.878203
94,2170.444492,116.921526,29.844699,10.813026,77.400000,88.213026
95,2153.964639,670.777923,29.801344,25.899381,68.100000,42.200619
96,2131.388255,76.937228,29.572757,8.771387,61.400000,52.628613
97,2109.580790,103.294089,29.364054,10.163370,58.600000,48.436630
98,2087.144521,0.571468,29.059712,0.755955,59.500000,58.744045
99,2066.497536,125.680897,28.871829,11.210749,59.100000,70.310749
100,2052.833506,754.750720,28.857255,27.472727,56.600000,84.072727
101,2053.649756,2132.009706,29.035775,46.173691,57.600000,103.773691
102,2074.120391,4059.772017,29.389658,63.716340,57.900000,121.616340
103,2120.853734,6700.721367,29.919641,81.857934,56.500000,138.357934
104,2146.229860,4658.466295,30.302974,68.252958,54.200000,122.452958
105,2149.418738,2468.306548,30.494846,49.682055,51.900000,101.582055
106,2138.023795,987.134551,30.503903,31.418697,49.000000,80.418697
107,2117.771699,52.057913,30.277798,7.215117,51.000000,58.215117
108,2097.410103,0.165739,29.990580,0.407111,57.100000,57.507111
109,2080.407104,312.095157,29.873205,17.666215,58.900000,76.566215
110,2069.622809,937.271820,29.880202,30.614895,55.700000,86.314895
111,2060.327740,1075.050429,29.907378,32.787962,52.600000,85.387962
112,2055.882909,1580.285999,29.998539,39.752811,51.200000,90.952811
113,2056.214400,2092.015514,30.142943,45.738556,51.100000,96.838556
114,2057.494294,2197.002667,30.295027,46.872195,53.000000,99.872195
115,2044.386053,602.479513,30.243229,24.545458,50.900000,75.445458
116,2044.549482,2062.690117,30.378708,45.416848,46.200000,91.616848
117,2052.196273,2908.636931,30.587142,53.931780,41.800000,95.731780
118,2035.786764,181.512247,30.437015,13.472648,38.700000,52.172648
119,2019.486959,161.309102,30.282787,12.700752,36.200000,48.900752
120,2003.687993,186.806906,30.139554,13.667732,34.300000,47.967732
121,1994.964293,983.015109,30.149925,31.353072,32.100000,0.746928
122,1981.463385,401.857167,30.064302,20.046375,31.800000,11.753625
123,1968.110401,392.458263,29.978136,19.810559,35.600000,15.789441
124,1952.757976,125.819399,29.821793,11.216925,41.500000,30.283075
125,1942.517565,713.668254,29.796113,26.714570,41.300000,68.014570
126,1927.664724,130.470998,29.645509,11.422390,38.600000,50.022390
127,1912.967010,119.845884,29.493492,10.947414,36.900000,47.847414
128,1899.449345,236.776555,29.379734,15.387545,35.200000,50.587545
129,1889.032850,597.387537,29.340229,24.441513,37.800000,62.241513
130,1881.064671,885.042295,29.343478,29.749660,48.400000,78.149660
131,1867.656467,178.222653,29.217545,13.350006,51.400000,64.750006
132,1854.194519,144.527194,29.083205,12.021946,44.400000,56.421946
133,1842.088182,292.477056,28.990327,17.101961,39.300000,56.401961
134,1830.041969,276.080431,28.895137,16.615668,46.400000,63.015668
135,1818.308491,292.956363,28.805220,17.115968,62.500000,79.615968
136,1823.405502,2491.114027,28.965112,49.911061,57.300000,107.211061
137,1811.568247,249.050470,28.865986,15.781333,49.300000,65.081333
138,1803.276880,700.525068,28.848087,26.467434,41.300000,67.767434
139,1801.716991,1592.691906,28.930016,39.908544,35.700000,75.608544
140,1798.657283,1385.596725,28.990998,37.223604,32.100000,69.323604
141,1788.583825,418.593540,28.928725,20.459559,29.600000,50.059559
142,1778.373533,379.563510,28.860273,19.482390,27.800000,8.317610
143,1765.581350,0.260075,28.656314,0.509975,25.700000,25.190025
144,1753.379253,57.287752,28.505690,7.568867,24.200000,31.768867
145,1741.113408,23.895179,28.338190,4.888270,22.700000,27.588270
146,1729.178635,46.375643,28.186583,6.809966,21.600000,14.790034
147,1722.409554,761.200098,28.182410,27.589855,20.700000,-6.889855
148,1714.054581,519.293370,28.144949,22.788009,20.000000,-2.788009
149,1702.299125,9.513414,27.972117,3.084382,19.400000,16.315618
150,1690.798494,23.207003,27.813523,4.817365,18.900000,14.082635
151,1679.384862,12.994681,27.648838,3.604814,18.400000,22.004814
152,1672.624034,678.782227,27.638058,26.053449,18.100000,-7.953449
153,1670.683499,1383.484366,27.702201,37.195220,18.600000,-18.595220
154,1663.316168,565.583801,27.676066,23.782006,18.500000,-5.282006
155,1653.600690,196.279100,27.585562,14.009964,18.000000,32.009964
156,1648.409874,864.596572,27.597525,29.404023,17.600000,47.004023
157,1644.916622,1113.942344,27.635292,33.375775,17.100000,50.475775
158,1634.235689,0.052948,27.457336,0.230105,16.200000,16.430105
159,1624.448584,117.234447,27.350047,10.827486,15.400000,4.572514
160,1617.732038,576.667329,27.328661,24.013899,14.800000,-9.213899
161,1612.448150,788.161635,27.333410,28.074217,14.500000,-13.574217
162,1605.667955,541.177384,27.307649,23.263220,14.500000,-8.763220
163,1595.985074,66.089891,27.187032,8.129569,14.500000,6.370431
164,1587.249462,198.287181,27.105122,14.081448,13.500000,27.581448
165,1579.363717,317.644494,27.047467,17.822584,13.100000,30.922584
166,1569.977570,58.807807,26.927844,7.668625,14.600000,22.268625
167,1560.727561,62.226174,26.811038,7.888357,19.200000,27.088357
168,1555.228111,658.817783,26.804065,25.667446,24.900000,50.567446
169,1547.440752,270.313891,26.741260,16.441225,22.600000,39.041225
170,1539.419311,215.881559,26.668679,14.692908,20.200000,34.892908
171,1532.020343,303.791632,26.613355,17.429619,17.900000,35.329619
172,1526.294042,570.001821,26.597054,23.874711,16.400000,40.274711
173,1525.116900,1327.356997,26.655254,36.432911,15.200000,51.632911
174,1519.976380,651.228527,26.648571,25.519180,14.500000,40.019180
175,1512.141850,180.271627,26.571250,13.426527,13.500000,0.073473
176,1503.351818,0.256429,26.419710,0.506388,13.300000,13.806388
177,1494.791410,22.401289,26.294353,4.733000,12.800000,17.533000
178,1486.513544,54.442717,26.185641,7.378531,12.400000,19.778531
179,1478.363717,60.293817,26.080380,7.764909,12.500000,20.264909
180,1470.525724,98.876820,25.988694,9.943682,11.700000,21.643682
181,1464.523192,408.077638,25.955995,20.200932,11.600000,31.800932
182,1457.398936,196.405638,25.888908,14.014480,10.900000,-3.114480
183,1449.798743,96.964450,25.799289,9.847053,10.200000,0.352947
184,1443.218108,265.284276,25.746446,16.287550,9.900000,-6.387550
185,1436.921515,303.534881,25.700456,17.422252,11.300000,-6.122252
186,1430.187584,211.346109,25.639122,14.537748,11.200000,-3.337748
187,1422.374489,0.391048,25.502435,0.625339,10.100000,10.725339
188,1425.149230,1932.926923,25.602775,43.965065,10.500000,54.465065
189,1423.917436,1197.267392,25.651417,34.601552,10.200000,44.801552
190,1421.383065,952.524421,25.679436,30.862994,10.800000,41.662994
191,1415.349390,293.085847,25.633663,17.119750,10.800000,27.919750
192,1409.094031,239.341878,25.579604,15.470678,11.100000,26.570678
193,1402.836528,226.425845,25.523878,15.047453,11.400000,26.447453
194,1395.543107,17.086589,25.411298,4.133593,10.000000,14.133593
195,1389.545382,249.977742,25.361033,15.810684,9.500000,25.310684
196,1382.908979,115.355894,25.284884,10.740386,9.600000,20.340386
197,1375.743667,0.003737,25.154191,0.061128,9.000000,9.061128
198,1368.749090,18.795801,25.046878,4.335412,8.700000,13.035412
199,1361.859830,25.343460,24.944249,5.034229,9.300000,14.334229
200,1355.796888,173.523078,24.884190,13.172816,10.800000,23.972816
201,1349.570964,129.289879,24.815593,11.370571,11.600000,22.970571
202,1343.007640,50.032868,24.725986,7.073392,11.100000,18.173392
203,1336.259352,0.098379,24.603311,0.313654,10.300000,10.613654
204,1329.652869,14.962616,24.499635,3.868154,10.300000,14.168154
205,1323.181483,28.904427,24.404494,5.376284,10.500000,15.876284
206,1318.560764,389.796083,24.381419,19.743254,12.600000,32.343254
207,1315.103746,616.786223,24.383654,24.835181,12.800000,37.635181
208,1308.667180,2.044258,24.271135,1.429776,13.000000,14.429776
209,1302.284646,0.247711,24.155167,0.497706,13.300000,12.802294
210,1296.110626,30.436408,24.064690,5.516920,12.700000,7.183080
211,1290.509218,136.619301,24.004901,11.688426,12.300000,0.611574
212,1284.359137,11.292316,23.905649,3.360404,12.800000,16.160404
213,1278.243482,6.187292,23.803170,2.487427,12.500000,10.012573
214,1272.156609,0.000065,23.689860,0.008084,12.300000,12.308084
215,1266.127665,0.049565,23.578641,0.222631,11.000000,11.222631
216,1261.767168,341.702177,23.554615,18.485188,11.700000,-6.785188
217,1259.340332,744.851127,23.572161,27.291961,13.100000,-14.191961
218,1253.924586,100.370676,23.508826,10.018517,14.900000,4.881483
219,1248.240460,31.837589,23.425727,5.642481,14.700000,9.057519
220,1242.990052,114.152237,23.366738,10.684205,12.900000,2.215795
221,1237.357784,20.787830,23.280069,4.559367,12.900000,8.340633
222,1231.684307,0.539807,23.176649,0.734715,12.600000,13.334715
223,1226.604558,119.219417,23.120677,10.918764,13.400000,24.318764
224,1221.762688,161.393077,23.073329,12.704057,13.300000,26.004057
225,1216.292567,12.865966,22.985155,3.586916,12.200000,15.786916
226,1212.471701,368.060326,22.968037,19.184898,10.800000,29.984898
227,1207.824283,176.097542,22.924549,13.270175,9.700000,-3.570175
228,1204.370906,434.267750,22.915239,20.839092,9.700000,-11.139092
229,1199.329721,70.104412,22.850606,8.372838,9.800000,1.427162
230,1194.308445,64.521328,22.785039,8.032517,9.500000,1.467483
231,1189.047927,0.170667,22.686484,0.413119,10.900000,10.486881
232,1183.878439,10.404692,22.601130,3.225631,12.000000,15.225631
233,1178.817527,24.929719,22.524238,4.992967,12.400000,17.392967
234,1173.696346,0.945736,22.430535,0.972490,12.400000,13.372490
235,1168.701629,19.916761,22.352753,4.462820,12.100000,7.637180
236,1164.587149,214.142379,22.319480,14.633604,11.100000,-3.533604
237,1159.594834,1.377790,22.228726,1.173793,10.500000,9.326207
238,1155.260921,145.459155,22.185273,12.060645,10.000000,22.060645
239,1150.532484,44.078208,22.119119,6.639142,10.000000,3.360858
240,1145.729563,17.042998,22.042887,4.128317,10.700000,6.571683
241,1141.192995,70.563119,21.985323,8.400186,19.200000,10.799814
242,1137.874253,351.332276,21.971703,18.743860,24.100000,5.356140
243,1133.530073,99.615269,21.921532,9.980745,21.500000,31.480745
244,1130.545030,417.119687,21.915290,20.423508,18.600000,-1.823508
245,1126.609669,182.123227,21.880353,13.495304,16.200000,2.704696
246,1122.197918,58.965891,21.821669,7.678925,14.500000,6.821075
247,1117.672616,22.549576,21.751410,4.748639,12.600000,17.348639
248,1113.136760,10.923750,21.675810,3.305110,11.600000,8.294890
249,1119.998867,2794.352966,21.803099,52.861640,12.100000,-40.761640
250,1117.504760,506.448453,21.805950,22.504410,11.300000,-11.204410
251,1113.167864,46.291539,21.745212,6.803789,11.900000,5.096211
252,1108.680803,0.376594,21.660005,0.613672,11.900000,11.286328
253,1105.126773,223.727335,21.633087,14.957518,11.700000,26.657518
254,1100.774656,17.097560,21.563094,4.134920,12.000000,16.134920
255,1097.843296,365.003356,21.553301,19.105061,12.700000,-6.405061
256,1094.103355,155.378151,21.517237,12.465077,13.200000,25.665077
257,1089.816398,9.503072,21.444373,3.082705,13.100000,16.182705
258,1085.572465,11.857616,21.373504,3.443489,13.100000,9.656511
259,1082.153173,213.653032,21.347007,14.616875,14.000000,-0.616875
260,1078.290552,93.322183,21.301356,9.660341,15.000000,5.339659
261,1074.122010,6.975089,21.228748,2.641039,15.500000,18.141039
262,1069.967877,2.355887,21.152415,1.534890,15.400000,16.934890
263,1065.856278,5.063626,21.079434,2.250250,13.700000,11.449750
264,1061.889968,34.615582,21.020988,5.883501,12.600000,18.483501
265,1058.606454,204.892919,20.995291,14.314081,11.100000,25.414081
266,1054.566577,0.158784,20.916677,0.398478,10.300000,9.901522
267,1050.701303,37.999406,20.860585,6.164366,10.800000,4.635634
268,1046.976112,67.250816,20.812630,8.200659,14.100000,5.899341
269,1044.707673,445.839699,20.813771,21.114916,17.900000,-3.214916
270,1040.994430,56.985253,20.763903,7.548858,22.500000,14.951142
271,1037.111247,4.184362,20.693797,2.045571,24.800000,26.845571
272,1033.251921,2.811950,20.622838,1.676887,24.600000,26.276887
273,1029.528729,31.713227,20.567108,5.631450,23.500000,17.868550
274,1030.303057,1238.597259,20.621281,35.193711,22.300000,-12.893711
275,1028.075428,426.615712,20.621404,20.654678,19.600000,-1.054678
276,1024.296689,0.258391,20.547459,0.508322,18.400000,17.891678
277,1022.368992,498.035489,20.553940,22.316709,27.300000,4.983291
278,1026.017341,2022.016556,20.643038,44.966838,46.900000,1.933162
279,1022.286867,0.137030,20.569318,0.370176,43.700000,43.329824
280,1018.599718,4.633689,20.502591,2.152600,35.700000,37.852600
281,1015.156994,64.965320,20.457672,8.060107,29.200000,37.260107
282,1012.005920,139.158228,20.426517,11.796535,24.900000,36.696535
283,1009.900496,424.592752,20.427159,20.605649,22.300000,42.905649
284,1006.386277,25.919148,20.372387,5.091085,34.000000,39.091085
285,1007.091135,1204.451266,20.423394,34.705205,38.300000,3.594795
286,1005.017640,422.365718,20.423848,20.551538,33.800000,13.248462
287,1001.980353,145.465244,20.394297,12.060897,30.000000,17.939103
288,998.543637,25.953180,20.340425,5.094426,27.900000,32.994426
289,995.411654,105.928448,20.305167,10.292155,26.500000,36.792155
290,992.697725,219.227901,20.285941,14.806347,27.300000,42.106347
291,990.042791,230.731809,20.268184,15.189859,45.000000,29.810141
292,995.842734,2660.426353,20.376904,51.579321,76.100000,24.520679
293,992.728590,95.854981,20.340273,9.790556,85.400000,75.609444
294,989.693553,112.567928,20.306719,10.609803,76.400000,87.009803
295,986.558001,77.247876,20.267140,8.789077,71.400000,80.189077
296,983.547979,107.631712,20.233261,10.374570,62.300000,72.674570
297,980.954019,223.517495,20.215231,14.950502,53.500000,68.450502
298,979.479001,547.298696,20.226045,23.394416,48.300000,71.694416
299,976.193230,10.176792,20.168296,3.190109,45.400000,48.590109
300,973.139866,72.397375,20.128905,8.508665,40.600000,32.091335
301,970.553377,204.952497,20.109334,14.316162,37.300000,51.616162
302,967.333758,11.106932,20.053036,3.332706,37.400000,34.067294
303,964.158312,17.875560,20.000110,4.227950,39.700000,35.472050
304,960.949340,1.466765,19.937480,1.211101,39.600000,40.811101
305,958.374900,186.042740,19.916557,13.639749,41.300000,27.660251
306,955.345978,43.640591,19.872482,6.606103,48.500000,41.893897
307,987.055927,10563.460504,20.146100,102.778697,150.000000,47.221303
308,1022.662811,11811.548527,20.437333,108.680948,202.000000,93.319052
309,1025.914690,2014.485947,20.517483,44.883025,160.000000,204.883025
310,1022.606809,13.703076,20.462530,3.701767,157.000000,160.701767
311,1020.957588,516.296079,20.469890,22.722150,157.000000,134.277850
312,1017.846480,62.736138,20.429146,7.920615,126.000000,118.079385
313,1014.554806,0.719356,20.365777,0.848149,104.000000,104.848149
314,1011.584035,93.615777,20.331292,9.675525,86.700000,96.375525
315,1008.593707,81.592035,20.294963,9.032831,74.400000,83.432831
316,1005.371259,3.189882,20.235639,1.786024,64.100000,62.313976
317,1002.178340,5.987635,20.178806,2.446964,57.100000,54.653036
318,999.014682,8.789832,20.123985,2.964765,58.400000,55.435235
319,996.381464,169.551079,20.101436,13.021178,65.300000,52.278822
320,993.334656,33.590005,20.056165,5.795689,64.700000,58.904311
321,990.298324,30.817245,20.010408,5.551328,58.500000,64.051328
322,988.832999,524.325019,20.019489,22.898144,52.200000,75.098144
323,986.693335,306.280414,20.011594,17.500869,47.700000,65.200869
324,983.796726,59.778181,19.973219,7.731635,45.500000,53.231635
325,980.761895,9.616220,19.920657,3.101003,46.500000,49.601003
326,977.845289,41.614793,19.878826,6.450953,49.100000,42.649047
327,974.834933,5.500044,19.824542,2.345217,51.500000,53.845217
328,971.867044,13.238988,19.774586,3.638542,57.100000,60.738542
329,969.210636,108.534405,19.745796,10.417985,53.500000,63.917985
330,966.669550,140.816532,19.721627,11.866614,48.500000,60.366614
331,964.785563,350.605875,19.718577,18.724473,45.200000,63.924473
332,963.348831,493.537685,19.726191,22.215708,41.500000,63.715708
333,960.834481,136.127638,19.701696,11.667375,40.100000,51.767375
334,958.104759,60.025995,19.665471,7.747644,37.200000,44.947644
335,957.186280,654.088392,19.683325,25.575152,35.100000,9.524848
336,955.115101,269.554775,19.673490,16.418123,31.400000,14.981877
337,953.981057,577.478444,19.686575,24.030781,30.000000,5.969219
338,951.764845,213.766141,19.671408,14.620744,23.700000,9.079256
339,950.681824,588.953001,19.685130,24.268354,22.500000,-1.768354
340,948.188613,112.962821,19.658176,10.628397,22.100000,11.471603
341,945.608074,78.547168,19.626142,8.862684,25.600000,16.737316
342,942.810424,0.002247,19.568216,0.047399,24.900000,24.947399
343,940.258740,77.789595,19.536510,8.819841,24.600000,33.419841
344,939.718301,756.509247,19.559946,27.504713,24.200000,51.704713
345,937.267754,104.081824,19.532504,10.202050,23.900000,34.102050
346,934.587811,20.727262,19.488703,4.552720,32.600000,37.152720
347,931.952789,30.775378,19.448058,5.547556,43.800000,49.347556
348,935.673449,2211.859806,19.528240,47.030414,102.000000,54.969586
349,932.964142,0.962535,19.474480,0.981089,88.600000,87.618911
350,930.448803,62.656890,19.441073,7.915611,92.400000,84.484389
351,928.345139,200.477517,19.425851,14.159008,95.600000,81.440992
352,926.151884,165.092181,19.406951,12.848820,92.600000,79.751180
353,923.658300,55.890952,19.372765,7.476025,72.000000,79.476025
354,921.222290,71.054816,19.341498,8.429402,66.300000,57.870598
355,924.427549,2046.268435,19.415271,45.235699,107.000000,61.764301
356,922.667522,304.897877,19.409720,17.461325,100.000000,82.538675
357,920.142158,31.214277,19.370562,5.586974,83.500000,77.913026
358,917.950788,144.397030,19.349788,12.016532,75.200000,87.216532
359,919.232579,1372.986595,19.399659,37.053834,61.400000,98.453834
360,919.674569,1076.580943,19.437332,32.811293,55.200000,88.011293
361,918.807248,610.040893,19.452070,24.699006,47.000000,71.699006
362,916.296652,20.013843,19.410231,4.473683,41.000000,45.473683
363,913.796205,18.636308,19.368189,4.316979,39.400000,43.716979
364,911.257911,0.010503,19.314673,0.102483,38.000000,38.102483
365,913.527459,1730.564506,19.376405,41.600054,37.000000,-4.600054
366,911.007450,1.284217,19.326010,1.133233,42.000000,43.133233
367,909.587348,395.510416,19.327556,19.887444,58.000000,38.112556
368,908.967205,683.855453,19.346301,26.150630,90.000000,63.849370
369,906.480510,1.323389,19.296449,1.150386,84.000000,82.849614
370,904.004603,0.298851,19.245220,0.546673,77.000000,77.546673
371,901.579840,14.116297,19.203019,3.757166,70.000000,66.242834
372,899.346790,79.817682,19.175114,8.934074,65.000000,56.065926
373,896.989533,29.518982,19.137873,5.433137,60.000000,54.566863
374,894.629687,23.846323,19.099347,4.883270,54.800000,59.683270
375,898.632214,2379.567218,19.179351,48.780808,49.900000,1.119192
376,898.740304,938.841786,19.210160,30.640525,46.200000,15.559475
377,896.332419,0.599100,19.160734,0.774016,42.000000,41.225984
378,895.912043,739.111934,19.182193,27.186613,38.000000,10.813387
379,894.995838,552.334906,19.193712,23.501806,36.000000,12.498194
380,893.522582,341.051738,19.191781,18.467586,35.000000,16.532414
381,891.213562,23.021993,19.153601,4.798124,34.000000,29.201876
382,888.877523,8.190726,19.110502,2.861944,33.500000,36.361944
383,886.774218,91.725117,19.085348,9.577323,33.500000,43.077323
384,884.921913,182.898147,19.070713,13.523984,34.000000,47.523984
385,882.953743,135.049352,19.051160,11.621074,35.000000,46.621074
386,880.793746,57.834708,19.021196,7.604913,37.000000,44.604913
387,878.718723,86.059855,18.995754,9.276845,42.000000,51.276845
388,876.455271,9.553169,18.954335,3.090820,50.000000,53.090820
389,874.231692,20.377395,18.916828,4.514133,58.000000,53.485867
390,873.589159,626.213894,18.932650,25.024266,79.500000,54.475734
391,871.530522,76.896771,18.906388,8.769080,72.000000,80.769080
392,869.501730,84.359438,18.881332,9.184739,62.000000,71.184739
393,867.534876,104.395512,18.859060,10.217412,54.000000,64.217412
394,865.836617,205.213616,18.847435,14.325279,47.000000,61.325279
395,864.747763,440.094613,18.852885,20.978432,40.000000,60.978432
396,863.061167,203.602246,18.841191,14.268926,34.000000,48.268926
397,862.586241,676.415343,18.859427,26.007986,30.000000,3.992014
398,860.958247,221.156744,18.849305,14.871340,27.000000,12.128660
399,859.110779,131.208315,18.830584,11.454620,25.500000,14.045380
400,856.999875,23.192833,18.795194,4.815894,24.000000,19.184106
401,854.841391,0.081765,18.748571,0.285946,23.000000,22.714054
402,852.711698,7.223290,18.708217,2.687618,22.000000,24.687618
403,850.577983,1.359499,18.664251,1.165975,21.500000,22.665975
404,848.451773,0.094183,18.618358,0.306893,22.000000,21.693107
405,846.386270,20.184952,18.583132,4.492767,23.000000,18.507233
406,844.359789,31.740751,18.550920,5.633893,21.800000,27.433893
407,842.765253,201.761919,18.540134,14.204292,21.000000,35.204292
408,841.240055,226.585333,18.531502,15.052752,20.000000,35.052752
409,839.185163,9.008585,18.493156,3.001431,19.500000,16.498569
410,837.183933,26.686063,18.460331,5.165856,19.000000,13.834144
411,835.179981,21.575269,18.426386,4.644919,18.500000,13.855081
412,833.175917,17.521855,18.391483,4.185911,18.000000,13.814089
413,831.203445,26.434805,18.359087,5.141479,17.500000,12.358521
414,829.249973,30.280206,18.327730,5.502745,17.000000,11.497255
415,827.239163,2.806699,18.287213,1.675320,16.800000,15.124680
416,825.231632,0.136571,18.243724,0.369556,16.600000,16.969556
417,823.294667,25.264895,18.211720,5.026420,16.400000,11.373580
418,821.306325,0.121424,18.168572,0.348460,16.000000,16.348460
419,819.327585,0.128915,18.125658,0.359047,16.200000,16.559047
420,817.361926,1.613733,18.085140,1.270328,16.400000,17.670328
421,815.402567,0.309095,18.043104,0.555963,16.600000,16.044037
422,813.472102,8.468188,18.006900,2.910015,16.800000,13.889985
423,811.559852,12.239543,17.972274,3.498506,18.000000,14.501494
424,809.667137,16.619311,17.939189,4.076679,19.500000,23.576679
425,807.745261,0.557603,17.898352,0.746728,20.500000,19.753272
426,805.877822,19.685781,17.866453,4.436866,20.000000,15.563134
427,804.242587,114.173563,17.849476,10.685203,18.500000,7.814797
428,802.506832,68.282157,17.826867,8.263302,18.000000,9.736698
429,800.622473,1.654544,17.787948,1.286291,18.400000,17.113709
430,798.754438,4.839548,17.751356,2.199897,19.000000,21.199897
431,797.043182,68.047946,17.729103,8.249118,25.000000,16.750882
432,800.840068,2422.110345,17.802668,49.214940,80.000000,30.785060
433,811.931370,5559.008831,17.934967,74.558761,150.000000,75.441239
434,810.448677,174.373103,17.923967,13.205041,115.000000,128.205041
435,808.799041,99.455592,17.905518,9.972742,100.000000,90.027258
436,807.011867,36.740157,17.878101,6.061366,85.000000,91.061366
437,805.328697,78.199157,17.857235,8.843029,78.000000,86.843029
438,803.473136,0.015085,17.816372,0.122821,72.000000,72.122821
439,801.855215,99.677680,17.798367,9.983871,66.000000,75.983871
440,800.042495,11.509046,17.765326,3.392499,62.000000,65.392499
441,798.300193,38.656896,17.738900,6.217467,60.000000,53.782533
442,797.436881,420.169177,17.745200,20.498029,74.000000,53.501971
443,820.493448,10919.270148,17.942808,104.495312,150.000000,45.504688
444,855.148310,16068.632765,18.190125,126.762111,300.000000,173.237889
445,968.483007,50835.749619,18.660142,225.467846,453.000000,227.532154
446,1033.873827,29871.225115,19.008950,172.832940,529.000000,356.167060
447,1058.058609,11747.732616,19.210706,108.386958,528.000000,419.613042
448,1063.001720,3252.799664,19.295892,57.033321,460.000000,517.033321
449,1133.024607,32223.186454,19.655919,179.508179,253.000000,432.508179
450,1133.929884,1536.778347,19.699744,39.201765,181.000000,220.201765
451,1131.866070,211.404968,19.688201,14.539772,151.000000,165.539772
452,1129.416532,34.473086,19.657360,5.871379,149.000000,154.871379
453,1127.627348,326.072836,19.653796,18.057487,153.000000,171.057487
454,1125.754589,284.885957,19.647629,16.878565,144.000000,160.878565
455,1127.251125,1800.692302,19.698155,42.434565,138.000000,180.434565
456,1124.786729,13.344044,19.662656,3.652950,126.000000,122.347050
457,1122.584964,127.387076,19.644166,11.286588,109.000000,97.713412
458,1121.935442,827.702137,19.664267,28.769813,95.500000,66.730187
459,1119.987849,235.780498,19.654796,15.355146,83.800000,68.444854
460,1118.811425,583.538510,19.664668,24.156542,77.500000,53.343458
461,1117.768443,642.168545,19.677089,25.341045,79.400000,54.058955
462,1116.733307,643.676367,19.689521,25.370778,81.400000,56.029222
463,1115.179853,403.698001,19.690398,20.092237,87.800000,67.707763
464,1112.944268,86.810683,19.667848,9.317225,93.100000,83.782775
465,1110.911997,176.067034,19.653968,13.269025,95.600000,82.330975
466,1108.588639,37.520637,19.624685,6.125409,89.100000,82.974591
467,1106.344883,69.729556,19.600335,8.350423,83.400000,75.049577
468,1104.079672,55.287294,19.574117,7.435543,74.600000,82.035543
469,1101.844275,64.619768,19.549310,8.038642,65.600000,73.638642
470,1099.553033,34.125625,19.519894,5.841714,59.400000,53.558286
471,1097.307086,50.695663,19.493342,7.120089,54.100000,46.979911
472,1095.016210,25.177221,19.462411,5.017691,49.900000,44.882309
473,1092.699773,8.607338,19.427169,2.933827,46.900000,43.966173
474,1090.527664,71.808630,19.403865,8.473997,44.500000,52.973997
475,1089.542016,626.287347,19.415801,25.025734,41.900000,66.925734
476,1087.316206,38.959879,19.387890,6.241785,40.700000,46.941785
477,1085.068208,24.012931,19.357260,4.900299,39.200000,44.100299
478,1082.830311,24.305125,19.326823,4.930023,37.900000,42.830023
479,1080.581762,14.769647,19.294226,3.843130,37.300000,41.143130
480,1078.386406,35.592308,19.266225,5.965929,35.900000,41.865929
481,1076.258913,63.571975,19.242550,7.973204,35.100000,43.073204
482,1074.007556,0.110481,19.202989,0.332387,34.400000,34.732387
483,1071.792193,12.848747,19.170383,3.584515,34.200000,37.784515
484,1069.591140,15.286549,19.138590,3.909802,36.000000,39.909802
485,1067.490497,59.181890,19.114795,7.692977,39.500000,31.807023
486,1065.481279,99.047301,19.095785,9.952251,44.400000,54.352251
487,1063.275319,0.002764,19.056358,0.052576,51.100000,51.047424
488,1061.234222,75.384253,19.034924,8.682411,53.700000,62.382411
489,1059.047287,0.570824,18.997235,0.755529,50.900000,50.144471
490,1057.211073,166.647129,18.984708,12.909188,46.700000,33.790812
491,1055.575699,260.784084,18.978885,16.148811,54.200000,38.051189
492,1054.137088,353.533292,18.978523,18.802481,69.900000,51.097519
493,1052.505156,256.122754,18.972440,16.003836,71.400000,87.403836
494,1050.596631,117.327711,18.955827,10.831792,63.000000,73.831792
495,1048.758379,148.014758,18.941998,12.166132,53.000000,65.166132
496,1046.980677,174.129101,18.930319,13.195799,46.000000,59.195799
497,1045.484174,309.204860,18.927589,17.584222,40.300000,57.884222
498,1043.586866,108.213971,18.910332,10.402594,37.400000,47.802594
499,1041.481908,1.632516,18.874710,1.277700,38.900000,37.622300
500,1039.424779,21.145786,18.845927,4.598455,44.900000,40.301545
501,1037.358590,12.529138,18.815130,3.539652,44.100000,47.639652
502,1035.372379,48.225250,18.791293,6.944440,40.100000,47.044440
503,1033.840907,271.168100,18.786636,16.467183,36.500000,52.967183
504,1032.020389,123.581941,18.771296,11.116741,40.600000,51.716741
505,1030.292142,166.168326,18.759558,12.890629,44.000000,56.890629
506,1028.476772,118.976809,18.743917,10.907649,39.900000,50.807649
507,1026.483936,26.080300,18.716805,5.106887,35.100000,40.206887
508,1025.123475,340.811501,18.716298,18.461081,31.800000,50.261081
509,1023.304366,106.473210,18.699669,10.318586,32.000000,42.318586
510,1021.551371,136.289100,18.685785,11.674292,32.700000,44.374292
511,1019.714331,90.172128,18.667659,9.495901,32.700000,42.195901
512,1018.222854,262.043959,18.662777,16.187772,31.300000,47.487772
513,1017.388070,593.317770,18.673966,24.358115,34.400000,58.758115
514,1015.852692,234.345022,18.667367,15.308332,33.800000,49.108332
515,1014.857368,507.242557,18.674910,22.522046,31.000000,53.522046
516,1013.026182,77.289802,18.655607,8.791462,27.900000,36.691462
517,1011.102486,26.169976,18.629213,5.115660,25.100000,19.984340
518,1009.490849,182.721286,18.619268,13.517444,25.900000,12.382556
519,1008.945056,728.407450,18.635520,26.989025,45.000000,18.010975
520,1007.382941,202.893988,18.627010,14.244086,62.800000,48.555914
521,1005.733814,154.783877,18.615045,12.441217,55.000000,67.441217
522,1003.806145,7.201382,18.584289,2.683539,46.000000,48.683539
523,1001.971963,51.865752,18.562357,7.201788,39.100000,46.301788
524,1000.476933,224.556423,18.555478,14.985207,33.400000,48.385207
525,998.988390,224.945871,18.548650,14.998196,32.400000,47.398196
526,997.098170,12.293716,18.519834,3.506240,34.400000,37.906240
527,995.200520,4.627028,18.488536,2.151053,35.200000,33.048947
528,993.332530,16.373868,18.460974,4.046464,36.000000,40.046464
529,991.531461,47.771468,18.438976,6.911691,40.100000,47.011691
530,989.685184,20.389529,18.412505,4.515477,48.800000,44.284523
531,988.089063,148.529348,18.400693,12.187262,47.500000,59.687262
532,986.232792,7.977909,18.371192,2.824519,52.300000,49.475481
533,985.121584,398.404089,18.374196,19.960062,66.000000,46.039938
534,983.365852,54.583371,18.353467,7.388056,72.700000,65.311944
535,981.585230,37.855439,18.330490,6.152677,62.800000,68.952677
536,980.023054,150.507834,18.319095,12.268163,47.100000,59.368163
537,979.240433,562.886064,18.329238,23.725220,37.100000,60.825220
538,978.118012,379.867387,18.331412,19.490187,32.000000,51.490187
539,976.642059,188.483157,18.322809,13.728917,28.100000,41.828917
540,974.966191,78.377304,18.305142,8.853096,25.200000,34.053096
541,973.338101,100.681587,18.289739,10.034021,23.300000,33.334021
542,971.870174,183.593504,18.280929,13.549668,22.100000,35.649668
543,970.359178,157.443345,18.270292,12.547643,20.300000,32.847643
544,968.672825,59.728631,18.250770,7.728430,19.200000,26.928430
545,966.958210,41.066015,18.228880,6.408277,18.800000,25.208277
546,965.200137,14.082646,18.202171,3.752685,18.800000,15.047315
547,963.461191,20.952623,18.177079,4.577404,18.000000,13.422596
548,961.694570,2.419204,18.146525,1.555379,16.900000,18.455379
549,959.970268,21.949720,18.121825,4.685053,16.200000,20.885053
550,958.394744,99.734186,18.106925,9.986700,15.500000,5.513300
551,957.052727,224.311790,18.101203,14.977042,16.000000,1.022958
552,955.392909,47.472414,18.080745,6.890023,14.500000,7.609977
553,953.663577,5.989378,18.052269,2.447321,13.900000,16.347321
554,951.935524,3.234403,18.022716,1.798445,13.100000,14.898445
555,950.261756,29.689377,17.999896,5.448796,13.400000,7.951204
556,948.545414,2.841218,17.970341,1.685591,13.200000,11.514409
557,946.904959,41.373657,17.949477,6.432236,12.500000,18.932236
558,945.455260,143.771840,17.938721,11.990490,12.800000,24.790490
559,943.913542,89.801383,17.923473,9.476359,12.300000,21.776359
560,942.470811,141.755596,17.912650,11.906116,12.100000,24.006116
561,940.780247,0.826429,17.882123,0.909081,12.100000,13.009081
562,939.201433,59.802088,17.863935,7.733181,11.600000,19.333181
563,937.689596,94.084726,17.849330,9.699728,11.600000,21.299728
564,936.016857,0.955825,17.819202,0.977663,11.300000,12.277663
565,934.410860,35.052050,17.797992,5.920477,11.000000,16.920477
566,932.771068,12.847853,17.772701,3.584390,11.000000,7.415610
567,931.115052,0.434173,17.742304,0.658918,11.300000,11.958918
568,929.645752,102.429802,17.728790,10.120761,11.100000,21.220761
569,928.148430,83.658871,17.713601,9.146522,10.700000,19.846522
570,926.800007,164.941070,17.704995,12.842939,10.900000,23.742939
571,925.388797,126.644118,17.693617,11.253627,10.800000,22.053627
572,924.134441,212.914146,17.688156,14.591578,10.300000,24.891578
573,922.513599,1.875593,17.659476,1.369523,10.000000,11.369523
574,920.923611,16.220590,17.635561,4.027479,10.800000,6.772521
575,919.353229,24.235549,17.613297,4.922961,11.800000,6.877039
576,918.040244,168.325703,17.605186,12.974040,14.700000,27.674040
577,916.680286,138.784402,17.595021,11.780679,14.600000,26.380679
578,915.093521,5.877125,17.568591,2.424278,13.300000,15.724278
579,913.504991,1.688387,17.540297,1.299379,12.700000,11.400621
580,911.919267,0.128370,17.510467,0.358287,11.800000,11.441713
581,910.428988,52.027985,17.492621,7.213043,11.300000,18.513043
582,909.000992,85.047374,17.478312,9.222113,11.400000,20.622113
583,907.472894,24.232239,17.456627,4.922625,11.000000,6.077375
584,905.958739,29.263202,17.435856,5.409547,10.600000,16.009547
585,904.409001,5.560520,17.409905,2.358075,11.700000,14.058075
586,902.938160,48.379840,17.391942,6.955562,12.900000,19.855562
587,901.720918,193.285818,17.385957,13.902727,12.000000,25.902727
588,900.328475,88.534188,17.372298,9.409261,11.800000,21.209261
589,898.873149,48.962963,17.354563,6.997354,11.100000,18.097354
590,897.544067,120.031399,17.343644,10.955884,10.200000,21.155884
591,896.121014,62.211854,17.327535,7.887449,10.200000,18.087449
592,894.606269,5.450514,17.302036,2.334634,10.700000,8.365366
593,893.111030,13.910549,17.278993,3.729685,10.500000,6.770315
594,891.599851,1.515876,17.251794,1.231209,10.800000,12.031209
595,890.375031,167.730856,17.244517,12.951095,10.400000,23.351095
596,889.046779,104.049703,17.232618,10.200476,10.000000,20.200476
597,887.827557,166.048557,17.225288,12.885983,9.300000,22.185983
598,886.546854,127.089788,17.215268,11.273411,9.600000,-1.673411
599,885.303303,146.633879,17.206687,12.109248,9.900000,-2.209248
600,883.886933,41.147127,17.188579,6.414603,10.500000,4.085397
601,882.477733,42.594490,17.170720,6.526445,11.700000,5.173555
602,881.185199,109.542340,17.159508,10.466248,11.700000,22.166248
603,879.748637,20.684631,17.138454,4.548036,11.000000,15.548036
604,878.307430,15.024389,17.116350,3.876131,11.000000,14.876131
605,876.846183,0.097919,17.088391,0.312920,11.200000,10.887080
606,875.392080,1.476117,17.062023,1.214955,10.700000,11.914955
607,874.308122,221.765175,17.058424,14.891782,10.500000,25.391782
608,872.864323,2.253577,17.032667,1.501192,10.100000,8.598808
609,871.421839,0.161633,17.005178,0.402036,10.100000,9.697964
610,870.242003,156.441596,16.997757,12.507661,10.400000,-2.107661
611,868.860877,31.898184,16.979058,5.647848,10.900000,5.252152
612,867.452926,12.826962,16.957023,3.581475,15.500000,11.918525
613,866.287772,157.873888,16.949811,12.564788,15.400000,27.964788
614,864.892460,15.147250,16.928404,3.891947,13.500000,17.391947
615,863.484939,4.897321,16.904320,2.212989,12.600000,14.812989
616,862.087788,8.428612,16.881442,2.903207,12.000000,14.903207
617,860.751393,42.877345,16.864585,6.548080,11.500000,18.048080
618,859.556367,127.005530,16.855473,11.269673,11.000000,22.269673
619,858.161009,1.411061,16.829997,1.187881,11.500000,10.312119
620,856.803732,22.078710,16.810304,4.698799,12.400000,17.098799
621,855.417447,1.465984,16.785021,1.210778,11.600000,10.389222
622,854.097942,39.963042,16.768090,6.321633,11.300000,17.621633
623,852.962211,151.080345,16.760858,12.291474,10.700000,22.991474
624,851.770638,114.187136,16.751060,10.685838,10.800000,21.485838
625,850.548305,92.702099,16.739590,9.628193,11.800000,21.428193
626,849.180936,0.044341,16.713016,0.210574,14.000000,14.210574
627,847.894236,47.567398,16.697259,6.896912,13.200000,20.096912
628,846.584175,30.415783,16.679339,5.515051,12.500000,18.015051
629,845.270528,25.554930,16.660741,5.055188,11.700000,16.755188
630,843.999214,49.428104,16.645357,7.030512,11.200000,18.230512
631,842.837496,115.601654,16.635957,10.751821,11.100000,21.851821
632,841.663463,105.545045,16.625826,10.273512,10.500000,20.773512
633,840.333219,4.940086,16.602927,2.222630,10.500000,12.722630
634,839.022771,14.751008,16.582670,3.840704,10.600000,14.440704
635,837.826062,83.899445,16.570906,9.159664,10.200000,19.359664
636,836.585815,53.989476,16.556312,7.347753,10.500000,17.847753
637,835.352873,56.133971,16.541993,7.492261,10.600000,18.092261
638,834.125136,56.967138,16.527807,7.547658,11.400000,18.947658
639,833.034239,141.405840,16.520505,11.891419,11.100000,22.991419
640,831.726511,1.319036,16.496335,1.148493,11.100000,9.951507
641,830.556567,86.472647,16.485037,9.299067,12.400000,3.100933
642,829.254788,0.021493,16.459428,0.146605,15.500000,15.646605
643,827.990712,21.509731,16.440928,4.637858,17.100000,21.737858
644,826.714331,11.107360,16.420446,3.332771,16.000000,12.667229
645,825.631773,132.794325,16.412807,11.523642,17.500000,5.976358
646,825.052621,453.816253,16.420424,21.302963,24.400000,3.097037
647,823.772054,1.648114,16.396883,1.283789,27.900000,26.616211
648,822.539438,29.967338,16.379923,5.474243,25.300000,30.774243
649,821.301322,23.954390,16.362116,4.894322,22.800000,27.694322
650,820.035153,3.356273,16.339623,1.832013,20.900000,19.067987
651,818.767952,0.156227,16.314980,0.395256,20.100000,20.495256
652,817.595219,58.836784,16.301639,7.670514,18.900000,26.570514
653,816.345581,6.580361,16.280474,2.565222,18.600000,21.165222
654,815.089738,0.047271,16.255761,0.217418,18.800000,18.582582
655,813.858918,13.826154,16.236503,3.718354,18.300000,22.018354
656,812.680927,45.809135,16.221981,6.768245,17.900000,24.668245
657,811.482004,29.783743,16.205496,5.457448,17.500000,22.957448
658,810.311643,46.066084,16.191095,6.787200,15.900000,22.687200
659,809.817539,486.673547,16.200056,22.060679,15.300000,-6.760679
660,808.845818,172.368469,16.195375,13.128917,14.600000,1.471083
661,807.703665,58.451087,16.182361,7.645331,13.900000,6.254669
662,806.495847,12.959823,16.163239,3.599975,14.500000,10.900025
663,805.283918,7.834329,16.142959,2.798987,13.700000,16.498987
664,804.190480,83.615105,16.132355,9.144130,14.000000,23.144130
665,803.051274,51.175288,16.118771,7.153690,14.500000,21.653690
666,801.967313,85.469351,16.108388,9.244964,15.000000,24.244964
667,800.799124,27.457971,16.091995,5.240035,15.300000,20.540035
668,799.616740,15.695748,16.073727,3.961786,15.700000,19.661786
669,798.719337,202.844106,16.070973,14.242335,16.600000,2.357665
670,798.023737,335.449219,16.074343,18.315273,18.800000,0.484727
671,796.854131,17.896976,16.056586,4.230482,21.100000,16.869518
672,795.664972,2.495533,16.034914,1.579726,22.000000,20.420274
673,794.593851,79.085226,16.024238,8.892987,24.200000,15.307013
674,793.482828,50.208610,16.010897,7.085803,24.600000,17.514197
675,792.461225,107.986901,16.002523,10.391675,24.200000,13.808325
676,791.454378,115.860008,15.994727,10.763829,22.800000,12.036171
677,790.504518,152.198580,15.989292,12.336879,23.300000,10.963121
678,789.614309,190.504002,15.986047,13.802319,32.300000,18.497681
679,788.490277,30.892787,15.970599,5.558128,60.500000,54.941872
680,787.356190,21.846995,15.953888,4.674077,66.300000,70.974077
681,786.352065,107.563728,15.945642,10.371293,54.700000,65.071293
682,785.237965,30.992123,15.930334,5.567057,52.800000,58.367057
683,784.995604,620.674904,15.943564,24.913348,74.300000,49.386652
684,784.008598,113.831782,15.935808,10.669198,72.800000,62.130802
685,782.888148,20.982300,15.919133,4.580644,61.900000,57.319356
686,782.017415,189.047849,15.915952,13.749467,51.100000,64.849467
687,781.245596,254.865066,15.916023,15.964494,43.600000,59.564494
688,780.538901,297.866572,15.917986,17.258811,39.100000,56.358811
689,779.614374,147.237483,15.912462,12.134145,37.700000,49.834145
690,788.321062,6752.402295,16.009052,82.173002,125.000000,42.826998
691,788.312932,782.735801,16.026473,27.977416,119.000000,146.977416
692,787.331893,113.358262,16.018654,10.646984,91.900000,102.546984
693,787.536251,928.134850,16.039622,30.465306,77.500000,107.965306
694,787.723392,916.663001,16.060255,30.276443,62.600000,92.876443
695,788.845114,1562.833287,16.094224,39.532686,49.500000,89.032686
696,788.850682,792.698295,16.111652,28.154898,44.500000,72.654898
697,788.193573,333.474557,16.114754,18.261286,41.400000,59.661286
698,787.593413,371.682604,16.119314,19.279072,36.800000,56.079072
699,786.663976,141.634295,16.113244,11.901021,32.900000,44.801021
700,785.746941,148.407456,16.107596,12.182260,29.200000,41.382260
701,784.712749,64.915650,16.096046,8.057025,27.000000,35.057025
702,783.667495,55.125319,16.083623,7.424643,24.300000,16.875357
703,782.580802,24.069162,16.067632,4.906033,22.400000,17.493967
704,781.463052,0.155721,16.045242,0.394615,20.600000,20.205385
705,780.351128,2.003916,16.024372,1.415597,19.300000,20.715597
706,779.240112,0.418335,16.002467,0.646788,18.400000,19.046788
707,778.136594,3.466866,15.982352,1.861952,17.900000,16.038048
708,777.037063,4.067027,15.962515,2.016687,17.200000,19.216687
709,775.944723,6.937380,15.943609,2.633891,16.700000,19.333891
710,774.866602,14.791047,15.926473,3.845913,16.200000,20.045913
711,773.773835,2.280017,15.906082,1.509973,16.000000,17.509973
712,772.682645,1.211307,15.885171,1.100594,15.700000,14.599406
713,771.593269,0.315035,15.863557,0.561280,15.300000,15.861280
714,770.516908,7.377106,15.845040,2.716083,14.900000,17.616083
715,769.434844,1.169715,15.824275,1.081534,14.800000,13.718466
716,768.356123,1.385173,15.803703,1.176934,14.400000,13.223066
717,767.286434,5.667769,15.784877,2.380708,14.100000,11.719292
718,766.211862,0.042233,15.763057,0.205507,13.900000,14.105507
719,765.143488,2.324819,15.743143,1.524736,13.700000,15.224736
720,764.078198,2.395269,15.723317,1.547666,13.600000,15.147666
721,763.025151,9.043746,15.705582,3.007282,13.500000,16.507282
722,762.021426,42.350808,15.692772,6.507750,14.500000,21.007750
723,760.961591,0.000020,15.670952,0.004459,19.000000,18.995541
724,760.149543,176.286855,15.667628,13.277306,23.400000,36.677306
725,759.357618,189.171712,15.664974,13.753971,20.600000,34.353971
726,758.352885,33.940643,15.651346,5.825860,24.700000,30.525860
727,757.309619,4.071294,15.632489,2.017745,29.800000,27.782255
728,758.948216,1943.654069,15.671791,44.086892,75.500000,31.413108
729,758.750545,615.636278,15.684398,24.812019,85.500000,110.312019
730,758.150740,323.292195,15.687560,17.980328,78.000000,60.019672
731,757.896290,573.165420,15.698913,23.940873,72.500000,48.559127
732,757.638868,570.493085,15.710158,23.884997,67.500000,43.615003
733,757.789722,867.611858,15.729012,29.455252,65.700000,36.244748
734,758.707562,1427.812565,15.759228,37.786407,63.500000,25.713593
735,757.738727,50.489667,15.747390,7.105608,58.500000,51.394392
736,756.915803,155.358051,15.742905,12.464271,53.000000,40.535729
737,756.158295,201.662728,15.740801,14.200800,48.500000,34.299200
738,755.191321,46.399382,15.728636,6.811709,42.500000,35.688291
739,754.192087,20.754072,15.713435,4.555664,38.300000,33.744336
740,764.389368,8259.390990,15.815565,90.881192,112.000000,21.118808
741,776.263000,9515.256247,15.926461,97.546175,164.000000,66.453825
742,775.531115,236.131343,15.925702,15.366566,153.000000,137.633434
743,774.890191,301.888788,15.927663,17.374947,140.000000,122.625053
744,773.851125,5.980928,15.909444,2.445594,123.000000,120.554406
745,772.837035,22.410597,15.894363,4.733983,109.000000,113.733983
746,771.796680,0.894032,15.874216,0.945532,97.000000,96.054468
747,770.760475,1.896235,15.854704,1.377039,87.500000,88.877039
748,770.373397,482.774271,15.862927,21.972125,98.000000,76.027875
749,773.276605,2933.263261,15.914332,54.159609,135.000000,80.840391
750,772.825227,436.548688,15.921007,20.893748,121.000000,100.106252
751,774.581009,2084.394447,15.960811,45.655169,138.000000,92.344831
752,773.547415,1.452862,15.941085,1.205347,116.000000,114.794653
753,772.572084,43.024150,15.928559,6.559280,99.000000,105.559280
754,771.938426,297.329041,15.930312,17.243232,87.000000,104.243232
755,770.978238,50.837148,15.918594,7.130017,79.000000,86.130017
756,770.011678,44.125086,15.906259,6.642672,77.500000,84.142672
757,769.020535,23.680659,15.891597,4.866278,72.000000,76.866278
758,768.125977,94.524240,15.883415,9.722358,64.000000,73.722358
759,767.143888,26.648636,15.869215,5.162232,59.000000,64.162232
760,766.138858,7.340782,15.851808,2.709388,55.500000,58.209388
761,765.195362,51.912458,15.840386,7.205030,53.000000,45.794970
762,764.252066,50.177005,15.828833,7.083573,50.500000,43.416427
763,770.074670,5183.608363,15.902836,71.997280,116.000000,44.002720
764,769.348293,218.028302,15.901340,14.765781,139.000000,153.765781
765,768.725104,295.101664,15.903018,17.178523,117.000000,134.178523
766,767.930898,163.539750,15.898931,12.788266,105.000000,92.211734
767,767.032503,82.455606,15.889995,9.080507,93.500000,84.419493
768,766.032129,2.746819,15.871365,1.657353,82.000000,83.657353
769,765.041899,8.506395,15.854431,2.916573,72.000000,74.916573
770,764.145280,78.231848,15.845280,8.844877,63.500000,72.344877
771,763.326146,135.869145,15.839819,11.656292,56.000000,67.656292
772,762.439197,82.149580,15.830996,9.063641,51.500000,60.563641
773,761.498762,39.244729,15.818555,6.264561,48.500000,54.764561
774,760.522864,10.057527,15.802131,3.171360,46.000000,49.171360
775,759.567369,23.836118,15.787967,4.882225,47.000000,51.882225
776,758.598986,11.975793,15.771999,3.460606,47.500000,50.960606
777,757.970301,272.625147,15.772956,16.511364,70.800000,54.288636
778,757.214194,172.743739,15.769558,13.143201,91.500000,78.356799
779,756.514811,215.191818,15.768138,14.669418,70.000000,84.669418
780,755.832257,226.852936,15.767228,15.061638,59.000000,74.061638
781,754.876152,12.939259,15.751565,3.597118,56.000000,59.597118
782,753.917068,8.708304,15.735112,2.950984,54.500000,57.450984
783,753.012867,49.544800,15.723948,7.038807,51.500000,58.538807
784,752.126645,61.759542,15.713865,7.858724,49.500000,57.358724
785,751.355373,149.763269,15.709414,12.237780,46.500000,58.737780
786,750.487362,72.570569,15.700219,8.518836,43.000000,51.518836
787,749.576176,37.028956,15.687939,6.085142,40.000000,33.914858
788,748.770093,117.606838,15.681761,10.844669,38.300000,27.455331
789,747.914397,77.048621,15.672967,8.777734,36.800000,28.022266
790,747.042251,62.407871,15.663077,7.899865,35.800000,27.900135
791,746.102569,7.512921,15.646658,2.740971,35.000000,32.259029
792,745.217407,48.594355,15.635648,6.970965,40.000000,33.029035
793,747.936007,2890.192794,15.683968,53.760513,89.000000,35.239487
794,946.633793,157719.186823,16.166823,397.138750,490.000000,92.861250
795,999.470355,42740.354726,16.407746,206.737405,589.000000,382.262595
796,1003.270441,4009.138442,16.466976,63.317758,552.000000,488.682242
797,1003.156648,913.032540,16.484314,30.216428,564.000000,533.783572
798,1003.272879,1095.443927,16.505238,33.097491,466.000000,499.097491
799,1004.202369,1742.217522,16.536980,41.739879,317.000000,358.739879
800,1007.389422,3541.096955,16.590962,59.507117,235.000000,175.492883
801,1006.424308,238.193264,16.589510,15.433511,187.000000,202.433511
802,1009.356593,3346.387704,16.641212,57.847971,147.000000,204.847971
803,1008.734807,512.549643,16.648720,22.639559,120.000000,142.639559
804,1010.936095,2769.764886,16.693694,52.628556,103.000000,155.628556
805,1010.569327,717.155010,16.706286,26.779750,118.000000,144.779750
806,1011.703391,1920.088567,16.740092,43.818815,144.000000,100.181185
807,1010.751115,247.026343,16.738818,15.717072,131.000000,115.282928
808,1009.554038,48.301260,16.726643,6.949911,117.000000,110.050089
809,1008.431809,106.159603,16.718664,10.303378,103.000000,113.303378
810,1007.259506,63.555103,16.707812,7.972145,90.000000,97.972145
811,1006.018262,5.575551,16.690034,2.361261,81.200000,83.561261
812,1004.883024,88.745937,16.681038,9.420506,78.100000,68.679494
813,1003.649857,7.251482,16.663747,2.692858,80.600000,83.292858
814,1002.476560,53.279303,16.652186,7.299267,81.400000,74.100733
815,1001.341295,81.776081,16.642803,9.043013,91.500000,82.456987
816,1001.244558,922.791384,16.659718,30.377482,127.000000,96.622518
817,1000.023946,8.886848,16.642893,2.981082,130.000000,127.018918
818,998.800040,3.764213,16.624831,1.940158,118.000000,119.940158
819,997.598283,19.368291,16.609832,4.400942,102.000000,106.400942
820,996.380884,4.200474,16.591989,2.049506,86.900000,84.850494
821,995.167952,5.415783,16.574529,2.327184,76.500000,78.827184
822,993.958711,6.008840,16.557263,2.451294,69.100000,66.648706
823,992.834585,73.299519,16.547500,8.561514,66.100000,57.538486
824,991.683647,49.065609,16.535863,7.004685,72.900000,65.895315
825,990.562408,71.146040,16.525995,8.434811,78.300000,69.865189
826,989.364054,5.515113,16.508748,2.348428,76.300000,78.648428
827,988.209119,38.852651,16.496262,6.233190,71.700000,77.933190
828,987.144993,111.369133,16.489050,10.553158,75.400000,64.846842
829,986.347426,329.153034,16.491054,18.142575,79.700000,61.557425
830,986.078278,764.030519,16.504553,27.641102,92.200000,64.558898
831,984.928019,34.814297,16.491730,5.900364,99.400000,105.300364
832,983.763804,20.958161,16.477342,4.578008,88.900000,93.478008
833,982.581773,3.860014,16.459835,1.964692,81.200000,83.164692
834,981.690159,242.542478,16.458768,15.573775,93.400000,77.826225
835,980.602143,77.548369,16.449559,8.806155,90.800000,81.993845
836,979.430407,5.717784,16.432662,2.391189,81.100000,78.708811
837,978.337449,68.996845,16.422907,8.306434,72.000000,80.306434
838,977.475459,259.437649,16.422528,16.107068,63.000000,79.107068
839,976.332027,22.709645,16.408567,4.765464,56.200000,51.434536
840,975.215992,43.326865,16.396813,6.582315,51.200000,44.617685
841,974.059889,7.557374,16.380508,2.749068,47.100000,49.849068
842,973.133909,198.088665,16.377756,14.074397,43.100000,57.174397
843,972.124506,126.244890,16.371627,11.235875,40.800000,52.035875
844,971.152779,155.874082,16.367000,12.484954,38.300000,50.784954
845,970.156736,133.480562,16.361277,11.553379,36.100000,47.653379
846,969.166952,136.758213,16.355734,11.694367,33.700000,45.394367
847,968.149946,111.831128,16.348877,10.575024,32.100000,42.675024
848,967.079120,64.372899,16.339012,8.023272,32.300000,40.323272
849,966.020260,72.342042,16.329742,8.505413,35.000000,43.505413
850,964.982153,87.782474,16.321514,9.369230,34.900000,44.269230
851,963.971045,108.573602,16.314546,10.419866,34.400000,44.819866
852,962.892336,49.225322,16.303581,7.016076,32.200000,39.216076
853,961.853252,80.709866,16.294960,8.983867,31.000000,39.983867
854,960.734460,10.880448,16.279670,3.298552,30.900000,34.198552
855,959.605914,0.341719,16.261227,0.584567,32.000000,31.415433
856,958.488378,7.465398,16.245348,2.732288,32.100000,29.367712
857,957.432755,58.041727,16.235234,7.618512,31.300000,38.918512
858,956.947673,543.172770,16.243514,23.306067,31.000000,54.306067
859,955.975531,125.766747,16.237632,11.214577,30.800000,42.014577
860,954.874271,13.296541,16.222923,3.646442,38.100000,41.746442
861,953.761451,1.187391,16.205264,1.089675,71.200000,70.110325
862,954.526984,1610.588820,16.233151,40.132142,80.000000,120.132142
863,953.716854,258.625490,16.232975,16.081837,105.000000,88.918163
864,958.999836,5497.081208,16.300311,74.142304,162.000000,87.857696
865,957.915856,25.693101,16.287267,5.068836,140.000000,134.931164
866,956.804883,0.257194,16.268960,0.507143,113.000000,113.507143
867,955.853093,135.410385,16.263593,11.636597,82.700000,94.336597
868,955.738748,857.058794,16.278653,29.275567,62.700000,91.975567
869,955.457649,712.588082,16.290694,26.694346,51.300000,77.994346
870,954.396401,36.416650,16.278851,6.034621,45.000000,51.034621
871,953.784249,423.660796,16.283815,20.583022,39.500000,60.083022
872,953.054359,320.239874,16.285672,17.895247,36.900000,54.795247
873,952.265149,267.230562,16.285743,16.347188,35.000000,51.347188
874,951.744697,499.471930,16.292712,22.348869,31.900000,54.248869
875,950.849530,172.054607,16.289066,13.116959,29.200000,42.316959
876,949.835856,66.925683,16.279767,8.180812,28.000000,36.180812
877,948.751570,3.254202,16.263185,1.803941,30.800000,32.603941
878,947.671472,4.745539,16.247070,2.178426,33.000000,30.821574
879,946.641086,46.083995,16.236260,6.788519,34.700000,27.911481
880,945.644962,74.036435,16.227548,8.604443,33.500000,24.895557
881,944.725253,139.059755,16.222491,11.792360,30.800000,19.007640
882,943.656828,6.648580,16.206951,2.578484,28.300000,25.721516
883,942.583436,0.145021,16.188946,0.380817,25.800000,26.180817
884,941.601242,78.253124,16.180602,8.846080,25.500000,16.653920
885,940.532851,0.348466,16.162906,0.590310,24.000000,23.409690
886,939.911043,392.098376,16.167032,19.801474,23.200000,3.398526
887,939.110225,232.788605,16.166001,15.257411,22.300000,7.042589
888,938.229824,160.835818,16.162060,12.682106,22.000000,9.317894
889,937.289990,106.476515,16.155458,10.318746,22.100000,11.781254
890,936.528891,262.956751,16.155526,16.215941,23.800000,7.584059
891,935.576166,91.461811,16.148094,9.563567,23.600000,14.036433
892,934.944517,374.671141,16.151707,19.356424,22.400000,3.043576
893,933.933821,36.436077,16.140329,6.036230,21.400000,15.363770
894,932.891148,5.954989,16.124935,2.440285,20.400000,17.959715
895,931.968269,110.605842,16.118641,10.516931,19.600000,9.083069
896,931.169998,219.910634,16.117196,14.829384,19.200000,4.370616
897,930.664373,479.647006,16.123673,21.900845,20.700000,-1.200845
898,929.913098,259.024809,16.123640,16.094248,23.300000,7.205752
899,929.274550,358.412038,16.126777,18.931773,29.000000,10.068227
900,928.526174,258.729721,16.126731,16.085078,31.400000,47.485078
901,927.609505,106.274014,16.120245,10.308929,27.600000,37.908929
902,926.621097,40.019417,16.109338,6.326090,23.700000,30.026090
903,925.592975,2.339371,16.093120,1.529500,23.600000,22.070500
904,924.569262,4.250857,16.077530,2.061761,27.500000,25.438239
905,923.553941,9.765344,16.063154,3.124955,30.000000,33.124955
906,922.620317,81.424744,16.055350,9.023566,28.200000,19.176434
907,921.606104,6.786230,16.040455,2.605039,25.400000,22.794961
908,920.638396,46.797909,16.030278,6.840900,22.500000,29.340900
909,919.690480,62.774472,16.021320,7.923034,20.300000,28.223034
910,918.699851,22.180732,16.008835,4.709642,18.400000,23.109642
911,917.914365,206.264331,16.007019,14.361906,17.100000,2.738094
912,917.238541,304.266277,16.008601,17.443230,17.000000,-0.443230
913,916.354545,113.685890,16.002719,10.662359,17.200000,6.537641
914,915.410154,56.959019,15.993427,7.547120,20.100000,12.552880
915,914.570075,150.097851,15.989320,12.251443,21.200000,8.948557
916,913.788373,201.657630,15.987358,14.200621,19.200000,4.999379
917,912.790730,2.941050,15.971726,1.714949,17.300000,15.585051
918,911.810229,16.612510,15.958711,4.075845,16.000000,20.075845
919,910.819396,5.198105,15.943761,2.279935,15.800000,18.079935
920,909.825629,0.528288,15.927149,0.726834,16.100000,15.373166
921,908.849967,15.144374,15.914024,3.891577,15.300000,11.408423
922,907.863642,3.403605,15.898698,1.844886,14.800000,16.644886
923,906.896027,18.625334,15.886094,4.315708,14.900000,19.215708
924,905.910972,0.644958,15.869700,0.803093,15.100000,15.903093
925,905.018273,83.734961,15.862404,9.150681,16.900000,7.749319
926,904.037206,0.475274,15.845948,0.689401,18.600000,19.289401
927,903.077384,18.121110,15.833392,4.256890,17.100000,21.356890
928,902.109779,9.010148,15.819505,3.001691,16.200000,19.201691
929,901.153516,17.566507,15.806934,4.191242,15.300000,19.491242
930,900.232823,48.592267,15.797391,6.970815,15.000000,21.970815
931,899.334449,67.440332,15.789209,8.212206,13.800000,22.012206
932,898.365906,0.526395,15.772976,0.725531,13.000000,12.274469
933,897.452189,49.522575,15.763573,7.037228,13.200000,6.162772
934,896.582884,88.998731,15.756767,9.433914,13.400000,3.966086
935,895.669840,46.538999,15.747170,6.821950,17.700000,10.878050
936,894.805637,90.232567,15.740466,9.499082,29.800000,20.300918
937,894.667201,765.644412,15.753253,27.670280,24.600000,52.270280
938,894.031008,300.463325,15.754945,17.333878,20.600000,37.933878
939,893.252478,166.105474,15.751879,12.888191,17.900000,30.788191
940,892.438462,131.332979,15.747294,11.460060,16.200000,27.660060
941,891.708313,208.288695,15.745890,14.432210,15.600000,30.032210
942,890.839545,76.804336,15.738446,8.763808,15.300000,24.063808
943,889.892093,1.182166,15.722844,1.087274,14.700000,15.787274
944,888.969449,22.606735,15.711175,4.754654,13.800000,18.554654
945,888.035405,10.034362,15.697845,3.167706,13.300000,16.467706
946,887.113914,19.990456,15.685927,4.471069,12.900000,8.428931
947,886.465793,275.936353,15.686909,16.611332,12.500000,-4.111332
948,885.705588,168.831959,15.684055,12.993535,12.600000,-0.393535
949,884.864328,90.714786,15.677537,9.524431,17.500000,7.975569
950,883.928955,0.001608,15.661007,0.040095,20.500000,20.540095
951,882.999510,3.744529,15.646513,1.935079,17.800000,19.735079
952,882.071683,3.419124,15.631959,1.849087,16.100000,17.949087
953,881.151317,8.644362,15.618585,2.940130,14.700000,17.640130
954,880.237571,13.092675,15.605953,3.618380,13.700000,17.318380
955,879.365873,51.252781,15.597071,7.159105,13.200000,20.359105
956,878.458724,15.759906,15.584858,3.969875,13.000000,16.969875
957,877.538648,1.626130,15.569842,1.275198,12.600000,13.875198
958,876.625780,6.662971,15.556227,2.581273,12.300000,14.881273
959,875.722396,13.893674,15.543841,3.727422,12.000000,15.727422
960,874.809494,2.988713,15.529390,1.728789,12.100000,13.828789
961,873.903117,7.406751,15.516007,2.721535,11.500000,8.778465
962,873.025214,32.872010,15.505796,5.733412,11.000000,5.266588
963,872.266789,145.695211,15.502213,12.070427,14.300000,2.229573
964,871.362108,3.773506,15.488089,1.942551,18.800000,16.857449
965,870.557833,98.453620,15.482297,9.922380,17.900000,27.822380
966,869.689699,35.412746,15.472389,5.950861,15.900000,21.850861
967,868.810901,23.406921,15.461346,4.838070,14.600000,19.438070
968,867.952395,41.211833,15.451967,6.419644,13.100000,19.519644
969,867.142261,86.173258,15.445574,9.282955,11.900000,21.182955
970,866.331380,83.830624,15.439063,9.155907,12.500000,21.655907
971,865.441121,5.451458,15.425512,2.334836,12.500000,10.165164
972,864.550810,3.619785,15.411542,1.902573,13.200000,15.102573
973,863.659308,0.685238,15.396491,0.827791,13.100000,13.927791
974,862.829897,59.130308,15.388546,7.689623,12.600000,20.289623
975,861.969448,27.333833,15.378082,5.228177,12.000000,6.771823
976,861.083250,0.585045,15.363048,0.764883,11.900000,12.664883
977,860.210685,12.077459,15.350831,3.475264,12.100000,8.624736
978,859.331784,4.161836,15.337164,2.040058,12.200000,10.159942
979,858.451555,1.108369,15.322514,1.052791,11.900000,10.847209
980,857.642874,69.179231,15.315336,8.317405,11.800000,20.117405
981,856.893408,125.414083,15.311123,11.198843,13.400000,24.598843
982,856.171326,150.697358,15.308020,12.275885,16.500000,28.775885
983,855.345329,47.519817,15.299424,6.893462,17.400000,24.293462
984,854.472538,0.010023,15.283915,0.100115,16.300000,16.199885
985,853.607742,6.107864,15.270854,2.471409,14.900000,12.428591
986,852.746773,8.136698,15.258208,2.852490,14.500000,11.647510
987,851.882006,2.680348,15.244352,1.637177,14.000000,12.362823
988,851.048168,31.385285,15.234553,5.602257,14.000000,19.602257
989,850.184873,0.703167,15.219938,0.838550,15.400000,14.561450
990,849.333337,10.570092,15.207799,3.251168,16.400000,13.148832
991,848.514961,41.596665,15.198925,6.449548,17.600000,11.150452
992,847.656165,0.024200,15.183699,0.155565,17.900000,18.055565
993,846.828254,28.852204,15.173778,5.371425,19.100000,13.728575
994,846.015987,42.683778,15.165050,6.533282,18.300000,11.766718
995,845.255840,92.710849,15.159463,9.628647,17.000000,7.371353
996,844.404091,0.320200,15.144752,0.565862,16.400000,16.965862
997,843.572961,19.092406,15.133901,4.369486,18.900000,23.269486
998,842.773898,49.303659,15.125740,7.021656,25.800000,18.778344
999,842.637664,707.221204,15.137265,26.593631,26.000000,52.593631
1000,841.899044,106.972916,15.132451,10.342771,27.000000,37.342771
1001,841.061428,6.795300,15.119888,2.606780,31.100000,33.706780
1002,840.226795,8.097986,15.107589,2.845696,34.900000,37.745696
1003,839.395034,9.297525,15.095519,3.049184,32.200000,35.249184
1004,838.556217,0.577702,15.081183,0.760067,29.300000,30.060067
1005,837.730480,11.993729,15.069577,3.463196,31.200000,34.663196
1006,838.491379,1600.150890,15.094459,40.001886,73.400000,33.398114
1007,837.850785,195.975646,15.093367,13.999130,120.000000,106.000870
1008,837.053980,37.858512,15.084463,6.152927,110.000000,103.847073
1009,836.681627,462.839335,15.090860,21.513701,88.900000,110.413701
1010,836.199069,351.228484,15.094488,18.741091,72.000000,90.741091
1011,835.579156,211.946835,15.093956,14.558394,63.200000,77.758394
1012,834.825793,76.188629,15.087641,8.728610,56.600000,65.328610
1013,834.065814,68.007812,15.080861,8.246685,53.600000,61.846685
1014,833.272853,33.174328,15.071632,5.759716,69.600000,63.840284
1015,833.350122,911.392577,15.086585,30.189279,103.000000,72.810721
1016,832.573545,47.453530,15.078485,6.888652,98.100000,104.988652
1017,831.796609,45.537965,15.070261,6.748182,79.600000,86.348182
1018,831.307413,335.751334,15.073470,18.323519,64.300000,82.623519
1019,830.826624,343.307427,15.076874,18.528557,52.800000,71.328557
1020,830.331095,327.369026,15.079843,18.093342,45.600000,63.693342
1021,829.662449,150.317755,15.077070,12.260414,40.300000,52.560414
1022,828.953141,107.587385,15.072449,10.372434,36.900000,47.272434
1023,828.462670,329.162688,15.075462,18.142841,33.900000,52.042841
1024,828.015214,372.057120,15.079593,19.288782,31.800000,51.088782
1025,827.289350,86.908463,15.073954,9.322471,33.400000,42.722471
1026,826.549222,70.878600,15.067442,8.418943,33.200000,41.618943
1027,825.858581,120.023435,15.063423,10.955521,32.300000,43.255521
1028,825.284803,238.310348,15.063788,15.437304,31.000000,46.437304
1029,824.809224,337.815989,15.067023,18.379771,29.700000,48.079771
1030,824.006164,0.869768,15.053247,0.932613,28.600000,27.667387
1031,823.250156,47.585632,15.045306,6.898234,26.900000,20.001766
1032,822.605250,160.287099,15.042986,12.660454,37.200000,24.539546
1033,835.465372,14055.670552,15.143583,118.556613,173.000000,54.443387
1034,834.832825,183.942375,15.142048,13.562536,172.000000,185.562536
1035,834.028059,5.119086,15.129555,2.262540,151.000000,148.737460
1036,833.470260,258.379334,15.130471,16.074182,126.000000,142.074182
1037,833.147267,499.818730,15.137466,22.356626,103.000000,125.356626
1038,832.424294,85.593048,15.131774,9.251651,89.700000,98.951651
1039,831.624730,4.875561,15.119287,2.208067,81.300000,83.508067
1040,830.825368,3.485855,15.106495,1.867045,72.600000,70.732955
1041,830.119011,98.332418,15.101490,9.916270,66.000000,75.916270
1042,829.319707,0.441608,15.087582,0.664536,70.200000,69.535464
1043,828.521731,0.222739,15.073515,0.471953,76.100000,76.571953
1044,828.316838,615.433372,15.082875,24.807930,98.000000,73.192070
1045,827.546476,26.369308,15.073319,5.135105,94.800000,89.664895
1046,826.757160,5.079577,15.061016,2.253792,78.700000,80.953792
1047,826.300292,350.243374,15.064519,18.714790,64.700000,83.414790
1048,825.713059,213.229271,15.064077,14.602372,56.700000,71.302372
1049,827.096855,2271.780485,15.095272,47.663198,103.000000,55.336802
1050,829.737133,3588.827714,15.138113,59.906825,153.000000,93.093175
1051,829.440277,518.928268,15.145412,22.779997,146.000000,168.779997
1052,828.674549,26.957065,15.135914,5.192019,128.000000,122.807981
1053,827.890871,6.597173,15.123934,2.568496,108.000000,110.568496
1054,829.825610,2859.366234,15.160457,53.473042,141.000000,87.526958
1055,845.144031,16929.486555,15.269832,130.113360,229.000000,98.886640
1056,844.618192,291.961051,15.271559,17.086868,229.000000,211.913132
1057,843.823393,7.694716,15.259690,2.773935,191.000000,188.226065
1058,843.352582,347.589295,15.262901,18.643747,149.000000,167.643747
1059,843.272600,758.971363,15.274547,27.549435,117.000000,144.549435
1060,843.020361,576.908118,15.282827,24.018912,96.400000,120.418912
1061,842.258407,37.634918,15.274173,6.134730,90.900000,97.034730
1062,841.463760,1.522096,15.260902,1.233732,86.000000,87.233732
1063,840.684961,16.715443,15.250352,4.088452,88.000000,92.088452
1064,839.926522,36.739587,15.241683,6.061319,84.700000,90.761319
1065,839.262435,135.330595,15.238282,11.633168,78.400000,90.033168
1066,838.842498,393.288680,15.242607,19.831507,76.000000,95.831507
1067,839.622021,1667.475363,15.266682,40.834732,105.000000,64.165268
1068,839.093703,277.491675,15.267990,16.658081,88.700000,105.358081
1069,838.848563,578.019388,15.276229,24.042034,72.800000,96.842034
1070,838.143567,87.323508,15.270664,9.344705,79.000000,88.344705
1071,837.509581,161.680655,15.268270,12.715371,81.400000,94.115371
1072,837.086036,385.162869,15.272349,19.625567,74.300000,93.925567
1073,836.500402,211.043106,15.271653,14.527323,71.700000,86.227323
1074,836.340950,665.886996,15.281497,25.804786,66.500000,92.304786
1075,835.642733,88.550619,15.276014,9.410134,66.900000,76.310134
1076,835.261620,427.089401,15.281043,20.666141,80.900000,60.233859
1077,834.483679,0.530935,15.267480,0.728653,76.000000,75.271347
1078,833.706701,0.009933,15.253357,0.099662,69.200000,69.299662
1079,832.949328,19.529977,15.243279,4.419273,83.700000,79.280727
1080,832.371970,211.712816,15.242635,14.550355,98.200000,83.649645
1081,831.628613,31.776105,15.233716,5.637030,104.000000,98.362970
1082,830.949272,99.299262,15.228829,9.964901,79.000000,88.964901
1083,830.789614,658.677661,15.238501,25.664716,55.000000,80.664716
1084,830.241506,238.833552,15.238700,15.454241,50.000000,65.454241
1085,830.034019,605.948007,15.247375,24.616011,45.000000,69.616011
1086,837.858276,9295.880483,15.322391,96.415147,142.000000,45.584853
1087,871.705944,37494.881777,15.487039,193.635952,370.000000,176.364048
1088,876.428013,5990.429316,15.544153,77.397864,306.000000,383.397864
1089,884.613275,9757.437705,15.620867,98.779743,245.000000,343.779743
1090,883.841536,46.504760,15.612763,6.819440,190.000000,196.819440
1091,883.037010,9.320922,15.601208,3.053019,155.000000,151.946981
1092,882.671918,485.817711,15.607128,22.041273,115.000000,137.041273
1093,882.021245,174.088110,15.604912,13.194245,83.000000,96.194245
1094,883.194166,2160.506064,15.633239,46.481244,74.500000,120.981244
1095,883.003291,674.949576,15.642722,25.979792,67.000000,92.979792
1096,882.233436,42.321493,15.634355,6.505497,62.500000,69.005497
1097,881.568576,155.540605,15.631461,12.471592,68.100000,55.628408
1098,880.788909,28.613647,15.622063,5.349173,68.100000,62.750827
1099,880.065631,88.799659,15.616402,9.423357,63.000000,72.423357
1100,879.308212,49.934443,15.608601,7.066431,59.500000,52.433569
1101,878.715071,228.631527,15.608156,15.120566,62.500000,47.379434
1102,878.349183,476.970363,15.613831,21.839651,67.500000,45.660349
1103,877.773672,245.862551,15.613891,15.680005,64.000000,48.319995
1104,877.510121,587.867597,15.621739,24.245981,63.000000,38.754019
1105,876.745827,36.022195,15.613001,6.001849,61.400000,55.398151
1106,875.950843,0.673452,15.599578,0.820641,60.700000,59.879359
1107,875.157866,1.298123,15.586468,1.139352,60.300000,59.160648
1108,874.366992,2.032398,15.573641,1.425622,60.000000,58.574378
1109,873.623966,53.323284,15.566156,7.302279,50.000000,57.302279
1110,873.594802,841.368338,15.578308,29.006350,46.500000,17.493650
1111,873.892165,1202.776474,15.595564,34.681068,47.000000,12.318932
1112,873.722621,686.037183,15.605128,26.192312,49.500000,23.307688
1113,872.963594,31.961209,15.596154,5.653425,44.000000,38.346575
1114,872.235685,64.984671,15.589366,8.061307,40.700000,48.761307
1115,871.537153,96.166927,15.584161,9.806474,37.800000,47.606474
1116,871.004543,279.274839,15.585175,16.711518,35.600000,18.888482
1117,870.387092,183.781156,15.583352,13.556591,34.100000,20.543409
1118,869.652774,52.357101,15.575859,7.235821,32.600000,25.364179
1119,868.873531,0.796347,15.562690,0.892383,31.400000,32.292383
1120,868.096644,1.868328,15.549970,1.366868,30.300000,31.666868
1121,867.321720,2.506256,15.537466,1.583116,32.200000,30.616884
1122,866.551226,5.909099,15.525743,2.430864,35.100000,32.669136
1123,866.104093,366.209263,15.528969,19.136595,43.200000,24.063405
1124,865.336656,6.575760,15.517394,2.564324,56.800000,54.235676
1125,864.614071,55.318263,15.510186,7.437625,70.600000,63.162375
1126,863.956163,126.440883,15.506384,11.244594,72.100000,60.855406
1127,863.305335,133.077238,15.502849,11.535911,73.600000,62.064089
1128,863.005491,526.280702,15.509466,22.940809,78.000000,55.059191
1129,863.184729,1064.648036,15.524684,32.628945,82.000000,49.371055
1130,862.572359,173.656282,15.522599,13.177871,62.000000,48.822129
1131,861.946471,157.195928,15.519951,12.537780,54.400000,66.937780
1132,861.191820,10.700142,15.509092,3.271107,49.200000,52.471107
1133,860.726839,336.228634,15.511596,18.336538,58.000000,39.663462
1134,859.987089,24.809518,15.502277,4.980915,42.800000,47.780915
1135,859.395847,191.292273,15.500799,13.830845,33.900000,47.730845
1136,858.928469,330.323424,15.503162,18.174802,36.200000,54.374802
1137,858.204921,39.148827,15.495001,6.256902,45.700000,39.443098
1138,857.721477,309.979661,15.496862,17.606239,54.400000,36.793761
1139,862.754453,6570.149339,15.554624,81.056458,119.000000,37.943542
1140,862.007717,14.462172,15.544279,3.802916,130.000000,133.802916
1141,863.012123,2004.016964,15.569980,44.766248,145.000000,100.233752
1142,862.461261,236.131020,15.569802,15.366555,123.000000,107.633445
1143,861.760582,64.388652,15.563177,8.024254,101.000000,92.975746
1144,861.105204,114.629647,15.558917,10.706524,86.000000,96.706524
1145,860.352560,2.338314,15.546621,1.529155,71.000000,69.470845
1146,859.622768,26.929525,15.537551,5.189366,60.000000,65.189366
1147,858.904317,38.433527,15.529381,6.199478,51.500000,57.699478
1148,858.166474,14.811716,15.519171,3.848599,58.600000,62.448599
1149,869.567739,13912.615488,15.608632,117.951751,182.000000,64.048249
1150,875.208071,7333.387789,15.669737,85.635202,317.000000,231.364798
1151,877.938554,4007.072582,15.711264,63.301442,250.000000,313.301442
1152,877.484122,356.249699,15.714020,18.874578,218.000000,199.125422
1153,878.091009,1574.798214,15.734881,39.683727,208.000000,168.316273
1154,881.240524,4500.033079,15.779531,67.082286,210.000000,142.917714
1155,882.372206,2183.806760,15.806422,46.731218,173.000000,126.268782
1156,882.281596,777.988641,15.816913,27.892448,151.000000,123.107552
1157,881.651330,155.585057,15.814014,12.473374,131.000000,118.526626
1158,880.887856,0.602987,15.800983,0.776522,110.000000,109.223478
1159,880.182891,66.653291,15.794371,8.164147,89.900000,98.064147
1160,879.422925,1.662090,15.781823,1.289221,82.000000,83.289221
1161,878.760058,112.485600,15.777350,10.605923,76.700000,87.305923
1162,878.005579,5.072738,15.765670,2.252274,75.600000,77.852274
1163,877.256561,9.894655,15.754781,3.145577,81.100000,77.954423
1164,876.501451,1.328689,15.742193,1.152688,88.100000,89.252688
1165,875.802605,65.141015,15.735586,8.070998,108.000000,99.929002
1166,877.184738,2481.841229,15.764917,49.818081,152.000000,102.181919
1167,876.435138,5.399662,15.753359,2.323717,151.000000,148.676283
1168,876.176344,575.199735,15.760430,23.983322,147.000000,123.016678
1169,876.642396,1419.126730,15.779237,37.671298,146.000000,108.328702
1170,876.431434,630.660713,15.787242,25.112959,148.000000,122.887041
1171,883.119364,8681.245434,15.853554,93.173201,199.000000,105.826799
1172,882.812379,524.561174,15.859590,22.903301,214.000000,191.096699
1173,882.059129,2.263244,15.847310,1.504408,187.000000,188.504408
1174,882.433372,1319.922491,15.864817,36.330738,202.000000,165.669262
1175,926.102214,52018.647354,16.046039,228.075968,405.000000,176.924032
1176,925.997597,803.492151,16.056534,28.345937,393.000000,364.654063
1177,925.473385,311.096796,16.057882,17.637936,380.000000,362.362064
1178,940.373249,18417.912849,16.159803,135.712611,234.000000,369.712611
1179,943.296325,4374.987459,16.202342,66.143688,172.000000,238.143688
1180,943.084302,693.957774,16.210965,26.343078,143.000000,169.343078
1181,942.406247,145.013411,16.207423,12.042151,123.000000,110.957849
1182,941.978734,438.796056,16.211447,20.947459,107.000000,127.947459
1183,941.183629,4.550128,16.199506,2.133103,99.800000,97.666897
1184,942.079283,1998.054901,16.223659,44.699607,101.000000,145.699607
1185,941.439458,186.445691,16.221484,13.654512,101.000000,87.345488
1186,940.643317,0.401438,16.208296,0.633592,103.000000,103.633592
1187,956.459614,19651.323186,16.313093,140.183177,234.000000,93.816823
1188,964.487694,10461.705674,16.385702,102.282480,316.000000,213.717520
1189,970.594028,8200.493009,16.448294,90.556574,335.000000,244.443426
1190,970.204291,508.366138,16.453436,22.546976,263.000000,240.453024
1191,969.708308,381.472370,16.456029,19.531318,171.000000,190.531318
1192,970.329110,1707.221860,16.476957,41.318541,130.000000,171.318541
1193,970.024469,608.110558,16.483839,24.659898,140.000000,115.340102
1194,977.967774,10422.557663,16.555778,102.090928,213.000000,110.909072
1195,980.067874,3479.187150,16.591402,58.984635,205.000000,146.015365
1196,979.628106,455.863727,16.595395,21.350965,177.000000,155.649035
1197,979.440376,755.666892,16.604527,27.489396,139.000000,166.489396
1198,979.199469,691.796455,16.612649,26.302024,122.000000,148.302024
1199,979.849630,1756.142591,16.633815,41.906355,155.000000,113.093645
1200,980.622381,1904.059618,16.656392,43.635532,165.000000,121.364468
1201,980.572346,920.730636,16.667826,30.343544,153.000000,122.656456
1202,979.773626,23.705870,16.657977,4.868867,133.000000,137.868867
1203,978.975959,23.371167,16.648116,4.834373,114.000000,118.834373
1204,978.178146,21.599721,16.638116,4.647550,98.000000,102.647550
1205,977.368305,5.558696,16.626225,2.357689,86.500000,88.857689
1206,976.558335,3.784787,16.614012,1.945453,80.200000,78.254547
1207,975.771145,29.568323,16.604721,5.437676,80.800000,86.237676
1208,975.058483,117.726534,16.599942,10.850186,77.000000,87.850186
1209,974.388239,167.414909,16.596903,12.938891,71.000000,83.938891
1210,973.688035,129.941800,16.592594,11.399202,67.100000,78.499202
1211,972.881410,0.092335,16.579098,0.303867,64.200000,64.503867
1212,972.088830,15.443632,16.568627,3.929839,60.800000,56.870161
1213,971.294971,12.313455,16.557825,3.509053,57.400000,60.909053
1214,970.565669,88.839515,16.551931,9.425472,54.800000,64.225472
1215,969.787232,27.879114,16.542623,5.280068,54.900000,60.180068
1216,969.107573,146.040400,16.538945,12.084718,53.600000,65.684718
1217,968.332615,29.084064,16.529756,5.392964,51.900000,57.292964
1218,967.554035,23.136268,16.520102,4.810017,50.600000,55.410017
1219,966.807805,60.884711,16.512927,7.802866,47.400000,55.202866
1220,966.039835,32.955873,16.504069,5.740721,46.400000,40.659279
1221,965.305010,71.758010,16.497468,8.471010,44.500000,36.028990
1222,964.512556,0.095303,16.484177,0.308713,41.900000,42.208713
1223,963.726965,6.877513,16.472805,2.622501,42.600000,39.977499
1224,962.937558,0.650186,16.459964,0.806341,41.500000,42.306341
1225,962.161840,15.785752,16.449737,3.973129,41.000000,44.973129
1226,961.385560,13.548171,16.439288,3.680784,47.100000,43.419216
1227,960.666931,82.502104,16.433273,9.083067,46.500000,55.583067
1228,959.939780,70.634577,16.426714,8.404438,42.600000,51.004438
1229,959.316391,196.288031,16.424741,14.010283,39.400000,53.410283
1230,958.656342,150.096249,16.421337,12.251377,36.300000,48.551377
1231,957.898512,28.798777,16.412327,5.366449,33.700000,39.066449
1232,957.119634,1.435997,16.399938,1.198331,31.100000,29.901669
1233,956.341872,1.250309,16.387504,1.118172,32.000000,30.881828
1234,955.572311,9.782513,16.376723,3.127701,39.300000,42.427701
1235,955.645519,1045.690636,16.389689,32.337140,64.500000,32.162860
1236,955.271222,494.511744,16.394435,22.237620,66.600000,88.837620
1237,954.869644,460.126131,16.398536,21.450551,57.800000,79.250551
1238,954.100311,5.511704,16.387150,2.347702,51.300000,53.647702
1239,953.377711,61.690019,16.380241,7.854299,46.200000,54.054299
1240,952.606486,0.143383,16.367294,0.378659,40.700000,41.078659
1241,951.882581,57.136645,16.360173,7.558879,35.900000,43.458879
1242,951.116203,3.106091,16.348382,1.762411,32.300000,34.062411
1243,950.480260,163.183453,16.345497,12.774328,29.700000,42.474328
1244,949.814659,125.134303,16.341337,11.186344,28.200000,39.386344
1245,949.121075,89.077390,16.335774,9.438082,26.800000,36.238082
1246,948.405299,60.126390,16.328865,7.754121,25.300000,33.054121
1247,947.694224,64.539500,16.322191,8.033648,24.000000,32.033648
1248,946.934859,3.044200,16.310473,1.744763,22.400000,20.655237
1249,946.209079,43.338772,16.302660,6.583219,21.700000,15.116781
1250,945.659909,261.943808,16.302565,16.184678,21.100000,4.915322
1251,944.952082,62.999588,16.295857,7.937228,24.600000,16.662772
1252,944.209751,18.522795,16.286248,4.303812,29.300000,24.996188
1253,943.567183,141.642285,16.282737,11.901356,27.700000,39.601356
1254,942.821922,11.991197,16.272481,3.462831,24.900000,28.362831
1255,942.074775,8.141157,16.261754,2.853271,23.700000,26.553271
1256,941.322797,0.597509,16.249383,0.772987,24.300000,25.072987
1257,940.592381,26.112370,16.240493,5.110026,25.300000,30.410026
1258,939.918821,95.947057,16.235353,9.795257,25.700000,35.495257
1259,939.220210,63.162039,16.228749,7.947455,22.200000,30.147455
1260,938.490162,22.279877,16.219586,4.720156,20.400000,25.120156
1261,937.846141,128.955830,16.215717,11.355872,18.900000,7.544128
1262,937.168794,85.744524,16.210188,9.259834,17.600000,8.340166
1263,936.455735,39.427500,16.202300,6.279132,17.500000,11.220868
1264,935.712521,0.005021,16.189497,0.070859,16.700000,16.770859
1265,934.998687,35.568514,16.181388,5.963934,16.100000,22.063934
1266,934.266434,10.895224,16.171181,3.300791,15.700000,19.000791
1267,933.530805,5.166590,16.160177,2.273013,15.700000,17.973013
1268,932.793793,1.948298,16.148497,1.395814,15.700000,17.095814
1269,932.056789,0.484068,16.136281,0.695750,15.400000,16.095750
1270,931.351630,39.325606,16.128489,6.271013,16.400000,22.671013
1271,930.644252,35.103705,16.120435,5.924838,15.100000,21.024838
1272,929.928306,22.823656,16.111490,4.777411,16.700000,11.922589
1273,929.232322,46.725447,16.104180,6.835601,23.100000,16.264399
1274,928.537359,46.628825,16.096876,6.828530,31.600000,38.428530
1275,927.837364,38.844262,16.089115,6.232516,34.200000,40.432516
1276,928.745394,2082.851300,16.112346,45.638266,77.200000,31.561734
1277,928.172275,199.164941,16.110775,14.112581,106.000000,120.112581
1278,927.715559,346.315965,16.112736,18.609566,71.300000,89.909566
1279,927.542751,707.385314,16.120959,26.596716,49.100000,75.696716
1280,927.488442,858.244213,16.131284,29.295805,38.000000,67.295805
1281,927.519324,966.924399,16.143002,31.095408,28.100000,59.195408
1282,927.126417,425.385317,16.146509,20.624871,25.300000,45.924871
1283,926.555055,196.353328,16.144841,14.012613,23.200000,37.212613
1284,926.194905,465.563535,16.149085,21.576921,20.900000,42.476921
1285,925.600738,165.067555,16.146507,12.847862,19.600000,32.447862
1286,924.926220,60.868502,16.139998,7.801827,18.200000,26.001827
1287,924.257653,67.154240,16.133806,8.194769,17.300000,25.494769
1288,923.538664,1.076539,16.122048,1.037564,17.200000,16.162436
1289,922.822214,2.900144,16.110827,1.702981,15.700000,17.402981
1290,922.104815,0.246437,16.098686,0.496425,16.600000,16.103575
1291,921.389517,1.517158,16.087134,1.231730,16.300000,15.068270
1292,920.678214,5.231152,16.076420,2.287171,16.400000,18.687171
1293,919.971015,9.097846,16.066288,3.016264,16.500000,19.516264
1294,919.259811,2.518326,16.055063,1.586923,15.900000,17.486923
1295,918.553239,7.075459,16.044688,2.659974,14.900000,12.240026
1296,917.927651,110.293219,16.040398,10.502058,14.400000,3.897942
1297,917.452217,303.191889,16.041459,17.412406,14.000000,-3.412406
1298,916.829648,111.847242,16.037235,10.575786,14.000000,3.424214
1299,916.152391,39.782640,16.029721,6.307348,17.700000,11.392652
1300,915.446207,0.937841,16.018100,0.968422,23.800000,22.831578
1301,914.794579,70.284471,16.012214,8.383583,25.500000,33.883583
1302,914.140919,66.343395,16.006153,8.145146,21.000000,29.145146
1303,913.449729,16.285540,15.996938,4.035535,20.600000,24.635535
1304,912.752777,7.412024,15.986727,2.722503,22.000000,19.277497
1305,912.063727,16.298289,15.977542,4.037114,23.000000,18.962886
1306,911.363320,0.134537,15.965552,0.366793,22.100000,22.466793
1307,910.688356,31.884679,15.957632,5.646652,19.400000,25.046652
1308,910.032607,55.591507,15.951113,7.455971,17.200000,24.655971
1309,909.411580,99.592397,15.946537,9.979599,16.200000,6.220401
1310,908.766982,67.567013,15.940621,8.219916,15.800000,7.580084
1311,908.082785,14.521308,15.931340,3.810683,14.500000,10.689317
1312,907.388772,0.314234,15.919589,0.560566,14.500000,15.060566
1313,906.705377,12.824441,15.910163,3.581123,14.400000,17.981123
1314,906.023370,13.276835,15.900799,3.643739,14.300000,17.943739
1315,905.338171,7.726373,15.890790,2.779635,13.600000,16.379635
1316,904.656190,10.579122,15.881158,3.252556,13.100000,16.352556
1317,903.975834,11.349965,15.871628,3.368971,12.900000,16.268971
1318,903.414615,166.532882,15.869370,12.904762,13.100000,0.195238
1319,902.759723,42.231828,15.862244,6.498602,14.300000,7.801398
1320,902.095842,29.092253,15.854289,5.393723,14.400000,9.006277
1321,901.430472,25.804013,15.846108,5.079765,14.300000,9.220235
1322,900.761861,20.201073,15.837496,4.494560,13.500000,9.005440
1323,900.079861,1.203400,15.826320,1.096996,13.000000,14.096996
1324,899.408412,13.767414,15.817141,3.710447,12.600000,16.310447
1325,898.729616,2.718961,15.806416,1.648927,12.500000,14.148927
1326,898.057751,10.524716,15.796914,3.244182,11.500000,8.255818
1327,897.380473,2.018132,15.786047,1.420610,11.600000,10.179390
1328,896.705937,4.294936,15.775689,2.072423,11.600000,13.672423
1329,896.031183,2.657494,15.765014,1.630182,11.500000,13.130182
1330,895.381933,35.124852,15.757594,5.926622,11.000000,16.926622
1331,894.741169,45.089108,15.750780,6.714842,10.900000,17.614842
1332,894.164654,129.129376,15.747476,11.363511,10.200000,21.563511
1333,893.624798,176.695511,15.745629,13.292686,10.300000,-2.992686
1334,892.977557,32.794035,15.738096,5.726608,10.000000,4.273392
1335,892.308381,2.304477,15.727412,1.518051,10.700000,12.218051
1336,891.645850,9.816869,15.717957,3.133188,10.900000,14.033188
1337,890.982034,6.778693,15.708119,2.603592,11.100000,8.496408
1338,890.319102,6.631762,15.698274,2.575221,10.900000,8.324779
1339,889.672093,26.561433,15.690375,5.153779,10.500000,5.346221
1340,889.025553,25.894685,15.682440,5.088682,10.300000,5.211318
1341,888.360612,0.000137,15.670719,0.011725,10.600000,10.588275
1342,887.705669,12.046911,15.661601,3.470866,11.900000,8.429134
1343,887.147846,140.780548,15.658766,11.865098,12.300000,24.165098
1344,886.500760,20.051904,15.650422,4.477935,11.500000,15.977935
1345,885.846315,8.890344,15.640975,2.981668,10.900000,13.881668
1346,885.203464,23.140627,15.632904,4.810471,11.300000,16.110471
1347,884.554292,13.364534,15.623986,3.655754,11.400000,15.055754
1348,883.921939,34.672855,15.616742,5.888366,12.400000,18.288366
1349,883.264755,0.009506,15.605204,0.097498,14.700000,14.602502
1350,882.698317,120.839387,15.601777,10.992697,13.200000,24.192697
1351,882.089800,63.024724,15.596088,7.938811,12.900000,20.838811
1352,881.465535,40.580712,15.589244,6.370299,12.300000,18.670299
1353,880.877470,88.166470,15.584648,9.389700,11.700000,21.089700
1354,880.361934,184.903455,15.583177,13.597921,11.500000,25.097921
1355,879.782849,98.017955,15.578970,9.900402,12.500000,22.400402
1356,879.137784,7.654889,15.569494,2.766747,13.700000,16.466747
1357,878.516933,39.126982,15.562610,6.255156,13.600000,7.344844
1358,877.917105,66.349145,15.557132,8.145498,15.000000,6.854502
1359,877.269481,0.386675,15.546109,0.621832,16.600000,15.978168
1360,876.630495,10.805034,15.537069,3.287101,17.300000,20.587101
1361,875.992093,10.319213,15.527987,3.212353,16.300000,19.512353
1362,875.347556,0.710058,15.517173,0.842649,15.700000,16.542649
1363,874.706533,4.197279,15.507262,2.048726,16.200000,14.151274
1364,874.095021,43.051190,15.500684,6.561341,17.000000,10.438659
1365,873.454500,2.345048,15.490420,1.531355,22.500000,20.968645
1366,873.082013,366.127157,15.493096,19.134449,25.000000,44.134449
1367,872.506372,88.483614,15.488630,9.406573,23.400000,32.806573
1368,871.866811,0.144940,15.477554,0.380710,21.900000,22.280710
1369,871.232663,6.255638,15.468047,2.501127,21.600000,19.098873
1370,870.612161,23.625944,15.460282,4.860653,20.600000,15.739347
1371,869.976798,2.071935,15.450025,1.439422,19.000000,20.439422
1372,869.342151,1.778541,15.439706,1.333619,17.500000,18.833619
1373,868.707148,0.023367,15.428540,0.152861,16.600000,16.752861
1374,868.074017,1.318541,15.418116,1.148277,15.700000,14.551723
1375,867.441143,0.403341,15.407334,0.635091,14.700000,14.064909
1376,866.810379,2.033472,15.397143,1.425999,14.800000,16.225999
1377,866.181933,3.953761,15.387377,1.988407,16.300000,18.288407
1378,865.553355,2.515095,15.377333,1.585905,17.500000,15.914095
1379,864.959034,48.362762,15.371207,6.954334,16.400000,9.445666
1380,864.335239,6.617007,15.361905,2.572354,16.300000,13.727646
1381,863.707882,0.464366,15.351244,0.681444,16.600000,15.918556
1382,863.082069,1.337684,15.340943,1.156583,16.200000,15.043417
1383,862.458567,3.272392,15.331130,1.808976,16.200000,18.008976
1384,862.117678,392.031704,15.334368,19.799791,16.000000,35.799791
1385,861.720464,313.565187,15.336087,17.707772,15.400000,33.107772
1386,861.215840,164.330516,15.334266,12.819146,16.300000,3.480854
1387,860.718456,173.333125,15.332698,13.165604,20.000000,6.834396
1388,860.192479,132.766516,15.329945,11.522435,48.700000,37.177565
1389,859.619604,66.760297,15.324775,8.170697,58.900000,67.070697
1390,859.275045,382.060824,15.327821,19.546376,47.100000,66.646376
1391,858.794292,192.470758,15.326773,13.873383,37.800000,51.673383
1392,858.273335,135.706682,15.324123,11.649321,31.800000,43.449321