# TEST CONFIGURATION BEGIN
# File Stream: filename: mean_daily_flow_saugeen_river_ne.csv  -  n_targets: 1
# [mean_daily_flow_saugeen_river_ne_ADE_HOMO_ABTSAIN_HATREE_SIZE_4_OFFLINE_BATCH_100] Pipeline: Array BaseStreamModel: base_models: [<skmultiflow.trees.regression_hoeffding_adaptive_tree.RegressionHAT object at 0x7f22914b8358>, <skmultiflow.trees.regression_hoeffding_adaptive_tree.RegressionHAT object at 0x7f22914b8a20>, <skmultiflow.trees.regression_hoeffding_adaptive_tree.RegressionHAT object at 0x7f22914b8f28>, <skmultiflow.trees.regression_hoeffding_adaptive_tree.RegressionHAT object at 0x7f22914b8a58>]
 Array BaseStreamModel: base_models: [<skmultiflow.trees.regression_hoeffding_adaptive_tree.RegressionHAT object at 0x7f22914b8358>, <skmultiflow.trees.regression_hoeffding_adaptive_tree.RegressionHAT object at 0x7f22914b8a20>, <skmultiflow.trees.regression_hoeffding_adaptive_tree.RegressionHAT object at 0x7f22914b8f28>, <skmultiflow.trees.regression_hoeffding_adaptive_tree.RegressionHAT object at 0x7f22914b8a58>]
# Prequential Evaluator: n_wait: 1 - max_samples: 600000 - max_time: 10000000 - output_file: mean_daily_flow_saugeen_river_ne_ADE_HOMO_ABTSAIN_HATREE_SIZE_4_OFFLINE_BATCH_100_SIZE_4 - batch_size: 1 - pretrain_size: 5 - task_type: regression - show_plot: False - metrics: ['mean_square_error', 'mean_absolute_error', 'true_vs_predicted']
# TEST CONFIGURATION END
id,global_mse_[mean_daily_flow_saugeen_river_ne_ADE_HOMO_ABTSAIN_HATREE_SIZE_4_OFFLINE_BATCH_100],sliding_mse_[mean_daily_flow_saugeen_river_ne_ADE_HOMO_ABTSAIN_HATREE_SIZE_4_OFFLINE_BATCH_100],global_mae_[mean_daily_flow_saugeen_river_ne_ADE_HOMO_ABTSAIN_HATREE_SIZE_4_OFFLINE_BATCH_100],sliding_mae_[mean_daily_flow_saugeen_river_ne_ADE_HOMO_ABTSAIN_HATREE_SIZE_4_OFFLINE_BATCH_100],true_value_[mean_daily_flow_saugeen_river_ne_ADE_HOMO_ABTSAIN_HATREE_SIZE_4_OFFLINE_BATCH_100],predicted_value_[mean_daily_flow_saugeen_river_ne_ADE_HOMO_ABTSAIN_HATREE_SIZE_4_OFFLINE_BATCH_100]
5,2.088082,2.088082,1.445020,1.445020,29.300000,30.745020
6,2.156259,2.224436,1.468237,1.491454,29.100000,30.591454
7,2.384159,2.839958,1.540564,1.685218,28.800000,30.485218
8,2.584412,3.185172,1.601599,1.784705,28.700000,30.484705
9,2.203255,0.678627,1.446037,0.823788,31.000000,30.176212
10,38.266074,218.580171,3.669107,14.784457,44.600000,29.815543
11,876.012156,5902.488644,14.120328,76.827655,71.800000,-5.027655
12,2040.600307,10192.717370,24.975161,100.958989,80.400000,-20.558989
13,2207.583049,3543.444984,28.814236,59.526843,105.000000,45.473157
14,2364.327183,3775.024385,32.076936,61.441227,89.600000,28.158773
15,2777.022261,6903.973043,36.714501,83.090150,84.400000,1.309850
16,2595.396117,597.508537,35.691958,24.443988,76.800000,101.243988
17,3191.477326,10344.451824,40.770090,101.707678,67.900000,169.607678
18,3110.237502,2054.119803,41.095255,45.322398,63.700000,109.022398
19,3153.556049,3760.015701,42.443502,61.318967,54.500000,115.818967
20,2961.674257,83.447383,40.361718,9.134954,51.000000,60.134954
21,2795.417694,135.312678,38.671758,11.632398,49.400000,61.032398
22,2643.824888,66.747183,36.977210,8.169895,66.000000,57.830105
23,3002.673651,9461.951396,40.150650,97.272562,159.000000,61.727438
24,5667.932967,56307.859958,50.007756,237.292773,242.000000,4.707227
25,7915.836124,52873.899271,58.576113,229.943252,249.000000,19.056748
26,7614.312115,1282.307916,57.541259,35.809327,184.000000,148.190673
27,7414.254750,3012.992738,57.426019,54.890735,143.000000,88.109265
28,7339.193292,5612.779740,58.154872,74.918487,118.000000,43.081513
29,8176.894147,28281.714684,62.555544,168.171682,75.400000,243.571682
30,9430.991669,40783.429712,67.916834,201.949077,63.500000,265.449077
31,9399.600511,8583.430393,68.832759,92.646805,61.000000,153.646805
32,11281.618491,62096.103962,75.274121,249.190899,57.800000,306.990899
33,12254.308825,39489.638184,79.530875,198.719999,54.200000,252.919999
34,12866.293559,30613.850829,82.712117,174.968142,51.500000,226.468142
35,13160.650478,21991.358051,84.827689,148.294835,49.800000,198.094835
36,13418.576692,21414.289325,86.749831,146.336220,48.200000,194.536220
37,13361.309938,11528.773819,87.374749,107.372128,47.000000,154.372128
38,13285.431798,10781.453158,87.858838,103.833777,50.200000,154.033777
39,13096.716853,6680.408741,87.683836,81.733767,69.700000,151.433767
40,12937.178603,7353.339858,87.630163,85.751617,78.000000,163.751617
41,12680.808675,3451.491278,86.849602,58.749394,82.000000,140.749394
42,12446.323332,3770.365608,86.179962,61.403303,87.900000,149.303303
43,12241.558440,4460.492555,85.682705,66.786919,79.900000,146.686919
44,12151.365660,8633.847249,85.863600,92.918498,68.200000,161.118498
45,12356.244271,20551.388691,87.265891,143.357555,58.000000,201.357555
46,12335.255279,11474.706604,87.738609,107.120057,56.000000,163.120057
47,12195.518922,6326.591956,87.547941,79.539877,54.000000,133.539877
48,12021.070736,4519.798710,87.086157,67.229448,52.500000,119.729448
49,11804.111196,2257.891438,86.206849,47.517275,52.000000,99.517275
50,11592.699086,2079.154148,85.324042,45.597743,51.500000,97.097743
51,11408.736142,2946.440731,84.663555,54.281127,49.900000,104.181127
52,11225.549188,2615.762361,83.965241,51.144524,49.000000,100.144524
53,11058.698542,3049.867528,83.378718,55.225606,48.000000,103.225606
54,10898.730522,3060.297552,82.817543,55.319956,47.200000,102.519956
55,10730.572720,2322.682614,82.138654,48.194218,46.000000,94.194218
56,10555.438157,1623.575408,81.333942,40.293615,45.300000,85.593615
57,10372.873762,879.525238,80.358901,29.656791,44.000000,73.656791
58,10184.730948,213.161805,79.141145,14.600062,43.300000,57.900062
59,10012.986353,738.778248,78.196406,27.180475,43.200000,70.380475
60,9948.660047,6410.713169,78.229808,80.066929,45.000000,125.066929
61,9852.638172,4475.413187,78.031013,66.898529,65.500000,132.398529
62,9699.134895,949.448115,77.216912,30.813116,87.800000,118.613116
63,9535.140918,23.490227,75.990298,4.846672,97.200000,102.046672
64,9376.875083,39.190845,74.828130,6.260259,103.000000,109.260259
65,9223.202411,2.842118,73.629077,1.685858,111.000000,109.314142
66,9074.445508,0.274382,72.449960,0.523815,104.000000,103.476185
67,8949.959806,1231.846276,71.857066,35.097668,91.200000,126.297668
68,8884.157151,4738.589929,71.809884,68.837417,82.800000,151.637417
69,8781.792513,2230.455683,71.431697,47.227700,72.800000,120.027700
70,8672.805545,1588.652604,70.953306,39.857905,69.900000,109.757905
71,8561.635696,1224.425637,70.416567,34.991794,63.600000,98.591794
72,8441.398157,385.483086,69.669760,19.633723,57.000000,76.633723
73,8328.574182,656.543890,69.031403,25.623112,53.100000,78.723112
74,8219.849638,717.856097,68.427995,26.792837,49.000000,75.792837
75,8114.312329,726.700663,67.843902,26.957386,51.200000,78.157386
76,8057.404748,4016.966542,67.781897,63.379544,132.000000,68.620456
77,8352.811056,29622.065183,69.211057,172.110619,228.000000,55.889381
78,9444.753135,89156.524918,72.310785,298.590899,363.000000,64.409101
79,10270.155493,71349.929956,74.908162,267.114077,368.000000,100.885923
80,10333.762258,15104.269697,75.539626,122.899429,303.000000,180.100571
81,10317.134257,9053.406111,75.794299,95.149388,260.000000,164.850612
82,10427.739039,18944.307289,76.587171,137.638321,260.000000,122.361679
83,10342.423842,3687.838441,76.386416,60.727576,240.000000,179.272424
84,10330.785029,9411.318803,76.644235,97.011952,209.000000,306.011952
85,10209.506619,507.233829,75.976058,22.521852,182.000000,159.478148
86,10106.040449,1725.280731,75.556063,41.536499,164.000000,122.463501
87,10002.848403,1541.100631,75.118723,39.256855,169.000000,129.743145
88,9907.398534,1985.059388,74.754858,44.554005,184.000000,139.445995
89,9801.589341,913.617159,74.230990,30.226101,171.000000,140.773899
90,9697.242233,827.738009,73.702379,28.770436,143.000000,171.770436
91,9927.789794,29754.880036,74.837938,172.496029,122.000000,294.496029
92,10014.044258,17518.182592,75.491555,132.356271,104.000000,236.356271
93,10012.804481,9903.704118,75.761508,99.517356,88.800000,188.317356
94,10006.558992,9450.710530,75.999878,97.214765,77.400000,174.614765
95,9928.180845,2874.147574,75.753847,53.611077,68.100000,121.711077
96,9853.978726,3101.585909,75.535782,55.691884,61.400000,117.091884
97,9779.118566,2891.983855,75.301819,53.777169,58.600000,112.377169
98,9706.895533,2990.153472,75.082462,54.682296,59.500000,114.182296
99,9641.738645,3516.991131,74.916375,59.304225,59.100000,118.404225
100,9590.100191,4684.447072,74.848945,68.443021,56.600000,125.043021
101,9633.059661,13757.168813,75.286491,117.290958,46.200000,163.490958
102,9734.386208,19563.061254,75.945486,139.868014,41.800000,181.668014
103,9705.924092,6916.636766,76.018424,83.166320,32.100000,115.266320
104,9684.242531,7537.767921,76.126443,86.820320,51.400000,138.220320
105,9650.109000,6236.755911,76.154628,78.973134,57.300000,136.273134
106,9603.774509,4923.990927,76.095966,70.171155,27.800000,97.971155
107,9559.067721,4998.975388,76.043612,70.703433,25.700000,96.403433
108,9542.375318,7823.057748,76.162885,88.448051,24.200000,112.648051
109,9506.226771,5746.777893,76.159501,75.807506,22.700000,98.507506
110,9437.783491,2251.239146,75.888630,47.447225,21.600000,69.047225
111,9365.975503,1754.328718,75.570836,41.884707,20.700000,62.584707
112,9290.798661,1246.876587,75.198061,35.311140,20.000000,55.311140
113,9217.127623,1260.655470,74.833911,35.505710,19.400000,54.905710
114,9140.966444,839.398016,74.416988,28.972366,18.900000,47.872366
115,9072.585326,1550.662290,74.101326,39.378450,18.400000,57.778450
116,8991.993403,46.289975,73.500454,6.803674,18.100000,24.903674
117,8918.794427,720.509072,73.087550,26.842300,18.600000,45.442300
118,8840.726143,19.010091,72.484677,4.360056,18.500000,22.860056
119,8775.438489,1332.645935,72.171814,36.505423,24.900000,61.405423
120,8703.780125,463.068309,71.735152,21.519022,13.500000,35.019022
121,8658.745948,3434.781328,71.622946,58.607007,13.300000,71.907007
122,8611.956665,3137.610533,71.490670,56.014378,12.800000,68.814378
123,8624.227323,10072.165074,71.733271,100.360177,11.600000,111.960177
124,8594.736318,5085.306614,71.729754,71.311336,12.800000,84.111336
125,8524.418927,86.332047,71.213736,9.291504,24.100000,14.808496
126,8476.720832,2705.251401,71.056345,52.012031,12.100000,64.112031
127,8407.805410,0.123903,70.481513,0.351999,43.700000,44.051999
128,8340.463025,57.349588,69.974186,7.572951,76.100000,68.527049
129,8277.450203,463.860276,69.586691,21.537416,85.400000,63.862584
130,8227.908858,2035.240767,69.392461,45.113643,40.600000,85.713643
131,8182.307150,2436.491943,69.234732,49.360834,37.300000,86.660834
132,8131.059560,1622.615642,69.008536,40.281704,37.400000,77.681704
133,8085.485808,2252.045551,68.841460,47.455722,39.700000,87.155722
134,8287.325151,34324.600466,69.737056,185.268995,202.000000,16.731005
135,8230.612205,857.929227,69.428304,29.290429,160.000000,130.709571
136,8181.479084,1745.040192,69.218799,41.773678,157.000000,198.773678
137,8136.232363,2163.665161,69.048095,46.515214,157.000000,203.515214
138,8081.907458,856.695136,68.751239,29.269355,126.000000,155.269355
139,8026.954594,663.270754,68.432741,25.754043,57.100000,82.854043
140,7969.875897,264.251817,68.049087,16.255824,58.400000,74.655824
141,7912.255362,75.862651,67.615955,8.709917,65.300000,56.590083
142,7873.199365,2522.527761,67.489932,50.224772,35.100000,-15.124772
143,7822.574794,836.383954,67.212452,28.920303,88.600000,59.679697
144,7777.158401,1464.279807,67.005691,38.265909,41.000000,79.265909
145,7725.516469,495.646023,66.688368,22.263109,39.400000,61.663109
146,7673.098216,282.124485,66.337017,16.796562,38.000000,54.796562
147,7678.330630,8421.333394,66.514855,91.767823,49.900000,-41.867823
148,7644.688634,2833.883229,66.422628,53.234230,46.200000,99.434230
149,7603.261584,1637.766455,66.243640,40.469327,42.000000,82.469327
150,7555.882376,685.897147,65.969298,26.189638,38.000000,64.189638
151,7513.158174,1275.424659,65.763473,35.713088,36.000000,71.713088
152,7463.085994,102.475594,65.387524,10.123023,35.000000,45.123023
153,7458.822882,6827.882303,65.503252,82.631001,34.000000,-48.631001
154,7708.334384,44885.548119,66.478978,211.862097,50.000000,-161.862097
155,7657.396246,16.675537,66.065763,4.083569,30.000000,25.916431
156,7607.286489,40.713272,65.673098,6.380695,27.000000,20.619305
157,7707.207684,22895.229217,66.232828,151.311696,150.000000,-1.311696
158,7795.795183,21349.682585,66.751545,146.115306,85.000000,231.115306
159,7769.470973,3715.542590,66.714150,60.955251,62.000000,1.044749
160,8055.809246,52438.241637,67.754405,228.993977,300.000000,71.006023
161,8346.952919,53765.365953,68.799750,231.873599,453.000000,221.126401
162,8533.960476,37894.146796,69.596361,194.664190,529.000000,334.335810
163,8506.900090,4231.359205,69.567760,65.048899,528.000000,462.951101
164,8540.336847,13856.781242,69.868679,117.714830,460.000000,577.714830
165,8676.839699,30517.295988,70.519756,174.692003,253.000000,427.692003
166,8623.411243,21.429823,70.113024,4.629236,181.000000,185.629236
167,8571.137842,102.846907,69.745100,10.141346,151.000000,140.858654
168,8529.036355,1666.493991,69.568744,40.822714,149.000000,108.177286
169,8481.599670,701.983329,69.307691,26.494968,153.000000,126.505032
170,8436.681382,1025.163732,69.083055,32.018178,144.000000,176.018178
171,8393.174770,1171.077294,68.874300,34.221007,138.000000,103.778993
172,8351.283349,1355.415979,68.683477,36.815975,126.000000,89.184025
173,8301.904971,6.337415,68.291962,2.517422,15.400000,17.917422
174,8253.251907,30.884174,67.922935,5.557353,18.800000,24.357353
175,8206.378090,237.829208,67.615910,15.421712,119.000000,134.421712
176,8163.630266,853.752298,67.392672,29.219040,24.300000,-4.919040
177,8268.769546,26352.725693,67.941473,162.335226,19.000000,181.335226
178,8248.814766,4796.637820,67.949038,69.257764,23.400000,92.657764
179,8202.417175,129.236406,67.625719,11.368219,85.500000,96.868219
180,8410.248498,44780.729972,68.443838,211.614579,164.000000,-47.614579
181,8483.744482,21419.037640,68.883999,146.352443,589.000000,442.647557
182,8971.192750,95249.536310,70.230860,308.625236,552.000000,243.374764
183,8969.355666,8642.354671,70.357862,92.964266,564.000000,656.964266
184,8954.384836,6274.606289,70.407054,79.212412,466.000000,386.787588
185,9035.125582,23568.459723,70.866243,153.520226,187.000000,340.520226
186,9011.285578,4696.244881,70.853402,68.529154,147.000000,215.529154
187,8974.884805,2349.944217,70.731122,48.476223,120.000000,168.476223
188,8936.740466,1956.326302,70.587097,44.230378,103.000000,147.230378
189,8892.246967,705.443188,70.349113,26.560180,88.000000,114.560180
190,8853.653388,1713.841412,70.193465,41.398568,306.000000,347.398568
191,9398.143112,110673.231700,71.597114,332.675866,190.000000,522.675866
192,9390.638241,7987.227279,71.691658,89.371289,74.500000,163.871289
193,9477.806595,25865.457198,72.163276,160.827414,172.000000,11.172586
194,9442.405932,2751.680630,72.059556,52.456464,107.000000,159.456464
195,9401.180788,1568.403502,71.889626,39.603074,99.800000,139.403074
196,9369.177762,3256.599738,71.812423,57.066625,21.100000,78.166625