# TEST CONFIGURATION BEGIN
# File Stream: filename: mean_daily_flow_saugeen_river_ne.csv  -  n_targets: 1
# [mean_daily_flow_saugeen_river_ne_ADE_HETERO_SIZE_8_OFFLINE_BATCH_100] Pipeline: Array BaseStreamModel: base_models: [<skmultiflow.lazy.knn_forecast.KNNForecast object at 0x7f22696fbda0>, <skmultiflow.lazy.knn_forecast.KNNForecast object at 0x7f22696fb390>, <skmultiflow.lazy.knn_forecast.KNNForecast object at 0x7f22696fb828>, <skmultiflow.lazy.knn_forecast.KNNForecast object at 0x7f22696fb400>, <skmultiflow.trees.regression_hoeffding_tree.RegressionHoeffdingTree object at 0x7f22696fb278>, <skmultiflow.trees.regression_hoeffding_tree.RegressionHoeffdingTree object at 0x7f22696fb470>, <skmultiflow.trees.regression_hoeffding_adaptive_tree.RegressionHAT object at 0x7f22696fb780>, <skmultiflow.trees.regression_hoeffding_adaptive_tree.RegressionHAT object at 0x7f22696fb748>]
 Array MetaStreamModel: base_models: [<skmultiflow.trees.regression_hoeffding_tree.RegressionHoeffdingTree object at 0x7f226a868978>, <skmultiflow.trees.regression_hoeffding_tree.RegressionHoeffdingTree object at 0x7f226a868128>, <skmultiflow.trees.regression_hoeffding_tree.RegressionHoeffdingTree object at 0x7f22696fb898>, <skmultiflow.trees.regression_hoeffding_tree.RegressionHoeffdingTree object at 0x7f22696fb8d0>, <skmultiflow.trees.regression_hoeffding_tree.RegressionHoeffdingTree object at 0x7f22696fb358>, <skmultiflow.trees.regression_hoeffding_tree.RegressionHoeffdingTree object at 0x7f22696fb320>, <skmultiflow.trees.regression_hoeffding_tree.RegressionHoeffdingTree object at 0x7f22696fb908>, <skmultiflow.trees.regression_hoeffding_tree.RegressionHoeffdingTree object at 0x7f22696fbd30>]
# Prequential Evaluator: n_wait: 1 - max_samples: 600000 - max_time: 10000000 - output_file: mean_daily_flow_saugeen_river_ne_ADE_HETERO_SIZE_8_OFFLINE_BATCH_100_SIZE_8 - batch_size: 1 - pretrain_size: 5 - task_type: regression - show_plot: False - metrics: ['mean_square_error', 'mean_absolute_error', 'true_vs_predicted']
# TEST CONFIGURATION END
id,global_mse_[mean_daily_flow_saugeen_river_ne_ADE_HETERO_SIZE_8_OFFLINE_BATCH_100],sliding_mse_[mean_daily_flow_saugeen_river_ne_ADE_HETERO_SIZE_8_OFFLINE_BATCH_100],global_mae_[mean_daily_flow_saugeen_river_ne_ADE_HETERO_SIZE_8_OFFLINE_BATCH_100],sliding_mae_[mean_daily_flow_saugeen_river_ne_ADE_HETERO_SIZE_8_OFFLINE_BATCH_100],true_value_[mean_daily_flow_saugeen_river_ne_ADE_HETERO_SIZE_8_OFFLINE_BATCH_100],predicted_value_[mean_daily_flow_saugeen_river_ne_ADE_HETERO_SIZE_8_OFFLINE_BATCH_100]
5,1.710371,1.710371,1.307811,1.307811,29.300000,30.607811
6,1.305496,0.900622,1.128411,0.949011,29.100000,30.049011
7,1.190904,0.961719,1.079165,0.980673,28.800000,29.780673
8,1.019504,0.505303,0.987085,0.710847,28.700000,29.410847
9,1.462571,3.234841,1.149382,1.798566,31.000000,29.201434
10,29.181880,167.778424,3.116640,12.952931,44.600000,31.647069
11,77.527115,367.598522,5.410385,19.172859,71.800000,52.627141
12,84.994823,137.268782,6.198609,11.716176,80.400000,92.116176
13,76.125948,5.174946,5.762636,2.274851,105.000000,102.725149
14,164.898185,963.848319,8.290963,31.045907,89.600000,120.645907
15,166.919990,187.138041,8.780861,13.679841,84.400000,98.079841
16,156.828608,45.823413,8.613231,6.769299,76.800000,83.569299
17,149.135087,56.812824,8.530477,7.537428,67.900000,60.362572
18,147.916728,132.078066,8.742052,11.492522,63.700000,52.207478
19,143.469772,81.212384,8.760034,9.011791,54.500000,45.488209
20,139.063333,72.966760,8.746411,8.542058,51.000000,42.457942
21,133.037127,36.617821,8.587873,6.051266,49.400000,43.348734
22,144.949948,347.467908,9.146352,18.640491,66.000000,47.359509
23,602.594399,8840.194507,13.613507,94.022309,159.000000,64.977691
24,1098.469192,10520.090263,18.061206,102.567491,242.000000,139.432509
25,1088.584328,890.887063,18.622470,29.847731,249.000000,219.152269
26,1265.747504,4986.174189,20.985669,70.612847,184.000000,254.612847
27,1354.330001,3303.144943,22.572074,57.472993,143.000000,200.472993
28,1350.122547,1253.351096,23.106683,35.402699,118.000000,153.402699
29,1337.618722,1037.526916,23.470843,32.210665,75.400000,107.610665
30,1370.851024,2201.658579,24.372804,46.921835,63.500000,16.578165
31,1650.825465,8930.160936,26.970090,94.499529,61.000000,-33.499529
32,1598.956320,198.489396,26.510038,14.088626,57.800000,71.888626
33,1558.426792,423.600016,26.305607,20.581546,54.200000,74.781546
34,1535.280248,864.030465,26.408566,29.394395,51.500000,80.894395
35,1623.631128,4274.157543,27.665614,65.377041,49.800000,115.177041
36,1679.113942,3399.081158,28.622990,58.301639,48.200000,106.501639
37,1636.194508,262.772626,28.246847,16.210263,47.000000,63.210263
38,1596.455404,285.064968,27.912641,16.883867,50.200000,67.083867
39,1552.651852,63.331103,27.342511,7.958084,69.700000,77.658084
40,1606.343983,3485.568567,28.222961,59.038704,78.000000,137.038704
41,1573.181746,379.341208,27.986575,19.476684,82.000000,101.476684
42,1532.188198,15.426915,27.353447,3.927711,87.900000,91.827711
43,1494.084307,46.136442,26.826240,6.792381,79.900000,86.692381
44,1457.306855,22.986231,26.275444,4.794396,68.200000,72.994396
45,1423.347615,64.978004,25.831187,8.060893,58.000000,66.060893
46,1389.557348,4.156399,25.264700,2.038725,56.000000,58.038725
47,1357.281690,1.704063,24.707507,1.305398,54.000000,52.694602
48,1328.345819,84.103362,24.354399,9.170789,52.500000,61.670789
49,1312.615698,620.490366,24.366738,24.909644,52.000000,76.909644
50,1322.306361,1758.386206,24.748616,41.933116,51.500000,93.433116
51,1324.429834,1422.109611,25.024408,37.710869,49.900000,87.610869
52,1305.248348,403.718481,24.921666,20.092747,49.000000,69.092747
53,1285.069640,316.491687,24.776126,17.790213,48.000000,65.790213
54,1262.888845,176.029863,24.545956,13.267625,47.200000,60.467625
55,1240.814775,137.111305,24.294260,11.709454,46.000000,57.709454
56,1220.290271,173.540531,24.080398,13.173478,45.300000,58.473478
57,1201.355724,216.759318,23.903839,14.722748,44.000000,58.722748
58,1180.662028,83.896142,23.630795,9.159484,43.300000,52.459484
59,1161.327968,117.288715,23.398053,10.829991,43.200000,54.029991
60,1140.848358,14.469803,23.048158,3.803919,45.000000,48.803919
61,1123.050773,126.386037,22.841035,11.242154,65.500000,54.257846
62,1117.509106,801.634030,22.935382,28.313142,87.800000,116.113142
63,1099.032864,27.410886,22.635385,5.235541,97.200000,102.435541
64,1082.814079,125.905741,22.445141,11.220773,103.000000,91.779227
65,1076.085093,672.345917,22.502264,25.929634,111.000000,85.070366
66,1061.139164,149.437509,22.336493,12.224464,104.000000,91.775536
67,1045.092606,50.205990,22.094416,7.085619,91.200000,84.114381
68,1029.773065,64.642023,21.874816,8.040026,82.800000,74.759974
69,1013.930631,0.014836,21.540154,0.121803,72.800000,72.921803
70,1000.021394,95.920952,21.362181,9.793924,69.900000,60.106076
71,985.435997,22.799843,21.114610,4.774918,63.600000,58.825082
72,971.010691,4.515192,20.835349,2.124898,57.000000,59.124898
73,957.343833,27.997437,20.610073,5.291260,53.100000,58.391260
74,944.393117,50.793757,20.417457,7.126974,49.000000,56.126974
75,932.267903,83.502915,20.258591,9.137993,51.200000,60.337993
76,989.853905,5078.460069,20.966990,71.263315,132.000000,60.736685
77,1002.746417,1931.007238,21.281733,43.943227,228.000000,184.056773
78,1315.713657,24162.322188,23.094714,155.442344,363.000000,207.557656
79,1441.279761,10733.171444,24.168132,103.601020,368.000000,264.398980
80,1444.779900,1707.290343,24.393806,41.319370,303.000000,344.319370
81,1464.421696,2957.198181,24.783239,54.380127,260.000000,314.380127
82,1446.271104,48.675536,24.554951,6.976785,260.000000,253.023215
83,1434.417274,509.818532,24.529941,22.579161,240.000000,217.420839
84,1425.334210,707.772176,24.555867,26.603988,209.000000,182.396012
85,1451.765220,3566.245984,24.989968,59.718054,182.000000,122.281946
86,1436.122293,169.045202,24.843770,13.001738,164.000000,150.998262
87,1428.461133,800.246064,24.885274,28.288621,169.000000,140.711379
88,1433.712043,1869.537568,25.103761,43.238149,184.000000,140.761851
89,1416.848880,0.343133,24.815314,0.585776,171.000000,170.414224
90,1428.590985,2426.669915,25.099569,49.261242,143.000000,192.261242
91,1424.049806,1033.508469,25.180588,32.148227,122.000000,154.148227
92,1407.971145,9.127598,24.928776,3.021192,104.000000,100.978808
93,1394.149247,177.822199,24.798509,13.334999,88.800000,75.465001
94,1380.637075,178.053835,24.671233,13.343681,77.400000,64.056319
95,1365.910316,40.501961,24.470056,6.364115,68.100000,61.735885
96,1351.088134,2.269534,24.220452,1.506497,61.400000,62.906497
97,1336.833116,25.371519,24.014179,5.037015,58.600000,63.637015
98,1323.462334,79.979574,23.853848,8.943130,59.500000,68.443130
99,1312.377466,270.399862,23.775848,16.443840,59.100000,75.543840
100,1307.423546,836.801173,23.829512,28.927516,56.600000,85.527516
101,1308.799371,1440.878601,23.975175,37.958907,57.600000,95.558907
102,1310.609933,1486.234418,24.123916,38.551711,57.900000,96.451711
103,1309.759314,1226.398608,24.233977,35.019974,56.500000,91.519974
104,1303.135170,647.344920,24.246067,25.442974,54.200000,79.642974
105,1294.240408,404.764272,24.205202,20.118754,51.900000,72.018754
106,1282.864246,133.871860,24.081331,11.570301,49.000000,60.570301
107,1270.480865,7.375998,23.873899,2.715879,51.000000,48.284121
108,1258.269947,0.545381,23.651443,0.738499,57.100000,56.361501
109,1250.268485,418.116421,23.620933,20.447895,58.900000,79.347895
110,1246.128546,811.435035,23.666827,28.485699,55.700000,84.185699
111,1237.780623,352.900765,23.621209,18.785653,52.600000,71.385653
112,1227.967005,177.909826,23.525997,13.338284,51.200000,64.538284
113,1217.141037,47.936512,23.373681,6.923620,51.100000,58.023620
114,1206.884655,88.938988,23.246927,9.430747,53.000000,62.430747
115,1199.413391,377.574425,23.212552,19.431274,50.900000,70.331274
116,1200.964416,1373.128116,23.336152,37.055743,46.200000,83.255743
117,1196.680869,716.923592,23.366588,26.775429,41.800000,68.575429
118,1186.693237,58.090897,23.228475,7.621738,38.700000,46.321738
119,1177.017615,73.996682,23.101290,8.602132,36.200000,44.802132
120,1168.603840,201.019746,23.024366,14.178143,34.300000,48.478143
121,1159.290406,78.932053,22.903511,8.884371,32.100000,23.215629
122,1149.663409,23.304760,22.750325,4.827500,31.800000,26.972500
123,1140.340452,40.231527,22.612447,6.342833,35.600000,29.257167
124,1130.857936,2.438535,22.437023,1.561581,41.500000,39.938419
125,1129.121166,920.708759,22.502363,30.343183,41.300000,71.643183
126,1120.769792,110.253559,22.403984,10.500169,38.600000,49.100169
127,1111.683678,3.177700,22.236331,1.782611,36.900000,35.117389
128,1103.042387,40.163657,22.108115,6.337480,35.200000,28.862520
129,1095.713772,186.965456,22.040638,13.673531,37.800000,24.126469
130,1087.542646,66.151972,21.930263,8.133386,48.400000,40.266614
131,1096.324651,2202.857232,22.127147,46.934606,51.400000,98.334606
132,1092.647027,625.588739,22.149684,25.011772,44.400000,69.411772
133,1084.485838,39.853663,22.026918,6.312976,39.300000,45.612976
134,1077.283007,148.117852,21.951099,12.170368,46.400000,34.229632
135,1070.509139,189.906320,21.888729,13.780650,62.500000,48.719350
136,1083.492249,2784.279598,22.122650,52.766273,57.300000,110.066273
137,1079.804573,593.031401,22.139414,24.352236,49.300000,73.652236
138,1074.516861,371.251155,22.117984,19.267879,41.300000,60.567879
139,1067.158987,81.203815,22.020898,9.011316,35.700000,44.711316
140,1059.600279,39.174726,21.905001,6.258972,32.100000,25.841028
141,1051.917444,7.051816,21.764494,2.655526,29.600000,26.944474
142,1046.336154,281.699421,21.728403,16.783904,27.800000,44.583904
143,1043.335969,629.310551,21.752559,25.086063,25.700000,50.786063
144,1042.083721,868.021215,21.807628,29.462200,24.200000,53.662200
145,1040.418185,807.243125,21.854467,28.412024,22.700000,51.112024
146,1037.468282,621.532001,21.876130,24.930544,21.600000,46.530544
147,1034.398194,598.445708,21.894221,24.463150,20.700000,45.163150
148,1031.105591,560.263290,21.906552,23.669882,20.000000,43.669882
149,1027.951553,573.770143,21.920669,23.953500,19.400000,43.353500
150,1024.278919,491.746892,21.922413,22.175367,18.900000,41.075367
151,1020.597616,483.127442,21.922806,21.980160,18.400000,40.380160
152,1014.449317,110.649416,21.845753,10.519003,18.100000,7.580997
153,1009.224115,235.894138,21.802217,15.358846,18.600000,3.241154
154,1003.536212,156.038667,21.740146,12.491544,18.500000,6.008456
155,996.930844,6.125724,21.612562,2.475020,18.000000,20.475020
156,991.085348,108.415429,21.538876,10.412273,17.600000,28.012273
157,984.839991,35.545665,21.437067,5.962019,17.100000,23.062019
158,979.763600,203.075818,21.390400,14.250467,16.200000,1.949533
159,975.518554,321.781400,21.368129,17.938266,15.400000,-2.538266
160,970.631850,213.192851,21.324750,14.601125,14.800000,0.198875
161,965.016486,89.019674,21.249020,9.435024,14.500000,5.064976
162,959.176460,42.292352,21.155692,6.503257,14.500000,7.996743
163,953.152961,1.440109,21.030185,1.200045,14.500000,13.299955
164,947.818365,99.617612,20.961126,9.980862,13.500000,23.480862
165,942.267272,54.092424,20.876615,7.354755,13.100000,20.454755
166,936.491185,6.541211,20.763534,2.557579,14.600000,12.042421
167,930.791538,7.448670,20.652894,2.729225,19.200000,21.929225
168,938.995474,2276.237017,20.817876,47.709926,24.900000,72.609926
169,940.266088,1148.646722,20.897112,33.891691,22.600000,56.491691
170,934.776049,28.919725,20.803621,5.377706,20.200000,25.577706
171,929.326847,24.759287,20.708844,4.975870,17.900000,12.924130
172,924.894124,184.629440,20.666457,13.587842,16.400000,2.812158
173,920.849121,241.288502,20.636085,15.533464,15.200000,-0.333464
174,915.574765,24.208594,20.543638,4.920223,14.500000,9.579777
175,911.815002,272.655334,20.520063,16.512278,13.500000,30.012278
176,908.354550,316.617206,20.504212,17.793741,13.300000,31.093741
177,905.533175,420.256782,20.504189,20.500165,12.800000,33.300165
178,902.219734,328.994397,20.490591,18.138203,12.400000,30.538203
179,898.539466,258.172743,20.465318,16.067755,12.500000,28.567755
180,895.167347,305.046539,20.448274,17.465582,11.700000,29.165582
181,891.260461,203.648604,20.413372,14.270550,11.600000,25.870550
182,888.001590,311.181419,20.397793,17.640335,10.900000,-6.740335
183,884.208297,209.002092,20.364603,14.456905,10.200000,-4.256905
184,881.305995,361.794029,20.357138,19.020884,9.900000,-9.120884
185,878.430372,360.818094,20.349614,18.995212,11.300000,-7.695212
186,873.751645,26.902155,20.266301,5.186729,11.200000,6.013271
187,869.008321,5.723354,20.168630,2.392353,10.100000,7.707647
188,865.461069,216.313980,20.138950,14.707616,10.500000,25.207616
189,861.191527,75.595835,20.077089,8.694587,10.200000,18.894587
190,856.628205,12.413514,19.988090,3.523282,10.800000,7.276718
191,852.053301,1.121128,19.886864,1.058833,10.800000,11.858833
192,848.217722,130.964458,19.841955,11.443970,11.100000,22.543970
193,844.525028,150.298719,19.801837,12.259638,11.400000,23.659638
194,840.080319,0.030247,19.698532,0.173915,10.000000,9.826085
195,835.759824,14.865812,19.615585,3.855621,9.500000,5.644379
196,831.886050,91.995157,19.563375,9.591411,9.600000,0.008589
197,827.804037,44.057621,19.496402,6.637591,9.000000,2.362409
198,823.583183,8.958323,19.411334,2.993046,8.700000,5.706954
199,819.391791,6.261686,19.324621,2.502336,9.300000,11.802336
200,818.015946,549.726263,19.345649,23.446242,10.800000,34.246242
201,817.897728,794.726872,19.390549,28.190901,11.600000,39.790901
202,815.155745,274.985118,19.376368,16.582675,11.100000,27.682675
203,811.070343,2.160865,19.286386,1.469988,10.300000,11.769988
204,807.160170,29.035731,19.216897,5.388481,10.300000,4.911519
205,803.573022,86.143386,19.167466,9.281346,10.500000,1.218654
206,799.762347,33.816697,19.101366,5.815213,12.600000,6.784787
207,800.246666,898.079109,19.154896,29.967968,12.800000,42.767968
208,797.398999,219.322481,19.133595,14.809540,13.000000,27.809540
209,793.608297,20.305191,19.062242,4.506128,13.300000,17.806128
210,789.772238,3.380045,18.978631,1.838490,12.700000,10.861510
211,786.339620,79.220330,18.929945,8.900580,12.300000,3.399420
212,783.007781,93.317040,18.885378,9.660075,12.800000,3.139925
213,779.491140,48.029834,18.828177,6.930356,12.500000,5.569644
214,775.875801,20.270102,18.759958,4.502233,12.300000,7.797767
215,772.330180,27.749668,18.696015,5.267795,11.000000,5.732205
216,769.490922,170.407447,18.669401,13.054020,11.700000,-1.354020
217,768.217892,498.335618,18.686556,22.323432,13.100000,-9.223432
218,764.680492,11.214273,18.614885,3.348772,14.900000,11.551228
219,761.410404,61.611657,18.564812,7.849309,14.700000,22.549309
220,758.062969,38.364299,18.507539,6.193892,12.900000,6.706108
221,755.158204,127.728963,18.474333,11.301724,12.900000,1.598276
222,752.899925,262.853387,18.463959,16.212754,12.600000,-3.612754
223,750.560346,240.532116,18.450466,15.509098,13.400000,-2.109098
224,747.156361,1.683790,18.372499,1.297609,13.300000,12.002391
225,744.040017,58.444338,18.323957,7.644890,12.200000,19.844890
226,741.578047,197.482687,18.304718,14.052853,10.800000,24.852853
227,738.824273,127.486243,18.273266,11.290981,9.700000,-1.590981
228,736.381836,191.718440,18.253503,13.846243,9.700000,-4.146243
229,733.426277,71.381148,18.209926,8.448736,9.800000,1.351264
230,730.189073,1.818092,18.135317,1.348366,9.500000,8.151634
231,727.411447,99.668099,18.099406,9.983391,10.900000,20.883391
232,727.465999,739.849194,18.139322,27.200169,12.000000,39.200169
233,726.518770,510.550649,18.158780,22.595368,12.400000,34.995368
234,723.485531,28.873679,18.103192,5.373423,12.400000,17.773423
235,720.363531,2.303551,18.031393,1.517745,12.100000,10.582255
236,717.427417,39.185011,17.980654,6.259793,11.100000,4.840207
237,714.825194,111.109581,17.948723,10.540853,10.500000,-0.040853
238,711.918597,34.681471,17.897186,5.889098,10.000000,4.110902
239,708.911195,5.179193,17.830712,2.275784,10.000000,7.724216
240,706.067823,37.875427,17.781236,6.154301,10.700000,16.854301
241,703.277623,44.790320,17.734448,6.692557,19.200000,25.892557
242,718.429399,4309.400275,17.935757,65.646023,24.100000,89.746023
243,716.985149,373.253629,17.941548,19.319773,21.500000,40.819773
244,716.220298,533.421049,17.963025,23.095910,18.600000,-4.495910
245,715.069971,438.991393,17.975428,20.952121,16.200000,-4.752121
246,713.443651,321.500650,17.975242,17.930439,14.500000,-3.430439
247,712.047233,374.113888,17.980866,19.342024,12.600000,-6.742024
248,710.021818,217.846016,17.967664,14.759608,11.600000,-3.159608
249,707.585536,113.132672,17.937741,10.636384,12.100000,1.463616
250,705.042001,81.875953,17.901606,9.048533,11.300000,2.251467
251,702.232347,11.057663,17.842592,3.325306,11.900000,8.574694
252,699.468939,16.907014,17.787226,4.111814,11.900000,16.011814
253,697.608304,236.170858,17.777510,15.367851,11.700000,27.067851
254,694.819505,0.408510,17.708957,0.639148,12.000000,12.639148
255,692.891479,210.885120,17.696259,14.521884,12.700000,-1.821884
256,690.451881,78.112780,17.661108,8.838143,13.200000,22.038143
257,687.724985,0.547020,17.594224,0.739608,13.100000,13.839608
258,685.078883,15.615200,17.540513,3.951607,13.100000,9.148393
259,682.764589,94.933990,17.509937,9.743408,14.000000,4.256592
260,680.162595,16.653896,17.457479,4.080919,15.000000,10.919081
261,677.571803,14.329159,17.404281,3.785388,15.500000,19.285388
262,674.981194,9.194735,17.348575,3.032282,15.400000,18.432282
263,672.375902,0.210622,17.283364,0.458936,13.700000,13.241064
264,669.844289,14.156532,17.231361,3.762517,12.600000,8.837483
265,667.513028,61.385161,17.195359,7.834868,11.100000,3.265132
266,665.153234,49.246963,17.156513,7.017618,10.300000,3.282382
267,662.657671,8.820155,17.102571,2.969875,10.800000,7.830125
268,660.189672,11.105966,17.050412,3.332562,14.100000,17.432562
269,658.138606,116.657090,17.026829,10.800791,17.900000,28.700791
270,657.260407,424.537567,17.040278,20.604309,22.500000,43.104309
271,655.226991,114.338426,17.016505,10.692915,24.800000,35.492915
272,652.866998,22.748827,16.970807,4.769573,24.600000,29.369573
273,650.446751,1.820728,16.912735,1.349344,23.500000,24.849344
274,650.622985,698.029674,16.947948,26.420251,22.300000,-4.120251
275,649.715526,404.701792,16.959643,20.117201,19.600000,-0.517201
276,648.225307,244.376006,16.954764,15.632530,18.400000,2.767470
277,648.329225,676.594770,16.987938,26.011435,27.300000,1.288565
278,646.533165,156.208842,16.971553,12.498354,46.900000,34.401646
279,645.996844,499.044964,16.991072,22.339314,43.700000,66.039314
280,643.675017,5.172531,16.937750,2.274320,35.700000,37.974320
281,641.351407,0.035124,16.877280,0.187414,29.200000,29.012586
282,639.058975,4.055080,16.823814,2.013723,24.900000,22.886277
283,636.841737,20.449695,16.779722,4.522134,22.300000,17.777866
284,635.959837,389.909722,16.790316,19.746132,34.000000,14.253868
285,634.566043,244.303630,16.786188,15.630215,38.300000,22.669785
286,632.556756,67.947345,16.755893,8.243018,33.800000,42.043018
287,630.364254,12.078586,16.708965,3.475426,30.000000,33.475426
288,628.146306,0.466880,16.652537,0.683286,27.900000,28.583286
289,626.031929,25.548966,16.611842,5.054599,26.500000,21.445401
290,624.216487,106.815549,16.589896,10.335161,27.300000,16.964839
291,623.507782,420.818039,16.603568,20.513850,45.000000,24.486150
292,621.577362,67.547024,16.574454,8.218700,76.100000,67.881300
293,619.428080,0.434652,16.519384,0.659282,85.400000,84.740718
294,617.702409,118.983552,16.500035,10.907958,76.400000,87.307958
295,615.858283,81.061900,16.474273,9.003438,71.400000,80.403438
296,614.226846,139.478436,16.458300,11.810099,62.300000,74.110099
297,612.676356,159.933515,16.445290,12.646482,53.500000,66.146482
298,610.633128,11.967238,16.401120,3.459370,48.300000,51.759370
299,608.581495,5.401387,16.353402,2.324088,45.400000,47.724088
300,607.189738,196.621291,16.345526,14.022171,40.600000,54.622171
301,607.065648,570.335228,16.370900,23.881692,37.300000,61.181692
302,605.275423,73.578457,16.344749,8.577789,37.400000,45.977789
303,603.436186,55.343609,16.314965,7.439329,39.700000,47.139329
304,601.760572,100.751862,16.294040,10.037523,39.600000,49.637523
305,600.246007,145.876561,16.280033,12.077937,41.300000,29.222063
306,598.337772,23.959159,16.242334,4.894809,48.500000,43.605191
307,628.087492,9612.502941,16.512304,98.043373,150.000000,51.956627
308,635.609524,2914.785065,16.635582,53.988749,202.000000,148.011251
309,649.100765,4750.438204,16.807017,68.923423,160.000000,228.923423
310,647.087475,33.033862,16.770875,5.747509,157.000000,162.747509
311,646.383075,430.836806,16.783858,20.756609,157.000000,136.243391
312,644.299985,4.791369,16.736472,2.188920,126.000000,128.188920
313,642.535823,99.173916,16.714537,9.958610,104.000000,113.958610
314,640.466555,1.062792,16.663945,1.030918,86.700000,87.730918
315,638.418731,3.593020,16.616458,1.895526,74.400000,72.504474
316,636.604239,72.297310,16.590452,8.502782,64.100000,55.597218
317,634.931954,113.179002,16.571437,10.638562,57.100000,46.461438
318,633.205634,92.867493,16.549352,9.636778,58.400000,48.763222
319,631.683530,153.743065,16.536177,12.399317,65.300000,52.900683
320,629.696371,3.741268,16.489969,1.934236,64.700000,62.765764
321,627.994740,90.279364,16.467923,9.501545,58.500000,68.001545
322,627.352809,423.860551,16.480879,20.587874,52.200000,72.787874
323,625.525874,44.560562,16.450141,6.675370,47.700000,54.375370
324,623.613346,13.516856,16.410223,3.676528,45.500000,41.823472
325,621.731596,19.571776,16.372883,4.424000,46.500000,42.076000
326,619.801404,0.209800,16.323458,0.458039,49.100000,48.641961
327,617.998334,37.409555,16.291857,6.116335,51.500000,57.616335
328,616.168304,25.068788,16.257027,5.006874,57.100000,62.106874
329,614.729855,148.672344,16.244522,12.193127,53.500000,65.693127
330,613.042970,64.805136,16.219386,8.050164,48.500000,56.550164
331,611.246953,25.745482,16.185302,5.074001,45.200000,50.274001
332,609.401684,5.998713,16.143424,2.449227,41.500000,43.949227
333,607.556986,2.496104,16.099158,1.579906,40.100000,38.520094
334,605.724407,2.805957,16.055449,1.675099,37.200000,38.875099
335,604.361040,154.449891,16.044489,12.427787,35.100000,22.672213
336,602.704642,54.436972,16.018386,7.378141,31.400000,24.021859
337,601.026079,43.743202,15.990144,6.613864,30.000000,23.386136
338,599.249999,7.815188,15.950639,2.795566,23.700000,20.904434
339,597.533037,24.067937,15.917670,4.905908,22.500000,17.594092
340,595.969020,72.023290,15.895554,8.486654,22.100000,13.613346
341,594.441320,81.133945,15.875114,9.007438,25.600000,16.592562
342,592.695932,4.500112,15.834423,2.121347,24.900000,27.021347
343,591.119392,58.249101,15.810227,7.632110,24.600000,32.232110
344,590.387281,342.201573,15.818134,18.498691,24.200000,42.698691
345,588.658214,0.775597,15.774329,0.880680,23.900000,24.780680
346,587.177344,82.200503,15.754716,9.066449,32.600000,23.533551
347,585.471786,2.171119,15.713079,1.473472,43.800000,45.273472
348,588.774591,1721.636384,15.788020,41.492606,102.000000,60.507394
349,587.087483,6.722380,15.749773,2.592755,88.600000,91.192755
350,585.834953,153.712126,15.740086,12.398069,92.400000,80.001931
351,584.807061,229.156609,15.738350,15.137920,95.600000,80.462080
352,583.312710,64.772918,15.716252,8.048162,92.600000,84.551838
353,582.097843,159.324082,15.707387,12.622364,72.000000,84.622364
354,580.471281,12.801225,15.672731,3.577880,66.300000,69.877880
355,586.691072,2763.617844,15.777852,52.570123,107.000000,54.429877
356,585.271380,86.959505,15.759521,9.325208,100.000000,90.674792
357,584.133121,183.465780,15.753247,13.544954,83.500000,97.044954
358,583.392922,322.102927,15.759445,17.947226,75.200000,93.147226
359,584.722908,1055.537847,15.806571,32.489042,61.400000,93.889042
360,583.396943,112.679448,15.791988,10.615058,55.200000,65.815058
361,581.788673,9.244530,15.756269,3.040482,47.000000,50.040482
362,580.508947,123.646575,15.743318,11.119648,41.000000,52.119648
363,579.148584,92.138589,15.726202,9.598885,39.400000,48.998885
364,577.763170,80.399858,15.707426,8.966597,38.000000,46.966597
365,579.083724,1054.483017,15.753867,32.472804,37.000000,4.527196
366,578.738642,454.163867,15.769219,21.311121,42.000000,20.688879
367,578.533500,504.272093,15.787640,22.456003,58.000000,35.543997
368,578.027429,394.323672,15.798821,19.857585,90.000000,70.142415
369,576.486690,15.657774,15.766377,3.956991,84.000000,87.956991
370,574.958601,17.206065,15.734633,4.148019,77.000000,81.148019
371,573.406841,5.462751,15.698128,2.337253,70.000000,67.662747
372,572.110824,96.472790,15.682160,9.822056,65.000000,55.177944
373,571.153790,218.965038,15.679763,14.797467,60.000000,45.202533
374,570.404492,293.913664,15.683720,17.143910,54.800000,37.656090
375,568.870807,1.407413,15.644644,1.186344,49.900000,48.713656
376,567.347416,2.169352,15.606547,1.472872,46.200000,47.672872
377,567.333957,562.327062,15.628282,23.713436,42.000000,65.713436
378,566.157086,127.184086,15.616649,11.277592,38.000000,49.277592
379,564.679825,12.184488,15.584313,3.490629,36.000000,39.490629
380,563.181617,1.353474,15.545959,1.163389,35.000000,36.163389
381,561.687769,0.000973,15.504806,0.031200,34.000000,34.031200
382,560.229473,10.451861,15.472341,3.232934,33.500000,36.732934
383,558.903709,57.764990,15.451570,7.600328,33.500000,41.100328
384,557.634703,76.681334,15.433952,8.756788,34.000000,42.756788
385,556.276456,40.142478,15.410073,6.335809,35.000000,41.335809
386,554.842706,8.583908,15.377402,2.929831,37.000000,39.929831
387,553.415743,8.316166,15.344782,2.883776,42.000000,44.883776
388,551.983150,3.299883,15.309552,1.816558,50.000000,51.816558
389,550.550313,0.341010,15.271304,0.583961,58.000000,58.583961
390,550.131029,388.706699,15.282817,19.715646,79.500000,59.784354
391,549.407516,270.131430,15.285796,16.435676,72.000000,88.435676
392,548.260514,104.370795,15.272730,10.216203,62.000000,72.216203
393,546.942705,35.632784,15.248814,5.969320,54.000000,59.969320
394,545.540572,0.110889,15.210569,0.333000,47.000000,46.667000
395,544.178966,13.152343,15.180942,3.626616,40.000000,36.373384
396,542.837858,18.464877,15.153177,4.297078,34.000000,38.297078
397,541.594262,54.104514,15.133336,7.355577,30.000000,22.644423
398,540.352163,52.207398,15.113265,7.225469,27.000000,19.774531
399,539.086388,40.370768,15.091089,6.353799,25.500000,19.146201
400,537.725575,0.204749,15.054123,0.452493,24.000000,23.547507
401,536.381215,4.014471,15.021250,2.003615,23.000000,25.003615
402,535.080330,18.629061,14.994353,4.316140,22.000000,26.316140
403,533.756919,7.039291,14.963423,2.653166,21.500000,24.153166
404,532.425567,1.216051,14.928771,1.102747,22.000000,23.102747
405,531.101037,1.289166,14.894374,1.135414,23.000000,21.864586
406,529.863687,33.686294,14.871761,5.803990,21.800000,27.603990
407,528.597186,19.463666,14.845805,4.411765,21.000000,25.411765
408,527.309160,8.234937,14.816162,2.869658,20.000000,17.130342
409,526.097319,36.513327,14.794498,6.042626,19.500000,13.457374
410,524.914801,45.995037,14.774763,6.781964,19.000000,12.218036
411,523.664937,16.220304,14.748357,4.027444,18.500000,14.472556
412,522.391683,4.177112,14.717218,2.043798,18.000000,20.043798
413,521.133191,7.668505,14.688006,2.769207,17.500000,20.269207
414,519.872707,4.334783,14.657259,2.082014,17.000000,19.082014
415,518.612018,1.729698,14.624797,1.315180,16.800000,15.484820
416,517.353529,0.114614,14.590121,0.338546,16.600000,16.938546
417,516.159333,24.150534,14.566693,4.914319,16.400000,21.314319
418,514.977146,26.733926,14.543997,5.170486,16.000000,21.170486
419,513.772484,15.042313,14.518297,3.878442,16.200000,20.078442
420,512.582504,18.740854,14.493804,4.329071,16.400000,20.729071
421,511.359068,2.409465,14.462769,1.552245,16.600000,18.152245
422,510.136294,0.239694,14.429340,0.489585,16.800000,17.289585
423,508.918912,0.053091,14.395452,0.230414,18.000000,17.769586
424,507.714460,3.048985,14.365335,1.746134,19.500000,17.753866
425,506.508503,0.006869,14.331410,0.082881,20.500000,20.582881
426,505.318173,4.189211,14.302299,2.046756,20.000000,17.953244
427,504.236246,47.663143,14.284809,6.903850,18.500000,11.596150
428,503.276353,97.241558,14.274376,9.861113,18.000000,8.138887
429,502.279555,79.636891,14.261787,8.923950,18.400000,9.476050
430,501.176012,32.170465,14.241622,5.671901,19.000000,13.328099
431,500.184636,77.858447,14.228934,8.823743,25.000000,16.176257
432,502.187920,1357.590113,14.281777,36.845490,80.000000,43.154510
433,511.487934,4491.893873,14.404713,67.021593,150.000000,82.978407
434,510.305263,2.939470,14.375201,1.714488,115.000000,113.285512
435,509.434783,135.128591,14.368819,11.624482,100.000000,88.375518
436,509.276566,441.084968,14.384174,21.002023,85.000000,106.002023
437,509.494475,603.631133,14.407695,24.568906,78.000000,102.568906
438,508.416135,41.495031,14.389340,6.441664,72.000000,78.441664
439,507.311862,28.057381,14.368438,5.296922,66.000000,60.703078
440,506.150810,1.092823,14.337880,1.045382,62.000000,60.954618
441,505.014140,9.426043,14.312096,3.070186,60.000000,56.929814
442,504.600007,323.623826,14.320492,17.989548,74.000000,56.010452
443,521.646954,7988.210074,14.491463,89.376787,150.000000,60.623213
444,550.423394,13183.280271,14.719479,114.818467,300.000000,185.181533
445,655.929834,47078.763694,15.178112,216.976413,453.000000,236.023587
446,715.378285,26932.145000,15.515062,164.110161,529.000000,364.889839
447,737.347100,10447.563327,15.710769,102.213323,528.000000,425.786677
448,752.469829,7451.838943,15.869808,86.324035,460.000000,546.324035
449,839.488369,39475.720246,16.280629,198.684977,253.000000,451.684977
450,842.414476,2144.531854,16.347957,46.309090,181.000000,227.309090
451,851.805889,5040.376277,16.470211,70.995607,151.000000,80.004393
452,864.414881,6500.634294,16.613417,80.626511,149.000000,68.373489
453,869.969402,3358.394644,16.705485,57.951658,153.000000,95.048342
454,868.150419,51.427016,16.684298,7.171263,144.000000,136.828737
455,866.395226,76.558397,16.666704,8.749766,138.000000,146.749766
456,864.636671,71.528406,16.648542,8.457447,126.000000,134.457447
457,862.755806,12.604933,16.619628,3.550343,109.000000,105.449657
458,862.009367,523.872440,16.633435,22.888260,95.500000,72.611740
459,860.780302,302.784700,16.635122,17.400710,83.800000,66.399290
460,859.593117,319.424076,16.637835,17.872439,77.500000,59.627561
461,858.670138,437.791829,16.647213,20.923476,79.400000,58.476524
462,857.541698,341.844609,16.651234,18.489040,81.400000,62.910960
463,856.105954,198.535066,16.645655,14.090247,87.800000,73.709753
464,854.261924,7.851988,16.615560,2.802140,93.100000,90.297860
465,852.412799,1.815391,16.582441,1.347364,95.600000,94.252636
466,850.583203,7.139501,16.552331,2.671984,89.100000,86.428016
467,848.802268,26.010086,16.527596,5.100008,83.400000,78.299992
468,846.976165,1.490849,16.494608,1.221003,74.600000,75.821003
469,845.161000,2.924253,16.462813,1.710045,65.600000,67.310045
470,843.476920,60.379638,16.444160,7.770434,59.400000,51.629566
471,841.757017,40.282065,16.422538,6.346815,54.100000,47.753185
472,840.280892,150.930869,16.413698,12.285392,49.900000,62.185392
473,838.647782,74.351998,16.397087,8.622760,46.900000,55.522760
474,837.396405,250.500803,16.395874,15.827217,44.500000,60.327217
475,837.379682,829.519671,16.422213,28.801383,41.900000,70.701383
476,835.994752,183.693013,16.416135,13.553340,40.700000,54.253340
477,834.571043,162.580251,16.408385,12.750696,39.200000,51.950696
478,833.068655,122.439192,16.397113,11.065224,37.900000,48.965224
479,831.579054,125.508213,16.386178,11.203045,37.300000,48.503045
480,830.145272,149.098859,16.377406,12.210604,35.900000,48.110604
481,828.614811,100.115176,16.364048,10.005757,35.100000,45.105757
482,827.137410,122.417360,16.352960,11.064238,34.400000,45.464238
483,825.633958,106.983563,16.340414,10.343286,34.200000,44.543286
484,824.059358,69.825949,16.323780,8.356192,36.000000,44.356192
485,822.412762,32.047077,16.301612,5.661014,39.500000,33.838986
486,820.758654,25.132561,16.278193,5.013239,44.400000,49.413239
487,819.060311,0.458960,16.245893,0.677466,51.100000,51.777466
488,817.614508,119.291812,16.234893,10.922079,53.700000,64.622079
489,815.957682,14.053548,16.209149,3.748806,50.900000,54.648806
490,814.347406,33.363733,16.187682,5.776135,46.700000,40.923865
491,813.350993,329.094418,16.191693,18.140960,54.200000,36.059040
492,812.606995,450.279723,16.201996,21.219796,69.900000,48.680204
493,811.551615,296.526460,16.204078,17.219944,71.400000,88.619944
494,810.296332,196.462728,16.199613,14.016516,63.000000,77.016516
495,808.795778,73.524153,16.184084,8.574623,53.000000,61.574623
496,807.153584,0.836752,16.153049,0.914742,46.000000,45.085258
497,805.772506,126.281856,16.143078,11.237520,40.300000,29.062480
498,804.401068,128.282225,16.133327,11.326174,37.400000,26.073826
499,802.789954,6.899795,16.106041,2.626746,38.900000,36.273254
500,801.175675,2.107180,16.076496,1.451613,44.900000,43.448387
501,799.721818,78.609016,16.061988,8.866173,44.100000,52.966173
502,798.474286,178.450795,16.056560,13.358548,40.100000,53.458548
503,797.155617,140.458423,16.048133,11.851516,36.500000,48.351516
504,795.607699,23.196695,16.025669,4.816295,40.600000,35.783705
505,794.061384,20.903732,16.002807,4.572060,44.000000,39.427940
506,792.587585,54.214189,15.985597,7.363029,39.900000,47.263029
507,791.142752,65.836904,15.969947,8.113994,35.100000,43.213994
508,789.830224,129.628530,15.960851,11.385453,31.800000,43.185453
509,788.266216,0.006324,15.929403,0.079524,32.000000,32.079524
510,786.769492,30.923845,15.908912,5.560921,32.700000,27.139079
511,785.265572,24.281907,15.887253,4.927667,32.700000,37.627667
512,784.369594,330.108895,15.891744,18.168899,31.300000,49.468899
513,783.406172,293.987536,15.894208,17.146065,34.400000,51.546065
514,782.247901,192.687849,15.890261,13.881205,33.800000,47.681205
515,780.959510,123.880199,15.880946,11.130148,31.000000,42.130148
516,779.444752,5.403521,15.854469,2.324547,27.900000,30.224547
517,778.000140,38.358687,15.835636,6.193439,25.100000,18.906561
518,776.802630,162.479935,15.829627,12.746762,25.900000,13.153238
519,776.729974,739.385113,15.851689,27.191637,45.000000,17.808363
520,775.484445,134.036743,15.843405,11.577424,62.800000,74.377424
521,774.815926,429.860116,15.852863,20.733068,55.000000,75.733068
522,773.336319,8.379734,15.827848,2.894777,46.000000,48.894777
523,771.851983,2.965987,15.800669,1.722204,39.100000,40.822204
524,770.420023,27.232567,15.780319,5.218483,33.400000,38.618483
525,769.027520,44.926246,15.762895,6.702704,32.400000,25.697296
526,767.916036,188.832754,15.759023,13.741643,34.400000,20.658357
527,766.447752,0.003328,15.729002,0.057687,35.200000,35.257687
528,765.064998,41.884825,15.711335,6.471849,36.000000,42.471849
529,763.752904,76.215333,15.698038,8.730139,40.100000,48.830139
530,762.300907,0.002874,15.668295,0.053612,48.800000,48.746388
531,761.255986,211.627351,15.666169,14.547417,47.500000,62.047417
532,759.834173,10.539019,15.642646,3.246386,52.300000,49.053614
533,758.922802,277.718835,15.644579,16.664898,66.000000,49.335102
534,757.514963,12.767984,15.621803,3.573232,72.700000,69.126768
535,756.244271,82.777682,15.609517,9.098224,62.800000,71.898224
536,755.040565,115.872470,15.600410,10.764408,47.100000,57.864408
537,753.762068,73.601759,15.587237,8.579147,37.100000,45.679147
538,752.351663,0.605821,15.559505,0.778345,32.000000,31.221655
539,750.962497,9.147770,15.536075,3.024528,28.100000,25.075472
540,749.596501,18.788862,15.515176,4.334612,25.200000,29.534612
541,748.396309,105.093010,15.505374,10.251488,23.300000,33.551488
542,747.493581,262.728829,15.506682,16.208912,22.100000,38.308912
543,746.687828,313.192725,15.510746,17.697252,20.300000,37.997252
544,745.729414,229.144012,15.510055,15.137503,19.200000,34.337503
545,744.724793,202.229565,15.507672,14.220744,18.800000,33.020744
546,743.374308,12.762217,15.485651,3.572425,18.800000,22.372425
547,742.007942,1.437529,15.459340,1.198970,18.000000,19.198970
548,740.651639,4.178732,15.434680,2.044195,16.900000,18.944195
549,739.306294,7.438918,15.411364,2.727438,16.200000,18.927438
550,737.998952,25.497552,15.392387,5.049510,15.500000,10.450490
551,736.772785,67.285544,15.379243,8.202777,16.000000,7.797223
552,735.434514,3.400328,15.354543,1.843998,14.500000,12.656002
553,734.097228,1.264494,15.328624,1.124497,13.900000,15.024497
554,732.762517,0.006357,15.300898,0.079732,13.100000,13.179732
555,731.469673,20.405173,15.281327,4.517209,13.400000,8.882791
556,730.150409,3.235953,15.256902,1.798875,13.200000,11.401125
557,728.838960,4.919000,15.233324,2.217882,12.500000,14.717882
558,727.593302,38.744806,15.217062,6.224533,12.800000,19.024533
559,726.312036,16.490482,15.196961,4.060847,12.300000,16.360847
560,725.011406,3.161765,15.172826,1.778135,12.100000,13.878135
561,723.716737,3.880968,15.149123,1.970017,12.100000,10.129983
562,722.438354,10.378890,15.127748,3.221628,11.600000,14.821628
563,721.156734,6.012746,15.105072,2.452090,11.600000,14.052090
564,719.869180,0.126448,15.078734,0.355595,11.300000,10.944405
565,718.614293,15.877432,15.058958,3.984650,11.000000,14.984650
566,717.337120,0.843341,15.033797,0.918336,11.000000,10.081664
567,716.072599,5.411669,15.011226,2.326299,11.300000,13.626299
568,714.902599,56.192603,14.997901,7.496173,11.100000,18.596173
569,713.682333,25.452110,14.980286,5.045008,10.700000,15.745008
570,712.456872,20.071776,14.961734,4.480154,10.900000,15.380154
571,711.234883,19.589005,14.943152,4.425947,10.800000,15.225947
572,710.011434,16.315910,14.923955,4.039296,10.300000,14.339296
573,708.768779,2.940433,14.900741,1.714769,10.000000,11.714769
574,707.525339,0.008154,14.874758,0.090300,10.800000,10.709700
575,706.293484,4.135920,14.852269,2.033696,11.800000,13.833696
576,705.234417,100.507402,14.843830,10.025338,14.700000,24.725338
577,704.216216,121.805403,14.837186,11.036549,14.600000,25.636549
578,702.991039,0.964504,14.813048,0.982091,13.300000,14.282091
579,701.826652,33.468139,14.797347,5.785165,12.700000,6.914835
580,700.752782,83.277905,14.787501,9.125673,11.800000,2.674327
581,699.796875,149.194473,14.783041,12.214519,11.300000,-0.914519
582,698.765867,103.874291,14.775098,10.191874,11.400000,1.208126
583,697.559542,0.303532,14.750531,0.550937,11.000000,10.449063
584,696.398136,23.944116,14.733536,4.893272,10.600000,15.493272
585,695.204983,3.175940,14.711244,1.782117,11.700000,13.482117
586,694.061040,29.430538,14.695289,5.424992,12.900000,18.324992
587,693.015662,84.605590,14.685860,9.198130,12.000000,21.198130
588,691.847627,10.883140,14.666361,3.298960,11.800000,15.098960
589,690.669187,2.460066,14.643972,1.568460,11.100000,12.668460
590,689.505222,8.585593,14.623982,2.930118,10.200000,7.269882
591,688.504822,102.270996,14.616297,10.112912,10.200000,0.087088
592,687.360908,15.883128,14.598218,3.985364,10.700000,6.714636
593,686.202451,5.029670,14.577240,2.242692,10.500000,12.742692
594,685.058037,10.998284,14.558154,3.316366,10.800000,14.116366
595,684.048546,88.448658,14.549434,9.404715,10.400000,19.804715
596,682.941223,28.513262,14.533878,5.339781,10.000000,15.339781
597,681.789922,0.219808,14.510159,0.468836,9.300000,8.831164
598,680.739931,58.095505,14.498563,7.622041,9.600000,1.977959
599,679.634110,22.776087,14.482216,4.772430,9.900000,5.127570
600,678.494656,0.519641,14.459127,0.720861,10.500000,9.779139
601,677.364117,3.562863,14.438069,1.887555,11.700000,13.587555
602,676.479044,148.090444,14.434275,12.169242,11.700000,23.869242
603,675.453930,62.435872,14.423369,7.901637,11.000000,18.901637
604,674.328323,0.089771,14.399830,0.299617,11.000000,11.299617
605,673.211454,3.090212,14.378795,1.757900,11.200000,9.442100
606,672.093659,0.298910,14.355818,0.546727,10.700000,10.153273
607,670.979076,0.000109,14.332028,0.010423,10.500000,10.489577
608,669.875816,4.609986,14.311854,2.147088,10.100000,7.952912
609,668.770678,1.267072,14.290059,1.125643,10.100000,8.974357
610,667.767276,60.709309,14.279335,7.791618,10.400000,2.608382
611,666.684404,10.464100,14.261140,3.234826,10.900000,7.665174
612,665.601465,8.257399,14.242410,2.873569,15.500000,12.626431
613,665.449508,573.059298,14.258332,23.938657,15.400000,39.338657
614,664.398328,24.229810,14.243027,4.922378,13.500000,18.422378
615,663.325571,8.943907,14.224611,2.990637,12.600000,9.609363
616,662.278141,22.298551,14.209084,4.722134,12.000000,7.277866
617,661.313296,70.827743,14.199633,8.415922,11.500000,3.084078
618,660.370022,82.143245,14.191268,9.063291,11.000000,1.936709
619,659.297442,0.733586,14.169585,0.856496,11.500000,12.356496
620,658.290459,38.995990,14.156720,6.244677,12.400000,18.644677
621,657.257683,21.067119,14.141215,4.589893,11.600000,16.189893
622,656.236334,26.064538,14.126594,5.105344,11.300000,16.405344
623,655.185666,5.872462,14.107687,2.423316,10.700000,13.123316
624,654.133346,2.747257,14.087606,1.657485,10.800000,9.142515
625,653.096776,10.423705,14.070120,3.228576,11.800000,8.571424
626,652.046804,0.014082,14.047690,0.118668,14.000000,13.881332
627,651.218757,136.173346,14.043872,11.669334,13.200000,24.869334
628,650.229574,33.968702,14.030706,5.828268,12.500000,18.328268
629,649.194250,3.151794,14.011097,1.775329,11.700000,13.475329
630,648.183698,16.588900,13.995222,4.072947,11.200000,7.127053
631,647.232400,51.719658,13.984371,7.191638,11.100000,3.908362
632,646.208597,4.284317,13.965399,2.069859,10.500000,8.430141
633,645.337944,98.567679,13.958980,9.928126,10.500000,20.428126
634,644.483713,107.172373,13.953255,10.352409,10.600000,20.952409
635,643.607594,91.652717,13.946314,9.573543,10.200000,19.773543
636,642.653937,40.896257,13.934366,6.395018,10.500000,16.895018
637,641.695406,35.904232,13.921819,5.992014,10.600000,16.592014
638,640.698234,9.487881,13.904719,3.080240,11.400000,14.480240
639,639.707821,11.786274,13.888228,3.433114,11.100000,14.533114
640,638.703377,0.881233,13.867867,0.938740,11.100000,10.161260
641,637.762532,39.385478,13.855949,6.275785,12.400000,6.124215
642,636.763524,0.395312,13.835216,0.628738,15.500000,16.128738
643,635.861381,60.294087,13.825717,7.764927,17.100000,24.864927
644,634.870510,1.704047,13.806154,1.305391,16.000000,17.305391
645,633.964482,54.106184,13.796091,7.355691,17.500000,10.144309
646,633.376295,256.348477,13.799540,16.010886,24.400000,8.389114
647,632.410080,12.100053,13.783489,3.478513,27.900000,31.378513
648,631.556341,82.602706,13.776199,9.088603,25.300000,34.388603
649,630.611281,21.992586,13.762111,4.689625,22.800000,27.489625
650,629.647223,7.829542,13.745139,2.798132,20.900000,18.101868
651,628.705468,20.331903,13.730864,4.509091,20.100000,15.590909
652,627.809329,48.006985,13.720367,6.928707,18.900000,11.971293
653,626.851142,5.945952,13.702983,2.438432,18.600000,16.161568
654,625.954428,43.987031,13.692105,6.632272,18.800000,25.432272
655,625.074512,53.129630,13.682269,7.289007,18.300000,25.589007
656,624.171606,36.379896,13.670535,6.031575,17.900000,23.931575
657,623.246825,20.289003,13.656498,4.504332,17.500000,22.004332
658,622.340467,30.489300,13.644060,5.521712,15.900000,21.421712
659,621.488813,64.506592,13.635491,8.031600,15.300000,7.268400
660,620.610109,45.059385,13.624938,6.712629,14.600000,7.887371
661,619.670674,3.401256,13.607007,1.844249,13.900000,12.055751
662,618.743289,9.451477,13.591000,3.074325,14.500000,17.574325
663,617.907990,68.280980,13.582915,8.263231,13.700000,21.963231
664,617.054694,54.732652,13.573544,7.398152,14.000000,21.398152
665,616.152116,20.450366,13.559851,4.522208,14.500000,19.022208
666,615.295637,49.163526,13.549959,7.011671,15.000000,22.011671
667,614.417582,33.144777,13.538205,5.757150,15.300000,21.057150
668,613.501959,6.444311,13.521640,2.538565,15.700000,18.238565
669,612.688668,72.663070,13.514125,8.524264,16.600000,8.075736
670,611.789103,13.578315,13.499366,3.684877,18.800000,22.484877
671,610.921196,32.895017,13.487726,5.735418,21.100000,26.835418
672,610.009737,2.067054,13.469687,1.437725,22.000000,23.437725
673,609.124048,17.483751,13.455803,4.181358,24.200000,20.018642
674,608.214908,0.000281,13.435745,0.016772,24.600000,24.616772
675,607.309001,0.351268,13.416605,0.592679,24.200000,23.607321
676,606.438359,22.237561,13.403657,4.715672,22.800000,18.084328
677,605.672174,90.795709,13.397899,9.528678,23.300000,13.771322
678,605.064279,195.951022,13.398790,13.998251,32.300000,18.301749
679,604.277381,73.907987,13.391676,8.596975,60.500000,51.903025
680,603.504466,81.786666,13.385244,9.043598,66.300000,75.343598
681,602.766615,103.979891,13.380535,10.197053,54.700000,64.897053
682,601.877588,0.006360,13.360917,0.079752,52.800000,52.879752
683,602.326585,906.746400,13.385588,30.112230,74.300000,44.187770
684,601.491586,34.527143,13.374544,5.875980,72.800000,66.924020
685,600.710228,69.386399,13.367136,8.329850,61.900000,70.229850
686,600.188748,245.061412,13.370490,15.654437,51.100000,66.754437
687,599.585602,188.239863,13.371002,13.720053,43.600000,57.320053
688,598.709393,0.258857,13.352198,0.508780,39.100000,38.591220
689,597.914279,54.055817,13.343439,7.352266,37.700000,30.347734
690,607.911576,7456.059914,13.449860,86.348480,125.000000,38.651520
691,612.780621,3952.945916,13.521800,62.872458,119.000000,181.872458
692,612.124858,161.615905,13.520624,12.712824,91.900000,104.612824
693,611.746740,351.600996,13.528215,18.751027,77.500000,96.251027
694,612.171719,904.982699,13.552207,30.082930,62.600000,92.682930
695,612.772545,1027.341986,13.578980,32.052176,49.500000,81.552176
696,612.268651,264.078389,13.582841,16.250489,44.500000,60.750489
697,611.495396,76.403022,13.575854,8.740882,41.400000,50.140882
698,610.731120,81.087515,13.569267,9.004861,36.800000,45.804861
699,609.909776,39.897210,13.558832,6.316424,32.900000,39.216424
700,609.102680,48.171121,13.549323,6.940542,29.200000,36.140542
701,608.266977,26.617183,13.537285,5.159184,27.000000,32.159184
702,607.593821,138.404568,13.534745,11.764547,24.300000,36.064547
703,606.786014,42.936474,13.524757,6.552593,22.400000,28.952593
704,605.989041,48.904625,13.515426,6.993184,20.600000,27.593184
705,605.208683,58.958070,13.507099,7.678416,19.300000,26.978416
706,604.408638,43.577310,13.497262,6.601311,18.400000,25.001311
707,603.614531,46.151226,13.487726,6.793469,17.900000,24.693469
708,602.788275,21.930732,13.475219,4.683026,17.200000,21.883026
709,601.955611,15.759901,13.461736,3.969874,16.700000,20.669874
710,601.125225,15.703092,13.448282,3.962713,16.200000,20.162713
711,600.291548,11.715508,13.434101,3.422792,16.000000,19.422792
712,599.484310,28.767518,13.422702,5.363536,15.700000,21.063536
713,598.663077,17.230110,13.409625,4.150917,15.300000,19.450917
714,597.836741,11.964282,13.395610,3.458942,14.900000,18.358942
715,597.021017,17.856868,13.382713,4.225739,14.800000,19.025739
716,596.210726,20.094034,13.370213,4.482637,14.400000,18.882637
717,595.378504,2.836143,13.353823,1.684085,14.100000,15.784085
718,594.559724,10.770076,13.339716,3.281779,13.900000,17.181779
719,593.746275,12.943241,13.326091,3.597672,13.700000,17.297672
720,592.928965,8.552072,13.311563,2.924393,13.600000,16.524393
721,592.117272,10.945537,13.297612,3.308404,13.500000,16.808404
722,591.308675,11.544569,13.283824,3.397730,14.500000,17.897730
723,590.496407,7.287655,13.269103,2.699566,19.000000,21.699566
724,589.879604,146.398196,13.267479,12.099512,23.400000,35.499512
725,589.304346,175.119138,13.267431,13.233259,20.600000,33.833259
726,588.489068,0.673723,13.250192,0.820806,24.700000,23.879194
727,587.697656,16.297889,13.237449,4.037064,29.800000,25.762936
728,589.604871,1968.521525,13.280447,44.368024,75.500000,31.131976
729,589.572687,566.271057,13.294952,23.796451,85.500000,109.296451
730,588.806688,33.457559,13.284607,5.784251,78.000000,72.215749
731,588.305370,224.348795,13.286936,14.978277,72.500000,57.521723
732,587.912745,302.474107,13.292575,17.391783,67.500000,50.108217
733,587.598167,358.585191,13.300317,18.936346,65.700000,46.763654
734,587.282845,357.413246,13.307995,18.905376,63.500000,44.594624
735,586.739222,189.894358,13.308641,13.780216,58.500000,44.719784
736,586.120331,133.711487,13.306257,11.563368,53.000000,41.436632
737,585.550819,168.667454,13.305821,12.987203,48.500000,35.512797
738,584.831374,57.478181,13.298022,7.581437,42.500000,34.918563
739,584.083569,35.194819,13.288001,5.932522,38.300000,32.367478
740,593.662372,7634.082890,13.388661,87.373239,112.000000,24.626761
741,593.656807,589.560600,13.403440,24.280869,164.000000,139.719131
742,592.980475,94.523863,13.398452,9.722338,153.000000,143.277662
743,592.450823,201.567838,13.399533,14.197459,140.000000,125.802541
744,591.658118,5.848905,13.384694,2.418451,123.000000,125.418451
745,591.393806,395.802755,13.393479,19.894792,109.000000,128.894792
746,590.828941,172.264277,13.393117,13.124949,97.000000,110.124949
747,590.230310,146.046297,13.391357,12.084962,87.500000,75.415038
748,589.892894,339.192688,13.398112,18.417185,98.000000,79.582815
749,592.803106,2758.000958,13.450620,52.516673,135.000000,82.483327
750,592.304965,221.189596,13.452526,14.872444,121.000000,106.127556
751,592.545359,771.879622,13.471710,27.782722,138.000000,110.217278
752,591.844190,68.070390,13.464729,8.250478,116.000000,107.749522
753,591.170268,87.076951,13.459211,9.331503,99.000000,108.331503
754,590.447316,48.956051,13.450594,6.996860,87.000000,93.996860
755,589.665684,3.441696,13.435155,1.855181,79.000000,77.144819
756,588.884788,2.432152,13.419362,1.559536,77.500000,79.059536
757,588.105133,1.804574,13.403325,1.343344,72.000000,70.656656
758,587.422540,73.430001,13.396914,8.569131,64.000000,72.569131
759,586.735093,68.400266,13.390124,8.270445,59.000000,67.270445
760,586.025495,50.278516,13.381791,7.090735,55.500000,62.590735
761,585.300723,37.373593,13.372190,6.113395,53.000000,46.886605
762,584.571030,32.192903,13.362034,5.673879,50.500000,44.826121
763,590.382623,4995.570242,13.437551,70.679348,116.000000,45.320652
764,590.789500,899.609501,13.459335,29.993491,139.000000,168.993491
765,590.915362,686.570376,13.476080,26.202488,117.000000,143.202488
766,590.301334,123.026022,13.472951,11.091710,105.000000,93.908290
767,589.643044,88.026035,13.467589,9.382219,93.500000,84.117781
768,588.900005,21.961456,13.456096,4.686305,82.000000,86.686305
769,588.138492,6.342603,13.441798,2.518453,72.000000,74.518453
770,587.389159,14.149008,13.429161,3.761517,63.500000,67.261517
771,586.668645,34.755113,13.419338,5.895347,56.000000,61.895347
772,586.159195,195.410939,13.420067,13.978946,51.500000,65.478946
773,585.467069,53.914599,13.412164,7.342656,48.500000,55.842656
774,584.721227,11.168384,13.399086,3.341913,46.000000,49.341913
775,583.984996,17.086955,13.387068,4.133637,47.000000,51.133637
776,583.243227,11.339408,13.374089,3.367404,47.500000,50.867404
777,582.885992,307.100575,13.379458,17.524285,70.800000,53.275715
778,582.196298,49.063025,13.371222,7.004500,91.500000,84.495500
779,581.899171,351.922543,13.378175,18.759599,70.000000,88.759599
780,581.377766,177.289511,13.378093,13.315011,59.000000,72.315011
781,580.633640,3.191726,13.363175,1.786540,56.000000,54.213460
782,579.969567,63.984664,13.356280,7.999041,54.500000,46.500959
783,579.424184,155.115985,13.355123,12.454557,51.500000,39.045443
784,578.702794,16.740425,13.343246,4.091506,49.500000,45.408494
785,578.187011,175.875651,13.343142,13.261812,46.500000,59.761812
786,577.527905,62.766375,13.336210,7.922523,43.000000,50.922523
787,576.797910,5.942103,13.322291,2.437643,40.000000,42.437643
788,576.062478,0.219394,13.305896,0.468395,38.300000,37.831605
789,575.330005,1.070824,13.290264,1.034806,36.800000,35.765194
790,574.621443,18.400410,13.278813,4.289570,35.800000,31.510430
791,573.893586,1.797544,13.263644,1.340725,35.000000,33.659275
792,573.224973,47.026797,13.255514,6.857609,40.000000,33.142391
793,575.612090,2456.660302,13.301533,49.564708,89.000000,39.435292
794,773.243295,156704.264384,13.785783,395.858895,490.000000,94.141105
795,854.588059,65116.951110,14.090959,255.180233,589.000000,333.819767
796,855.576186,1637.184991,14.124256,40.462143,552.000000,511.537857
797,856.979058,1968.053404,14.162388,44.362748,564.000000,519.637252
798,856.078426,141.877683,14.159553,11.911242,466.000000,477.911242
799,861.310574,5015.636157,14.230825,70.821156,317.000000,387.821156
800,862.111548,1498.885286,14.261585,38.715440,235.000000,196.284560
801,880.957027,15881.958852,14.401813,126.023644,187.000000,60.976356
802,880.956987,880.924707,14.420959,29.680376,147.000000,117.319624
803,879.904399,39.939372,14.410820,6.319760,120.000000,113.680240
804,879.391778,469.807304,14.419901,21.675039,103.000000,124.675039
805,878.323078,23.363179,14.407933,4.833547,118.000000,122.833547
806,879.292534,1655.826707,14.440706,40.691851,144.000000,103.308149
807,878.222950,20.416637,14.428349,4.518477,131.000000,126.481523
808,877.387168,206.254349,14.428266,14.361558,117.000000,131.361558
809,876.884515,472.751585,14.437352,21.742851,103.000000,124.742851
810,875.992027,157.538887,14.435013,12.551450,90.000000,102.551450
811,874.943901,30.154738,14.423930,5.491333,81.200000,75.708667
812,873.986209,101.128238,14.418524,10.056254,78.100000,68.043746
813,873.631207,586.790283,14.430645,24.223755,80.600000,104.823755
814,872.561938,7.523349,14.416215,2.742872,81.400000,84.142872
815,871.501357,12.430019,14.402787,3.525623,91.500000,87.974377
816,871.121136,562.762455,14.414264,23.722615,127.000000,103.277385
817,870.093323,35.508825,14.403864,5.958928,130.000000,135.958928
818,869.054746,24.691801,14.392274,4.969085,118.000000,122.969085
819,868.039573,41.689066,14.382537,6.456707,102.000000,108.456707
820,866.976636,0.682713,14.365924,0.826264,86.900000,86.073736
821,865.915840,0.306248,14.349017,0.553397,76.500000,77.053397
822,864.885031,22.714321,14.337302,4.765954,69.100000,64.334046
823,863.832494,2.856774,14.321860,1.690199,66.100000,64.409801
824,862.779046,0.005073,14.304481,0.071227,72.900000,72.971227
825,861.746136,14.759932,14.291737,3.841866,78.300000,74.458134
826,860.770413,59.701811,14.283751,7.726695,76.300000,84.026695
827,859.916905,158.333799,14.281684,12.583076,71.700000,84.283076
828,858.912329,32.146068,14.271233,5.669750,75.400000,69.730250
829,858.158488,236.993619,14.272594,15.394597,79.700000,64.305403
830,857.530629,339.546473,14.277624,18.426787,92.200000,73.773213
831,856.530825,30.692957,14.267058,5.540122,99.400000,104.940122
832,855.606993,91.597697,14.261386,9.570669,88.900000,98.470669
833,854.589099,11.773318,14.248322,3.431227,81.200000,84.631227
834,854.199816,531.484482,14.258931,23.053947,93.400000,70.346053
835,853.273499,84.429884,14.252830,9.188574,90.800000,81.611426
836,852.271380,19.510707,14.241008,4.417093,81.100000,85.517093
837,851.480831,193.744408,14.240622,13.919210,72.000000,85.919210
838,850.968445,424.150239,14.248241,20.594908,63.000000,83.594908
839,849.957911,7.172964,14.234385,2.678239,56.200000,53.521761
840,849.022467,67.926201,14.227216,8.241735,51.200000,42.958265
841,848.171953,137.143030,14.224210,11.710808,47.100000,58.810808
842,847.815132,549.155199,14.235200,23.434061,43.100000,66.534061
843,847.241282,366.355349,14.241047,19.140411,40.800000,59.940411
844,846.686942,381.595842,14.247348,19.534478,38.300000,57.834478
845,846.083234,338.968285,14.252299,18.411091,36.100000,54.511091
846,845.500096,355.081467,14.257752,18.843605,33.700000,52.543605
847,844.875879,319.284829,14.262035,17.868543,32.100000,49.968543
848,844.165619,245.416126,14.263699,15.665763,32.300000,47.965763
849,843.645254,404.457645,14.270619,20.111132,35.000000,55.111132
850,842.781503,112.912155,14.266311,10.626013,34.900000,45.526013
851,841.899333,95.583116,14.261010,9.776662,34.400000,44.176662
852,840.939031,27.562972,14.250384,5.250045,32.200000,37.450045
853,839.954589,5.147724,14.236271,2.268860,31.000000,33.268860
854,838.996901,25.919794,14.225512,5.091149,30.900000,25.808851
855,838.067012,47.661947,14.216909,6.903763,32.000000,25.096237
856,837.084985,1.379958,14.201601,1.174716,32.100000,30.925284
857,836.156689,45.248552,14.192838,6.726704,31.300000,38.026704
858,835.347705,145.284331,14.190333,12.053395,31.000000,43.053395
859,834.409763,33.407431,14.180496,5.779916,30.800000,36.579916
860,833.480770,39.191575,14.171243,6.260318,38.100000,31.839682
861,832.601628,80.055960,14.165148,8.947400,71.200000,62.252600
862,833.646952,1729.489647,14.197108,41.587133,80.000000,121.587133
863,833.010333,286.790905,14.200295,16.934902,105.000000,88.065098
864,838.133056,5238.552460,14.267944,72.377845,162.000000,89.622155
865,837.243582,72.295920,14.261248,8.502701,140.000000,131.497299
866,836.337899,56.544604,14.253427,7.519615,113.000000,120.519615
867,835.765844,342.654285,14.258360,18.510923,82.700000,101.210923
868,835.492089,599.242145,14.270190,24.479423,62.700000,87.179423
869,834.804250,240.511037,14.271622,15.508418,51.300000,66.808418
870,833.880338,34.696827,14.261944,5.890401,45.000000,50.890401
871,833.154354,204.452207,14.261986,14.298679,39.500000,53.798679
872,832.363531,146.719210,14.259510,12.112771,36.900000,49.012771
873,831.718928,272.204274,14.262086,16.498614,35.000000,51.498614
874,831.501020,642.138800,14.274820,25.340458,31.900000,57.240458
875,830.838460,254.411055,14.276744,15.950268,29.200000,45.150268
876,830.126353,209.881091,14.276985,14.487273,28.000000,42.487273
877,829.259147,73.055865,14.270422,8.547272,30.800000,39.347272
878,828.362344,45.453086,14.261808,6.741890,33.000000,39.741890
879,827.421343,4.986420,14.248061,2.233029,34.700000,36.933029
880,826.486773,8.737894,14.235170,2.955993,33.500000,36.455993
881,825.588134,38.380209,14.226003,6.195176,30.800000,24.604824
882,824.696020,42.312004,14.217209,6.504768,28.300000,21.795232
883,823.886269,112.924899,14.213124,10.626613,25.800000,15.173387
884,823.102812,134.444022,14.210149,11.595000,25.500000,13.905000
885,822.168543,0.012378,14.194145,0.111256,24.000000,23.888744
886,821.313719,68.213580,14.187416,8.259151,23.200000,14.940849
887,820.433079,43.708398,14.178836,6.611233,22.300000,15.688767
888,819.541376,32.167783,14.169213,5.671665,22.000000,16.328335
889,818.675029,52.824080,14.161415,7.268018,22.100000,14.831982
890,817.834530,73.992765,14.155140,8.601905,23.800000,15.198095
891,816.939177,23.657113,14.144665,4.863858,23.600000,18.736142
892,816.090342,63.173817,14.137687,7.948196,22.400000,14.451804
893,815.214899,37.820718,14.128702,6.149855,21.400000,15.250145
894,814.444180,129.275124,14.125602,11.369922,20.400000,9.030078
895,813.626081,85.518093,14.120127,9.247599,19.600000,10.352401
896,812.855730,126.472715,14.116905,11.246009,19.200000,7.953991
897,811.985609,35.838018,14.107801,5.986486,20.700000,14.713514
898,811.088936,10.360133,14.095621,3.218716,23.300000,20.081284
899,810.233614,45.575534,14.087414,6.750965,29.000000,22.249035
900,809.613372,254.497033,14.089496,15.952963,31.400000,47.352963
901,808.827835,104.986342,14.085212,10.246284,27.600000,37.846284
902,807.939163,10.800341,14.073186,3.286387,23.700000,20.413613
903,807.353923,281.808489,14.076205,16.787152,23.600000,6.812848
904,806.976735,467.884856,14.084599,21.630646,27.500000,5.869354
905,806.131400,45.330336,14.076439,6.732781,30.000000,23.267219
906,805.238903,1.098953,14.061996,1.048310,28.200000,29.248310
907,804.383116,32.462963,14.052733,5.697628,25.400000,31.097628
908,803.503978,9.642131,14.040623,3.105178,22.500000,25.605178
909,802.698186,74.262282,14.034631,8.617557,20.300000,11.682443
910,801.956560,130.784946,14.031762,11.436125,18.400000,6.963875
911,801.164651,83.695748,14.026378,9.148538,17.100000,7.951462
912,800.306569,22.026208,14.016100,4.693209,17.000000,12.306791
913,799.437090,9.950086,14.004151,3.154376,17.200000,14.045624
914,798.567595,8.196504,13.991907,2.862954,20.100000,17.237046
915,797.701483,9.538978,13.979939,3.088524,21.200000,18.111476
916,796.830199,3.090984,13.966538,1.758119,19.200000,17.441881
917,795.959752,2.112256,13.952832,1.453360,17.300000,15.846640
918,795.192877,95.035574,13.948232,9.748619,16.000000,6.251381
919,794.557390,213.722328,13.948966,14.619245,15.800000,1.180755
920,793.962784,249.898126,13.950995,15.808166,16.100000,0.291834
921,793.102639,5.210150,13.938271,2.282575,15.300000,13.017425
922,792.243254,4.186943,13.925317,2.046202,14.800000,16.846202
923,791.383841,2.442856,13.911865,1.562964,14.900000,16.462964
924,790.523749,0.098847,13.897085,0.314399,15.100000,14.785601
925,789.692830,25.247703,13.887451,5.024709,16.900000,11.875291
926,788.839724,3.129241,13.874308,1.768966,18.600000,20.368966
927,788.028693,40.258216,13.866150,6.344936,17.100000,23.444936
928,787.177241,1.286769,13.852371,1.134358,16.200000,17.334358
929,786.357274,28.707433,13.843188,5.357932,15.300000,9.942068
930,785.588465,74.440690,13.837556,8.627902,15.000000,6.372098
931,784.820476,73.662220,13.831887,8.582670,13.800000,5.217330
932,783.980429,5.256846,13.819453,2.292781,13.000000,10.707219
933,783.166168,27.531972,13.810225,5.247092,13.200000,18.447092
934,782.347219,21.544255,13.800367,4.641579,13.400000,18.041579
935,781.507480,0.549800,13.786340,0.741485,17.700000,18.441485
936,780.670808,1.729154,13.772959,1.314973,29.800000,31.114973
937,780.659944,770.534973,13.787948,27.758512,24.600000,52.358512
938,779.908089,78.427386,13.782668,8.855924,20.600000,29.455924
939,779.093968,18.705186,13.772553,4.324949,17.900000,22.224949
940,778.261914,0.290902,13.758415,0.539353,16.200000,15.660647
941,777.470108,36.339804,13.750165,6.028250,15.600000,9.571750
942,776.714078,68.313823,13.744317,8.265218,15.300000,7.034782
943,775.897453,9.903653,13.733031,3.147007,14.700000,17.847007
944,775.094665,21.276190,13.723329,4.612612,13.800000,18.412612
945,774.275303,4.075399,13.710890,2.018762,13.300000,15.318762
946,773.456908,3.347334,13.698278,1.829572,12.900000,11.070428
947,772.658421,20.483831,13.688551,4.525907,12.500000,7.974093
948,771.854187,13.460609,13.677937,3.668870,12.600000,8.931130
949,771.061685,22.939801,13.668531,4.789551,17.500000,12.710449
950,770.336641,85.170578,13.663838,9.228791,20.500000,29.728791
951,769.567450,41.912492,13.656246,6.473986,17.800000,24.273986
952,768.756006,0.318350,13.642435,0.564225,16.100000,16.664225
953,767.967212,20.190548,13.632795,4.493389,14.700000,10.206611
954,767.256156,92.464331,13.628566,9.615838,13.700000,4.084162
955,766.643571,184.687829,13.628526,13.589990,13.200000,-0.389990
956,765.852854,13.880690,13.618124,3.725680,13.000000,9.274320
957,765.102148,50.430196,13.611286,7.101422,12.600000,19.701422
958,764.353120,50.529594,13.604469,7.108417,12.300000,19.408417
959,763.565477,12.154531,13.593874,3.486335,12.000000,15.486335
960,762.771642,4.658835,13.581913,2.158434,12.100000,14.258434
961,761.997220,21.649469,13.572582,4.652899,11.500000,16.152899
962,761.205154,3.198193,13.560281,1.788349,11.000000,9.211651
963,760.467052,53.365834,13.553759,7.305192,14.300000,6.994808
964,759.700086,24.179119,13.544763,4.917227,18.800000,23.717227
965,759.124483,206.546081,13.545623,14.371711,17.900000,32.271711
966,758.380681,43.586807,13.538405,6.602030,15.900000,22.502030
967,757.593171,0.008083,13.524440,0.089904,14.600000,14.689904
968,756.826623,18.641236,13.514889,4.317550,13.100000,8.782450
969,756.151713,105.538677,13.511530,10.273202,11.900000,1.626798
970,755.424664,53.822401,13.505137,7.336375,12.500000,5.163625
971,754.704755,59.271941,13.499133,7.698827,12.500000,20.198827
972,754.013119,85.201289,13.494723,9.230454,13.200000,22.430454
973,753.234985,0.001127,13.480831,0.033566,13.100000,13.133566
974,752.468387,9.635623,13.470134,3.104130,12.600000,15.704130
975,751.699320,5.703778,13.458721,2.388258,12.000000,9.611742
976,750.934575,8.366962,13.447850,2.892570,11.900000,9.007430
977,750.189383,25.862994,13.439256,5.085567,12.100000,7.014433
978,749.431207,11.725917,13.428974,3.424313,12.200000,8.775687
979,748.663559,0.974821,13.416213,0.987330,11.900000,10.912670
980,747.899375,2.820041,13.404188,1.679298,11.800000,13.479298
981,747.150903,16.642092,13.394643,4.079472,13.400000,9.320528
982,746.387267,0.314990,13.381521,0.561240,16.500000,15.938760
983,745.653582,28.109753,13.373268,5.301863,17.400000,22.701863
984,744.897461,4.655034,13.361824,2.157553,16.300000,18.457553
985,744.141136,2.942418,13.349952,1.715348,14.900000,13.184652
986,743.415679,31.742332,13.342094,5.634033,14.500000,8.865967
987,742.696311,36.276991,13.334649,6.023038,14.000000,7.976962
988,742.003956,61.418391,13.329062,7.836989,14.000000,6.163011
989,741.254537,3.826878,13.317516,1.956241,15.400000,13.443759
990,740.505648,2.850282,13.305721,1.688278,16.400000,18.088278
991,739.756765,1.357678,13.293421,1.165194,17.600000,18.765194
992,739.012485,4.407760,13.282091,2.099467,17.900000,19.999467
993,738.273857,8.509918,13.271611,2.917176,19.100000,16.182824
994,737.531218,3.061328,13.259972,1.749665,18.300000,16.550335
995,736.791126,4.100027,13.248635,2.024852,17.000000,14.975148
996,736.051708,3.287995,13.237108,1.813283,16.400000,14.586717
997,735.351841,41.084029,13.230232,6.409682,18.900000,12.490318
998,734.628139,15.992228,13.220945,3.999028,25.800000,21.800972
999,734.461232,568.555478,13.231622,23.844401,26.000000,49.844401
1000,733.770221,46.214524,13.225163,6.798126,27.000000,33.798126
1001,733.037940,3.685646,13.213823,1.919804,31.100000,29.180196
1002,732.303703,0.269358,13.201103,0.518997,34.900000,35.418997
1003,731.577873,7.199844,13.190575,2.683253,32.200000,34.883253
1004,730.846451,0.155666,13.177779,0.394545,29.300000,29.694545
1005,730.126593,10.268469,13.167815,3.204445,31.200000,27.995555
1006,731.407252,2013.347391,13.199455,44.870340,73.400000,28.529660
1007,730.889309,211.909855,13.200808,14.557124,120.000000,105.442876
1008,730.212352,51.224437,13.194789,7.157125,110.000000,102.842875
1009,729.742607,258.119221,13.197646,16.066089,88.900000,104.966089
1010,729.110419,93.760872,13.194152,9.683020,72.000000,81.683020
1011,728.462507,76.663789,13.189744,8.755786,63.200000,71.955786
1012,727.819056,79.863395,13.185525,8.936632,56.600000,65.536632
1013,727.098891,1.172818,13.173530,1.082967,53.600000,52.517033
1014,726.446725,68.410968,13.168676,8.271092,69.600000,61.328908
1015,726.805972,1089.645600,13.188302,33.009780,103.000000,69.990220
1016,726.568514,486.498978,13.197065,22.056722,98.100000,120.156722
1017,726.047798,199.083188,13.197966,14.109684,79.600000,93.709684
1018,725.541662,212.825146,13.199337,14.588528,64.300000,78.888528
1019,724.953021,128.071015,13.197483,11.316847,52.800000,64.116847
1020,724.246095,6.716072,13.187044,2.591538,45.600000,48.191538
1021,723.535741,1.816272,13.175402,1.347691,40.300000,38.952309
1022,722.864926,40.646659,13.168723,6.375473,36.900000,43.275473
1023,722.270288,116.928836,13.166411,10.813364,33.900000,44.713364
1024,721.853772,297.423551,13.170411,17.245972,31.800000,49.045972
1025,721.209328,63.876560,13.165339,7.992281,33.400000,41.392281
1026,720.548545,45.889276,13.159085,6.774162,33.200000,39.974162
1027,719.902456,59.599418,13.153769,7.720066,32.300000,40.020066
1028,719.306495,109.638058,13.151149,10.470819,31.000000,41.470819
1029,718.703676,101.417543,13.148143,10.070628,29.700000,39.770628
1030,718.014423,11.529375,13.138638,3.395493,28.600000,25.204507
1031,717.364221,50.257311,13.132747,7.089239,26.900000,19.810761
1032,716.741026,76.719756,13.128493,8.758981,37.200000,28.441019
1033,726.659381,10922.728748,13.217301,104.511859,173.000000,68.488141
1034,725.969823,16.414281,13.208402,4.051454,172.000000,176.051454
1035,725.285848,20.791762,13.200013,4.559799,151.000000,146.440201
1036,724.606248,23.938403,13.191963,4.892689,126.000000,130.892689
1037,724.431911,544.516520,13.201782,23.334878,103.000000,126.334878
1038,724.066050,346.131157,13.207008,18.604600,89.700000,108.304600
1039,723.789052,437.373448,13.214453,20.913475,81.300000,102.213475
1040,723.096056,5.844624,13.204032,2.417566,72.600000,75.017566
1041,722.496654,101.516311,13.201015,10.075530,66.000000,76.075530
1042,721.806768,6.395586,13.190733,2.528950,70.200000,67.671050
1043,721.112724,0.695048,13.178840,0.833695,76.100000,75.266305
1044,720.873574,472.396122,13.187067,21.734676,98.000000,76.265324
1045,720.205392,25.296410,13.179231,5.029554,94.800000,99.829554
1046,719.639208,130.241135,13.177535,11.412324,78.700000,90.112324
1047,719.244075,307.516006,13.181714,17.536134,64.700000,82.236134
1048,718.576770,22.577129,13.173639,4.751540,56.700000,61.451540
1049,721.258337,3520.815249,13.217814,59.336458,103.000000,43.663542
1050,723.209450,2762.122400,13.255422,52.555898,153.000000,100.444102
1051,724.163762,1722.374050,13.282400,41.501495,146.000000,187.501495
1052,723.486358,14.244169,13.273328,3.774145,128.000000,124.225855
1053,722.818610,23.019059,13.265248,4.797818,108.000000,103.202182
1054,724.468428,2455.126708,13.299804,49.549235,141.000000,91.450765
1055,739.825169,16864.403265,13.410711,129.863017,229.000000,99.136983
1056,739.269816,155.593699,13.409820,12.473720,229.000000,216.526280
1057,738.622663,57.818457,13.404307,7.603845,191.000000,198.603845
1058,738.145605,235.803522,13.406158,15.355895,149.000000,164.355895
1059,738.780026,1407.459142,13.429011,37.516118,117.000000,154.516118
1060,738.641437,592.430738,13.439344,24.339900,96.400000,120.739900
1061,737.942794,0.175936,13.427026,0.419447,90.900000,91.319447
1062,737.245710,0.427862,13.414953,0.654112,86.000000,85.345888
1063,736.627736,82.810865,13.410879,9.100048,88.000000,78.899952
1064,735.944490,12.387038,13.401547,3.519522,84.700000,81.180478
1065,735.318513,71.782466,13.396901,8.472453,78.400000,86.872453
1066,734.951701,345.764931,13.401796,18.594755,76.000000,94.594755
1067,735.519927,1338.975768,13.423612,36.592018,105.000000,68.407982
1068,735.219522,415.888414,13.430162,20.393342,88.700000,109.093342
1069,735.259640,777.945180,13.443741,27.891669,72.800000,100.691669
1070,734.588261,19.569924,13.435280,4.423791,79.000000,83.423791
1071,733.915077,16.301112,13.426472,4.037464,81.400000,85.437464
1072,733.285863,61.913835,13.421268,7.868534,74.300000,82.168534
1073,732.624056,25.814411,13.413466,5.080788,71.700000,76.780788
1074,732.478256,576.618736,13.423372,24.012887,66.500000,90.512887
1075,731.849486,59.064772,13.418014,7.685361,66.900000,74.585361
1076,731.554534,415.661713,13.424516,20.387783,80.900000,60.512217
1077,731.010340,147.633781,13.423328,12.150464,76.000000,88.150464
1078,730.394387,69.477293,13.418591,8.335304,69.200000,77.535304
1079,729.747125,34.587245,13.411579,5.881092,83.700000,77.818908
1080,729.273726,220.369554,13.412911,14.844849,98.200000,83.355151
1081,728.613340,18.038585,13.404401,4.247186,104.000000,99.752814
1082,728.134010,211.895193,13.405470,14.556620,79.000000,93.556620
1083,728.014244,598.906640,13.415726,24.472569,55.000000,79.472569
1084,727.363842,25.580450,13.407988,5.057712,50.000000,55.057712
1085,726.728145,40.175531,13.401448,6.338417,45.000000,51.338417
1086,736.650419,11462.628529,13.488012,107.063666,142.000000,34.936334
1087,763.241926,29535.252057,13.634245,171.858232,370.000000,198.141768
1088,766.119313,3882.330105,13.679147,62.308347,306.000000,368.308347
1089,776.394600,11914.804976,13.767143,109.154959,245.000000,354.154959
1090,775.757597,84.609587,13.762936,9.198347,190.000000,199.198347
1091,775.562426,563.606645,13.772115,23.740401,155.000000,178.740401
1092,775.694442,919.196349,13.787323,30.318251,115.000000,145.318251
1093,775.667433,746.280798,13.799748,27.318140,83.000000,110.318140
1094,775.532665,628.771041,13.810092,25.075307,74.500000,99.575307
1095,775.077952,279.440655,13.812756,16.716479,67.000000,83.716479
1096,774.368232,0.063488,13.800338,0.251968,62.500000,62.248032
1097,773.838862,195.766385,13.800513,13.991654,68.100000,54.108346
1098,773.135432,4.286906,13.789791,2.070484,68.100000,66.029516
1099,772.647995,239.392147,13.791327,15.472303,63.000000,78.472303
1100,771.945964,3.221549,13.780382,1.794867,59.500000,57.705133
1101,771.340956,108.252961,13.777304,10.404468,62.500000,52.095532
1102,770.915465,304.151092,13.780640,17.439928,67.500000,50.060072
1103,770.257276,47.566164,13.774376,6.896823,64.000000,57.103177
1104,769.642287,93.769236,13.770657,9.683452,63.000000,53.316548
1105,768.943857,0.670665,13.758894,0.818941,61.400000,60.581059
1106,768.268821,25.053962,13.750950,5.005393,60.700000,55.694607
1107,767.697750,138.377904,13.749149,11.763414,60.300000,48.536586
1108,767.070266,74.955371,13.744537,8.657677,60.000000,51.342323
1109,766.420899,49.519354,13.738467,7.036999,50.000000,57.036999
1110,765.728362,0.475016,13.726668,0.689214,46.500000,47.189214
1111,765.370125,369.159887,13.731624,19.213534,47.000000,27.786466
1112,764.908170,253.524872,13.733602,15.922464,49.500000,33.577536
1113,764.223163,5.235356,13.723281,2.288090,44.000000,46.288090
1114,763.633273,109.444371,13.720343,10.461566,40.700000,51.161566
1115,763.059760,126.461170,13.718115,11.245496,37.800000,49.045496
1116,762.422068,53.945981,13.712384,7.344793,35.600000,28.255207
1117,761.807489,78.395531,13.708019,8.854125,34.100000,25.245875
1118,761.137898,15.883523,13.699291,3.985414,32.600000,28.614586
1119,760.506751,57.408460,13.693800,7.576837,31.400000,38.976837
1120,759.883277,64.710276,13.688738,8.044270,30.300000,38.344270
1121,759.219513,18.458574,13.680329,4.296344,32.200000,36.496344
1122,758.567178,29.909356,13.672984,5.468945,35.100000,40.568945
1123,757.928553,43.944973,13.666690,6.629100,43.200000,36.570900
1124,757.259046,8.080634,13.657025,2.842646,56.800000,59.642646
1125,756.602270,21.014186,13.648932,4.584123,70.600000,66.015877
1126,755.963983,40.444081,13.642435,6.359566,72.100000,65.740434
1127,755.320197,32.991439,13.635401,5.743817,73.600000,67.856183
1128,754.902699,286.052881,13.638318,16.913098,78.000000,61.086902
1129,754.591460,404.759352,13.644078,20.118632,82.000000,61.881368
1130,753.945029,26.709752,13.636550,5.168148,62.000000,67.168148
1131,753.354309,88.203357,13.632784,9.391664,54.400000,63.791664
1132,752.701591,17.088206,13.624363,4.133788,49.200000,45.066212
1133,752.422289,437.370440,13.630819,20.913403,58.000000,37.086597
1134,751.816389,67.755227,13.626041,8.231356,42.800000,51.031356
1135,751.460227,348.996740,13.630510,18.681454,33.900000,52.581454
1136,751.096282,339.474633,13.634746,18.424837,36.200000,54.624837
1137,750.449384,18.160513,13.626473,4.261515,45.700000,41.438485
1138,749.884524,109.898916,13.623701,10.483268,54.400000,43.916732
1139,753.024757,4314.048057,13.669567,65.681413,119.000000,53.318587
1140,752.361995,0.127596,13.657848,0.357206,130.000000,129.642794
1141,753.687130,2259.040484,13.687639,47.529364,145.000000,97.470636
1142,753.233400,237.342632,13.689148,15.405928,123.000000,107.594072
1143,752.605208,37.722063,13.682522,6.141829,101.000000,107.141829
1144,752.187509,276.428867,13.685104,16.626150,86.000000,102.626150
1145,751.569280,46.788114,13.679105,6.840184,71.000000,77.840184
1146,750.914385,3.678626,13.668807,1.917974,60.000000,61.917974
1147,750.288200,35.185445,13.662037,5.931732,51.500000,57.431732
1148,749.657170,28.389806,13.654753,5.328209,58.600000,63.928209
1149,761.268546,14044.683285,13.746329,118.510267,182.000000,63.489733
1150,766.737453,7028.635767,13.807491,83.836959,317.000000,233.163041
1151,769.478077,3910.232954,13.849970,62.531856,250.000000,312.531856
1152,768.828203,23.422740,13.842122,4.839704,218.000000,213.160296
1153,768.557429,457.708246,13.848694,21.394117,208.000000,186.605883
1154,771.137164,3735.253764,13.889797,61.116722,210.000000,148.883278
1155,770.533585,76.416619,13.885324,8.741660,173.000000,164.258340
1156,769.877441,14.656644,13.876594,3.828400,151.000000,147.171600
1157,769.423889,246.931534,13.878188,15.714055,131.000000,115.285945
1158,768.774882,20.470449,13.870082,4.524428,110.000000,105.475572
1159,768.157895,56.154609,13.864562,7.493638,89.900000,97.393638
1160,767.493900,0.579019,13.853226,0.760933,82.000000,82.760933
1161,766.870934,46.722701,13.847161,6.835401,76.700000,83.535401
1162,766.208905,0.241157,13.835627,0.491077,75.600000,76.091077
1163,765.577404,34.299221,13.828743,5.856554,81.100000,75.243446
1164,764.917856,0.501966,13.817432,0.708496,88.100000,87.391504
1165,764.308654,57.634760,13.812070,7.591756,108.000000,100.408244
1166,765.498628,2147.057500,13.840060,46.336352,152.000000,105.663648
1167,764.840836,0.486661,13.828759,0.697611,151.000000,150.302389
1168,764.535029,408.881732,13.834251,20.220824,147.000000,126.779176
1169,764.989331,1293.797185,13.853251,35.969392,146.000000,110.030608
1170,765.007448,786.113193,13.865416,28.037710,148.000000,119.962290
1171,769.871623,6441.500359,13.922308,80.258958,199.000000,118.741042
1172,769.380720,196.496928,13.922390,14.017736,214.000000,199.982264
1173,768.811045,103.429954,13.919180,10.170052,187.000000,197.170052
1174,769.015365,1007.865644,13.934418,31.746900,202.000000,170.253100
1175,813.321204,52651.152470,14.118469,229.458389,405.000000,175.541611
1176,813.581475,1118.358941,14.134956,33.441874,393.000000,359.558126
1177,812.937772,58.517972,14.129428,7.649704,380.000000,387.649704
1178,829.333657,20061.706889,14.238039,141.639355,234.000000,375.639355
1179,837.677417,10633.251430,14.313681,103.117658,172.000000,275.117658
1180,837.739783,911.020383,14.327176,30.183114,143.000000,173.183114
1181,837.048714,24.351725,14.319196,4.934747,123.000000,118.065253
1182,836.652764,370.619590,14.323383,19.251483,107.000000,87.748517
1183,836.211657,316.587014,14.326325,17.792892,99.800000,82.007108
1184,835.510040,8.304025,14.316627,2.881670,101.000000,103.881670
1185,835.073907,320.436567,14.319661,17.900742,101.000000,83.099258
1186,834.367614,0.235823,14.307958,0.485616,103.000000,103.485616
1187,849.795858,19085.980283,14.412644,138.152019,234.000000,95.847981
1188,856.021611,8221.087543,14.477051,90.670213,316.000000,225.329787
1189,860.122456,5715.522794,14.528632,75.601077,335.000000,259.398923
1190,859.420576,27.692203,14.520819,5.262338,263.000000,257.737662
1191,859.734377,1231.903201,14.538155,35.098479,171.000000,206.098479
1192,862.097137,3666.692881,14.576888,60.553224,130.000000,190.553224
1193,861.549927,211.465008,14.576859,14.541836,140.000000,125.458164
1194,870.272345,11241.227084,14.653706,106.024653,213.000000,106.975347
1195,872.891328,3989.480611,14.694435,63.162335,205.000000,141.837665
1196,872.310548,180.601658,14.693382,13.438812,177.000000,163.561188
1197,872.697212,1333.600840,14.711676,36.518500,139.000000,175.518500
1198,872.356428,465.801669,14.717430,21.582439,122.000000,143.582439
1199,874.339279,3241.862449,14.752761,56.937355,155.000000,98.062645
1200,875.673443,2469.999678,14.781980,49.699091,165.000000,115.300909
1201,875.368989,511.242184,14.788520,22.610665,153.000000,130.389335
1202,874.791863,183.972225,14.787498,13.563636,133.000000,146.563636
1203,874.236210,208.563084,14.787209,14.441713,114.000000,128.441713
1204,873.513152,6.567598,14.777022,2.562732,98.000000,95.437268
1205,872.944154,190.146193,14.776200,13.789351,86.500000,72.710649
1206,872.230754,15.437465,14.767176,3.929054,80.200000,76.270946
1207,871.609248,124.558995,14.764178,11.160600,80.800000,91.960600
1208,871.050708,199.126753,14.763635,14.111228,77.000000,91.111228
1209,870.558838,278.347849,14.765229,16.683760,71.000000,87.683760
1210,870.076441,288.788126,14.767077,16.993767,67.100000,84.093767
1211,869.388264,39.445982,14.760046,6.280604,64.200000,70.480604
1212,868.670415,2.227674,14.749063,1.492539,60.800000,59.307461
1213,867.965538,16.473099,14.740220,4.058707,57.400000,61.458707
1214,867.441905,234.370610,14.740691,15.309168,54.800000,70.109168
1215,866.803727,94.607794,14.736550,9.726654,54.900000,64.626654
1216,866.590765,608.693678,14.744748,24.671718,53.600000,78.271718
1217,865.911268,42.360729,14.737958,6.508512,51.900000,58.408512
1218,865.212419,17.509331,14.729264,4.184415,50.600000,54.784415
1219,864.539929,48.136405,14.722852,6.938040,47.400000,54.338040
1220,863.828999,0.049390,14.710927,0.222239,46.400000,46.177761
1221,863.122044,3.465194,14.700369,1.861503,44.500000,42.638497
1222,862.423565,12.374341,14.691188,3.517718,41.900000,45.417718
1223,861.716217,0.166561,14.679471,0.408119,42.600000,42.191881
1224,861.015831,7.244803,14.669644,2.691617,41.500000,44.191617
1225,860.334869,29.560934,14.662083,5.436997,41.000000,46.436997
1226,859.640007,11.213777,14.652825,3.348698,47.100000,43.751302
1227,859.145037,254.291345,14.653883,15.946515,46.500000,62.446515
1228,858.539602,118.092432,14.650789,10.867034,42.600000,53.467034
1229,857.843277,5.541961,14.640751,2.354137,39.400000,41.754137
1230,857.144507,1.151803,14.629684,1.073221,36.300000,35.226779
1231,856.513301,82.653861,14.625171,9.091417,33.700000,24.608583
1232,855.954453,170.248580,14.623886,13.047934,31.100000,18.052066
1233,855.262266,5.256298,14.613853,2.292662,32.000000,34.292662
1234,854.704259,168.913609,14.612538,12.996677,39.300000,52.296677
1235,854.301184,358.519676,14.616049,18.934616,64.500000,45.565384
1236,854.360672,927.590099,14.628906,30.456364,66.600000,97.056364
1237,854.051649,473.334864,14.634687,21.756260,57.800000,79.556260
1238,853.369149,11.847460,14.625617,3.442014,51.300000,47.857986
1239,852.694050,19.621476,14.617361,4.429613,46.200000,41.770387
1240,852.252536,306.982423,14.619710,17.520914,40.700000,23.179086
1241,851.717272,190.130555,14.619038,13.788784,35.900000,22.111216
1242,851.033362,5.037214,14.609042,2.244374,32.300000,34.544374
1243,850.616012,333.936878,14.612000,18.273940,29.700000,47.973940
1244,850.178284,307.833404,14.614366,17.545182,28.200000,45.745182
1245,849.659006,205.753768,14.614148,14.344120,26.800000,41.144120
1246,849.029680,68.036792,14.609023,8.248442,25.300000,33.548442
1247,848.410220,79.040944,14.604422,8.890497,24.000000,32.890497
1248,847.734922,8.338714,14.595003,2.887683,22.400000,25.287683
1249,847.056981,3.698658,14.584825,1.923190,21.700000,23.623190
1250,847.091340,889.868579,14.597061,29.830665,21.100000,50.930665
1251,846.416988,6.174579,14.587348,2.484870,24.600000,22.115130
1252,845.743545,5.959605,14.577616,2.441230,29.300000,31.741230
1253,845.308386,302.230601,14.579863,17.384781,27.700000,45.084781
1254,844.661632,36.865641,14.573057,6.071708,24.900000,30.971708
1255,844.021813,44.247902,14.566725,6.651910,23.700000,17.048090
1256,843.525646,222.820778,14.567013,14.927183,24.300000,9.372817
1257,842.999163,183.841774,14.566208,13.558826,25.300000,11.741174
1258,842.331819,6.149840,14.556570,2.479887,25.700000,23.220113
1259,841.733326,91.223810,14.552581,9.551116,22.200000,31.751116
1260,841.081198,22.659869,14.544785,4.760238,20.400000,25.160238
1261,840.492112,100.600031,14.541193,10.029957,18.900000,8.870043
1262,839.921883,123.145047,14.538455,11.097074,17.600000,6.502926
1263,839.315922,77.016602,14.533878,8.775910,17.500000,8.724090
1264,838.651463,2.097522,14.523493,1.448283,16.700000,18.148283
1265,838.082706,121.448836,14.520715,11.020383,16.100000,27.120383
1266,837.462308,55.140584,14.515093,7.425671,15.700000,23.125671
1267,836.814886,19.767986,14.507121,4.446120,15.700000,20.146120
1268,836.161774,11.280944,14.498301,3.358712,15.700000,19.058712
1269,835.502248,1.861652,14.487918,1.364424,15.400000,16.764424
1270,834.854090,14.934981,14.479527,3.864580,16.400000,20.264580
1271,834.268355,92.727707,14.475699,9.629523,15.100000,24.729523
1272,833.624871,18.330380,14.467659,4.281399,16.700000,12.418601
1273,832.994948,34.252802,14.460870,5.852589,23.100000,17.247411
1274,832.703653,463.049709,14.466428,21.518590,31.600000,53.118590
1275,832.102889,69.133029,14.461588,8.314627,34.200000,42.514627
1276,833.039371,2023.307371,14.485581,44.981189,77.200000,32.218811
1277,832.483187,125.017113,14.482985,11.181105,106.000000,117.181105
1278,832.095833,338.995003,14.486069,18.411817,71.300000,89.711817
1279,831.818590,478.610785,14.491866,21.877175,49.100000,70.977175
1280,831.441100,350.141604,14.495173,18.712071,38.000000,56.712071
1281,830.994283,260.855379,14.496470,16.151018,28.100000,44.251018
1282,830.379359,45.121030,14.490383,6.717219,25.300000,32.017219
1283,829.741073,14.012231,14.481980,3.743291,23.200000,26.943291
1284,829.241123,189.804348,14.481429,13.776950,20.900000,34.676950
1285,828.730404,175.010520,14.480452,13.229154,19.600000,32.829154
1286,828.171328,111.994645,14.477411,10.582752,18.200000,28.782752
1287,827.610051,108.052869,14.474229,10.394848,17.300000,27.694848
1288,826.982016,21.214059,14.466544,4.605872,17.200000,21.805872
1289,826.370607,41.320481,14.460288,6.428101,15.700000,22.128101
1290,825.728091,0.095565,14.449284,0.309136,16.600000,16.909136
1291,825.086624,0.159940,14.438368,0.399925,16.300000,16.699925
1292,824.449127,3.990384,14.428709,1.997594,16.400000,18.397594
1293,823.810476,1.227569,14.418375,1.107957,16.500000,17.607957
1294,823.173637,2.288447,14.408370,1.512761,15.900000,17.412761
1295,822.537820,2.334118,14.398393,1.527782,14.900000,13.372218
1296,821.959716,75.627936,14.393980,8.696432,14.400000,5.703568
1297,821.414716,117.274470,14.391223,10.829334,14.000000,3.170666
1298,820.820365,52.323723,14.385691,7.233514,14.000000,6.766486
1299,820.211031,31.733169,14.378933,5.633220,17.700000,12.066780
1300,819.695200,151.694703,14.377341,12.316440,23.800000,36.116440
1301,819.228522,214.413742,14.377546,14.642873,25.500000,40.142873
1302,818.646702,64.025921,14.372634,8.001620,21.000000,29.001620
1303,818.097885,105.732931,14.369485,10.282652,20.600000,10.317348
1304,817.763419,383.292683,14.373492,19.577862,22.000000,2.422138
1305,817.225322,117.699301,14.370783,10.848931,23.000000,12.151069
1306,816.614912,22.470798,14.363386,4.740337,22.100000,17.359663
1307,816.003802,20.338752,14.355824,4.509851,19.400000,23.909851
1308,815.409623,41.194122,14.349737,6.418265,17.200000,23.618265
1309,814.865783,105.699293,14.346619,10.281016,16.200000,5.918984
1310,814.294360,68.586584,14.341975,8.281702,15.800000,7.518298
1311,813.675228,5.088782,14.332728,2.255833,14.500000,12.244167
1312,813.056058,3.801317,14.323261,1.949697,14.500000,16.449697
1313,812.457483,29.521152,14.316469,5.433337,14.400000,19.833337
1314,811.852431,19.839878,14.308941,4.454198,14.300000,18.754198
1315,811.239661,8.510956,14.300252,2.917354,13.600000,16.517354
1316,810.624587,4.262800,14.290926,2.064655,13.100000,15.164655
1317,810.008928,2.264402,14.281188,1.504793,12.900000,14.404793
1318,809.437174,58.723792,14.276151,7.663145,13.100000,5.436855
1319,808.832146,13.825495,14.268122,3.718265,14.300000,10.581735
1320,808.217682,0.197776,14.257618,0.444721,14.400000,13.955279
1321,807.604042,0.053810,14.246968,0.231969,14.300000,14.068031
1322,806.993429,2.816137,14.237432,1.678135,13.500000,11.821865
1323,806.405670,31.739172,14.230909,5.633753,13.000000,7.366247
1324,805.829201,45.466557,14.225237,6.742889,12.600000,5.857111
1325,805.248136,38.241776,14.219149,6.183994,12.500000,6.316006
1326,804.641784,3.650909,14.209839,1.910735,11.500000,9.589265
1327,804.033682,0.123098,14.199363,0.350853,11.600000,11.249147
1328,803.431184,6.325606,14.190538,2.515076,11.600000,14.115076
1329,802.826601,2.358870,14.180988,1.535861,11.500000,13.035861
1330,802.231351,13.524837,14.173067,3.677613,11.000000,14.677613
1331,801.631516,6.250758,14.164270,2.500152,10.900000,13.400152
1332,801.053374,33.859068,14.157986,5.818855,10.200000,16.018855
1333,800.500061,65.700402,14.153432,8.105578,10.300000,2.194422
1334,799.906349,10.862828,14.145268,3.295880,10.000000,6.704120
1335,799.305374,0.008780,14.134711,0.093703,10.700000,10.606297
1336,798.714867,12.750636,14.126780,3.570803,10.900000,14.470803
1337,798.117507,2.433593,14.117353,1.559998,11.100000,12.659998
1338,797.519405,0.248850,14.107144,0.498849,10.900000,10.401151
1339,796.930829,11.771432,14.099147,3.430952,10.500000,7.069048
1340,796.350344,21.402194,14.092056,4.626251,10.300000,5.673749
1341,795.763700,12.007050,14.084108,3.465119,10.600000,7.134881
1342,795.175486,8.733763,14.075791,2.955294,11.900000,8.944706
1343,794.684283,137.455167,14.074034,11.724128,12.300000,24.024128
1344,794.116520,33.881721,14.067875,5.820801,11.500000,17.320801
1345,793.526119,2.388004,14.058537,1.545317,10.900000,12.445317
1346,792.967070,43.283034,14.052964,6.578984,11.300000,4.721016
1347,792.382632,8.067146,14.044615,2.840272,11.400000,8.559728
1348,791.798279,7.011865,14.036135,2.647993,12.400000,9.752007
1349,791.210377,1.069657,14.026468,1.034242,14.700000,15.734242
1350,790.769501,197.792030,14.026496,14.063855,13.200000,27.263855
1351,790.188912,8.716076,14.018274,2.952300,12.900000,15.852300
1352,789.608683,8.039695,14.009979,2.835436,12.300000,9.464564
1353,789.044554,28.598550,14.003557,5.347761,11.700000,6.352239
1354,788.500395,54.429527,13.998649,7.377637,11.500000,4.122363
1355,787.929248,16.881485,13.991329,4.108708,12.500000,8.391292
1356,787.361598,20.466093,13.984326,4.523947,13.700000,18.223947
1357,786.781398,2.351684,13.975124,1.533520,13.600000,15.133520
1358,786.202316,2.703535,13.966017,1.644243,15.000000,13.355757
1359,785.622642,0.744336,13.956347,0.862749,16.600000,17.462749
1360,785.047728,6.039082,13.947867,2.457454,17.300000,19.757454
1361,784.471263,2.784435,13.938818,1.668663,16.300000,17.968663
1362,783.901233,10.370777,13.930925,3.220369,15.700000,12.479631
1363,783.367900,59.102651,13.926331,7.687825,16.200000,8.512175
1364,782.822287,41.334202,13.920819,6.429168,17.000000,10.570832
1365,782.267272,27.445929,13.914439,5.238886,22.500000,17.261114
1366,782.152531,625.990731,13.922593,25.019807,25.000000,50.019807
1367,781.643679,88.586378,13.919284,9.412034,23.400000,32.812034
1368,781.070635,0.012357,13.909161,0.111163,21.900000,22.011163
1369,780.512775,19.591218,13.902213,4.426197,21.600000,17.173803
1370,779.972666,42.723671,13.896821,6.536335,20.600000,14.063665
1371,779.417808,21.482244,13.890046,4.634894,19.000000,14.365106
1372,778.849652,2.180838,13.880972,1.476766,17.500000,16.023234
1373,778.282704,2.697188,13.872032,1.642312,16.600000,18.242312
1374,777.714840,0.308871,13.862312,0.555762,15.700000,16.255762
1375,777.148950,1.880499,13.853201,1.371313,14.700000,16.071313
1376,776.613133,42.008146,13.847828,6.481369,14.800000,21.281369
1377,776.078995,43.241829,13.842532,6.575852,16.300000,22.875852
1378,775.517324,4.342342,13.833974,2.083829,17.500000,19.583829
1379,774.954205,1.228725,13.824719,1.108479,16.400000,17.508479
1380,774.391019,0.010005,13.814744,0.100024,16.300000,16.199976
1381,773.830291,2.269102,13.805806,1.506354,16.600000,15.093646
1382,773.277138,11.585075,13.798257,3.403686,16.200000,12.796314
1383,772.726395,13.803205,13.790945,3.715267,16.200000,12.484733
1384,772.172215,7.957981,13.782996,2.820989,16.000000,18.820989
1385,771.656504,59.974150,13.778623,7.744298,15.400000,23.144298
1386,771.136830,53.467544,13.773944,7.312150,16.300000,8.987850
1387,770.617921,53.485567,13.769273,7.313383,20.000000,12.686617
1388,770.138015,106.428180,13.766778,10.316403,48.700000,38.383597
1389,769.631499,68.613366,13.762819,8.283319,58.900000,67.183319
1390,769.293938,301.772538,13.765423,17.371601,47.100000,64.471601
1391,768.765026,35.692619,13.759805,5.974330,37.800000,43.774330
1392,768.212968,2.507810,13.751033,1.583607,31.800000,33.383607