# TEST CONFIGURATION BEGIN
# File Stream: filename: air_company_stock5.csv  -  n_targets: 1
# [air_company_stock5_ADE_HOMO_ABSTAIN_HTREE_SIZE_8] Pipeline: Array BaseStreamModel: base_models: [<skmultiflow.trees.regression_hoeffding_tree.RegressionHoeffdingTree object at 0x7f2245fbb4a8>, <skmultiflow.trees.regression_hoeffding_tree.RegressionHoeffdingTree object at 0x7f2245fbb4e0>, <skmultiflow.trees.regression_hoeffding_tree.RegressionHoeffdingTree object at 0x7f2245fbb518>, <skmultiflow.trees.regression_hoeffding_tree.RegressionHoeffdingTree object at 0x7f2245fbb550>, <skmultiflow.trees.regression_hoeffding_tree.RegressionHoeffdingTree object at 0x7f2245fbb588>, <skmultiflow.trees.regression_hoeffding_tree.RegressionHoeffdingTree object at 0x7f2245fbb5c0>, <skmultiflow.trees.regression_hoeffding_tree.RegressionHoeffdingTree object at 0x7f2245fbb5f8>, <skmultiflow.trees.regression_hoeffding_tree.RegressionHoeffdingTree object at 0x7f2245fbb630>]
 Array BaseStreamModel: base_models: [<skmultiflow.trees.regression_hoeffding_tree.RegressionHoeffdingTree object at 0x7f2245fbb4a8>, <skmultiflow.trees.regression_hoeffding_tree.RegressionHoeffdingTree object at 0x7f2245fbb4e0>, <skmultiflow.trees.regression_hoeffding_tree.RegressionHoeffdingTree object at 0x7f2245fbb518>, <skmultiflow.trees.regression_hoeffding_tree.RegressionHoeffdingTree object at 0x7f2245fbb550>, <skmultiflow.trees.regression_hoeffding_tree.RegressionHoeffdingTree object at 0x7f2245fbb588>, <skmultiflow.trees.regression_hoeffding_tree.RegressionHoeffdingTree object at 0x7f2245fbb5c0>, <skmultiflow.trees.regression_hoeffding_tree.RegressionHoeffdingTree object at 0x7f2245fbb5f8>, <skmultiflow.trees.regression_hoeffding_tree.RegressionHoeffdingTree object at 0x7f2245fbb630>]
# Prequential Evaluator: n_wait: 1 - max_samples: 600000 - max_time: 10000000 - output_file: air_company_stock5_ADE_HOMO_ABSTAIN_HTREE_SIZE_8_SIZE_8 - batch_size: 1 - pretrain_size: 5 - task_type: regression - show_plot: False - metrics: ['mean_square_error', 'mean_absolute_error', 'true_vs_predicted']
# TEST CONFIGURATION END
id,global_mse_[air_company_stock5_ADE_HOMO_ABSTAIN_HTREE_SIZE_8],sliding_mse_[air_company_stock5_ADE_HOMO_ABSTAIN_HTREE_SIZE_8],global_mae_[air_company_stock5_ADE_HOMO_ABSTAIN_HTREE_SIZE_8],sliding_mae_[air_company_stock5_ADE_HOMO_ABSTAIN_HTREE_SIZE_8],true_value_[air_company_stock5_ADE_HOMO_ABSTAIN_HTREE_SIZE_8],predicted_value_[air_company_stock5_ADE_HOMO_ABSTAIN_HTREE_SIZE_8]
5,0.710419,0.710419,0.842863,0.842863,0.000000,-0.842863
6,1.114889,1.519360,1.037743,1.232623,0.375000,-0.857623
7,0.813883,0.211870,0.845260,0.460293,0.125000,-0.335293
8,0.747592,0.548721,0.819134,0.740757,0.375000,-0.365757
9,0.758160,0.800432,0.834241,0.894668,0.625000,-0.269668
10,1.017423,2.313739,0.948717,1.521098,1.625000,0.103902
11,1.752262,6.161297,1.167786,2.482196,-0.125000,2.357196
12,1.537780,0.036399,1.045661,0.190786,0.250000,0.059214
13,1.422865,0.503545,1.008322,0.709609,-0.375000,0.334609
14,1.290303,0.097247,0.938674,0.311845,0.000000,0.311845
15,1.330830,1.736105,0.973123,1.317613,-0.875000,0.442613
16,1.303758,1.005959,0.975611,1.002975,-1.000000,0.002975
17,1.266857,0.824041,0.970392,0.907767,0.250000,-0.657767
18,1.239582,0.885013,0.968275,0.940751,0.375000,-0.565751
19,1.205752,0.732126,0.960766,0.855643,0.000000,-0.855643
20,1.145689,0.244754,0.931639,0.494727,0.250000,-0.244727
21,1.080698,0.040829,0.888722,0.202063,-0.250000,-0.047937
22,1.022597,0.034892,0.849726,0.186794,-0.375000,-0.561794
23,0.979103,0.196209,0.828317,0.442955,-0.250000,0.192955
24,0.977023,0.937500,0.835314,0.968246,0.875000,-0.093246
25,0.949271,0.394227,0.825436,0.627875,0.750000,0.122125
26,0.908843,0.059865,0.799037,0.244673,0.250000,0.005327
27,0.869462,0.003078,0.766709,0.055483,0.250000,0.194517
28,0.835379,0.051459,0.744215,0.226845,-0.250000,-0.023155
29,0.803423,0.036496,0.722088,0.191040,0.125000,-0.066040
30,0.784600,0.314019,0.715868,0.560374,0.125000,0.685374
31,0.762100,0.177103,0.704941,0.420836,-0.250000,0.170836
32,0.759043,0.676502,0.709139,0.822498,-0.375000,0.447498
33,0.733156,0.008306,0.687829,0.091136,0.125000,0.216136
34,0.719157,0.313210,0.683556,0.559652,0.250000,-0.309652
35,0.696116,0.004881,0.663760,0.069864,0.000000,-0.069864
36,0.677357,0.095823,0.652691,0.309553,0.500000,0.190447
37,0.675589,0.618993,0.656753,0.786761,-0.625000,0.161761
38,0.664200,0.288390,0.653232,0.537020,-0.625000,-0.087980
39,0.661014,0.552683,0.655809,0.743427,-0.500000,0.243427
40,0.646503,0.138613,0.647934,0.372308,0.125000,-0.247308
41,0.633809,0.176827,0.641787,0.420509,0.250000,-0.170509
42,0.620171,0.115551,0.633844,0.339928,0.375000,0.035072
43,0.619903,0.609742,0.637613,0.780860,0.875000,0.094140
44,0.615567,0.446451,0.638377,0.668170,0.125000,0.793170
45,0.612854,0.504318,0.640128,0.710153,-0.625000,0.085153
46,0.601192,0.123084,0.633240,0.350833,0.500000,0.149167
47,0.587753,0.023282,0.622062,0.152586,0.000000,0.152586
48,0.576295,0.083606,0.614496,0.289146,0.125000,-0.164146
49,0.624673,2.753301,0.637714,1.659307,-1.375000,0.284307
50,0.612840,0.080388,0.630014,0.283527,-0.750000,-0.466473
51,0.603464,0.172140,0.625437,0.414898,0.250000,-0.164898
52,0.592411,0.072920,0.618033,0.270037,-0.375000,-0.645037
53,0.596030,0.769740,0.623325,0.877348,0.250000,-0.627348
54,0.585775,0.083313,0.616631,0.288639,0.125000,-0.163639
55,0.612736,1.960757,0.631997,1.400270,0.750000,-0.650270
56,0.674831,3.841707,0.657536,1.960027,1.625000,-0.335027
57,0.663564,0.077667,0.650388,0.278688,0.375000,0.096312
58,0.653167,0.102141,0.644262,0.319595,0.250000,-0.069595
59,0.645588,0.236318,0.641387,0.486125,0.750000,0.263875
60,0.650718,0.932857,0.647181,0.965845,-0.250000,0.715845
61,0.639358,0.003170,0.636814,0.056305,0.375000,0.431305
62,0.748238,6.954425,0.671302,2.637124,-1.875000,0.762124
63,0.749442,0.819286,0.675266,0.905144,0.375000,-0.530144
64,0.741586,0.278040,0.672800,0.527295,0.000000,-0.527295
65,0.744204,0.901295,0.677334,0.949365,-0.250000,-1.199365
66,0.735480,0.203298,0.673681,0.450886,-0.250000,-0.700886
67,0.734942,0.701587,0.676283,0.837608,0.125000,-0.712608
68,0.735946,0.799201,0.679685,0.893980,0.125000,-0.768980
69,0.726919,0.149233,0.675171,0.386307,0.250000,-0.136307
70,0.716040,0.008876,0.666369,0.094215,0.375000,0.469215
71,0.706755,0.093969,0.660998,0.306544,0.125000,0.431544
72,0.712317,1.084936,0.666595,1.041603,-0.625000,0.416603
73,0.705931,0.271707,0.664489,0.521255,-0.250000,0.271255
74,0.696469,0.043593,0.657979,0.208790,0.250000,0.041210
75,0.687838,0.083646,0.652785,0.289217,0.125000,-0.164217
76,0.678537,0.018153,0.645590,0.134732,0.000000,0.134732
77,0.675121,0.429176,0.645721,0.655115,-0.375000,0.280115
78,0.689635,1.749143,0.654867,1.322552,-1.125000,0.197552
79,0.681699,0.094500,0.650234,0.307409,0.125000,-0.182409
80,0.692583,1.508868,0.657841,1.228360,1.250000,0.021640
81,0.683591,0.000168,0.649466,0.012961,-0.375000,-0.387961
82,0.675016,0.014751,0.642697,0.121453,-0.125000,-0.246453
83,0.678042,0.914045,0.646663,0.956057,-0.625000,0.331057
84,0.669783,0.017372,0.640227,0.131802,0.125000,-0.006802
85,0.667263,0.465665,0.640748,0.682396,-0.625000,0.057396
86,0.660703,0.129328,0.637320,0.359622,-0.500000,-0.140378
87,0.653034,0.024195,0.631515,0.155548,-0.250000,-0.094452
88,0.645484,0.018828,0.625631,0.137216,-0.250000,-0.387216
89,0.648448,0.897404,0.629415,0.947314,-1.250000,-0.302686
90,0.650466,0.821957,0.632638,0.906618,0.375000,-0.531618
91,0.643049,0.005235,0.626198,0.072355,-0.125000,-0.052645
92,0.635748,0.000524,0.619343,0.022889,-0.375000,-0.352111
93,0.631371,0.246211,0.617959,0.496196,-0.625000,-0.128804
94,0.624581,0.020310,0.612676,0.142512,0.000000,-0.142512
95,0.620800,0.280468,0.611763,0.529592,0.250000,-0.279592
96,0.614062,0.000942,0.605447,0.030696,-0.125000,-0.155696
97,0.609863,0.223529,0.604021,0.472788,0.750000,0.277212
98,0.603505,0.012250,0.598773,0.110681,0.500000,0.389319
99,0.597171,0.001780,0.592914,0.042185,0.125000,0.082815
100,0.591411,0.044154,0.588926,0.210129,0.500000,0.289871
101,0.586796,0.143739,0.586764,0.379129,-0.250000,0.129129
102,0.587223,0.628692,0.588867,0.792901,0.625000,-0.167901
103,0.582552,0.124796,0.586487,0.353264,0.375000,0.021736
104,0.592216,1.548894,0.593068,1.244546,1.000000,-0.244546
105,0.586465,0.011390,0.588252,0.106726,0.250000,0.143274
106,0.587448,0.686704,0.590610,0.828676,-0.750000,0.078676
107,0.581773,0.002981,0.585406,0.054598,0.000000,0.054598
108,0.579637,0.359668,0.585543,0.599723,-0.375000,0.224723
109,0.581539,0.779326,0.588374,0.882794,0.500000,-0.382794
110,0.581342,0.560673,0.589887,0.748781,1.125000,0.376219
111,0.575936,0.002905,0.584878,0.053897,0.000000,-0.053897
112,0.570890,0.030928,0.581091,0.175863,0.125000,-0.050863
113,0.573786,0.886584,0.584398,0.941586,-0.625000,0.316586
114,0.569851,0.140925,0.582498,0.375400,0.375000,-0.000400
115,0.565197,0.053211,0.579329,0.230675,0.125000,0.355675
116,0.560223,0.008145,0.574962,0.090247,0.125000,0.034753
117,0.555299,0.003840,0.570422,0.061965,0.125000,0.063035
118,0.555807,0.613144,0.572287,0.783035,0.625000,-0.158035
119,0.551972,0.114851,0.570258,0.338897,-0.500000,-0.161103
120,0.549704,0.288803,0.569974,0.537404,0.250000,-0.287404
121,0.546284,0.149597,0.568409,0.386778,-0.250000,0.136778
122,0.541672,0.002009,0.563972,0.044827,-0.125000,-0.080173
123,0.538400,0.152386,0.562513,0.390367,-0.250000,0.140367
124,0.535133,0.146352,0.561013,0.382560,0.500000,0.117440
125,0.531955,0.150517,0.559583,0.387966,0.500000,0.112034
126,0.527611,0.002075,0.555370,0.045552,0.375000,0.329448
127,0.529319,0.737647,0.557837,0.858864,-0.375000,0.483864
128,0.529135,0.506480,0.559078,0.711674,-0.250000,0.461674
129,0.524953,0.006476,0.555249,0.080474,0.375000,0.294526
130,0.524724,0.496025,0.556432,0.704290,-0.500000,0.204290
131,0.527759,0.910150,0.559562,0.954018,-0.875000,0.079018
132,0.524010,0.047991,0.556902,0.219069,0.500000,0.280931
133,0.519952,0.000518,0.552761,0.022750,-0.125000,-0.147750
134,0.517249,0.168475,0.551667,0.410457,0.125000,-0.285457
135,0.514700,0.183318,0.550724,0.428156,0.625000,0.196844
136,0.524505,1.809043,0.556741,1.345007,1.250000,-0.095007
137,0.521667,0.147077,0.555439,0.383506,-0.375000,0.008506
138,0.518281,0.067824,0.553237,0.260430,-0.375000,-0.114570
139,0.514461,0.002607,0.549517,0.051060,0.250000,0.301060
140,0.513134,0.333986,0.549726,0.577916,-0.500000,0.077916
141,0.509420,0.004297,0.546192,0.065550,-0.125000,-0.059450
142,0.507927,0.303442,0.546226,0.550856,-0.125000,0.425856
143,0.510283,0.835407,0.548872,0.914006,-1.000000,-0.085994
144,0.508038,0.195968,0.548113,0.442683,-0.750000,-0.307317
145,0.504768,0.046976,0.545763,0.216739,0.000000,0.216739
146,0.501472,0.036798,0.543271,0.191829,-0.125000,-0.316829
147,0.498239,0.039171,0.540856,0.197918,-0.375000,-0.177082
148,0.495178,0.057343,0.538763,0.239464,0.375000,0.135536
149,0.491872,0.015891,0.535916,0.126058,-0.250000,-0.123942
150,0.506259,2.592287,0.543273,1.610058,1.250000,-0.360058
151,0.503146,0.048649,0.541078,0.220564,0.500000,0.279436
152,0.504217,0.661733,0.542919,0.813470,-0.625000,0.188470
153,0.506924,0.907502,0.545668,0.952629,-0.875000,0.077629
154,0.509561,0.902569,0.548364,0.950036,-0.750000,0.200036
155,0.512147,0.899998,0.551015,0.948682,0.750000,-0.198682
156,0.510609,0.278281,0.550861,0.527523,-0.375000,0.152523
157,0.507271,0.000001,0.547267,0.000989,-0.125000,-0.124011
158,0.504017,0.006165,0.544223,0.078517,0.375000,0.296483
159,0.506548,0.896296,0.546820,0.946729,-0.875000,0.071729
160,0.505849,0.397548,0.547356,0.630514,-1.000000,-0.369486
161,0.524981,3.509511,0.555802,1.873369,1.875000,0.001631
162,0.533761,1.912288,0.561037,1.382855,1.125000,-0.257855
163,0.532240,0.291792,0.560906,0.540178,0.000000,-0.540178
164,0.529155,0.038745,0.558630,0.196837,0.375000,0.178163
165,0.528298,0.391059,0.559044,0.625347,-0.625000,0.000347
166,0.526615,0.255792,0.558716,0.505759,0.125000,-0.380759
167,0.523557,0.028024,0.556315,0.167403,0.250000,0.417403
168,0.526324,0.977340,0.558951,0.988605,0.750000,-0.238605
169,0.523617,0.079775,0.557275,0.282444,-0.250000,0.032444
170,0.522631,0.359932,0.557532,0.599944,0.625000,0.025056
171,0.521679,0.363587,0.557804,0.602982,-0.625000,-0.022018
172,0.519800,0.206049,0.557186,0.453926,0.125000,-0.328926
173,0.517122,0.067243,0.555423,0.259313,0.250000,-0.009313
174,0.521717,1.298321,0.558859,1.139439,0.875000,-0.264439
175,0.520588,0.328663,0.558943,0.573291,0.500000,-0.073291
176,0.518157,0.102425,0.557554,0.320039,0.500000,0.179961
177,0.515194,0.005491,0.554760,0.074099,0.125000,0.050901
178,0.515796,0.619906,0.556096,0.787341,0.750000,-0.037341
179,0.519033,1.082351,0.558863,1.040361,1.250000,0.209639
180,0.516418,0.058705,0.557065,0.242290,0.625000,0.382710
181,0.513793,0.051918,0.555205,0.227855,0.500000,0.272145
182,0.512547,0.291920,0.555121,0.540296,1.250000,0.709704
183,0.509696,0.002155,0.552279,0.046426,0.625000,0.578574
184,0.506956,0.016496,0.549925,0.128438,0.250000,0.378438
185,0.510947,1.229421,0.553012,1.108793,1.750000,0.641207
186,0.508141,0.000279,0.550065,0.016715,0.500000,0.483285
187,0.507730,0.432938,0.550655,0.657980,-0.500000,0.157980
188,0.516766,2.170333,0.555669,1.473205,-1.000000,0.473205
189,0.514319,0.064014,0.554033,0.253010,0.250000,-0.003010
190,0.511641,0.016254,0.551740,0.127490,0.000000,0.127490
191,0.513618,0.881282,0.553809,0.938766,-0.750000,0.188766
192,0.524981,2.649878,0.559522,1.627845,2.000000,0.372155
193,0.523387,0.223705,0.559064,0.472974,0.875000,0.402026
194,0.548900,5.370928,0.568320,2.317526,2.000000,-0.317526
195,0.546346,0.060972,0.566637,0.246925,0.500000,0.746925
196,0.543623,0.023683,0.564487,0.153893,0.000000,0.153893
197,0.545892,0.981561,0.566696,0.990738,-0.875000,0.115738
198,0.553921,2.103343,0.571250,1.450291,-1.250000,0.200291
199,0.551811,0.142596,0.570257,0.377618,-0.750000,-0.372382
200,0.551272,0.446087,0.570755,0.667897,0.750000,0.082103
201,0.548828,0.069943,0.569201,0.264468,0.625000,0.360532
202,0.547142,0.214996,0.568668,0.463677,0.875000,0.411323
203,0.545710,0.262049,0.568383,0.511907,1.125000,0.613093
204,0.544080,0.219683,0.567884,0.468704,0.625000,0.156296
205,0.542204,0.167018,0.567092,0.408679,-0.500000,-0.091321
206,0.540960,0.291053,0.566955,0.539494,-0.375000,0.164494
207,0.538348,0.010574,0.564669,0.102830,-0.125000,-0.022170
208,0.535935,0.046071,0.562953,0.214642,-0.250000,-0.035358
209,0.533867,0.111983,0.561840,0.334639,0.000000,0.334639
210,0.546670,3.171426,0.567757,1.780850,-1.250000,0.530850
211,0.544073,0.009032,0.565473,0.095039,0.000000,-0.095039
212,0.541667,0.043708,0.563760,0.209064,0.250000,0.040936
213,0.541765,0.562102,0.564650,0.749735,-0.750000,-0.000265
214,0.539973,0.165434,0.563898,0.406735,0.500000,0.093265
215,0.543419,1.267110,0.566560,1.125660,-0.750000,0.375660
216,0.542520,0.352736,0.566689,0.593916,0.375000,-0.218916
217,0.541171,0.255146,0.566400,0.505120,-0.250000,0.255120
218,0.539170,0.113143,0.565325,0.336368,0.125000,-0.211368
219,0.536910,0.053152,0.563768,0.230546,-0.250000,-0.019454
220,0.534848,0.091493,0.562558,0.302478,-0.375000,-0.072522
221,0.532383,0.000081,0.560008,0.009011,0.000000,0.009011
222,0.538446,1.854022,0.563685,1.361625,1.500000,0.138375
223,0.536407,0.091985,0.562496,0.303290,0.375000,0.678290
224,0.534299,0.072573,0.561163,0.269393,0.125000,0.394393
225,0.531922,0.009061,0.559055,0.095191,0.500000,0.595191
226,0.529744,0.048402,0.557528,0.220004,0.125000,0.345004
227,0.530645,0.730653,0.558861,0.854783,-0.625000,0.229783
228,0.533314,1.128471,0.561108,1.062295,-0.750000,0.312295
229,0.531347,0.090782,0.559953,0.301301,-0.125000,0.176301
230,0.529438,0.099943,0.558875,0.316138,0.375000,0.058862
231,0.527565,0.104207,0.557835,0.322811,-0.125000,0.197811
232,0.526775,0.347435,0.557973,0.589436,-0.250000,0.339436
233,0.524752,0.063451,0.556637,0.251895,0.125000,0.376895
234,0.523600,0.259707,0.556432,0.509615,-0.375000,0.134615
235,0.521824,0.113491,0.555482,0.336884,-0.250000,0.086884
236,0.519683,0.025105,0.553770,0.158447,0.125000,0.283447
237,0.526975,2.218700,0.557787,1.489530,-1.375000,0.114530
238,0.526196,0.344556,0.557911,0.586989,0.250000,-0.336989
239,0.524050,0.021908,0.556167,0.148013,-0.125000,0.023013
240,0.522040,0.049896,0.554757,0.223373,-0.375000,-0.598373
241,0.522780,0.697253,0.555940,0.835017,0.625000,-0.210017
242,0.520848,0.063093,0.554659,0.251182,0.250000,-0.001182
243,0.519057,0.092730,0.553612,0.304517,-0.125000,-0.429517
244,0.517170,0.066152,0.552377,0.257201,0.000000,0.257201
245,0.520750,1.380052,0.554960,1.174756,1.500000,0.325244
246,0.518632,0.008200,0.553041,0.090551,0.375000,0.465551
247,0.516531,0.007993,0.551133,0.089406,0.250000,0.160594
248,0.514672,0.062912,0.549902,0.250823,0.250000,0.500823
249,0.512603,0.007680,0.548015,0.087636,0.375000,0.287364
250,0.512182,0.409100,0.548388,0.639609,0.875000,0.235391
251,0.510461,0.087158,0.547363,0.295226,0.625000,0.329774
252,0.508962,0.138742,0.546657,0.372481,-0.125000,0.247481
253,0.507115,0.049106,0.545352,0.221598,0.625000,0.403402
254,0.506068,0.245230,0.545151,0.495207,-0.250000,0.245207
255,0.511222,1.799744,0.548324,1.341545,1.250000,-0.091545
256,0.514020,1.216299,0.550525,1.102860,1.500000,0.397140
257,0.512416,0.108197,0.549649,0.328933,-0.250000,0.078933
258,0.510618,0.055653,0.548414,0.235909,0.125000,-0.110909
259,0.511067,0.625194,0.549364,0.790692,1.125000,0.334308
260,0.510610,0.394220,0.549671,0.627869,0.500000,-0.127869
261,0.509551,0.238423,0.549432,0.488286,0.625000,0.136714
262,0.509819,0.578672,0.550251,0.760705,1.375000,0.614295
263,0.508732,0.228351,0.549971,0.477860,-0.375000,0.102860
264,0.509399,0.682147,0.551032,0.825922,0.750000,-0.075922
265,0.507491,0.011278,0.549328,0.106198,0.500000,0.393802
266,0.505584,0.007773,0.547568,0.088163,-0.125000,-0.213163
267,0.503780,0.031364,0.546159,0.177100,0.250000,0.072900
268,0.503937,0.545029,0.546887,0.738261,1.125000,0.386739
269,0.504737,0.715938,0.548016,0.846131,0.875000,0.028869
270,0.515779,3.441913,0.552931,1.855239,2.250000,0.394761
271,0.530114,4.343162,0.558665,2.084026,-1.250000,0.834026
272,0.529576,0.385944,0.558899,0.621244,-1.125000,-0.503756
273,0.527720,0.030373,0.557469,0.174279,-0.125000,0.049279
274,0.526259,0.133342,0.556756,0.365161,0.250000,-0.115161
275,0.524319,0.000409,0.554777,0.020235,0.125000,0.104765
276,0.522536,0.039413,0.553467,0.198527,0.500000,0.698527
277,0.520776,0.042061,0.552191,0.205088,0.625000,0.419912
278,0.521736,0.783797,0.553407,0.885323,-0.500000,0.385323
279,0.530602,2.959996,0.557650,1.720464,-1.375000,0.345464
280,0.528681,0.000311,0.555694,0.017627,0.250000,0.232373
281,0.540686,3.854098,0.560775,1.963186,-1.875000,0.088186
282,0.538753,0.003175,0.558961,0.056344,-0.375000,-0.318656
283,0.537576,0.210569,0.558602,0.458878,1.000000,0.541122
284,0.535859,0.056775,0.557458,0.238276,0.000000,-0.238276
285,0.538826,1.369500,0.559639,1.170257,1.125000,-0.045257
286,0.537227,0.087882,0.558705,0.296448,0.250000,0.546448
287,0.543023,2.177644,0.561946,1.475684,1.250000,-0.225684
288,0.542117,0.285711,0.561849,0.534519,-0.250000,0.284519
289,0.540440,0.064096,0.560766,0.253171,-0.250000,0.003171
290,0.538567,0.004674,0.559044,0.068366,0.250000,0.181634
291,0.536693,0.000943,0.557203,0.030714,0.250000,0.219286
292,0.535909,0.310719,0.557204,0.557422,0.750000,0.192578
293,0.534111,0.016429,0.555720,0.128177,0.500000,0.628177
294,0.533746,0.428254,0.556060,0.654411,1.000000,0.345589
295,0.531914,0.000686,0.554239,0.026192,0.375000,0.401192
296,0.572231,12.304269,0.564354,3.507744,-3.250000,0.257744
297,0.571505,0.359650,0.564474,0.599708,0.125000,-0.474708
298,0.571634,0.609475,0.565210,0.780689,0.875000,0.094311
299,0.575007,1.566590,0.567537,1.251635,0.375000,-0.876635
300,0.573459,0.116638,0.566773,0.341524,0.125000,0.466524
301,0.574580,0.906648,0.568071,0.952181,-0.500000,0.452181
302,0.572973,0.095572,0.567202,0.309147,-0.125000,-0.434147
303,0.573875,0.842786,0.568375,0.918034,0.875000,-0.043034
304,0.576030,1.220170,0.570163,1.104613,1.375000,0.270387
305,0.578618,1.354981,0.572136,1.164037,-0.625000,0.539037
306,0.578384,0.508165,0.572602,0.712857,-0.250000,0.462857
307,0.576956,0.145720,0.571972,0.381733,0.250000,0.631733
308,0.576100,0.316653,0.571941,0.562719,-0.250000,0.312719
309,0.574517,0.093104,0.571067,0.305129,0.125000,0.430129
310,0.577849,1.594331,0.573327,1.262668,-0.625000,0.637668
311,0.576024,0.017466,0.571890,0.132159,0.125000,0.257159
312,0.574432,0.085863,0.570984,0.293024,0.125000,0.418024
313,0.575331,0.852106,0.572124,0.923096,1.125000,0.201904
314,0.574321,0.262100,0.571930,0.511957,0.000000,0.511957
315,0.574682,0.686701,0.572755,0.828674,-0.500000,0.328674
316,0.573969,0.352347,0.572822,0.593589,1.000000,0.406411
317,0.574472,0.731255,0.573724,0.855135,1.125000,0.269865
318,0.573181,0.169000,0.573206,0.411096,-0.250000,0.161096
319,0.571876,0.162184,0.572665,0.402720,-0.125000,0.277720
320,0.682811,35.627446,0.589741,5.968873,-5.625000,0.343873
321,0.694341,4.337823,0.594451,2.082744,-3.000000,-0.917256
322,0.694402,0.713642,0.595238,0.844773,0.750000,-0.094773
323,0.693443,0.388659,0.595327,0.623425,-1.750000,-1.126575
324,0.693565,0.732398,0.596141,0.855803,0.250000,-0.605803
325,0.692104,0.224490,0.595760,0.473804,0.375000,0.848804
326,0.690663,0.228111,0.595393,0.477610,-0.250000,-0.727610
327,0.690554,0.655375,0.596056,0.809552,-1.000000,-0.190448
328,0.693416,1.617962,0.598142,1.271991,-1.500000,-0.228009
329,0.694582,1.072304,0.599488,1.035521,-1.375000,-0.339479
330,0.692467,0.005035,0.597866,0.070956,-0.250000,-0.179044
331,0.698456,2.650944,0.601017,1.628172,-1.625000,0.003172
332,0.696474,0.048270,0.599855,0.219704,0.000000,-0.219704
333,0.694697,0.111922,0.599048,0.334548,-0.125000,0.209548
334,0.694373,0.587741,0.599556,0.766643,0.500000,-0.266643
335,0.692285,0.003180,0.597915,0.056394,0.250000,0.306394
336,0.691127,0.307906,0.597786,0.554893,-0.500000,0.054893
337,0.689107,0.018682,0.596401,0.136681,-0.250000,-0.113319
338,0.687103,0.019625,0.595035,0.140089,0.125000,-0.015089
339,0.685073,0.007175,0.593511,0.084707,0.125000,0.040293
340,0.683039,0.001614,0.591865,0.040177,0.125000,0.165177
341,0.681419,0.136958,0.591206,0.370078,-0.250000,0.120078
342,0.679448,0.015333,0.589824,0.123826,-0.125000,-0.001174
343,0.683969,2.211935,0.592471,1.487258,1.500000,0.012742
344,0.682006,0.016724,0.591109,0.129323,0.375000,0.245677
345,0.680287,0.095752,0.590283,0.309439,-0.250000,0.059439
346,0.681072,0.948769,0.591405,0.974048,-0.750000,0.224048
347,0.679330,0.083658,0.590524,0.289237,0.125000,-0.164237
348,0.677366,0.003581,0.588981,0.059838,0.125000,0.065162
349,0.675989,0.202334,0.588578,0.449815,-0.375000,0.074815
350,0.674820,0.271469,0.588383,0.521027,-0.500000,0.021027
351,0.672934,0.020427,0.587099,0.142922,-0.125000,0.017922
352,0.671005,0.001582,0.585526,0.039769,0.000000,-0.039769
353,0.669580,0.173669,0.585042,0.416736,-0.375000,0.041736
354,0.668670,0.351108,0.585064,0.592544,0.625000,0.032456
355,0.666801,0.012805,0.583719,0.113157,0.000000,0.113157
356,0.664923,0.005672,0.582275,0.075312,0.000000,-0.075312
357,0.663325,0.100885,0.581525,0.317624,0.375000,0.057376
358,0.661670,0.077340,0.580668,0.278100,-0.375000,-0.096900
359,0.659884,0.027733,0.579502,0.166531,-0.125000,-0.291531
360,0.658261,0.081858,0.578677,0.286108,0.250000,-0.036108
361,0.656795,0.134956,0.578086,0.367364,-0.500000,-0.132636
362,0.654984,0.008607,0.576730,0.092773,-0.125000,-0.217773
363,0.653561,0.143959,0.576180,0.379419,-0.375000,0.004419
364,0.652476,0.263193,0.576005,0.513024,-0.750000,-0.236976
365,0.658340,2.769256,0.579019,1.664108,-1.750000,-0.085892
366,0.656797,0.099780,0.578292,0.315880,-0.125000,-0.440880
367,0.665948,3.978491,0.582194,1.994616,-2.250000,-0.255384
368,0.669018,1.783557,0.584263,1.335499,-0.375000,-1.710499
369,0.670263,1.123422,0.585567,1.059916,0.750000,-0.309916
370,0.675734,2.672778,0.588433,1.634863,1.125000,-0.509863
371,0.674250,0.130957,0.587816,0.361880,0.500000,0.138120
372,0.672570,0.056152,0.586863,0.236963,0.250000,0.013037
373,0.673235,0.917859,0.587869,0.958050,0.750000,-0.208050
374,0.674908,1.292317,0.589352,1.136801,1.000000,-0.136801
375,0.674244,0.428464,0.589528,0.654572,0.875000,0.220428
376,0.674105,0.622589,0.590064,0.789043,1.125000,0.335957
377,0.674022,0.643006,0.590632,0.801876,-0.500000,0.301876
378,0.674860,0.987352,0.591710,0.993656,0.875000,-0.118656
379,0.686558,5.061927,0.596132,2.249873,-1.875000,0.374873
380,0.685000,0.100585,0.595390,0.317152,-0.375000,-0.692152
381,0.769030,32.364403,0.608900,5.688972,-5.375000,0.313972
382,0.772393,2.039995,0.611068,1.428284,-0.625000,-2.053284
383,0.772995,1.000696,0.612095,1.000348,0.875000,-0.125348
384,0.772583,0.616635,0.612551,0.785261,0.125000,-0.660261
385,0.772332,0.676960,0.613103,0.822776,0.875000,0.052224
386,0.770623,0.119322,0.612402,0.345430,0.125000,0.470430
387,0.768612,0.000224,0.610842,0.014976,-0.500000,-0.485024
388,0.767278,0.256647,0.610571,0.506604,0.375000,-0.131604
389,0.772426,2.749198,0.613291,1.658071,1.500000,-0.158071
390,0.770575,0.058047,0.612327,0.240930,-0.375000,-0.134070
391,0.768711,0.049144,0.611317,0.221684,-0.500000,-0.278316
392,0.768187,0.565289,0.611680,0.751857,-0.875000,-0.123143
393,0.766485,0.105975,0.610944,0.325538,0.000000,-0.325538
394,0.766224,0.664643,0.611468,0.815256,0.875000,0.059744
395,0.764282,0.006898,0.610116,0.083052,0.000000,0.083052
396,0.762422,0.035467,0.609040,0.188326,0.000000,-0.188326
397,0.761312,0.325991,0.608944,0.570956,0.000000,0.570956
398,0.760407,0.404887,0.609013,0.636307,-0.375000,0.261307
399,0.759072,0.232920,0.608693,0.482618,-0.250000,0.232618
400,0.757392,0.093911,0.607930,0.306449,0.000000,0.306449
401,0.755768,0.112494,0.607243,0.335401,-0.125000,0.210401
402,0.754639,0.306491,0.607109,0.553616,-0.375000,0.178616
403,0.752982,0.093491,0.606353,0.305764,0.500000,0.194236
404,0.755039,1.575803,0.607976,1.255310,-1.000000,0.255310
405,0.753520,0.145889,0.607412,0.381954,-0.500000,-0.118046
406,0.755525,1.559655,0.609008,1.248861,-1.125000,0.123861
407,0.755219,0.632036,0.609469,0.795007,0.625000,-0.170007
408,0.753354,0.001898,0.608069,0.043568,0.250000,0.206432
409,0.752951,0.590276,0.608464,0.768294,-0.750000,0.018294
410,0.751102,0.002204,0.607081,0.046951,0.000000,-0.046951
411,0.749271,0.005950,0.605779,0.077134,0.000000,0.077134
412,0.747874,0.179132,0.605332,0.423240,0.250000,-0.173240
413,0.750394,1.778396,0.607112,1.333565,1.375000,0.041435
414,0.748574,0.004291,0.605791,0.065509,-0.125000,-0.059491
415,0.746758,0.002446,0.604438,0.049454,-0.250000,-0.299454
416,0.744972,0.010950,0.603224,0.104642,-0.125000,-0.020358
417,0.743991,0.339444,0.603175,0.582618,0.375000,-0.207618
418,0.742883,0.285441,0.603008,0.534267,0.500000,-0.034267
419,0.741219,0.052220,0.602106,0.228516,0.250000,0.021484
420,0.739499,0.025862,0.601045,0.160817,-0.375000,-0.214183
421,0.737834,0.044965,0.600112,0.212050,0.125000,-0.087050
422,0.736086,0.007430,0.598883,0.086195,0.000000,-0.086195
423,0.734330,0.000189,0.597486,0.013748,-0.125000,-0.111252
424,0.732595,0.005561,0.596241,0.074575,-0.125000,-0.050425
425,0.731171,0.133266,0.595692,0.365056,-0.250000,0.115056
426,0.729596,0.066332,0.594891,0.257550,0.375000,0.117450
427,0.728080,0.088635,0.594188,0.297717,0.000000,0.297717
428,0.727406,0.442194,0.594355,0.664976,-0.500000,0.164976
429,0.725721,0.011111,0.593205,0.105407,0.000000,0.105407
430,0.726391,1.011367,0.594173,1.005667,-0.875000,0.130667
431,0.725224,0.228048,0.593900,0.477544,-0.625000,-0.147456
432,0.723885,0.152023,0.593423,0.389901,-0.250000,0.139901
433,0.723468,0.544829,0.593760,0.738125,-0.750000,-0.011875
434,0.722935,0.494603,0.594015,0.703280,0.750000,0.046720
435,0.721376,0.051062,0.593161,0.225970,0.125000,0.350970
436,0.719724,0.007539,0.591989,0.086829,0.000000,-0.086829
437,0.718160,0.042537,0.591098,0.206244,0.375000,0.168756
438,0.717698,0.517763,0.591394,0.719557,0.625000,-0.094557
439,0.716270,0.096339,0.590748,0.310385,-0.500000,-0.189615
440,0.714817,0.082613,0.590052,0.287425,0.000000,-0.287425
441,0.713350,0.073955,0.589325,0.271947,-0.500000,-0.228053
442,0.712383,0.289578,0.589208,0.538124,-0.875000,-0.336876
443,0.712976,0.972760,0.590112,0.986286,-1.125000,-0.138714
444,0.711749,0.173444,0.589718,0.416466,0.250000,-0.166466
445,0.710139,0.001442,0.588466,0.037978,0.000000,-0.037978
446,0.708547,0.006405,0.587316,0.080030,-0.125000,-0.044970
447,0.706950,0.001323,0.586072,0.036376,0.125000,0.088624
448,0.705824,0.206805,0.585777,0.454758,-0.500000,-0.045242
449,0.704767,0.235682,0.585551,0.485471,-0.750000,-0.264529
450,0.703364,0.078782,0.584868,0.280681,-0.375000,-0.094319
451,0.701894,0.046203,0.584040,0.214948,0.000000,-0.214948
452,0.700779,0.202381,0.583741,0.449867,-0.625000,-0.175133
453,0.704573,2.404545,0.585894,1.550660,1.375000,-0.175660
454,0.704167,0.521666,0.586197,0.722265,0.750000,0.027735
455,0.702975,0.166577,0.585802,0.408138,0.125000,-0.283138
456,0.701558,0.062774,0.585061,0.250547,-0.125000,0.125547
457,0.702190,0.987603,0.585963,0.993782,0.875000,-0.118782
458,0.702699,0.933337,0.586800,0.966094,-1.125000,-0.158906
459,0.702137,0.446871,0.586980,0.668484,0.250000,-0.418484
460,0.700597,0.000226,0.585726,0.015046,-0.125000,-0.140046
461,0.699169,0.047793,0.584922,0.218616,-0.250000,-0.468616
462,0.698191,0.251253,0.584740,0.501252,0.375000,-0.126252
463,0.697435,0.351317,0.584757,0.592720,0.500000,-0.092720
464,0.696161,0.111499,0.584212,0.333914,0.125000,-0.208914
465,0.694715,0.029533,0.583317,0.171852,-0.125000,0.046852
466,0.693255,0.020114,0.582362,0.141825,0.125000,-0.016825
467,0.691788,0.013764,0.581357,0.117319,0.125000,0.007681
468,0.692891,1.203584,0.582469,1.097080,-1.125000,-0.027920
469,0.691873,0.219657,0.582224,0.468675,-0.625000,-0.156325
470,0.690388,0.000004,0.580979,0.002110,-0.125000,-0.122890
471,0.689366,0.212892,0.580723,0.461402,0.250000,-0.211402
472,0.689263,0.641193,0.581193,0.800745,-0.750000,0.050745
473,0.692549,2.230528,0.583138,1.493495,-1.500000,-0.006505
474,0.698279,3.385695,0.585812,1.840026,-2.000000,-0.159974
475,0.697450,0.307842,0.585747,0.554835,-0.750000,-0.195165
476,0.696265,0.138024,0.585293,0.371516,0.375000,0.003484
477,0.695036,0.115038,0.584772,0.339172,-0.250000,0.089172
478,0.693686,0.054964,0.584033,0.234443,-0.125000,0.109443
479,0.695726,1.662944,0.585519,1.289552,-1.125000,0.164552
480,0.694302,0.017508,0.584567,0.132316,-0.250000,-0.382316
481,0.693876,0.491101,0.584810,0.700786,0.625000,-0.075786
482,0.692667,0.116133,0.584300,0.340783,-0.500000,-0.159217
483,0.692412,0.570531,0.584657,0.755335,0.375000,-0.380335
484,0.691099,0.062035,0.583958,0.249068,0.125000,-0.124068
485,0.689692,0.014450,0.582994,0.120207,-0.375000,-0.495207
486,0.688265,0.002172,0.581881,0.046600,0.000000,-0.046600
487,0.687619,0.375980,0.581945,0.613172,-0.750000,-0.136828
488,0.686618,0.203188,0.581674,0.450764,-0.750000,-0.299236
489,0.685202,0.000035,0.580487,0.005935,0.000000,-0.005935
490,0.683953,0.078033,0.579868,0.279345,0.125000,-0.154345
491,0.683315,0.373058,0.579931,0.610785,0.500000,-0.110785
492,0.681943,0.013731,0.578983,0.117180,0.250000,0.132820
493,0.681148,0.293641,0.578907,0.541887,0.500000,-0.041887
494,0.679934,0.085926,0.578324,0.293132,0.250000,-0.043132
495,0.678638,0.043482,0.577571,0.208524,-0.500000,-0.291476
496,0.678705,0.711982,0.578112,0.843790,0.500000,-0.343790
497,0.684459,3.515156,0.580742,1.874875,1.625000,-0.249875
498,0.683167,0.046532,0.580003,0.215712,-0.375000,-0.159288
499,0.681809,0.010947,0.579043,0.104629,-0.500000,-0.395371
500,0.681232,0.395459,0.579143,0.628856,0.375000,-0.253856
501,0.679877,0.007710,0.578155,0.087809,-0.250000,-0.337809
502,0.678564,0.025999,0.577318,0.161243,-0.375000,-0.213757
503,0.677213,0.004658,0.576297,0.068249,0.000000,-0.068249
504,0.676287,0.213789,0.576069,0.462373,-0.750000,-0.287627
505,0.676821,0.944146,0.576859,0.971672,0.750000,-0.221672
506,0.676392,0.461213,0.577063,0.679126,0.750000,0.070874
507,0.675164,0.058664,0.576397,0.242207,0.000000,-0.242207
508,0.673864,0.020119,0.575535,0.141843,-0.250000,-0.108157
509,0.672817,0.145265,0.575150,0.381137,-0.500000,-0.118863
510,0.677007,2.792651,0.577316,1.671123,-2.000000,-0.328877
511,0.675704,0.016403,0.576430,0.128073,-0.375000,-0.503073
512,0.674439,0.033349,0.575655,0.182618,0.000000,-0.182618
513,0.676228,1.585008,0.576997,1.258971,-1.625000,-0.366029
514,0.675266,0.185553,0.576710,0.430759,-0.625000,-0.194241
515,0.688386,7.379421,0.580898,2.716509,-2.750000,-0.033491
516,0.701245,7.272179,0.585030,2.696698,-3.500000,-0.803302
517,0.700817,0.481832,0.585243,0.694141,-1.000000,-0.305859
518,0.700751,0.667083,0.585693,0.816751,0.250000,-0.566751
519,0.699944,0.285158,0.585593,0.534002,0.250000,-0.284002
520,0.701755,1.634357,0.586936,1.278420,1.625000,0.346580
521,0.701170,0.398978,0.587022,0.631647,-0.375000,0.256647
522,0.705171,2.773748,0.589104,1.665457,1.125000,-0.540457
523,0.708263,2.309963,0.590897,1.519856,1.625000,0.105144
524,0.712355,2.836319,0.593000,1.684137,1.375000,-0.309137
525,0.723734,6.640832,0.596808,2.576981,-2.750000,-0.173019
526,0.722999,0.340072,0.596782,0.583157,-0.625000,-1.208157
527,0.723713,1.096079,0.597642,1.046938,0.250000,-0.796938
528,0.725468,1.643328,0.598948,1.281924,0.625000,-0.656924
529,0.725585,0.787269,0.599497,0.887282,0.750000,-0.137282
530,0.725135,0.488827,0.599687,0.699162,0.625000,-0.074162
531,0.724563,0.423396,0.599784,0.650689,0.125000,-0.525689
532,0.723198,0.004335,0.598772,0.065841,0.000000,-0.065841
533,0.723052,0.645675,0.599160,0.803539,-1.000000,-0.196461
534,0.724868,1.685312,0.600478,1.298195,0.875000,-0.423195
535,0.724073,0.302813,0.600384,0.550284,-0.625000,-0.074716
536,0.723253,0.288075,0.600264,0.536726,0.000000,-0.536726
537,0.722010,0.060577,0.599600,0.246124,0.000000,-0.246124
538,0.721169,0.273002,0.599455,0.522496,0.000000,-0.522496
539,0.720443,0.332596,0.599413,0.576711,0.125000,-0.451711
540,0.719731,0.338807,0.599381,0.582071,0.375000,-0.207071
541,0.719018,0.337168,0.599346,0.580662,0.250000,-0.330662
542,0.721963,2.303483,0.601053,1.517723,1.375000,-0.142723
543,0.723107,1.338236,0.602084,1.156821,1.375000,0.218179
544,0.722870,0.595323,0.602398,0.771572,-0.750000,0.021572
545,0.723306,0.958896,0.603094,0.979232,-1.375000,-0.395768
546,0.722771,0.433133,0.603196,0.658128,0.125000,-0.533128
547,0.721446,0.003397,0.602192,0.058281,0.000000,-0.058281
548,0.721000,0.478672,0.602357,0.691861,0.750000,0.058139
549,0.720420,0.404914,0.602419,0.636329,-0.250000,0.386329
550,0.719134,0.018500,0.601565,0.136016,-0.250000,-0.113984
551,0.718141,0.175608,0.601232,0.419056,-0.250000,0.169056
552,0.717811,0.537231,0.601472,0.732960,-0.625000,0.107960
553,0.716503,0.000040,0.600388,0.006358,0.000000,0.006358
554,0.715208,0.004057,0.599412,0.063696,0.250000,0.186304
555,0.714329,0.230723,0.599196,0.480337,0.500000,0.019663
556,0.713421,0.213440,0.598948,0.461996,-0.125000,0.336996
557,0.712132,0.000556,0.597907,0.023581,0.125000,0.148581
558,0.711702,0.473743,0.598070,0.688290,-0.625000,0.063290
559,0.710420,0.000133,0.597013,0.011530,-0.125000,-0.113470
560,0.709649,0.282138,0.596895,0.531166,0.500000,-0.031166
561,0.711418,1.694982,0.598161,1.301915,1.250000,-0.051915
562,0.710266,0.068401,0.597557,0.261535,-0.125000,0.136535
563,0.709373,0.210884,0.597310,0.459221,-0.500000,-0.040779
564,0.708147,0.023173,0.596515,0.152228,0.000000,-0.152228
565,0.706912,0.014958,0.595670,0.122304,0.000000,-0.122304
566,0.705659,0.003024,0.594708,0.054988,-0.125000,-0.070012
567,0.704878,0.265795,0.594567,0.515553,-0.500000,0.015553
568,0.703929,0.169815,0.594244,0.412086,0.125000,-0.287086
569,0.704423,0.982641,0.594946,0.991283,0.875000,-0.116283
570,0.703584,0.229954,0.594742,0.479535,-0.375000,0.104535
571,0.702346,0.001643,0.593765,0.040532,-0.250000,-0.209468
572,0.702751,0.932416,0.594420,0.965617,-1.125000,-0.159383
573,0.722393,11.878808,0.599432,3.446565,-3.875000,-0.428435
574,0.721534,0.232647,0.599227,0.482335,-1.250000,-0.767665
575,0.722787,1.437097,0.600277,1.198790,1.000000,-0.198790
576,0.721782,0.147895,0.599900,0.384571,0.125000,-0.259571
577,0.744930,13.985583,0.605379,3.739730,-3.500000,0.239730
578,0.744060,0.245459,0.605188,0.495438,-0.875000,-0.379562
579,0.742941,0.100921,0.604688,0.317681,0.250000,-0.067681
580,0.746810,2.971189,0.606631,1.723714,1.875000,0.151286
581,0.751758,3.601995,0.608868,1.897892,-1.250000,0.647892
582,0.750733,0.159251,0.608505,0.399063,-0.125000,-0.524063
583,0.750547,0.643200,0.608840,0.801997,0.625000,-0.176997
584,0.749483,0.133263,0.608419,0.365052,-0.250000,0.115052
585,0.748194,0.000409,0.607407,0.020220,-0.250000,-0.270220
586,0.747117,0.121726,0.606963,0.348892,-0.500000,-0.151108
587,0.754353,4.965615,0.609744,2.228366,1.750000,-0.478366
588,0.756081,1.763450,0.610974,1.327950,-1.000000,0.327950
589,0.757899,1.819550,0.612235,1.348907,-1.875000,-0.526093
590,0.757467,0.505010,0.612403,0.710641,-1.125000,-0.414359
591,0.756629,0.265463,0.612238,0.515231,0.250000,-0.265231
592,0.755574,0.136443,0.611825,0.369381,0.250000,-0.119381
593,0.754633,0.201000,0.611547,0.448330,0.375000,-0.073330
594,0.753710,0.210066,0.611287,0.458329,0.250000,-0.208329
595,0.752435,0.000210,0.610277,0.014487,0.000000,0.014487
596,0.751193,0.017236,0.609468,0.131284,0.000000,-0.131284
597,0.750026,0.059062,0.608850,0.243027,0.000000,-0.243027
598,0.748800,0.022059,0.608075,0.148523,-0.250000,-0.101477
599,0.747548,0.003517,0.607153,0.059301,-0.125000,-0.184301
600,0.746324,0.018090,0.606360,0.134500,-0.250000,-0.115500
601,0.745781,0.422104,0.606433,0.649695,0.375000,-0.274695
602,0.744906,0.222668,0.606208,0.471877,0.375000,-0.096877
603,0.743671,0.005227,0.605316,0.072300,-0.250000,-0.177700
604,0.742659,0.136577,0.604923,0.369564,0.000000,-0.369564
605,0.741451,0.016461,0.604130,0.128300,-0.125000,-0.253300
606,0.740604,0.231556,0.603926,0.481203,0.125000,-0.356203
607,0.739572,0.118665,0.603496,0.344478,-0.625000,-0.280522
608,0.739067,0.434518,0.603588,0.659180,-1.125000,-0.465820
609,0.742335,2.715920,0.605314,1.648005,-1.625000,0.023005
610,0.758226,10.372181,0.609630,3.220587,-3.125000,0.095587
611,0.758311,0.809706,0.610108,0.899837,-0.750000,0.149837
612,0.757932,0.527975,0.610300,0.726619,-0.375000,0.351619
613,0.756953,0.161748,0.609958,0.402179,0.375000,-0.027179
614,0.756229,0.315256,0.609879,0.561477,0.875000,0.313523
615,0.782494,16.804343,0.615590,4.099310,-3.750000,0.349310
616,0.781351,0.083263,0.615055,0.288553,-1.250000,-0.961447
617,0.780115,0.023248,0.614301,0.152472,0.000000,0.152472
618,0.779901,0.649115,0.614612,0.805676,0.375000,-0.430676
619,0.779131,0.306163,0.614513,0.553320,0.375000,-0.178320
620,0.779144,0.786927,0.614955,0.887089,0.625000,-0.262089
621,0.780148,1.398751,0.615875,1.182688,0.625000,-0.557688
622,0.784223,3.298256,0.617817,1.816110,1.625000,-0.191110
623,0.784152,0.740703,0.618210,0.860641,0.875000,0.014359
624,0.790735,4.865143,0.620770,2.205707,1.875000,-0.330707
625,0.800248,6.698525,0.623938,2.588151,2.500000,-0.088151
626,0.800267,0.812382,0.624384,0.901322,0.625000,-0.276322
627,0.799216,0.145406,0.623994,0.381322,-0.125000,-0.506322
628,0.797938,0.001468,0.623055,0.038317,-0.375000,-0.336683
629,0.797424,0.476505,0.623163,0.690294,0.125000,-0.565294
630,0.799781,2.273067,0.624576,1.507669,1.250000,-0.257669
631,0.807396,5.574265,0.627345,2.360988,-2.375000,-0.014012
632,0.806156,0.028870,0.626617,0.169913,-1.250000,-1.080087
633,0.811645,4.258871,0.628902,2.063703,1.750000,-0.313703
634,0.810607,0.157327,0.628533,0.396645,-0.500000,-0.103355
635,0.809590,0.169090,0.628189,0.411205,-0.250000,-0.661205
636,0.808997,0.434642,0.628238,0.659274,-0.875000,-0.215726
637,0.809239,0.962555,0.628795,0.981099,0.250000,-0.731099
638,0.808581,0.392079,0.628791,0.626162,0.625000,-0.001162
639,0.807402,0.059503,0.628185,0.243933,0.375000,0.131067
640,0.806177,0.028402,0.627462,0.168528,0.125000,-0.043528
641,0.804943,0.020326,0.626701,0.142570,0.000000,0.142570
642,0.804381,0.446531,0.626766,0.668230,0.625000,-0.043230
643,0.803403,0.179390,0.626448,0.423545,-0.375000,0.048545
644,0.804386,1.432550,0.627339,1.196892,1.000000,-0.196892
645,0.803384,0.162078,0.626989,0.402589,0.500000,0.097411
646,0.802734,0.385888,0.626980,0.621199,-0.750000,-0.128801
647,0.803376,1.215560,0.627719,1.102524,-1.375000,-0.272476
648,0.802906,0.500836,0.627844,0.707697,0.625000,-0.082697
649,0.801840,0.115360,0.627397,0.339647,-0.250000,0.089647
650,0.803412,1.817405,0.628512,1.348112,1.250000,-0.098112
651,0.802406,0.152594,0.628145,0.390632,-0.250000,0.140632
652,0.801169,0.000779,0.627218,0.027918,-0.250000,-0.277918
653,0.799935,0.000178,0.626273,0.013348,0.000000,0.013348
654,0.798734,0.018963,0.625521,0.137705,0.125000,-0.012705
655,0.797751,0.159323,0.625173,0.399152,0.125000,-0.274152
656,0.799004,1.614695,0.626163,1.270707,1.125000,-0.145707
657,0.798049,0.175220,0.625845,0.418593,-0.500000,-0.081407
658,0.797551,0.472387,0.625939,0.687304,-1.000000,-0.312696
659,0.801347,3.284000,0.627750,1.812181,-2.125000,-0.312819
660,0.800131,0.003510,0.626884,0.059242,-0.250000,-0.309242
661,0.798914,0.000771,0.625972,0.027762,0.000000,0.027762
662,0.797739,0.025293,0.625262,0.159039,-0.250000,-0.090961
663,0.798813,1.505800,0.626176,1.227110,1.000000,-0.227110
664,0.797907,0.200955,0.625906,0.448280,-0.375000,0.073280
665,0.800261,2.353426,0.627280,1.534088,1.250000,-0.284088
666,0.799859,0.534656,0.627437,0.731202,1.000000,0.268798
667,0.799823,0.776037,0.627819,0.880929,0.625000,-0.255929
668,0.802949,2.875360,0.629428,1.695689,1.250000,-0.445689
669,0.810195,5.621142,0.632046,2.370895,2.125000,-0.245895
670,0.810319,0.893341,0.632516,0.945167,1.125000,0.179833
671,0.809685,0.387097,0.632501,0.622171,0.875000,0.252829
672,0.809884,0.942398,0.633007,0.970772,1.250000,0.279228
673,0.818223,6.388796,0.635839,2.527607,2.875000,0.347393
674,0.825034,5.381973,0.638353,2.319908,-1.875000,0.444908
675,0.825590,1.197820,0.639033,1.094450,-1.875000,-0.780550
676,0.824396,0.023067,0.638308,0.151880,-0.125000,-0.276880
677,0.824352,0.795042,0.638684,0.891651,-1.000000,-0.108349
678,0.825113,1.336967,0.639452,1.156273,-1.375000,-0.218727
679,0.825271,0.931915,0.639935,0.965358,-1.125000,-0.159642
680,0.824241,0.129441,0.639520,0.359778,-0.625000,-0.265222
681,0.827586,3.088222,0.641172,1.757334,1.625000,-0.132334
682,0.828930,1.739013,0.642171,1.318716,-0.750000,0.568716
683,0.828065,0.241985,0.641950,0.491919,-0.750000,-0.258081
684,0.827278,0.292914,0.641801,0.541215,0.625000,0.083785
685,0.826653,0.401634,0.641790,0.633746,0.750000,0.116254
686,0.826054,0.418082,0.641797,0.646593,0.625000,-0.021593
687,0.824879,0.023460,0.641081,0.153166,-0.250000,-0.096834
688,0.823793,0.081771,0.640562,0.285956,-0.125000,-0.410956
689,0.824249,1.135979,0.641183,1.065823,1.125000,0.059177
690,0.826466,2.345623,0.642481,1.531543,1.750000,0.218457
691,0.825407,0.098997,0.642004,0.314637,0.625000,0.310363
692,0.824350,0.097943,0.641525,0.312959,-0.125000,0.187959
693,0.824943,1.233185,0.642206,1.110489,-1.375000,-0.264511
694,0.823785,0.025629,0.641507,0.160089,-0.625000,-0.464911
695,0.824151,1.076661,0.642080,1.037623,0.750000,-0.287623
696,0.824236,0.883058,0.642511,0.939712,-1.250000,-0.310288
697,0.825303,1.563392,0.643388,1.250357,0.500000,-0.750357
698,0.824120,0.004569,0.642558,0.067598,0.000000,-0.067598
699,0.827034,2.849570,0.644062,1.688067,1.375000,-0.313067
700,0.830783,3.435884,0.645800,1.853614,2.375000,0.521386
701,0.831494,1.326542,0.646526,1.151756,-0.875000,0.276756
702,0.830343,0.027793,0.645839,0.166712,-0.500000,-0.333288
703,0.829174,0.013426,0.645081,0.115869,0.375000,0.259131
704,0.829293,0.912559,0.645524,0.955279,-1.000000,-0.044721
705,0.828351,0.168795,0.645189,0.410847,-0.625000,-0.214153
706,0.827429,0.181171,0.644876,0.425642,-0.625000,-0.199358
707,0.826410,0.111055,0.644433,0.333250,-0.625000,-0.291750
708,0.829317,2.873095,0.645925,1.695021,-1.500000,0.195021
709,0.831281,2.214100,0.647120,1.487985,1.375000,-0.112985
710,0.830793,0.486269,0.647191,0.697330,1.000000,0.302670
711,0.833425,2.691905,0.648596,1.640702,1.750000,0.109298
712,0.832968,0.509979,0.648688,0.714128,-0.375000,0.339128
713,0.832404,0.432880,0.648702,0.657936,-0.875000,-0.217064
714,0.831696,0.329646,0.648597,0.574148,-0.625000,-0.050852
715,0.833083,1.817863,0.649581,1.348282,1.250000,-0.098282
716,0.832813,0.640865,0.649793,0.800540,0.625000,-0.175540
717,0.831730,0.061035,0.649228,0.247052,0.000000,-0.247052
718,0.830621,0.039337,0.648596,0.198335,-0.500000,-0.301665
719,0.830524,0.761318,0.648909,0.872535,0.875000,0.002465
720,0.829699,0.240070,0.648688,0.489969,-0.250000,0.239969
721,0.831358,2.018996,0.649765,1.420914,-1.625000,-0.204086
722,0.830204,0.002830,0.648934,0.053202,-0.500000,-0.446798
723,0.829056,0.004929,0.648129,0.070205,0.000000,-0.070205
724,0.828218,0.225434,0.647888,0.474799,-0.500000,-0.025201
725,0.827795,0.523392,0.647993,0.723459,-0.750000,-0.026541
726,0.828994,1.693278,0.648898,1.301260,-1.500000,-0.198740
727,0.835839,5.778304,0.651325,2.403810,-2.875000,-0.471190
728,0.834795,0.079634,0.650815,0.282194,-0.375000,-0.092806
729,0.836012,1.717233,0.651725,1.310432,-1.125000,0.185432
730,0.835299,0.318581,0.651605,0.564430,0.250000,-0.314430
731,0.836353,1.601399,0.652449,1.265464,1.875000,0.609536
732,0.835276,0.052354,0.651867,0.228811,0.375000,0.603811
733,0.834138,0.005993,0.651079,0.077417,0.250000,0.327417
734,0.837886,3.569920,0.652775,1.889423,-1.375000,0.514423
735,0.836953,0.155624,0.652422,0.394493,0.125000,-0.269493
736,0.835938,0.093976,0.651950,0.306554,0.000000,0.306554
737,0.834808,0.007509,0.651178,0.086652,-0.125000,-0.211652
738,0.833877,0.151616,0.650822,0.389379,0.125000,-0.264379
739,0.832754,0.009021,0.650065,0.094978,0.125000,0.030022
740,0.831881,0.189952,0.649774,0.435834,-0.625000,-0.189166
741,0.831544,0.583234,0.649929,0.763698,-0.750000,0.013698
742,0.830430,0.009869,0.649183,0.099343,0.000000,-0.099343
743,0.829307,0.000280,0.648327,0.016737,0.000000,0.016737
744,0.828248,0.045741,0.647740,0.213872,-0.250000,-0.036128
745,0.829508,1.761806,0.648657,1.327330,-1.375000,-0.047670
746,0.828422,0.024059,0.647992,0.155111,-0.625000,-0.469889
747,0.827318,0.008114,0.647241,0.090080,-0.250000,-0.159920
748,0.827354,0.853984,0.647613,0.924112,-1.125000,-0.200888
749,0.826971,0.542017,0.647732,0.736218,-1.250000,-0.513782
750,0.826810,0.706770,0.647991,0.840696,0.375000,-0.465696
751,0.830333,3.458259,0.649613,1.859640,1.750000,-0.109640
752,0.831297,1.551179,0.650409,1.245464,-1.000000,0.245464
753,0.895022,48.561372,0.658845,6.968599,-7.500000,-0.531401
754,0.896031,1.652057,0.659680,1.285324,-3.250000,-1.964676
755,0.894839,0.000532,0.658833,0.023073,-0.250000,-0.273073
756,0.897243,2.703128,0.660143,1.644119,1.250000,-0.394119
757,0.896776,0.545295,0.660247,0.738441,0.375000,-0.363441
758,0.895899,0.235422,0.660015,0.485203,-0.625000,-1.110203
759,0.895531,0.618232,0.660182,0.786277,0.375000,-0.411277
760,0.895011,0.502634,0.660246,0.708967,1.000000,0.291033
761,0.897783,2.993508,0.661660,1.730176,1.750000,0.019824
762,0.922206,19.410197,0.666599,4.405700,4.375000,-0.030700
763,0.921253,0.199087,0.666309,0.446192,0.750000,0.303808
764,0.920177,0.103367,0.665855,0.321508,-0.500000,-0.821508
765,0.920134,0.887141,0.666218,0.941882,-1.375000,-0.433118
766,0.922194,2.489955,0.667414,1.577959,0.875000,-0.702959
767,0.922365,1.053139,0.667885,1.026226,1.250000,0.223774
768,0.921159,0.000443,0.667038,0.021046,-0.125000,-0.103954
769,0.921588,1.249540,0.667627,1.117828,0.250000,-0.867828
770,0.920516,0.100732,0.667170,0.317383,0.375000,0.057617
771,0.919968,0.499901,0.667222,0.707037,1.000000,0.292963
772,0.921610,2.180619,0.668276,1.476692,2.000000,0.523308
773,0.921371,0.738173,0.668524,0.859170,-0.625000,0.234170
774,0.966106,35.367030,0.675379,5.947019,5.375000,-0.572019
775,0.975243,8.011386,0.678174,2.830439,-1.625000,1.205439
776,0.974526,0.421095,0.678137,0.648918,-0.500000,-1.148918
777,0.993101,15.333433,0.682325,3.915793,3.625000,-0.290793
778,0.999199,5.713192,0.684532,2.390228,2.750000,0.359772
779,1.001194,2.544650,0.685707,1.595196,-0.875000,0.720196
780,1.003392,2.706946,0.686943,1.645280,-1.750000,-0.104720
781,1.002381,0.217940,0.686660,0.466841,-1.000000,-0.533159
782,1.004465,2.623444,0.687859,1.619705,-1.000000,0.619705
783,1.003315,0.109156,0.687400,0.330387,-0.250000,0.080387
784,1.003493,1.141972,0.687889,1.068631,-1.375000,-0.306369
785,1.004692,1.939834,0.688792,1.392779,-2.000000,-0.607221
786,1.007824,3.454294,0.690288,1.858573,1.250000,-0.608573
787,1.010007,2.717129,0.691511,1.648372,-1.125000,0.523372
788,1.009226,0.397285,0.691433,0.630305,-1.000000,-0.369695
789,1.007951,0.008558,0.690670,0.092508,-0.250000,-0.157492
790,1.006716,0.037255,0.690037,0.193016,0.625000,0.431984
791,1.006468,0.811395,0.690305,0.900775,-0.125000,0.775775
792,1.005453,0.206664,0.690006,0.454603,-0.125000,0.329603
793,1.004179,0.000681,0.689164,0.026100,0.125000,0.098900
794,1.002965,0.044881,0.688560,0.211851,0.125000,0.336851
795,1.002275,0.457378,0.688544,0.676297,-0.500000,0.176297
796,1.001023,0.010724,0.687806,0.103557,0.000000,0.103557
797,1.000143,0.302409,0.687632,0.549917,-0.375000,0.174917
798,0.998970,0.069139,0.687097,0.262943,-0.375000,-0.112057
799,0.998038,0.258204,0.686872,0.508138,-0.500000,0.008138
800,0.996824,0.031844,0.686233,0.178448,0.125000,-0.053448
801,0.995895,0.255764,0.686007,0.505731,-0.375000,0.130731
802,0.995070,0.337749,0.685875,0.581162,-0.625000,-0.043838
803,0.995114,1.030149,0.686287,1.014963,-1.125000,-0.110037
804,0.994424,0.443439,0.686262,0.665912,-1.000000,-0.334088
805,0.994582,1.120919,0.686727,1.058735,0.875000,-0.183735
806,0.993674,0.266536,0.686514,0.516271,-0.250000,0.266271
807,0.997164,3.795607,0.688086,1.948232,1.625000,-0.323232
808,0.995927,0.002805,0.687296,0.052963,0.125000,0.177963
809,0.995534,0.679843,0.687466,0.824526,-1.125000,-0.300474
810,0.994579,0.226008,0.687203,0.475403,0.250000,-0.225403
811,1.001779,6.804716,0.689584,2.608585,2.750000,0.141415
812,1.000610,0.057064,0.689026,0.238881,0.500000,0.261119
813,1.000317,0.763700,0.689255,0.873899,0.375000,-0.498899
814,0.999088,0.004713,0.688488,0.068651,-0.250000,-0.318651
815,0.997951,0.077018,0.687982,0.277522,-0.500000,-0.222478
816,0.996753,0.025363,0.687331,0.159259,0.125000,-0.034259
817,0.996617,0.886324,0.687643,0.941448,0.750000,-0.191448
818,0.998693,2.685932,0.688812,1.638881,1.250000,-0.388881
819,0.997566,0.080708,0.688315,0.284092,0.375000,0.090908
820,0.996440,0.078884,0.687816,0.280862,-0.375000,-0.094138
821,0.995347,0.102711,0.687366,0.320485,0.625000,0.304515
822,0.994264,0.110134,0.686932,0.331865,0.750000,0.418135
823,1.003398,8.475034,0.689647,2.911191,3.125000,0.213809
824,1.003784,1.319449,0.690207,1.148673,1.750000,0.601327
825,1.003551,0.812661,0.690464,0.901477,1.125000,0.223523
826,1.002452,0.100430,0.690010,0.316907,0.250000,0.566907
827,1.020964,16.237776,0.694068,4.029612,-3.625000,0.404612
828,1.021211,1.224466,0.694568,1.106556,0.500000,-0.606556
829,1.020576,0.496794,0.694581,0.704836,1.500000,0.795164
830,1.021106,1.459036,0.695202,1.207906,-1.000000,0.207906
831,1.021808,1.601400,0.695892,1.265464,1.000000,-0.265464
832,1.021530,0.791125,0.696126,0.889452,-0.500000,0.389452
833,1.021558,1.045366,0.696519,1.022431,-1.000000,0.022431
834,1.020560,0.193264,0.696210,0.439618,1.000000,0.560382
835,1.019356,0.019965,0.695542,0.141298,0.500000,0.358702
836,1.018137,0.005012,0.694791,0.070799,0.000000,0.070799
837,1.016945,0.024760,0.694146,0.157352,0.375000,0.217648
838,1.016144,0.349355,0.694022,0.591063,0.625000,0.033937
839,1.017112,1.824247,0.694809,1.350647,1.625000,0.274353
840,1.019540,3.047089,0.696066,1.745591,-1.250000,0.495591
841,1.018416,0.078362,0.695568,0.279932,-0.750000,-0.470068
842,1.017247,0.039161,0.694975,0.197892,-0.125000,0.072892
843,1.016076,0.034797,0.694369,0.186538,0.250000,0.063462
844,1.016295,1.199688,0.694846,1.095302,1.250000,0.154698
845,1.015107,0.017139,0.694175,0.130916,0.250000,0.119084
846,1.013910,0.007151,0.693451,0.084562,-0.250000,-0.334562
847,1.014238,1.290742,0.693976,1.136108,-1.125000,0.011108
848,1.013441,0.341656,0.693847,0.584513,0.375000,-0.209513
849,1.012390,0.125648,0.693445,0.354469,-0.125000,0.229469
850,1.014256,2.590702,0.694528,1.609566,1.500000,-0.109566
851,1.013643,0.494854,0.694539,0.703458,-0.125000,0.578458
852,1.012451,0.003187,0.693786,0.056451,0.125000,0.068549
853,1.012423,0.988952,0.694140,0.994461,1.500000,0.505539
854,1.012077,0.718065,0.694321,0.847387,1.500000,0.652613
855,1.013464,2.192031,0.695244,1.480551,2.000000,0.519449
856,1.016329,3.454715,0.696610,1.858686,-1.250000,0.608686
857,1.017025,1.610338,0.697281,1.268991,-1.625000,-0.356009
858,1.017665,1.563549,0.697929,1.250419,-1.000000,0.250419
859,1.016555,0.068509,0.697419,0.261742,0.500000,0.238258
860,1.015571,0.174365,0.697092,0.417570,0.875000,0.457430
861,1.014518,0.112947,0.696670,0.336076,-0.125000,0.211076
862,1.014393,0.907030,0.696968,0.952381,0.750000,-0.202381
863,1.013789,0.495562,0.696977,0.703962,-0.250000,0.453962
864,1.012666,0.048252,0.696421,0.219664,0.375000,0.155336
865,1.012868,1.186788,0.696878,1.089398,-0.875000,0.214398
866,1.011958,0.227957,0.696623,0.477448,-0.750000,-0.272552
867,1.013291,2.162788,0.697520,1.470642,-1.625000,-0.154358
868,1.012270,0.130905,0.697132,0.361808,-0.375000,-0.013192
869,1.012857,1.519673,0.697751,1.232750,-1.000000,0.232750
870,1.012008,0.278043,0.697554,0.527298,0.250000,-0.277298
871,1.015946,4.426428,0.699176,2.103908,2.375000,0.271092
872,1.015675,0.780381,0.699388,0.883392,-0.625000,0.258392
873,1.015990,1.289573,0.699890,1.135594,-1.625000,-0.489406
874,1.022135,6.361646,0.701985,2.522230,2.250000,-0.272230
875,1.021025,0.055507,0.701450,0.235599,0.750000,0.514401
876,1.020003,0.129905,0.701058,0.360424,0.375000,0.014576
877,1.018905,0.061769,0.700540,0.248534,0.250000,0.001466
878,1.018717,0.854634,0.700796,0.924464,0.500000,-0.424464
879,1.017629,0.066229,0.700290,0.257350,0.000000,0.257350
880,1.017576,0.971500,0.700615,0.985647,1.125000,0.139353
881,1.019029,2.292063,0.701543,1.513956,1.375000,-0.138956
882,1.019019,1.009871,0.701888,1.004923,1.500000,0.495077
883,1.017963,0.090594,0.701432,0.300989,1.000000,0.699011
884,1.019376,2.262012,0.702344,1.503999,-0.875000,0.628999
885,1.018356,0.120743,0.701941,0.347481,0.375000,0.027519
886,1.017757,0.490126,0.701939,0.700090,0.000000,0.700090
887,1.021467,4.293502,0.703491,2.072077,-1.750000,0.322077
888,1.023117,2.479825,0.704477,1.574746,-1.625000,-0.050254
889,1.029810,6.946091,0.706659,2.635544,-2.625000,0.010544
890,1.032900,3.768291,0.708052,1.941209,-2.125000,-0.183791
891,1.031976,0.213193,0.707774,0.461728,0.625000,0.163272
892,1.036748,5.268969,0.709562,2.295423,2.500000,0.204577
893,1.035769,0.166880,0.709223,0.408509,1.000000,0.591491
894,1.038715,3.657969,0.710576,1.912582,2.000000,0.087418
895,1.037759,0.186589,0.710263,0.431960,0.125000,0.556960
896,1.037122,0.469253,0.710235,0.685020,-0.750000,-0.064980
897,1.041702,5.126900,0.711975,2.264266,-2.125000,0.139266
898,1.040711,0.155710,0.711620,0.394601,-0.250000,-0.644601
899,1.039632,0.075460,0.711132,0.274700,-0.375000,-0.100300
900,1.038499,0.024366,0.710512,0.156095,0.125000,-0.031095
901,1.037688,0.311289,0.710342,0.557932,-0.500000,0.057932
902,1.036891,0.322006,0.710183,0.567456,-0.500000,0.067456
903,1.035917,0.160879,0.709839,0.401097,0.625000,0.223903
904,1.038658,3.503275,0.711130,1.871704,-1.375000,0.496704
905,1.038263,0.682258,0.711258,0.825989,-1.500000,-0.674011
906,1.037145,0.029895,0.710661,0.172903,0.125000,-0.047903
907,1.040637,4.190369,0.712141,2.047039,-1.875000,0.172039
908,1.048037,7.730816,0.714429,2.780434,2.500000,-0.280434
909,1.060867,12.658525,0.717571,3.557882,4.250000,0.692118
910,1.063330,3.292847,0.718781,1.814620,-1.500000,0.314620
911,1.066179,3.646958,0.720094,1.909701,-2.875000,-0.965299
912,1.072198,6.531483,0.722116,2.555677,2.125000,-0.430677
913,1.080128,8.280998,0.724487,2.877672,-2.125000,0.752672
914,1.079039,0.089078,0.724019,0.298459,-0.125000,-0.423459
915,1.088122,9.353136,0.726581,3.058290,3.500000,0.441710
916,1.087530,0.548817,0.726597,0.740822,0.750000,0.009178
917,1.086491,0.138935,0.726210,0.372741,0.375000,0.002259
918,1.085415,0.102626,0.725765,0.320353,0.375000,0.695353
919,1.084536,0.281522,0.725552,0.530586,0.125000,-0.405586
920,1.085657,2.110913,0.726346,1.452898,1.625000,0.172102
921,1.086541,1.896802,0.727056,1.377245,2.000000,0.622755
922,1.089029,3.369735,0.728264,1.835684,-1.875000,-0.039316
923,1.089134,1.185559,0.728656,1.088834,-1.750000,-0.661166
924,1.092594,4.272580,0.730111,2.067022,-2.000000,0.067022
925,1.092237,0.763718,0.730267,0.873910,0.625000,-0.248910
926,1.091057,0.004290,0.729546,0.065497,0.750000,0.815497
927,1.090351,0.439717,0.729474,0.663112,-0.375000,0.288112
928,1.090036,0.799255,0.729652,0.894010,0.750000,-0.144010
929,1.090859,1.851094,0.730334,1.360549,1.750000,0.389451
930,1.090275,0.550007,0.730346,0.741625,1.000000,0.258375
931,1.090550,1.345415,0.730810,1.159920,-1.000000,0.159920
932,1.089375,0.000041,0.730029,0.006386,-0.500000,-0.506386
933,1.093200,4.643224,0.731563,2.154814,2.000000,-0.154814
934,1.092026,0.000613,0.730803,0.024751,0.375000,0.350249
935,1.098735,7.338754,0.732927,2.709013,2.500000,-0.209013
936,1.097854,0.277715,0.732707,0.526987,-0.125000,0.401987
937,1.109102,11.591594,0.735570,3.404643,2.750000,-0.654643
938,1.108547,0.590883,0.735606,0.768689,0.000000,0.768689
939,1.109921,2.393371,0.736474,1.547052,-1.875000,-0.327948
940,1.111004,2.123413,0.737244,1.457194,-1.875000,-0.417806