# TEST CONFIGURATION BEGIN
# File Stream: filename: air_company_stock5.csv  -  n_targets: 1
# [air_company_stock5_ADE_HOMO_ABSTAIN_KNN_W_SIZE_4] Pipeline: Array BaseStreamModel: base_models: [<skmultiflow.lazy.knn_forecast.KNNForecast object at 0x7f2278b58b38>, <skmultiflow.lazy.knn_forecast.KNNForecast object at 0x7f2278617e10>, <skmultiflow.lazy.knn_forecast.KNNForecast object at 0x7f22786175f8>, <skmultiflow.lazy.knn_forecast.KNNForecast object at 0x7f22786175c0>]
 Array BaseStreamModel: base_models: [<skmultiflow.lazy.knn_forecast.KNNForecast object at 0x7f2278b58b38>, <skmultiflow.lazy.knn_forecast.KNNForecast object at 0x7f2278617e10>, <skmultiflow.lazy.knn_forecast.KNNForecast object at 0x7f22786175f8>, <skmultiflow.lazy.knn_forecast.KNNForecast object at 0x7f22786175c0>]
# Prequential Evaluator: n_wait: 1 - max_samples: 600000 - max_time: 10000000 - output_file: air_company_stock5_ADE_HOMO_ABSTAIN_KNN_W_SIZE_4_SIZE_4 - batch_size: 1 - pretrain_size: 5 - task_type: regression - show_plot: False - metrics: ['mean_square_error', 'mean_absolute_error', 'true_vs_predicted']
# TEST CONFIGURATION END
id,global_mse_[air_company_stock5_ADE_HOMO_ABSTAIN_KNN_W_SIZE_4],sliding_mse_[air_company_stock5_ADE_HOMO_ABSTAIN_KNN_W_SIZE_4],global_mae_[air_company_stock5_ADE_HOMO_ABSTAIN_KNN_W_SIZE_4],sliding_mae_[air_company_stock5_ADE_HOMO_ABSTAIN_KNN_W_SIZE_4],true_value_[air_company_stock5_ADE_HOMO_ABSTAIN_KNN_W_SIZE_4],predicted_value_[air_company_stock5_ADE_HOMO_ABSTAIN_KNN_W_SIZE_4]
5,0.045275,0.045275,0.212780,0.212780,0.000000,-0.212780
6,0.154865,0.264454,0.363516,0.514251,0.375000,-0.139251
7,0.106618,0.010124,0.275883,0.100617,0.125000,0.225617
8,0.091827,0.047454,0.261372,0.217840,0.375000,0.157160
9,0.094559,0.105489,0.274056,0.324790,0.625000,0.300210
10,0.284983,1.237100,0.413755,1.112250,1.625000,0.512750
11,0.431581,1.311174,0.518228,1.145065,-0.125000,1.020065
12,0.378588,0.007634,0.464370,0.087371,0.250000,0.337371
13,0.385821,0.443687,0.486785,0.666098,-0.375000,0.291098
14,0.347580,0.003413,0.443948,0.058417,0.000000,-0.058417
15,0.374279,0.641269,0.476388,0.800793,-0.875000,-0.074207
16,0.367732,0.295718,0.482006,0.543800,-1.000000,-0.456200
17,0.425084,1.113302,0.526093,1.055131,0.250000,-0.805131
18,0.433580,0.544021,0.541199,0.737578,0.375000,-0.362578
19,0.407242,0.038520,0.518203,0.196264,0.000000,0.196264
20,0.383937,0.034362,0.497401,0.185371,0.250000,0.064629
21,0.372901,0.196324,0.494206,0.443084,-0.250000,0.193084
22,0.357145,0.089288,0.483351,0.298810,-0.375000,-0.076190
23,0.338348,0.000000,0.457918,0.000122,-0.250000,-0.249878
24,0.384935,1.270102,0.491371,1.126988,0.875000,-0.251988
25,0.369726,0.065547,0.480164,0.256022,0.750000,0.493978
26,0.360141,0.158852,0.476455,0.398562,0.250000,0.648562
27,0.345292,0.018616,0.461672,0.136441,0.250000,0.386441
28,0.344007,0.314450,0.465800,0.560759,-0.250000,0.310759
29,0.331364,0.027931,0.453853,0.167125,0.125000,-0.042125
30,0.318736,0.003044,0.438519,0.055173,0.125000,0.069827
31,0.307478,0.014770,0.426779,0.121532,-0.250000,-0.371532
32,0.296650,0.004295,0.413878,0.065539,-0.375000,-0.309461
33,0.295580,0.265609,0.417377,0.515373,0.125000,-0.390373
34,0.290717,0.149688,0.416361,0.386895,0.250000,-0.136895
35,0.281391,0.001612,0.404225,0.040145,0.000000,0.040145
36,0.276801,0.134494,0.403054,0.366734,0.500000,0.133266
37,0.292056,0.780223,0.417607,0.883303,-0.625000,0.258303
38,0.296524,0.443969,0.424922,0.666310,-0.625000,0.041310
39,0.292211,0.145579,0.423682,0.381548,-0.500000,-0.118452
40,0.284108,0.000490,0.412528,0.022129,0.125000,0.102871
41,0.276926,0.018378,0.405043,0.135567,0.250000,0.385567
42,0.270211,0.021756,0.398265,0.147499,0.375000,0.522499
43,0.269159,0.229198,0.400329,0.478747,0.875000,0.396253
44,0.263488,0.042313,0.395463,0.205701,0.125000,0.330701
45,0.272730,0.642415,0.405367,0.801508,-0.625000,0.176508
46,0.293937,1.163404,0.421396,1.078612,0.500000,-0.578612
47,0.287242,0.006043,0.413404,0.077738,0.000000,-0.077738
48,0.281201,0.021442,0.407337,0.146431,0.125000,-0.021431
49,0.326941,2.339518,0.432275,1.529548,-1.375000,0.154548
50,0.325750,0.272140,0.434218,0.521671,-0.750000,-0.228329
51,0.321936,0.146487,0.433123,0.382736,0.250000,-0.132736
52,0.317948,0.130535,0.431626,0.361296,-0.375000,-0.013704
53,0.315852,0.215218,0.432285,0.463916,0.250000,-0.213916
54,0.309573,0.001927,0.424518,0.043899,0.125000,0.081101
55,0.308910,0.275773,0.426491,0.525141,0.750000,0.224859
56,0.327570,1.279231,0.440039,1.131031,1.625000,0.493969
57,0.322027,0.033794,0.435205,0.183833,0.375000,0.558833
58,0.316184,0.006504,0.428639,0.080645,0.250000,0.169355
59,0.319309,0.488051,0.433548,0.698606,0.750000,0.051394
60,0.313622,0.000837,0.426323,0.028938,-0.250000,-0.221062
61,0.316062,0.452714,0.430648,0.672840,0.375000,-0.297840
62,0.372897,3.612490,0.455993,1.900655,-1.875000,0.025655
63,0.370852,0.252210,0.456776,0.502205,0.375000,-0.127205
64,0.365282,0.036650,0.452354,0.191442,0.000000,0.191442
65,0.361431,0.130384,0.450857,0.361087,-0.250000,0.111087
66,0.356894,0.080126,0.448151,0.283066,-0.250000,0.033066
67,0.353564,0.147110,0.447126,0.383549,0.125000,-0.258549
68,0.348671,0.040420,0.443281,0.201047,0.125000,-0.076047
69,0.344287,0.063727,0.440345,0.252443,0.250000,0.502443
70,0.339305,0.015442,0.435556,0.124266,0.375000,0.499266
71,0.337188,0.197471,0.435687,0.444377,0.125000,0.569377
72,0.345864,0.927140,0.443440,0.962881,-0.625000,0.337881
73,0.341036,0.012725,0.438648,0.112804,-0.250000,-0.137196
74,0.338614,0.171499,0.438298,0.414125,0.250000,-0.164125
75,0.333856,0.000840,0.432533,0.028975,0.125000,0.153975
76,0.329593,0.026939,0.428805,0.164132,0.000000,0.164132
77,0.325261,0.013329,0.424513,0.115450,-0.375000,-0.259550
78,0.326052,0.383822,0.427148,0.619533,-1.125000,-0.505467
79,0.330133,0.632132,0.432054,0.795067,0.125000,-0.670067
80,0.354001,2.144033,0.445635,1.464252,1.250000,-0.214252
81,0.354047,0.357545,0.447613,0.597951,-0.375000,0.222951
82,0.349808,0.023408,0.443836,0.152996,-0.125000,0.027996
83,0.354765,0.741433,0.449117,0.861065,-0.625000,0.236065
84,0.351410,0.086384,0.447177,0.293912,0.125000,0.418912
85,0.374965,2.259328,0.460214,1.503106,-0.625000,0.878106
86,0.375469,0.416316,0.462470,0.645225,-0.500000,0.145225
87,0.372136,0.098859,0.460686,0.314419,-0.250000,0.064419
88,0.367999,0.024563,0.457067,0.156726,-0.250000,-0.093274
89,0.377651,1.188434,0.464516,1.090153,-1.250000,-0.159847
90,0.384464,0.963616,0.470529,0.981639,0.375000,-0.606639
91,0.380046,0.000040,0.465193,0.006292,-0.125000,-0.131292
92,0.377325,0.140644,0.464168,0.375026,-0.375000,0.000026
93,0.375868,0.247659,0.464544,0.497653,-0.625000,-0.127347
94,0.372055,0.032674,0.461391,0.180759,0.000000,-0.180759
95,0.369009,0.094839,0.459705,0.307959,0.250000,-0.057959
96,0.365572,0.052841,0.457207,0.229872,-0.125000,0.104872
97,0.371526,0.919267,0.462600,0.958784,0.750000,-0.208784
98,0.370479,0.273115,0.463238,0.522604,0.500000,-0.022604
99,0.366878,0.028368,0.460135,0.168429,0.125000,0.293429
100,0.363677,0.059572,0.457885,0.244073,0.500000,0.255927
101,0.362270,0.227196,0.458078,0.476651,-0.250000,0.226651
102,0.362796,0.413831,0.459968,0.643297,0.625000,-0.018297
103,0.360716,0.156891,0.459323,0.396095,0.375000,-0.021095
104,0.364985,0.787592,0.463604,0.887464,1.000000,0.112536
105,0.361671,0.030279,0.460737,0.174009,0.250000,0.424009
106,0.369281,1.137891,0.466678,1.066720,-0.750000,0.316720
107,0.365919,0.023056,0.463621,0.151841,0.000000,-0.151841
108,0.362442,0.004312,0.459795,0.065665,-0.375000,-0.309335
109,0.366118,0.748378,0.463655,0.865088,0.500000,-0.365088
110,0.375727,1.384731,0.470382,1.176746,1.125000,-0.051746
111,0.373082,0.092668,0.468831,0.304414,0.000000,0.304414
112,0.370372,0.080443,0.467116,0.283625,0.125000,-0.158625
113,0.368326,0.147369,0.466352,0.383887,-0.625000,-0.241113
114,0.368110,0.344473,0.467448,0.586919,0.375000,-0.211919
115,0.366316,0.169058,0.466941,0.411167,0.125000,-0.286167
116,0.363827,0.087531,0.465414,0.295856,0.125000,-0.170856
117,0.361485,0.099208,0.464083,0.314973,0.125000,-0.189973
118,0.365267,0.792526,0.467821,0.890239,0.625000,-0.265239
119,0.363705,0.185693,0.467500,0.430921,-0.500000,-0.069079
120,0.362883,0.268371,0.467936,0.518046,0.250000,-0.268046
121,0.359787,0.000592,0.464144,0.024333,-0.250000,-0.225667
122,0.356967,0.027116,0.461606,0.164669,-0.125000,-0.289669
123,0.353993,0.003041,0.458191,0.055148,-0.250000,-0.305148
124,0.354589,0.425521,0.459808,0.652320,0.500000,-0.152320
125,0.352157,0.060231,0.458037,0.245419,0.500000,0.254581
126,0.349271,0.000074,0.454353,0.008593,0.375000,0.383593
127,0.352856,0.790269,0.457886,0.888971,-0.375000,0.513971
128,0.351778,0.219219,0.457969,0.468208,-0.250000,0.218208
129,0.349676,0.088948,0.456692,0.298241,0.375000,0.076759
130,0.350363,0.436262,0.458309,0.660501,-0.500000,0.160501
131,0.355202,0.964938,0.462435,0.982313,-0.875000,0.107313
132,0.355240,0.360054,0.463510,0.600045,0.500000,-0.100045
133,0.355810,0.428780,0.464993,0.654813,-0.125000,0.529813
134,0.353668,0.077304,0.463555,0.278035,0.125000,0.403035
135,0.352592,0.212708,0.463537,0.461203,0.625000,0.163797
136,0.361832,1.572306,0.469525,1.253916,1.250000,-0.003916
137,0.361531,0.321830,0.470260,0.567301,-0.375000,0.192301
138,0.358833,0.000017,0.466781,0.004083,-0.375000,-0.370917
139,0.358227,0.277000,0.467222,0.526308,0.250000,-0.276308
140,0.360527,0.670982,0.469809,0.819135,-0.500000,0.319135
141,0.359017,0.153715,0.469242,0.392065,-0.125000,0.267065
142,0.356762,0.047803,0.467426,0.218638,-0.125000,0.093638
143,0.361150,0.966631,0.471136,0.983174,-1.000000,-0.016826
144,0.361326,0.385804,0.472208,0.621131,-0.750000,-0.128869
145,0.359125,0.050976,0.470460,0.225778,0.000000,-0.225778
146,0.356642,0.006613,0.467720,0.081321,-0.125000,-0.043679
147,0.355706,0.222755,0.467749,0.471969,-0.375000,0.096969
148,0.354496,0.181445,0.467459,0.425964,0.375000,-0.050964
149,0.352715,0.096288,0.466375,0.310304,-0.250000,0.060304
150,0.364979,2.143308,0.473208,1.464004,1.250000,-0.214004
151,0.363467,0.142611,0.472558,0.377638,0.500000,0.122362
152,0.362162,0.170436,0.472155,0.412839,-0.625000,-0.212161
153,0.361561,0.272496,0.472489,0.522012,-0.875000,-0.352988
154,0.361702,0.382766,0.473464,0.618681,-0.750000,-0.131319
155,0.363388,0.616347,0.475528,0.785078,0.750000,-0.035078
156,0.365097,0.623171,0.477593,0.789412,-0.375000,0.414412
157,0.363367,0.100301,0.476541,0.316704,-0.125000,0.191704
158,0.361834,0.127396,0.475764,0.356925,0.375000,0.018075
159,0.365726,0.965078,0.479033,0.982384,-0.875000,0.107384
160,0.367867,0.699710,0.481324,0.836487,-1.000000,-0.163513
161,0.395494,4.705307,0.492075,2.169172,1.875000,-0.294172
162,0.405459,1.969998,0.497844,1.403566,1.125000,-0.278566
163,0.402911,0.000316,0.494825,0.017775,0.000000,0.017775
164,0.400393,0.000003,0.491744,0.001857,0.375000,0.373143
165,0.407248,1.503950,0.496306,1.226357,-0.625000,0.601357
166,0.404770,0.005926,0.493718,0.076984,0.125000,0.048016
167,0.402899,0.099790,0.492627,0.315896,0.250000,-0.065896
168,0.402052,0.264000,0.492756,0.513809,0.750000,0.236191
169,0.400732,0.184264,0.492371,0.429260,-0.250000,0.179260
170,0.401765,0.572162,0.493962,0.756414,0.625000,-0.131414
171,0.403737,0.731017,0.496124,0.854995,-0.625000,0.229995
172,0.401798,0.078115,0.494834,0.279491,0.125000,-0.154491
173,0.400988,0.264874,0.494952,0.514659,0.250000,-0.264659
174,0.405936,1.242076,0.498596,1.114485,0.875000,-0.239485
175,0.405019,0.249191,0.498599,0.499190,0.500000,0.000810
176,0.403121,0.078547,0.497330,0.280262,0.500000,0.219738
177,0.400828,0.006420,0.494918,0.080122,0.125000,0.205122
178,0.400105,0.275043,0.495088,0.524446,0.750000,0.225554
179,0.404124,1.103416,0.498262,1.050436,1.250000,0.199564
180,0.401881,0.009394,0.495981,0.096924,0.625000,0.721924
181,0.399646,0.006163,0.493623,0.078503,0.500000,0.578503
182,0.416644,3.425346,0.501247,1.850769,1.250000,-0.600769
183,0.415219,0.161515,0.500692,0.401889,0.625000,0.223111
184,0.412919,0.001271,0.498108,0.035651,0.250000,0.285651
185,0.421729,2.007534,0.503184,1.416875,1.750000,0.333125
186,0.419950,0.098015,0.502140,0.313074,0.500000,0.813074
187,0.425164,1.373981,0.505801,1.172169,-0.500000,0.672169
188,0.430027,1.320083,0.509297,1.148949,-1.000000,0.148949
189,0.429872,0.401247,0.509968,0.633441,0.250000,-0.383441
190,0.427623,0.011587,0.507805,0.107643,0.000000,0.107643
191,0.428160,0.528066,0.508975,0.726681,-0.750000,-0.023319
192,0.444979,3.590118,0.516346,1.894761,2.000000,0.105239
193,0.442757,0.025011,0.514451,0.158149,0.875000,0.716851
194,0.458417,3.418267,0.521474,1.848856,2.000000,0.151144
195,0.456097,0.015191,0.519389,0.123254,0.500000,0.623254
196,0.453905,0.035287,0.517663,0.187848,0.000000,0.187848
197,0.455805,0.820648,0.519674,0.905896,-0.875000,0.030896
198,0.461145,1.491670,0.523291,1.221339,-1.250000,-0.028661
199,0.462432,0.712187,0.524935,0.843912,-0.750000,0.093912
200,0.463835,0.737400,0.526638,0.858720,0.750000,-0.108720
201,0.462049,0.112061,0.525664,0.334755,0.625000,0.290245
202,0.461819,0.416440,0.526268,0.645321,0.875000,0.229679
203,0.461513,0.400844,0.526805,0.633123,1.125000,0.491877
204,0.459367,0.032360,0.525071,0.179888,0.625000,0.804888
205,0.462383,1.065507,0.527594,1.032234,-0.500000,0.532234
206,0.461974,0.379938,0.528034,0.616391,-0.375000,0.241391
207,0.460796,0.222830,0.527758,0.472048,-0.125000,0.347048
208,0.460364,0.372521,0.528163,0.610345,-0.250000,0.360345
209,0.458563,0.091271,0.527060,0.302111,0.000000,0.302111
210,0.468570,2.519996,0.532207,1.587449,-1.250000,0.337449
211,0.466354,0.009810,0.530115,0.099045,0.000000,-0.099045
212,0.464153,0.008489,0.528009,0.092135,0.250000,0.157865
213,0.465535,0.753147,0.529635,0.867840,-0.750000,0.117840
214,0.468351,1.056763,0.532008,1.027990,0.500000,-0.527990
215,0.469783,0.770528,0.533647,0.877797,-0.750000,0.127797
216,0.468657,0.231080,0.533397,0.480707,0.375000,-0.105707
217,0.466578,0.025774,0.531647,0.160542,-0.250000,-0.089458
218,0.464461,0.013667,0.529709,0.116907,0.125000,0.008093
219,0.462314,0.002860,0.527494,0.053483,-0.250000,-0.196517
220,0.460588,0.089441,0.526436,0.299066,-0.375000,-0.075934
221,0.458942,0.103483,0.525493,0.321688,0.000000,-0.321688
222,0.466932,2.200712,0.529887,1.483480,1.500000,0.016520
223,0.466354,0.340331,0.530132,0.583379,0.375000,0.958379
224,0.467455,0.708636,0.531548,0.841805,0.125000,0.966805
225,0.465417,0.016929,0.529732,0.130110,0.500000,0.369890
226,0.463489,0.037553,0.528218,0.193785,0.125000,0.318785
227,0.463134,0.384153,0.528629,0.619801,-0.625000,-0.005199
228,0.461935,0.194714,0.528239,0.441264,-0.750000,-0.308736
229,0.459883,0.000266,0.525964,0.016310,-0.125000,-0.141310
230,0.458394,0.123340,0.525191,0.351198,0.375000,0.023802
231,0.457731,0.307903,0.525321,0.554890,-0.125000,0.429890
232,0.456923,0.273430,0.525311,0.522906,-0.250000,0.272906
233,0.454942,0.003275,0.523267,0.057231,0.125000,0.182231
234,0.455103,0.491942,0.524041,0.701386,-0.375000,0.326386
235,0.453294,0.037312,0.522609,0.193164,-0.250000,-0.056836
236,0.451355,0.003261,0.520602,0.057105,0.125000,0.067895
237,0.459104,2.256911,0.524816,1.502302,-1.375000,0.127302
238,0.458950,0.423035,0.525352,0.650411,0.250000,-0.400411
239,0.456999,0.000574,0.523219,0.023965,-0.125000,-0.148965
240,0.455596,0.125874,0.522505,0.354787,-0.375000,-0.020213
241,0.455724,0.485905,0.523242,0.697069,0.625000,-0.072069
242,0.454162,0.083995,0.522261,0.289820,0.250000,-0.039820
243,0.452673,0.098231,0.521387,0.313419,-0.125000,0.188419
244,0.450855,0.016326,0.519747,0.127773,0.000000,-0.127773
245,0.458748,2.353052,0.523955,1.533966,1.500000,-0.033966
246,0.457128,0.066902,0.522859,0.258654,0.375000,0.633654
247,0.456406,0.281618,0.522891,0.530677,0.250000,0.780677
248,0.454707,0.041868,0.521587,0.204616,0.250000,0.454616
249,0.453078,0.055675,0.520421,0.235956,0.375000,0.139044
250,0.454648,0.839294,0.522030,0.916130,0.875000,-0.041130
251,0.453086,0.068639,0.520977,0.261991,0.625000,0.363009
252,0.453409,0.533337,0.521821,0.730299,-0.125000,0.605299
253,0.451779,0.047370,0.520599,0.217647,0.625000,0.407353
254,0.452942,0.742588,0.521964,0.861735,-0.250000,0.611735
255,0.454932,0.952416,0.523772,0.975918,1.250000,0.274082
256,0.457749,1.164822,0.525977,1.079269,1.500000,0.420731
257,0.459107,0.801476,0.527436,0.895252,-0.250000,0.645252
258,0.457935,0.161227,0.526941,0.401531,0.125000,-0.276531
259,0.464297,2.080459,0.530531,1.442380,1.125000,-0.317380
260,0.463129,0.165064,0.530045,0.406281,0.500000,0.093719
261,0.462959,0.419569,0.530503,0.647741,0.625000,-0.022741
262,0.467333,1.591435,0.533337,1.261521,1.375000,0.113479
263,0.468677,0.815434,0.534764,0.903014,-0.375000,0.528014
264,0.470481,0.937707,0.536432,0.968353,0.750000,-0.218353
265,0.469557,0.229396,0.536211,0.478953,0.500000,0.021047
266,0.467790,0.006464,0.534472,0.080401,-0.125000,-0.044599
267,0.466777,0.201497,0.534146,0.448884,0.250000,-0.198884
268,0.473194,2.160814,0.537691,1.469971,1.125000,-0.344971
269,0.475186,1.001093,0.539438,1.000547,0.875000,-0.125547
270,0.490305,4.496832,0.545382,2.120574,2.250000,0.129426
271,0.509643,5.653506,0.552244,2.377710,-1.250000,1.127710
272,0.518242,2.814222,0.556443,1.677564,-1.125000,0.552564
273,0.516347,0.008538,0.554718,0.092400,-0.125000,-0.032600
274,0.514769,0.090295,0.553777,0.300491,0.250000,0.550491
275,0.513639,0.208350,0.553418,0.456453,0.125000,0.581453
276,0.511834,0.022737,0.551937,0.150787,0.500000,0.349213
277,0.509965,0.001772,0.550070,0.042090,0.625000,0.582910
278,0.509892,0.489838,0.550617,0.699884,-0.500000,0.199884
279,0.513904,1.613127,0.553233,1.270089,-1.375000,-0.104911
280,0.516213,1.151324,0.555116,1.072997,0.250000,-0.822997
281,0.526329,3.318404,0.559688,1.821649,-1.875000,-0.053351
282,0.524842,0.112801,0.558883,0.335859,-0.375000,-0.039141
283,0.527408,1.240737,0.560872,1.113884,1.000000,-0.113884
284,0.527403,0.526106,0.561460,0.725332,0.000000,0.725332
285,0.526722,0.335969,0.561524,0.579629,1.125000,0.545371
286,0.525314,0.129615,0.560810,0.360021,0.250000,0.610021
287,0.526207,0.778146,0.561945,0.882126,1.250000,0.367874
288,0.525933,0.448309,0.562324,0.669559,-0.250000,0.419559
289,0.525467,0.393199,0.562551,0.627056,-0.250000,0.377056
290,0.523657,0.007730,0.560892,0.087923,0.250000,0.337923
291,0.521945,0.032212,0.559563,0.179478,0.250000,0.429478
292,0.520460,0.094497,0.558687,0.307403,0.750000,0.442597
293,0.518661,0.000504,0.556832,0.022456,0.500000,0.522456
294,0.518655,0.516748,0.557391,0.718852,1.000000,0.281148
295,0.516956,0.024403,0.556012,0.156214,0.375000,0.531214
296,0.559506,12.941395,0.566428,3.597415,-3.250000,0.347415
297,0.559381,0.523037,0.566963,0.723213,0.125000,-0.598213
298,0.559384,0.560240,0.567580,0.748492,0.875000,0.126508
299,0.557488,0.000002,0.565660,0.001227,0.375000,0.376227
300,0.557366,0.521467,0.566189,0.722127,0.125000,0.847127
301,0.558321,0.841101,0.567371,0.917116,-0.500000,0.417116
302,0.556455,0.002171,0.565623,0.046598,-0.125000,-0.171598
303,0.556123,0.457115,0.565992,0.676103,0.875000,0.198897
304,0.559262,1.497892,0.568185,1.223884,1.375000,0.151116
305,0.562020,1.389397,0.570214,1.178727,-0.625000,0.553727
306,0.561258,0.331898,0.570233,0.576106,-0.250000,0.326106
307,0.559675,0.081606,0.569294,0.285667,0.250000,0.535667
308,0.558422,0.178854,0.568813,0.422911,-0.250000,0.172911
309,0.556796,0.062297,0.567766,0.249594,0.125000,-0.124594
310,0.556229,0.383345,0.567934,0.619148,-0.625000,-0.005852
311,0.554438,0.006470,0.566346,0.080439,0.125000,0.044561
312,0.555438,0.862374,0.567522,0.928641,0.125000,-0.803641
313,0.560055,1.981946,0.570242,1.407816,1.125000,-0.282816
314,0.558704,0.141519,0.569616,0.376190,0.000000,0.376190
315,0.559734,0.878834,0.570799,0.937461,-0.500000,0.437461
316,0.560782,0.886914,0.571988,0.941761,1.000000,0.058239
317,0.559411,0.131509,0.571319,0.362642,1.125000,0.762358
318,0.560249,0.822621,0.572388,0.906985,-0.250000,0.656985
319,0.558591,0.037962,0.571189,0.194839,-0.125000,0.069839
320,0.667981,35.125647,0.588137,5.926689,-5.625000,0.301689
321,0.677341,3.635149,0.592296,1.906607,-3.000000,-1.093393
322,0.680122,1.561828,0.594364,1.249731,0.750000,-0.499731
323,0.691941,4.450298,0.599113,2.109573,-1.750000,0.359573
324,0.689803,0.007751,0.597516,0.088041,0.250000,0.338041
325,0.687665,0.003576,0.595841,0.059799,0.375000,0.434799
326,0.686526,0.321058,0.595750,0.566620,-0.250000,0.316620
327,0.684701,0.096801,0.594869,0.311128,-1.000000,-0.688872
328,0.684934,0.760160,0.595724,0.871871,-1.500000,-0.628129
329,0.689478,2.161738,0.598415,1.470285,-1.375000,0.095285
330,0.688982,0.528036,0.598809,0.726661,-0.250000,-0.976661
331,0.691884,1.637822,0.600891,1.279774,-1.625000,-0.345226
332,0.693083,1.085240,0.602235,1.041749,0.000000,-1.041749
333,0.690991,0.004835,0.600616,0.069535,-0.125000,-0.194535
334,0.689276,0.125093,0.599868,0.353684,0.500000,0.146316
335,0.687391,0.065142,0.598826,0.255230,0.250000,-0.005230
336,0.686006,0.227467,0.598459,0.476935,-0.500000,-0.023065
337,0.684005,0.019856,0.597085,0.140912,-0.250000,-0.109088
338,0.682412,0.151807,0.596464,0.389624,0.125000,-0.264624
339,0.680791,0.139381,0.595798,0.373338,0.125000,-0.248338
340,0.679026,0.088014,0.594908,0.296672,0.125000,-0.171672
341,0.677172,0.053968,0.593832,0.232311,-0.250000,-0.017689
342,0.675455,0.096899,0.592996,0.311287,-0.125000,0.186287
343,0.678318,1.646126,0.595031,1.283014,1.500000,0.216986
344,0.676350,0.009176,0.593563,0.095794,0.375000,0.279206
345,0.674677,0.105773,0.592776,0.325227,-0.250000,0.075227
346,0.676240,1.209127,0.594258,1.099603,-0.750000,0.349603
347,0.674373,0.036001,0.593079,0.189739,0.125000,0.314739
348,0.672542,0.044385,0.591967,0.210677,0.125000,0.335677
349,0.671112,0.179221,0.591478,0.423345,-0.375000,0.048345
350,0.672880,1.282896,0.593042,1.132650,-0.500000,-1.632650
351,0.681066,3.513509,0.596735,1.874436,-0.125000,-1.999436
352,0.679837,0.253240,0.596466,0.503230,0.000000,-0.503230
353,0.678626,0.257293,0.596211,0.507240,-0.375000,0.132240
354,0.677514,0.289541,0.596045,0.538090,0.625000,0.086910
355,0.676246,0.232210,0.595720,0.481882,0.000000,0.481882
356,0.674354,0.010375,0.594317,0.101855,0.000000,-0.101855
357,0.673879,0.506736,0.594649,0.711854,0.375000,-0.336854
358,0.672014,0.013474,0.593298,0.116078,-0.375000,-0.258922
359,0.670637,0.183276,0.592832,0.428107,-0.125000,-0.553107
360,0.669537,0.279000,0.592651,0.528205,0.250000,-0.278205
361,0.667943,0.100388,0.591878,0.316840,-0.500000,-0.183160
362,0.666201,0.044480,0.590814,0.210904,-0.125000,-0.335904
363,0.664653,0.110526,0.590094,0.332454,-0.375000,-0.042546
364,0.664245,0.517615,0.590454,0.719455,-0.750000,-0.030545
365,0.669043,2.396542,0.593106,1.548077,-1.750000,-0.201923
366,0.667195,0.000022,0.591481,0.004672,-0.125000,-0.120328
367,0.678537,4.784306,0.595877,2.187306,-2.250000,-0.062694
368,0.676788,0.041702,0.594801,0.204210,-0.375000,-0.579210
369,0.681032,2.225876,0.597259,1.491937,0.750000,-0.741937
370,0.681538,0.866164,0.598170,0.930679,1.125000,0.194321
371,0.679813,0.048551,0.597140,0.220343,0.500000,0.279657
372,0.678045,0.029418,0.595984,0.171515,0.250000,0.078485
373,0.677549,0.495028,0.596275,0.703582,0.750000,0.046418
374,0.676012,0.108618,0.595555,0.329573,1.000000,0.670427
375,0.674193,0.001090,0.594038,0.033010,0.875000,0.841990
376,0.672629,0.092548,0.593259,0.304218,1.125000,0.820782
377,0.677184,2.371555,0.595797,1.539985,-0.500000,1.039985
378,0.677682,0.863460,0.596689,0.929225,0.875000,-0.054225
379,0.685651,3.666248,0.600204,1.914745,-1.875000,0.039745
380,0.684494,0.250374,0.599938,0.500374,-0.375000,0.125374
381,0.746633,24.110977,0.611371,4.910293,-5.375000,-0.464707
382,0.744788,0.049093,0.610340,0.221569,-0.625000,-0.403431
383,0.764465,8.202523,0.616287,2.864005,0.875000,-1.989005
384,0.762479,0.009707,0.614924,0.098524,0.125000,0.026476
385,0.762790,0.881026,0.615774,0.938630,0.875000,-0.063630
386,0.760801,0.003099,0.614307,0.055670,0.125000,0.069330
387,0.759512,0.267130,0.614053,0.516846,-0.500000,0.016846
388,0.757876,0.131095,0.613397,0.362070,0.375000,0.012930
389,0.761147,2.017352,0.615493,1.420335,1.500000,0.079665
390,0.762978,1.468054,0.617037,1.211633,-0.375000,0.836633
391,0.762935,0.746061,0.617675,0.863749,-0.500000,0.363749
392,0.763424,0.952863,0.618599,0.976147,-0.875000,0.101147
393,0.761483,0.008154,0.617240,0.090298,0.000000,-0.090298
394,0.762177,1.032222,0.618263,1.015983,0.875000,-0.140983
395,0.760394,0.065059,0.617334,0.255066,0.000000,0.255066
396,0.758540,0.033582,0.616227,0.183253,0.000000,-0.183253
397,0.756687,0.030485,0.615103,0.174600,0.000000,-0.174600
398,0.755042,0.108395,0.614377,0.329233,-0.375000,-0.045767
399,0.753132,0.000510,0.612879,0.022585,-0.250000,-0.227415
400,0.751278,0.019187,0.611681,0.138516,0.000000,-0.138516
401,0.749458,0.028652,0.610567,0.169270,-0.125000,0.044270
402,0.748233,0.262025,0.610319,0.511884,-0.375000,0.136884
403,0.747591,0.492035,0.610547,0.701452,0.500000,-0.201452
404,0.747431,0.683339,0.611088,0.826643,-1.000000,-0.173357
405,0.745607,0.016018,0.609879,0.126562,-0.500000,-0.373438
406,0.746296,1.022556,0.610878,1.011215,-1.125000,-0.113785
407,0.745502,0.426325,0.610982,0.652936,0.625000,-0.027936
408,0.743696,0.015961,0.609782,0.126337,0.250000,0.376337
409,0.744634,1.123831,0.610894,1.060109,-0.750000,0.310109
410,0.742801,0.000101,0.609414,0.010034,0.000000,-0.010034
411,0.740995,0.007766,0.608133,0.088124,0.000000,0.088124
412,0.739192,0.005670,0.606828,0.075299,0.250000,0.174701
413,0.740996,1.476803,0.608315,1.215238,1.375000,0.159762
414,0.739334,0.059514,0.607426,0.243956,-0.125000,-0.368956
415,0.737828,0.120493,0.606793,0.347121,-0.250000,-0.597121
416,0.736365,0.134969,0.606212,0.367382,-0.125000,-0.492382
417,0.735379,0.329064,0.606133,0.573641,0.375000,-0.198641
418,0.734183,0.240286,0.605853,0.490189,0.500000,0.009811
419,0.732454,0.016949,0.604707,0.130189,0.250000,0.380189
420,0.731016,0.133931,0.604133,0.365966,-0.375000,-0.009034
421,0.729787,0.218472,0.603805,0.467410,0.125000,0.592410
422,0.728685,0.269417,0.603602,0.519054,0.000000,0.519054
423,0.727067,0.050558,0.602698,0.224851,-0.125000,0.099851
424,0.725343,0.002922,0.601392,0.054056,-0.125000,-0.070944
425,0.723621,0.000574,0.600021,0.023959,-0.250000,-0.226041
426,0.722852,0.398939,0.600095,0.631616,0.375000,-0.256616
427,0.721175,0.013582,0.598952,0.116542,0.000000,0.116542
428,0.720113,0.271066,0.598768,0.520640,-0.500000,0.020640
429,0.718514,0.040544,0.597832,0.201354,0.000000,-0.201354
430,0.718652,0.777054,0.598498,0.881507,-0.875000,0.006507
431,0.717594,0.266946,0.598307,0.516669,-0.625000,-0.108331
432,0.715963,0.019516,0.597235,0.139700,-0.250000,-0.389700
433,0.714471,0.075910,0.596485,0.275517,-0.750000,-0.474483
434,0.715812,1.291036,0.597741,1.136238,0.750000,-0.386238
435,0.714152,0.000399,0.596400,0.019980,0.125000,0.144980
436,0.712579,0.034599,0.595450,0.186009,0.000000,0.186009
437,0.711147,0.092565,0.594777,0.304246,0.375000,0.070754
438,0.710995,0.645019,0.595258,0.803130,0.625000,-0.178130
439,0.710834,0.641040,0.595730,0.800650,-0.500000,0.300650
440,0.709398,0.085083,0.595032,0.291690,0.000000,0.291690
441,0.708073,0.130217,0.594497,0.360856,-0.500000,-0.139144
442,0.707224,0.336312,0.594463,0.579924,-0.875000,-0.295076
443,0.706363,0.328872,0.594415,0.573474,-1.125000,-0.551526
444,0.705878,0.493255,0.594661,0.702321,0.250000,-0.452321
445,0.704429,0.066607,0.593897,0.258083,0.000000,0.258083
446,0.702836,0.000377,0.592598,0.019423,-0.125000,-0.144423
447,0.701336,0.038264,0.591702,0.195613,0.125000,-0.070613
448,0.700591,0.370977,0.591741,0.609078,-0.500000,0.109078
449,0.700511,0.664771,0.592243,0.815335,-0.750000,0.065335
450,0.698951,0.004838,0.591071,0.069555,-0.375000,-0.305445
451,0.697472,0.037824,0.590184,0.194484,0.000000,-0.194484
452,0.696427,0.229133,0.589935,0.478678,-0.625000,-0.146322
453,0.702318,3.341395,0.592692,1.827948,1.375000,-0.452948
454,0.702004,0.561053,0.593040,0.749035,0.750000,0.000965
455,0.700474,0.012346,0.591971,0.111112,0.125000,0.236112
456,0.698938,0.005883,0.590831,0.076701,-0.125000,-0.201701
457,0.699625,1.010192,0.591746,1.005083,0.875000,-0.130083
458,0.700864,1.262147,0.592917,1.123453,-1.125000,-0.001547
459,0.699519,0.088963,0.592269,0.298266,0.250000,-0.048266
460,0.698026,0.018652,0.591270,0.136574,-0.125000,0.011574
461,0.696503,0.001950,0.590073,0.044156,-0.250000,-0.205844
462,0.695559,0.264199,0.589907,0.514003,0.375000,-0.139003
463,0.694424,0.174468,0.589532,0.417694,0.500000,0.082306
464,0.692914,0.000158,0.588277,0.012579,0.125000,0.112421
465,0.691564,0.070310,0.587576,0.265161,-0.125000,0.140161
466,0.690086,0.008908,0.586509,0.094380,0.125000,0.219380
467,0.688612,0.007404,0.585428,0.086046,0.125000,0.211046
468,0.691116,1.850395,0.587098,1.360292,-1.125000,0.235292
469,0.690089,0.213646,0.586829,0.462219,-0.625000,-0.162781
470,0.688662,0.025145,0.585910,0.158571,-0.125000,0.033571
471,0.687189,0.000707,0.584713,0.026587,0.250000,0.223413
472,0.687637,0.896845,0.585487,0.947019,-0.750000,0.197019
473,0.687237,0.500059,0.585746,0.707148,-1.500000,-0.792852
474,0.688946,1.490755,0.587098,1.220965,-2.000000,-0.779035
475,0.687532,0.022896,0.586173,0.151315,-0.750000,-0.598685
476,0.686332,0.121077,0.585668,0.347961,0.375000,0.027039
477,0.685003,0.057616,0.584937,0.240034,-0.250000,-0.009966
478,0.683558,0.000223,0.583735,0.014931,-0.125000,-0.110069
479,0.683442,0.628316,0.584174,0.792664,-1.125000,-0.332336
480,0.682263,0.122428,0.583682,0.349897,-0.250000,-0.599897
481,0.683188,1.123396,0.584681,1.059904,0.625000,-0.434904
482,0.681915,0.074556,0.584029,0.273050,-0.500000,-0.226950
483,0.680542,0.024196,0.583134,0.155552,0.375000,0.219448
484,0.679128,0.002091,0.582015,0.045732,0.125000,0.170732
485,0.677957,0.115556,0.581511,0.339935,-0.375000,-0.035065
486,0.676775,0.108659,0.580989,0.329634,0.000000,-0.329634
487,0.676850,0.712820,0.581534,0.844287,-0.750000,0.094287
488,0.676379,0.448662,0.581716,0.669822,-0.750000,-0.080178
489,0.674986,0.001082,0.580585,0.032891,0.000000,0.032891
490,0.673624,0.012825,0.579623,0.113246,0.125000,0.238246
491,0.672343,0.049646,0.578890,0.222815,0.500000,0.277185
492,0.670973,0.004205,0.577837,0.064844,0.250000,0.314844
493,0.670062,0.225275,0.577626,0.474631,0.500000,0.025369
494,0.668695,0.000436,0.576490,0.020888,0.250000,0.270888
495,0.667937,0.296160,0.576424,0.544206,-0.500000,0.044206
496,0.667902,0.650730,0.576892,0.806679,0.500000,-0.306679
497,0.671833,2.606074,0.578996,1.614334,1.625000,0.010666
498,0.670640,0.082689,0.578406,0.287558,-0.375000,-0.087442
499,0.669830,0.269323,0.578286,0.518964,-0.500000,0.018964
500,0.669186,0.350303,0.578314,0.591864,0.375000,-0.216864
501,0.668511,0.333780,0.578313,0.577737,-0.250000,0.327737
502,0.667185,0.008433,0.577336,0.091830,-0.375000,-0.283170
503,0.665872,0.011751,0.576396,0.108404,0.000000,-0.108404
504,0.665687,0.573557,0.576758,0.757336,-0.750000,0.007336
505,0.666849,1.247801,0.577836,1.117050,0.750000,-0.367050
506,0.665878,0.179568,0.577529,0.423755,0.750000,0.326245
507,0.664671,0.058419,0.576862,0.241700,0.000000,0.241700
508,0.663352,0.000076,0.575734,0.008697,-0.250000,-0.241303
509,0.662418,0.191467,0.575461,0.437569,-0.500000,-0.062431
510,0.668171,3.573545,0.578059,1.890382,-2.000000,-0.109618
511,0.666881,0.014173,0.577154,0.119050,-0.375000,-0.494050
512,0.665682,0.057952,0.576492,0.240732,0.000000,-0.240732
513,0.668594,2.147619,0.578238,1.465476,-1.625000,-0.159524
514,0.668545,0.643606,0.578678,0.802250,-0.625000,0.177250
515,0.681824,7.454318,0.582888,2.730260,-2.750000,-0.019740
516,0.699917,9.945244,0.587909,3.153608,-3.500000,-0.346392
517,0.700414,0.955106,0.588668,0.977295,-1.000000,-0.022705
518,0.700033,0.504286,0.588904,0.710131,0.250000,-0.460131
519,0.698788,0.059147,0.588233,0.243201,0.250000,0.006799
520,0.702020,2.366646,0.590074,1.538391,1.625000,0.086609
521,0.703630,1.534426,0.591329,1.238719,-0.375000,0.863719
522,0.705218,1.525894,0.592572,1.235271,1.125000,-0.110271
523,0.708079,2.190012,0.594282,1.479869,1.625000,0.145131
524,0.711565,2.520749,0.596192,1.587687,1.375000,-0.212687
525,0.727462,8.994082,0.600804,2.999013,-2.750000,0.249013
526,0.727654,0.827809,0.601396,0.909840,-0.625000,0.284840
527,0.726544,0.146803,0.600979,0.383149,0.250000,0.633149
528,0.725771,0.321968,0.600915,0.567422,0.625000,0.057578
529,0.726625,1.173871,0.601834,1.083453,0.750000,-0.333453
530,0.725249,0.002735,0.600789,0.052301,0.625000,0.572699
531,0.723887,0.007838,0.599817,0.088531,0.125000,0.213531
532,0.722569,0.027667,0.598996,0.166334,0.000000,0.166334
533,0.722425,0.646518,0.599384,0.804063,-1.000000,-0.195937
534,0.723769,1.434554,0.600513,1.197729,0.875000,-0.322729
535,0.723605,0.636839,0.600885,0.798022,-0.625000,0.173022
536,0.722533,0.153135,0.600491,0.391325,0.000000,0.391325
537,0.721244,0.035634,0.599718,0.188771,0.000000,0.188771
538,0.720267,0.199354,0.599432,0.446491,0.000000,0.446491
539,0.718923,0.001666,0.598387,0.040820,0.125000,0.084180
540,0.717727,0.077629,0.597791,0.278620,0.375000,0.096380
541,0.717168,0.417283,0.597881,0.645974,0.250000,-0.395974
542,0.717902,1.112385,0.598730,1.054697,1.375000,0.320303
543,0.717532,0.518168,0.598954,0.719839,1.375000,0.655161
544,0.721267,2.734420,0.600907,1.653608,-0.750000,0.903608
545,0.726177,3.378071,0.603194,1.837953,-1.375000,0.462953
546,0.725199,0.196073,0.602898,0.442801,0.125000,-0.317801
547,0.723865,0.000717,0.601837,0.026768,0.000000,-0.026768
548,0.723661,0.612854,0.602170,0.782850,0.750000,-0.032850
549,0.723472,0.620600,0.602510,0.787782,-0.250000,0.537782
550,0.722147,0.000003,0.601410,0.001690,-0.250000,-0.248310
551,0.720996,0.092726,0.600867,0.304510,-0.250000,0.054510
552,0.720479,0.437430,0.600978,0.661385,-0.625000,0.036385
553,0.719169,0.001481,0.599953,0.038484,0.000000,0.038484
554,0.718099,0.130772,0.599520,0.361624,0.250000,-0.111624
555,0.717350,0.305117,0.599434,0.552374,0.500000,-0.052374
556,0.717039,0.545713,0.599686,0.738724,-0.125000,0.613724
557,0.715809,0.037099,0.598950,0.192612,0.125000,0.317612
558,0.716343,1.011613,0.599685,1.005790,-0.625000,0.380790
559,0.715067,0.007866,0.598764,0.088689,-0.125000,-0.036311
560,0.714587,0.448016,0.598891,0.669340,0.500000,-0.169340
561,0.714743,0.801574,0.599423,0.895307,1.250000,0.354693
562,0.713786,0.181082,0.599111,0.425538,-0.125000,0.300538
563,0.712571,0.034707,0.598373,0.186297,-0.500000,-0.313703
564,0.711361,0.034488,0.597636,0.185710,0.000000,-0.185710
565,0.710095,0.001222,0.596633,0.034952,0.000000,-0.034952
566,0.708849,0.010160,0.595751,0.100795,-0.125000,-0.024205
567,0.708094,0.283549,0.595638,0.532493,-0.500000,0.032493
568,0.707249,0.231762,0.595436,0.481416,0.125000,-0.356416
569,0.707111,0.629149,0.595786,0.793189,0.875000,0.081811
570,0.706017,0.087715,0.595257,0.296167,-0.375000,-0.078833
571,0.704774,0.001416,0.594273,0.037626,-0.250000,-0.212374
572,0.704590,0.600162,0.594591,0.774701,-1.125000,-0.350299
573,0.729281,14.753669,0.600296,3.841051,-3.875000,-0.033949
574,0.728204,0.115716,0.599840,0.340171,-1.250000,-0.909829
575,0.732125,2.966691,0.601806,1.722408,1.000000,-0.722408
576,0.731522,0.387569,0.601842,0.622550,0.125000,-0.497550
577,0.751058,11.925678,0.606819,3.453357,-3.500000,-0.046643
578,0.750490,0.424598,0.606897,0.651612,-0.875000,-0.223388
579,0.749662,0.274805,0.606753,0.524219,0.250000,-0.274219
580,0.755848,4.312674,0.609305,2.076698,1.875000,-0.201698
581,0.758465,2.266023,0.610858,1.505331,-1.250000,0.255331
582,0.757157,0.002170,0.609882,0.046582,-0.125000,-0.078418
583,0.756884,0.599066,0.610165,0.773994,0.625000,-0.148994
584,0.755940,0.209292,0.609902,0.457485,-0.250000,0.207485
585,0.754718,0.046149,0.609222,0.214824,-0.250000,-0.035176
586,0.754462,0.605612,0.609512,0.778211,-0.500000,0.278211
587,0.756070,1.692023,0.610698,1.300778,1.750000,0.449222
588,0.758052,1.913772,0.612021,1.383391,-1.000000,0.383391
589,0.766453,5.672204,0.615046,2.381639,-1.875000,0.506639
590,0.769041,2.283491,0.616575,1.511122,-1.125000,0.386122
591,0.767743,0.007121,0.615668,0.084389,0.250000,0.165611
592,0.766444,0.003398,0.614720,0.058292,0.250000,0.191708
593,0.765352,0.123395,0.614273,0.351276,0.375000,0.023724
594,0.764418,0.214677,0.614017,0.463332,0.250000,-0.213332
595,0.763131,0.003319,0.613076,0.057611,0.000000,-0.057611
596,0.761843,0.001024,0.612094,0.031997,0.000000,0.031997
597,0.760575,0.009576,0.611227,0.097858,0.000000,-0.097858
598,0.759296,0.000889,0.610248,0.029824,-0.250000,-0.220176
599,0.758027,0.004306,0.609333,0.065618,-0.125000,-0.059382
600,0.756895,0.083484,0.608795,0.288936,-0.250000,0.038936
601,0.756672,0.623577,0.609098,0.789669,0.375000,-0.414669
602,0.756189,0.467908,0.609224,0.684038,0.375000,-0.309038
603,0.754962,0.021295,0.608450,0.145929,-0.250000,-0.395929
604,0.755410,1.023711,0.609123,1.011786,0.000000,-1.011786
605,0.755661,0.906107,0.609693,0.951897,-0.125000,-1.076897
606,0.755611,0.725814,0.610095,0.851947,0.125000,-0.726947
607,0.754814,0.274736,0.609953,0.524153,-0.625000,-0.100847
608,0.755088,0.920682,0.610532,0.959522,-1.125000,-0.165478
609,0.759919,3.677881,0.612692,1.917780,-1.625000,0.292780
610,0.769311,6.451436,0.615873,2.539968,-3.125000,-0.585032
611,0.771355,2.009853,0.617194,1.417693,-0.750000,-2.167693
612,0.771277,0.723925,0.617578,0.850838,-0.375000,-1.225838
613,0.770848,0.510029,0.617736,0.714163,0.375000,-0.339163
614,0.770417,0.508100,0.617892,0.712811,0.875000,0.162189
615,0.794114,15.249357,0.623272,3.905043,-3.750000,0.155043
616,0.795786,1.816914,0.624456,1.347930,-1.250000,0.097930
617,0.794529,0.025397,0.623698,0.159363,0.000000,0.159363
618,0.793526,0.178543,0.623370,0.422544,0.375000,-0.047544
619,0.792326,0.055786,0.622740,0.236190,0.375000,0.611190
620,0.791152,0.068887,0.622156,0.262462,0.625000,0.362538
621,0.789873,0.002194,0.621223,0.046839,0.625000,0.671839
622,0.792548,2.443012,0.622747,1.563014,1.625000,0.061986
623,0.792714,0.895531,0.623270,0.946325,0.875000,-0.071325
624,0.795782,2.694736,0.624912,1.641565,1.875000,0.233435
625,0.797503,1.864176,0.626105,1.365348,2.500000,1.134652
626,0.797674,0.904467,0.626627,0.951035,0.625000,1.576035
627,0.799014,1.632171,0.627672,1.277564,-0.125000,1.152564
628,0.798808,0.670192,0.627978,0.818652,-0.375000,0.443652
629,0.797545,0.010044,0.627133,0.100219,0.125000,0.024781
630,0.798361,1.307916,0.627959,1.143641,1.250000,0.106359
631,0.810835,8.619797,0.631640,2.935949,-2.375000,0.560949
632,0.813378,2.407586,0.633104,1.551640,-1.250000,0.301640
633,0.817913,3.666200,0.635142,1.914732,1.750000,-0.164732
634,0.817067,0.284739,0.634981,0.533609,-0.500000,0.033609
635,0.816758,0.621996,0.635224,0.788667,-0.250000,0.538667
636,0.816265,0.505387,0.635344,0.710906,-0.875000,-0.164094
637,0.815160,0.117039,0.634881,0.342110,0.250000,-0.092110
638,0.814148,0.173045,0.634536,0.415987,0.625000,0.209013
639,0.812948,0.052449,0.633897,0.229016,0.375000,0.145984
640,0.811686,0.010138,0.633059,0.100686,0.125000,0.024314
641,0.810475,0.040282,0.632380,0.200703,0.000000,0.200703
642,0.810532,0.847185,0.632831,0.920427,0.625000,-0.295427
643,0.809308,0.027921,0.632103,0.167095,-0.375000,-0.207905
644,0.811414,2.157032,0.633410,1.468684,1.000000,-0.468684
645,0.810516,0.235827,0.633179,0.485620,0.500000,0.014380
646,0.812537,2.108410,0.634455,1.452037,-0.750000,0.702037
647,0.815252,2.558200,0.635955,1.599437,-1.375000,0.224437
648,0.814418,0.278379,0.635787,0.527616,0.625000,0.097384
649,0.813569,0.266677,0.635602,0.516408,-0.250000,0.266408
650,0.814255,1.256642,0.636353,1.121000,1.250000,0.129000
651,0.814187,0.769924,0.636726,0.877453,-0.250000,0.627453
652,0.813722,0.512956,0.636849,0.716209,-0.250000,0.466209
653,0.812640,0.111691,0.636382,0.334203,0.000000,0.334203
654,0.811452,0.040691,0.635714,0.201721,0.125000,0.326721
655,0.810375,0.110270,0.635247,0.332070,0.125000,0.457070
656,0.809944,0.529015,0.635389,0.727334,1.125000,0.397666
657,0.810650,1.271134,0.636142,1.127446,-0.500000,0.627446
658,0.812936,2.305969,0.637491,1.518542,-1.000000,0.518542
659,0.818829,4.672699,0.639818,2.161643,-2.125000,0.036643
660,0.818228,0.424170,0.639836,0.651283,-0.250000,-0.901283
661,0.817002,0.013216,0.639037,0.114961,0.000000,-0.114961
662,0.815770,0.006028,0.638184,0.077638,-0.250000,-0.172362
663,0.816860,1.534073,0.639095,1.238577,1.000000,-0.238577
664,0.815870,0.163767,0.638740,0.404681,-0.375000,0.029681
665,0.817767,2.069787,0.639950,1.438675,1.250000,-0.188675
666,0.816533,0.000758,0.639025,0.027526,1.000000,1.027526
667,0.815324,0.014800,0.638244,0.121654,0.625000,0.503346
668,0.815367,0.843807,0.638667,0.918590,1.250000,0.331410
669,0.817053,1.937035,0.639799,1.391774,2.125000,0.733226
670,0.818062,1.489042,0.640671,1.220263,1.125000,-0.095263
671,0.817489,0.435815,0.640700,0.660163,0.875000,0.214837
672,0.817109,0.563711,0.640865,0.750807,1.250000,0.499193
673,0.822147,4.186937,0.642965,2.046201,2.875000,0.828799
674,0.841695,13.919486,0.647574,3.730883,-1.875000,1.855883
675,0.846312,3.939761,0.649567,1.984883,-1.875000,0.109883
676,0.845060,0.004938,0.648705,0.070271,-0.125000,-0.054729
677,0.843971,0.112345,0.648239,0.335179,-1.000000,-0.664821
678,0.844880,1.456324,0.649068,1.206783,-1.375000,-0.168217
679,0.847469,2.592659,0.650492,1.610174,-1.125000,0.485174
680,0.849076,1.934032,0.651587,1.390695,-0.625000,0.765695
681,0.848931,0.750422,0.651904,0.866269,1.625000,0.758731
682,0.851485,2.580530,0.653312,1.606403,-0.750000,0.856403
683,0.850947,0.486481,0.653377,0.697482,-0.750000,-0.052518
684,0.852441,1.866848,0.654425,1.366326,0.625000,-0.741326
685,0.854108,1.987690,0.655534,1.409855,0.750000,-0.659855
686,0.853296,0.300162,0.655377,0.547871,0.625000,0.077129
687,0.853027,0.669540,0.655615,0.818254,-0.250000,0.568254
688,0.851839,0.040584,0.654951,0.201454,-0.125000,0.076454
689,0.855679,3.481932,0.656719,1.865994,1.125000,-0.740994
690,0.856993,1.757224,0.657694,1.325603,1.750000,0.424397
691,0.856025,0.192464,0.657375,0.438707,0.625000,0.186293
692,0.854914,0.091584,0.656860,0.302628,-0.125000,-0.427628
693,0.854163,0.337390,0.656749,0.580853,-1.375000,-0.794147
694,0.852932,0.004534,0.655895,0.067335,-0.625000,-0.692335
695,0.853223,1.054199,0.656432,1.026742,0.750000,-0.276742
696,0.853282,0.893913,0.656850,0.945470,-1.250000,-0.304530
697,0.853058,0.698109,0.657107,0.835529,0.500000,-0.335529
698,0.852030,0.139919,0.656700,0.374058,0.000000,-0.374058
699,0.854168,2.337372,0.657954,1.528847,1.375000,-0.153847
700,0.861178,5.733087,0.660449,2.394387,2.375000,-0.019387
701,0.861372,0.996346,0.660934,0.998172,-0.875000,0.123172
702,0.860464,0.227644,0.660670,0.477120,-0.500000,-0.022880
703,0.859298,0.045648,0.660031,0.213653,0.375000,0.161347
704,0.860964,2.025370,0.661121,1.423155,-1.000000,0.423155
705,0.860463,0.510176,0.661197,0.714266,-0.625000,0.089266
706,0.859295,0.040252,0.660541,0.200629,-0.625000,-0.424371
707,0.858428,0.249876,0.660312,0.499876,-0.625000,-0.125124
708,0.863383,4.346718,0.662336,2.084878,-1.500000,0.584878
709,0.864631,1.743117,0.663269,1.320272,1.375000,0.054728
710,0.865289,1.329212,0.663963,1.152915,1.000000,-0.152915
711,0.869818,4.067480,0.665876,2.016799,1.750000,-0.266799
712,0.868926,0.238158,0.665625,0.488014,-0.375000,0.113014
713,0.868866,0.826540,0.665968,0.909142,-0.875000,0.034142
714,0.867643,0.000686,0.665067,0.026189,-0.625000,-0.651189
715,0.868376,1.388436,0.665789,1.178319,1.250000,0.071681
716,0.867528,0.264675,0.665577,0.514466,0.625000,0.110534
717,0.866314,0.002053,0.664707,0.045307,0.000000,0.045307
718,0.865372,0.193850,0.664392,0.440284,-0.500000,-0.059716
719,0.864562,0.285922,0.664211,0.534716,0.875000,0.340284
720,0.865418,1.477775,0.664981,1.215638,-0.250000,0.965638
721,0.870860,4.767360,0.667099,2.183428,-1.625000,0.558428
722,0.869655,0.005076,0.666269,0.071249,-0.500000,-0.571249
723,0.868729,0.204087,0.665971,0.451759,0.000000,-0.451759
724,0.867534,0.008266,0.665172,0.090918,-0.500000,-0.409082
725,0.866830,0.360458,0.665082,0.600381,-0.750000,-0.149619
726,0.867641,1.451666,0.665830,1.204851,-1.500000,-0.295149
727,0.874257,5.651451,0.668197,2.377278,-2.875000,-0.497722
728,0.874870,1.317975,0.668860,1.148031,-0.375000,-1.523031
729,0.873764,0.073151,0.668310,0.270465,-1.125000,-0.854535
730,0.872900,0.246307,0.668073,0.496293,0.250000,-0.246293
731,0.880037,6.061823,0.670541,2.462077,1.875000,-0.587077
732,0.878829,0.000677,0.669656,0.026011,0.375000,0.348989
733,0.877660,0.026570,0.668961,0.163004,0.250000,0.086996
734,0.878352,1.382667,0.669655,1.175869,-1.375000,-0.199131
735,0.877342,0.140293,0.669251,0.374558,0.125000,-0.249558
736,0.876174,0.021754,0.668538,0.147494,0.000000,-0.147494
737,0.875008,0.021626,0.667827,0.147059,-0.125000,0.022059
738,0.873847,0.022629,0.667122,0.150428,0.125000,-0.025428
739,0.872705,0.034697,0.666468,0.186271,0.125000,-0.061271
740,0.872863,0.989007,0.666914,0.994489,-0.625000,0.369489
741,0.873055,1.014352,0.667375,1.007150,-0.750000,0.257150
742,0.871886,0.010208,0.666608,0.101035,0.000000,-0.101035
743,0.870710,0.003019,0.665780,0.054942,0.000000,-0.054942
744,0.869590,0.042020,0.665157,0.204988,-0.250000,-0.045012
745,0.870665,1.666360,0.666002,1.290876,-1.375000,-0.084124
746,0.869525,0.024502,0.665315,0.156530,-0.625000,-0.468470
747,0.868367,0.009152,0.664549,0.095665,-0.250000,-0.154335
748,0.869000,1.339575,0.665211,1.157400,-1.125000,0.032400
749,0.868445,0.455141,0.665224,0.674641,-1.250000,-0.575359
750,0.868389,0.826585,0.665551,0.909167,0.375000,-0.534167
751,0.870831,2.693107,0.666857,1.641069,1.750000,0.108931
752,0.872941,2.448511,0.668057,1.564772,-1.000000,0.564772
753,0.947089,56.410266,0.677193,7.510677,-7.500000,0.010677
754,0.948886,2.294351,0.678309,1.514712,-3.250000,-1.735288
755,0.947722,0.074884,0.677771,0.273650,-0.250000,-0.523650
756,0.951533,3.813640,0.679466,1.952854,1.250000,-0.702854
757,0.950701,0.325444,0.679321,0.570477,0.375000,-0.195477
758,0.949770,0.248456,0.679082,0.498454,-0.625000,-0.126546
759,0.948928,0.314340,0.678925,0.560660,0.375000,-0.185660
760,0.947879,0.155562,0.678548,0.394413,1.000000,0.605587
761,0.949615,2.261740,0.679639,1.503908,1.750000,0.246092
762,0.975969,20.926333,0.684777,4.574531,4.375000,-0.199531
763,0.977493,2.132278,0.685799,1.460232,0.750000,2.210232
764,0.979757,2.698337,0.687058,1.642662,-0.500000,1.142662
765,0.980061,1.211287,0.687601,1.100585,-1.375000,-0.274415
766,0.980123,1.027033,0.688029,1.013426,0.875000,-0.138426
767,0.980663,1.392048,0.688673,1.179851,1.250000,0.070149
768,0.979422,0.032965,0.688010,0.181563,-0.125000,0.056563
769,0.978216,0.056891,0.687422,0.238519,0.250000,0.011481
770,0.977196,0.196760,0.687104,0.443576,0.375000,-0.068576
771,0.976749,0.634181,0.687246,0.796355,1.000000,0.203645
772,0.978338,2.197496,0.688281,1.482396,2.000000,0.517604
773,0.978509,1.109864,0.688756,1.053501,-0.625000,0.428501
774,1.012969,27.512377,0.694674,5.245224,5.375000,0.129776
775,1.012803,0.884882,0.694993,0.940682,-1.625000,-0.684318
776,1.018309,5.263686,0.697065,2.294272,-0.500000,1.794272
777,1.055167,29.509647,0.703190,5.432278,3.625000,-1.807278
778,1.066440,9.780262,0.706322,3.127341,2.750000,-0.377341
779,1.065443,0.293343,0.706110,0.541611,-0.875000,-0.333389
780,1.066052,1.538674,0.706798,1.240433,-1.750000,-0.509567
781,1.065534,0.663522,0.706937,0.814568,-1.000000,-0.185432
782,1.065840,1.303659,0.707496,1.141779,-1.000000,0.141779
783,1.064772,0.233328,0.707208,0.483040,-0.250000,0.233040
784,1.065805,1.870828,0.708055,1.367782,-1.375000,-0.007218
785,1.064789,0.272067,0.707816,0.521601,-2.000000,-1.478399
786,1.067682,3.327667,0.709244,1.824189,1.250000,-0.574189
787,1.069947,2.840854,0.710490,1.685483,-1.125000,0.560483
788,1.070190,1.260363,0.711016,1.122659,-1.000000,0.122659
789,1.069051,0.176408,0.710645,0.420009,-0.250000,0.170009
790,1.068064,0.293088,0.710430,0.541376,0.625000,0.083624
791,1.066728,0.016343,0.709690,0.127839,-0.125000,-0.252839
792,1.065381,0.005111,0.708880,0.071490,-0.125000,-0.196490
793,1.064096,0.051685,0.708270,0.227343,0.125000,-0.102343
794,1.063036,0.226922,0.707976,0.476363,0.125000,-0.351363
795,1.061720,0.021987,0.707268,0.148281,-0.500000,-0.351719
796,1.060534,0.122095,0.706817,0.349421,0.000000,-0.349421
797,1.059199,0.002195,0.705984,0.046851,-0.375000,-0.328149
798,1.057882,0.013675,0.705242,0.116942,-0.375000,-0.258058
799,1.056634,0.065526,0.704677,0.255980,-0.500000,-0.244020
800,1.055307,0.000315,0.703814,0.017748,0.125000,0.142748
801,1.054300,0.252635,0.703562,0.502628,-0.375000,0.127628
802,1.053080,0.081296,0.703038,0.285124,-0.625000,-0.339876
803,1.053133,1.095345,0.703468,1.046587,-1.125000,-0.078413
804,1.052561,0.595291,0.703553,0.771551,-1.000000,-0.228449
805,1.053137,1.513713,0.704210,1.230330,0.875000,-0.355330
806,1.052008,0.147878,0.703812,0.384549,-0.250000,0.134549
807,1.057970,5.839527,0.705945,2.416511,1.625000,-0.791511
808,1.056656,0.001706,0.705118,0.041302,0.125000,0.166302
809,1.057052,1.374859,0.705699,1.172544,-1.125000,0.047544
810,1.055870,0.104416,0.705224,0.323135,0.250000,-0.073135
811,1.061773,5.819847,0.707339,2.412436,2.750000,0.337564
812,1.060809,0.282914,0.707122,0.531896,0.500000,-0.031896
813,1.062873,2.730894,0.708291,1.652542,0.375000,-1.277542
814,1.061612,0.041485,0.707668,0.203679,-0.250000,-0.453679
815,1.060357,0.043357,0.707052,0.208222,-0.500000,-0.291778
816,1.059125,0.060057,0.706483,0.245065,0.125000,-0.120065
817,1.058631,0.657298,0.706611,0.810739,0.750000,-0.060739
818,1.058674,1.093707,0.707028,1.045804,1.250000,0.204196
819,1.057389,0.011481,0.706292,0.107149,0.375000,0.482149
820,1.056506,0.337207,0.706138,0.580695,-0.375000,0.205695
821,1.055488,0.224482,0.705854,0.473795,0.625000,0.151205
822,1.055040,0.689436,0.706006,0.830323,0.750000,-0.080323
823,1.066887,10.757341,0.709149,3.279839,3.125000,-0.154839
824,1.067717,1.747663,0.709896,1.321992,1.750000,0.428008
825,1.066478,0.050398,0.709305,0.224496,1.125000,0.900504
826,1.065191,0.008531,0.708554,0.092362,0.250000,0.342362
827,1.084007,16.550661,0.712636,4.068250,-3.625000,0.443250
828,1.084695,1.650685,0.713331,1.284790,0.500000,-0.784790
829,1.085535,1.777962,0.714082,1.333402,1.500000,0.166598
830,1.085246,0.847214,0.714332,0.920442,-1.000000,-0.079558
831,1.084729,0.657046,0.714449,0.810584,1.000000,0.189416
832,1.084863,1.196373,0.714907,1.093788,-0.500000,0.593788
833,1.084533,0.811091,0.715131,0.900606,-1.000000,-0.099394
834,1.085200,1.637777,0.715811,1.279756,1.000000,-0.279756
835,1.083954,0.050038,0.715219,0.223692,0.500000,0.276308
836,1.082674,0.018711,0.714524,0.136788,0.000000,-0.136788
837,1.081745,0.308723,0.714333,0.555629,0.375000,-0.180629
838,1.082877,2.026462,0.715183,1.423538,0.625000,-0.798538
839,1.086356,3.987701,0.716718,1.996923,1.625000,-0.371923
840,1.090587,4.623299,0.718433,2.150186,-1.250000,0.900186
841,1.089844,0.468639,0.718392,0.684572,-0.750000,-0.065428
842,1.088926,0.320384,0.718211,0.566025,-0.125000,0.441025
843,1.087717,0.075003,0.717681,0.273866,0.250000,0.523866
844,1.089133,2.276841,0.718623,1.508920,1.250000,-0.258920
845,1.087844,0.005458,0.717856,0.073878,0.250000,0.323878
846,1.086555,0.002126,0.717059,0.046113,-0.250000,-0.203887
847,1.086562,1.092492,0.717448,1.045223,-1.125000,-0.079777
848,1.085769,0.417182,0.717363,0.645896,0.375000,-0.270896
849,1.084536,0.044413,0.716764,0.210745,-0.125000,0.085745
850,1.084819,1.323945,0.717276,1.150628,1.500000,0.349372
851,1.083583,0.037762,0.716659,0.194324,-0.125000,-0.319324
852,1.082365,0.050858,0.716080,0.225518,0.125000,-0.100518
853,1.084939,3.266938,0.717365,1.807467,1.500000,-0.307467
854,1.084720,0.899186,0.717637,0.948254,1.500000,0.551746
855,1.084116,0.570601,0.717681,0.755381,2.000000,1.244619
856,1.089827,5.950184,0.719702,2.439300,-1.250000,1.189300
857,1.089226,0.576993,0.719749,0.759600,-1.625000,-0.865400
858,1.088378,0.365283,0.719614,0.604386,-1.000000,-0.395614
859,1.087337,0.198052,0.719292,0.445031,0.500000,0.054969
860,1.087866,1.539833,0.719902,1.240900,0.875000,-0.365900
861,1.086894,0.254835,0.719651,0.504812,-0.125000,0.379812
862,1.085761,0.114960,0.719207,0.339058,0.750000,0.410942
863,1.084630,0.114468,0.718764,0.338331,-0.250000,0.088331
864,1.083885,0.443625,0.718703,0.666052,0.375000,-0.291052
865,1.083507,0.758897,0.718880,0.871147,-0.875000,-0.003853
866,1.082480,0.198454,0.718562,0.445482,-0.750000,-0.304518
867,1.082728,1.295852,0.719049,1.138355,-1.625000,-0.486645
868,1.081578,0.089667,0.718563,0.299444,-0.375000,-0.674444
869,1.080342,0.012261,0.717861,0.110729,-1.000000,-0.889271
870,1.079217,0.105780,0.717407,0.325238,0.250000,-0.075238
871,1.084377,5.553329,0.719298,2.356550,2.375000,0.018450
872,1.084627,1.301016,0.719783,1.140621,-0.625000,0.515621
873,1.086043,2.315623,0.720706,1.521717,-1.625000,-0.103283
874,1.093144,7.263168,0.722975,2.695027,2.250000,-0.445027
875,1.093826,1.687891,0.723637,1.299189,0.750000,-0.549189
876,1.092620,0.041511,0.723041,0.203741,0.375000,0.578741
877,1.091496,0.111644,0.722595,0.334132,0.250000,-0.084132
878,1.090818,0.499299,0.722577,0.706611,0.500000,-0.206611
879,1.089576,0.003837,0.721822,0.061945,0.000000,0.061945
880,1.088914,0.509352,0.721813,0.713689,1.125000,0.411311
881,1.088202,0.465106,0.721767,0.681987,1.375000,0.693013
882,1.088940,1.735889,0.722446,1.317532,1.500000,0.182468
883,1.087707,0.004958,0.721704,0.070414,1.000000,0.929586
884,1.089733,2.871015,0.722809,1.694407,-0.875000,0.819407
885,1.088537,0.035447,0.722203,0.188274,0.375000,0.186726
886,1.087662,0.316792,0.722022,0.562843,0.000000,0.562843
887,1.091226,4.235069,0.723535,2.057928,-1.750000,0.307928
888,1.091159,1.032291,0.723866,1.016017,-1.625000,-0.608983
889,1.096317,5.655434,0.725735,2.378116,-2.625000,-0.246884
890,1.097792,2.403424,0.726665,1.550298,-2.125000,-0.574702
891,1.098980,2.151806,0.727500,1.466904,0.625000,-0.841904
892,1.102554,4.272334,0.729008,2.066963,2.500000,0.433037
893,1.101315,0.000942,0.728223,0.030699,1.000000,1.030699
894,1.102056,1.761160,0.728896,1.327087,2.000000,0.672913
895,1.100846,0.023727,0.728251,0.154036,0.125000,0.279036
896,1.100478,0.772866,0.728420,0.879128,-0.750000,0.129128
897,1.101982,2.443687,0.729355,1.563230,-2.125000,-0.561770
898,1.100806,0.050479,0.728790,0.224675,-0.250000,-0.474675
899,1.099694,0.104868,0.728338,0.323834,-0.375000,-0.698834
900,1.098488,0.019556,0.727681,0.139842,0.125000,-0.014842
901,1.098427,1.043514,0.728008,1.021525,-0.500000,0.521525
902,1.098611,1.263719,0.728450,1.124153,-0.500000,0.624153
903,1.097408,0.017115,0.727785,0.130824,0.625000,0.494176
904,1.099624,3.092008,0.728930,1.758411,-1.375000,0.383411
905,1.101018,2.355397,0.729824,1.534730,-1.500000,0.034730
906,1.100460,0.597648,0.729872,0.773077,0.125000,-0.648077
907,1.099896,0.590973,0.729915,0.768748,-1.875000,-1.106252
908,1.112535,12.526146,0.733023,3.539230,2.500000,-1.039230
909,1.137379,23.596301,0.737580,4.857602,4.250000,-0.607602
910,1.138088,1.779517,0.738239,1.333985,-1.500000,-0.166015
911,1.142506,5.145029,0.739926,2.268266,-2.875000,-0.606734
912,1.147422,5.606468,0.741718,2.367798,2.125000,-0.242798
913,1.151444,4.803433,0.743314,2.191673,-2.125000,0.066673
914,1.150355,0.160952,0.742938,0.401188,-0.125000,0.276188
915,1.163108,12.768021,0.746044,3.573237,3.500000,-0.073237
916,1.162324,0.447734,0.745960,0.669129,0.750000,0.080871
917,1.161051,0.000371,0.745164,0.019263,0.375000,0.355737
918,1.160138,0.326973,0.744974,0.571815,0.375000,-0.196815
919,1.158884,0.012367,0.744282,0.111206,0.125000,0.236206
920,1.162744,4.694098,0.745835,2.166587,1.625000,-0.541587
921,1.167352,5.388407,0.747553,2.321294,2.000000,-0.321294
922,1.173151,6.490953,0.749514,2.547735,-1.875000,0.672735
923,1.173677,1.656979,0.750099,1.287237,-1.750000,-0.462763
924,1.175276,2.644186,0.751051,1.626095,-2.000000,-0.373905
925,1.174416,0.383210,0.750908,0.619039,0.625000,0.005961
926,1.173200,0.053178,0.750343,0.230603,0.750000,0.519397
927,1.172643,0.659625,0.750410,0.812173,-0.375000,0.437173
928,1.171881,0.468291,0.750339,0.684318,0.750000,0.065682
929,1.174092,3.217515,0.751467,1.793743,1.750000,-0.043743
930,1.173077,0.234325,0.751178,0.484071,1.000000,0.515929
931,1.172757,0.876279,0.751377,0.936098,-1.000000,-0.063902
932,1.171530,0.033997,0.750766,0.184383,-0.500000,-0.315617
933,1.174495,3.925817,0.752091,1.981367,2.000000,0.018633
934,1.173440,0.193689,0.751756,0.440102,0.375000,-0.065102
935,1.181233,8.428168,0.754066,2.903131,2.500000,-0.403131
936,1.180138,0.160880,0.753688,0.401099,-0.125000,0.276099
937,1.193326,13.484700,0.756816,3.672152,2.750000,-0.922152
938,1.192050,0.001149,0.756042,0.033891,0.000000,0.033891
939,1.196943,5.767531,0.757802,2.401568,-1.875000,0.526568
940,1.198320,2.486016,0.758677,1.576711,-1.875000,-0.298289