# TEST CONFIGURATION BEGIN
# File Stream: filename: icelandicriver_flow.csv  -  n_targets: 1
# [icelandicriver_flow_ADE_HETERO_SIZE_8] Pipeline: Array BaseStreamModel: base_models: [<skmultiflow.lazy.knn_forecast.KNNForecast object at 0x7f22874b7be0>, <skmultiflow.lazy.knn_forecast.KNNForecast object at 0x7f22874b7c50>, <skmultiflow.lazy.knn_forecast.KNNForecast object at 0x7f22874b7cc0>, <skmultiflow.lazy.knn_forecast.KNNForecast object at 0x7f22874b7d30>, <skmultiflow.trees.regression_hoeffding_tree.RegressionHoeffdingTree object at 0x7f22874b7da0>, <skmultiflow.trees.regression_hoeffding_tree.RegressionHoeffdingTree object at 0x7f22874b7dd8>, <skmultiflow.trees.regression_hoeffding_adaptive_tree.RegressionHAT object at 0x7f22874b7e10>, <skmultiflow.trees.regression_hoeffding_adaptive_tree.RegressionHAT object at 0x7f22874b7e48>]
 Array BaseStreamModel: base_models: [<skmultiflow.lazy.knn_forecast.KNNForecast object at 0x7f22874b7be0>, <skmultiflow.lazy.knn_forecast.KNNForecast object at 0x7f22874b7c50>, <skmultiflow.lazy.knn_forecast.KNNForecast object at 0x7f22874b7cc0>, <skmultiflow.lazy.knn_forecast.KNNForecast object at 0x7f22874b7d30>, <skmultiflow.trees.regression_hoeffding_tree.RegressionHoeffdingTree object at 0x7f22874b7da0>, <skmultiflow.trees.regression_hoeffding_tree.RegressionHoeffdingTree object at 0x7f22874b7dd8>, <skmultiflow.trees.regression_hoeffding_adaptive_tree.RegressionHAT object at 0x7f22874b7e10>, <skmultiflow.trees.regression_hoeffding_adaptive_tree.RegressionHAT object at 0x7f22874b7e48>]
# Prequential Evaluator: n_wait: 1 - max_samples: 600000 - max_time: 10000000 - output_file: icelandicriver_flow_ADE_HETERO_SIZE_8_SIZE_8 - batch_size: 1 - pretrain_size: 5 - task_type: regression - show_plot: False - metrics: ['mean_square_error', 'mean_absolute_error', 'true_vs_predicted']
# TEST CONFIGURATION END
id,global_mse_[icelandicriver_flow_ADE_HETERO_SIZE_8],sliding_mse_[icelandicriver_flow_ADE_HETERO_SIZE_8],global_mae_[icelandicriver_flow_ADE_HETERO_SIZE_8],sliding_mae_[icelandicriver_flow_ADE_HETERO_SIZE_8],true_value_[icelandicriver_flow_ADE_HETERO_SIZE_8],predicted_value_[icelandicriver_flow_ADE_HETERO_SIZE_8]
5,0.023798,0.023798,0.154265,0.154265,-0.210000,-0.364265
6,0.033158,0.042518,0.180232,0.206199,-0.610000,-0.403801
7,0.024891,0.008358,0.150628,0.091420,-0.400000,-0.491420
8,1.257271,4.954411,0.669434,2.225851,-2.720000,-0.494149
9,1.268350,1.312667,0.764690,1.145717,1.180000,0.034283
10,1.599666,3.256244,0.937993,1.804507,0.940000,-0.864507
11,1.604767,1.635375,0.986682,1.278818,0.800000,-0.478818
12,1.504279,0.800858,0.975210,0.894907,0.000000,-0.894907
13,1.488978,1.366571,0.996743,1.169004,0.200000,-0.969004
14,1.415140,0.750597,0.983706,0.866370,0.200000,-0.666370
15,1.323429,0.406320,0.952226,0.637432,0.000000,-0.637432
16,1.631483,5.020077,1.059587,2.240553,-1.590000,0.650553
17,1.649223,1.862099,1.083048,1.364587,1.190000,-0.174587
18,1.629807,1.377411,1.089519,1.173632,1.240000,0.066368
19,1.528121,0.104513,1.038436,0.323285,-0.640000,-0.316715
20,1.432849,0.003764,0.977369,0.061353,-0.400000,-0.338647
21,1.357231,0.147353,0.942457,0.383865,-0.200000,-0.583865
22,1.286182,0.078350,0.905649,0.279911,-0.200000,-0.479911
23,1.231440,0.246080,0.884092,0.496065,0.000000,-0.496065
24,1.171757,0.037766,0.849604,0.194335,0.200000,0.005665
25,1.119816,0.081010,0.822700,0.284622,0.000000,-0.284622
26,1.071225,0.050799,0.795549,0.225386,-0.200000,-0.425386
27,1.070665,1.058360,0.805689,1.028766,-0.200000,-1.228766
28,1.041443,0.369336,0.797441,0.607731,0.000000,-0.607731
29,1.082918,2.078318,0.823209,1.441637,0.200000,-1.241637
30,1.061212,0.518552,0.819243,0.720106,0.200000,-0.520106
31,1.042592,0.558486,0.816579,0.747319,0.200000,-0.547319
32,1.005613,0.007160,0.790438,0.084614,-0.400000,-0.315386
33,0.972775,0.053329,0.771144,0.230930,0.000000,-0.230930
34,0.941077,0.021840,0.750366,0.147784,0.000000,-0.147784
35,0.913130,0.074724,0.734978,0.273357,0.200000,-0.073357
36,0.962212,2.483750,0.761260,1.575992,-1.560000,0.015992
37,0.936268,0.106063,0.748060,0.325672,0.000000,0.325672
38,0.928446,0.670321,0.750139,0.818731,0.560000,-0.258731
39,0.917088,0.530889,0.749524,0.728621,0.400000,-0.328621
40,0.893261,0.059348,0.735471,0.243615,0.600000,0.356385
41,0.885129,0.592363,0.736395,0.769651,1.020000,0.250349
42,5.328291,169.725296,1.059855,13.027866,13.080000,0.052134
43,6.191245,38.983484,1.192773,6.243676,-6.800000,-0.556324
44,6.174985,5.540856,1.221801,2.353902,-2.600000,-0.246098
45,7.984064,80.347229,1.410627,8.963662,-1.500000,7.463662
46,7.953279,6.691083,1.438629,2.586713,-0.860000,-3.446713
47,8.114367,14.880042,1.494881,3.857466,-0.660000,3.197466
48,9.031886,48.485235,1.619160,6.963134,-0.440000,6.523134
49,9.309558,21.527120,1.686284,4.639733,-0.220000,4.419733
50,9.887260,35.883822,1.779849,5.990311,-0.210000,-6.200311
51,9.693391,0.775435,1.760716,0.880588,0.000000,-0.880588
52,9.684206,9.252527,1.787405,3.041797,-0.210000,-3.251797
53,9.569906,4.083471,1.792168,2.020760,-0.400000,1.620760
54,9.394468,0.798030,1.774191,0.893325,-0.200000,-1.093325
55,9.246163,1.830929,1.765934,1.353118,0.000000,-1.353118
56,9.121869,2.782841,1.764055,1.668185,0.000000,-1.668185
57,8.958951,0.487205,1.743940,0.698001,-0.400000,-1.098001
58,8.802893,0.531858,1.725151,0.729286,1.210000,0.480714
59,8.759033,6.390591,1.739747,2.527962,-3.060000,-0.532038
60,8.605811,0.178563,1.716226,0.422567,-0.670000,-0.247433
61,8.457225,0.136408,1.692596,0.369335,1.180000,0.810665
62,8.323602,0.707139,1.677912,0.840915,0.940000,0.099085
63,8.193264,0.633652,1.662965,0.796023,0.000000,0.796023
64,8.101144,2.666042,1.662462,1.632802,2.040000,0.407198
65,8.502607,32.590389,1.728796,5.708799,5.460000,-0.248799
66,8.536344,10.594294,1.753410,3.254888,-3.920000,-0.665112
67,8.430310,1.856187,1.747204,1.362419,-1.320000,0.042419
68,8.298750,0.010490,1.721504,0.102421,0.880000,0.777579
69,8.217690,3.029866,1.721799,1.740651,-0.660000,1.080651
70,8.114580,1.412426,1.713718,1.188455,-0.220000,0.968455
71,8.048447,3.683667,1.716786,1.919288,-0.440000,1.479288
72,7.963736,2.288072,1.713784,1.512637,1.100000,2.612637
73,7.849067,0.051624,1.692239,0.227210,0.000000,-0.227210
74,7.741283,0.304178,1.675943,0.551524,-0.870000,-0.318476
75,7.634739,0.176618,1.658258,0.420259,-0.230000,-0.650259
76,7.599348,5.086627,1.666551,2.255355,-0.420000,1.835355
77,7.495301,0.003896,1.644576,0.062416,-0.200000,-0.137584
78,7.394422,0.030249,1.624702,0.173921,-0.400000,-0.226079
79,7.296276,0.033508,1.605480,0.183051,0.000000,0.183051
80,7.211753,0.872501,1.596646,0.934077,0.600000,-0.334077
81,7.122158,0.312974,1.583176,0.559441,-0.800000,-0.240559
82,7.032865,0.157273,1.567963,0.396576,0.000000,-0.396576
83,6.951718,0.622225,1.558100,0.788812,0.200000,-0.588812
84,6.865197,0.030043,1.540791,0.173328,-0.200000,-0.026672
85,6.780459,0.001399,1.522231,0.037405,-0.200000,-0.162595
86,6.697820,0.004072,1.504445,0.063813,-0.200000,-0.136187
87,6.617579,0.037872,1.488664,0.194606,0.000000,-0.194606
88,6.539490,0.058097,1.473811,0.241033,0.000000,-0.241033
89,6.462603,0.004096,1.457225,0.064001,0.000000,-0.064001
90,6.389757,0.197845,1.445453,0.444798,-0.200000,-0.644798
91,6.336194,1.729763,1.443955,1.315205,-0.200000,1.115205
92,6.273506,0.819598,1.437835,0.905316,0.600000,-0.305316
93,6.204488,0.130980,1.425746,0.361911,-0.200000,-0.561911
94,6.135608,0.005227,1.410707,0.072301,-0.200000,-0.272301
95,6.087818,1.786747,1.409894,1.336693,1.000000,-0.336693
96,6.043067,1.970756,1.409828,1.403836,1.040000,-0.363836
97,6.022356,4.116885,1.416486,2.029011,1.760000,-0.269011
98,6.165924,19.517816,1.448416,4.417897,4.300000,-0.117897
99,6.137677,3.482390,1.452813,1.866116,2.300000,0.433884
100,6.096625,2.196668,1.453118,1.482116,2.700000,1.217884
101,6.094569,5.897216,1.463173,2.428418,4.300000,1.871582
102,6.034357,0.193806,1.452734,0.440234,1.700000,2.140234
103,6.695680,71.505366,1.523475,8.456085,10.700000,2.243915
104,6.885813,25.708995,1.558945,5.070404,-4.400000,0.670404
105,8.499250,169.842936,1.672543,13.032380,-12.300000,0.732380
106,8.823416,41.564162,1.719352,6.447027,-2.300000,4.147027
107,8.789594,5.339752,1.725094,2.310790,-3.300000,-0.989210
108,8.775193,7.291920,1.734471,2.700356,-2.600000,0.100356
109,8.718225,2.793485,1.733870,1.671372,-0.900000,0.771372
110,8.640551,0.484783,1.724082,0.696264,-0.200000,0.496264
111,8.656089,10.303135,1.737967,3.209850,0.200000,-3.009850
112,8.591275,1.656188,1.733791,1.286930,0.200000,-1.086930
113,8.586279,8.046755,1.743909,2.836680,2.700000,-0.136680
114,8.875182,40.365582,1.785814,6.353391,7.100000,0.746609
115,8.795877,0.072351,1.772149,0.268981,4.000000,4.268981
116,10.178723,163.674641,1.870554,12.793539,12.600000,-0.193539
117,10.682466,67.101626,1.926492,8.191558,-3.800000,4.391558
118,11.102056,58.515681,1.976694,7.649554,-4.200000,3.449554
119,11.030436,2.865784,1.974226,1.692863,2.800000,1.107137
120,10.987256,6.021529,1.978361,2.453880,2.200000,-0.253880
121,11.035259,16.603696,1.996279,4.074763,-2.900000,1.174763
122,11.232401,34.298004,2.028992,5.856450,-4.500000,1.356450
123,11.411720,32.571382,2.059901,5.707134,-4.800000,0.907134
124,11.319920,0.395649,2.047977,0.629006,-4.200000,-3.570994
125,11.250525,2.923172,2.045182,1.709729,1.900000,0.190271
126,11.248538,11.008087,2.055613,3.317844,-2.300000,1.017844
127,11.288234,16.131110,2.071554,4.016355,-0.800000,3.216355
128,11.293403,11.929255,2.082702,3.453875,-0.500000,2.953875
129,11.243810,5.094277,2.084097,2.257050,2.400000,0.142950
130,11.154743,0.021335,2.068715,0.146064,1.700000,1.553936
131,11.148005,10.298964,2.077696,3.209200,-2.000000,1.209200
132,11.141567,10.324038,2.086566,3.213104,-0.800000,2.413104
133,11.056537,0.172705,2.073613,0.415577,2.800000,3.215577
134,11.165515,25.223652,2.096295,5.022315,-2.800000,2.222315
135,11.107814,3.606717,2.094790,1.899136,-2.100000,-0.200864
136,11.293348,35.598195,2.124120,5.966422,-3.500000,2.466422
137,11.213611,0.688433,2.114388,0.829719,0.000000,0.829719
138,11.143272,1.788140,2.108588,1.337213,-1.200000,0.137213
139,11.062670,0.262050,2.096761,0.511908,0.000000,0.511908
140,10.985279,0.537451,2.086734,0.733110,-0.200000,0.533110
141,10.910158,0.693705,2.077582,0.832889,-0.660000,0.172889
142,10.834014,0.402319,2.067123,0.634286,-0.220000,0.414286
143,10.762787,0.933426,2.059203,0.966140,0.440000,-0.526140
144,10.686154,0.034200,2.045815,0.184931,0.640000,0.824931
145,10.611858,0.210419,2.034559,0.458714,-0.200000,0.258714
146,10.545623,1.206455,2.027966,1.098387,0.900000,1.998387
147,10.480054,1.169192,2.021346,1.081292,-1.120000,-0.038708
148,10.407654,0.054573,2.008931,0.233608,-0.440000,-0.206392
149,10.335878,0.000000,1.995081,0.000614,-0.220000,-0.220614
150,10.265106,0.003304,1.981810,0.057481,-0.220000,-0.162519
151,10.195359,0.012180,1.969079,0.110363,0.000000,0.110363
152,10.126533,0.009197,1.956422,0.095899,-0.220000,-0.124101
153,10.058819,0.037172,1.944586,0.192800,0.000000,-0.192800
154,10.018187,3.963975,1.944895,1.990973,1.320000,-0.670973
155,9.951855,0.002088,1.932317,0.045698,0.000000,0.045698
156,9.894991,1.308489,1.927130,1.143892,1.400000,0.256108
157,9.850206,3.042857,1.925936,1.744379,-1.400000,0.344379
158,9.787916,0.257613,1.916726,0.507556,-0.660000,-0.152444
159,9.726059,0.200009,1.907245,0.447224,0.000000,0.447224
160,9.667259,0.553299,1.899787,0.743841,-0.220000,0.523841
161,9.616289,1.664913,1.895905,1.290315,-0.660000,0.630315
162,9.557161,0.274023,1.887219,0.523472,-0.220000,0.303472
163,9.500775,0.591845,1.880188,0.769314,0.220000,0.989314
164,9.452151,1.720989,1.876636,1.311865,1.740000,0.428135
165,9.394673,0.198080,1.867744,0.445061,1.500000,1.054939
166,9.358532,3.539946,1.867829,1.881474,-1.700000,0.181474
167,9.301361,0.039573,1.857591,0.198931,0.000000,-0.198931
168,9.244723,0.012809,1.846954,0.113176,-0.220000,-0.106824
169,9.188703,0.001434,1.835990,0.037868,-0.220000,-0.182132
170,9.134222,0.144850,1.827222,0.380592,-0.440000,-0.059408
171,9.082004,0.413733,1.820132,0.643221,-0.660000,-0.016779
172,9.030047,0.353339,1.812837,0.594424,0.000000,-0.594424
173,9.037526,10.293956,1.821094,3.208420,2.140000,-1.068420
174,8.984614,0.042521,1.811595,0.206207,0.000000,-0.206207
175,8.932302,0.039131,1.802158,0.197815,-0.400000,-0.597815
176,8.880435,0.011295,1.792298,0.106279,0.000000,0.106279
177,8.833548,0.768963,1.787007,0.876905,-0.420000,-1.296905
178,8.792009,1.605795,1.784019,1.267200,0.220000,-1.047200
179,8.760904,3.348595,1.784282,1.829917,1.100000,-0.729917
180,8.711316,0.033446,1.775183,0.182882,-0.500000,-0.317118
181,8.667534,0.961837,1.770694,0.980733,-1.040000,-0.059267
182,8.622623,0.673340,1.765357,0.820573,-0.440000,0.380573
183,8.575658,0.215896,1.758090,0.464646,0.220000,-0.244646
184,8.528356,0.061280,1.749698,0.247549,0.660000,0.412451
185,8.486917,1.027909,1.745633,1.013859,-0.660000,0.353859
186,8.440444,0.028914,1.736976,0.170042,0.220000,0.390042
187,8.399235,0.899166,1.732666,0.948243,-0.660000,0.288243
188,8.353772,0.034128,1.724253,0.184737,0.000000,0.184737
189,8.311637,0.558678,1.718973,0.747448,0.660000,-0.087448
190,8.269265,0.430494,1.713259,0.656120,0.000000,0.656120
191,8.226457,0.264076,1.706845,0.513883,-0.440000,0.073883
192,8.182998,0.056309,1.699028,0.237295,-0.220000,-0.457295
193,8.139840,0.025976,1.690891,0.161171,-0.220000,-0.058829
194,8.097049,0.009688,1.682510,0.098429,-0.220000,-0.318429
195,8.055229,0.109380,1.675433,0.330726,0.000000,0.330726
196,8.013306,0.006018,1.667110,0.077579,0.000000,0.077579
197,7.974370,0.498751,1.662132,0.706223,0.220000,-0.486223
198,7.934894,0.316000,1.656462,0.562138,-0.220000,-0.782138
199,7.895311,0.216070,1.650351,0.464834,-0.440000,-0.904834
200,7.856126,0.215081,1.644297,0.463768,0.000000,-0.463768
201,7.817993,0.343878,1.638927,0.586411,0.000000,-0.586411
202,7.778580,0.014359,1.631255,0.119829,-0.210000,-0.329829
203,7.740321,0.164955,1.625098,0.406147,-0.210000,0.196147
204,7.702054,0.087021,1.618448,0.294994,0.000000,0.294994
205,7.664209,0.095185,1.611931,0.308521,-0.200000,0.108521
206,7.626343,0.015132,1.604560,0.123012,0.200000,0.076988
207,7.589548,0.157109,1.598608,0.396370,0.210000,-0.186370
208,7.552362,0.003581,1.591065,0.059839,-0.210000,-0.269839
209,7.515991,0.096208,1.584817,0.310174,-0.200000,0.110174
210,7.480791,0.264962,1.579622,0.514744,0.000000,-0.514744
211,7.444791,0.028704,1.572810,0.169424,-0.200000,-0.369424
212,7.409215,0.044973,1.566268,0.212069,0.000000,0.212069
213,7.373806,0.008765,1.559222,0.093620,0.000000,-0.093620
214,7.339502,0.169892,1.553759,0.412180,0.400000,-0.012180
215,7.305380,0.139883,1.548168,0.374009,-0.200000,0.174009
216,7.271791,0.184471,1.542892,0.429501,0.200000,-0.229501
217,7.237828,0.037636,1.536559,0.194000,-0.400000,-0.594000
218,7.207415,0.729485,1.533370,0.854099,0.200000,-0.654099
219,7.175525,0.351115,1.528994,0.592550,0.000000,-0.592550
220,7.147205,1.058270,1.526678,1.028722,0.410000,-0.618722
221,7.117148,0.624907,1.523285,0.790511,0.430000,-0.360511
222,7.085033,0.116092,1.517861,0.340722,-0.640000,-0.299278
223,7.054820,0.468294,1.514054,0.684320,0.210000,-0.474320
224,7.024219,0.322609,1.509754,0.567987,0.000000,-0.567987
225,6.993073,0.140986,1.504622,0.375481,0.000000,-0.375481
226,6.961921,0.077357,1.499097,0.278132,0.000000,-0.278132
227,6.932337,0.364592,1.495082,0.603815,0.430000,-0.173815
228,6.906264,1.092077,1.493073,1.045025,0.880000,-0.165025
229,6.875580,0.002350,1.486653,0.048480,0.000000,-0.048480
230,6.845188,0.006890,1.480442,0.083006,0.000000,0.083006
231,6.815373,0.077349,1.475145,0.278116,0.220000,-0.058116
232,6.786965,0.338193,1.471226,0.581544,-0.660000,-0.078456
233,6.760813,0.798260,1.468703,0.893454,0.440000,-0.453454
234,6.731704,0.065749,1.463432,0.256415,-0.440000,-0.183585
235,6.705846,0.758466,1.460867,0.870900,-1.080000,-0.209100
236,6.686728,2.270576,1.461065,1.506843,1.300000,-0.206843
237,6.660498,0.574972,1.458049,0.758269,0.660000,-0.098269
238,6.638310,1.468499,1.456997,1.211816,-1.320000,-0.108184
239,6.610084,0.005259,1.451105,0.072521,-0.220000,-0.147479
240,6.582373,0.070312,1.446080,0.265163,-0.420000,-0.154837
241,6.555365,0.181389,1.441775,0.425897,0.000000,-0.425897
242,6.528377,0.132359,1.437246,0.363812,-0.200000,0.163812
243,6.501115,0.012818,1.431706,0.113217,0.000000,0.113217
244,6.474096,0.016363,1.426274,0.127917,0.200000,0.072083
245,6.447542,0.074725,1.421490,0.273360,0.000000,0.273360
246,6.420916,0.003967,1.415876,0.062987,0.000000,0.062987
247,6.394495,0.000523,1.410144,0.022878,-0.200000,-0.222878
248,6.370710,0.591147,1.407516,0.768861,-0.200000,0.568861
249,6.344768,0.014837,1.402268,0.121809,0.000000,-0.121809
250,6.320764,0.439767,1.399263,0.663149,-0.200000,0.463149
251,6.295379,0.050643,1.394509,0.225040,0.200000,-0.025040
252,6.270504,0.126319,1.390319,0.355414,0.200000,-0.155414
253,6.245368,0.011636,1.385169,0.107869,-0.200000,-0.307869
254,6.220697,0.077816,1.380744,0.278955,0.200000,-0.078955
255,6.196840,0.232520,1.377164,0.482203,0.410000,-0.072203
256,6.172812,0.141842,1.373194,0.376620,-0.410000,-0.033380
257,6.148418,0.000997,1.367891,0.031579,0.000000,0.031579
258,6.124307,0.024198,1.363118,0.155557,-0.200000,-0.044443
259,6.100297,0.001761,1.357937,0.041960,-0.200000,-0.158040
260,6.076479,0.003078,1.352849,0.055477,0.000000,0.055477
261,6.053135,0.077003,1.348665,0.277494,-0.200000,0.077494
262,6.032484,0.725253,1.346739,0.851618,0.600000,-0.251618
263,6.009198,0.001168,1.341671,0.034179,-0.200000,-0.234179
264,5.986491,0.105593,1.337760,0.324951,0.000000,-0.324951
265,5.963676,0.031630,1.333316,0.177849,-0.600000,-0.422151
266,5.941461,0.143299,1.329672,0.378549,-0.790000,-0.411451
267,5.924980,1.607052,1.329436,1.267695,0.990000,-0.277695
268,5.922779,5.343929,1.333157,2.311694,1.880000,-0.431694
269,5.901294,0.229361,1.329934,0.478917,-1.280000,-0.801083
270,5.879403,0.078227,1.325985,0.279691,-0.600000,-0.320309
271,5.858014,0.168515,1.322557,0.410506,-0.400000,0.010506
272,5.836251,0.025614,1.318219,0.160044,-0.200000,-0.360044
273,5.820181,1.513251,1.317891,1.230143,1.820000,0.589857
274,5.807683,2.445758,1.318803,1.563892,2.180000,0.616108
275,5.790287,1.093355,1.317795,1.045636,-0.860000,0.185636
276,5.783642,3.982816,1.320287,1.995699,-1.530000,0.465699
277,5.765423,0.809825,1.318747,0.899903,1.090000,0.190097
278,5.751800,2.032938,1.319138,1.425811,1.300000,-0.125811
279,5.741232,2.845609,1.320475,1.686893,-1.520000,0.166893
280,5.721316,0.244224,1.317481,0.494190,0.440000,0.934190
281,5.703655,0.829145,1.316012,0.910574,-0.660000,0.250574
282,5.683161,0.006558,1.311570,0.080980,-0.220000,-0.300980
283,5.663767,0.272263,1.308739,0.521788,-0.430000,0.091788
284,5.644219,0.190321,1.305623,0.436258,-0.610000,-0.173742
285,5.624165,0.008910,1.301312,0.094393,0.000000,0.094393
286,5.605628,0.396797,1.298932,0.629918,0.610000,-0.019918
287,5.586109,0.081813,1.295352,0.286029,-0.210000,0.076029
288,5.567947,0.427881,1.293095,0.654126,0.000000,-0.654126
289,5.567164,5.344867,1.296669,2.311897,-2.160000,0.151897
290,5.547712,0.003803,1.292351,0.061672,0.000000,0.061672
291,5.562377,9.756820,1.298732,3.123591,3.240000,0.116409
292,5.543309,0.070645,1.295145,0.265791,-0.220000,-0.485791
293,5.524128,0.000003,1.290670,0.001791,0.220000,0.218209
294,5.510491,1.569433,1.290539,1.252770,-1.080000,0.172770
295,5.491626,0.020615,1.286598,0.143579,-0.400000,-0.256421
296,5.476446,1.059115,1.285716,1.029133,-1.200000,-0.170867
297,5.458386,0.184886,1.282796,0.429984,1.000000,0.570016
298,5.440226,0.119357,1.279607,0.345481,0.000000,0.345481
299,5.424068,0.673748,1.278052,0.820822,0.600000,-0.220822
300,5.409374,1.074458,1.277236,1.036561,0.210000,-0.826561
301,5.394200,0.902676,1.276135,0.950093,-0.210000,-1.160093
302,5.376285,0.055648,1.272644,0.235897,-0.200000,0.035897
303,5.364165,1.752436,1.272815,1.323796,-1.590000,-0.266204
304,5.362499,4.864202,1.275924,2.205494,-0.890000,1.315494
305,5.346286,0.482578,1.273993,0.694678,-0.340000,0.354678
306,5.328974,0.118089,1.270912,0.343641,0.680000,0.336359
307,5.317489,1.848811,1.271205,1.359710,0.940000,-0.419710
308,5.306219,1.891666,1.271548,1.375379,1.000000,-0.375379
309,5.289449,0.191290,1.268813,0.437367,0.400000,-0.037367
310,5.272332,0.051600,1.265409,0.227157,0.000000,-0.227157
311,5.255375,0.066449,1.262127,0.257777,0.210000,-0.047777
312,5.238464,0.046891,1.258732,0.216543,0.210000,-0.006543
313,5.224070,0.790688,1.257536,0.889206,-0.820000,0.069206
314,5.208017,0.247519,1.255085,0.497513,0.200000,-0.297513
315,5.191440,0.052552,1.251786,0.229242,0.000000,-0.229242
316,5.179648,1.512502,1.251716,1.229838,0.840000,-0.389838
317,5.163459,0.112385,1.248788,0.335238,0.220000,-0.115238
318,5.147081,0.020908,1.245271,0.144595,0.000000,0.144595
319,5.130753,0.003741,1.241512,0.061161,-0.220000,-0.281161
320,5.114721,0.064675,1.238388,0.254313,-0.430000,-0.175687
321,5.101236,0.840028,1.237373,0.916530,-0.610000,0.306530
322,5.085344,0.047529,1.234167,0.218012,-0.200000,0.018012
323,5.069441,0.012279,1.230646,0.110809,0.000000,-0.110809
324,5.055848,0.719631,1.229451,0.848311,0.200000,-0.648311
325,5.040519,0.135321,1.226767,0.367860,-0.400000,-0.767860
326,5.026916,0.660191,1.225480,0.812521,-0.200000,-1.012521
327,5.012969,0.522172,1.223923,0.722615,0.200000,-0.522615
328,4.998073,0.186466,1.221479,0.431817,0.400000,-0.031817
329,4.982778,0.027387,1.218229,0.165489,0.200000,0.034511
330,4.967527,0.011006,1.214814,0.104907,-0.200000,-0.095093
331,4.952388,0.017008,1.211498,0.130415,-0.200000,-0.069585
332,4.938860,0.515328,1.209993,0.717863,0.200000,-0.517863
333,4.924856,0.331484,1.208065,0.575747,0.400000,-0.175747
334,4.910747,0.268886,1.205976,0.518542,-0.400000,0.118542
335,4.896059,0.048981,1.203001,0.221316,0.400000,0.178684
336,4.881336,0.008026,1.199647,0.089589,-0.200000,-0.110411
337,4.866698,0.006714,1.196291,0.081936,-0.200000,-0.118064
338,4.852233,0.035557,1.193274,0.188565,-0.200000,-0.011435
339,4.837756,0.002439,1.189859,0.049389,-0.200000,-0.249389
340,4.823511,0.051339,1.186992,0.226581,0.000000,-0.226581
341,4.815320,2.063132,1.187732,1.436361,1.220000,-0.216361
342,4.842941,14.151248,1.195348,3.761814,3.680000,-0.081814
343,4.830292,0.554788,1.194019,0.744841,-0.800000,-0.055159
344,4.883516,22.926765,1.204590,4.788190,-4.100000,0.688190
345,4.887072,6.095888,1.208298,2.468985,-1.360000,1.108985
346,4.873235,0.154801,1.205915,0.393447,0.760000,0.366553
347,4.861399,0.813663,1.205029,0.902033,1.400000,0.497967
348,4.847338,0.024403,1.201980,0.156216,0.420000,0.576216
349,4.833449,0.055626,1.199180,0.235851,0.000000,-0.235851
350,4.820122,0.222155,1.197077,0.471333,-0.210000,-0.681333
351,4.806946,0.247965,1.195062,0.497961,-0.210000,-0.707961
352,4.793326,0.067513,1.192374,0.259832,0.000000,0.259832
353,4.781450,0.648513,1.191265,0.805303,-0.200000,0.605303
354,4.772432,1.625212,1.191504,1.274838,-0.200000,1.074838
355,4.758893,0.019971,1.188512,0.141318,-0.200000,-0.058682
356,4.747684,0.813363,1.187698,0.901866,-0.200000,-1.101866
357,4.738433,1.482080,1.187782,1.217407,0.000000,-1.217407
358,4.725131,0.029656,1.184913,0.172210,-0.400000,-0.572210
359,4.733192,7.586611,1.189334,2.754380,2.720000,-0.034380
360,4.993945,97.561266,1.213738,9.877311,7.480000,-2.397311
361,5.016685,13.112187,1.220482,3.621075,5.000000,1.378925
362,5.175629,61.918580,1.239053,7.868836,-5.900000,1.968836
363,5.163040,0.656424,1.237858,0.810200,1.300000,0.489800
364,5.260053,40.087495,1.252007,6.331469,6.100000,-0.231469
365,5.257160,4.215785,1.254226,2.053238,-2.900000,-0.846762
366,5.309083,24.053418,1.264310,4.904428,-5.600000,-0.695572
367,5.294696,0.086424,1.261637,0.293980,-2.000000,-1.706020
368,5.290077,3.613403,1.263393,1.900895,-0.900000,-2.800895
369,5.298737,8.450947,1.267896,2.907051,-0.600000,-3.507051
370,5.284291,0.011382,1.264723,0.106688,-0.200000,-0.306688
371,5.272694,1.028206,1.264040,1.014005,-1.120000,-0.105995
372,5.262550,1.539792,1.263977,1.240884,-0.660000,0.580884
373,5.257673,3.463125,1.265595,1.860947,1.280000,-0.580947
374,5.243943,0.177402,1.263313,0.421191,-0.200000,0.221191
375,5.230319,0.189361,1.261081,0.435156,-0.200000,0.235156
376,5.233876,6.553771,1.264573,2.560033,-0.440000,2.120033
377,5.236558,6.234252,1.267876,2.496848,-0.660000,1.836848
378,5.224222,0.622689,1.266596,0.789107,-0.220000,0.569107
379,5.210318,0.010227,1.263488,0.101127,-0.220000,-0.321127
380,5.196547,0.032424,1.260607,0.180065,-0.650000,-0.469935
381,5.182765,0.000853,1.257340,0.029211,-0.410000,-0.439211
382,5.169686,0.238967,1.255307,0.488843,0.000000,-0.488843
383,5.158385,0.886440,1.254479,0.941510,0.200000,-0.741510
384,5.147530,1.033665,1.253854,1.016693,0.640000,-0.376693
385,5.134316,0.112817,1.251444,0.335882,0.220000,-0.115882
386,5.129375,3.246943,1.252885,1.801928,-2.000000,-0.198072
387,5.118073,0.800576,1.251950,0.894749,-1.200000,-0.305251
388,5.116054,4.343048,1.254117,2.083998,1.740000,-0.343998
389,5.104532,0.679959,1.253001,0.824596,0.810000,-0.014596
390,5.091351,0.016506,1.250088,0.128475,0.000000,-0.128475
391,5.078203,0.003201,1.247004,0.056577,0.000000,-0.056577
392,5.065210,0.036774,1.244284,0.191766,0.000000,-0.191766
393,5.052193,0.001647,1.241190,0.040587,-0.210000,-0.169413
394,5.039269,0.012021,1.238289,0.109640,0.000000,0.109640
395,5.026705,0.126609,1.236032,0.355822,0.000000,0.355822
396,5.013882,0.000147,1.232909,0.012122,0.000000,-0.012122
397,5.001916,0.311357,1.231192,0.557994,-0.800000,-0.242006
398,4.989238,0.006601,1.228274,0.081246,-0.400000,-0.318754
399,4.977888,0.506149,1.226965,0.711442,0.400000,-0.311442
400,4.968132,1.114598,1.226533,1.055745,1.010000,-0.045745
401,4.955701,0.032917,1.223900,0.181431,0.000000,-0.181431
402,4.943854,0.240552,1.222057,0.490461,-0.810000,-0.319539
403,4.932148,0.273225,1.220305,0.522709,-0.200000,-0.722709
404,4.921168,0.539925,1.219091,0.734796,0.000000,-0.734796
405,4.916481,3.041702,1.220400,1.744048,1.220000,-0.524048
406,4.904260,0.003914,1.217520,0.062560,0.440000,0.502560
407,4.897888,2.336006,1.218291,1.528400,0.000000,1.528400
408,4.894648,3.588996,1.219965,1.894465,-0.220000,1.674465
409,4.884825,0.916623,1.219317,0.957404,0.220000,1.177404
410,4.874646,0.751949,1.218449,0.867150,0.660000,-0.207150
411,4.863389,0.293075,1.216786,0.541364,0.440000,-0.101364
412,4.851511,0.017062,1.214123,0.130621,0.220000,0.089379
413,4.839760,0.045500,1.211676,0.213307,0.000000,-0.213307
414,4.827987,0.012681,1.208996,0.112611,0.000000,-0.112611
415,4.816249,0.003892,1.206206,0.062389,-0.220000,-0.157611
416,4.804569,0.003892,1.203430,0.062382,-0.220000,-0.282382
417,4.792943,0.003121,1.200651,0.055866,-0.440000,-0.384134
418,4.781526,0.066231,1.198373,0.257353,-0.220000,-0.477353
419,4.770173,0.070145,1.196123,0.264849,-0.220000,-0.484849
420,4.758882,0.072881,1.193897,0.269964,0.000000,-0.269964
421,4.747492,0.009446,1.191267,0.097192,-0.220000,-0.122808
422,4.736250,0.048498,1.188944,0.220222,0.000000,-0.220222
423,4.725124,0.074287,1.186757,0.272556,0.000000,0.272556
424,4.714190,0.132975,1.184799,0.364657,0.440000,0.075343
425,4.702993,0.000045,1.182001,0.006722,0.000000,-0.006722
426,4.692166,0.133882,1.180067,0.365899,-0.440000,-0.074101
427,4.681182,0.045958,1.177784,0.214377,0.220000,0.005623
428,4.670644,0.213136,1.176095,0.461666,0.440000,-0.021666
429,4.660161,0.215290,1.174420,0.463994,0.660000,0.196006
430,4.650301,0.459847,1.173255,0.678120,0.440000,-0.238120
431,4.647393,3.408556,1.174831,1.846227,1.700000,-0.146227
432,4.645786,3.959702,1.176735,1.989900,2.900000,0.910100
433,4.639051,1.756561,1.177081,1.325353,2.800000,1.474647
434,4.628372,0.047025,1.174848,0.216852,1.900000,1.683148
435,4.630369,5.488902,1.177558,2.342840,-0.800000,1.542840
436,4.680244,26.176550,1.186676,5.116302,-3.900000,1.216302
437,4.677972,3.696625,1.188376,1.922661,-2.300000,-0.377339
438,4.670892,1.604947,1.188556,1.266865,-1.400000,-0.133135
439,4.668311,3.548369,1.190154,1.883711,-2.220000,-0.336289
440,4.659019,0.616889,1.189226,0.785423,-0.220000,-1.005423
441,4.652145,1.655267,1.189449,1.286572,0.220000,-1.066572
442,4.641823,0.130872,1.187559,0.361762,-1.080000,-0.718238
443,4.631269,0.008650,1.185066,0.093007,-0.400000,-0.493007
444,4.621043,0.132097,1.183199,0.363451,0.200000,0.563451
445,4.610739,0.076822,1.181144,0.277168,0.410000,0.132832
446,4.601511,0.532045,1.180122,0.729414,0.430000,1.159414
447,4.591937,0.360269,1.178813,0.600224,0.000000,0.600224
448,4.583875,1.012029,1.178424,1.005996,-1.040000,-0.034004
449,4.573641,0.029996,1.176165,0.173192,0.400000,0.573192
450,4.564940,0.692820,1.175394,0.832358,-0.400000,0.432358
451,4.554728,0.000534,1.172816,0.023110,0.000000,0.023110
452,4.544969,0.182546,1.171152,0.427254,0.200000,0.627254
453,4.535054,0.092862,1.169222,0.304733,0.410000,0.105267
454,4.527501,1.136362,1.168993,1.066003,1.090000,0.023997
455,4.519764,1.037974,1.168660,1.018810,1.100000,0.081190
456,4.551449,18.841662,1.175678,4.340698,4.300000,-0.040698
457,4.590324,22.161718,1.183475,4.707623,4.600000,-0.107623
458,4.642105,28.098764,1.192544,5.300827,6.400000,1.099173
459,4.667847,16.355017,1.198811,4.044134,6.300000,2.255866
460,5.016412,163.613332,1.224233,12.791143,-9.500000,3.291143
461,5.024225,8.586962,1.227966,2.930352,2.100000,-0.830352
462,5.468318,208.418877,1.256806,14.436720,15.100000,0.663280
463,5.745281,132.594110,1.279155,11.514952,10.900000,-0.614952
464,5.751965,8.820228,1.282830,2.969887,-3.900000,-0.930113
465,5.870027,60.178460,1.296875,7.757478,-11.000000,-3.242522
466,5.870564,6.117946,1.299422,2.473448,-4.400000,-1.926552
467,5.859045,0.537179,1.298198,0.732925,0.700000,1.432925
468,5.871306,11.548353,1.302724,3.398287,0.000000,3.398287
469,5.920731,28.853827,1.311475,5.371576,-6.300000,-0.928424
470,5.926522,8.619602,1.314961,2.935916,-3.700000,-0.764084
471,5.918730,2.287374,1.315383,1.512407,-4.200000,-2.687593
472,5.930982,11.652837,1.319867,3.413625,-4.600000,-1.186375
473,5.922629,2.013222,1.320078,1.418880,0.600000,2.018880
474,5.971662,28.968144,1.328721,5.382206,-0.300000,5.082206
475,5.983991,11.778617,1.333186,3.431999,-0.500000,2.931999
476,5.977350,2.849480,1.333938,1.688040,-0.900000,0.788040
477,5.965107,0.186603,1.332031,0.431975,0.300000,-0.131975
478,5.952972,0.213050,1.330195,0.461574,1.100000,0.638426
479,5.944973,2.153354,1.330484,1.467431,0.000000,1.467431
480,5.933796,0.624925,1.329349,0.790522,-0.500000,0.290522
481,5.922703,0.642540,1.328243,0.801586,-0.900000,-0.098414
482,5.912491,1.041089,1.327599,1.020338,0.000000,1.020338
483,5.900743,0.285140,1.325942,0.533985,-0.800000,-0.266015
484,5.888750,0.144203,1.323971,0.379741,-0.700000,-0.320259
485,5.876524,0.008032,1.321405,0.089624,0.000000,0.089624
486,5.865407,0.518130,1.320156,0.719812,-0.420000,0.299812
487,5.853387,0.059682,1.317929,0.244299,-0.220000,0.024299
488,5.842023,0.353210,1.316434,0.594315,0.840000,0.245685
489,5.831566,0.770379,1.315529,0.877712,1.300000,0.422288
490,5.826976,3.600880,1.316727,1.897599,2.300000,0.402401
491,5.815841,0.404072,1.315328,0.635667,0.000000,0.635667
492,5.809193,2.571768,1.315919,1.603673,-1.400000,0.203673
493,5.797477,0.079884,1.313806,0.282637,-0.600000,-0.317363
494,5.785831,0.091174,1.311741,0.301951,0.300000,-0.001951
495,5.775334,0.631884,1.310689,0.794912,0.800000,0.005088
496,5.764690,0.538600,1.309516,0.733894,0.300000,-0.433894
497,5.753089,0.045312,1.307292,0.212866,-0.300000,-0.512866
498,5.741491,0.023390,1.304955,0.152939,-0.300000,-0.452939
499,5.730767,0.433201,1.303649,0.658180,-0.800000,-0.141820
500,5.723719,2.235094,1.304034,1.495023,1.400000,-0.095023
501,5.714896,1.338461,1.303738,1.156919,-0.800000,0.356919
502,5.704383,0.479516,1.302511,0.692471,-0.600000,0.092471
503,5.693141,0.094899,1.300518,0.308058,-0.300000,0.008058
504,5.683666,0.955239,1.299872,0.977363,-1.100000,-0.122637
505,5.672438,0.058415,1.297760,0.241691,-0.400000,-0.158309
506,5.661147,0.004389,1.295306,0.066249,-0.200000,-0.133751
507,5.650023,0.065917,1.293242,0.256743,-0.220000,0.036743
508,5.638862,0.025066,1.290990,0.158322,0.000000,-0.158322
509,5.627789,0.046918,1.288862,0.216605,0.220000,0.003395
510,5.618906,1.132733,1.288419,1.064300,0.900000,-0.164300
511,5.608047,0.113503,1.286542,0.336902,0.200000,-0.136902
512,5.597082,0.038092,1.284393,0.195171,-0.200000,-0.395171
513,5.586674,0.299319,1.282945,0.547100,0.000000,-0.547100
514,5.576320,0.305858,1.281514,0.553044,-0.700000,-0.146956
515,5.565510,0.052837,1.279456,0.229862,-0.640000,-0.410138
516,5.554716,0.038775,1.277341,0.196914,-0.220000,-0.023086
517,5.543893,0.002352,1.274946,0.048497,-0.220000,-0.171503
518,5.533108,0.000434,1.272506,0.020832,-0.220000,-0.199168
519,5.522445,0.041661,1.270431,0.204111,-0.220000,-0.015889
520,5.512021,0.144010,1.268705,0.379486,0.660000,0.280514
521,5.502606,0.644129,1.267803,0.802576,1.560000,0.757424
522,5.492683,0.362713,1.266518,0.602257,1.100000,0.497743
523,5.484322,1.153175,1.266147,1.073860,0.800000,-0.273860
524,5.474600,0.428978,1.264972,0.654964,-0.800000,-0.145036
525,5.464272,0.093497,1.263131,0.305773,-0.600000,-0.294227
526,5.454061,0.134162,1.261413,0.366281,0.300000,-0.066281
527,5.443993,0.188345,1.259831,0.433987,0.600000,0.166013
528,5.434137,0.279523,1.258435,0.528699,0.500000,-0.028699
529,5.423991,0.107424,1.256663,0.327755,-0.800000,-0.472245
530,5.413787,0.056702,1.254726,0.238121,-0.300000,-0.538121
531,5.403553,0.020653,1.252618,0.143712,-0.300000,-0.156288
532,5.393379,0.031506,1.250582,0.177501,0.000000,0.177501
533,5.383269,0.045188,1.248620,0.212574,0.000000,0.212574
534,5.373182,0.037434,1.246629,0.193478,0.000000,-0.193478
535,5.363069,0.003236,1.244388,0.056882,0.000000,-0.056882
536,5.352989,0.000454,1.242089,0.021296,-0.300000,-0.278704
537,5.343042,0.051371,1.240184,0.226652,-0.200000,0.026652
538,5.333321,0.151696,1.238591,0.389482,-0.500000,-0.110518
539,5.323574,0.118909,1.236920,0.344832,-0.200000,0.144832
540,5.313651,0.004619,1.234739,0.067966,-0.200000,-0.132034
541,5.303756,0.000092,1.232458,0.009578,0.000000,-0.009578
542,5.293904,0.003339,1.230275,0.057786,0.000000,-0.057786
543,5.284118,0.019634,1.228252,0.140122,0.000000,-0.140122
544,5.274355,0.011938,1.226180,0.109261,-0.220000,-0.110739
545,5.264613,0.003640,1.224025,0.060332,-0.220000,-0.159668
546,5.255045,0.078818,1.222284,0.280746,-0.220000,0.060746
547,5.245496,0.069963,1.220521,0.264504,-0.220000,0.044504
548,5.235868,0.008051,1.218442,0.089726,0.000000,0.089726
549,5.226533,0.148080,1.216912,0.384812,-0.220000,0.164812
550,5.218059,0.599638,1.216102,0.774363,-0.220000,0.554363
551,5.208663,0.078517,1.214391,0.280208,0.000000,0.280208
552,5.201131,1.081301,1.214072,1.039856,-0.440000,0.599856
553,5.191659,0.000872,1.211915,0.029525,0.000000,-0.029525
554,5.182220,0.000220,1.209738,0.014848,0.000000,-0.014848
555,5.172822,0.003788,1.207654,0.061547,0.000000,-0.061547
556,5.163469,0.009955,1.205647,0.099774,0.000000,-0.099774
557,5.154136,0.002698,1.203561,0.051938,0.000000,-0.051938
558,5.144858,0.014246,1.201604,0.119356,0.000000,0.119356
559,5.135699,0.061626,1.199886,0.248246,0.000000,0.248246
560,5.126554,0.050709,1.198133,0.225186,0.000000,0.225186
561,5.117869,0.288883,1.196947,0.537478,-0.220000,0.317478
562,5.109452,0.421457,1.195965,0.649197,-0.210000,0.439197
563,5.100370,0.032599,1.194149,0.180551,-0.210000,-0.029449
564,5.091748,0.271785,1.192948,0.521330,0.210000,-0.311330
565,5.082672,0.000522,1.190862,0.022842,0.000000,-0.022842
566,5.073680,0.028935,1.189045,0.170103,0.000000,-0.170103
567,5.064671,0.001750,1.187008,0.041828,-0.210000,-0.168172
568,5.055868,0.099551,1.185463,0.315517,0.210000,-0.105517
569,5.046929,0.005223,1.183492,0.072272,0.210000,0.137728
570,5.038089,0.043976,1.181772,0.209705,-0.210000,-0.000295
571,5.030442,0.702024,1.181165,0.837869,1.090000,0.252131
572,5.022070,0.275313,1.180010,0.524703,1.100000,0.575297
573,5.015232,1.131025,1.179805,1.063497,-1.320000,-0.256503
574,5.006557,0.070722,1.178202,0.265936,-0.440000,-0.174064
575,4.998083,0.167894,1.176856,0.409748,-0.220000,0.189748
576,4.989384,0.022106,1.175058,0.148682,0.000000,0.148682
577,4.981664,0.565878,1.174320,0.752248,0.000000,0.752248
578,4.973218,0.133732,1.172912,0.365693,0.000000,0.365693
579,4.964748,0.102959,1.171430,0.320873,0.440000,0.119127
580,4.957798,0.961414,1.171098,0.980517,-0.650000,0.330517
581,4.949207,0.001019,1.169124,0.031929,0.210000,0.241929
582,4.940710,0.037693,1.167437,0.194146,0.000000,-0.194146
583,4.933099,0.533932,1.166683,0.730706,-0.210000,0.520706
584,4.924631,0.021621,1.164925,0.147040,-0.210000,-0.062960
585,4.916159,0.002501,1.163006,0.050008,-0.200000,-0.149992
586,4.907728,0.009288,1.161173,0.096372,0.000000,-0.096372
587,4.899436,0.073312,1.159646,0.270763,0.000000,-0.270763
588,4.891077,0.018011,1.157890,0.134205,0.000000,-0.134205
589,4.882775,0.034153,1.156227,0.184804,0.000000,-0.184804
590,4.874455,0.007532,1.154402,0.086787,0.000000,0.086787
591,4.866659,0.297868,1.153365,0.545772,0.200000,-0.345772
592,4.858656,0.160962,1.152086,0.401201,0.210000,-0.191201
593,4.850709,0.177931,1.150846,0.421819,0.210000,-0.211819
594,4.842541,0.031919,1.149198,0.178658,-0.420000,-0.241342
595,4.834383,0.020728,1.147497,0.143971,0.000000,0.143971
596,4.826292,0.044677,1.145916,0.211370,0.000000,0.211370
597,4.818163,0.005578,1.144109,0.074684,0.000000,0.074684
598,4.810082,0.018596,1.142413,0.136368,0.210000,0.073632
599,4.802065,0.039394,1.140826,0.198479,-0.210000,-0.011521
600,4.794009,0.000835,1.138961,0.028903,-0.200000,-0.171097
601,4.785982,0.002190,1.137131,0.046798,0.000000,0.046798
602,4.778033,0.032079,1.135529,0.179107,0.000000,0.179107
603,4.770797,0.444203,1.134746,0.666485,0.620000,-0.046485
604,4.763775,0.557220,1.134099,0.746471,-0.620000,0.126471
605,4.756022,0.104551,1.132750,0.323344,0.000000,-0.323344
606,4.748122,0.000035,1.130878,0.005920,-0.200000,-0.194080
607,4.740399,0.090986,1.129503,0.301639,0.000000,-0.301639
608,4.732557,0.003946,1.127737,0.062814,0.000000,-0.062814
609,4.724763,0.016991,1.126089,0.130351,-0.200000,-0.069649
610,4.716966,0.000040,1.124241,0.006307,0.000000,-0.006307
611,4.709239,0.026571,1.122657,0.163005,0.000000,-0.163005
612,4.701495,0.001097,1.120865,0.033127,0.000000,-0.033127
613,4.693819,0.026468,1.119292,0.162690,0.000000,-0.162690
614,4.686184,0.036596,1.117770,0.191300,0.000000,0.191300
615,4.678616,0.061928,1.116348,0.248853,0.200000,-0.048853
616,4.671342,0.227221,1.115303,0.476677,0.000000,0.476677
617,4.663901,0.110020,1.114025,0.331693,0.000000,0.331693
618,4.656696,0.240081,1.113008,0.489981,-0.200000,0.289981
619,4.649232,0.066270,1.111617,0.257430,0.000000,0.257430
620,4.642260,0.354743,1.110780,0.595603,0.810000,0.214397
621,4.634743,0.003926,1.109081,0.062661,0.430000,0.492661
622,4.627697,0.280313,1.108143,0.529446,0.220000,-0.309446
623,4.621295,0.664762,1.107670,0.815329,0.440000,-0.375329
624,4.614585,0.461067,1.106979,0.679019,-0.880000,-0.200981
625,4.607292,0.085837,1.105668,0.292980,-0.210000,0.082980
626,4.599951,0.041114,1.104216,0.202766,-0.210000,-0.007234
627,4.592596,0.018131,1.102660,0.134652,-0.200000,-0.065348
628,4.588073,1.769919,1.103025,1.330383,1.060000,-0.270383
629,4.580734,0.001098,1.101313,0.033136,0.000000,-0.033136
630,4.573983,0.354971,1.100505,0.595795,0.220000,-0.375795
631,4.567172,0.303255,1.099629,0.550686,-0.870000,-0.319314
632,4.560086,0.117245,1.098423,0.342411,0.210000,-0.132411
633,4.553215,0.237855,1.097452,0.487704,0.000000,0.487704
634,4.546169,0.114297,1.096246,0.338078,0.660000,0.321922
635,4.542038,1.939857,1.096716,1.392788,1.320000,-0.072788
636,4.539242,2.774962,1.097617,1.665822,-1.980000,-0.314178
637,4.532489,0.264172,1.096695,0.513977,0.000000,-0.513977
638,4.525461,0.076925,1.095403,0.277353,-0.210000,0.067353
639,4.518335,0.000725,1.093720,0.026929,0.000000,-0.026929
640,4.511245,0.009215,1.092151,0.095992,0.000000,0.095992
641,4.505214,0.668947,1.091721,0.817892,-0.810000,0.007892
642,4.498534,0.243644,1.090783,0.493603,-0.600000,-0.106397
643,4.492000,0.323424,1.089966,0.568704,0.600000,0.031296
644,4.486827,1.181386,1.089961,1.086916,-0.800000,0.286916
645,4.480061,0.149686,1.088864,0.386892,0.000000,-0.386892
646,4.473104,0.013841,1.087352,0.117646,0.400000,0.517646
647,4.467359,0.778946,1.087033,0.882579,0.800000,-0.082579
648,4.461118,0.448301,1.086385,0.669553,-0.400000,0.269553
649,4.455623,0.916867,1.086185,0.957532,1.020000,0.062468
650,4.449181,0.293797,1.085343,0.542031,0.880000,0.337969
651,4.444176,1.211214,1.085366,1.100552,-0.660000,0.440552
652,4.440681,2.178824,1.085969,1.476084,-1.440000,0.036084
653,4.434160,0.208963,1.085000,0.457125,0.400000,-0.057125
654,4.428025,0.446045,1.084359,0.667866,-0.400000,0.267866
655,4.421275,0.034233,1.082977,0.185023,0.000000,-0.185023
656,4.441248,17.443585,1.087722,4.176552,4.100000,-0.076552
657,4.446705,8.004443,1.090389,2.829213,2.800000,-0.029213
658,4.447191,4.764419,1.092059,2.182755,-2.300000,-0.117245
659,4.445293,3.203938,1.093125,1.789955,-2.720000,-0.930045
660,4.438538,0.014182,1.091640,0.119088,0.000000,-0.119088
661,4.435346,2.341588,1.092307,1.530225,-0.870000,0.660225
662,4.434089,3.608082,1.093534,1.899495,-1.410000,0.489495
663,4.427539,0.117758,1.092395,0.343158,-0.590000,-0.246842
664,4.433510,8.368061,1.095123,2.892760,2.210000,-0.682760
665,4.452404,16.922703,1.099690,4.113721,3.380000,-0.733721
666,4.445980,0.200097,1.098704,0.447322,-1.620000,-1.172678
667,4.440405,0.749125,1.098353,0.865520,-1.540000,-0.674480
668,4.435185,0.974517,1.098185,0.987176,-0.840000,0.147176
669,4.434123,3.729254,1.099438,1.931128,-0.400000,1.531128
670,4.436818,6.228582,1.101534,2.495713,-1.560000,0.935713
671,4.432515,1.566657,1.101759,1.251662,1.360000,0.108338
672,4.425936,0.037727,1.100401,0.194234,0.000000,0.194234
673,4.419497,0.118728,1.099271,0.344569,0.000000,-0.344569
674,4.413065,0.109839,1.098125,0.331419,-0.400000,-0.068581
675,4.409651,2.122600,1.098660,1.456914,1.200000,-0.256914
676,4.403236,0.098316,1.097491,0.313554,0.860000,1.173554
677,4.397136,0.298360,1.096672,0.546224,0.000000,0.546224
678,4.390626,0.009242,1.095188,0.096134,0.220000,0.316134
679,4.384134,0.008198,1.093699,0.090545,0.000000,0.090545
680,4.378349,0.473701,1.093100,0.688259,0.880000,0.191741
681,4.371895,0.009083,1.091626,0.095302,0.220000,0.315302
682,4.366446,0.677703,1.091230,0.823227,-0.880000,-0.056773
683,4.360330,0.213412,1.090303,0.461966,-0.660000,-0.198034
684,4.354286,0.250226,1.089435,0.500226,-0.640000,-0.139774
685,4.347976,0.057022,1.088186,0.238793,-0.600000,-0.361207
686,4.341668,0.046004,1.086905,0.214485,0.000000,-0.214485
687,4.335454,0.098052,1.085772,0.313132,-0.200000,0.113132
688,4.329312,0.134034,1.084720,0.366106,0.000000,-0.366106
689,4.323326,0.228674,1.083835,0.478199,0.000000,-0.478199
690,4.327234,7.004222,1.086113,2.646549,2.320000,-0.326549
691,4.321015,0.054923,1.084873,0.234357,0.220000,0.454357
692,4.315133,0.274193,1.084057,0.523634,-0.660000,-0.136366
693,4.310047,0.810714,1.083791,0.900396,-0.870000,0.030396
694,4.303918,0.081537,1.082634,0.285547,-0.410000,-0.124453
695,4.297696,0.004266,1.081162,0.065313,0.410000,0.344687
696,4.291523,0.025986,1.079832,0.161200,0.210000,0.048800
697,4.285357,0.018178,1.078469,0.134827,0.220000,0.085173
698,4.279550,0.255269,1.077643,0.505241,-0.220000,-0.725241
699,4.273573,0.125632,1.076602,0.354446,-0.210000,0.144446
700,4.267443,0.007297,1.075178,0.085421,-0.210000,-0.124579
701,4.262879,1.086197,1.075131,1.042208,-1.000000,0.042208
702,4.258975,1.538157,1.075367,1.240225,1.210000,-0.030225
703,4.252908,0.018218,1.074022,0.134975,0.430000,0.564975
704,4.246833,0.000010,1.072492,0.003232,0.000000,-0.003232
705,4.241702,0.650074,1.072112,0.806272,0.880000,0.073728
706,4.239599,2.765555,1.072954,1.662996,-0.880000,0.782996
707,4.235058,1.047130,1.072883,1.023294,-1.040000,-0.016706
708,4.230501,1.027178,1.072799,1.013498,-0.600000,0.413498
709,4.225854,0.954322,1.072663,0.976894,-0.400000,0.576894
710,4.220016,0.103956,1.071600,0.322422,-0.200000,0.122422
711,4.214298,0.177258,1.070680,0.421021,-0.190000,0.231021
712,4.208347,0.001353,1.069220,0.036785,-0.190000,-0.153215
713,4.202668,0.182098,1.068314,0.426729,0.000000,-0.426729
714,4.196829,0.056488,1.067144,0.237672,-0.360000,-0.122328
715,4.191021,0.067291,1.066008,0.259406,-0.340000,-0.080594
716,4.185135,0.000387,1.064538,0.019671,-0.170000,-0.189671
717,4.179278,0.009486,1.063182,0.097394,0.000000,0.097394
718,4.173426,0.000444,1.061722,0.021070,0.000000,0.021070
719,4.167594,0.003531,1.060320,0.059423,0.000000,-0.059423
720,4.161789,0.011253,1.058988,0.106081,0.000000,0.106081
721,4.156002,0.012876,1.057669,0.113471,0.000000,0.113471
722,4.150288,0.053358,1.056517,0.230994,0.000000,0.230994
723,4.144750,0.168120,1.055618,0.410025,-0.170000,0.240025
724,4.139357,0.262047,1.054863,0.511906,0.680000,0.168094
725,4.133803,0.135137,1.053910,0.367609,0.360000,0.727609
726,4.128090,0.008814,1.052580,0.093882,-0.180000,-0.086118
727,4.122381,0.000623,1.051159,0.024956,0.000000,-0.024956
728,4.117050,0.262621,1.050415,0.512466,-0.520000,-0.007534
729,4.111400,0.020581,1.049164,0.143460,-0.170000,-0.026540
730,4.105761,0.017815,1.047903,0.133474,-0.170000,-0.303474
731,4.100143,0.021509,1.046663,0.146661,-0.170000,-0.316661
732,4.094791,0.203262,1.045845,0.450846,0.000000,-0.450846
733,4.089203,0.021357,1.044610,0.146139,0.000000,-0.146139
734,4.083602,0.000955,1.043222,0.030906,-0.170000,-0.200906
735,4.078016,0.000024,1.041801,0.004854,-0.320000,-0.324854
736,4.073090,0.472052,1.041317,0.687060,0.160000,-0.527060
737,4.067737,0.149094,1.040423,0.386127,0.000000,-0.386127
738,4.062466,0.199191,1.039613,0.446308,0.330000,-0.116308
739,4.060820,2.852597,1.040497,1.688963,1.400000,-0.288963
740,4.055402,0.073226,1.039451,0.270603,0.790000,0.519397
741,4.049942,0.031371,1.038281,0.177119,-0.200000,-0.022881
742,4.044526,0.053098,1.037186,0.230431,-0.590000,-0.359569
743,4.039200,0.108633,1.036229,0.329595,0.000000,-0.329595
744,4.034098,0.263093,1.035521,0.512926,-0.550000,-0.037074
745,4.028677,0.017390,1.034302,0.131872,-0.510000,-0.378128
746,4.023282,0.025655,1.033124,0.160171,-0.510000,-0.349829
747,4.018046,0.132917,1.032224,0.364577,-0.160000,-0.524577
748,4.013516,0.647758,1.031918,0.804834,0.500000,-0.304834
749,4.008145,0.011970,1.030680,0.109407,0.000000,-0.109407
750,4.002801,0.021694,1.029496,0.147288,-0.170000,-0.317288
751,3.998230,0.588327,1.029145,0.767025,0.340000,-0.427025
752,3.992914,0.021601,1.027965,0.146972,-0.340000,-0.193028
753,3.987586,0.002070,1.026654,0.045500,-0.330000,-0.375500
754,3.982317,0.036139,1.025538,0.190103,0.000000,-0.190103
755,3.977015,0.000664,1.024207,0.025776,0.000000,-0.025776
756,3.971738,0.008232,1.022966,0.090729,0.000000,-0.090729
757,3.966463,0.000027,1.021614,0.005221,0.000000,-0.005221
758,3.961203,0.000766,1.020296,0.027685,0.000000,0.027685
759,3.955971,0.010779,1.019082,0.103820,-0.160000,-0.056180
760,3.950740,0.000950,1.017775,0.030824,-0.150000,-0.119176
761,3.945521,0.000004,1.016433,0.002033,0.000000,0.002033
762,3.940464,0.112826,1.015535,0.335895,0.310000,-0.025895
763,3.935292,0.014635,1.014356,0.120975,0.000000,0.120975
764,3.930177,0.047923,1.013310,0.218914,-0.160000,0.058914
765,3.925013,0.000120,1.011993,0.010968,0.000000,0.010968
766,3.919886,0.018449,1.010843,0.135827,0.000000,0.135827
767,3.914883,0.102529,1.009938,0.320202,0.320000,-0.000202
768,3.913454,2.823472,1.010815,1.680319,1.760000,0.079681
769,3.917072,6.680784,1.012873,2.584721,-1.420000,1.164721
770,3.912186,0.174961,1.012096,0.418284,-0.500000,-0.081716
771,3.907181,0.072649,1.011128,0.269534,0.000000,0.269534
772,3.902274,0.138868,1.010297,0.372650,-0.160000,0.212650
773,3.897215,0.011672,1.009124,0.108038,-0.150000,-0.041962
774,3.892249,0.073875,1.008166,0.271799,0.000000,-0.271799
775,3.887280,0.060761,1.007178,0.246498,0.000000,-0.246498
776,3.884479,1.724986,1.007575,1.313387,0.980000,-0.333387
777,3.880541,0.840397,1.007457,0.916732,-0.670000,0.246732
778,3.876286,0.587261,1.007146,0.766329,0.330000,-0.436329
779,3.871506,0.171759,1.006381,0.414438,0.000000,0.414438
780,3.866828,0.241678,1.005718,0.491607,-0.640000,-0.148393
781,3.862839,0.766836,1.005550,0.875692,0.640000,-0.235692
782,3.862551,3.638984,1.006710,1.907612,1.790000,-0.117612
783,3.859461,1.455687,1.006966,1.206519,1.200000,-0.006519
784,3.854961,0.349580,1.006433,0.591253,0.200000,-0.391253
785,3.850105,0.062421,1.005464,0.249841,0.000000,-0.249841
786,3.845965,0.612506,1.005179,0.782627,0.640000,-0.142627
787,3.849456,6.579034,1.007172,2.564963,2.660000,0.095037
788,3.880600,28.266930,1.012668,5.316665,5.300000,-0.016665
789,3.888234,9.873088,1.015381,3.142147,-1.300000,1.842147
790,3.887361,3.201644,1.016366,1.789314,-2.300000,-0.510686
791,3.891305,6.991681,1.018434,2.644179,-2.600000,0.044179
792,3.888817,1.930835,1.018905,1.389545,-1.760000,-0.370455
793,3.887261,2.661168,1.019681,1.631309,-1.240000,0.391309
794,3.883007,0.526331,1.019309,0.725487,-0.800000,-0.074513
795,3.878689,0.467543,1.018885,0.683771,-0.760000,-0.076229
796,3.874796,0.795434,1.018724,0.891871,-0.180000,-1.071871
797,3.870105,0.154709,1.017936,0.393331,-0.170000,0.223331
798,3.865238,0.005516,1.016747,0.074269,0.000000,-0.074269
799,3.860842,0.371094,1.016234,0.609175,0.000000,0.609175
800,3.856436,0.353361,1.015705,0.594442,0.000000,0.594442
801,3.851602,0.003695,1.014506,0.060782,0.530000,0.590782
802,3.846864,0.071031,1.013569,0.266517,0.780000,1.046517
803,3.842330,0.223479,1.012892,0.472736,1.000000,0.527264
804,3.838385,0.686699,1.012662,0.828673,-0.400000,0.428673
805,3.835366,1.419903,1.012885,1.191597,-1.000000,0.191597
806,3.830584,0.000089,1.011634,0.009442,-0.190000,-0.180558
807,3.825838,0.019842,1.010550,0.140862,0.000000,-0.140862
808,3.832192,8.934392,1.013011,2.989045,2.870000,-0.119045
809,4.445576,497.606613,1.039463,22.307098,22.920000,0.612902
810,4.448461,6.770842,1.041402,2.602084,2.200000,-0.402084
811,4.551345,87.475915,1.051701,9.352856,-15.300000,-5.947144
812,4.574435,23.207716,1.056361,4.817439,-7.100000,-2.282561
813,4.591283,18.204988,1.060330,4.266730,4.800000,0.533270
814,4.821887,191.380314,1.076100,13.834027,16.800000,2.965973
815,5.017036,163.087185,1.090519,12.770559,12.400000,-0.370559
816,5.269406,209.941502,1.107020,14.489358,8.700000,-5.789358
817,5.865171,489.626768,1.132876,22.127512,-28.300000,-6.172488
818,6.011398,124.894242,1.145213,11.175609,-7.700000,-18.875609
819,6.130531,103.104168,1.156267,10.154022,-2.100000,8.054022
820,6.129242,5.078939,1.157612,2.253650,-0.300000,1.953650
821,6.123016,1.042511,1.157445,1.021034,-1.100000,-0.078966
822,6.165923,41.221117,1.163879,6.420367,1.400000,-5.020367
823,7.026370,710.871748,1.195012,26.662178,20.000000,-6.662178
824,7.055546,30.950634,1.200339,5.563329,1.600000,-3.963329
825,7.145618,81.005223,1.209840,9.000290,-8.100000,0.900290
826,7.137553,0.515653,1.209242,0.718090,-1.900000,-1.181910
827,7.154317,20.934245,1.213332,4.575396,2.600000,7.175396
828,7.152683,5.808130,1.214784,2.410006,-2.600000,-0.189994
829,7.155989,9.880230,1.217122,3.143283,3.300000,0.156717
830,7.174168,22.171968,1.221349,4.708712,-1.400000,3.308712
831,7.261980,79.794872,1.230673,8.932798,-7.400000,1.532798
832,7.279656,21.897680,1.234839,4.679496,-1.900000,2.779496
833,7.607706,279.232885,1.253506,16.710263,15.800000,-0.910263
834,7.598700,0.132526,1.252435,0.364041,0.800000,0.435959
835,7.589574,0.015275,1.251076,0.123593,-3.800000,-3.676407
836,7.734411,128.093754,1.263176,11.317851,-10.900000,0.417851
837,7.737575,10.370035,1.265525,3.220254,-4.000000,-0.779746
838,7.738999,8.925429,1.267590,2.987546,-2.100000,0.887546
839,7.730470,0.617080,1.267013,0.785544,-0.700000,0.085544
840,7.722635,1.180083,1.266796,1.086316,-0.400000,-1.486316
841,7.714057,0.543394,1.266164,0.737153,-1.800000,-2.537153
842,7.705026,0.145822,1.265108,0.381866,-0.300000,0.081866
843,7.695844,0.001730,1.263650,0.041590,-0.200000,-0.241590
844,7.691423,3.981437,1.264521,1.995354,-1.500000,0.495354
845,7.687826,4.666879,1.265586,2.160296,-1.320000,0.840296
846,7.679368,0.566456,1.264977,0.752632,-0.880000,-0.127368
847,7.671717,1.229502,1.264792,1.108829,-0.880000,0.228829
848,7.662931,0.255736,1.263892,0.505704,-0.620000,-0.114296
849,7.654057,0.164577,1.262877,0.405681,-0.400000,0.005681
850,7.645211,0.170474,1.261872,0.412885,0.400000,-0.012885
851,7.643367,6.083675,1.263294,2.466511,3.000000,0.533489
852,7.636277,1.630956,1.263311,1.277089,0.700000,1.977089
853,7.627309,0.022403,1.261999,0.149678,0.300000,0.449678
854,7.618581,0.208296,1.261051,0.456395,0.600000,0.143605
855,7.609646,0.014882,1.259713,0.121993,0.600000,0.478007
856,7.600847,0.112844,1.258628,0.335922,1.100000,0.764078
857,7.596603,3.980944,1.259492,1.995230,-1.400000,0.595230
858,7.590166,2.099369,1.259714,1.448920,-1.400000,0.048920
859,7.581986,0.596166,1.259143,0.772118,-0.900000,-0.127882
860,7.573553,0.362933,1.258376,0.602439,-0.440000,0.162439
861,7.565581,0.741991,1.257913,0.861389,-0.660000,0.201389
862,7.558078,1.127587,1.257685,1.061879,-1.300000,-0.238121
863,7.549285,0.005590,1.256307,0.074768,-0.400000,-0.325232
864,7.540998,0.422192,1.255602,0.649763,0.610000,-0.039763
865,7.533756,1.305146,1.255471,1.142430,-0.610000,0.532430
866,7.526711,1.461545,1.255417,1.208944,-1.000000,0.208944
867,7.518417,0.368776,1.254666,0.607269,-0.760000,-0.152731
868,7.509715,0.000173,1.253229,0.013138,0.000000,0.013138
869,7.501130,0.083403,1.252114,0.288795,0.000000,0.288795
870,7.492501,0.028867,1.250864,0.169902,0.180000,0.010098
871,7.483871,0.009612,1.249534,0.098043,0.000000,-0.098043
872,7.476009,0.660244,1.249031,0.812554,0.780000,-0.032554
873,7.467425,0.016370,1.247741,0.127947,0.400000,0.272053
874,7.458876,0.029620,1.246505,0.172104,-0.200000,-0.027896
875,7.450464,0.132280,1.245491,0.363703,-0.600000,-0.236297
876,7.441927,0.005981,1.244151,0.077335,-0.190000,-0.267335
877,7.433524,0.105795,1.243099,0.325262,0.190000,-0.135262
878,7.425041,0.019351,1.241836,0.139106,-0.190000,-0.329106
879,7.416578,0.019815,1.240577,0.140766,-0.190000,-0.330766
880,7.413292,4.538421,1.241593,2.130357,1.780000,-0.350357
881,7.405308,0.411312,1.240909,0.641336,0.200000,0.841336
882,7.397957,0.951354,1.240606,0.975374,-0.400000,0.575374
883,7.389643,0.090018,1.239536,0.300030,0.200000,0.500030
884,7.383033,1.572810,1.239553,1.254117,-0.600000,0.654117
885,7.374675,0.019494,1.238304,0.139622,0.200000,0.339622
886,7.366319,0.004876,1.236979,0.069832,0.400000,0.469832
887,7.358064,0.076468,1.235892,0.276528,0.200000,0.476528
888,7.361218,10.146899,1.238097,3.185420,3.300000,0.114580
889,7.353396,0.438578,1.237446,0.662253,0.800000,1.462253
890,7.352447,6.512234,1.238930,2.551908,-3.020000,-0.468092
891,7.344382,0.198956,1.238036,0.446045,-0.660000,-0.213955
892,7.338000,1.677135,1.238100,1.295043,-0.820000,0.475043
893,7.329959,0.189642,1.237197,0.435479,-0.400000,0.035479
894,7.321726,0.002840,1.235867,0.053296,-0.200000,-0.146704
895,7.313546,0.032967,1.234684,0.181567,-0.400000,-0.218433
896,7.305350,0.002751,1.233359,0.052446,-0.200000,-0.252446
897,7.297169,0.000000,1.231978,0.000617,0.000000,-0.000617
898,7.289325,0.284104,1.231196,0.533014,-0.190000,0.343014
899,7.281192,0.010753,1.229936,0.103699,-0.190000,-0.293699
900,7.273092,0.023783,1.228736,0.154217,0.000000,0.154217
901,7.264996,0.010426,1.227480,0.102106,0.000000,-0.102106
902,7.256997,0.082103,1.226432,0.286536,0.380000,0.093464
903,7.248995,0.062925,1.225347,0.250849,0.000000,0.250849
904,7.240962,0.019446,1.224140,0.139448,-0.190000,-0.050552
905,7.233010,0.076221,1.223088,0.276081,-0.190000,0.086081
906,7.224995,0.003199,1.221795,0.056559,0.000000,0.056559
907,7.217127,0.120218,1.220826,0.346724,-0.180000,0.166724
908,7.209184,0.036801,1.219688,0.191835,0.000000,-0.191835
909,7.201227,0.007978,1.218438,0.089320,0.180000,0.090680
910,7.193965,0.621880,1.217964,0.788593,0.980000,0.191407
911,7.186236,0.184195,1.217094,0.429180,0.000000,0.429180
912,7.179344,0.928240,1.216815,0.963452,-0.790000,0.173452
913,7.171571,0.113991,1.215848,0.337626,-0.370000,-0.032374
914,7.163691,0.000004,1.214514,0.002024,-0.180000,-0.182024
915,7.155832,0.004465,1.213254,0.066818,-0.170000,-0.103182
916,7.147986,0.000251,1.211941,0.015852,-0.170000,-0.154148
917,7.140172,0.014073,1.210744,0.118630,0.000000,-0.118630
918,7.132380,0.018485,1.209568,0.135959,0.170000,0.305959
919,7.124615,0.026640,1.208424,0.163217,-0.170000,-0.006783
920,7.116854,0.016035,1.207243,0.126631,0.000000,0.126631
921,7.109096,0.002531,1.205982,0.050311,0.000000,0.050311
922,7.101353,0.001153,1.204705,0.033958,0.000000,0.033958
923,7.093632,0.005802,1.203477,0.076171,0.000000,0.076171
924,7.086085,0.150843,1.202591,0.388385,-0.170000,0.218385
925,7.078549,0.144766,1.201698,0.380481,-0.170000,0.210481
926,7.070936,0.059310,1.200659,0.243537,0.000000,0.243537
927,7.063405,0.120255,1.199734,0.346779,-0.170000,0.176779
928,7.055761,0.000491,1.198460,0.022163,0.000000,0.022163
929,7.048227,0.086445,1.197482,0.294015,-0.170000,0.124015
930,7.040626,0.009905,1.196296,0.099524,0.000000,0.099524
931,7.033101,0.065131,1.195281,0.255209,0.170000,-0.085209
932,7.025527,0.004307,1.194064,0.065626,0.170000,0.235626
933,7.018003,0.035968,1.192982,0.189652,-0.170000,0.019652
934,7.010477,0.018017,1.191844,0.134229,0.000000,0.134229
935,7.003030,0.077953,1.190864,0.279201,0.000000,0.279201
936,6.995786,0.251235,1.190124,0.501233,0.680000,0.178767
937,6.988302,0.012982,1.188970,0.113940,0.720000,0.606060
938,6.981635,0.761506,1.188632,0.872643,0.590000,-0.282643
939,6.974171,0.002636,1.187415,0.051340,-0.200000,-0.148660
940,6.966750,0.028265,1.186326,0.168121,0.000000,-0.168121
941,6.959321,0.006265,1.185145,0.079149,-0.200000,-0.120851
942,6.951902,0.000272,1.183899,0.016492,-0.190000,-0.173508
943,6.944508,0.008794,1.182738,0.093779,-0.190000,-0.283779
944,6.937198,0.073160,1.181767,0.270481,0.000000,-0.270481
945,6.929856,0.028355,1.180690,0.168388,0.000000,-0.168388
946,6.922514,0.013560,1.179561,0.116449,0.000000,-0.116449
947,6.915175,0.001539,1.178351,0.039233,0.000000,0.039233
948,6.908069,0.207284,1.177585,0.455285,-0.180000,0.275285
949,6.900767,0.008216,1.176435,0.090643,0.000000,0.090643
950,6.893497,0.023043,1.175352,0.151798,0.180000,0.028202
951,6.886230,0.011565,1.174224,0.107539,0.000000,0.107539
952,6.878966,0.000102,1.172997,0.010117,0.000000,0.010117
953,6.871897,0.170675,1.172196,0.413128,-0.180000,0.233128
954,6.864713,0.047046,1.171190,0.216900,0.000000,0.216900
955,6.857497,0.002188,1.170008,0.046780,0.180000,0.133220
956,6.850474,0.171114,1.169213,0.413659,-0.180000,0.233659
957,6.843327,0.039203,1.168194,0.197999,0.180000,-0.017999
958,6.836154,0.001084,1.167004,0.032929,0.000000,0.032929
959,6.828997,0.000581,1.165808,0.024100,-0.180000,-0.204100
960,6.821874,0.019443,1.164734,0.139438,0.000000,-0.139438
961,6.814747,0.001460,1.163557,0.038208,0.000000,-0.038208
962,6.807636,0.002397,1.162393,0.048959,0.000000,-0.048959
963,6.800731,0.186266,1.161631,0.431586,0.370000,-0.061586
964,6.793648,0.000311,1.160440,0.017634,0.190000,0.207634
965,6.786646,0.065390,1.159498,0.255715,0.400000,0.144285
966,6.779855,0.253715,1.158816,0.503702,0.600000,0.096298
967,6.772936,0.116701,1.157968,0.341615,0.600000,0.258385
968,6.767224,1.266093,1.157934,1.125208,-1.000000,0.125208
969,6.760822,0.589564,1.157530,0.767831,-0.400000,0.367831
970,6.753851,0.026439,1.156500,0.162600,0.000000,-0.162600
971,6.746877,0.010071,1.155407,0.100356,-0.200000,-0.099644
972,6.740158,0.243694,1.154724,0.493654,0.200000,-0.293654
973,6.733207,0.003942,1.153597,0.062789,0.000000,-0.062789
974,6.726290,0.024032,1.152568,0.155022,-0.200000,-0.044978
975,6.719905,0.525994,1.152127,0.725255,0.600000,-0.125255
976,6.713194,0.197545,1.151399,0.444461,0.000000,0.444461
977,6.706376,0.078454,1.150504,0.280096,-0.400000,-0.119904
978,6.699539,0.047388,1.149546,0.217687,-0.200000,0.017687
979,6.692735,0.066243,1.148631,0.257377,0.000000,0.257377
980,6.685973,0.092241,1.147765,0.303712,-0.190000,0.113712
981,6.679129,0.000208,1.146605,0.014410,0.190000,0.175590
982,6.672355,0.053955,1.145671,0.232283,0.000000,0.232283
983,6.665584,0.043600,1.144714,0.208806,-0.190000,0.018806
984,6.659685,0.884018,1.144505,0.940222,-0.720000,0.220222
985,6.653180,0.278505,1.143876,0.527736,-0.340000,0.187736
986,6.646694,0.283729,1.143254,0.532662,0.510000,-0.022662
987,6.639939,0.006561,1.142173,0.080998,0.180000,0.260998
988,6.633192,0.001463,1.141051,0.038255,0.000000,-0.038255
989,6.626839,0.375237,1.140515,0.612566,-0.690000,-0.077434
990,6.620381,0.259444,1.139875,0.509356,0.340000,-0.169356
991,6.614017,0.338551,1.139309,0.581852,0.720000,0.138148
992,6.607539,0.213549,1.138624,0.462114,-0.370000,0.092114
993,6.600869,0.011267,1.137580,0.106145,0.000000,0.106145
994,6.594232,0.030404,1.136607,0.174368,0.000000,0.174368
995,6.587581,0.002876,1.135514,0.053626,0.000000,0.053626
996,6.581066,0.124618,1.134725,0.353012,-0.350000,0.003012
997,6.574497,0.058543,1.133826,0.241956,0.350000,0.108044
998,6.567947,0.063709,1.132939,0.252406,0.000000,0.252406
999,6.561349,0.002819,1.131854,0.053096,0.000000,-0.053096
1000,6.554768,0.007047,1.130802,0.083947,0.000000,0.083947
1001,6.548428,0.233278,1.130152,0.482989,0.180000,-0.302989
1002,6.541895,0.028181,1.129188,0.167873,-0.180000,-0.012127
1003,6.535514,0.167568,1.128468,0.409351,0.180000,-0.229351
1004,6.529042,0.063426,1.127591,0.251845,0.190000,-0.061845
1005,6.523212,0.693065,1.127296,0.832506,0.790000,-0.042506
1006,6.517404,0.703692,1.127008,0.838864,1.210000,0.371136
1007,6.512132,1.229796,1.126990,1.108962,-0.810000,0.298962
1008,6.505874,0.229605,1.126345,0.479171,-0.400000,0.079171
1009,6.499422,0.021061,1.125369,0.145124,0.200000,0.054876
1010,6.493577,0.619175,1.125032,0.786877,-0.600000,0.186877
1011,6.487145,0.016627,1.124043,0.128945,-0.200000,-0.071055
1012,6.480723,0.014039,1.123046,0.118486,0.200000,0.081514
1013,6.474390,0.090462,1.122231,0.300769,-0.200000,0.100769
1014,6.467989,0.009159,1.121214,0.095700,-0.190000,-0.094300
1015,6.465225,3.673900,1.122001,1.916742,2.210000,0.293258
1016,6.459563,0.735853,1.121740,0.857819,-0.210000,0.647819
1017,6.453467,0.283979,1.121159,0.532897,-0.610000,-0.077103
1018,6.447755,0.661792,1.120855,0.813506,0.820000,0.006494
1019,6.448292,6.992678,1.122356,2.644367,-2.580000,0.064367
1020,6.442100,0.156652,1.121641,0.395793,-0.180000,-0.575793
1021,6.440328,4.640065,1.122656,2.154081,2.980000,0.825919
1022,6.435741,1.771365,1.122861,1.330926,1.960000,0.629074
1023,6.432147,2.772936,1.123393,1.665214,-2.180000,-0.514786
1024,6.425936,0.096672,1.122597,0.310921,-0.620000,-0.930921
1025,6.420307,0.679561,1.122305,0.824355,-0.400000,0.424355
1026,6.414182,0.159990,1.121598,0.399987,0.000000,-0.399987
1027,6.407933,0.021809,1.120646,0.147680,0.000000,0.147680
1028,6.405142,3.549723,1.121391,1.884071,1.680000,-0.204071
1029,6.400869,2.025581,1.121686,1.423229,-1.280000,0.143229
1030,6.394631,0.000327,1.120610,0.018084,-0.400000,-0.381916
1031,6.388430,0.026389,1.119677,0.162446,0.400000,0.237554
1032,6.382708,0.506033,1.119280,0.711360,-1.000000,-0.288640
1033,6.377420,0.941223,1.119135,0.970166,-1.140000,-0.169834
1034,6.371889,0.680311,1.118849,0.824810,0.940000,0.115190
1035,6.366473,0.788744,1.118626,0.888113,-0.580000,0.308113
1036,6.360412,0.110612,1.117864,0.332584,-0.530000,-0.197416
1037,6.354256,0.002001,1.116825,0.044735,0.350000,0.394735
1038,6.348111,0.000213,1.115759,0.014605,0.000000,-0.014605
1039,6.341987,0.010148,1.114778,0.100738,0.000000,-0.100738
1040,6.336029,0.169421,1.114100,0.411608,-0.180000,0.231608
1041,6.330371,0.468046,1.113685,0.684139,0.550000,-0.134139
1042,6.324375,0.107087,1.112927,0.327242,-0.190000,0.137242
1043,6.318300,0.011859,1.111961,0.108897,0.000000,0.108897
1044,6.312446,0.230448,1.111353,0.480050,-0.360000,0.120050
1045,6.306511,0.133896,1.110637,0.365918,-0.340000,0.025918
1046,6.300708,0.259466,1.110060,0.509378,0.700000,0.190622
1047,6.294717,0.052749,1.109216,0.229671,0.580000,0.350329
1048,6.288758,0.073197,1.108413,0.270549,-0.200000,0.070549
1049,6.282740,0.000376,1.107371,0.019384,-0.190000,-0.170616
1050,6.276757,0.023769,1.106459,0.154170,-0.190000,-0.035830
1051,6.270783,0.022436,1.105546,0.149787,-0.360000,-0.210213
1052,6.264809,0.009902,1.104586,0.099509,-0.170000,-0.269509
1053,6.258919,0.086089,1.103812,0.293409,-0.510000,-0.216591
1054,6.253362,0.424784,1.103382,0.651754,0.340000,-0.311754
1055,6.247595,0.191479,1.102748,0.437583,0.340000,-0.097583
1056,6.241656,0.000018,1.101704,0.004204,0.000000,0.004204
1057,6.235729,0.000947,1.100687,0.030769,0.000000,-0.030769
1058,6.229859,0.048168,1.099851,0.219472,0.000000,-0.219472
1059,6.223954,0.000281,1.098824,0.016764,0.000000,-0.016764
1060,6.218074,0.015200,1.097901,0.123286,-0.340000,-0.216714
1061,6.212197,0.005901,1.096935,0.076818,-0.170000,-0.246818
1062,6.206652,0.345164,1.096453,0.587507,-0.830000,-0.242493
1063,6.201551,0.804496,1.096265,0.896937,0.320000,-0.576937
1064,6.195852,0.160601,1.095609,0.400751,0.510000,0.109249
1065,6.190046,0.036112,1.094755,0.190032,0.000000,0.190032
1066,6.184356,0.147086,1.094085,0.383518,-0.340000,0.043518
1067,6.178542,0.003962,1.093115,0.062942,0.000000,0.062942
1068,6.173048,0.333437,1.092631,0.577440,0.850000,0.272560
1069,6.167395,0.152772,1.091972,0.390860,0.000000,0.390860
1070,6.161692,0.086962,1.091224,0.294892,0.000000,0.294892
1071,6.155952,0.037795,1.090384,0.194409,0.000000,0.194409
1072,6.150189,0.000552,1.089385,0.023502,0.000000,-0.023502
1073,6.144534,0.105236,1.088669,0.324400,-0.170000,0.154400
1074,6.139037,0.262523,1.088130,0.512370,-0.340000,0.172370
1075,6.133451,0.156974,1.087484,0.396200,0.510000,0.113800
1076,6.127791,0.065939,1.086709,0.256785,0.000000,0.256785
1077,6.122138,0.061508,1.085928,0.248009,0.000000,0.248009
1078,6.116494,0.061363,1.085147,0.247715,0.000000,0.247715
1079,6.110805,0.000512,1.084159,0.022631,0.000000,0.022631
1080,6.105126,0.000001,1.083152,0.000996,0.000000,-0.000996
1081,6.099457,0.000016,1.082150,0.003939,0.000000,-0.003939
1082,6.093800,0.000567,1.081168,0.023801,0.000000,-0.023801
1083,6.088194,0.045585,1.080364,0.213506,0.180000,-0.033506
1084,6.082583,0.028241,1.079520,0.168052,0.000000,0.168052