# TEST CONFIGURATION BEGIN
# File Stream: filename: icelandicriver_flow.csv  -  n_targets: 1
# [icelandicriver_flow_ADE_HOMO_ABTSAIN_HATREE_SIZE_8_OFFLINE_BATCH_100] Pipeline: Array BaseStreamModel: base_models: [<skmultiflow.trees.regression_hoeffding_adaptive_tree.RegressionHAT object at 0x7f22874b77f0>, <skmultiflow.trees.regression_hoeffding_adaptive_tree.RegressionHAT object at 0x7f22874b7828>, <skmultiflow.trees.regression_hoeffding_adaptive_tree.RegressionHAT object at 0x7f22874b7860>, <skmultiflow.trees.regression_hoeffding_adaptive_tree.RegressionHAT object at 0x7f22874b7898>, <skmultiflow.trees.regression_hoeffding_adaptive_tree.RegressionHAT object at 0x7f22874b78d0>, <skmultiflow.trees.regression_hoeffding_adaptive_tree.RegressionHAT object at 0x7f22874b7908>, <skmultiflow.trees.regression_hoeffding_adaptive_tree.RegressionHAT object at 0x7f22874b7940>, <skmultiflow.trees.regression_hoeffding_adaptive_tree.RegressionHAT object at 0x7f22874b7978>]
 Array BaseStreamModel: base_models: [<skmultiflow.trees.regression_hoeffding_adaptive_tree.RegressionHAT object at 0x7f22874b77f0>, <skmultiflow.trees.regression_hoeffding_adaptive_tree.RegressionHAT object at 0x7f22874b7828>, <skmultiflow.trees.regression_hoeffding_adaptive_tree.RegressionHAT object at 0x7f22874b7860>, <skmultiflow.trees.regression_hoeffding_adaptive_tree.RegressionHAT object at 0x7f22874b7898>, <skmultiflow.trees.regression_hoeffding_adaptive_tree.RegressionHAT object at 0x7f22874b78d0>, <skmultiflow.trees.regression_hoeffding_adaptive_tree.RegressionHAT object at 0x7f22874b7908>, <skmultiflow.trees.regression_hoeffding_adaptive_tree.RegressionHAT object at 0x7f22874b7940>, <skmultiflow.trees.regression_hoeffding_adaptive_tree.RegressionHAT object at 0x7f22874b7978>]
# Prequential Evaluator: n_wait: 1 - max_samples: 600000 - max_time: 10000000 - output_file: icelandicriver_flow_ADE_HOMO_ABTSAIN_HATREE_SIZE_8_OFFLINE_BATCH_100_SIZE_8 - batch_size: 1 - pretrain_size: 5 - task_type: regression - show_plot: False - metrics: ['mean_square_error', 'mean_absolute_error', 'true_vs_predicted']
# TEST CONFIGURATION END
id,global_mse_[icelandicriver_flow_ADE_HOMO_ABTSAIN_HATREE_SIZE_8_OFFLINE_BATCH_100],sliding_mse_[icelandicriver_flow_ADE_HOMO_ABTSAIN_HATREE_SIZE_8_OFFLINE_BATCH_100],global_mae_[icelandicriver_flow_ADE_HOMO_ABTSAIN_HATREE_SIZE_8_OFFLINE_BATCH_100],sliding_mae_[icelandicriver_flow_ADE_HOMO_ABTSAIN_HATREE_SIZE_8_OFFLINE_BATCH_100],true_value_[icelandicriver_flow_ADE_HOMO_ABTSAIN_HATREE_SIZE_8_OFFLINE_BATCH_100],predicted_value_[icelandicriver_flow_ADE_HOMO_ABTSAIN_HATREE_SIZE_8_OFFLINE_BATCH_100]
5,0.146952,0.146952,0.383343,0.383343,-0.210000,0.173343
6,1.146076,2.145201,0.923997,1.464650,-0.610000,0.854650
7,0.805910,0.125578,0.734121,0.354370,-0.400000,-0.045630
8,2.332032,6.910399,1.207782,2.628764,-2.720000,-0.091236
9,2.837089,4.857316,1.407012,2.203932,1.180000,-1.023932
10,3.963379,9.594827,1.688768,3.097552,0.940000,-2.157552
11,4.840465,10.102984,1.901590,3.178519,0.800000,-2.378519
12,4.795005,4.476784,1.928371,2.115841,0.000000,2.115841
13,4.304024,0.376172,1.782256,0.613329,0.200000,0.813329
14,3.879959,0.063380,1.629205,0.251754,0.200000,0.451754
15,3.544925,0.194586,1.521198,0.441119,0.000000,0.441119
16,3.394782,1.743200,1.504456,1.320303,-1.590000,-0.269697
17,3.403566,3.508976,1.532823,1.873226,1.190000,-0.683226
18,3.530783,5.184603,1.585977,2.276972,1.240000,-1.036972
19,3.390707,1.429642,1.559957,1.195676,-0.640000,0.555676
20,3.291258,1.799524,1.546301,1.341463,-0.400000,0.941463
21,3.103969,0.107345,1.474615,0.327635,-0.200000,0.127635
22,2.935202,0.066174,1.406983,0.257243,-0.200000,-0.457243
23,2.781022,0.005785,1.336934,0.076057,0.000000,0.076057
24,2.660406,0.368693,1.300448,0.607201,0.200000,-0.407201
25,2.538104,0.092062,1.252970,0.303417,0.000000,-0.303417
26,2.426284,0.078069,1.208717,0.279409,-0.200000,0.079409
27,2.345448,0.567043,1.188904,0.753022,-0.200000,0.553022
28,2.252116,0.105499,1.152900,0.324805,0.000000,0.324805
29,2.167441,0.135243,1.121494,0.367754,0.200000,-0.167754
30,2.101525,0.453607,1.104264,0.673504,0.200000,-0.473504
31,2.024577,0.023934,1.069095,0.154707,0.200000,0.354707
32,1.965403,0.367700,1.052570,0.606383,-0.400000,0.206383
33,1.906728,0.263847,1.033987,0.513660,0.000000,0.513660
34,1.844091,0.027616,1.005060,0.166179,0.000000,0.166179
35,1.788126,0.109170,0.983297,0.330409,0.200000,-0.130409
36,1.813169,2.589508,1.002856,1.609195,-1.560000,0.049195
37,1.760419,0.072409,0.980621,0.269088,0.000000,-0.269088
38,1.765463,1.931921,0.992659,1.389936,0.560000,-0.829936
39,1.756725,1.459634,0.998816,1.208153,0.400000,-0.808153
40,1.715229,0.262854,0.985313,0.512693,0.600000,0.087307
41,1.683368,0.536378,0.978477,0.732378,1.020000,0.287622
42,6.094788,169.317325,1.295154,13.012199,13.080000,0.067801
43,15.623729,377.723481,1.760281,19.435109,-6.800000,12.635109
44,15.403071,6.797410,1.781453,2.607184,-2.600000,0.007184
45,16.481895,59.634880,1.926354,7.722362,-1.500000,6.222362
46,18.628056,106.620649,2.126339,10.325728,-0.860000,-11.185728
47,18.524642,14.181261,2.164466,3.765802,-0.660000,-4.425802
48,18.460108,15.685140,2.205283,3.960447,-0.440000,-4.400447
49,19.137629,48.948528,2.311751,6.996322,-0.220000,-7.216322
50,18.797308,3.482864,2.302066,1.866243,-0.210000,1.656243
51,18.427929,1.436509,2.278587,1.198544,0.000000,1.198544
52,18.233391,9.090130,2.293929,3.014984,-0.210000,2.804984
53,18.198925,16.544550,2.330124,4.067499,-0.400000,-4.467499
54,17.886354,2.570371,2.315586,1.603238,-0.200000,-1.803238
55,17.558867,1.184481,2.291522,1.088339,0.000000,-1.088339
56,17.225036,0.199669,2.256048,0.446844,0.000000,-0.446844
57,16.902620,0.137020,2.220465,0.370162,-0.400000,-0.029838
58,16.590180,0.030839,2.182597,0.175612,1.210000,1.385612
59,16.560568,14.961526,2.213241,3.868013,-3.060000,0.808013
60,16.305014,2.249527,2.200502,1.499842,-0.670000,-2.169842
61,16.172964,8.778189,2.213876,2.962801,1.180000,-1.782801
62,16.077197,10.618484,2.231888,3.258601,0.940000,-2.318601
63,15.806053,0.079697,2.198844,0.282306,0.000000,-0.282306
64,15.600552,3.475952,2.193270,1.864391,2.040000,0.175609
65,15.758448,25.232244,2.239662,5.023171,5.460000,0.436829
66,16.027350,32.430329,2.295390,5.694763,-3.920000,1.774763
67,15.820798,3.014579,2.286514,1.736254,-1.320000,0.416254
68,15.574495,0.057435,2.254532,0.239657,0.880000,0.640343
69,15.366658,2.065078,2.241955,1.437038,-0.660000,-2.097038
70,15.133845,0.000983,2.208461,0.031350,-0.220000,-0.251350
71,14.917124,0.613554,2.187190,0.783297,-0.440000,0.343297
72,14.729710,2.173007,2.176704,1.474112,1.100000,-0.374112
73,14.537718,1.482237,2.162802,1.217472,0.000000,1.217472
74,14.383189,3.720674,2.159461,1.928905,-0.870000,1.058905
75,14.180651,0.003014,2.129819,0.054896,-0.230000,-0.175104
76,13.990113,0.461879,2.109677,0.679617,-0.420000,-1.099617
77,13.807995,0.695533,2.092202,0.833986,-0.200000,-1.033986
78,13.637477,1.189691,2.078668,1.090729,-0.400000,0.690729
79,13.469758,1.058505,2.064671,1.028837,0.000000,1.028837
80,13.297149,0.351490,2.045305,0.592866,0.600000,1.192866
81,13.194055,5.358887,2.048806,2.314927,-0.800000,1.514927
82,13.052484,2.151517,2.041345,1.466805,0.000000,1.466805
83,12.890830,0.281838,2.022225,0.530884,0.200000,-0.330884
84,12.729700,0.000458,1.997215,0.021403,-0.200000,-0.178597
85,12.572597,0.004323,1.973370,0.065750,-0.200000,-0.134250
86,12.419366,0.007660,1.950371,0.087522,-0.200000,-0.287522
87,12.272593,0.237191,1.932741,0.487022,0.000000,-0.487022
88,12.128205,0.144011,1.914250,0.379487,0.000000,-0.379487
89,11.986781,0.107193,1.895581,0.327403,0.000000,-0.327403
90,11.859889,1.074050,1.885590,1.036364,-0.200000,-1.236364
91,11.724292,0.062932,1.866800,0.250862,-0.200000,0.050862
92,11.591343,0.024791,1.847376,0.157451,0.600000,0.442549
93,11.473792,1.129345,1.838559,1.062707,-0.200000,0.862707
94,11.346783,0.042956,1.820433,0.207259,-0.200000,0.007259
95,11.231109,0.820434,1.810382,0.905778,1.000000,0.094222
96,11.121416,1.139333,1.802306,1.067395,1.040000,-0.027395
97,11.019289,1.623608,1.796628,1.274209,1.760000,0.485791
98,11.045947,13.525201,1.816639,3.677662,4.300000,0.622338
99,10.935999,0.600828,1.805676,0.775131,2.300000,1.524869
100,10.832388,0.989372,1.797228,0.994672,2.700000,1.705328
101,10.753721,3.201633,1.797146,1.789311,4.300000,2.510689
102,10.964886,31.447956,1.836031,5.607848,1.700000,7.307848
103,11.301705,44.309907,1.884723,6.656569,10.700000,4.043431
104,11.429218,24.053010,1.914920,4.904387,-4.400000,0.504387
105,11.876772,56.632168,1.970469,7.525435,-12.300000,-4.774565
106,11.777468,1.747761,1.964112,1.322029,-2.300000,-0.977971
107,12.137727,48.884195,2.012924,6.991723,-3.300000,-10.291723
108,12.108906,9.140359,2.022639,3.023303,-2.600000,-5.623303
109,12.001950,0.878551,2.012303,0.937311,-0.900000,0.037311
110,12.143140,26.968060,2.042310,5.193078,-0.200000,-5.393078
111,12.033853,0.449465,2.029489,0.670422,0.200000,-0.470422
112,12.110928,20.357911,2.052475,4.511974,0.200000,4.711974
113,12.000379,0.061050,2.035911,0.247084,2.700000,2.452916
114,12.057139,18.243995,2.056233,4.271299,7.100000,2.828701
115,12.036969,9.818299,2.065937,3.133417,4.000000,0.866583
116,12.928202,111.855058,2.141921,10.576155,12.600000,2.023845
117,13.236284,47.741410,2.184113,6.909516,-4.200000,2.709516
118,13.172596,5.975899,2.186397,2.444565,2.800000,0.355435
119,13.833741,89.204272,2.249514,9.444801,2.200000,-7.244801
120,14.870038,134.044166,2.329930,11.577744,-2.900000,-14.477744
121,14.949449,24.161162,2.352028,4.915400,-4.500000,0.415400
122,15.130155,36.272771,2.383135,6.022688,-4.800000,1.222688
123,15.107573,12.442915,2.392751,3.527452,-4.200000,-0.672548
124,14.982927,0.150038,2.376039,0.387347,1.900000,1.512653
125,14.876963,2.161264,2.368552,1.470124,-2.300000,-0.829876
126,14.814875,7.302204,2.371288,2.702259,-0.800000,-3.502259
127,14.726972,4.002815,2.368275,2.000704,-0.500000,1.500704
128,14.678614,8.730592,2.373005,2.954757,2.400000,-0.554757
129,14.573245,1.507527,2.363843,1.227814,1.700000,0.472186
130,14.515039,7.239305,2.366436,2.690596,-2.000000,0.690596
131,14.426351,3.251614,2.362002,1.803223,-0.800000,-2.603223
132,14.364158,6.465616,2.363414,2.542758,2.800000,0.257242
133,14.398542,18.799703,2.378704,4.335862,-2.800000,1.535862
134,14.288126,0.044421,2.362028,0.210763,-2.100000,-1.889237
135,14.595741,54.585735,2.400395,7.388216,-3.500000,3.888216
136,14.489142,0.524646,2.387698,0.724324,0.000000,-0.724324
137,14.413178,4.386030,2.385492,2.094285,-1.200000,0.894285
138,14.315947,1.384206,2.376470,1.176523,0.000000,1.176523
139,14.218120,1.109295,2.366668,1.053231,-0.200000,0.853231
140,14.128530,2.033772,2.359752,1.426104,-0.660000,0.766104
141,14.039130,1.880861,2.352538,1.371445,-0.220000,1.151445
142,13.937522,0.017213,2.336441,0.131198,0.440000,0.571198
143,13.839186,0.268791,2.323362,0.518450,0.640000,1.158450
144,13.821902,11.419437,2.330904,3.379266,-0.200000,3.179266
145,13.724132,0.036317,2.315725,0.190569,0.900000,0.709431
146,13.650768,3.306459,2.312222,1.818367,-1.120000,0.698367
147,13.565892,1.513531,2.304656,1.230257,-0.440000,0.790257
148,13.484875,1.899328,2.298222,1.378161,-0.220000,1.158161
149,13.392275,0.057894,2.284032,0.240611,-0.220000,-0.460611
150,13.304249,0.540558,2.273423,0.735227,0.000000,-0.735227
151,13.214375,0.092790,2.260030,0.304615,-0.220000,-0.524615
152,13.131578,0.960405,2.251381,0.980002,0.000000,0.980002
153,13.049062,0.836589,2.242410,0.914653,1.320000,0.405347
154,12.985691,3.543416,2.240010,1.882396,0.000000,1.882396
155,12.900770,0.162640,2.227846,0.403286,1.400000,0.996714
156,12.915372,15.120328,2.238771,3.888487,-1.400000,2.488487
157,12.831037,0.012016,2.224855,0.109616,-0.660000,-0.550384
158,12.751880,0.640879,2.215607,0.800549,0.000000,0.800549
159,12.672822,0.497986,2.205865,0.705681,-0.220000,0.485681
160,12.596407,0.752078,2.197284,0.867224,-0.660000,0.207224
161,12.518333,0.338760,2.186996,0.582031,-0.220000,0.362031
162,12.533821,14.965456,2.197638,3.868521,0.220000,4.088521
163,12.455950,0.152267,2.186271,0.390214,1.740000,1.349786
164,12.423040,7.190348,2.189366,2.681482,1.500000,-1.181482
165,12.460335,18.427553,2.202430,4.292733,-1.700000,2.592733
166,12.392403,1.455336,2.196282,1.206373,0.000000,1.206373
167,12.321073,0.765723,2.188176,0.875056,-0.220000,0.655056
168,12.246750,0.132097,2.177050,0.363452,-0.220000,0.143452
169,12.199692,4.482153,2.176687,2.117110,-0.440000,1.677110
170,12.130650,0.738742,2.168752,0.859501,-0.660000,0.199501
171,12.058019,0.001239,2.155976,0.035196,0.000000,0.035196
172,11.998304,2.025928,2.151615,1.423351,2.140000,0.716649
173,11.936469,1.548156,2.146246,1.244249,0.000000,-1.244249
174,11.877467,1.906077,2.141742,1.380608,-0.400000,0.980608
175,11.813530,0.944323,2.134900,0.971763,0.000000,0.971763
176,11.750298,0.937562,2.128118,0.968278,-0.420000,0.548278
177,11.688515,1.061760,2.121773,1.030417,0.220000,1.250417
178,11.621442,0.017972,2.110349,0.134059,1.100000,0.965941
179,11.562895,1.375558,2.104992,1.172842,-0.500000,0.672842
180,11.510234,2.294624,2.101638,1.514802,-1.040000,0.474802
181,11.468996,4.211049,2.101358,2.052084,-0.440000,1.612084
182,11.405166,0.107251,2.091393,0.327493,0.220000,-0.107493
183,11.371831,5.438367,2.092737,2.332031,0.660000,-1.672031
184,11.308777,0.022054,2.081936,0.148507,-0.660000,-0.808507
185,11.247467,0.211619,2.072975,0.460020,0.220000,0.680020
186,11.200035,2.614915,2.070470,1.617070,-0.660000,0.957070
187,11.139072,0.043673,2.060298,0.208982,0.000000,0.208982
188,11.083588,0.930015,2.054342,0.964373,0.660000,-0.304373
189,11.024317,0.118621,2.045099,0.344414,0.000000,0.344414
190,10.965911,0.160653,2.036259,0.400815,-0.440000,-0.840815
191,10.909220,0.364743,2.028599,0.603940,-0.220000,-0.823940
192,10.855705,0.848420,2.022708,0.921097,-0.220000,0.701097
193,10.799317,0.198283,2.014362,0.445290,-0.220000,0.225290
194,10.742894,0.079084,2.005240,0.281219,0.000000,0.281219
195,10.687338,0.131723,1.996642,0.362937,0.000000,0.362937
196,10.631828,0.029419,1.987136,0.171519,0.220000,0.391519
197,10.590865,2.725804,1.985395,1.651001,-0.220000,1.431001
198,10.546878,2.057445,1.982554,1.434380,-0.440000,0.994380
199,10.500241,1.452688,1.978568,1.205275,0.000000,1.205275
200,10.450218,0.695767,1.972729,0.834127,0.000000,0.834127
201,10.413241,3.165752,1.971747,1.779256,-0.210000,1.569256
202,10.369396,1.731797,1.968435,1.315978,-0.210000,1.105978
203,10.320190,0.577535,1.962362,0.759957,0.000000,0.759957
204,10.272543,0.790731,1.956997,0.889231,-0.200000,0.689231
205,10.221662,0.045564,1.948322,0.213456,0.200000,0.413456
206,10.171589,0.106824,1.940295,0.326839,0.210000,-0.116839
207,10.125133,0.741066,1.934978,0.860852,-0.210000,0.650852
208,10.078612,0.634833,1.929398,0.796764,-0.200000,0.596764
209,10.031772,0.476483,1.923354,0.690278,0.000000,0.690278
210,9.988750,1.169168,1.919266,1.081281,-0.200000,0.881281
211,9.941501,0.208127,1.912198,0.456209,0.000000,-0.456209
212,9.895911,0.458864,1.906262,0.677395,0.000000,-0.677395
213,9.859243,2.232211,1.904289,1.494059,0.400000,-1.094059
214,9.814430,0.448510,1.898410,0.669709,-0.200000,0.469709
215,9.767920,0.000826,1.889549,0.028732,0.200000,0.171268
216,9.721856,0.002333,1.880864,0.048306,-0.400000,-0.351694
217,9.683718,1.598453,1.877970,1.264299,0.200000,-1.064299
218,9.643940,1.171248,1.874251,1.082242,0.000000,-1.082242
219,9.621055,4.723641,1.875643,2.173394,0.410000,-1.763394
220,9.589172,2.734533,1.874615,1.653642,0.430000,-1.223642
221,9.548706,0.807957,1.870118,0.898864,-0.640000,-1.538864
222,9.545270,8.799551,1.875147,2.966404,0.210000,-2.756404
223,9.509666,1.748125,1.872622,1.322167,0.000000,-1.322167
224,9.475419,1.975265,1.870499,1.405441,0.000000,-1.405441
225,9.445033,2.760180,1.869552,1.661379,0.000000,-1.661379
226,9.413425,2.428059,1.868150,1.558223,0.430000,-1.128223
227,9.385487,3.183204,1.867773,1.784153,0.880000,-0.904153
228,9.346560,0.665729,1.863078,0.815922,0.000000,0.815922
229,9.307296,0.512369,1.857979,0.715800,0.000000,0.715800
230,9.266193,0.018004,1.850351,0.134178,0.220000,0.354178
231,9.231064,1.291815,1.847207,1.136581,-0.660000,0.476581
232,9.192491,0.436392,1.842002,0.660600,0.440000,1.100600
233,9.153524,0.269144,1.836224,0.518791,-0.440000,0.078791
234,9.116284,0.588249,1.831575,0.766974,-1.080000,-0.313026
235,9.078686,0.431183,1.826489,0.656646,1.300000,0.643354
236,9.101845,14.451485,1.835002,3.801511,0.660000,-3.141511
237,9.067725,1.151843,1.831733,1.073239,-1.320000,-0.246761
238,9.029018,0.010364,1.824340,0.101805,-0.220000,-0.321805
239,8.991697,0.258670,1.818741,0.508596,-0.420000,-0.928596
240,8.953996,0.094249,1.812335,0.307001,0.000000,0.307001
241,8.920276,0.962361,1.808827,0.981000,-0.200000,0.781000
242,8.897244,3.438557,1.809019,1.854335,0.000000,-1.854335
243,8.870050,2.397871,1.807929,1.548506,0.200000,-1.348506
244,8.834578,0.356856,1.802885,0.597374,0.000000,-0.597374
245,8.798300,0.091599,1.796660,0.302653,0.000000,-0.302653
246,8.785414,5.679867,1.799083,2.383247,-0.200000,-2.583247
247,8.750293,0.250941,1.793741,0.500940,-0.200000,-0.700940
248,8.714504,0.017811,1.786937,0.133458,0.000000,-0.133458
249,8.681996,0.749979,1.783178,0.866013,-0.200000,0.666013
250,8.646709,0.001445,1.776084,0.038016,0.200000,0.238016
251,8.612569,0.214055,1.770766,0.462661,0.200000,0.662661
252,8.578975,0.281397,1.765765,0.530469,-0.200000,0.330469
253,8.547116,0.646021,1.761902,0.803754,0.200000,1.003754
254,8.512988,0.015132,1.755346,0.123013,0.410000,0.533013
255,8.480427,0.340244,1.750677,0.583304,-0.410000,0.173304
256,8.447336,0.141447,1.745222,0.376094,0.000000,0.376094
257,8.414298,0.088691,1.739501,0.297810,-0.200000,0.097810
258,8.381531,0.091544,1.733844,0.302562,-0.200000,0.102562
259,8.348778,0.029378,1.727716,0.171401,0.000000,0.171401
260,8.316248,0.021285,1.721537,0.145895,-0.200000,-0.345895
261,8.284415,0.135092,1.716269,0.367549,0.600000,0.232451
262,8.254354,0.528695,1.712435,0.727114,-0.200000,0.527114
263,8.222484,0.000089,1.705860,0.009442,0.000000,0.009442
264,8.198712,2.041556,1.704794,1.428830,-0.600000,0.828830
265,8.168531,0.321529,1.700435,0.567035,-0.790000,-0.222965
266,8.137650,0.077678,1.695009,0.278707,0.990000,0.711293
267,8.117908,2.945547,1.695089,1.716260,1.880000,0.163740
268,8.123764,9.663848,1.700444,3.108673,-1.280000,1.828673
269,8.101511,2.226886,1.699658,1.492275,-0.600000,0.892275
270,8.072884,0.486601,1.695891,0.697568,-0.400000,0.297568
271,8.042980,0.088668,1.690655,0.297772,-0.200000,0.097772
272,8.042352,7.874492,1.694817,2.806152,1.820000,-0.986152
273,8.027708,4.103323,1.696047,2.025666,2.180000,0.154334
274,8.001060,0.832742,1.693145,0.912547,-0.860000,-1.772547
275,7.994477,6.216867,1.696098,2.493365,-1.530000,0.963365
276,7.981306,4.411911,1.697585,2.100455,1.090000,-1.010455
277,7.984950,8.976115,1.702341,2.996017,1.300000,-1.696017
278,7.966587,2.953690,1.702400,1.718630,-1.520000,0.198630
279,7.938537,0.252792,1.698038,0.502784,0.440000,-0.062784
280,7.920018,2.827366,1.697978,1.681477,-0.660000,1.021477
281,7.892477,0.291194,1.693796,0.539624,-0.220000,0.319624
282,7.864696,0.169274,1.689183,0.411429,-0.430000,-0.018571
283,7.836522,0.004084,1.683358,0.063907,-0.610000,-0.673907
284,7.813044,1.262647,1.681359,1.123676,0.000000,-1.123676
285,7.795511,2.886263,1.681422,1.698901,0.610000,-1.088901
286,7.767998,0.036926,1.676140,0.192162,-0.210000,-0.017838
287,7.742171,0.458952,1.672612,0.677460,0.000000,-0.677460
288,7.718879,1.127282,1.670461,1.061735,-2.160000,-1.098265
289,7.706823,4.282957,1.671861,2.069531,0.000000,2.069531
290,7.703671,6.805342,1.675136,2.608705,3.240000,0.631295
291,7.677783,0.273794,1.671123,0.523253,-0.220000,0.303253
292,7.651975,0.245119,1.667040,0.495095,0.220000,0.715095
293,7.631352,1.691810,1.665772,1.300696,-1.080000,0.220696
294,7.605418,0.110593,1.661175,0.332555,-0.400000,-0.732555
295,7.589473,2.965200,1.661384,1.721976,-1.200000,0.521976
296,7.569173,1.661961,1.660109,1.289171,1.000000,-0.289171
297,7.543798,0.134262,1.655694,0.366418,0.000000,0.366418
298,7.520749,0.767604,1.653042,0.876130,0.600000,-0.276130
299,7.495379,0.036364,1.648085,0.190693,0.210000,0.400693
300,7.471369,0.388445,1.644623,0.623253,-0.210000,0.413253
301,7.448285,0.615601,1.641727,0.784602,-0.200000,0.584602
302,7.440720,5.193872,1.643865,2.279007,-1.590000,0.689007
303,7.417368,0.458413,1.640632,0.677062,-0.890000,-1.567062
304,7.394511,0.560177,1.637658,0.748450,-0.340000,-1.088450
305,7.381610,3.511284,1.638443,1.873842,0.680000,-1.193842
306,7.361744,1.382116,1.636910,1.175634,0.940000,-0.235634
307,7.350585,3.980540,1.638092,1.995129,1.000000,-0.995129
308,7.327304,0.273175,1.634423,0.522662,0.400000,-0.122662
309,7.304562,0.391027,1.631115,0.625322,0.000000,0.625322
310,7.281708,0.311306,1.627608,0.557948,0.210000,0.767948
311,7.277366,5.948689,1.630251,2.438993,0.210000,2.648993
312,7.256904,0.975027,1.628164,0.987435,-0.820000,0.167435
313,7.235337,0.592765,1.625386,0.769912,0.200000,-0.569912
314,7.211997,0.000003,1.620148,0.001623,0.000000,-0.001623
315,7.191154,0.729826,1.617686,0.854299,0.840000,-0.014299
316,7.168880,0.241563,1.614076,0.491491,0.220000,-0.271491
317,7.146623,0.202440,1.610357,0.449933,0.000000,0.449933
318,7.125421,0.489293,1.607456,0.699495,-0.220000,0.479495
319,7.103203,0.126560,1.603482,0.355753,-0.430000,-0.074247
320,7.082497,0.560278,1.600777,0.748517,-0.610000,0.138517
321,7.060468,0.099351,1.596721,0.315200,-0.200000,0.115200
322,7.038348,0.026317,1.592210,0.162226,0.000000,-0.162226
323,7.016862,0.184197,1.588564,0.429182,0.200000,0.629182
324,7.000595,1.811558,1.587806,1.345941,-0.400000,0.945941
325,6.981673,0.926379,1.585858,0.962486,-0.200000,0.762486
326,6.960571,0.187072,1.582276,0.432518,0.200000,0.632518
327,6.939055,0.010788,1.577699,0.103863,0.400000,0.503863
328,6.920708,0.994641,1.575908,0.997317,0.200000,1.197317
329,6.901810,0.778950,1.573774,0.882582,-0.200000,0.682582
330,6.881771,0.369017,1.570810,0.607468,-0.200000,0.407468
331,6.860772,0.015011,1.566381,0.122521,0.200000,0.322521
332,6.839889,0.011170,1.561928,0.105691,0.400000,0.294309
333,6.821766,0.877314,1.560027,0.936651,-0.400000,-1.336651
334,6.801111,0.005655,1.555528,0.075198,0.400000,0.475198
335,6.780626,0.020547,1.551262,0.143343,-0.200000,-0.343343
336,6.760567,0.121131,1.547637,0.348038,-0.200000,-0.548038
337,6.740560,0.098156,1.543931,0.313299,-0.200000,0.113299
338,6.720782,0.134854,1.540408,0.367225,-0.200000,0.167225
339,6.701150,0.144078,1.536942,0.379577,0.000000,0.379577
340,6.684847,1.223188,1.535660,1.105978,1.220000,0.114022
341,6.684638,6.614411,1.538735,2.571850,3.680000,1.108150
342,6.706813,14.179775,1.545323,3.765604,-0.800000,2.965604
343,6.848855,54.859134,1.562613,7.406695,-4.100000,3.306695
344,6.828789,0.026608,1.558497,0.163121,-1.360000,-1.196879
345,6.822018,4.519635,1.560161,2.125943,0.760000,-1.365943
346,6.818572,5.643611,1.562545,2.375628,1.400000,-0.975628
347,6.799410,0.246154,1.559436,0.496139,0.420000,-0.076139
348,6.787479,2.694851,1.559675,1.641600,0.000000,-1.641600
349,6.773681,2.027363,1.559282,1.423855,-0.210000,-1.633855
350,6.758699,1.589856,1.558419,1.260895,-0.210000,1.050895
351,6.739225,0.001377,1.554035,0.037103,0.000000,0.037103
352,6.738823,6.599128,1.556951,2.568877,-0.200000,2.368877
353,6.727633,2.833372,1.557313,1.683262,-0.200000,1.483262
354,6.708527,0.040624,1.553439,0.201554,-0.200000,0.001554
355,6.691780,0.830444,1.551610,0.911287,-0.200000,0.711287
356,6.674274,0.529673,1.549270,0.727786,0.000000,0.727786
357,6.659005,1.284123,1.548091,1.133192,-0.400000,0.733192
358,6.655909,5.563248,1.550381,2.358654,2.720000,0.361346
359,6.654471,6.145330,1.552996,2.478978,7.480000,5.001022
360,6.685386,17.660148,1.560439,4.202398,5.000000,0.797602
361,6.751938,30.444403,1.571523,5.517645,-5.900000,-0.382355
362,6.811724,28.155602,1.581955,5.306185,1.300000,-4.006185
363,6.990288,70.916152,1.601006,8.421173,6.100000,-2.321173
364,7.040737,25.151748,1.610490,5.015152,-2.900000,-7.915152
365,7.029387,2.943422,1.610781,1.715640,-5.600000,-7.315640
366,7.065637,20.152054,1.618732,4.489104,-2.000000,-6.489104
367,7.076415,10.977995,1.623400,3.313306,-0.900000,-4.213306
368,7.071214,5.183110,1.625195,2.276645,-0.600000,1.676645
369,7.076446,8.980868,1.628953,2.996810,-0.200000,-3.196810
370,7.057577,0.170599,1.625631,0.413036,-1.120000,-0.706964
371,7.039871,0.559491,1.623239,0.747991,-0.660000,0.087991
372,7.022853,0.777179,1.621224,0.881577,1.280000,0.398423
373,7.004674,0.314834,1.618351,0.561101,-0.200000,-0.761101
374,6.986861,0.413838,1.615716,0.643302,-0.200000,-0.843302
375,6.973719,2.111253,1.615277,1.453015,-0.440000,1.013015
376,6.955383,0.152596,1.611985,0.390635,-0.660000,-0.269365
377,6.936813,0.028612,1.608117,0.169151,-0.220000,-0.389151
378,6.918317,0.019402,1.604189,0.139289,-0.220000,-0.359289
379,6.899880,0.004565,1.600092,0.067565,-0.650000,-0.717565
380,6.882257,0.273458,1.597227,0.522932,-0.410000,0.112932
381,6.864342,0.128327,1.593941,0.358228,0.000000,-0.358228
382,6.846190,0.002887,1.589866,0.053727,0.200000,0.146273
383,6.828127,0.000397,1.585724,0.019930,0.640000,0.659930
384,6.810377,0.083176,1.582310,0.288402,0.220000,0.508402
385,6.810012,6.671373,1.584936,2.582900,-2.000000,0.582900
386,6.851368,22.608045,1.593234,4.754792,-1.200000,3.554792
387,6.839509,2.309312,1.593042,1.519642,1.740000,0.220358
388,6.825393,1.418919,1.591995,1.191184,0.810000,-0.381184
389,6.808252,0.225938,1.589095,0.475329,0.000000,0.475329
390,6.792113,0.578919,1.586949,0.760868,0.000000,-0.760868
391,6.774717,0.059758,1.583480,0.244455,0.000000,-0.244455
392,6.758535,0.495865,1.581214,0.704177,-0.210000,0.494177
393,6.741166,0.002262,1.577271,0.047555,0.000000,-0.047555
394,6.724013,0.051464,1.573809,0.226856,0.000000,0.226856
395,6.715215,3.283807,1.574418,1.812128,0.000000,-1.812128
396,6.699842,0.689041,1.572519,0.830085,-0.800000,0.030085
397,6.685072,0.895327,1.570926,0.946217,-0.400000,0.546217
398,6.668172,0.026518,1.567352,0.162843,0.400000,0.237157
399,6.657971,2.638547,1.567496,1.624361,1.010000,-0.614361
400,6.641388,0.091254,1.564301,0.302083,0.000000,-0.302083
401,6.624839,0.071318,1.561033,0.267054,-0.810000,-0.542946
402,6.608388,0.077264,1.557809,0.277964,-0.200000,-0.477964
403,6.591833,0.003288,1.554049,0.057341,0.000000,-0.057341
404,6.580112,1.903441,1.553613,1.379653,1.220000,-0.159653
405,6.565053,0.541325,1.551573,0.735748,0.440000,-0.295748
406,6.551532,1.129562,1.550357,1.062808,0.000000,-1.062808
407,6.535674,0.160687,1.547505,0.400858,-0.220000,0.180858
408,6.519505,0.003687,1.543825,0.060719,0.220000,0.280719
409,6.504869,0.591849,1.541913,0.769317,0.660000,-0.109317
410,6.488902,0.022193,1.538482,0.148974,0.440000,0.291026
411,6.473197,0.097102,1.535467,0.311612,0.220000,-0.091612
412,6.457628,0.120741,1.532556,0.347478,0.000000,0.347478
413,6.442915,0.440236,1.530431,0.663503,0.000000,0.663503
414,6.428333,0.464313,1.528360,0.681405,-0.220000,0.461405
415,6.415545,1.172189,1.527276,1.082677,-0.220000,0.862677
416,6.401540,0.645596,1.525519,0.803490,-0.440000,0.363490
417,6.386360,0.132054,1.522705,0.363393,-0.220000,0.143393
418,6.371716,0.323750,1.520401,0.568990,-0.220000,0.348990
419,6.357436,0.445695,1.518346,0.667604,0.000000,0.667604
420,6.342977,0.342699,1.516104,0.585405,-0.220000,0.365405
421,6.327797,0.012855,1.512740,0.113381,0.000000,0.113381
422,6.312980,0.133974,1.509996,0.366025,0.000000,0.366025
423,6.299613,0.712274,1.508407,0.843963,0.440000,-0.403963
424,6.284796,0.076388,1.505474,0.276384,0.000000,0.276384
425,6.269885,0.007512,1.502103,0.086671,-0.440000,-0.353329
426,6.255092,0.027346,1.498936,0.165367,0.220000,0.054633
427,6.240797,0.208312,1.496471,0.456412,0.440000,-0.016412
428,6.228277,0.932334,1.495219,0.965575,0.660000,-0.305575
429,6.215870,0.954956,1.494000,0.977218,0.440000,-0.537218
430,6.215626,6.112237,1.496297,2.472294,1.700000,-0.772294
431,6.205937,2.078302,1.496169,1.441632,2.900000,1.458368
432,6.211853,8.737968,1.499580,2.956005,1.900000,-1.056005
433,6.197754,0.163454,1.497026,0.404295,-0.800000,-0.395705
434,6.201660,7.877179,1.500072,2.806631,-3.900000,-1.093369
435,6.193980,2.891839,1.500537,1.700541,-2.300000,-0.599459
436,6.182466,1.219929,1.499620,1.104504,-1.400000,-0.295496
437,6.183820,6.768378,1.502165,2.601611,-2.220000,0.381611
438,6.175546,2.592887,1.502414,1.610244,-0.220000,-1.830244
439,6.166024,2.033759,1.502239,1.426099,0.220000,-1.206099
440,6.152277,0.172071,1.499745,0.414814,-1.080000,-0.665186
441,6.139770,0.686815,1.498209,0.828743,-0.400000,0.428743
442,6.125775,0.010143,1.495019,0.100712,0.200000,0.300712
443,6.112359,0.236264,1.492721,0.486070,0.410000,-0.076070
444,6.099859,0.612026,1.491106,0.782321,0.430000,-0.352321
445,6.086029,0.000929,1.487794,0.030484,0.000000,-0.030484
446,6.075337,1.360108,1.487066,1.166237,-1.040000,0.126237
447,6.061827,0.090595,1.484389,0.300990,0.400000,0.700990
448,6.048233,0.025820,1.481408,0.160686,-0.400000,-0.560686
449,6.034939,0.132574,1.478897,0.364107,0.000000,-0.364107
450,6.021648,0.107169,1.476315,0.327366,0.200000,0.527366
451,6.013614,2.430461,1.476500,1.558994,0.410000,-1.148994
452,6.005714,2.474308,1.476715,1.572993,1.090000,-0.482993
453,5.996119,1.697403,1.476328,1.302844,1.100000,-0.202844
454,6.023431,18.286944,1.482550,4.276324,4.300000,0.023676
455,6.028778,8.434898,1.485703,2.904290,4.600000,1.695710
456,6.115445,45.202202,1.497290,6.723258,6.400000,-0.323258
457,6.172136,31.796240,1.506433,5.638816,6.300000,0.661184
458,6.167285,3.969790,1.507503,1.992433,2.100000,4.092433
459,6.699969,248.538586,1.538839,15.765107,15.100000,-0.665107
460,7.032269,158.228585,1.563049,12.578894,10.900000,-1.678894
461,7.018259,0.629911,1.561366,0.793669,-3.900000,-3.106331
462,7.095369,42.334430,1.572163,6.506491,-11.000000,-4.493509
463,7.138570,26.924677,1.580043,5.188899,-4.400000,0.788899
464,7.130299,3.334077,1.580577,1.825945,0.700000,2.525945
465,7.124942,4.660599,1.581831,2.158842,0.000000,-2.158842
466,7.155094,21.055305,1.588340,4.588606,-6.300000,-1.711394
467,7.283556,66.632836,1.602540,8.162894,-3.700000,-11.862894
468,7.297389,13.702255,1.607063,3.701656,-4.200000,-0.498344
469,7.360796,36.781603,1.616650,6.064784,-4.600000,1.464784
470,7.363177,8.470491,1.619426,2.910411,0.600000,-2.310411
471,7.364868,8.152715,1.622073,2.855296,-0.300000,2.555296
472,7.349685,0.259106,1.619694,0.509025,-0.500000,0.009025
473,7.337895,1.820108,1.619117,1.349114,-0.900000,0.449114
474,7.323856,0.739525,1.617502,0.859956,0.300000,-0.559956
475,7.308727,0.198558,1.615014,0.445598,1.100000,0.654402
476,7.293529,0.134916,1.612371,0.367309,0.000000,0.367309
477,7.279466,0.641656,1.610655,0.801034,-0.500000,0.301034
478,7.266953,1.348559,1.609707,1.161275,-0.900000,0.261275
479,7.251955,0.142967,1.607114,0.378110,0.000000,0.378110
480,7.241100,2.085021,1.606772,1.443960,-0.800000,0.643960
481,7.226935,0.484201,1.604862,0.695846,-0.700000,-0.004154
482,7.212094,0.132876,1.602267,0.364522,0.000000,0.364522
483,7.200282,1.554140,1.601525,1.246652,-0.420000,0.826652
484,7.187245,0.942475,1.600211,0.970812,-0.220000,0.750812
485,7.172796,0.237213,1.597896,0.487045,0.840000,1.327045
486,7.158039,0.059947,1.595089,0.244840,1.300000,1.544840
487,7.145703,1.199934,1.594055,1.095415,2.300000,1.204585
488,7.138560,3.688647,1.594729,1.920585,0.000000,1.920585
489,7.130468,3.213701,1.595138,1.792680,-1.400000,0.392680
490,7.116757,0.466994,1.593262,0.683369,-0.600000,0.083369
491,7.102187,0.021309,1.590290,0.145977,0.300000,0.445977
492,7.087666,0.015864,1.587289,0.125953,0.800000,0.674047
493,7.073236,0.031298,1.584405,0.176913,0.300000,0.123087
494,7.058801,0.000016,1.581179,0.004000,-0.300000,-0.296000
495,7.044660,0.115467,1.578651,0.339804,-0.300000,0.039804
496,7.037081,3.315826,1.579144,1.820941,-0.800000,1.020941
497,7.025078,1.119897,1.578087,1.058252,1.400000,0.341748
498,7.017699,3.379848,1.578614,1.838436,-0.800000,1.038436
499,7.004568,0.517810,1.576879,0.719590,-0.600000,0.119590
500,6.993397,1.463638,1.576139,1.209809,-0.300000,0.909809
501,6.983320,1.985391,1.575802,1.409039,-1.100000,0.309039
502,6.969984,0.341801,1.573812,0.584637,-0.400000,0.184637
503,6.956444,0.213596,1.571584,0.462165,-0.200000,0.262165
504,6.942895,0.181787,1.569294,0.426365,-0.220000,0.206365
505,6.929037,0.000156,1.566187,0.012482,0.000000,-0.012482
506,6.915317,0.041348,1.563472,0.203342,0.220000,0.423342
507,6.902322,0.379078,1.561587,0.615693,0.900000,0.284307
508,6.889418,0.398825,1.559742,0.631526,0.200000,0.831526
509,6.876444,0.337221,1.557803,0.580708,-0.200000,0.380708
510,6.863819,0.488165,1.556106,0.698688,0.000000,0.698688
511,6.852748,1.251082,1.555242,1.118518,-0.700000,0.418518
512,6.841004,0.886551,1.554034,0.941568,-0.640000,0.301568
513,6.827662,0.050212,1.551422,0.224080,-0.220000,0.004080
514,6.814405,0.066355,1.548885,0.257595,-0.220000,0.037595
515,6.801099,0.015327,1.546096,0.123802,-0.220000,-0.096198
516,6.788075,0.132417,1.543787,0.363891,-0.220000,0.143891
517,6.774871,0.014699,1.541014,0.121238,0.660000,0.538762
518,6.761798,0.055340,1.538473,0.235244,1.560000,1.324756
519,6.748737,0.035107,1.535850,0.187368,1.100000,1.287368
520,6.735816,0.081809,1.533428,0.286022,0.800000,0.513978
521,6.726638,1.990856,1.533191,1.410977,-0.800000,0.610977
522,6.714702,0.543563,1.531654,0.737267,-0.600000,0.137267
523,6.701785,0.010604,1.528902,0.102978,0.300000,0.402978
524,6.688997,0.052277,1.526401,0.228641,0.600000,0.371359
525,6.676341,0.095466,1.524064,0.308976,0.500000,0.191024
526,6.663941,0.203477,1.522009,0.451084,-0.800000,-0.348916
527,6.651211,0.006133,1.519249,0.078311,-0.300000,-0.378311
528,6.638798,0.146629,1.517080,0.382921,-0.300000,0.082921
529,6.626195,0.022140,1.514474,0.148795,0.000000,0.148795
530,6.614717,0.588677,1.513053,0.767253,0.000000,0.767253
531,6.602165,0.000096,1.510201,0.009782,0.000000,0.009782
532,6.589927,0.140631,1.508051,0.375008,0.000000,0.375008
533,6.577584,0.060313,1.505664,0.245588,-0.300000,-0.054412
534,6.565833,0.349313,1.503938,0.591027,-0.200000,0.391027
535,6.553850,0.203115,1.501955,0.450682,-0.500000,-0.049318
536,6.541954,0.225268,1.500024,0.474624,-0.200000,0.274624
537,6.530124,0.236616,1.498122,0.486432,-0.200000,0.286432
538,6.517901,0.002883,1.495417,0.053693,0.000000,-0.053693
539,6.505733,0.007900,1.492788,0.088882,0.000000,0.088882
540,6.493596,0.000101,1.490022,0.010074,0.000000,0.010074
541,6.481733,0.123289,1.487901,0.351126,-0.220000,0.131126
542,6.469910,0.121149,1.485782,0.348065,-0.220000,0.128065
543,6.457988,0.043876,1.483414,0.209466,-0.220000,-0.010534
544,6.446051,0.012267,1.480872,0.110756,-0.220000,-0.109244
545,6.434150,0.007606,1.478296,0.087213,0.000000,0.087213
546,6.422777,0.269515,1.476527,0.519149,-0.220000,0.299149
547,6.412374,0.774036,1.475428,0.879793,-0.220000,0.659793
548,6.400650,0.034434,1.473057,0.185563,0.000000,0.185563
549,6.392867,2.158936,1.473050,1.469332,-0.440000,1.029332
550,6.381159,0.000584,1.470396,0.024167,0.000000,-0.024167
551,6.369496,0.001343,1.467775,0.036641,0.000000,0.036641
552,6.357880,0.003963,1.465212,0.062954,0.000000,-0.062954
553,6.346329,0.016192,1.462775,0.127247,0.000000,-0.127247
554,6.334955,0.090818,1.460663,0.301360,0.000000,-0.301360
555,6.323477,0.010482,1.458198,0.102382,0.000000,-0.102382
556,6.312022,0.000294,1.455587,0.017156,0.000000,-0.017156
557,6.300674,0.036974,1.453303,0.192287,0.000000,-0.192287
558,6.289323,0.011913,1.450876,0.109148,-0.220000,-0.110852
559,6.279892,1.055245,1.450113,1.027251,-0.210000,0.817251
560,6.268752,0.085910,1.448032,0.293103,-0.210000,0.083103
561,6.257513,0.008679,1.445600,0.093162,0.210000,0.303162
562,6.250214,2.184801,1.445658,1.478107,0.000000,1.478107
563,6.239094,0.033767,1.443401,0.183757,0.000000,0.183757
564,6.228258,0.171179,1.441562,0.413738,-0.210000,0.203738
565,6.217162,0.003706,1.439101,0.060878,0.210000,0.270878
566,6.206121,0.011909,1.436734,0.109128,0.210000,0.319128
567,6.195350,0.141807,1.434851,0.376573,-0.210000,0.166573
568,6.185085,0.405836,1.433437,0.637052,1.090000,0.452948
569,6.174139,0.000631,1.430944,0.025117,1.100000,1.125117
570,6.167339,2.325537,1.431110,1.524971,-1.320000,0.204971
571,6.157045,0.330498,1.429600,0.574889,-0.440000,0.134889
572,6.146945,0.420526,1.428225,0.648480,-0.220000,0.428480
573,6.136179,0.020788,1.425968,0.144182,0.000000,0.144182
574,6.125418,0.002290,1.423550,0.047855,0.000000,0.047855
575,6.114721,0.017501,1.421289,0.132290,0.000000,0.132290
576,6.104097,0.038043,1.419145,0.195045,0.440000,0.635045
577,6.095422,1.133481,1.418527,1.064651,-0.650000,0.414651
578,6.084831,0.016194,1.416277,0.127255,0.210000,0.082745
579,6.074267,0.010084,1.413989,0.100421,0.000000,0.100421
580,6.064243,0.300617,1.412486,0.548286,-0.210000,0.338286
581,6.053837,0.060211,1.410463,0.245380,-0.210000,-0.455380
582,6.043494,0.075416,1.408498,0.274620,-0.200000,-0.474620
583,6.033199,0.082505,1.406561,0.287237,0.000000,-0.287237
584,6.022969,0.099821,1.404681,0.315945,0.000000,-0.315945
585,6.012776,0.100987,1.402810,0.317785,0.000000,-0.317785
586,6.002454,0.005447,1.400527,0.073806,0.000000,-0.073806
587,5.992297,0.080887,1.398612,0.284406,0.000000,-0.284406
588,5.982036,0.000129,1.396237,0.011347,0.200000,0.211347
589,5.971857,0.027170,1.394132,0.164832,0.210000,0.374832
590,5.961779,0.065944,1.392191,0.256796,0.210000,0.466796
591,5.953160,0.902735,1.391438,0.950124,-0.420000,0.530124
592,5.958154,8.889398,1.394142,2.981509,0.000000,2.981509
593,5.948626,0.346365,1.392774,0.588527,0.000000,0.588527
594,5.938632,0.052064,1.390800,0.228176,0.000000,0.228176
595,5.928611,0.016268,1.388663,0.127547,0.210000,0.337547
596,5.918852,0.150951,1.386973,0.388525,-0.210000,0.178525
597,5.908903,0.019575,1.384870,0.139909,-0.200000,-0.060091
598,5.899124,0.100060,1.383072,0.316323,0.000000,0.316323
599,5.889210,0.000000,1.380748,0.000537,0.000000,0.000537
600,5.879956,0.373831,1.379457,0.611417,0.620000,0.008583
601,5.873727,2.161236,1.379609,1.470114,-0.620000,0.850114
602,5.864052,0.088442,1.377799,0.297392,0.000000,-0.297392
603,5.854630,0.220159,1.376282,0.469211,-0.200000,0.269211
604,5.844899,0.015912,1.374199,0.126144,0.000000,-0.126144
605,5.835256,0.049253,1.372282,0.221931,0.000000,-0.221931
606,5.825691,0.077086,1.370463,0.277644,-0.200000,-0.477644
607,5.816180,0.090532,1.368690,0.300886,0.000000,-0.300886
608,5.806618,0.041282,1.366760,0.203179,0.000000,-0.203179
609,5.797034,0.008093,1.364649,0.089962,0.000000,-0.089962
610,5.787475,0.004076,1.362503,0.063842,0.000000,-0.063842
611,5.777976,0.021821,1.360502,0.147718,0.000000,-0.147718
612,5.768893,0.255690,1.359096,0.505658,0.200000,-0.305658
613,5.760755,0.812805,1.358344,0.901557,0.000000,0.901557
614,5.751840,0.322066,1.357048,0.567508,0.000000,0.567508
615,5.743265,0.512772,1.355999,0.716081,-0.200000,0.516081
616,5.734370,0.299635,1.354678,0.547390,0.000000,0.547390
617,5.725117,0.062295,1.352875,0.249589,0.810000,0.560411
618,5.718350,1.570066,1.352712,1.253023,0.430000,1.683023
619,5.709120,0.041884,1.350845,0.204656,0.220000,0.015344
620,5.700205,0.217517,1.349410,0.466387,0.440000,-0.026387
621,5.692781,1.119502,1.348937,1.058065,-0.880000,0.178065
622,5.684818,0.771575,1.348176,0.878393,-0.210000,0.668393
623,5.676073,0.271854,1.346840,0.521397,-0.210000,0.311397
624,5.666989,0.043964,1.345006,0.209675,-0.200000,0.009675
625,5.659826,1.219064,1.344618,1.104112,1.060000,-0.044112
626,5.650911,0.114237,1.343000,0.337989,0.000000,0.337989
627,5.641925,0.052607,1.341212,0.229361,0.220000,-0.009361
628,5.635008,1.326151,1.340909,1.151586,-0.870000,0.281586
629,5.626359,0.229219,1.339529,0.478768,0.210000,-0.268768
630,5.617612,0.150580,1.338009,0.388046,0.000000,0.388046
631,5.609597,0.592424,1.337103,0.769691,0.660000,-0.109691
632,5.602460,1.127304,1.336664,1.061746,1.320000,0.258254
633,5.600710,4.501586,1.337912,2.121694,-1.980000,0.141694
634,5.595683,2.433986,1.338265,1.560124,0.000000,-1.560124
635,5.586916,0.063820,1.336545,0.252627,-0.210000,0.042627
636,5.579022,0.597772,1.335653,0.773157,0.000000,-0.773157
637,5.571413,0.762388,1.334922,0.873148,0.000000,-0.873148
638,5.562677,0.032818,1.333103,0.181157,-0.810000,-0.991157
639,5.553948,0.019916,1.331226,0.141124,-0.600000,-0.741124
640,5.546480,0.803976,1.330542,0.896647,0.600000,-0.296647
641,5.539066,0.823810,1.329878,0.907640,-0.800000,0.107640
642,5.532128,1.112699,1.329447,1.054845,0.000000,-1.054845
643,5.524521,0.671327,1.328649,0.819346,0.400000,-0.419346
644,5.517092,0.770329,1.327944,0.877684,0.800000,-0.077684
645,5.509673,0.761422,1.327234,0.872595,-0.400000,0.472595
646,5.503398,1.480801,1.327062,1.216881,1.020000,-0.196881
647,5.494840,0.000933,1.325046,0.030547,0.880000,0.849453
648,5.488611,1.482827,1.324879,1.217714,-0.660000,0.557714
649,5.481412,0.845803,1.324251,0.919676,-1.440000,-0.520324
650,5.473128,0.129613,1.322758,0.360018,0.400000,0.039982
651,5.466257,1.027775,1.322281,1.013792,-0.400000,0.613792
652,5.457840,0.012182,1.320410,0.110371,0.000000,-0.110371
653,5.474179,16.061843,1.324551,4.007723,4.100000,0.092277
654,5.471608,3.802543,1.325513,1.950011,2.800000,0.849989
655,5.467775,2.976841,1.326128,1.725352,-2.300000,-0.574648
656,5.463138,2.444251,1.326492,1.563410,-2.720000,-1.156590
657,5.454949,0.115361,1.324980,0.339648,0.000000,-0.339648
658,5.449418,1.838181,1.325027,1.355795,-0.870000,0.485795
659,5.441797,0.457776,1.324037,0.676591,-1.410000,-0.733409
660,5.434291,0.517626,1.323116,0.719462,-0.590000,-1.309462
661,5.443073,11.203897,1.326197,3.347222,2.210000,-1.137222
662,5.447487,8.347525,1.328572,2.889208,3.380000,0.490792
663,5.443097,2.554722,1.328981,1.598350,-1.620000,-0.021650
664,5.436447,1.054020,1.328523,1.026655,-1.540000,-0.513345
665,5.428696,0.312978,1.327360,0.559444,-0.840000,-0.280556
666,5.421051,0.367770,1.326271,0.606441,-0.400000,-1.006441
667,5.414574,1.126495,1.325871,1.061365,-1.560000,-0.498635
668,5.415968,6.340239,1.327667,2.517983,1.360000,-1.157983
669,5.408796,0.646755,1.326879,0.804211,0.000000,0.804211
670,5.401042,0.244867,1.325630,0.494841,0.000000,-0.494841
671,5.393188,0.162306,1.324247,0.402872,-0.400000,0.002872
672,5.387005,1.263106,1.323947,1.123880,1.200000,0.076120
673,5.379303,0.234297,1.322691,0.484042,0.860000,0.375958
674,5.371495,0.147847,1.321291,0.384508,0.000000,0.384508
675,5.363492,0.001355,1.319377,0.036814,0.220000,0.183186
676,5.355524,0.008991,1.317554,0.094823,0.000000,0.094823
677,5.348769,0.809315,1.316933,0.899619,0.880000,-0.019619
678,5.340937,0.070394,1.315373,0.265319,0.220000,0.485319
679,5.335051,1.367456,1.315157,1.169383,-0.880000,0.289383
680,5.328519,0.919213,1.314630,0.958756,-0.660000,0.298756
681,5.321554,0.613705,1.313845,0.783394,-0.640000,0.143394
682,5.314716,0.684930,1.313128,0.827605,-0.600000,0.227605
683,5.306928,0.026752,1.311435,0.163561,0.000000,0.163561
684,5.299171,0.032173,1.309770,0.179370,-0.200000,-0.020630
685,5.291395,0.003780,1.307937,0.061480,0.000000,-0.061480
686,5.283654,0.011904,1.306179,0.109107,0.000000,0.109107
687,5.281751,3.984315,1.307189,1.996075,2.320000,0.323925
688,5.278201,2.853302,1.307748,1.689172,0.220000,1.909172
689,5.271281,0.538193,1.306910,0.733616,-0.660000,0.073616
690,5.264517,0.631121,1.306163,0.794431,-0.870000,-0.075569
691,5.256952,0.067316,1.304639,0.259453,-0.410000,-0.150547
692,5.249505,0.133212,1.303273,0.364983,0.410000,0.045017
693,5.241889,0.002024,1.301447,0.044990,0.210000,0.165010
694,5.234511,0.151628,1.300125,0.389394,0.220000,-0.169394
695,5.227021,0.058593,1.298594,0.242060,-0.220000,0.022060
696,5.219540,0.049938,1.297040,0.223468,-0.210000,0.013468
697,5.212597,0.408189,1.296091,0.638897,-0.210000,0.428897
698,5.207117,1.409537,1.295934,1.187239,-1.000000,0.187239
699,5.202769,2.185294,1.296196,1.478274,1.210000,-0.268274
700,5.195821,0.367096,1.295204,0.605884,0.430000,1.035884
701,5.188449,0.057743,1.293691,0.240298,0.000000,-0.240298
702,5.181952,0.653498,1.292995,0.808392,0.880000,0.071608
703,5.176708,1.516104,1.292907,1.231302,-0.880000,0.351302
704,5.170055,0.519611,1.292090,0.720840,-1.040000,-0.319160
705,5.163566,0.621004,1.291371,0.788038,-0.600000,0.188038
706,5.156802,0.415778,1.290450,0.644809,-0.400000,0.244809
707,5.149537,0.049370,1.288930,0.222194,-0.200000,0.022194
708,5.142268,0.032294,1.287355,0.179706,-0.190000,-0.010294
709,5.134975,0.000741,1.285567,0.027217,-0.190000,-0.162783
710,5.127710,0.005311,1.283850,0.072878,0.000000,0.072878
711,5.120814,0.252574,1.282745,0.502568,-0.360000,0.142568
712,5.114331,0.530834,1.281962,0.728583,-0.340000,0.388583
713,5.107506,0.275161,1.280894,0.524558,-0.170000,0.354558
714,5.100503,0.135706,1.279608,0.368383,0.000000,0.368383
715,5.093473,0.102010,1.278258,0.319390,0.000000,0.319390
716,5.086365,0.032352,1.276715,0.179868,0.000000,0.179868
717,5.079251,0.014143,1.275091,0.118925,0.000000,0.118925
718,5.072155,0.013002,1.273465,0.114026,0.000000,0.114026
719,5.065114,0.037534,1.271955,0.193736,0.000000,0.193736
720,5.058288,0.178206,1.270768,0.422144,-0.170000,0.252144
721,5.051235,0.001082,1.269042,0.032897,0.680000,0.647103
722,5.053467,6.653721,1.270867,2.579481,0.360000,2.939481
723,5.046625,0.133975,1.269608,0.366026,-0.180000,0.186026
724,5.039711,0.068912,1.268210,0.262511,0.000000,0.262511
725,5.033484,0.549882,1.267479,0.741540,-0.520000,0.221540
726,5.026582,0.050496,1.266035,0.224713,-0.170000,0.054713
727,5.020056,0.307817,1.265051,0.554812,-0.170000,-0.724812
728,5.013993,0.630541,1.264401,0.794066,-0.170000,-0.964066
729,5.008237,0.840890,1.263921,0.917001,0.000000,-0.917001
730,5.001798,0.333442,1.262976,0.577444,0.000000,-0.577444
731,4.995845,0.673916,1.262368,0.820924,-0.170000,-0.990924
732,4.988984,0.001248,1.260682,0.035326,-0.320000,-0.284674
733,4.983247,0.806836,1.260185,0.898240,0.160000,-0.738240
734,4.976716,0.215559,1.259095,0.464284,0.000000,-0.464284
735,4.970107,0.145097,1.257894,0.380915,0.330000,-0.050915
736,4.966161,2.081735,1.258146,1.442822,1.400000,-0.042822
737,4.959389,0.002775,1.256502,0.052677,0.790000,0.842677
738,4.952756,0.090424,1.255199,0.300707,-0.200000,-0.500707
739,4.946027,0.007355,1.253608,0.085760,-0.590000,-0.675760
740,4.940129,0.604754,1.252962,0.777659,0.000000,-0.777659
741,4.933539,0.083302,1.251653,0.288622,-0.550000,-0.261378
742,4.926898,0.032155,1.250200,0.179318,-0.510000,-0.689318
743,4.920390,0.117447,1.248972,0.342706,-0.510000,-0.852706
744,4.914178,0.323840,1.248053,0.569069,-0.160000,-0.729069
745,4.909149,1.187877,1.247840,1.089898,0.500000,-0.589898
746,4.902534,0.000399,1.246185,0.019978,0.000000,-0.019978
747,4.895936,0.000358,1.244533,0.018916,-0.170000,-0.151084
748,4.889753,0.295554,1.243591,0.543649,0.340000,-0.203649
749,4.883447,0.192061,1.242510,0.438247,-0.340000,0.098247
750,4.876941,0.030254,1.241078,0.173936,-0.330000,-0.156064
751,4.870531,0.088414,1.239815,0.297344,0.000000,-0.297344
752,4.864047,0.020777,1.238350,0.144142,0.000000,-0.144142
753,4.857558,0.003912,1.236780,0.062543,0.000000,-0.062543
754,4.851307,0.168757,1.235679,0.410801,0.000000,-0.410801
755,4.844890,0.032598,1.234274,0.180549,0.000000,-0.180549
756,4.838467,0.014804,1.232794,0.121673,-0.160000,-0.281673
757,4.832147,0.078928,1.231530,0.280941,-0.150000,-0.430941
758,4.825770,0.024518,1.230104,0.156581,0.000000,-0.156581
759,4.820550,0.884002,1.229720,0.940214,0.310000,-0.630214
760,4.814753,0.438492,1.228970,0.662188,0.000000,0.662188
761,4.808406,0.009599,1.227476,0.097976,-0.160000,-0.062024
762,4.802097,0.026720,1.226072,0.163462,0.000000,-0.163462
763,4.795776,0.004128,1.224541,0.064249,0.000000,-0.064249
764,4.789725,0.197527,1.223515,0.444440,0.320000,-0.124440
765,4.786715,2.498914,1.223984,1.580795,1.760000,0.179205
766,4.801982,16.420093,1.227696,4.052171,-1.420000,2.632171
767,4.795713,0.018753,1.226266,0.136940,-0.500000,-0.636940
768,4.789659,0.170442,1.225202,0.412846,0.000000,-0.412846
769,4.783444,0.035326,1.223846,0.187952,-0.160000,-0.347952
770,4.777489,0.221581,1.222863,0.470723,-0.150000,-0.620723
771,4.771960,0.536756,1.222223,0.732636,0.000000,-0.732636
772,4.765985,0.183534,1.221190,0.428409,0.000000,-0.428409
773,4.761246,1.121640,1.220979,1.059075,0.980000,-0.079075
774,4.755212,0.114733,1.219833,0.338722,-0.670000,-0.331278
775,4.750612,1.208383,1.219677,1.099265,0.330000,-0.769265
776,4.744609,0.116453,1.218539,0.341252,0.000000,0.341252
777,4.738580,0.084399,1.217338,0.290514,-0.640000,-0.349486
778,4.734740,1.766398,1.217483,1.329059,0.640000,-0.689059
779,4.736188,5.857025,1.219035,2.420129,1.790000,-0.630129
780,4.732022,1.503102,1.219043,1.226011,1.200000,-0.026011
781,4.726006,0.057581,1.217783,0.239961,0.200000,-0.039961
782,4.720250,0.248102,1.216858,0.498099,0.000000,-0.498099
783,4.714383,0.149396,1.215792,0.386518,0.640000,0.253482
784,4.714233,4.597495,1.216983,2.144177,2.660000,0.515823
785,4.747521,30.712112,1.222520,5.541851,5.300000,-0.241851
786,4.744895,2.694374,1.223056,1.641455,-1.300000,0.341455
787,4.739307,0.369429,1.222270,0.607807,-2.300000,-1.692193
788,4.736698,2.693625,1.222805,1.641227,-2.600000,-0.958773
789,4.730906,0.190280,1.221803,0.436211,-1.760000,-1.323789
790,4.724930,0.033463,1.220481,0.182929,-1.240000,-1.057071
791,4.719257,0.260231,1.219578,0.510128,-0.800000,-1.310128
792,4.713573,0.240211,1.218653,0.490113,-0.760000,-1.250113
793,4.708468,0.685830,1.218158,0.828149,-0.180000,-1.008149
794,4.703275,0.606365,1.217601,0.778695,-0.170000,-0.948695
795,4.697490,0.126962,1.216512,0.356317,0.000000,0.356317
796,4.691715,0.123971,1.215421,0.352096,0.000000,0.352096
797,4.688690,2.292596,1.215798,1.514132,0.000000,1.514132
798,4.684320,1.218819,1.215657,1.104001,0.530000,1.634001
799,4.679320,0.710025,1.215188,0.842630,0.780000,1.622630
800,4.673484,0.033375,1.213891,0.182688,1.000000,0.817312
801,4.669811,1.746599,1.214026,1.321589,-0.400000,0.921589
802,4.667243,2.619870,1.214533,1.618601,-1.000000,0.618601
803,4.661480,0.062925,1.213327,0.250849,-0.190000,0.060849
804,4.655744,0.072995,1.212148,0.270177,0.000000,0.270177
805,4.659060,7.311861,1.214010,2.704045,2.870000,0.165955
806,5.284648,506.380218,1.240555,22.502894,22.920000,0.417106
807,5.495271,174.415047,1.255457,13.206629,2.200000,15.406629
808,5.552549,51.546974,1.262825,7.179622,-15.300000,-8.120378
809,5.555837,8.199275,1.264813,2.863438,-7.100000,-9.963438
810,5.579875,24.930408,1.269439,4.993036,4.800000,-0.193036
811,5.920349,280.342209,1.288614,16.743423,16.800000,0.056577
812,6.129033,174.536990,1.303369,13.211245,12.400000,-0.811245
813,6.204218,66.953763,1.311873,8.182528,8.700000,0.517472
814,6.478751,228.575922,1.328918,15.118728,-28.300000,-13.181272
815,6.676284,166.677808,1.343199,12.910376,-7.700000,-20.610376
816,7.325944,534.200584,1.370008,23.112780,-2.100000,21.012780
817,7.381893,52.812093,1.377262,7.267193,-0.300000,6.967193
818,7.376508,2.998825,1.377698,1.731712,-1.100000,-2.831712
819,7.394953,22.408904,1.381815,4.733804,1.400000,-3.333804
820,8.486148,897.810721,1.416842,29.963490,20.000000,-9.963490
821,8.636065,130.967585,1.429115,11.444107,1.600000,-9.844107
822,8.628522,2.465934,1.429288,1.570329,-8.100000,-6.529671
823,8.885243,218.883179,1.445607,14.794701,-1.900000,-16.694701
824,8.915650,33.819450,1.450936,5.815449,2.600000,-3.215449
825,8.917936,10.791792,1.453170,3.285086,-2.600000,0.685086
826,8.931154,19.783224,1.456813,4.447834,3.300000,-1.147834
827,9.005491,70.110921,1.465217,8.373226,-1.400000,6.973226
828,8.999534,4.096855,1.465896,2.024069,-7.400000,-5.375931
829,9.005881,14.235695,1.468692,3.773022,-1.900000,1.873022
830,9.349759,293.049267,1.487639,17.118682,15.800000,-1.318682
831,9.417841,65.653486,1.495638,8.102684,0.800000,8.902684
832,9.419949,11.162897,1.497866,3.341092,-3.800000,-0.458908
833,9.507786,82.237350,1.506999,9.068481,-10.900000,-1.831519
834,9.502128,4.811563,1.507826,2.193528,-4.000000,-1.806472
835,9.502949,10.183959,1.509852,3.191232,-2.100000,1.091232
836,9.503260,9.762160,1.511792,3.124446,-0.700000,-3.824446
837,9.506436,12.148586,1.514162,3.485482,-0.400000,-3.885482
838,9.522596,22.983911,1.518094,4.794154,-1.800000,2.994154
839,9.517312,5.110662,1.518984,2.260677,-0.300000,1.960677
840,9.507952,1.692608,1.518723,1.301003,-0.200000,1.101003
841,9.524930,23.717964,1.522727,4.870109,-1.500000,3.370109
842,9.513708,0.121225,1.521325,0.348174,-1.320000,-1.668174
843,9.510572,6.882403,1.522639,2.623433,-0.880000,1.743433
844,9.507057,6.557911,1.523875,2.560842,-0.880000,1.680842
845,9.496377,0.525661,1.522925,0.725025,-0.620000,0.105025
846,9.485216,0.098374,1.521489,0.313646,-0.400000,-0.086354
847,9.475009,0.880799,1.520797,0.938509,0.400000,1.338509
848,9.465086,1.100437,1.520238,1.049017,3.000000,1.950983
849,9.454032,0.124251,1.518856,0.352493,0.700000,1.052493
850,9.442932,0.063249,1.517358,0.251494,0.300000,0.048506
851,9.431804,0.017421,1.515723,0.131989,0.600000,0.468011
852,9.420960,0.236377,1.514509,0.486186,0.600000,1.086186
853,9.409930,0.056617,1.513005,0.237943,1.100000,0.862057
854,9.404018,4.384691,1.513688,2.093965,-1.400000,0.693965
855,9.399136,5.248892,1.514602,2.291046,-1.400000,0.891046
856,9.388523,0.356752,1.513525,0.597288,-0.900000,-0.302712
857,9.378491,0.831365,1.512820,0.911792,-0.440000,0.471792
858,9.377710,8.711512,1.514505,2.951527,-0.660000,2.291527
859,9.373010,5.359737,1.515441,2.315111,-1.300000,1.015111
860,9.362236,0.149949,1.514123,0.387232,-0.400000,-0.012768
861,9.351323,0.010258,1.512474,0.101281,0.610000,0.508719
862,9.343529,2.663534,1.512614,1.632034,-0.610000,1.022034
863,9.333862,1.039506,1.512040,1.019562,-1.000000,0.019562
864,9.324912,1.637489,1.511769,1.279644,-0.760000,0.519644
865,9.315047,0.830694,1.511072,0.911424,0.000000,0.911424
866,9.306779,2.188207,1.511035,1.479259,0.000000,1.479259
867,9.296035,0.034591,1.509500,0.185987,0.180000,0.365987
868,9.285335,0.051395,1.508015,0.226705,0.000000,0.226705
869,9.274797,0.169899,1.506748,0.412188,0.780000,0.367812
870,9.264091,0.003165,1.505073,0.056256,0.400000,0.343744
871,9.253473,0.058294,1.503616,0.241442,-0.200000,0.041442
872,9.243289,0.414411,1.502625,0.643748,-0.600000,0.043748
873,9.232653,0.000133,1.500909,0.011552,-0.190000,-0.178448
874,9.222041,0.000004,1.499187,0.002076,0.190000,0.187924
875,9.211558,0.091564,1.497813,0.302596,-0.190000,0.112596
876,9.201007,0.010728,1.496214,0.103578,-0.190000,-0.086422
877,9.194889,3.860230,1.496751,1.964747,1.780000,-0.184747
878,9.186662,2.005060,1.496658,1.416001,0.200000,1.616001
879,9.177818,1.448015,1.496323,1.203335,-0.400000,0.803335
880,9.168271,0.814711,1.495645,0.902613,0.200000,1.102613
881,9.161145,2.918300,1.495888,1.708303,-0.600000,1.108303
882,9.150788,0.068116,1.494481,0.260991,0.200000,0.460991
883,9.140651,0.240499,1.493339,0.490407,0.400000,0.890407
884,9.130613,0.306885,1.492271,0.553972,0.200000,0.753972
885,9.130404,8.946270,1.493973,2.991032,3.300000,0.308968
886,9.120586,0.471508,1.493057,0.686664,0.800000,1.486664
887,9.120930,9.423850,1.494843,3.069829,-3.020000,0.049829
888,9.110903,0.256879,1.493725,0.506833,-0.660000,-0.153167
889,9.102085,1.307292,1.493330,1.143368,-0.820000,0.323368
890,9.092031,0.193944,1.492141,0.440390,-0.400000,0.040390
891,9.082599,0.726099,1.491420,0.852114,-0.200000,0.652114
892,9.072444,0.065306,1.490028,0.255551,-0.400000,-0.655551
893,9.062246,0.006322,1.488441,0.079510,-0.200000,-0.120490
894,9.052205,0.125829,1.487167,0.354724,0.000000,0.354724
895,9.042946,0.802001,1.486503,0.895545,-0.190000,0.705545
896,9.032835,0.023712,1.485009,0.153988,-0.190000,-0.036012
897,9.023056,0.300699,1.483961,0.548360,0.000000,0.548360
898,9.012980,0.014586,1.482436,0.120773,0.000000,0.120773
899,9.003079,0.151938,1.481215,0.389792,0.380000,-0.009792
900,8.993204,0.155268,1.480002,0.394041,0.000000,0.394041
901,8.983298,0.107304,1.478717,0.327572,-0.190000,0.137572
902,8.973564,0.241721,1.477618,0.491652,-0.190000,0.301652
903,8.963695,0.101919,1.476329,0.319248,0.000000,0.319248
904,8.953978,0.217938,1.475207,0.466839,-0.180000,0.286839
905,8.944109,0.062133,1.473847,0.249264,0.000000,0.249264
906,8.934195,0.002040,1.472263,0.045170,0.180000,0.225170
907,8.925013,0.642994,1.471521,0.801869,0.980000,0.178131
908,8.915749,0.549897,1.470713,0.741550,0.000000,0.741550
909,8.907535,1.482213,1.470433,1.217462,-0.790000,0.427462
910,8.898136,0.392347,1.469502,0.626376,-0.370000,0.256376
911,8.888499,0.156825,1.468318,0.396011,-0.180000,0.216011
912,8.878861,0.137329,1.467109,0.370579,-0.170000,0.200579
913,8.869146,0.047991,1.465736,0.219069,-0.170000,0.049069
914,8.859437,0.033809,1.464327,0.183872,0.000000,-0.183872
915,8.849764,0.047841,1.462960,0.218725,0.170000,-0.048725
916,8.840172,0.101208,1.461705,0.318132,-0.170000,0.148132
917,8.830705,0.196955,1.460590,0.443797,0.000000,0.443797
918,8.821224,0.165222,1.459437,0.406475,0.000000,0.406475
919,8.811633,0.045337,1.458074,0.212925,0.000000,-0.212925
920,8.802118,0.096078,1.456821,0.309964,0.000000,0.309964
921,8.793055,0.491326,1.455997,0.700947,-0.170000,0.530947
922,8.784111,0.582164,1.455242,0.762996,-0.170000,0.592996
923,8.774934,0.350988,1.454303,0.592442,0.000000,0.592442
924,8.765799,0.370833,1.453384,0.608960,-0.170000,0.438960
925,8.756347,0.060361,1.452073,0.245685,0.000000,0.245685
926,8.746970,0.110960,1.450859,0.333107,-0.170000,0.163107
927,8.737502,0.007183,1.449379,0.084752,0.000000,0.084752
928,8.728076,0.028703,1.447994,0.169420,0.170000,0.000580
929,8.718749,0.100328,1.446771,0.316745,0.170000,0.486745
930,8.709416,0.076526,1.445507,0.276634,-0.170000,0.106634
931,8.700142,0.112346,1.444309,0.335181,0.000000,0.335181
932,8.690957,0.176260,1.443205,0.419833,0.000000,0.419833
933,8.681694,0.085594,1.441967,0.292565,0.680000,0.387435
934,8.672360,0.000850,1.440448,0.029152,0.720000,0.749152
935,8.663531,0.452477,1.439623,0.672664,0.590000,-0.082664
936,8.654242,0.006584,1.438165,0.081142,-0.200000,-0.281142
937,8.645041,0.070126,1.436908,0.264812,0.000000,-0.264812
938,8.635797,0.011122,1.435482,0.105459,-0.200000,-0.094541
939,8.626577,0.014373,1.434075,0.119888,-0.190000,-0.070112
940,8.617361,0.000338,1.432563,0.018396,-0.190000,-0.208396
941,8.608337,0.162631,1.431464,0.403275,0.000000,-0.403275
942,8.599252,0.085975,1.430251,0.293215,0.000000,-0.293215
943,8.590134,0.038033,1.428935,0.195021,0.000000,-0.195021
944,8.580997,0.001049,1.427450,0.032395,0.000000,0.032395
945,8.572571,0.651709,1.426791,0.807285,-0.180000,0.627285
946,8.563845,0.352651,1.425906,0.593844,0.000000,0.593844
947,8.554880,0.110170,1.424746,0.331919,0.180000,0.511919
948,8.545887,0.065618,1.423508,0.256161,0.000000,0.256161
949,8.536878,0.032739,1.422193,0.180940,0.000000,0.180940
950,8.528809,0.903135,1.421695,0.950334,-0.180000,0.770334
951,8.520303,0.473661,1.420920,0.688230,0.000000,0.688230
952,8.511477,0.153400,1.419834,0.391664,0.180000,0.571664
953,8.503240,0.694332,1.419216,0.833266,-0.180000,0.653266
954,8.494297,0.007314,1.417812,0.085519,0.180000,0.094481
955,8.485366,0.000688,1.416349,0.026232,0.000000,-0.026232
956,8.476488,0.033824,1.415055,0.183913,-0.180000,0.003913
957,8.467597,0.003237,1.413629,0.056891,0.000000,0.056891
958,8.458746,0.024045,1.412310,0.155065,0.000000,0.155065
959,8.449894,0.004953,1.410905,0.070378,0.000000,0.070378
960,8.441150,0.090917,1.409745,0.301525,0.370000,0.068475
961,8.432332,0.001675,1.408314,0.040925,0.190000,0.149075
962,8.423530,0.000779,1.406873,0.027904,0.400000,0.372096
963,8.414960,0.204167,1.405877,0.451848,0.600000,0.148152
964,8.406656,0.443108,1.405106,0.665664,0.600000,-0.065664
965,8.398678,0.740022,1.404539,0.860245,-1.000000,-0.139755
966,8.393645,3.557296,1.405040,1.886080,-0.400000,1.486080
967,8.384949,0.019077,1.403724,0.138119,0.000000,-0.138119
968,8.376256,0.004747,1.402340,0.068902,-0.200000,-0.131098
969,8.368562,0.952001,1.401898,0.975706,0.200000,1.175706
970,8.359902,0.002649,1.400500,0.051471,0.000000,-0.051471
971,8.351262,0.005515,1.399128,0.074263,-0.200000,-0.125737
972,8.342864,0.221456,1.398169,0.470591,0.600000,0.129409
973,8.334949,0.673473,1.397573,0.820654,0.000000,0.820654
974,8.326643,0.277656,1.396675,0.526931,-0.400000,0.126931
975,8.318250,0.177542,1.395671,0.421358,-0.200000,0.221358
976,8.309867,0.170036,1.394659,0.412354,0.000000,0.412354
977,8.301630,0.294900,1.393784,0.543047,-0.190000,0.353047
978,8.293151,0.043490,1.392567,0.208542,0.190000,0.398542
979,8.284776,0.126997,1.391504,0.356366,0.000000,0.356366
980,8.276423,0.132427,1.390452,0.363906,-0.190000,0.173906
981,8.268962,0.987060,1.390045,0.993509,-0.720000,0.273509
982,8.261058,0.539394,1.389375,0.734434,-0.340000,0.394434
983,8.252694,0.072128,1.388230,0.268566,0.510000,0.241434
984,8.244562,0.283366,1.387357,0.532321,0.180000,0.712321
985,8.236160,0.002680,1.385995,0.051768,0.000000,-0.051768
986,8.228053,0.274751,1.385118,0.524167,-0.690000,-0.165833
987,8.219834,0.148977,1.384101,0.385975,0.340000,-0.045975
988,8.211487,0.006411,1.382776,0.080067,0.720000,0.639933
989,8.203525,0.368441,1.381988,0.606993,-0.370000,0.236993
990,8.195218,0.013043,1.380703,0.114206,0.000000,0.114206
991,8.186929,0.013750,1.379422,0.117261,0.000000,0.117261
992,8.178648,0.005320,1.378100,0.072941,0.000000,-0.072941
993,8.170675,0.293380,1.377254,0.541646,-0.350000,0.191646
994,8.162659,0.234911,1.376353,0.484676,0.350000,-0.134676
995,8.154440,0.018286,1.375100,0.135227,0.000000,-0.135227
996,8.146227,0.006318,1.373794,0.079486,0.000000,-0.079486
997,8.138025,0.002223,1.372458,0.047152,0.000000,0.047152
998,8.129914,0.075028,1.371353,0.273912,0.180000,-0.093912
999,8.121820,0.076522,1.370253,0.276626,-0.180000,0.096626
1000,8.113698,0.032388,1.369058,0.179967,0.180000,0.000033
1001,8.105676,0.116069,1.368026,0.340689,0.190000,-0.150689
1002,8.098415,0.859217,1.367584,0.926940,0.790000,-0.136940
1003,8.090948,0.638787,1.367015,0.799242,1.210000,0.410758
1004,8.083511,0.654236,1.366457,0.808849,-0.810000,-0.001151
1005,8.075554,0.117794,1.365435,0.343212,-0.400000,-0.056788
1006,8.067494,0.000317,1.364090,0.017804,0.200000,0.182196
1007,8.060357,0.908365,1.363680,0.953082,-0.600000,0.353082
1008,8.052431,0.102705,1.362641,0.320477,-0.200000,0.120477
1009,8.044446,0.028059,1.361452,0.167509,0.200000,0.032491
1010,8.036505,0.055594,1.360333,0.235784,-0.200000,0.035784
1011,8.028627,0.103257,1.359301,0.321336,-0.190000,0.131336
1012,8.024208,3.573935,1.359828,1.890486,2.210000,0.319514
1013,8.016774,0.524114,1.359198,0.723957,-0.210000,0.513957
1014,8.009036,0.201000,1.358296,0.448330,-0.610000,-0.161670
1015,8.002319,1.218364,1.358045,1.103795,0.820000,-0.283795
1016,8.001385,7.056490,1.359328,2.656406,-2.580000,0.076406
1017,7.993674,0.190191,1.358416,0.436108,-0.180000,-0.616108
1018,7.994460,8.790587,1.360000,2.964892,2.980000,0.015108
1019,7.990265,3.736921,1.360565,1.933112,1.960000,0.026888
1020,7.999122,16.989036,1.363283,4.121776,-2.180000,1.941776
1021,7.992442,1.205914,1.363022,1.098141,-0.620000,-1.718141
1022,7.984992,0.407553,1.362310,0.638399,-0.400000,0.238399
1023,7.977651,0.505010,1.361671,0.710641,0.000000,0.710641
1024,7.969878,0.049173,1.360553,0.221749,0.000000,-0.221749
1025,7.966777,4.803703,1.361367,2.191735,1.680000,-0.511735
1026,7.960174,1.218128,1.361115,1.103688,-1.280000,-0.176312
1027,7.952409,0.017335,1.359913,0.131662,-0.400000,-0.531662
1028,7.944668,0.024884,1.358739,0.157747,0.400000,0.242253
1029,7.937917,1.024948,1.358401,1.012397,-1.000000,0.012397
1030,7.930829,0.665732,1.357873,0.815924,-1.140000,-0.324076
1031,7.923549,0.454745,1.357207,0.674348,0.940000,0.265652
1032,7.916762,0.945903,1.356833,0.972576,-0.580000,0.392576
1033,7.909433,0.375962,1.356110,0.613157,-0.530000,0.083157
1034,7.901764,0.009621,1.354889,0.098086,0.350000,0.251914
1035,7.894155,0.056675,1.353806,0.238064,0.000000,0.238064
1036,7.886616,0.114309,1.352821,0.338097,0.000000,0.338097
1037,7.879163,0.187429,1.351931,0.432931,-0.180000,0.252931
1038,7.871744,0.208641,1.351065,0.456772,0.550000,0.093228
1039,7.864477,0.350320,1.350332,0.591878,-0.190000,0.401878
1040,7.856917,0.032350,1.349202,0.179861,0.000000,-0.179861
1041,7.849621,0.290698,1.348421,0.539164,-0.360000,0.179164
1042,7.842565,0.525712,1.347820,0.725060,-0.340000,0.385060
1043,7.835260,0.252365,1.347007,0.502360,0.700000,0.197640
1044,7.827758,0.032662,1.345885,0.180725,0.580000,0.399275
1045,7.820502,0.274517,1.345096,0.523944,-0.200000,0.323944
1046,7.813126,0.134930,1.344157,0.367329,-0.190000,0.177329
1047,7.805886,0.261873,1.343359,0.511735,-0.190000,0.321735
1048,7.798782,0.389351,1.342670,0.623980,-0.360000,0.263980
1049,7.791413,0.098433,1.341685,0.313740,-0.170000,0.143740
1050,7.784143,0.187070,1.340816,0.432516,-0.510000,-0.077484
1051,7.777047,0.354298,1.340104,0.595229,0.340000,-0.255229
1052,7.769628,0.001762,1.338865,0.041974,0.340000,0.381974
1053,7.762222,0.001277,1.337623,0.035739,0.000000,-0.035739
1054,7.754912,0.086597,1.336630,0.294274,0.000000,0.294274
1055,7.747536,0.002343,1.335404,0.048401,0.000000,0.048401
1056,7.740188,0.017626,1.334261,0.132762,0.000000,0.132762
1057,7.733109,0.285542,1.333501,0.534361,-0.340000,0.194361
1058,7.725865,0.097742,1.332532,0.312637,-0.170000,0.142637
1059,7.719431,0.938600,1.332188,0.968814,-0.830000,0.138814
1060,7.712138,0.017801,1.331052,0.133420,0.320000,0.186580
1061,7.705261,0.443024,1.330423,0.665601,0.510000,1.175601
1062,7.698149,0.180686,1.329567,0.425072,0.000000,0.425072
1063,7.691155,0.291972,1.328822,0.540344,-0.340000,0.200344
1064,7.683991,0.096856,1.327862,0.311217,0.000000,0.311217
1065,7.676888,0.147524,1.326972,0.384088,0.850000,0.465912
1066,7.670037,0.401814,1.326320,0.633888,0.000000,0.633888
1067,7.662830,0.008826,1.325160,0.093947,0.000000,0.093947
1068,7.655667,0.041784,1.324107,0.204411,0.000000,0.204411
1069,7.648486,0.007051,1.322943,0.083971,0.000000,0.083971
1070,7.641522,0.225444,1.322147,0.474809,-0.170000,0.304809
1071,7.634759,0.424971,1.321519,0.651898,-0.340000,0.311898
1072,7.627883,0.291539,1.320787,0.539944,0.510000,-0.029944
1073,7.620791,0.046245,1.319753,0.215046,0.000000,0.215046
1074,7.613669,0.000656,1.318543,0.025613,0.000000,-0.025613
1075,7.606580,0.021642,1.317449,0.147111,0.000000,0.147111
1076,7.599485,0.000006,1.316223,0.002372,0.000000,-0.002372
1077,7.592423,0.022524,1.315136,0.150081,0.000000,0.150081
1078,7.585373,0.020916,1.314046,0.144624,0.000000,0.144624
1079,7.578318,0.001026,1.312853,0.032027,0.000000,-0.032027
1080,7.571300,0.026905,1.311786,0.164027,0.180000,0.015973
1081,7.564271,0.001371,1.310602,0.037026,0.000000,0.037026