# TEST CONFIGURATION BEGIN
# File Stream: filename: icelandicriver_flow.csv  -  n_targets: 1
# [icelandicriver_flow_ADE_HOMO_ABSTAIN_HATREE_SIZE_8] Pipeline: Array BaseStreamModel: base_models: [<skmultiflow.trees.regression_hoeffding_adaptive_tree.RegressionHAT object at 0x7f22874b7400>, <skmultiflow.trees.regression_hoeffding_adaptive_tree.RegressionHAT object at 0x7f22874b7438>, <skmultiflow.trees.regression_hoeffding_adaptive_tree.RegressionHAT object at 0x7f22874b7470>, <skmultiflow.trees.regression_hoeffding_adaptive_tree.RegressionHAT object at 0x7f22874b74a8>, <skmultiflow.trees.regression_hoeffding_adaptive_tree.RegressionHAT object at 0x7f22874b74e0>, <skmultiflow.trees.regression_hoeffding_adaptive_tree.RegressionHAT object at 0x7f22874b7518>, <skmultiflow.trees.regression_hoeffding_adaptive_tree.RegressionHAT object at 0x7f22874b7550>, <skmultiflow.trees.regression_hoeffding_adaptive_tree.RegressionHAT object at 0x7f22874b7588>]
 Array BaseStreamModel: base_models: [<skmultiflow.trees.regression_hoeffding_adaptive_tree.RegressionHAT object at 0x7f22874b7400>, <skmultiflow.trees.regression_hoeffding_adaptive_tree.RegressionHAT object at 0x7f22874b7438>, <skmultiflow.trees.regression_hoeffding_adaptive_tree.RegressionHAT object at 0x7f22874b7470>, <skmultiflow.trees.regression_hoeffding_adaptive_tree.RegressionHAT object at 0x7f22874b74a8>, <skmultiflow.trees.regression_hoeffding_adaptive_tree.RegressionHAT object at 0x7f22874b74e0>, <skmultiflow.trees.regression_hoeffding_adaptive_tree.RegressionHAT object at 0x7f22874b7518>, <skmultiflow.trees.regression_hoeffding_adaptive_tree.RegressionHAT object at 0x7f22874b7550>, <skmultiflow.trees.regression_hoeffding_adaptive_tree.RegressionHAT object at 0x7f22874b7588>]
# Prequential Evaluator: n_wait: 1 - max_samples: 600000 - max_time: 10000000 - output_file: icelandicriver_flow_ADE_HOMO_ABSTAIN_HATREE_SIZE_8_SIZE_8 - batch_size: 1 - pretrain_size: 5 - task_type: regression - show_plot: False - metrics: ['mean_square_error', 'mean_absolute_error', 'true_vs_predicted']
# TEST CONFIGURATION END
id,global_mse_[icelandicriver_flow_ADE_HOMO_ABSTAIN_HATREE_SIZE_8],sliding_mse_[icelandicriver_flow_ADE_HOMO_ABSTAIN_HATREE_SIZE_8],global_mae_[icelandicriver_flow_ADE_HOMO_ABSTAIN_HATREE_SIZE_8],sliding_mae_[icelandicriver_flow_ADE_HOMO_ABSTAIN_HATREE_SIZE_8],true_value_[icelandicriver_flow_ADE_HOMO_ABSTAIN_HATREE_SIZE_8],predicted_value_[icelandicriver_flow_ADE_HOMO_ABSTAIN_HATREE_SIZE_8]
5,1.901217,1.901217,1.378846,1.378846,-0.210000,1.168846
6,1.375419,0.849622,1.150298,0.921749,-0.610000,0.311749
7,1.165707,0.746282,1.054824,0.863876,-0.400000,0.463876
8,2.753511,7.516924,1.476543,2.741701,-2.720000,0.021701
9,2.619891,2.085412,1.470054,1.444096,1.180000,-0.264096
10,2.477047,1.762823,1.446330,1.327713,0.940000,-0.387713
11,3.893472,12.392028,1.742602,3.520231,0.800000,4.320231
12,4.228579,6.574326,1.845282,2.564045,0.000000,2.564045
13,4.931847,10.557987,2.001285,3.249306,0.200000,3.449306
14,4.442689,0.040275,1.821225,0.200687,0.200000,0.400687
15,4.047475,0.095325,1.683727,0.308748,0.000000,0.308748
16,4.730889,12.248443,1.835065,3.499778,-1.590000,1.909778
17,4.485642,1.542683,1.789448,1.242048,1.190000,-0.052048
18,4.207019,0.584913,1.716259,0.764796,1.240000,0.475204
19,4.708185,11.724522,1.830115,3.424109,-0.640000,2.784109
20,4.621007,3.313338,1.829499,1.820258,-0.400000,1.420258
21,4.623738,4.667425,1.848965,2.160422,-0.200000,1.960422
22,4.367348,0.008719,1.751432,0.093376,-0.200000,-0.106624
23,4.137508,0.000390,1.660291,0.019748,0.000000,0.019748
24,3.973888,0.865107,1.623782,0.930111,0.200000,1.130111
25,3.790543,0.123649,1.563204,0.351638,0.000000,0.351638
26,3.619527,0.028183,1.499780,0.167877,-0.200000,-0.032123
27,3.492098,0.688672,1.470653,0.829863,-0.200000,0.629863
28,3.350593,0.095956,1.422283,0.309768,0.000000,0.309768
29,3.310964,2.359881,1.426839,1.536190,0.200000,1.736190
30,3.186164,0.066156,1.381853,0.257208,0.200000,0.457208
31,3.194959,3.423626,1.399203,1.850304,0.200000,-1.650304
32,3.081615,0.021330,1.354448,0.146047,-0.400000,-0.546047
33,2.976754,0.040657,1.314696,0.201635,0.000000,-0.201635
34,2.881158,0.108868,1.281871,0.329951,0.000000,-0.329951
35,2.790311,0.064917,1.248739,0.254789,0.200000,-0.054789
36,2.770427,2.154001,1.255580,1.467652,-1.560000,-0.092348
37,2.686519,0.001458,1.218689,0.038182,0.000000,-0.038182
38,2.618829,0.385078,1.201097,0.620547,0.560000,-0.060547
39,2.544244,0.008345,1.169390,0.091348,0.400000,0.308652
40,2.473736,0.005955,1.139050,0.077169,0.600000,0.677169
41,2.413483,0.244374,1.121626,0.494342,1.020000,0.525658
42,6.564019,160.133850,1.425120,12.654400,13.080000,0.425600
43,81.205405,2917.578072,2.773568,54.014610,-6.800000,47.214610
44,79.207298,1.281139,2.732526,1.131874,-2.600000,-3.731874
45,77.276176,0.031293,2.670194,0.176899,-1.500000,-1.676899
46,75.532140,4.026647,2.654395,2.006651,-0.860000,-2.866651
47,74.788381,43.550532,2.746137,6.599283,-0.660000,5.939283
48,73.209922,5.336161,2.736225,2.310013,-0.440000,1.870013
49,72.028615,20.051123,2.774927,4.477848,-0.220000,-4.697848
50,70.509490,2.148876,2.746470,1.465904,-0.210000,-1.675904
51,72.850866,180.554161,2.973929,13.437044,0.000000,-13.437044
52,72.056924,34.741628,3.034768,5.894203,-0.210000,5.684203
53,70.943128,17.480913,3.058161,4.181018,-0.400000,3.781018
54,70.425411,45.057275,3.131247,6.712472,0.000000,6.712472
55,69.761239,36.552626,3.188397,6.045877,0.000000,6.045877
56,68.419866,0.009871,3.128992,0.099353,-0.400000,-0.300647
57,67.185709,3.009537,3.102687,1.734802,1.210000,2.944802
58,65.942496,0.052207,3.049461,0.228489,-3.060000,-2.831511
59,64.972490,12.592147,3.058535,3.548542,-0.670000,-4.218542
60,63.906018,5.250079,3.044835,2.291305,1.180000,-1.111305
61,63.464565,38.743217,3.100617,6.224405,0.940000,-5.284405
62,62.370446,0.005645,3.048453,0.075134,0.000000,0.075134
63,61.324522,0.660948,3.010564,0.812987,2.040000,2.852987
64,60.458732,9.377084,3.011424,3.062202,5.460000,2.397798
65,59.553568,5.243751,2.999597,2.289924,-1.320000,0.969924
66,58.715905,7.618485,2.995735,2.760160,0.880000,-1.880160
67,57.915472,8.288586,2.993882,2.878990,-0.660000,2.218990
68,57.086729,4.875958,2.981605,2.208157,-0.220000,1.988157
69,56.208481,0.000615,2.936115,0.024802,-0.440000,-0.415198
70,55.364913,0.532978,2.902690,0.730054,1.100000,0.369946
71,54.606451,4.547964,2.891196,2.132596,0.000000,2.132596
72,53.844255,2.777133,2.873186,1.666473,-0.870000,0.796473
73,53.083052,1.321205,2.848204,1.149437,-0.230000,0.919437
74,52.428548,7.267769,2.846028,2.695880,-0.420000,2.275880
75,51.691722,0.113909,2.810696,0.337505,-0.200000,-0.537505
76,50.982274,0.611458,2.782520,0.781958,-0.400000,0.381958
77,50.351873,4.963016,2.774920,2.227783,0.000000,2.227783
78,49.676319,0.360862,2.745539,0.600718,0.600000,1.200718
79,49.119335,7.902571,2.746414,2.811151,-0.800000,2.011151
80,48.504425,2.386142,2.730602,1.544714,0.000000,1.544714
81,47.929675,4.248673,2.721909,2.061231,0.200000,2.261231
82,47.317520,0.181579,2.692476,0.426121,-0.200000,0.226121
83,46.718578,0.001111,2.658816,0.033334,-0.200000,-0.166666
84,46.137220,0.209959,2.631308,0.458213,-0.200000,0.258213
85,45.590477,1.851015,2.615620,1.360520,0.000000,-1.360520
86,45.083604,4.026915,2.608194,2.006718,0.000000,-2.006718
87,44.545844,0.449475,2.584847,0.670429,0.000000,0.670429
88,44.019172,0.305381,2.560654,0.552613,-0.200000,-0.752613
89,43.505652,0.370003,2.537685,0.608278,-0.200000,0.408278
90,43.016910,1.473820,2.522293,1.214010,0.600000,-0.614010
91,42.523894,0.124532,2.497358,0.352891,-0.200000,0.152891
92,42.040762,0.008257,2.470011,0.090865,-0.200000,-0.109135
93,41.582103,1.220171,2.454670,1.104614,1.000000,-0.104614
94,41.252149,11.886178,2.465703,3.447634,1.040000,-2.407634
95,40.809421,0.963926,2.449396,0.981798,1.760000,0.778202
96,40.373784,0.730866,2.432065,0.854907,4.300000,3.445093
97,40.033138,8.693643,2.437618,2.948498,2.300000,5.248498
98,39.614231,0.655926,2.420301,0.809893,2.700000,3.509893
99,39.256896,5.667369,2.419884,2.380624,4.300000,1.919376
100,38.858582,1.018806,2.405191,1.009359,1.700000,2.709359
101,39.443848,95.629350,2.481210,9.779026,10.700000,0.920974
102,39.370678,32.273173,2.513860,5.680948,-4.400000,1.280948
103,40.788933,179.777926,2.623903,13.408129,-12.300000,1.108129
104,40.636612,25.556841,2.648218,5.055377,-2.300000,-7.355377
105,40.277037,4.319556,2.642576,2.078354,-3.300000,-1.221646
106,40.355332,48.263134,2.684778,6.947167,-2.600000,4.347167
107,39.974095,1.087885,2.668838,1.043017,-0.900000,-1.943017
108,39.591800,0.215422,2.647639,0.464135,-0.200000,-0.664135
109,39.551675,35.378691,2.679071,5.947999,0.200000,6.147999
110,39.606713,45.385686,2.717352,6.736890,0.200000,-6.536890
111,39.594175,38.265154,2.749769,6.185883,2.700000,8.885883
112,39.564448,36.383607,2.780159,6.031883,7.100000,1.068117
113,39.664842,50.507459,2.819853,7.106860,4.000000,-3.106860
114,39.418724,12.591830,2.826477,3.548497,12.600000,9.051503
115,39.434838,41.207354,2.858845,6.419295,-4.200000,2.219295
116,39.434087,39.350787,2.889329,6.273021,2.800000,-3.473021
117,39.180237,10.749034,2.892773,3.278572,2.200000,-1.078572
118,39.294396,52.194334,2.930771,7.224565,-2.900000,4.324565
119,39.102403,17.215231,2.941366,4.149124,-4.500000,-8.649124
120,38.890103,14.475545,2.948808,3.804674,-4.800000,-8.604674
121,38.675996,13.839624,2.955401,3.720164,-4.200000,-0.479836
122,39.338024,116.795265,3.021941,10.807186,1.900000,-8.907186
123,39.086779,9.439941,3.022366,3.072449,-2.300000,0.772449
124,38.818876,6.938330,3.019130,2.634071,-0.800000,1.834071
125,38.506076,0.970095,3.002319,0.984934,-0.500000,-1.484934
126,38.191563,0.135534,2.980727,0.368150,2.400000,2.031850
127,37.899092,2.217613,2.968600,1.489165,1.700000,0.210835
128,38.593099,123.955999,3.034447,11.133553,-2.000000,9.133553
129,38.730424,55.758683,3.069909,7.467174,-0.800000,6.667174
130,38.453455,3.832383,3.061081,1.957647,2.800000,0.842353
131,38.153936,0.414519,3.042048,0.643831,-2.800000,-2.156169
132,37.909771,6.900775,3.038805,2.626933,-2.100000,0.526933
133,37.775034,20.528715,3.050371,4.530862,-3.500000,1.030862
134,37.523235,5.041172,3.044178,2.245256,0.000000,2.245256
135,37.296105,7.769145,3.042217,2.787319,-1.200000,1.587319
136,37.036428,3.018762,3.032332,1.737459,0.000000,1.737459
137,36.773089,2.012404,3.020199,1.418592,-0.200000,1.218592
138,36.551053,7.020297,3.017433,2.649584,-0.660000,1.989584
139,36.298706,2.484205,3.006757,1.576136,-0.220000,-1.796136
140,36.047527,2.138251,2.995401,1.462276,0.440000,1.902276
141,35.826517,5.769154,2.991068,2.401906,0.640000,3.041906
142,35.634109,9.274263,2.991462,3.045367,-0.200000,2.845367
143,35.397250,2.710693,2.981785,1.646418,0.900000,2.546418
144,35.245629,14.170294,2.987375,3.764345,-1.120000,2.644345
145,35.005027,1.320745,2.974339,1.149237,-0.440000,0.709237
146,34.768350,1.396924,2.961716,1.181915,-0.220000,0.961915
147,34.554257,4.153040,2.955256,2.037901,-0.220000,1.817901
148,34.314443,0.021073,2.935741,0.145165,0.000000,-0.145165
149,34.079698,0.276428,2.919121,0.525764,-0.220000,-0.745764
150,33.853136,1.001642,2.905982,1.000821,0.000000,-1.000821
151,33.634888,1.770667,2.895265,1.330664,1.320000,-0.010664
152,33.408940,0.194613,2.878683,0.441149,0.000000,-0.441149
153,33.190350,0.839052,2.865511,0.915998,1.400000,0.484002
154,32.984238,2.273564,2.856460,1.507834,-1.400000,0.107834
155,32.768499,0.407545,2.841771,0.638393,-0.660000,-0.021607
156,32.552992,0.011493,2.823780,0.107207,0.000000,0.107207
157,32.343624,0.519611,2.810035,0.720840,-0.220000,0.500840
158,32.146634,2.007152,2.800988,1.416740,-0.660000,0.756740
159,31.939882,0.100162,2.784959,0.316484,-0.220000,-0.536484
160,31.735174,0.005483,2.767581,0.074049,0.220000,0.145951
161,31.550408,2.726871,2.760471,1.651324,1.740000,0.088676
162,31.351292,0.090029,2.744899,0.300048,1.500000,1.800048
163,31.306036,24.155646,2.758546,4.914839,-1.700000,3.214839
164,31.122778,1.984662,2.750110,1.408780,0.000000,1.408780
165,30.932036,0.413302,2.737022,0.642886,-0.220000,0.422886
166,30.750967,1.598989,2.727933,1.264511,-0.220000,1.044511
167,30.562858,0.089214,2.713029,0.298687,-0.440000,-0.141313
168,30.385806,1.526321,2.704019,1.235444,-0.660000,0.575444
169,30.203959,0.380908,2.691372,0.617177,0.000000,0.617177
170,30.043520,3.571110,2.686543,1.889738,2.140000,0.250262
171,29.891817,4.709144,2.683450,2.170056,0.000000,2.170056
172,29.714216,0.054912,2.668872,0.234333,-0.400000,-0.165667
173,29.541305,0.492186,2.657231,0.701560,0.000000,0.701560
174,29.390996,3.988790,2.653349,1.997196,-0.420000,1.577196
175,29.224516,0.922939,2.643450,0.960697,0.220000,1.180697
176,29.054841,0.040406,2.629250,0.201011,1.100000,0.898989
177,28.910441,4.073586,2.625718,2.018313,-0.500000,1.518313
178,28.745188,0.156541,2.612902,0.395652,-1.040000,-0.644348
179,28.581966,0.181224,2.600404,0.425704,-0.440000,-0.865704
180,28.422647,0.541851,2.589811,0.736105,0.220000,-0.516105
181,28.269733,1.356892,2.581760,1.164857,0.660000,-0.504857
182,28.114357,0.612730,2.571654,0.782771,-0.660000,0.122771
183,27.957963,0.119878,2.559221,0.346234,0.220000,-0.126234
184,27.806337,0.665400,2.549535,0.815720,-0.660000,0.155720
185,27.652713,0.000298,2.535545,0.017262,0.000000,0.017262
186,27.502281,0.274033,2.524489,0.523482,0.660000,0.136518
187,27.352977,0.179721,2.513011,0.423935,0.000000,0.423935
188,27.207567,0.597481,2.503554,0.772969,-0.440000,0.332969
189,27.060788,0.053466,2.491271,0.231227,-0.220000,0.011227
190,26.920487,0.964803,2.483158,0.982244,-0.220000,0.762244
191,26.778461,0.361686,2.473095,0.601403,-0.220000,0.381403
192,26.636033,0.001922,2.460174,0.043845,0.000000,0.043845
193,26.496751,0.311819,2.450112,0.558408,0.000000,0.558408
194,26.357303,0.001667,2.437431,0.040835,0.220000,0.260835
195,26.222894,0.685032,2.429003,0.827666,-0.220000,0.607666
196,26.091964,1.084467,2.421776,1.041377,-0.440000,0.601377
197,25.958205,0.276435,2.411952,0.525770,0.000000,0.525770
198,25.827741,0.648256,2.403670,0.805143,0.000000,0.805143
199,25.698885,0.700653,2.395636,0.837050,-0.210000,0.627050
200,25.572937,1.013165,2.388548,1.006561,-0.210000,0.796561
201,25.448154,0.990623,2.381476,0.995300,0.000000,0.995300
202,25.328926,1.841101,2.376301,1.356872,-0.200000,1.156872
203,25.205122,0.691824,2.368540,0.831759,0.200000,1.031759
204,25.082481,0.677077,2.360811,0.822847,0.210000,1.032847
205,24.969070,2.286797,2.356590,1.512216,-0.210000,1.302216
206,24.851885,1.297769,2.350563,1.139197,-0.200000,0.939197
207,24.733171,0.752804,2.343258,0.867642,0.000000,0.867642
208,24.622370,2.129908,2.338925,1.459420,-0.200000,1.259420
209,24.506312,0.830320,2.331961,0.911219,0.000000,-0.911219
210,24.389978,0.541692,2.324213,0.735997,0.000000,-0.735997
211,24.276935,0.989931,2.317792,0.994953,0.400000,-0.594953
212,24.160262,0.008938,2.307103,0.094541,-0.200000,-0.294541
213,24.047776,0.650821,2.299924,0.806735,0.200000,-0.606735
214,23.933839,0.120991,2.290629,0.347837,-0.400000,-0.052163
215,23.824819,0.930513,2.284344,0.964631,0.200000,-0.764631
216,23.712609,0.036346,2.274468,0.190647,0.000000,0.190647
217,23.601284,0.000458,2.263891,0.021402,0.410000,0.388598
218,23.491873,0.187218,2.255334,0.432687,0.430000,0.862687
219,23.397767,3.259053,2.253240,1.805285,-0.640000,1.165285
220,23.295410,1.288682,2.248064,1.135201,0.210000,1.345201
221,23.196816,1.900637,2.244058,1.378636,0.000000,1.378636
222,23.094949,0.989737,2.238327,0.994855,0.000000,0.994855
223,23.002991,2.956146,2.235958,1.719345,0.000000,1.719345
224,22.900960,0.556160,2.229184,0.745761,0.430000,1.175761
225,22.801811,0.989137,2.223597,0.994554,0.880000,1.874554
226,22.702373,0.726477,2.217421,0.852336,0.000000,0.852336
227,22.603950,0.753939,2.211371,0.868297,0.000000,0.868297
228,22.503046,0.001529,2.201673,0.039103,0.220000,0.180897
229,22.410881,1.765939,2.197794,1.328886,-0.660000,0.668886
230,22.311945,0.051339,2.189072,0.226581,0.440000,0.666581
231,22.216116,0.558817,2.182722,0.747541,-0.440000,0.307541
232,22.124615,1.353876,2.178252,1.163562,-1.080000,0.083562
233,22.029965,0.449833,2.171668,0.670696,1.300000,0.629304
234,21.935459,0.293436,2.164581,0.541697,0.660000,0.118303
235,21.862442,5.068560,2.164957,2.251346,-1.320000,0.931346
236,21.768225,0.004027,2.155899,0.063457,-0.220000,-0.283457
237,21.675950,0.268158,2.148869,0.517840,-0.420000,0.097840
238,21.583332,0.003316,2.139931,0.057585,0.000000,-0.057585
239,21.491894,0.095500,2.132140,0.309031,-0.200000,0.109031
240,21.402656,0.431677,2.125890,0.657021,0.000000,-0.657021
241,21.316731,1.038443,2.121220,1.019040,0.200000,-0.819040
242,21.233075,1.406729,2.117290,1.186056,0.000000,-1.186056
243,21.144280,0.010970,2.108870,0.104736,0.000000,-0.104736
244,21.063336,1.717798,2.105544,1.310648,-0.200000,1.110648
245,20.977808,0.450961,2.099594,0.671536,-0.200000,0.471536
246,20.891852,0.176515,2.092654,0.420137,0.000000,-0.420137
247,20.806000,0.029772,2.084752,0.172545,-0.200000,-0.027455
248,20.721483,0.183934,2.077966,0.428875,0.200000,-0.228875
249,20.637330,0.103884,2.070800,0.322311,0.200000,-0.122311
250,20.553774,0.082749,2.063551,0.287661,-0.200000,0.087661
251,20.470634,0.018090,2.055741,0.134500,0.200000,0.065500
252,20.389819,0.428596,2.050092,0.654672,0.410000,-0.244672
253,20.309746,0.451506,2.044557,0.671942,-0.410000,0.261942
254,20.228863,0.089031,2.037572,0.298380,0.000000,-0.298380
255,20.148281,0.002683,2.029661,0.051801,-0.200000,-0.148199
256,20.068553,0.056939,2.022553,0.238619,-0.200000,-0.438619
257,19.989946,0.181028,2.016241,0.425474,0.000000,-0.425474
258,19.911517,0.068920,2.009337,0.262526,-0.200000,0.062526
259,19.840573,1.820718,2.006748,1.349340,0.600000,-0.749340
260,19.764400,0.340366,2.001188,0.583409,-0.200000,-0.783409
261,19.687497,0.000304,1.993470,0.017449,0.000000,0.017449
262,19.612762,0.405787,1.988212,0.637014,-0.600000,0.037014
263,19.537910,0.226089,1.982371,0.475488,-0.790000,-0.314512
264,19.465739,0.773603,1.978130,0.879547,0.990000,0.110453
265,19.403742,3.284598,1.977495,1.812346,1.880000,0.067654
266,19.362908,8.705172,1.981208,2.950453,-1.280000,1.670453
267,19.294981,1.498189,1.978329,1.224005,-0.600000,0.624005
268,19.223454,0.411765,1.973266,0.641689,-0.400000,0.241689
269,19.154043,0.829487,1.969257,0.910762,-0.200000,0.710762
270,19.122077,10.650972,1.974122,3.263583,1.820000,-1.443583
271,19.073625,6.185450,1.976044,2.487057,2.180000,-0.307057
272,19.020962,4.959944,1.976980,2.227093,-0.860000,1.367093
273,18.950461,0.056319,1.970513,0.237316,-1.530000,-1.292684
274,18.891487,3.027462,1.969659,1.739960,1.090000,-0.649960
275,18.829935,2.210901,1.967878,1.486910,1.300000,-0.186910
276,18.773899,3.588127,1.967607,1.894235,-1.520000,0.374235
277,18.711393,1.709845,1.965190,1.307611,0.440000,-0.867611
278,18.643207,0.028397,1.958632,0.168515,-0.660000,-0.491485
279,18.575490,0.020863,1.952035,0.144440,-0.220000,-0.364440
280,18.508205,0.004948,1.945218,0.070340,-0.430000,-0.500340
281,18.442098,0.196607,1.939796,0.443404,-0.610000,-0.166596
282,18.376215,0.126489,1.934097,0.355654,0.000000,0.355654
283,18.325313,4.174606,1.934488,2.043185,0.610000,-1.433185
284,18.262120,0.631359,1.930417,0.794581,-0.210000,0.584581
285,18.197743,0.172020,1.925024,0.414753,0.000000,-0.414753
286,18.147534,4.038889,1.925324,2.009699,-2.160000,-0.150301
287,18.089406,1.697313,1.923124,1.302810,0.000000,1.302810
288,18.045120,5.512072,1.924619,2.347780,3.240000,0.892220
289,17.990642,2.518894,1.923435,1.587102,-0.220000,1.367102
290,17.927787,0.014261,1.917127,0.119420,0.220000,0.339420
291,17.871425,1.751844,1.915059,1.323573,-1.080000,0.243573
292,17.809392,0.005793,1.908674,0.076114,-0.400000,-0.323886
293,17.748398,0.182121,1.903546,0.426756,-1.200000,-1.626756
294,17.687425,0.066438,1.897871,0.257756,1.000000,0.742244
295,17.627557,0.265913,1.893121,0.515667,0.000000,-0.515667
296,17.568472,0.374735,1.888734,0.612156,0.600000,-0.012156
297,17.523208,4.306041,1.889370,2.075100,0.210000,-1.865100
298,17.466720,0.915597,1.886199,0.956869,-0.210000,0.746869
299,17.409328,0.536137,1.882287,0.732214,-0.200000,0.532214
300,17.365382,4.401309,1.883015,2.097930,-1.590000,0.507930
301,17.307045,0.039401,1.877344,0.198497,-0.890000,-0.691503
302,17.251161,0.653658,1.873757,0.808491,-0.340000,-1.148491
303,17.198611,1.538582,1.871639,1.240396,0.680000,-0.560396
304,17.143957,0.802397,1.868386,0.895766,0.940000,1.835766
305,17.099528,3.770912,1.868630,1.941884,1.000000,2.941884
306,17.078963,10.888703,1.873369,3.299803,0.400000,3.699803
307,17.042268,5.960445,1.875244,2.441402,0.000000,2.441402
308,16.997481,3.427117,1.875165,1.851248,0.210000,2.061248
309,16.948619,2.094655,1.873762,1.447292,0.210000,1.657292
310,16.903568,3.162898,1.873450,1.778454,-0.820000,0.958454
311,16.848519,0.003389,1.867537,0.058215,0.200000,0.258215
312,16.794356,0.166578,1.862799,0.408140,0.000000,0.408140
313,16.743191,0.984221,1.859981,0.992079,0.840000,1.832079
314,16.701146,3.709181,1.860194,1.925923,0.220000,2.145923
315,16.648932,0.462779,1.856400,0.680278,0.000000,0.680278
316,16.599104,1.102458,1.853815,1.049980,-0.220000,0.829980
317,16.547483,0.441613,1.850016,0.664540,-0.430000,0.234540
318,16.497852,0.963527,1.847250,0.981594,-0.610000,0.371594
319,16.445532,0.016922,1.841799,0.130084,-0.200000,-0.069916
320,16.393563,0.023435,1.836455,0.153086,0.000000,-0.153086
321,16.342123,0.087037,1.831592,0.295020,0.200000,0.495020
322,16.292321,0.504983,1.828067,0.710622,-0.400000,0.310622
323,16.244542,1.050938,1.825550,1.025153,-0.200000,0.825153
324,16.193835,0.018408,1.820269,0.135676,0.200000,0.335676
325,16.143405,0.005860,1.814837,0.076550,0.400000,0.476550
326,16.094247,0.314445,1.810943,0.560754,0.200000,0.760754
327,16.050314,1.903880,1.809608,1.379812,-0.200000,1.179812
328,16.003612,0.918879,1.806981,0.958582,-0.200000,0.758582
329,15.954590,0.071275,1.802243,0.266974,0.200000,-0.066974
330,15.905741,0.029935,1.797245,0.173016,0.400000,0.573016
331,15.857411,0.101882,1.792725,0.319189,-0.400000,-0.080811
332,15.810414,0.442298,1.789287,0.665055,0.400000,-0.265055
333,15.762692,0.109934,1.784856,0.331564,-0.200000,-0.531564
334,15.715298,0.122726,1.780509,0.350323,-0.200000,-0.550323
335,15.668025,0.067897,1.775917,0.260571,-0.200000,-0.460571
336,15.621152,0.106251,1.771550,0.325961,-0.200000,-0.525961
337,15.575418,0.391571,1.768109,0.625756,0.000000,-0.625756
338,15.541702,4.314212,1.769034,2.077068,1.220000,-0.857068
339,15.529591,11.484576,1.773869,3.388890,3.680000,0.291110
340,15.484641,0.426426,1.770534,0.653013,-0.800000,-0.146987
341,15.482004,14.596057,1.776616,3.820479,-4.100000,-0.279521
342,15.436218,0.006455,1.771598,0.080344,-1.360000,-1.279656
343,15.399792,3.087537,1.771555,1.757139,0.760000,-0.997139
344,15.358835,1.474512,1.769916,1.214295,1.400000,0.185705
345,15.317161,1.147947,1.767868,1.071423,0.420000,1.491423
346,15.273856,0.507043,1.764781,0.712070,0.000000,0.712070
347,15.231702,0.815073,1.762268,0.902814,-0.210000,0.692814
348,15.187732,0.105833,1.758091,0.325320,-0.210000,-0.535320
349,15.151087,2.545302,1.757619,1.595400,0.000000,1.595400
350,15.107359,0.021074,1.752959,0.145168,-0.200000,-0.054832
351,15.069275,1.892167,1.751871,1.375560,-0.200000,1.175560
352,15.026875,0.314074,1.748447,0.560423,-0.200000,0.360423
353,14.984411,0.207035,1.744741,0.455011,-0.200000,0.255011
354,14.942290,0.242069,1.741162,0.492005,0.000000,0.492005
355,14.901067,0.472918,1.738161,0.687691,-0.400000,0.287691
356,14.885920,9.569331,1.742011,3.093434,2.720000,-0.373434
357,14.885430,14.713043,1.747942,3.835759,7.480000,3.644241
358,14.845412,0.718925,1.745400,0.847895,5.000000,5.847895
359,15.076271,96.800347,1.768198,9.838717,-5.900000,3.938717
360,15.046573,4.503919,1.769192,2.122244,1.300000,-0.822244
361,15.210522,73.576301,1.788264,8.577663,6.100000,-2.477663
362,15.193152,8.992223,1.791645,2.998704,-2.900000,0.098704
363,15.155168,1.556755,1.790130,1.247700,-5.600000,-4.352300
364,15.125228,4.376870,1.790968,2.092097,-2.000000,-4.092097
365,15.083889,0.201848,1.787252,0.449274,-0.900000,-0.450726
366,15.081098,14.073625,1.792678,3.751483,-0.600000,-4.351483
367,15.048080,3.095342,1.792586,1.759359,-0.200000,1.559359
368,15.007432,0.252288,1.789041,0.502283,-1.120000,-0.617717
369,14.974990,3.166160,1.789015,1.779371,-0.660000,-2.439371
370,14.965215,11.397307,1.793351,3.375990,1.280000,-2.095990
371,14.935232,3.961595,1.793888,1.990376,-0.200000,1.790376
372,14.894677,0.010877,1.789296,0.104292,-0.200000,-0.304292
373,14.864453,3.742009,1.789690,1.934427,-0.440000,-2.374427
374,14.824281,0.000814,1.784930,0.028539,-0.660000,-0.688539
375,14.784538,0.079490,1.780879,0.281940,-0.220000,-0.501940
376,14.744853,0.021772,1.776488,0.147555,-0.220000,-0.367555
377,14.706573,0.466295,1.773556,0.682858,-0.650000,0.032858
378,14.667548,0.111543,1.769707,0.333981,-0.410000,-0.743981
379,14.634044,2.103555,1.768855,1.450364,0.000000,-1.450364
380,14.595140,0.006055,1.764358,0.077814,0.200000,0.277814
381,14.557551,0.424100,1.761405,0.651229,0.640000,1.291229
382,14.522778,1.413167,1.759890,1.188767,0.220000,1.408767
383,14.518282,12.818883,1.764694,3.580347,-2.000000,1.580347
384,14.506345,9.982370,1.768364,3.159489,-1.200000,1.959489
385,14.469125,0.325306,1.765220,0.570356,1.740000,1.169644
386,14.432040,0.302665,1.762039,0.550150,0.810000,1.360150
387,14.400067,2.186354,1.761299,1.478632,0.000000,1.478632
388,14.367938,2.062527,1.760452,1.436150,0.000000,1.436150
389,14.332752,0.821349,1.758234,0.906283,0.000000,0.906283
390,14.297608,0.767413,1.755948,0.876021,-0.210000,0.666021
391,14.263679,1.167093,1.754202,1.080321,0.000000,1.080321
392,14.229296,0.922815,1.752157,0.960633,0.000000,0.960633
393,14.194238,0.591630,1.749630,0.769175,0.000000,-0.769175
394,14.158615,0.301295,1.746551,0.548903,-0.800000,-1.348903
395,14.122960,0.217635,1.743277,0.466513,-0.400000,0.066513
396,14.087588,0.257060,1.740124,0.507011,0.400000,-0.107011
397,14.052527,0.308779,1.737110,0.555679,1.010000,0.454321
398,14.017036,0.068956,1.733367,0.262596,0.000000,0.262596
399,13.984452,1.146489,1.731690,1.070742,-0.810000,0.260742
400,13.949194,0.022157,1.727693,0.148852,-0.200000,-0.051148
401,13.914062,0.001681,1.723444,0.040998,0.000000,0.040998
402,13.882157,1.215948,1.721885,1.102700,1.220000,0.117300
403,13.847418,0.021251,1.717934,0.145777,0.440000,0.294223
404,13.813086,0.114812,1.714487,0.338839,0.000000,0.338839
405,13.778769,0.051748,1.710778,0.227482,-0.220000,0.007482
406,13.744570,0.030917,1.706960,0.175834,0.220000,0.395834
407,13.710532,0.027404,1.703135,0.165541,0.660000,0.494459
408,13.676615,0.007780,1.699138,0.088203,0.440000,0.528203
409,13.643059,0.086581,1.695669,0.294247,0.220000,0.514247
410,13.609580,0.050539,1.692046,0.224809,0.000000,0.224809
411,13.576322,0.073525,1.688555,0.271154,0.000000,0.271154
412,13.544273,0.500329,1.686150,0.707339,-0.220000,0.487339
413,13.513677,1.030454,1.684510,1.015113,-0.220000,0.795113
414,13.483114,0.983176,1.682819,0.991553,-0.440000,0.551553
415,13.452638,0.957127,1.681105,0.978329,-0.220000,0.758329
416,13.424558,1.883753,1.680356,1.372499,-0.220000,1.152499
417,13.398916,2.834459,1.680364,1.683585,0.000000,1.683585
418,13.370607,1.679068,1.679435,1.295788,-0.220000,1.075788
419,13.338891,0.208460,1.676489,0.456574,0.000000,0.456574
420,13.308313,0.618482,1.674349,0.786436,0.000000,0.786436
421,13.276826,0.178327,1.671346,0.422288,0.440000,0.017712
422,13.245130,0.027900,1.667748,0.167033,0.000000,-0.167033
423,13.213882,0.152094,1.664698,0.389992,-0.440000,-0.050008
424,13.182927,0.212794,1.661833,0.461296,0.220000,-0.241296
425,13.152124,0.214908,1.658987,0.463582,0.440000,-0.023582
426,13.121467,0.214836,1.656154,0.463504,0.660000,0.196496
427,13.090477,0.012787,1.652506,0.113080,0.440000,0.326920
428,13.062460,1.211291,1.651204,1.100587,1.700000,0.599413
429,13.044513,5.434922,1.652804,2.331292,2.900000,0.568708
430,13.017411,1.498956,1.651798,1.224319,2.800000,1.575681
431,12.988297,0.585726,1.649722,0.765327,1.900000,2.665327
432,12.972274,6.130659,1.651653,2.476017,-0.800000,1.676017
433,12.981510,16.934214,1.657395,4.115120,-3.900000,0.215120
434,12.961329,4.303897,1.658366,2.074584,-2.300000,-0.225416
435,12.934325,1.322486,1.657186,1.149994,-1.400000,-0.250006
436,12.914255,4.263905,1.658130,2.064922,-2.220000,-0.155078
437,12.884509,0.034571,1.654730,0.185932,-0.220000,-0.034068
438,12.857698,1.248592,1.653492,1.117404,0.220000,1.337404
439,12.840439,5.349741,1.655008,2.312951,-1.080000,1.232951
440,12.811158,0.074172,1.651837,0.272346,-0.400000,-0.672346
441,12.784987,1.374320,1.650739,1.172314,0.200000,1.372314
442,12.756295,0.217947,1.648036,0.466848,0.410000,0.876848
443,12.727544,0.134577,1.645118,0.366848,0.430000,0.796848
444,12.701370,1.210938,1.643880,1.100426,0.000000,1.100426
445,12.678375,2.560669,1.643781,1.600209,-1.040000,0.560209
446,12.651166,0.651925,1.641889,0.807419,0.400000,1.207419
447,12.627278,2.068798,1.641429,1.438332,-0.400000,1.038332
448,12.599656,0.363223,1.639090,0.602680,0.000000,0.602680
449,12.572494,0.512337,1.637015,0.715777,0.200000,0.915777
450,12.544367,0.027876,1.633719,0.166962,0.410000,0.576962
451,12.516914,0.272898,1.631233,0.522397,1.090000,1.612397
452,12.490764,0.801672,1.629590,0.895361,1.100000,0.204639
453,12.495063,14.421066,1.634418,3.797508,4.300000,0.502492
454,12.501665,15.465995,1.639526,3.932683,4.600000,0.667317
455,12.523205,22.216174,1.646341,4.713404,6.400000,1.686596
456,12.501195,2.574798,1.646249,1.604618,6.300000,4.695382
457,12.920355,202.380688,1.674019,14.226057,-9.500000,4.726057
458,12.907846,7.241301,1.676259,2.690967,2.100000,-0.590967
459,13.380247,227.850221,1.705750,15.094708,15.100000,0.005292
460,13.413320,28.461396,1.713709,5.334922,10.900000,5.565078
461,13.895261,233.660511,1.743407,15.285958,-3.900000,11.385958
462,14.272326,186.590744,1.769426,13.659822,-11.000000,2.659822
463,14.258537,7.943229,1.771711,2.818373,-4.400000,-7.218373
464,14.260249,15.046125,1.776292,3.878934,0.700000,-3.178934
465,14.243245,6.421331,1.777936,2.534034,0.000000,2.534034
466,14.212419,0.001840,1.774180,0.042897,-6.300000,-6.257103
467,14.184378,1.229541,1.772743,1.108847,-4.200000,-3.091153
468,14.187466,15.617256,1.777439,3.951867,-4.600000,-0.648133
469,14.160983,1.872846,1.776560,1.368520,0.600000,-0.768520
470,14.137275,3.112688,1.776534,1.764281,-0.300000,1.464281
471,14.128425,10.004503,1.779503,3.162990,-0.500000,-3.662990
472,14.100350,0.989394,1.777826,0.994683,-0.900000,0.094683
473,14.075319,2.360594,1.777311,1.536422,0.300000,1.836422
474,14.046716,0.632298,1.775221,0.795172,1.100000,0.304828
475,14.026547,4.546740,1.775979,2.132309,0.000000,2.132309
476,14.004954,3.834566,1.776365,1.958205,-0.500000,1.458205
477,13.976129,0.370850,1.773897,0.608975,-0.900000,-0.291025
478,13.947242,0.283576,1.771278,0.532519,0.000000,0.532519
479,13.921414,1.679181,1.770277,1.295832,-0.800000,0.495832
480,13.894391,1.058473,1.768720,1.028821,-0.700000,0.328821
481,13.865578,0.150368,1.765825,0.387773,0.000000,-0.387773
482,13.837467,0.428555,1.763500,0.654641,-0.420000,0.234641
483,13.808739,0.077066,1.760398,0.277608,-0.220000,-0.497608
484,13.781410,0.690521,1.758462,0.830976,0.840000,0.009024
485,13.752909,0.072583,1.755366,0.269412,1.300000,1.030588
486,13.731149,3.264398,1.755473,1.806765,2.300000,0.493235
487,13.702878,0.076576,1.752411,0.276724,0.000000,0.276724
488,13.678584,1.944390,1.751671,1.394414,-1.400000,-0.005586
489,13.650568,0.090987,1.748682,0.301641,-0.600000,-0.298359
490,13.622521,0.019750,1.745373,0.140536,0.300000,0.440536
491,13.595817,0.617487,1.743402,0.785803,0.800000,0.014197
492,13.570131,1.061154,1.741941,1.030123,0.300000,-0.730123
493,13.543248,0.424381,1.739711,0.651445,-0.300000,-0.951445
494,13.515673,0.031407,1.736522,0.177221,-0.300000,-0.477221
495,13.488826,0.333585,1.734161,0.577568,-0.800000,-0.222432
496,13.464160,1.353582,1.733001,1.163435,1.400000,0.236565
497,13.447440,5.221128,1.734121,2.284979,-0.800000,1.484979
498,13.422970,1.359054,1.732971,1.165785,-0.600000,0.565785
499,13.395947,0.046793,1.729907,0.216317,-0.300000,-0.516317
500,13.373662,2.342369,1.729505,1.530480,-1.100000,0.430480
501,13.346978,0.111779,1.726697,0.334333,-0.400000,-0.065667
502,13.320180,0.001401,1.723305,0.037431,-0.200000,-0.237431
503,13.293756,0.134659,1.720587,0.366959,-0.220000,-0.586959
504,13.268990,0.910755,1.719055,0.954335,0.000000,-0.954335
505,13.243033,0.264814,1.716651,0.514601,0.220000,-0.294601
506,13.216696,0.021574,1.713524,0.146882,0.900000,0.753118
507,13.190493,0.036500,1.710497,0.191049,0.200000,0.391049
508,13.164493,0.086794,1.707687,0.294608,-0.200000,0.094608
509,13.138493,0.034241,1.704672,0.185043,0.000000,-0.185043
510,13.115084,1.293672,1.703551,1.137397,-0.700000,0.437397
511,13.090365,0.582657,1.701697,0.763320,-0.640000,0.123320
512,13.064831,0.118838,1.699026,0.344729,-0.220000,-0.564729
513,13.039235,0.036810,1.696064,0.191858,-0.220000,-0.411858
514,13.013960,0.148612,1.693495,0.385502,-0.220000,-0.605502
515,12.988725,0.119205,1.690856,0.345261,-0.220000,-0.565261
516,12.964708,0.692100,1.689179,0.831925,0.660000,-0.171925
517,12.940914,0.758015,1.687583,0.870641,1.560000,0.689359
518,12.916825,0.559412,1.685755,0.747939,1.100000,0.352061
519,12.893115,0.706324,1.684114,0.840431,0.800000,-0.040431
520,12.869361,0.635659,1.682395,0.797282,-0.800000,-0.002718
521,12.845285,0.422492,1.680398,0.649994,-0.600000,0.049994
522,12.821474,0.511063,1.678534,0.714887,0.300000,-0.414887
523,12.797267,0.257918,1.676278,0.507857,0.600000,0.092143
524,12.772985,0.170714,1.673849,0.413175,0.500000,0.086825
525,12.749589,0.583455,1.672103,0.763842,-0.800000,-0.036158
526,12.725290,0.065709,1.669391,0.256338,-0.300000,-0.043662
527,12.701515,0.290826,1.667230,0.539283,-0.300000,0.239283
528,12.677719,0.232675,1.664969,0.482364,0.000000,0.482364
529,12.655158,0.833103,1.663536,0.912745,0.000000,0.912745
530,12.631103,0.002242,1.660463,0.047348,0.000000,-0.047348
531,12.607534,0.210179,1.658182,0.458453,0.000000,0.458453
532,12.584640,0.519377,1.656407,0.720678,-0.300000,0.420678
533,12.561970,0.592497,1.654731,0.769738,-0.200000,0.569738
534,12.540004,0.919655,1.653418,0.958986,-0.500000,0.458986
535,12.519207,1.496859,1.652608,1.223462,-0.200000,1.023462
536,12.496003,0.174765,1.650288,0.418049,-0.200000,0.218049
537,12.472900,0.182064,1.647992,0.426690,0.000000,0.426690
538,12.450744,0.641694,1.646406,0.801058,0.000000,0.801058
539,12.428375,0.483129,1.644628,0.695075,0.000000,0.695075
540,12.406832,0.881535,1.643311,0.938901,-0.220000,0.718901
541,12.384785,0.567620,1.641654,0.753406,-0.220000,0.533406
542,12.361941,0.094355,1.639173,0.307173,-0.220000,0.087173
543,12.339097,0.049087,1.636543,0.221556,-0.220000,0.001556
544,12.316276,0.016097,1.633748,0.126875,0.000000,0.126875
545,12.293515,0.002200,1.630814,0.046902,-0.220000,-0.173098
546,12.271111,0.150496,1.628521,0.387938,-0.220000,0.167938
547,12.248563,0.027730,1.625829,0.166524,0.000000,-0.166524
548,12.227455,0.766123,1.624449,0.875285,-0.440000,0.435285
549,12.205052,0.017397,1.621711,0.131896,0.000000,-0.131896
550,12.182710,0.006742,1.618891,0.082112,0.000000,-0.082112
551,12.160439,0.000022,1.615940,0.004738,0.000000,-0.004738
552,12.138395,0.080484,1.613509,0.283698,0.000000,0.283698
553,12.116701,0.228182,1.611440,0.477684,0.000000,0.477684
554,12.097476,1.543083,1.610769,1.242209,0.000000,1.242209
555,12.077585,1.137608,1.609781,1.066587,0.000000,1.066587
556,12.059973,2.355839,1.609645,1.534874,0.000000,1.534874
557,12.048713,5.833009,1.611102,2.415162,-0.220000,2.195162
558,12.031375,2.443789,1.611016,1.563262,-0.210000,1.353262
559,12.011367,0.926781,1.609847,0.962695,-0.210000,0.752695
560,11.989764,0.000012,1.606958,0.003458,0.210000,0.206542
561,11.970743,1.395342,1.606194,1.181246,0.000000,1.181246
562,11.949294,0.002106,1.603398,0.045893,0.000000,-0.045893
563,11.927953,0.019786,1.600781,0.140662,-0.210000,-0.069338
564,11.906655,0.000979,1.597978,0.031287,0.210000,0.241287
565,11.885624,0.108006,1.595716,0.328642,0.210000,0.538642
566,11.864896,0.236386,1.593741,0.486195,-0.210000,0.276195
567,11.844054,0.131321,1.591554,0.362382,1.090000,0.727618
568,11.823831,0.438266,1.589906,0.662017,1.100000,0.437983
569,11.805685,1.571417,1.589311,1.253562,-1.320000,-0.066438
570,11.786138,0.741779,1.588025,0.861266,-0.440000,0.421266
571,11.766084,0.415641,1.586361,0.644702,-0.220000,0.424702
572,11.746069,0.397696,1.584678,0.630631,0.000000,0.630631
573,11.725673,0.140725,1.582553,0.375134,0.000000,-0.375134
574,11.705300,0.112681,1.580365,0.335680,0.000000,-0.335680
575,11.685347,0.312378,1.578576,0.558908,0.440000,-0.118908
576,11.665432,0.293783,1.576764,0.542017,-0.650000,-0.107983
577,11.645349,0.158143,1.574706,0.397672,0.210000,-0.187672
578,11.625109,0.027653,1.572253,0.166292,0.000000,0.166292
579,11.605638,0.429148,1.570657,0.655094,-0.210000,0.445094
580,11.585568,0.044988,1.568299,0.212105,-0.210000,-0.422105
581,11.565632,0.082562,1.566079,0.287337,-0.200000,-0.487337
582,11.545892,0.156241,1.564053,0.395274,0.000000,-0.395274
583,11.526435,0.280128,1.562266,0.529271,0.000000,-0.529271
584,11.506660,0.056819,1.559983,0.238368,0.000000,-0.238368
585,11.486883,0.016215,1.557518,0.127336,0.000000,-0.127336
586,11.467568,0.245923,1.555694,0.495906,0.000000,0.495906
587,11.448547,0.378249,1.554080,0.615019,0.200000,-0.415019
588,11.429127,0.107050,1.551979,0.327185,0.210000,-0.117185
589,11.409590,0.000058,1.549339,0.007629,0.210000,0.202371
590,11.390837,0.420288,1.547802,0.648296,-0.420000,0.228296
591,11.376841,3.175326,1.548201,1.781944,0.000000,1.781944
592,11.358183,0.406002,1.546651,0.637183,0.000000,0.637183
593,11.339435,0.315247,1.544979,0.561469,0.000000,0.561469
594,11.320301,0.050810,1.542742,0.225411,0.210000,0.435411
595,11.301906,0.448798,1.541265,0.669924,-0.210000,0.459924
596,11.283099,0.168010,1.539354,0.409890,-0.200000,0.209890
597,11.264162,0.053218,1.537147,0.230690,0.000000,0.230690
598,11.245280,0.048176,1.534929,0.219491,0.000000,0.219491
599,11.226853,0.281648,1.533241,0.530705,0.620000,0.089295
600,11.211006,1.781814,1.532908,1.334846,-0.620000,0.714846
601,11.193056,0.494781,1.531519,0.703407,0.000000,-0.703407
602,11.174482,0.086130,1.529449,0.293479,-0.200000,-0.493479
603,11.155984,0.093941,1.527407,0.306499,0.000000,-0.306499
604,11.137438,0.028538,1.525143,0.168931,0.000000,-0.168931
605,11.118913,0.003691,1.522706,0.060756,-0.200000,-0.260756
606,11.101089,0.388875,1.521213,0.623598,0.000000,-0.623598
607,11.082735,0.033792,1.518995,0.183827,0.000000,-0.183827
608,11.064567,0.109351,1.517027,0.330683,0.000000,-0.330683
609,11.046358,0.047922,1.514882,0.218912,0.000000,-0.218912
610,11.029263,0.686970,1.513750,0.828836,0.000000,0.828836
611,11.011263,0.103366,1.511785,0.321505,0.200000,0.521505
612,10.993706,0.336497,1.510253,0.580083,0.000000,0.580083
613,10.975700,0.027741,1.508047,0.166556,0.000000,0.166556
614,10.957811,0.063551,1.505988,0.252094,-0.200000,0.052094
615,10.939906,0.018093,1.503743,0.134511,0.000000,0.134511
616,10.923028,0.610666,1.502563,0.781451,0.810000,0.028549
617,10.906031,0.503681,1.501269,0.709705,0.430000,1.139705
618,10.888943,0.413689,1.499872,0.643187,0.220000,-0.423187
619,10.873105,1.148965,1.499176,1.071898,0.440000,-0.631898
620,10.856361,0.558335,1.497955,0.747218,-0.880000,-0.132782
621,10.839505,0.456383,1.496622,0.675562,-0.210000,0.465562
622,10.821965,0.000115,1.494218,0.010728,-0.210000,-0.199272
623,10.804500,0.010986,1.491973,0.104813,-0.200000,-0.095187
624,10.791716,2.878633,1.492304,1.696654,1.060000,-0.636654
625,10.774443,0.065162,1.490312,0.255269,0.000000,0.255269
626,10.757175,0.033798,1.488211,0.183841,0.220000,0.036159
627,10.740308,0.248621,1.486623,0.498619,-0.870000,-0.371381
628,10.723175,0.049487,1.484597,0.222456,0.210000,-0.012456
629,10.706077,0.036846,1.482529,0.191953,0.000000,-0.191953
630,10.689435,0.287956,1.481018,0.536616,0.660000,0.123384
631,10.675194,1.760646,1.480772,1.326893,1.320000,-0.006893
632,10.665842,4.801958,1.481903,2.191337,-1.980000,0.211337
633,10.649117,0.145743,1.480154,0.381763,0.000000,-0.381763
634,10.632300,0.054749,1.478176,0.233985,-0.210000,0.023985
635,10.615464,0.008720,1.475981,0.093379,0.000000,0.093379
636,10.598671,0.002434,1.473724,0.049331,0.000000,-0.049331
637,10.582164,0.149227,1.472006,0.386300,-0.810000,-0.423700
638,10.565708,0.149256,1.470294,0.386336,-0.600000,-0.213664
639,10.550890,1.156403,1.469672,1.075362,0.600000,-0.475362
640,10.536519,1.410569,1.469229,1.187674,-0.800000,0.387674
641,10.520065,0.055704,1.467293,0.236017,0.000000,-0.236017
642,10.503996,0.267870,1.465804,0.517561,0.400000,-0.117561
643,10.488417,0.548924,1.464669,0.740894,0.800000,0.059106
644,10.472525,0.317489,1.463261,0.563461,-0.400000,0.163461
645,10.458406,1.422304,1.462839,1.192604,1.020000,-0.172604
646,10.442451,0.215349,1.461283,0.464057,0.880000,0.415943
647,10.428305,1.346518,1.460815,1.160396,-0.660000,0.500396
648,10.413467,0.872846,1.459998,0.934262,-1.440000,-0.505738
649,10.398189,0.559231,1.458894,0.747818,0.400000,-0.347818
650,10.383299,0.778854,1.458001,0.882527,-0.400000,0.482527
651,10.367265,0.009335,1.455897,0.096620,0.000000,-0.096620
652,10.376252,16.190871,1.459860,4.023788,4.100000,0.076212
653,10.366188,3.845018,1.460632,1.960872,2.800000,0.839128
654,10.350551,0.202196,1.459077,0.449662,-2.300000,-1.850338
655,10.337490,1.847847,1.458924,1.359355,-2.720000,-1.360645
656,10.321635,0.000027,1.456694,0.005191,0.000000,0.005191
657,10.307585,1.147023,1.456103,1.070991,-0.870000,0.200991
658,10.292332,0.331765,1.454757,0.575990,-1.410000,-0.834010
659,10.278594,1.293867,1.454273,1.137483,-0.590000,-1.727483
660,10.279555,10.908980,1.457091,3.302874,2.210000,-1.092874
661,10.283254,12.710006,1.460300,3.565110,3.380000,-0.185110
662,10.272573,3.255338,1.460822,1.804255,-1.620000,0.184255
663,10.258174,0.783513,1.459949,0.885163,-1.540000,-0.654837
664,10.242660,0.019057,1.457946,0.138046,-0.840000,-0.978046
665,10.227688,0.346179,1.456630,0.588370,-0.400000,0.188370
666,10.213419,0.781726,1.455766,0.884152,-1.560000,-0.675848
667,10.209468,7.593576,1.457726,2.755644,1.360000,-1.395644
668,10.194279,0.123770,1.456061,0.351810,0.000000,-0.351810
669,10.179478,0.351770,1.454763,0.593102,0.000000,-0.593102
670,10.164430,0.157514,1.453175,0.396880,-0.400000,-0.796880
671,10.149750,0.373016,1.451912,0.610750,1.200000,0.589250
672,10.134568,0.008188,1.449874,0.090488,0.860000,0.769512
673,10.119608,0.126033,1.448237,0.355011,0.000000,0.355011
674,10.104504,0.000013,1.446081,0.003544,0.220000,0.216456
675,10.089454,0.006111,1.444042,0.078176,0.000000,-0.078176
676,10.076336,1.274517,1.443573,1.128945,0.880000,-0.248945
677,10.061396,0.021423,1.441646,0.146367,0.220000,0.366367
678,10.048365,1.278603,1.441184,1.130753,-0.880000,0.250753
679,10.034124,0.435232,1.440027,0.659721,-0.660000,-0.000279
680,10.019717,0.295450,1.438701,0.543553,-0.640000,-0.096447
681,10.006397,1.001908,1.438054,1.000954,-0.600000,0.400954
682,9.991720,0.055102,1.436279,0.234738,0.000000,-0.234738
683,9.977009,0.002967,1.434244,0.054470,-0.200000,-0.254470
684,9.962543,0.140762,1.432687,0.375182,0.000000,-0.375182
685,9.948327,0.281072,1.431361,0.530162,0.000000,-0.530162
686,9.941141,5.047607,1.432557,2.246688,2.320000,0.073312
687,9.928501,1.307834,1.432134,1.143606,0.220000,1.363606
688,9.914559,0.392307,1.430956,0.626344,-0.660000,-0.033656
689,9.900233,0.100986,1.429331,0.317783,-0.870000,-0.552217
690,9.886482,0.467363,1.428244,0.683639,-0.410000,0.273639
691,9.872440,0.239582,1.426877,0.489471,0.410000,-0.079471
692,9.858360,0.185222,1.425429,0.430374,0.210000,-0.220374
693,9.844388,0.231890,1.424059,0.481550,0.220000,-0.261550
694,9.830281,0.110135,1.422476,0.331866,-0.220000,-0.551866
695,9.816220,0.114735,1.420908,0.338725,-0.210000,-0.548725
696,9.802044,0.006185,1.418968,0.078643,-0.210000,-0.131357
697,9.789704,1.250550,1.418534,1.118280,-1.000000,0.118280
698,9.778138,1.762673,1.418403,1.327657,1.210000,-0.117657
699,9.764135,0.046055,1.416671,0.214604,0.430000,0.644604
700,9.750106,0.000021,1.414642,0.004566,0.000000,-0.004566
701,9.737478,0.948696,1.414010,0.974010,0.880000,-0.094010
702,9.727061,2.466173,1.414234,1.570405,-0.880000,0.690405
703,9.714645,1.048358,1.413676,1.023894,-1.040000,-0.016106
704,9.700871,0.072470,1.412041,0.269203,-0.600000,-0.330797
705,9.687886,0.598873,1.411130,0.773869,-0.400000,0.373869
706,9.674158,0.050241,1.409439,0.224145,-0.200000,0.024145
707,9.660407,0.007580,1.407558,0.087062,-0.190000,-0.277062
708,9.646772,0.061402,1.405911,0.247795,-0.190000,0.057795
709,9.633138,0.034742,1.404181,0.186391,0.000000,-0.186391
710,9.619683,0.134201,1.402711,0.366335,-0.360000,0.006335
711,9.606420,0.242757,1.401424,0.492704,-0.340000,0.152704
712,9.593137,0.201550,1.400079,0.448943,-0.170000,0.278943
713,9.580754,0.813931,1.399376,0.902181,0.000000,0.902181
714,9.567458,0.140649,1.397934,0.375032,0.000000,0.375032
715,9.554028,0.018164,1.396157,0.134774,0.000000,0.134774
716,9.540635,0.018539,1.394387,0.136157,0.000000,0.136157
717,9.527350,0.068140,1.392798,0.261037,0.000000,0.261037
718,9.514264,0.183910,1.391448,0.428847,0.000000,0.428847
719,9.501646,0.492928,1.390484,0.702089,-0.170000,0.532089
720,9.488471,0.068002,1.388906,0.260772,0.680000,0.940772
721,9.478340,2.224910,1.389049,1.491613,0.360000,1.851613
722,9.465207,0.048957,1.387423,0.221261,-0.180000,0.041261
723,9.452043,0.000186,1.385512,0.013628,0.000000,0.013628
724,9.439710,0.572418,1.384638,0.756583,-0.520000,0.236583
725,9.426804,0.134172,1.383226,0.366295,-0.170000,0.196295
726,9.413748,0.000117,1.381325,0.010808,-0.170000,-0.180808
727,9.400749,0.015774,1.379588,0.125593,-0.170000,-0.044407
728,9.387921,0.113189,1.378147,0.336436,0.000000,-0.336436
729,9.375048,0.054836,1.376570,0.234171,0.000000,-0.234171
730,9.362155,0.015158,1.374843,0.123118,-0.170000,-0.046882
731,9.349503,0.164070,1.373509,0.405056,-0.320000,0.085056
732,9.336736,0.054986,1.371944,0.234491,0.160000,0.394491
733,9.324211,0.206305,1.370686,0.454208,0.000000,0.454208
734,9.311439,0.000512,1.368839,0.022616,0.330000,0.352616
735,9.300981,1.666646,1.368732,1.290986,1.400000,0.109014
736,9.288276,0.000573,1.366895,0.023929,0.790000,0.813929
737,9.275606,0.001307,1.365080,0.036154,-0.200000,-0.236154
738,9.263107,0.101428,1.363654,0.318478,-0.590000,-0.271522
739,9.250524,0.014814,1.361964,0.121711,0.000000,0.121711
740,9.238413,0.336472,1.360902,0.580062,-0.550000,0.030062
741,9.225929,0.037919,1.359319,0.194728,-0.510000,-0.315272
742,9.213461,0.024729,1.357691,0.157253,-0.510000,-0.352747
743,9.201042,0.035323,1.356108,0.187945,-0.160000,-0.347945
744,9.189616,0.745949,1.355442,0.863683,0.500000,-0.363683
745,9.177264,0.036511,1.353871,0.191078,0.000000,0.191078
746,9.165038,0.106164,1.352486,0.325828,-0.170000,0.155828
747,9.152805,0.075859,1.351036,0.275424,0.340000,0.064576
748,9.141317,0.605120,1.350266,0.777895,-0.340000,0.437895
749,9.129313,0.198935,1.349052,0.446021,-0.330000,0.116021
750,9.117077,0.001348,1.347293,0.036719,0.000000,0.036719
751,9.105047,0.130341,1.345972,0.361028,0.000000,0.361028
752,9.092923,0.036391,1.344428,0.190763,0.000000,0.190763
753,9.080793,0.007116,1.342746,0.084355,0.000000,-0.084355
754,9.068822,0.102939,1.341383,0.320842,0.000000,0.320842
755,9.056955,0.156844,1.340124,0.396036,-0.160000,0.236036
756,9.044991,0.059597,1.338667,0.244124,-0.150000,0.094124
757,9.033004,0.018794,1.337071,0.137091,0.000000,0.137091
758,9.021024,0.000010,1.335302,0.003240,0.310000,0.313240
759,9.009367,0.220013,1.334155,0.469056,0.000000,0.469056
760,8.997455,0.004241,1.332476,0.065122,-0.160000,-0.094878
761,8.985592,0.016715,1.330887,0.129286,0.000000,-0.129286
762,8.973738,0.000804,1.329168,0.028349,0.000000,0.028349
763,8.962062,0.111627,1.327857,0.334106,0.320000,-0.014106
764,8.953614,2.541814,1.328208,1.594307,1.760000,0.165693
765,8.954157,9.366252,1.330484,3.060433,-1.420000,1.640433
766,8.942421,0.011849,1.328881,0.108854,-0.500000,-0.391146
767,8.930701,0.000043,1.327148,0.006577,0.000000,0.006577
768,8.919412,0.305516,1.326134,0.552735,-0.160000,0.392735
769,8.907754,0.000933,1.324441,0.030552,-0.150000,-0.119448
770,8.896148,0.017540,1.322885,0.132437,0.000000,-0.132437
771,8.884611,0.047263,1.321443,0.217401,0.000000,-0.217401
772,8.874823,1.367281,1.321245,1.169308,0.980000,-0.189308
773,8.864619,1.028120,1.320846,1.013963,-0.670000,0.343963
774,8.853259,0.117271,1.319575,0.342449,0.330000,-0.012449
775,8.842050,0.211701,1.318460,0.460110,0.000000,0.460110
776,8.831351,0.581888,1.317740,0.762816,-0.640000,0.122816
777,8.820702,0.599965,1.317038,0.774574,0.640000,-0.134574
778,8.812995,2.855113,1.317519,1.689708,1.790000,0.100292
779,8.801960,0.260901,1.316478,0.510785,1.200000,0.689215
780,8.790664,0.036913,1.315029,0.192127,0.200000,0.007873
781,8.779384,0.026047,1.313545,0.161390,0.000000,0.161390
782,8.768379,0.217472,1.312456,0.466339,0.640000,0.173661
783,8.764761,5.949879,1.313902,2.439237,2.660000,0.220763
784,8.786597,25.796514,1.318729,5.079027,5.300000,0.220973
785,8.775923,0.450511,1.317900,0.671201,-1.300000,-1.971201
786,8.764820,0.092992,1.316605,0.304946,-2.300000,-1.995054
787,8.756235,2.042937,1.316749,1.429313,-2.600000,-1.170687
788,8.748302,2.536896,1.317101,1.592764,-1.760000,-0.167236
789,8.739622,1.934517,1.317195,1.390869,-1.240000,0.150869
790,8.729447,0.742205,1.316615,0.861513,-0.800000,-1.661513
791,8.718575,0.173129,1.315471,0.416087,-0.760000,-1.176087
792,8.707677,0.130615,1.314260,0.361407,-0.180000,-0.541407
793,8.697347,0.557707,1.313541,0.746798,-0.170000,-0.916798
794,8.686338,0.000001,1.311880,0.001068,0.000000,0.001068
795,8.675410,0.042574,1.310482,0.206334,0.000000,0.206334
796,8.665870,1.119701,1.310163,1.058159,0.000000,1.058159
797,8.656101,0.918681,1.309720,0.958479,0.530000,1.488479
798,8.645565,0.290800,1.308749,0.539258,0.780000,1.319258
799,8.634691,0.000867,1.307140,0.029437,1.000000,1.029437
800,8.625682,1.463119,1.307018,1.209595,-0.400000,0.809595
801,8.618050,2.543048,1.307379,1.594694,-1.000000,0.594694
802,8.607268,0.013714,1.305887,0.117105,-0.190000,-0.072895
803,8.596596,0.080868,1.304609,0.284373,0.000000,0.284373
804,8.594715,7.091543,1.306307,2.662995,2.870000,0.207005
805,9.201368,494.523855,1.332438,22.237892,22.920000,0.682108
806,9.303098,90.788789,1.342658,9.528315,-15.300000,-5.771685
807,9.296487,3.994845,1.343475,1.998711,-7.100000,-9.098711
808,9.286312,1.115832,1.343118,1.056329,4.800000,5.856329
809,9.384063,87.975846,1.353101,9.379544,16.800000,7.420456
810,9.782462,330.493131,1.373977,18.179470,8.700000,-9.479470
811,10.599760,669.341906,1.404334,25.871643,-28.300000,-2.428357
812,11.447546,695.611078,1.435237,26.374440,-7.700000,-34.074440
813,13.884686,1983.093489,1.488509,44.531938,-2.100000,42.431938
814,13.891521,19.421718,1.492112,4.407008,-0.300000,4.107008
815,13.882313,6.423149,1.493397,2.534393,-1.100000,-3.634393
816,13.904205,31.659287,1.498487,5.626659,1.400000,-4.226659
817,14.158834,220.917414,1.514926,14.863291,20.000000,5.136709
818,14.159952,15.068445,1.517834,3.881809,1.600000,5.481809
819,14.189823,38.504785,1.523585,6.205222,-8.100000,-1.894778
820,14.288427,94.651112,1.533641,9.728880,-1.900000,-11.628880
821,14.275588,3.799021,1.534149,1.949108,2.600000,4.549108
822,14.309371,41.909500,1.540188,6.473755,-2.600000,3.873755
823,14.384777,76.066869,1.548956,8.721632,3.300000,-5.421632
824,14.454682,71.706944,1.557394,8.467995,-1.400000,7.067995
825,14.479541,34.864100,1.562689,5.904583,-7.400000,-1.495417
826,14.489561,22.716214,1.566586,4.766153,-1.900000,2.866153
827,14.737028,218.154795,1.582629,14.770064,15.800000,1.029936
828,14.827336,89.151041,1.592168,9.441983,0.800000,10.241983
829,14.821077,9.663051,1.594006,3.108545,-3.800000,-0.691455
830,14.925338,100.941194,1.604239,10.046949,-10.900000,-0.853051
831,14.944949,31.143527,1.609047,5.580639,-4.000000,1.580639
832,14.944264,14.378015,1.611684,3.791835,-2.100000,1.691835
833,14.931810,4.619595,1.612332,2.149324,-0.700000,-2.849324
834,14.913820,0.000138,1.610404,0.011734,-0.400000,-0.411734
835,14.925706,24.790794,1.614457,4.979035,-1.800000,3.179035
836,14.908412,0.537156,1.613398,0.732909,-0.300000,-1.032909
837,14.903338,10.681611,1.615385,3.268273,-0.200000,3.068273
838,14.903863,15.341284,1.618144,3.916795,-1.500000,2.416795
839,14.886642,0.524902,1.617074,0.724501,-1.320000,-0.595499
840,14.872253,2.857015,1.617161,1.690271,-0.880000,0.810271
841,14.861554,5.917359,1.618136,2.432562,-0.880000,1.552562
842,14.847322,2.935212,1.618249,1.713246,-0.620000,1.093246
843,14.833203,3.001739,1.618385,1.732553,-0.400000,1.332553
844,14.815686,0.118990,1.616869,0.344949,0.400000,0.744949
845,14.803055,4.192905,1.617381,2.047658,3.000000,0.952342
846,14.786607,0.953199,1.616620,0.976319,0.700000,1.676319
847,14.769780,0.601754,1.615623,0.775728,0.300000,1.075728
848,14.752387,0.090130,1.614064,0.300216,0.600000,0.900216
849,14.737181,1.903535,1.613787,1.379686,0.600000,1.979686
850,14.719932,0.144484,1.612328,0.380111,1.100000,0.719889
851,14.713553,9.316475,1.614029,3.052290,-1.400000,1.652290
852,14.700702,3.815812,1.614429,1.953410,-1.400000,0.553410
853,14.684065,0.576365,1.613421,0.759187,-0.900000,-0.140813
854,14.667253,0.393409,1.612261,0.627223,-0.440000,0.187223
855,14.657312,6.207435,1.613294,2.491472,-0.660000,1.831472
856,14.647481,6.281251,1.614342,2.506242,-1.300000,1.206242
857,14.630563,0.216739,1.612996,0.465552,-0.400000,0.065552
858,14.613550,0.101572,1.611480,0.318703,0.610000,0.291297
859,14.598557,1.794607,1.611162,1.339629,-0.610000,0.729629
860,14.582657,0.988234,1.610441,0.994099,-1.000000,-0.005901
861,14.567241,1.371217,1.609928,1.170990,-0.760000,0.410990
862,14.551090,0.709276,1.609034,0.842185,0.000000,0.842185
863,14.535765,1.387220,1.608532,1.177803,0.000000,1.177803
864,14.518952,0.076533,1.606983,0.276646,0.180000,0.456646
865,14.502624,0.460124,1.605904,0.678324,0.000000,0.678324
866,14.485805,0.004794,1.604122,0.069241,0.780000,0.849241
867,14.469425,0.350194,1.602949,0.591772,0.400000,0.991772
868,14.455036,2.036785,1.602745,1.427160,-0.200000,1.227160
869,14.440216,1.636456,1.602371,1.279240,-0.600000,0.679240
870,14.423919,0.326308,1.601180,0.571234,-0.190000,0.381234
871,14.407333,0.044174,1.599576,0.210176,0.190000,0.400176
872,14.390967,0.201888,1.598251,0.449319,-0.190000,0.259319
873,14.374654,0.214493,1.596945,0.463133,-0.190000,0.273133
874,14.361680,3.087582,1.597129,1.757152,1.780000,0.022848
875,14.348760,3.107969,1.597319,1.762943,0.200000,1.962943
876,14.333170,0.754697,1.596484,0.868733,-0.400000,0.468733
877,14.316944,0.168005,1.595124,0.409884,0.200000,0.609884
878,14.304040,3.038973,1.595294,1.743265,-0.600000,1.143265
879,14.287797,0.091016,1.593816,0.301689,0.200000,0.501689
880,14.271509,0.019411,1.592155,0.139323,0.400000,0.539323
881,14.255407,0.150262,1.590782,0.387636,0.200000,0.587636
882,14.250890,10.289383,1.592623,3.207707,3.300000,0.092293
883,14.234968,0.255208,1.591386,0.505182,0.800000,1.305182
884,14.228891,8.887696,1.592966,2.981224,-3.020000,-0.038776
885,14.212743,0.002038,1.591209,0.045143,-0.660000,-0.705143
886,14.199249,2.311301,1.591128,1.520296,-0.820000,0.700296
887,14.183810,0.566741,1.590179,0.752822,-0.400000,0.352822
888,14.168070,0.269966,1.588968,0.519582,-0.200000,0.319582
889,14.152324,0.232832,1.587718,0.482526,-0.400000,0.082526
890,14.136374,0.020033,1.586085,0.141538,-0.200000,-0.058462
891,14.120651,0.190605,1.584789,0.436584,0.000000,-0.436584
892,14.106191,1.279783,1.584279,1.131275,-0.190000,0.941275
893,14.093154,2.516119,1.584281,1.586228,-0.190000,1.396228
894,14.080330,2.679847,1.584340,1.637024,0.000000,1.637024
895,14.065024,0.443217,1.583309,0.665745,0.000000,0.665745
896,14.050017,0.678904,1.582458,0.823956,0.380000,1.203956
897,14.034917,0.565197,1.581528,0.751796,0.000000,0.751796
898,14.019348,0.116346,1.580140,0.341095,-0.190000,0.151095
899,14.003844,0.143598,1.578798,0.378943,-0.190000,0.188943
900,13.988275,0.054008,1.577295,0.232395,0.000000,0.232395
901,13.972737,0.050668,1.575788,0.225095,-0.180000,0.045095
902,13.957178,0.000140,1.574046,0.011812,0.000000,0.011812
903,13.941697,0.039947,1.572518,0.199868,0.180000,0.379868
904,13.926635,0.386141,1.571461,0.621402,0.980000,0.358598
905,13.911694,0.464742,1.570473,0.681720,0.000000,0.681720
906,13.897122,0.767518,1.569704,0.876081,-0.790000,0.086081
907,13.881759,0.024612,1.568139,0.156882,-0.370000,-0.213118
908,13.866406,0.002258,1.566457,0.047523,-0.180000,-0.227523
909,13.851124,0.036313,1.564937,0.190560,-0.170000,-0.360560
910,13.835919,0.075487,1.563512,0.274749,-0.170000,-0.444749
911,13.820816,0.137891,1.562198,0.371337,0.000000,-0.371337
912,13.806025,0.389841,1.561165,0.624372,0.170000,-0.454372
913,13.790837,0.000325,1.559468,0.018040,-0.170000,-0.188040
914,13.775729,0.042698,1.557981,0.206636,0.000000,0.206636
915,13.761138,0.483498,1.557034,0.695340,0.000000,0.695340
916,13.747030,0.894151,1.556364,0.945596,0.000000,0.945596
917,13.732101,0.117018,1.555034,0.342079,0.000000,0.342079
918,13.717359,0.257794,1.553888,0.507735,-0.170000,0.337735
919,13.702759,0.358960,1.552844,0.599133,-0.170000,0.429133
920,13.687961,0.147075,1.551568,0.383503,0.000000,0.383503
921,13.673454,0.385653,1.550553,0.621009,-0.170000,0.451009
922,13.658612,0.048765,1.549104,0.220829,0.000000,0.220829
923,13.644240,0.450386,1.548149,0.671108,-0.170000,0.501108
924,13.629756,0.318717,1.547080,0.564551,0.000000,0.564551
925,13.615097,0.129213,1.545790,0.359463,0.170000,0.529463
926,13.600516,0.171195,1.544563,0.413757,0.170000,0.583757
927,13.585875,0.086424,1.543208,0.293979,-0.170000,0.123979
928,13.571421,0.230861,1.542058,0.480480,0.000000,0.480480
929,13.557081,0.306961,1.540990,0.554041,0.000000,0.554041
930,13.542487,0.042582,1.539548,0.206354,0.680000,0.473646
931,13.528309,0.400317,1.538570,0.632706,0.720000,1.352706
932,13.514548,0.757693,1.537850,0.870455,0.590000,-0.280455
933,13.500001,0.000046,1.536202,0.006747,-0.200000,-0.206747
934,13.485500,0.014695,1.534680,0.121222,0.000000,-0.121222
935,13.471019,0.003585,1.533096,0.059877,-0.200000,-0.140123
936,13.456670,0.097690,1.531787,0.312554,-0.190000,-0.502554
937,13.442494,0.230563,1.530660,0.480169,-0.190000,-0.670169
938,13.428617,0.480683,1.529763,0.693313,0.000000,-0.693313
939,13.414779,0.490836,1.528876,0.700597,0.000000,-0.700597
940,13.400632,0.172859,1.527687,0.415763,0.000000,-0.415763
941,13.386383,0.048939,1.526293,0.221221,0.000000,-0.221221
942,13.372304,0.181087,1.525119,0.425543,-0.180000,0.245543
943,13.358099,0.032966,1.523688,0.181566,0.000000,0.181566
944,13.343891,0.003150,1.522127,0.056125,0.180000,0.123875
945,13.329725,0.013869,1.520635,0.117765,0.000000,0.117765
946,13.315579,0.004104,1.519088,0.064062,0.000000,0.064062
947,13.301830,0.350335,1.518105,0.591891,-0.180000,0.411891
948,13.287882,0.135012,1.516886,0.367439,0.000000,0.367439
949,13.273832,0.010268,1.515388,0.101331,0.180000,0.281331
950,13.260220,0.396896,1.514452,0.629997,-0.180000,0.449997
951,13.246225,0.006597,1.512939,0.081222,0.180000,0.098778
952,13.232296,0.041779,1.511559,0.204400,0.000000,0.204400
953,13.218457,0.098795,1.510297,0.314316,-0.180000,0.134316
954,13.204554,0.011426,1.508820,0.106891,0.000000,0.106891
955,13.190692,0.021112,1.507386,0.145300,0.000000,0.145300
956,13.176845,0.008865,1.505902,0.094152,0.000000,0.094152
957,13.163179,0.153189,1.504732,0.391393,0.370000,-0.021393
958,13.149382,0.000207,1.503170,0.014372,0.190000,0.175628
959,13.135614,0.001423,1.501635,0.037724,0.400000,0.437724
960,13.121983,0.104572,1.500403,0.323376,0.600000,0.276624
961,13.108389,0.112349,1.499185,0.335185,0.600000,0.264815
962,13.096124,1.358361,1.498837,1.165487,-1.000000,0.165487
963,13.090324,7.533897,1.500136,2.744795,-0.400000,2.344795
964,13.076862,0.166472,1.498999,0.408010,0.000000,0.408010
965,13.063522,0.257875,1.497967,0.507814,-0.200000,0.307814
966,13.051482,1.480474,1.497675,1.216747,0.200000,1.416747
967,13.037943,0.013394,1.496240,0.115731,0.000000,-0.115731
968,13.024423,0.004972,1.494761,0.070514,-0.200000,-0.270514
969,13.012126,1.157796,1.494327,1.076009,0.600000,-0.476009
970,12.998928,0.262952,1.493311,0.512789,0.000000,0.512789
971,12.985700,0.207370,1.492237,0.455378,-0.400000,0.055378
972,12.972295,0.009339,1.490796,0.096638,-0.200000,-0.296638
973,12.958908,0.000691,1.489284,0.026294,0.000000,-0.026294
974,12.945553,0.003977,1.487814,0.063067,-0.190000,-0.126933
975,12.932404,0.178139,1.486716,0.422065,0.190000,-0.232065
976,12.919108,0.008397,1.485281,0.091638,0.000000,0.091638
977,12.905830,0.000055,1.483762,0.007400,-0.190000,-0.182600
978,12.892778,0.192846,1.482690,0.439142,-0.720000,-0.280858
979,12.879782,0.222300,1.481653,0.471487,-0.340000,0.131487
980,12.866963,0.368067,1.480756,0.606685,0.510000,-0.096685
981,12.853849,0.054460,1.479479,0.233367,0.180000,0.413367
982,12.840752,0.044965,1.478183,0.212050,0.000000,-0.212050
983,12.827831,0.191119,1.477120,0.437171,-0.690000,-0.252829
984,12.815058,0.310100,1.476181,0.556866,0.340000,-0.216866
985,12.802041,0.045817,1.474895,0.214050,0.720000,0.505950
986,12.789437,0.424927,1.474056,0.651865,-0.370000,0.281865
987,12.776429,0.001974,1.472602,0.044429,0.000000,0.044429
988,12.763449,0.004772,1.471176,0.069076,0.000000,0.069076
989,12.750494,0.002429,1.469732,0.049280,0.000000,-0.049280
990,12.737761,0.196363,1.468691,0.443129,-0.350000,0.093129
991,12.724937,0.079630,1.467489,0.282187,0.350000,0.067813
992,12.712092,0.034551,1.466192,0.185880,0.000000,0.185880
993,12.699299,0.059274,1.464955,0.243463,0.000000,-0.243463
994,12.686471,0.000211,1.463490,0.014542,0.000000,-0.014542
995,12.673700,0.030456,1.462190,0.174516,0.180000,0.005484
996,12.661124,0.198084,1.461164,0.445066,-0.180000,0.265066
997,12.648672,0.296049,1.460241,0.544104,0.180000,-0.364104
998,12.635961,0.014220,1.458892,0.119246,0.190000,0.070754
999,12.624076,0.810645,1.458330,0.900359,0.790000,-0.110359
1000,12.612572,1.166303,1.457950,1.079955,1.210000,0.130045
1001,12.600470,0.546474,1.457230,0.739239,-0.810000,-0.070761
1002,12.588551,0.704852,1.456611,0.839555,-0.400000,0.439555
1003,12.576309,0.358788,1.455752,0.598989,0.200000,-0.398989
1004,12.564262,0.529264,1.455024,0.727505,-0.600000,0.127505
1005,12.551769,0.059202,1.453813,0.243315,-0.200000,-0.443315
1006,12.539537,0.295755,1.452905,0.543833,0.200000,-0.343833
1007,12.527053,0.018073,1.451591,0.134437,-0.200000,-0.065563
1008,12.514723,0.147643,1.450528,0.384244,-0.190000,-0.574244
1009,12.507190,4.943877,1.451297,2.223483,2.210000,-0.013483
1010,12.496095,1.344968,1.451007,1.159728,-0.210000,0.949728
1011,12.483740,0.055318,1.449800,0.235197,-0.610000,-0.374803
1012,12.472812,1.467946,1.449563,1.211588,0.820000,-0.391588
1013,12.470534,10.174293,1.451288,3.189717,-2.580000,0.609717
1014,12.458546,0.362485,1.450447,0.602068,-0.180000,-0.782068
1015,12.455371,9.248942,1.452020,3.041207,2.980000,-0.061207
1016,12.443780,0.724815,1.451427,0.851361,1.960000,1.108639
1017,12.438978,7.579357,1.452712,2.753063,-2.180000,0.573063
1018,12.426777,0.067597,1.451536,0.259994,-0.620000,-0.879994
1019,12.415603,1.084785,1.451132,1.041530,-0.400000,0.641530
1020,12.403436,0.053885,1.449932,0.232131,0.000000,-0.232131
1021,12.391257,0.018299,1.448639,0.135273,0.000000,-0.135273
1022,12.382366,3.339822,1.449011,1.827518,1.680000,-0.147518
1023,12.370847,0.644865,1.448377,0.803035,-1.280000,-0.476965
1024,12.359156,0.445313,1.447612,0.667318,-0.400000,-1.067318
1025,12.347103,0.052954,1.446419,0.230117,0.400000,0.630117
1026,12.338551,3.607602,1.446862,1.899369,-1.000000,0.899369
1027,12.328351,1.904137,1.446797,1.379905,-1.140000,0.239905
1028,12.318769,2.516124,1.446933,1.586229,0.940000,-0.646229
1029,12.307482,0.749075,1.446366,0.865491,-0.580000,0.285491
1030,12.296016,0.543255,1.445675,0.737058,-0.530000,0.207058
1031,12.284634,0.606631,1.445025,0.778865,0.350000,-0.428865
1032,12.272907,0.229393,1.444086,0.478949,0.000000,0.478949
1033,12.261103,0.127241,1.443029,0.356708,0.000000,-0.356708
1034,12.249213,0.014162,1.441743,0.119005,-0.180000,-0.060995
1035,12.237463,0.135386,1.440702,0.367949,0.550000,0.182051
1036,12.225664,0.059965,1.439543,0.244878,-0.190000,0.054878
1037,12.214045,0.224146,1.438608,0.473440,0.000000,-0.473440
1038,12.202486,0.261577,1.437711,0.511446,-0.360000,0.151446
1039,12.190783,0.090183,1.436612,0.300305,-0.340000,-0.039695
1040,12.179922,0.938625,1.436161,0.968827,0.700000,-0.268827
1041,12.168275,0.102356,1.435084,0.319931,0.580000,0.260069
1042,12.156688,0.140681,1.434063,0.375074,-0.200000,0.175074
1043,12.144999,0.011985,1.432788,0.109477,-0.190000,-0.299477
1044,12.133379,0.059418,1.431645,0.243759,-0.190000,0.053759
1045,12.121783,0.062492,1.430510,0.249984,-0.360000,-0.110016
1046,12.110276,0.130948,1.429484,0.361867,-0.170000,-0.531867
1047,12.098684,0.020598,1.428251,0.143519,-0.510000,-0.366481
1048,12.088051,0.997195,1.427840,0.998596,0.340000,-0.658596
1049,12.076583,0.104077,1.426782,0.322610,0.340000,0.017390
1050,12.065039,0.002048,1.425461,0.045250,0.000000,-0.045250
1051,12.053521,0.004987,1.424167,0.070617,0.000000,0.070617
1052,12.042021,0.002446,1.422856,0.049454,0.000000,-0.049454
1053,12.030549,0.007315,1.421581,0.085527,0.000000,-0.085527
1054,12.019120,0.030323,1.420393,0.174134,-0.340000,-0.165866
1055,12.007745,0.063851,1.419282,0.252688,-0.170000,0.082688
1056,11.997059,0.765810,1.418764,0.875106,-0.830000,0.045106
1057,11.985667,0.001337,1.417452,0.036559,0.320000,0.283441
1058,11.974544,0.261736,1.416592,0.511601,0.510000,1.021601
1059,11.963230,0.039246,1.415437,0.198106,0.000000,0.198106
1060,11.951932,0.032379,1.414267,0.179941,-0.340000,-0.160059
1061,11.940649,0.025681,1.413081,0.160252,0.000000,-0.160252
1062,11.929891,0.558235,1.412452,0.747151,0.850000,0.102849
1063,11.918666,0.042868,1.411313,0.207045,0.000000,0.207045
1064,11.907425,0.003726,1.410039,0.061040,0.000000,-0.061040
1065,11.896210,0.007922,1.408794,0.089008,0.000000,-0.089008
1066,11.885012,0.004199,1.407529,0.064801,0.000000,-0.064801
1067,11.873840,0.009029,1.406294,0.095023,-0.170000,-0.074977
1068,11.862811,0.138705,1.405322,0.372431,-0.340000,0.032431
1069,11.852110,0.466302,1.404644,0.682863,0.510000,-0.172863
1070,11.840992,0.000417,1.403346,0.020410,0.000000,-0.020410
1071,11.830005,0.117418,1.402351,0.342663,0.000000,-0.342663
1072,11.818928,0.000358,1.401056,0.018916,0.000000,0.018916
1073,11.807874,0.001834,1.399786,0.042826,0.000000,-0.042826
1074,11.796879,0.043721,1.398673,0.209096,0.000000,-0.209096
1075,11.785877,0.013834,1.397477,0.117616,0.000000,-0.117616
1076,11.774888,0.005075,1.396239,0.071238,0.000000,-0.071238
1077,11.764059,0.155794,1.395306,0.394708,0.180000,-0.214708
1078,11.753129,0.024701,1.394153,0.157165,0.000000,-0.157165