# TEST CONFIGURATION BEGIN
# File Stream: filename: icelandicriver_flow.csv  -  n_targets: 1
# [icelandicriver_flow_ADE_HOMO_KNN_W_SIZE_4] Pipeline: Array BaseStreamModel: base_models: [<skmultiflow.lazy.knn_forecast.KNNForecast object at 0x7f2298ced9b0>, <skmultiflow.lazy.knn_forecast.KNNForecast object at 0x7f2298ceda20>, <skmultiflow.lazy.knn_forecast.KNNForecast object at 0x7f2298ceda90>, <skmultiflow.lazy.knn_forecast.KNNForecast object at 0x7f2298cedb00>]
 Array BaseStreamModel: base_models: [<skmultiflow.lazy.knn_forecast.KNNForecast object at 0x7f2298ced9b0>, <skmultiflow.lazy.knn_forecast.KNNForecast object at 0x7f2298ceda20>, <skmultiflow.lazy.knn_forecast.KNNForecast object at 0x7f2298ceda90>, <skmultiflow.lazy.knn_forecast.KNNForecast object at 0x7f2298cedb00>]
# Prequential Evaluator: n_wait: 1 - max_samples: 600000 - max_time: 10000000 - output_file: icelandicriver_flow_ADE_HOMO_KNN_W_SIZE_4_SIZE_4 - batch_size: 1 - pretrain_size: 5 - task_type: regression - show_plot: False - metrics: ['mean_square_error', 'mean_absolute_error', 'true_vs_predicted']
# TEST CONFIGURATION END
id,global_mse_[icelandicriver_flow_ADE_HOMO_KNN_W_SIZE_4],sliding_mse_[icelandicriver_flow_ADE_HOMO_KNN_W_SIZE_4],global_mae_[icelandicriver_flow_ADE_HOMO_KNN_W_SIZE_4],sliding_mae_[icelandicriver_flow_ADE_HOMO_KNN_W_SIZE_4],true_value_[icelandicriver_flow_ADE_HOMO_KNN_W_SIZE_4],predicted_value_[icelandicriver_flow_ADE_HOMO_KNN_W_SIZE_4]
5,0.031674,0.031674,0.177972,0.177972,-0.210000,-0.032028
6,0.161324,0.290975,0.358696,0.539421,-0.610000,-0.070579
7,0.111432,0.011647,0.275105,0.107923,-0.400000,-0.507923
8,1.390163,5.226354,0.777859,2.286122,-2.720000,-0.433878
9,2.353627,6.207486,1.120584,2.491483,1.180000,-1.311483
10,2.644485,4.098773,1.271244,2.024543,0.940000,-1.084543
11,2.417947,1.058719,1.236629,1.028941,0.800000,-0.228941
12,2.128468,0.102112,1.121994,0.319550,0.000000,0.319550
13,1.893241,0.011430,1.009207,0.106909,0.200000,0.306909
14,1.704114,0.001972,0.912727,0.044405,0.200000,0.155595
15,1.555638,0.070880,0.853955,0.266232,0.000000,0.266232
16,1.669243,2.918891,0.925165,1.708476,-1.590000,0.118476
17,1.800075,3.370059,0.995211,1.835772,1.190000,-0.645772
18,1.815131,2.010856,1.025414,1.418046,1.240000,-0.178046
19,1.765656,1.073019,1.026111,1.035866,-0.640000,0.395866
20,1.655726,0.006768,0.967121,0.082268,-0.400000,-0.317732
21,1.558333,0.000041,0.910609,0.006427,-0.200000,-0.193573
22,1.471767,0.000148,0.860697,0.012183,-0.200000,-0.187817
23,1.397786,0.066121,0.828930,0.257140,0.000000,-0.257140
24,1.333767,0.117412,0.804617,0.342654,0.200000,-0.142654
25,1.270258,0.000084,0.766739,0.009177,0.000000,0.009177
26,1.214421,0.041832,0.741184,0.204529,-0.200000,0.004529
27,1.162602,0.022584,0.715492,0.150278,-0.200000,-0.049722
28,1.115217,0.025381,0.692318,0.159314,0.000000,-0.159314
29,1.073862,0.081331,0.676033,0.285185,0.200000,-0.085185
30,1.036164,0.093711,0.661805,0.306122,0.200000,-0.106122
31,0.997792,0.000126,0.637710,0.011245,0.200000,0.188755
32,0.974615,0.348838,0.636029,0.590625,-0.400000,0.190625
33,0.942122,0.032305,0.620295,0.179735,0.000000,-0.179735
34,0.910934,0.006487,0.602303,0.080543,0.000000,-0.080543
35,0.883948,0.074388,0.591672,0.272742,0.200000,-0.072742
36,0.930547,2.375090,0.621343,1.541133,-1.560000,-0.018867
37,0.906942,0.151594,0.614312,0.389351,0.000000,-0.389351
38,0.936294,1.904899,0.636838,1.380181,0.560000,-0.820181
39,0.931616,0.772580,0.643756,0.878965,0.400000,-0.478965
40,0.913639,0.284454,0.640689,0.533342,0.600000,0.066658
41,0.894552,0.207414,0.635682,0.455428,1.020000,0.564572
42,4.929868,154.236561,0.945774,12.419201,13.080000,0.660799
43,7.919301,121.517759,1.204178,11.023509,-6.800000,4.223509
44,7.907225,7.436264,1.242247,2.726951,-2.600000,0.126951
45,7.812916,4.040521,1.260975,2.010105,-1.500000,0.510105
46,7.668619,1.752460,1.262471,1.323805,-0.860000,0.463805
47,7.493195,0.125386,1.241346,0.354098,-0.660000,-0.305902
48,7.326575,0.161928,1.222280,0.402403,-0.440000,-0.037597
49,7.173277,0.428132,1.209658,0.654318,-0.220000,0.434318
50,7.018084,0.034441,1.187396,0.185582,-0.210000,-0.024418
51,6.870887,0.099797,1.168853,0.315906,0.000000,-0.315906
52,6.727745,0.000084,1.144693,0.009143,-0.210000,-0.219143
53,6.601208,0.527417,1.136153,0.726235,-0.400000,0.326235
54,6.469429,0.012249,1.115643,0.110675,-0.200000,-0.089325
55,6.342910,0.016969,1.096322,0.130264,0.000000,-0.130264
56,6.220941,0.000547,1.075689,0.023383,0.000000,-0.023383
57,6.106497,0.155377,1.062830,0.394178,-0.400000,-0.005822
58,6.028819,1.911907,1.068754,1.382717,1.210000,-0.172717
59,6.098006,9.834087,1.106339,3.135935,-3.060000,0.075935
60,5.997028,0.443238,1.098471,0.665761,-0.670000,-0.004239
61,5.917318,1.453559,1.100352,1.205636,1.180000,-0.025636
62,5.830612,0.888391,1.097631,0.942545,0.940000,-0.002545
63,5.734427,0.155704,1.085715,0.394594,0.000000,-0.394594
64,5.732257,5.604230,1.107075,2.367325,2.040000,-0.327325
65,6.171312,32.514576,1.182404,5.702155,5.460000,-0.242155
66,6.506303,26.940767,1.247050,5.190450,-3.920000,1.270450
67,6.437429,2.167241,1.250623,1.472155,-1.320000,0.152155
68,6.358935,1.413783,1.249661,1.189026,0.880000,-0.309026
69,6.353430,6.001112,1.268123,2.449717,-0.660000,1.789717
70,6.257682,0.034079,1.251706,0.184604,-0.220000,-0.035396
71,6.182912,1.248081,1.249698,1.117176,-0.440000,0.677176
72,6.388238,20.145105,1.297325,4.488330,1.100000,5.588330
73,6.442974,10.164999,1.324730,3.188260,0.000000,3.188260
74,6.354942,0.280787,1.313375,0.529893,-0.870000,-0.340107
75,6.267748,0.164149,1.300583,0.405153,-0.230000,0.175153
76,6.196819,1.160864,1.297484,1.077434,-0.420000,0.657434
77,6.111933,0.000123,1.279862,0.011107,-0.200000,-0.211107
78,6.030460,0.082957,1.266459,0.288023,-0.400000,-0.111977
79,5.951610,0.116681,1.254128,0.341586,0.000000,-0.341586
80,5.880464,0.544535,1.247335,0.737926,0.600000,-0.137926
81,5.818006,1.071208,1.244578,1.034992,-0.800000,0.234992
82,5.744283,0.067567,1.231954,0.259936,0.000000,-0.259936
83,5.673327,0.138742,1.221075,0.372481,0.200000,-0.172481
84,5.602851,0.035294,1.208160,0.187867,-0.200000,-0.012133
85,5.534477,0.064510,1.196380,0.253988,-0.200000,0.053988
86,5.468439,0.119412,1.186004,0.345561,-0.200000,0.145561
87,5.403349,0.065996,1.174810,0.256897,0.000000,0.256897
88,5.339786,0.063984,1.163835,0.252950,0.000000,0.252950
89,5.277609,0.054762,1.152896,0.234014,0.000000,0.234014
90,5.216517,0.023743,1.141282,0.154087,-0.200000,-0.354087
91,5.156760,0.017639,1.129691,0.132812,-0.200000,-0.067188
92,5.104188,0.530410,1.125129,0.728293,0.600000,-0.128293
93,5.049304,0.219477,1.117751,0.468484,-0.200000,0.268484
94,4.993871,0.060364,1.108062,0.245691,-0.200000,0.045691
95,4.954764,1.435164,1.109050,1.197983,1.000000,-0.197983
96,4.908809,0.726844,1.106262,0.852552,1.040000,0.187448
97,4.876359,1.890970,1.109153,1.375126,1.760000,0.384874
98,4.932930,10.194013,1.131319,3.192806,4.300000,1.107194
99,4.882980,0.187722,1.123971,0.433269,2.300000,2.733269
100,4.834014,0.182222,1.116710,0.426875,2.700000,3.126875
101,4.795623,1.110103,1.116059,1.053614,4.300000,3.246386
102,4.795301,4.764092,1.126943,2.182680,1.700000,3.882680
103,5.358235,60.525775,1.194144,7.779831,10.700000,2.920169
104,5.448440,14.378726,1.220122,3.791929,-4.400000,-0.608071
105,6.740783,135.975054,1.323495,11.660834,-12.300000,-0.639166
106,6.682153,0.760486,1.319070,0.872058,-2.300000,-1.427942
107,6.675662,6.013665,1.330072,2.452277,-3.300000,-0.847723
108,6.648040,3.802923,1.336034,1.950109,-2.600000,-0.649891
109,6.586745,0.212097,1.327696,0.460539,-0.900000,-0.439461
110,6.524606,0.000023,1.315215,0.004809,-0.200000,-0.195191
111,6.465166,0.164482,1.306714,0.405564,0.200000,-0.205564
112,6.405734,0.046474,1.296611,0.215579,0.200000,-0.015579
113,6.424585,8.460529,1.311401,2.908699,2.700000,-0.208699
114,6.863386,54.692727,1.366710,7.395453,7.100000,-0.295453
115,6.955104,17.044034,1.391591,4.128442,4.000000,-0.128442
116,8.355661,163.817535,1.493444,12.799122,12.600000,-0.199122
117,10.490454,249.587289,1.620036,15.798332,-3.800000,11.998332
118,12.018078,184.639519,1.725020,13.588213,-4.200000,9.388213
119,12.040663,14.615347,1.743263,3.823002,2.800000,-1.023002
120,11.988676,6.010264,1.749369,2.451584,2.200000,-0.251584
121,11.952075,7.706280,1.758144,2.776019,-2.900000,-0.123981
122,12.052295,23.778005,1.784569,4.876270,-4.500000,0.376270
123,12.318469,43.727020,1.825141,6.612641,-4.800000,1.812641
124,12.372611,18.815575,1.846079,4.337692,-4.200000,0.137692
125,12.313854,5.262974,1.849782,2.294117,1.900000,-0.394117
126,12.255484,5.192784,1.853298,2.278768,-2.300000,-0.021232
127,12.162293,0.792913,1.845470,0.890456,-0.800000,0.090456
128,12.072023,0.968791,1.838525,0.984272,-0.500000,0.484272
129,11.978689,0.405363,1.828910,0.636682,2.400000,1.763318
130,11.885823,0.277506,1.818576,0.526788,1.700000,1.173212
131,11.911957,15.204874,1.834960,3.899343,-2.000000,1.899343
132,11.888559,8.916980,1.843953,2.986131,-0.800000,2.186131
133,11.832390,4.642799,1.846362,2.154716,2.800000,0.645284
134,11.939597,25.769331,1.871208,5.076350,-2.800000,2.276350
135,11.876142,3.626953,1.871462,1.904456,-2.100000,-0.195544
136,11.877833,12.099292,1.883636,3.478404,-3.500000,-0.021596
137,11.788617,0.012126,1.870301,0.110120,0.000000,0.110120
138,11.712572,1.598609,1.865779,1.264361,-1.200000,0.064361
139,11.626503,0.093214,1.854220,0.305309,0.000000,-0.305309
140,11.541673,0.089623,1.842787,0.299371,-0.200000,0.099371
141,11.460640,0.440189,1.834179,0.663468,-0.660000,0.003468
142,11.377593,0.000187,1.820987,0.013686,-0.220000,-0.233686
143,11.297793,0.285330,1.811730,0.534163,0.440000,-0.094163
144,11.220810,0.520154,1.803940,0.721217,0.640000,-0.081217
145,11.141844,0.086612,1.793234,0.294298,-0.200000,0.094298
146,11.068879,0.780871,1.786828,0.883669,0.900000,0.016331
147,10.998474,1.000979,1.781329,1.000489,-1.120000,-0.119511
148,10.922247,0.021794,1.769984,0.147628,-0.440000,-0.292372
149,10.846960,0.005669,1.758297,0.075295,-0.220000,-0.295295
150,10.772718,0.007497,1.746847,0.086586,-0.220000,-0.133414
151,10.699435,0.000180,1.735055,0.013426,0.000000,0.013426
152,10.627574,0.064011,1.725041,0.253004,-0.220000,0.033004
153,10.556269,0.003066,1.713835,0.055371,0.000000,0.055371
154,10.497004,1.666519,1.711016,1.290937,1.320000,0.029063
155,10.428468,0.148143,1.702233,0.384893,0.000000,0.384893
156,10.362932,0.466973,1.695530,0.683354,1.400000,0.716646
157,10.333088,5.796839,1.700185,2.407662,-1.400000,1.007662
158,10.281083,2.324345,1.699044,1.524580,-0.660000,0.864580
159,10.216457,0.264061,1.691398,0.513869,0.000000,0.513869
160,10.158384,1.156991,1.687451,1.075635,-0.220000,0.855635
161,10.104595,1.713584,1.685041,1.309039,-0.660000,0.649039
162,10.041820,0.186157,1.677106,0.431459,-0.220000,0.211459
163,9.982655,0.634553,1.671569,0.796588,0.220000,1.016588
164,9.925099,0.773638,1.666619,0.879567,1.740000,0.860433
165,9.863544,0.014772,1.657022,0.121538,1.500000,1.621538
166,9.856620,8.741838,1.665044,2.956660,-1.700000,1.256660
167,9.796428,0.045334,1.656136,0.212917,0.000000,-0.212917
168,9.737192,0.081647,1.647779,0.285739,-0.220000,0.065739
169,9.678180,0.000322,1.637902,0.017932,-0.220000,-0.202068
170,9.620082,0.033812,1.629142,0.183881,-0.440000,-0.256119
171,9.564222,0.291452,1.622620,0.539863,-0.660000,-0.120137
172,9.507350,0.009861,1.613552,0.099305,0.000000,-0.099305
173,9.482724,5.345502,1.617685,2.312034,2.140000,-0.172034
174,9.427703,0.129152,1.610284,0.359377,0.000000,0.359377
175,9.372780,0.035796,1.601973,0.189199,-0.400000,-0.210801
176,9.318503,0.037245,1.593781,0.192990,0.000000,-0.192990
177,9.264659,0.003436,1.584908,0.058616,-0.420000,-0.478616
178,9.214026,0.454502,1.579674,0.674168,0.220000,-0.454168
179,9.171052,1.693569,1.578083,1.301372,1.100000,-0.201372
180,9.120238,0.227853,1.571829,0.477340,-0.500000,-0.022660
181,9.075755,1.246661,1.569257,1.116540,-1.040000,0.076540
182,9.025595,0.147387,1.562598,0.383910,-0.440000,-0.056090
183,8.975233,0.010683,1.554445,0.103359,0.220000,0.323359
184,8.925370,0.000021,1.545835,0.004582,0.660000,0.664582
185,8.882806,1.221193,1.543400,1.105076,-0.660000,0.445076
186,8.834003,0.000750,1.535070,0.027393,0.220000,0.192607
187,8.787795,0.377798,1.530041,0.614652,-0.660000,-0.045348
188,8.740359,0.059561,1.523051,0.244052,0.000000,-0.244052
189,8.697090,0.735712,1.519455,0.857736,0.660000,-0.197736
190,8.650345,0.002528,1.511556,0.050281,0.000000,-0.050281
191,8.604458,0.069503,1.504883,0.263635,-0.440000,-0.176365
192,8.558954,0.049620,1.498063,0.222755,-0.220000,0.002755
193,8.515010,0.253576,1.492801,0.503563,-0.220000,0.283563
194,8.473194,0.569870,1.488918,0.754897,-0.220000,0.534897
195,8.429017,0.035544,1.482109,0.188531,0.000000,0.188531
196,8.385251,0.025902,1.475228,0.160940,0.000000,-0.160940
197,8.342146,0.066033,1.468916,0.256969,0.220000,-0.036969
198,8.299637,0.095320,1.462936,0.308739,-0.220000,0.088739
199,8.257603,0.102913,1.457079,0.320801,-0.440000,-0.119199
200,8.215963,0.096185,1.451227,0.310137,0.000000,-0.310137
201,8.174411,0.030354,1.444745,0.174223,0.000000,-0.174223
202,8.133226,0.019658,1.438156,0.140208,-0.210000,-0.069792
203,8.092627,0.054009,1.432097,0.232398,-0.210000,0.022398
204,8.052172,0.001697,1.425142,0.041190,0.000000,-0.041190
205,8.012420,0.061941,1.419290,0.248879,-0.200000,0.048879
206,7.973521,0.154862,1.414212,0.393525,0.200000,-0.193525
207,7.934690,0.090953,1.408731,0.301584,0.210000,-0.091584
208,7.895900,0.021548,1.402545,0.146791,-0.210000,-0.063209
209,7.857393,0.001888,1.395916,0.043448,-0.200000,-0.243448
210,7.819393,0.029428,1.389972,0.171546,0.000000,-0.171546
211,7.781667,0.010119,1.383743,0.100595,-0.200000,-0.099405
212,7.744583,0.068210,1.378346,0.261171,0.000000,-0.261171
213,7.707534,0.001338,1.371926,0.036584,0.000000,0.036584
214,7.670989,0.033104,1.366260,0.181945,0.400000,0.218055
215,7.635987,0.285502,1.362317,0.534324,-0.200000,0.334324
216,7.600164,0.041481,1.356852,0.203669,0.200000,-0.003669
217,7.564921,0.093497,1.351917,0.305773,-0.400000,-0.094227
218,7.530253,0.145847,1.347384,0.381900,0.200000,-0.181900
219,7.495229,0.000164,1.341177,0.012824,0.000000,0.012824
220,7.460906,0.081366,1.336288,0.285247,0.410000,0.124753
221,7.426966,0.096005,1.331558,0.309847,0.430000,0.120153
222,7.395335,0.531472,1.328794,0.729021,-0.640000,0.089021
223,7.362592,0.224506,1.324890,0.473821,0.210000,-0.263821
224,7.329289,0.036022,1.319731,0.189795,0.000000,-0.189795
225,7.296141,0.003549,1.314029,0.059573,0.000000,-0.059573
226,7.263285,0.001992,1.308311,0.044633,0.000000,-0.044633
227,7.231414,0.156123,1.304216,0.395124,0.430000,0.034876
228,7.201466,0.522975,1.301622,0.723170,0.880000,0.156830
229,7.169622,0.036555,1.296686,0.191194,0.000000,0.191194
230,7.137906,0.001870,1.291140,0.043240,0.000000,-0.043240
231,7.106832,0.084217,1.286731,0.290202,0.220000,-0.070202
232,7.077578,0.436869,1.283986,0.660961,-0.660000,0.000961
233,7.048744,0.474659,1.281388,0.688955,0.440000,-0.248955
234,7.018636,0.123821,1.277347,0.351882,-0.440000,-0.088118
235,6.992353,0.947358,1.276030,0.973323,-1.080000,-0.106677
236,6.972534,2.394169,1.277200,1.547310,1.300000,-0.247310
237,6.944293,0.392469,1.274407,0.626474,0.660000,0.033526
238,6.922009,1.729850,1.274581,1.315238,-1.320000,-0.004762
239,6.892704,0.035279,1.269957,0.187828,-0.220000,-0.032172
240,6.863982,0.114422,1.266009,0.338263,-0.420000,-0.081737
241,6.835148,0.030147,1.261400,0.173630,0.000000,-0.173630
242,6.806638,0.049939,1.257039,0.223470,-0.200000,0.023470
243,6.778167,0.002027,1.251968,0.045023,0.000000,0.045023
244,6.750162,0.056943,1.247745,0.238627,0.200000,-0.038627
245,6.722171,0.004282,1.242840,0.065438,0.000000,0.065438
246,6.694398,0.001250,1.237850,0.035359,0.000000,0.035359
247,6.666967,0.028677,1.233453,0.169343,-0.200000,-0.030657
248,6.639719,0.018252,1.228951,0.135100,-0.200000,-0.064900
249,6.612618,0.000021,1.223954,0.004536,0.000000,-0.004536
250,6.586222,0.119322,1.220382,0.345430,-0.200000,0.145430
251,6.559585,0.006890,1.215778,0.083003,0.200000,0.116997
252,6.533174,0.009672,1.211272,0.098348,0.200000,0.101652
253,6.507131,0.048366,1.207291,0.219922,-0.200000,0.019922
254,6.481474,0.092857,1.203680,0.304725,0.200000,-0.104725
255,6.456119,0.117504,1.200251,0.342789,0.410000,0.067211
256,6.431882,0.348221,1.197829,0.590103,-0.410000,0.180103
257,6.406459,0.000016,1.193111,0.004037,0.000000,0.004037
258,6.381868,0.160257,1.189990,0.400321,-0.200000,0.200321
259,6.357547,0.180035,1.186987,0.424305,-0.200000,0.224305
260,6.332716,0.000891,1.182467,0.029852,0.000000,0.029852
261,6.308244,0.043321,1.178676,0.208138,-0.200000,0.008138
262,6.285761,0.507709,1.176869,0.712537,0.600000,-0.112537
263,6.261685,0.050107,1.173189,0.223845,-0.200000,0.023845
264,6.237602,0.000007,1.168687,0.002558,0.000000,0.002558
265,6.214721,0.265728,1.166184,0.515488,-0.600000,-0.084512
266,6.191339,0.088612,1.162869,0.297678,-0.790000,-0.492322
267,6.171948,1.091471,1.162420,1.044735,0.990000,-0.054735
268,6.157109,2.254356,1.163704,1.501451,1.880000,0.378549
269,6.141622,2.053257,1.164720,1.432919,-1.280000,0.152919
270,6.118905,0.098673,1.161522,0.314123,-0.600000,-0.285877
271,6.096027,0.010469,1.157555,0.102316,-0.400000,-0.297684
272,6.073329,0.013172,1.153664,0.114770,-0.200000,-0.085230
273,6.062384,3.128987,1.155951,1.768894,1.820000,0.051106
274,6.054088,3.822558,1.158911,1.955136,2.180000,0.224864
275,6.038222,1.754214,1.159522,1.324468,-0.860000,0.464468
276,6.025505,2.579214,1.161164,1.605993,-1.530000,0.075993
277,6.008237,1.311367,1.161105,1.145149,1.090000,-0.055149
278,5.993456,1.958301,1.161975,1.399393,1.300000,-0.099393
279,5.980240,2.359136,1.163335,1.535948,-1.520000,0.015948
280,5.958994,0.116414,1.160356,0.341195,0.440000,0.098805
281,5.939572,0.578903,1.158914,0.760857,-0.660000,0.100857
282,5.918327,0.033555,1.155404,0.183180,-0.220000,-0.036820
283,5.898300,0.330646,1.153324,0.575018,-0.430000,0.145018
284,5.878749,0.424145,1.151531,0.651264,-0.610000,0.041264
285,5.857829,0.000102,1.147469,0.010097,0.000000,0.010097
286,5.838440,0.390346,1.145615,0.624777,0.610000,-0.014777
287,5.817865,0.015511,1.142007,0.124543,-0.210000,-0.085457
288,5.797452,0.020734,1.138493,0.143992,0.000000,-0.143992
289,5.793030,4.537224,1.141972,2.130076,-2.160000,-0.029924
290,5.773206,0.123157,1.139206,0.350937,0.000000,-0.350937
291,5.797960,12.877805,1.147741,3.588566,3.240000,-0.348566
292,5.777888,0.017134,1.144210,0.130898,-0.220000,-0.089102
293,5.757906,0.003009,1.140440,0.054856,0.220000,0.165144
294,5.740461,0.699048,1.139391,0.836091,-1.080000,-0.243909
295,5.720880,0.042315,1.136182,0.205705,-0.400000,-0.605705
296,5.708862,2.211705,1.137384,1.487180,-1.200000,0.287180
297,5.691154,0.520402,1.135965,0.721389,1.000000,0.278611
298,5.671821,0.007139,1.132388,0.084495,0.000000,0.084495
299,5.653885,0.380765,1.130641,0.617062,0.600000,-0.017062
300,5.636271,0.440115,1.129063,0.663412,0.210000,-0.453412
301,5.617647,0.104999,1.126352,0.324035,-0.210000,-0.534035
302,5.598801,0.001416,1.122699,0.037635,-0.200000,-0.162365
303,5.586833,2.020494,1.123698,1.421441,-1.590000,-0.168559
304,5.574366,1.846615,1.124482,1.358902,-0.890000,0.468902
305,5.556570,0.217831,1.122297,0.466724,-0.340000,0.126724
306,5.540918,0.829644,1.121597,0.910848,0.680000,-0.230848
307,5.525256,0.795228,1.120838,0.891755,0.940000,0.048245
308,5.507919,0.254789,1.118812,0.504766,1.000000,0.495234
309,5.490005,0.044180,1.115833,0.210190,0.400000,0.610190
310,5.472321,0.078947,1.113104,0.280975,0.000000,0.280975
311,5.454595,0.030288,1.110045,0.174035,0.210000,0.035965
312,5.436925,0.012336,1.106802,0.111068,0.210000,0.098932
313,5.422426,0.956569,1.106385,0.978044,-0.820000,0.158044
314,5.405782,0.262950,1.104470,0.512786,0.200000,-0.312786
315,5.388487,0.026958,1.101447,0.164188,0.000000,0.164188
316,5.373411,0.684624,1.100569,0.827420,0.840000,0.012580
317,5.356253,0.003091,1.097230,0.055595,0.220000,0.275595
318,5.339232,0.011573,1.094078,0.107579,0.000000,0.107579
319,5.322416,0.042404,1.091259,0.205923,-0.220000,-0.425923
320,5.305614,0.012893,1.088165,0.113547,-0.430000,-0.543547
321,5.289322,0.141110,1.085917,0.375646,-0.610000,-0.234354
322,5.272689,0.000048,1.082524,0.006935,-0.200000,-0.206935
323,5.256191,0.009837,1.079442,0.099180,0.000000,-0.099180
324,5.239851,0.027416,1.076586,0.165577,0.200000,0.034423
325,5.223997,0.150651,1.074441,0.388138,-0.400000,-0.011862
326,5.207815,0.013226,1.071461,0.115006,-0.200000,-0.315006
327,5.192166,0.153134,1.069356,0.391324,0.200000,-0.191324
328,5.176150,0.003029,1.066225,0.055035,0.400000,0.344965
329,5.160519,0.096283,1.063899,0.310295,0.200000,0.510295
330,5.145458,0.250369,1.062171,0.500369,-0.200000,0.300369
331,5.129750,0.008928,1.059211,0.094489,-0.200000,-0.105511
332,5.115056,0.310287,1.057680,0.557034,0.200000,-0.357034
333,5.100777,0.417121,1.056428,0.645849,0.400000,-0.245849
334,5.085962,0.211967,1.054622,0.460399,-0.400000,0.060399
335,5.071813,0.402623,1.053353,0.634526,0.400000,-0.234526
336,5.057159,0.206697,1.051550,0.454639,-0.200000,0.254639
337,5.042804,0.276929,1.049972,0.526240,-0.200000,0.326240
338,5.028071,0.122097,1.047875,0.349424,-0.200000,0.149424
339,5.013128,0.022029,1.045190,0.148423,-0.200000,-0.051577
340,4.998302,0.031768,1.042610,0.178236,0.000000,-0.178236
341,4.988407,1.663467,1.043343,1.289755,1.220000,-0.069755
342,5.002986,9.916124,1.049573,3.148988,3.680000,0.531012
343,5.019048,10.447931,1.056012,3.232326,-0.800000,2.432326
344,5.075787,24.310614,1.067407,4.930579,-4.100000,0.830579
345,5.067898,2.385407,1.068806,1.544476,-1.360000,0.184476
346,5.053542,0.158380,1.066845,0.397969,0.760000,0.362031
347,5.042910,1.406753,1.067192,1.186066,1.400000,0.213934
348,5.028438,0.064448,1.064828,0.253865,0.420000,0.166135
349,5.014204,0.117575,1.062736,0.342892,0.000000,-0.342892
350,4.999959,0.085362,1.060508,0.292168,-0.210000,-0.502168
351,4.986031,0.167205,1.058631,0.408907,-0.210000,-0.618907
352,4.971712,0.002927,1.055744,0.054099,0.000000,0.054099
353,4.958534,0.372479,1.054468,0.610311,-0.200000,0.410311
354,4.945236,0.304479,1.053032,0.551796,-0.200000,0.351796
355,4.931190,0.015082,1.050381,0.122808,-0.200000,-0.077192
356,4.917188,0.002218,1.047531,0.047093,-0.200000,-0.152907
357,4.903289,0.010988,1.044861,0.104825,0.000000,-0.104825
358,4.890199,0.269230,1.043375,0.518874,-0.400000,0.118874
359,4.896314,7.061022,1.047921,2.657258,2.720000,0.062742
360,5.040902,56.369941,1.066067,7.507992,7.480000,-0.027992
361,5.031770,1.780666,1.066819,1.334416,5.000000,3.665584
362,5.323299,109.399266,1.093055,10.459410,-5.900000,4.559410
363,5.316400,2.846331,1.094710,1.687107,1.300000,-0.387107
364,5.421060,42.994044,1.109883,6.556984,6.100000,-0.456984
365,5.428369,8.059711,1.114673,2.838963,-2.900000,-0.061037
366,5.488594,27.229617,1.126008,5.218201,-5.600000,-0.381799
367,5.478591,1.857603,1.126661,1.362939,-2.000000,-0.637061
368,5.463568,0.010280,1.123844,0.101391,-0.900000,-0.798609
369,5.451295,0.984100,1.123483,0.992018,-0.600000,0.392018
370,5.436449,0.017576,1.120776,0.132576,-0.200000,-0.332576
371,5.426525,1.794166,1.121372,1.339465,-1.120000,0.219465
372,5.411806,0.009870,1.118594,0.099345,-0.660000,-0.560655
373,5.398699,0.575382,1.117619,0.758539,1.280000,0.521461
374,5.386332,0.823064,1.117050,0.907229,-0.200000,0.707229
375,5.371993,0.066640,1.114735,0.258148,-0.200000,-0.458148
376,5.372151,5.430799,1.118003,2.330407,-0.440000,1.890407
377,5.419931,23.193910,1.127917,4.816006,-0.660000,4.156006
378,5.410281,1.810687,1.128499,1.345618,-0.220000,1.125618
379,5.395856,0.000957,1.125572,0.030933,-0.220000,-0.189067
380,5.381689,0.068991,1.123277,0.262661,-0.650000,-0.387339
381,5.367448,0.013039,1.120601,0.114190,-0.410000,-0.295810
382,5.353572,0.122114,1.118561,0.349448,0.000000,-0.349448
383,5.339938,0.186520,1.116749,0.431880,0.200000,-0.231880
384,5.327155,0.482475,1.115638,0.694604,0.640000,-0.054604
385,5.313267,0.035557,1.113205,0.188567,0.220000,0.408567
386,5.312568,5.046333,1.116171,2.246405,-2.000000,0.246405
387,5.299160,0.177522,1.114357,0.421334,-1.200000,-0.778666
388,5.297049,4.488335,1.116972,2.118569,1.740000,-0.378569
389,5.285234,0.748378,1.116318,0.865088,0.810000,-0.055088
390,5.271557,0.005749,1.113622,0.075824,0.000000,-0.075824
391,5.257975,0.015377,1.111065,0.124005,0.000000,0.124005
392,5.244480,0.021942,1.108583,0.148128,0.000000,0.148128
393,5.231367,0.143482,1.106707,0.378790,-0.210000,0.168790
394,5.218053,0.038995,1.104376,0.197471,0.000000,0.197471
395,5.204890,0.071248,1.102234,0.266923,0.000000,0.266923
396,5.191612,0.000082,1.099445,0.009045,0.000000,-0.009045
397,5.180403,0.786142,1.098904,0.886647,-0.800000,0.086647
398,5.167735,0.189218,1.097219,0.434993,-0.400000,0.034993
399,5.155250,0.236303,1.095672,0.486110,0.400000,-0.086110
400,5.145132,1.148760,1.095611,1.071802,1.010000,-0.061802
401,5.132181,0.003283,1.092996,0.057296,0.000000,-0.057296
402,5.119963,0.269482,1.091554,0.519116,-0.810000,-0.290884
403,5.108647,0.604758,1.090767,0.777662,-0.200000,-0.977662
404,5.098683,1.123252,1.090690,1.059836,0.000000,-1.059836
405,5.096657,4.286409,1.093133,2.070365,1.220000,-0.850365
406,5.084312,0.133711,1.091323,0.365665,0.440000,0.805665
407,5.093634,8.841001,1.095994,2.973382,0.000000,2.973382
408,5.125066,17.792283,1.103721,4.218090,-0.220000,3.998090
409,5.122062,3.908365,1.105878,1.976959,0.220000,2.196959
410,5.110911,0.594924,1.105054,0.771313,0.660000,-0.111313
411,5.098806,0.184052,1.103393,0.429013,0.440000,0.010987
412,5.086378,0.028307,1.101101,0.168246,0.220000,0.051754
413,5.073956,0.005763,1.098594,0.075913,0.000000,0.075913
414,5.061601,0.008366,1.096138,0.091465,0.000000,0.091465
415,5.049542,0.105417,1.094261,0.324679,-0.220000,0.104679
416,5.037292,0.002264,1.091720,0.047586,-0.220000,-0.267586
417,5.025102,0.002832,1.089206,0.053220,-0.440000,-0.386780
418,5.013233,0.111538,1.087381,0.333973,-0.220000,-0.553973
419,5.001157,0.001500,1.084854,0.038727,-0.220000,-0.258727
420,4.989188,0.022078,1.082604,0.148586,0.000000,-0.148586
421,4.977298,0.031319,1.080432,0.176972,-0.220000,-0.043028
422,4.965497,0.044267,1.078351,0.210396,0.000000,-0.210396
423,4.953680,0.014341,1.076063,0.119756,0.000000,0.119756
424,4.942395,0.214041,1.074602,0.462646,0.440000,-0.022646
425,4.930769,0.047787,1.072569,0.218604,0.000000,-0.218604
426,4.919672,0.247735,1.071207,0.497730,-0.440000,0.057730
427,4.908165,0.052162,1.069214,0.228390,0.220000,-0.008390
428,4.896606,0.007275,1.066894,0.085291,0.440000,0.354709
429,4.885850,0.325201,1.065725,0.570264,0.660000,0.089736
430,4.875702,0.562737,1.064984,0.750158,0.440000,-0.310158
431,4.871801,3.210129,1.066686,1.791683,1.700000,-0.091683
432,4.861582,0.498058,1.065843,0.705732,2.900000,2.194268
433,4.850308,0.024892,1.063726,0.157772,2.800000,2.957772
434,4.841740,1.165998,1.063764,1.079814,1.900000,2.979814
435,4.860271,12.828676,1.069606,3.581714,-0.800000,2.781714
436,4.915178,28.580378,1.079505,5.346062,-3.900000,1.446062
437,4.904015,0.081423,1.077671,0.285348,-2.300000,-2.014652
438,4.892716,0.000425,1.075235,0.020616,-1.400000,-1.420616
439,4.885432,1.723991,1.075782,1.313009,-2.220000,-0.906991
440,4.879201,2.168842,1.076692,1.472699,-0.220000,-1.692699
441,4.868320,0.124024,1.075034,0.352170,0.220000,-0.132170
442,4.860360,1.381716,1.075264,1.175464,-1.080000,0.095464
443,4.849289,0.000475,1.072864,0.021789,-0.400000,-0.378211
444,4.838284,0.007114,1.070617,0.084344,0.200000,0.115656
445,4.828111,0.352111,1.069535,0.593389,0.410000,-0.183389
446,4.817679,0.216896,1.068169,0.465721,0.430000,-0.035721
447,4.806865,0.027170,1.066130,0.164833,0.000000,0.164833
448,4.798287,0.998245,1.065979,0.999122,-1.040000,-0.040878
449,4.788453,0.421990,1.065043,0.649608,0.400000,-0.249608
450,4.777955,0.106549,1.063387,0.326418,-0.400000,-0.073582
451,4.767326,0.026626,1.061373,0.163174,0.000000,-0.163174
452,4.756687,0.001061,1.059077,0.032579,0.200000,0.167421
453,4.746139,0.020767,1.057039,0.144108,0.410000,0.265892
454,4.737584,0.896243,1.056794,0.946701,1.090000,0.143299
455,4.729294,0.999021,1.056667,0.999510,1.100000,0.100490
456,4.755352,16.507225,1.063318,4.062908,4.300000,0.237092
457,4.788627,19.829015,1.070801,4.452978,4.600000,0.147022
458,4.797114,8.641888,1.074917,2.939709,6.400000,3.460291
459,4.788032,0.664884,1.074347,0.815404,6.300000,5.484596
460,5.318154,246.523630,1.106423,15.701071,-9.500000,6.201071
461,5.348923,19.379247,1.113635,4.402187,2.100000,-2.302187
462,5.799482,211.704959,1.142972,14.550085,15.100000,0.549915
463,6.214430,196.260567,1.171003,14.009303,10.900000,-3.109303
464,6.205368,2.046217,1.171567,1.430461,-3.900000,-2.469539
465,6.267862,35.014847,1.181862,5.917334,-11.000000,-5.082666
466,6.264703,4.808684,1.184050,2.192871,-4.400000,-2.207129
467,6.270598,8.993927,1.187970,2.998988,0.700000,-2.298988
468,6.263237,2.855229,1.189051,1.689742,0.000000,-1.689742
469,6.311378,28.648686,1.198005,5.352447,-6.300000,-0.947553
470,6.322832,11.648775,1.202758,3.413030,-3.700000,-0.286970
471,6.346996,17.607779,1.209168,4.196162,-4.200000,-0.003838
472,6.384956,24.112298,1.217077,4.910428,-4.600000,0.310428
473,6.378182,3.207800,1.218300,1.791033,0.600000,2.391033
474,6.407577,20.193894,1.225269,4.493762,-0.300000,4.193762
475,6.394094,0.056756,1.223174,0.238236,-0.500000,-0.261764
476,6.381188,0.302725,1.221748,0.550204,-0.900000,-0.349796
477,6.367744,0.022189,1.219480,0.148958,0.300000,0.151042
478,6.355333,0.484732,1.218376,0.696227,1.100000,0.403773
479,6.342002,0.023249,1.216132,0.152476,0.000000,0.152476
480,6.330019,0.638230,1.215256,0.798893,-0.500000,0.298893
481,6.317755,0.480051,1.214160,0.692857,-0.900000,-0.207143
482,6.305029,0.234710,1.212634,0.484469,0.000000,0.484469
483,6.292823,0.458258,1.211515,0.676948,-0.800000,-0.123052
484,6.280137,0.203401,1.209931,0.451000,-0.700000,-0.249000
485,6.267080,0.000000,1.207416,0.000062,0.000000,0.000062
486,6.254564,0.234475,1.205915,0.484226,-0.420000,0.064226
487,6.242112,0.239937,1.204433,0.489834,-0.220000,0.269834
488,6.229895,0.329013,1.203129,0.573596,0.840000,0.266404
489,6.219659,1.265721,1.202968,1.125043,1.300000,0.174957
490,6.210989,2.006018,1.203407,1.416340,2.300000,0.883660
491,6.202631,2.140595,1.203941,1.463077,0.000000,1.463077
492,6.204102,6.920383,1.206864,2.630662,-1.400000,1.230662
493,6.191614,0.097607,1.205035,0.312422,-0.600000,-0.287578
494,6.179290,0.152701,1.203373,0.390770,0.300000,-0.090770
495,6.168098,0.684153,1.202607,0.827136,0.800000,-0.027136
496,6.155698,0.067382,1.200690,0.259581,0.300000,0.040419
497,6.143484,0.134193,1.198998,0.366323,-0.300000,0.066323
498,6.132227,0.582233,1.198115,0.763042,-0.300000,0.463042
499,6.123660,1.891864,1.198474,1.375450,-0.800000,0.575450
500,6.115988,2.318004,1.199127,1.522499,1.400000,-0.122499
501,6.104393,0.353204,1.197910,0.594310,-0.800000,-0.205690
502,6.092703,0.283244,1.196573,0.532206,-0.600000,-0.067794
503,6.080549,0.027530,1.194508,0.165921,-0.300000,-0.134079
504,6.070062,0.837216,1.193949,0.914995,-1.100000,-0.185005
505,6.057954,0.003811,1.191689,0.061734,-0.400000,-0.338266
506,6.045891,0.002625,1.189417,0.051239,-0.200000,-0.251239
507,6.034006,0.067528,1.187569,0.259862,-0.220000,0.039862
508,6.022054,0.010347,1.185415,0.101719,0.000000,0.101719
509,6.010453,0.163265,1.183867,0.404060,0.220000,-0.184060
510,6.000899,1.176368,1.183671,1.084605,0.900000,-0.184605
511,5.989354,0.147328,1.182094,0.383833,0.200000,-0.183833
512,5.977570,0.003334,1.179880,0.057740,-0.200000,-0.257740
513,5.966222,0.201134,1.178443,0.448480,0.000000,-0.448480
514,5.955035,0.260833,1.177134,0.510718,-0.700000,-0.189282
515,5.943455,0.037705,1.175211,0.194177,-0.640000,-0.445823
516,5.931909,0.031875,1.173264,0.178536,-0.220000,-0.041464
517,5.920347,0.001010,1.171039,0.031779,-0.220000,-0.188221
518,5.908926,0.049555,1.169194,0.222610,-0.220000,0.002610
519,5.897906,0.233633,1.167862,0.483356,-0.220000,0.263356
520,5.886490,0.007321,1.165764,0.085563,0.660000,0.574437
521,5.875390,0.147667,1.164253,0.384274,1.560000,1.175726
522,5.864341,0.152345,1.162759,0.390314,1.100000,0.709686
523,5.854099,0.548835,1.161946,0.740834,0.800000,0.059166
524,5.844882,1.061077,1.161692,1.030086,-0.800000,0.230086
525,5.833667,0.001701,1.159542,0.041247,-0.600000,-0.641247
526,5.822700,0.108849,1.157952,0.329923,0.300000,-0.029923
527,5.811656,0.047007,1.156153,0.216811,0.600000,0.383189
528,5.800733,0.087973,1.154512,0.296602,0.500000,0.203398
529,5.790884,0.629975,1.153825,0.793710,-0.800000,-0.006290
530,5.779899,0.012446,1.151844,0.111561,-0.300000,-0.411561
531,5.769132,0.106191,1.150276,0.325870,-0.300000,0.025870
532,5.758324,0.062189,1.148570,0.249378,0.000000,0.249378
533,5.747657,0.115565,1.147042,0.339948,0.000000,-0.339948
534,5.736949,0.072661,1.145386,0.269557,0.000000,-0.269557
535,5.726211,0.034705,1.143580,0.186294,0.000000,-0.186294
536,5.715468,0.011199,1.141629,0.105824,-0.300000,-0.194176
537,5.704746,0.000493,1.139529,0.022203,-0.200000,-0.222203
538,5.694255,0.102406,1.137994,0.320010,-0.500000,-0.179990
539,5.683613,0.000846,1.135921,0.029085,-0.200000,-0.229085
540,5.673016,0.003685,1.133915,0.060705,-0.200000,-0.139295
541,5.662458,0.003394,1.131912,0.058262,0.000000,-0.058262
542,5.651933,0.000073,1.129824,0.008525,0.000000,0.008525
543,5.641450,0.001324,1.127796,0.036390,0.000000,-0.036390
544,5.631048,0.024330,1.125996,0.155981,-0.220000,-0.064019
545,5.620639,0.000040,1.123926,0.006356,-0.220000,-0.226356
546,5.610299,0.016145,1.122087,0.127061,-0.220000,-0.092939
547,5.599993,0.014472,1.120242,0.120300,-0.220000,-0.099700
548,5.589713,0.007308,1.118340,0.085484,0.000000,-0.085484
549,5.579508,0.028278,1.116597,0.168161,-0.220000,-0.051839
550,5.569746,0.249283,1.115466,0.499282,-0.220000,0.279282
551,5.559717,0.083918,1.113956,0.289686,0.000000,0.289686
552,5.550420,0.465093,1.113168,0.681977,-0.440000,0.241977
553,5.540311,0.000283,1.111171,0.016818,0.000000,-0.016818
554,5.530256,0.010570,1.109338,0.102808,0.000000,0.102808
555,5.520226,0.003693,1.107435,0.060773,0.000000,0.060773
556,5.510254,0.015536,1.105654,0.124642,0.000000,-0.124642
557,5.500309,0.010553,1.103841,0.102730,0.000000,-0.102730
558,5.490381,0.000002,1.101851,0.001485,0.000000,-0.001485
559,5.480488,0.000000,1.099866,0.000000,0.000000,0.000000
560,5.470637,0.003452,1.097993,0.058753,0.000000,0.058753
561,5.461094,0.155043,1.096729,0.393755,-0.220000,0.173755
562,5.451528,0.123032,1.095392,0.350759,-0.210000,0.140759
563,5.441896,0.067265,1.093896,0.259354,-0.210000,0.049354
564,5.432337,0.089244,1.092476,0.298738,0.210000,-0.088738
565,5.422654,0.000126,1.090549,0.011227,0.000000,-0.011227
566,5.413022,0.009131,1.088779,0.095557,0.000000,-0.095557
567,5.403422,0.008485,1.087008,0.092113,-0.210000,-0.117887
568,5.394173,0.187153,1.085848,0.432612,0.210000,-0.222612
569,5.384738,0.062915,1.084370,0.250829,0.210000,-0.040829
570,5.375311,0.049526,1.082847,0.222543,-0.210000,0.012543
571,5.367926,1.187915,1.082860,1.089915,1.090000,0.000085
572,5.359649,0.666346,1.082391,0.816300,1.100000,0.283700
573,5.353633,1.936489,1.082934,1.391578,-1.320000,0.071578
574,5.344357,0.066490,1.081486,0.257856,-0.440000,-0.182144
575,5.334998,0.000238,1.079619,0.015426,-0.220000,-0.204574
576,5.325730,0.033764,1.078053,0.183751,0.000000,-0.183751
577,5.316555,0.068323,1.076628,0.261386,0.000000,0.261386
578,5.307292,0.000031,1.074762,0.005531,0.000000,0.005531
579,5.298265,0.116594,1.073487,0.341459,0.440000,0.098541
580,5.289611,0.313417,1.072595,0.559837,-0.650000,-0.090163
581,5.280548,0.060534,1.071162,0.246036,0.210000,-0.036036
582,5.271498,0.049425,1.069694,0.222318,0.000000,-0.222318
583,5.262403,0.005827,1.067978,0.076332,-0.210000,-0.133668
584,5.253430,0.057772,1.066551,0.240358,-0.210000,0.030358
585,5.244519,0.076192,1.065191,0.276029,-0.200000,0.076029
586,5.235516,0.004979,1.063482,0.070559,0.000000,0.070559
587,5.226573,0.021761,1.061910,0.147516,0.000000,-0.147516
588,5.217628,0.002247,1.060173,0.047405,0.000000,-0.047405
589,5.208718,0.005323,1.058486,0.072959,0.000000,0.072959
590,5.199829,0.000000,1.056679,0.000000,0.000000,0.000000
591,5.191107,0.080140,1.055362,0.283090,0.200000,-0.083090
592,5.182295,0.009545,1.053733,0.097699,0.210000,0.112301
593,5.173521,0.014373,1.052147,0.119888,0.210000,0.090112
594,5.165233,0.283304,1.051266,0.532263,-0.420000,0.112263
595,5.156506,0.007711,1.049636,0.087815,0.000000,-0.087815
596,5.147809,0.008055,1.048015,0.089748,0.000000,0.089748
597,5.139160,0.019061,1.046480,0.138063,0.000000,-0.138063
598,5.130585,0.045602,1.045078,0.213545,0.210000,-0.003545
599,5.122013,0.030346,1.043614,0.174200,-0.210000,-0.035800
600,5.113425,0.003409,1.041961,0.058385,-0.200000,-0.258385
601,5.104884,0.014451,1.040417,0.120214,0.000000,0.120214
602,5.096447,0.059228,1.039084,0.243369,0.000000,0.243369
603,5.088204,0.159334,1.038016,0.399167,0.620000,0.220833
604,5.080164,0.264056,1.037142,0.513864,-0.620000,-0.106136
605,5.071860,0.089112,1.035913,0.298516,0.000000,-0.298516
606,5.063448,0.008267,1.034344,0.090922,-0.200000,-0.109078
607,5.055067,0.009414,1.032789,0.097024,0.000000,-0.097024
608,5.046704,0.003680,1.031180,0.060667,0.000000,-0.060667
609,5.038484,0.073593,1.029924,0.271280,-0.200000,0.071280
610,5.030186,0.010068,1.028390,0.100340,0.000000,0.100340
611,5.021904,0.003343,1.026791,0.057818,0.000000,-0.057818
612,5.013646,0.000525,1.025140,0.022915,0.000000,-0.022915
613,5.005420,0.004115,1.023562,0.064152,0.000000,-0.064152
614,4.997263,0.030080,1.022168,0.173436,0.000000,-0.173436
615,4.989241,0.095323,1.021000,0.308744,0.200000,-0.108744
616,4.981098,0.006168,1.019461,0.078538,0.000000,0.078538
617,4.972976,0.002168,1.017873,0.046559,0.000000,0.046559
618,4.964959,0.050490,1.016582,0.224699,-0.200000,0.024699
619,4.956887,0.000820,1.014975,0.028633,0.000000,0.028633
620,4.949738,0.552834,1.014535,0.743528,0.810000,0.066472
621,4.941835,0.073882,1.013331,0.271812,0.430000,0.158188
622,4.933865,0.016068,1.011896,0.126761,0.220000,0.093239
623,4.926070,0.108849,1.010794,0.329923,0.440000,0.110077
624,4.919779,1.025661,1.010798,1.012749,-0.880000,0.132749
625,4.911869,0.007683,1.009311,0.087655,-0.210000,-0.122345
626,4.903995,0.014528,1.007882,0.120533,-0.210000,-0.089467
627,4.896225,0.062994,1.006667,0.250986,-0.200000,0.050986
628,4.889912,0.956868,1.006622,0.978196,1.060000,0.081804
629,4.882094,0.003743,1.005109,0.061181,0.000000,0.061181
630,4.874698,0.252431,1.004306,0.502426,0.220000,-0.282426
631,4.867537,0.384704,1.003693,0.620245,-0.870000,-0.249755
632,4.859872,0.053477,1.002463,0.231252,0.210000,-0.021252
633,4.852921,0.488153,1.001980,0.698679,0.000000,0.698679
634,4.845235,0.010303,1.000551,0.101502,0.660000,0.558498
635,4.841010,2.179312,1.001305,1.476249,1.320000,-0.156249
636,4.838669,3.361587,1.002622,1.833463,-1.980000,-0.146537
637,4.831131,0.067264,1.001447,0.259353,0.000000,-0.259353
638,4.823511,0.000013,0.999874,0.003631,-0.210000,-0.206369
639,4.815918,0.001809,0.998366,0.042537,0.000000,-0.042537
640,4.808424,0.049740,0.997147,0.223025,0.000000,0.223025
641,4.802791,1.220583,0.997316,1.104800,-0.810000,0.294800
642,4.796019,0.481672,0.996841,0.694026,-0.600000,0.094026
643,4.789330,0.522153,0.996411,0.722602,0.600000,-0.122602
644,4.782839,0.634868,0.996099,0.796786,-0.800000,-0.003214
645,4.775387,0.006426,0.994671,0.080164,0.000000,0.080164
646,4.768245,0.189851,0.993800,0.435719,0.400000,-0.035719
647,4.761918,0.699833,0.993555,0.836560,0.800000,-0.036560
648,4.754707,0.118653,0.992547,0.344460,-0.400000,-0.055540
649,4.748355,0.657283,0.992266,0.810730,1.020000,0.209270
650,4.741648,0.415633,0.991727,0.644696,0.880000,0.235304
651,4.735351,0.667613,0.991458,0.817076,-0.660000,0.157076
652,4.731439,2.200559,0.992217,1.483428,-1.440000,0.043428
653,4.724735,0.380545,0.991638,0.616883,0.400000,-0.216883
654,4.717468,0.000778,0.990156,0.027892,-0.400000,-0.372108
655,4.710294,0.047217,0.988969,0.217295,0.000000,-0.217295
656,4.730592,17.944894,0.993949,4.236141,4.100000,-0.136141
657,4.735888,8.188747,0.996809,2.861599,2.800000,-0.061599
658,4.740780,7.935287,0.999592,2.816964,-2.300000,0.516964
659,4.740813,4.762648,1.001398,2.182349,-2.720000,-0.537651
660,4.733709,0.080220,1.000303,0.283232,0.000000,-0.283232
661,4.726799,0.193642,0.999450,0.440048,-0.870000,-0.429952
662,4.727016,4.869591,1.001285,2.206715,-1.410000,0.796715
663,4.721520,1.105559,1.001361,1.051456,-0.590000,0.461456
664,4.721018,4.390061,1.003019,2.095247,2.210000,0.114753
665,4.732740,12.468940,1.006843,3.531139,3.380000,-0.151139
666,4.727060,0.973201,1.006813,0.986509,-1.620000,-0.633491
667,4.722206,1.508397,1.007146,1.228168,-1.540000,-0.311832
668,4.715202,0.072028,1.006034,0.268381,-0.840000,-0.571619
669,4.708450,0.224958,1.005234,0.474298,-0.400000,0.074298
670,4.711392,6.667990,1.007602,2.582245,-1.560000,1.022245
671,4.705949,1.080274,1.007650,1.039362,1.360000,0.320638
672,4.698950,0.031160,1.006406,0.176523,0.000000,-0.176523
673,4.691976,0.033322,1.005174,0.182544,0.000000,-0.182544
674,4.685416,0.296714,1.004487,0.544715,-0.400000,0.144715
675,4.680723,1.536132,1.004837,1.239408,1.200000,-0.039408
676,4.673781,0.015603,1.003528,0.124913,0.860000,0.735087
677,4.666839,0.002033,1.002103,0.045088,0.000000,0.045088
678,4.659937,0.014869,1.000797,0.121937,0.220000,0.098063
679,4.653084,0.034282,0.999589,0.185155,0.000000,0.185155
680,4.647068,0.586432,0.999243,0.765789,0.880000,0.114211
681,4.640424,0.148731,0.998337,0.385657,0.220000,0.605657
682,4.634152,0.388032,0.997783,0.622923,-0.880000,-0.257077
683,4.627436,0.073865,0.996714,0.271782,-0.660000,-0.388218
684,4.620795,0.111561,0.995739,0.334008,-0.640000,-0.305992
685,4.614041,0.021309,0.994492,0.145975,-0.600000,-0.454025
686,4.607333,0.039235,0.993324,0.198079,0.000000,0.198079
687,4.601965,0.941041,0.993290,0.970073,-0.200000,0.770073
688,4.595239,0.001302,0.991890,0.036078,0.000000,0.036078
689,4.588553,0.015472,0.990624,0.124385,0.000000,-0.124385
690,4.590349,5.820964,0.992697,2.412667,2.320000,-0.092667
691,4.583726,0.040329,0.991544,0.200821,0.220000,0.420821
692,4.577744,0.467845,0.991097,0.683992,-0.660000,0.023992
693,4.571934,0.574774,0.990759,0.758138,-0.870000,-0.111862
694,4.565327,0.012810,0.989487,0.113183,-0.410000,-0.296817
695,4.558865,0.100334,0.988514,0.316756,0.410000,0.093244
696,4.552380,0.070974,0.987470,0.266410,0.210000,0.476410
697,4.545907,0.067088,0.986419,0.259014,0.220000,0.479014
698,4.539392,0.023913,0.985221,0.154639,-0.220000,-0.374639
699,4.532952,0.063571,0.984166,0.252132,-0.210000,0.042132
700,4.526447,0.005523,0.982858,0.074315,-0.210000,-0.135685
701,4.521096,0.797240,0.982729,0.892883,-1.000000,-0.107117
702,4.518232,2.521722,0.983596,1.587993,1.210000,-0.377993
703,4.511913,0.101488,0.982645,0.318571,0.430000,0.111429
704,4.505472,0.002919,0.981319,0.054025,0.000000,0.054025
705,4.499699,0.458549,0.980885,0.677162,0.880000,0.202838
706,4.499946,4.673130,0.982567,2.161742,-0.880000,1.281742
707,4.495762,1.558732,0.982945,1.248492,-1.040000,0.208492
708,4.490214,0.589717,0.982640,0.767930,-0.600000,0.167930
709,4.484197,0.248330,0.981953,0.498327,-0.400000,0.098327
710,4.477987,0.100057,0.981010,0.316318,-0.200000,0.116318
711,4.471756,0.073022,0.980004,0.270226,-0.190000,0.080226
712,4.465505,0.045528,0.978922,0.213373,-0.190000,0.023373
713,4.459349,0.100784,0.977989,0.317465,0.000000,-0.317465
714,4.453070,0.001892,0.976673,0.043499,-0.360000,-0.316501
715,4.446809,0.001123,0.975346,0.033519,-0.340000,-0.306481
716,4.440613,0.035522,0.974241,0.188474,-0.170000,-0.358474
717,4.434443,0.041024,0.973159,0.202544,0.000000,-0.202544
718,4.428236,0.003071,0.971873,0.055415,0.000000,-0.055415
719,4.422044,0.000477,0.970544,0.021830,0.000000,-0.021830
720,4.416011,0.102433,0.969636,0.320051,0.000000,0.320051
721,4.409968,0.083150,0.968686,0.288357,0.000000,0.288357
722,4.404014,0.135017,0.967848,0.367447,0.000000,0.367447
723,4.398567,0.487758,0.967474,0.698396,-0.170000,0.528396
724,4.392492,0.024677,0.966348,0.157088,0.680000,0.522912
725,4.386448,0.034588,0.965266,0.185980,0.360000,0.545980
726,4.380477,0.075265,0.964309,0.274345,-0.180000,0.094345
727,4.374419,0.000488,0.963006,0.022096,0.000000,0.022096
728,4.368823,0.322895,0.962460,0.568238,-0.520000,0.048238
729,4.362810,0.009941,0.961270,0.099706,-0.170000,-0.070294
730,4.356869,0.049295,0.960252,0.222026,-0.170000,0.052026
731,4.350889,0.009765,0.959067,0.098819,-0.170000,-0.071181
732,4.344935,0.016121,0.957924,0.126967,0.000000,-0.126967
733,4.339027,0.038305,0.956879,0.195716,0.000000,0.195716
734,4.333283,0.145718,0.956091,0.381731,-0.170000,0.211731
735,4.327460,0.076720,0.955162,0.276984,-0.320000,-0.043016
736,4.322172,0.456745,0.954780,0.675829,0.160000,-0.515829
737,4.316335,0.043390,0.953762,0.208302,0.000000,-0.208302
738,4.310499,0.033021,0.952710,0.181717,0.330000,0.148283
739,4.307334,1.984058,0.953330,1.408566,1.400000,-0.008566
740,4.301936,0.334347,0.952820,0.578227,0.790000,1.368227
741,4.296833,0.540794,0.952525,0.735387,-0.200000,0.535387
742,4.291472,0.340492,0.952025,0.583517,-0.590000,-0.006483
743,4.285678,0.009600,0.950870,0.097979,0.000000,-0.097979
744,4.280589,0.520101,0.950559,0.721180,-0.550000,0.171180
745,4.274992,0.132797,0.949768,0.364413,-0.510000,-0.145587
746,4.269378,0.110024,0.948935,0.331699,-0.510000,-0.178301
747,4.263640,0.005676,0.947760,0.075338,-0.160000,-0.235338
748,4.258152,0.180557,0.947057,0.424920,0.500000,0.075080
749,4.252537,0.075281,0.946154,0.274375,0.000000,0.274375
750,4.246837,0.000430,0.944913,0.020725,-0.170000,-0.190725
751,4.242366,0.907018,0.944923,0.952375,0.340000,-0.612375
752,4.236707,0.009509,0.943790,0.097512,-0.340000,-0.437512
753,4.231060,0.006565,0.942639,0.081026,-0.330000,-0.411026
754,4.225504,0.064257,0.941720,0.253489,0.000000,-0.253489
755,4.219888,0.008038,0.940585,0.089653,0.000000,-0.089653
756,4.214278,0.000962,0.939376,0.031019,0.000000,-0.031019
757,4.208703,0.016188,0.938297,0.127231,0.000000,0.127231
758,4.203159,0.028952,0.937278,0.170153,0.000000,0.170153
759,4.197746,0.115854,0.936488,0.340373,-0.160000,0.180373
760,4.192207,0.010291,0.935383,0.101443,-0.150000,-0.048557
761,4.186671,0.001435,0.934198,0.037885,0.000000,0.037885
762,4.181216,0.051851,0.933266,0.227709,0.310000,0.082291
763,4.175711,0.002678,0.932104,0.051746,0.000000,-0.051746
764,4.170254,0.028608,0.931100,0.169140,-0.160000,0.009140
765,4.164780,0.004946,0.929969,0.070330,0.000000,-0.070330
766,4.159319,0.002883,0.928819,0.053696,0.000000,0.053696
767,4.154115,0.188803,0.928171,0.434514,0.320000,-0.114514
768,4.152235,2.718027,0.929114,1.648644,1.760000,0.111356
769,4.161080,10.918821,0.932219,3.304364,-1.420000,1.884364
770,4.157104,1.115427,0.932381,1.056138,-0.500000,0.556138
771,4.151923,0.183340,0.931724,0.428183,0.000000,0.428183
772,4.147180,0.509036,0.931439,0.713467,-0.160000,0.553467
773,4.141820,0.025143,0.930434,0.158565,-0.150000,0.008565
774,4.136482,0.032011,0.929458,0.178917,0.000000,-0.178917
775,4.131219,0.078781,0.928617,0.280679,0.000000,-0.280679
776,4.127670,1.391107,0.928942,1.179452,0.980000,-0.199452
777,4.123443,0.860446,0.928940,0.927602,-0.670000,0.257602
778,4.118261,0.112362,0.928173,0.335205,0.330000,-0.005205
779,4.113014,0.051471,0.927268,0.226873,0.000000,0.226873
780,4.108244,0.411821,0.926900,0.641733,-0.640000,0.001733
781,4.103924,0.751355,0.926823,0.866807,0.640000,-0.226807
782,4.103688,3.920465,0.928177,1.980016,1.790000,-0.190016
783,4.101116,2.100077,0.928845,1.449164,1.200000,-0.249164
784,4.095877,0.015115,0.927812,0.122945,0.200000,0.077055
785,4.090636,0.002725,0.926691,0.052203,0.000000,-0.052203
786,4.085997,0.462529,0.926376,0.680095,0.640000,-0.040095
787,4.089582,6.892890,0.928546,2.625431,2.660000,0.034569
788,4.109141,19.424074,0.932983,4.407275,5.300000,0.892725
789,4.146946,33.786367,0.939199,5.812604,-1.300000,4.512604
790,4.153098,8.982442,0.941817,2.997072,-2.300000,0.697072
791,4.157749,7.812924,0.944172,2.795161,-2.600000,0.195161
792,4.155247,2.186552,0.944850,1.478699,-1.760000,-0.281301
793,4.152321,1.846088,0.945375,1.358708,-1.240000,0.118708
794,4.148337,1.004965,0.945447,1.002479,-0.800000,0.202479
795,4.144393,1.029188,0.945534,1.014489,-0.760000,0.254489
796,4.139196,0.027991,0.944552,0.167306,-0.180000,-0.347306
797,4.136281,1.828148,0.945066,1.352090,-0.170000,1.182090
798,4.131073,0.000942,0.943914,0.030698,0.000000,-0.030698
799,4.126090,0.169022,0.943244,0.411122,0.000000,0.411122
800,4.120916,0.008209,0.942173,0.090604,0.000000,-0.090604
801,4.116188,0.352078,0.941735,0.593362,0.530000,-0.063362
802,4.111067,0.029704,0.940771,0.172349,0.780000,0.952349
803,4.106074,0.121676,0.940030,0.348820,1.000000,0.651180
804,4.102687,1.397066,0.940332,1.181975,-0.400000,0.781975
805,4.099069,1.204281,0.940529,1.097397,-1.000000,0.097397
806,4.093963,0.003874,0.939433,0.062244,-0.190000,-0.252244
807,4.088950,0.068443,0.938589,0.261615,0.000000,-0.261615
808,4.094580,8.615858,0.941073,2.935278,2.870000,-0.065278
809,4.675035,471.361190,0.966874,21.710854,22.920000,1.209146
810,4.760840,73.833282,0.976335,8.592630,2.200000,-6.392630
811,4.933610,144.186223,0.990005,12.007757,-15.300000,-3.292243
812,4.968056,32.766489,0.995864,5.724202,-7.100000,-1.375798
813,5.039231,62.547951,1.004409,7.908726,4.800000,-3.108726
814,5.485158,366.240146,1.026795,19.137402,16.800000,-2.337402
815,5.703579,182.625211,1.042192,13.513890,12.400000,-1.113890
816,5.875152,145.020645,1.055739,12.042452,8.700000,-3.342452
817,6.734232,704.306793,1.087084,26.538779,-28.300000,-1.761221
818,6.726570,0.497969,1.086615,0.705669,-7.700000,-6.994331
819,6.774902,46.116928,1.093615,6.790945,-2.100000,4.690945
820,6.767816,0.992631,1.093495,0.996309,-0.300000,0.696309
821,6.780327,16.989125,1.097202,4.121787,-1.100000,-5.221787
822,6.803910,26.071732,1.102103,5.106049,1.400000,-3.706049
823,7.509618,584.778861,1.130283,24.182201,20.000000,-4.182201
824,7.535097,28.402324,1.135404,5.329383,1.600000,-3.729383
825,7.606153,65.871557,1.143907,8.116129,-8.100000,0.016129
826,7.599858,2.431807,1.144413,1.559425,-1.900000,-0.340575
827,7.594913,3.530407,1.145305,1.878938,2.600000,0.721062
828,7.586463,0.631850,1.144880,0.794890,-2.600000,-1.805110
829,7.623891,38.464801,1.151010,6.202000,3.300000,-2.902000
830,7.614801,0.114954,1.150027,0.339049,-1.400000,-1.060951
831,7.658415,43.684316,1.156628,6.609411,-7.400000,-0.790589
832,7.659117,8.238947,1.158698,2.870357,-1.900000,0.970357
833,8.000942,291.032499,1.177879,17.059675,15.800000,-1.259675
834,8.027455,30.006666,1.183059,5.477834,0.800000,-4.677834
835,8.019160,1.134019,1.182917,1.064903,-3.800000,-4.864903
836,8.108483,82.336069,1.192402,9.073922,-10.900000,-1.826078
837,8.106339,6.322275,1.193989,2.514414,-4.000000,-1.485586
838,8.100153,2.947529,1.194616,1.716837,-2.100000,-0.383163
839,8.090958,0.422516,1.193963,0.650013,-0.700000,-0.049987
840,8.096637,12.838794,1.196821,3.583126,-0.400000,-3.983126
841,8.088924,1.640574,1.196922,1.280849,-1.800000,-3.080849
842,8.080357,0.909740,1.196631,0.953803,-0.300000,-1.253803
843,8.071038,0.261522,1.195815,0.511392,-0.200000,-0.711392
844,8.066142,3.958605,1.196760,1.989624,-1.500000,0.489624
845,8.106321,41.856881,1.203030,6.469689,-1.320000,5.149689
846,8.096978,0.239095,1.202181,0.488973,-0.880000,-0.391027
847,8.088339,0.814492,1.201826,0.902492,-0.880000,0.022492
848,8.078798,0.035838,1.200626,0.189308,-0.620000,-0.430692
849,8.069250,0.010551,1.199327,0.102716,-0.400000,-0.297284
850,8.059976,0.223525,1.198468,0.472784,0.400000,-0.072784
851,8.061116,9.025525,1.200600,3.004251,3.000000,-0.004251
852,8.054944,2.826942,1.201167,1.681351,0.700000,2.381351
853,8.046444,0.838998,1.200831,0.915969,0.300000,1.215969
854,8.037075,0.082481,1.199756,0.287194,0.600000,0.312806
855,8.027668,0.031506,1.198555,0.177500,0.600000,0.777500
856,8.018297,0.044038,1.197395,0.209852,1.100000,1.309852
857,8.018172,7.911127,1.199288,2.812673,-1.400000,1.412673
858,8.010077,1.105288,1.199115,1.051327,-1.400000,-0.348673
859,8.001231,0.446529,1.198494,0.668228,-0.900000,-0.231772
860,7.992164,0.240635,1.197667,0.490545,-0.440000,0.050545
861,7.983670,0.712839,1.197255,0.844298,-0.660000,0.184298
862,7.975978,1.383689,1.197230,1.176303,-1.300000,-0.123697
863,7.966697,0.003138,1.195902,0.056021,-0.400000,-0.456021
864,7.957866,0.372185,1.195221,0.610070,0.610000,-0.000070
865,7.950114,1.283904,1.195148,1.133095,-0.610000,0.523095
866,7.942165,1.097936,1.194977,1.047824,-1.000000,0.047824
867,7.933096,0.115000,1.193986,0.339117,-0.760000,-0.420883
868,7.924254,0.293949,1.193231,0.542170,0.000000,-0.542170
869,7.915110,0.014982,1.191993,0.122400,0.000000,-0.122400
870,7.906049,0.067636,1.190917,0.260069,0.180000,-0.080069
871,7.896955,0.021835,1.189714,0.147767,0.000000,-0.147767
872,7.888747,0.772443,1.189356,0.878888,0.780000,-0.098888
873,7.879711,0.036762,1.188208,0.191735,0.400000,0.208265
874,7.870825,0.148339,1.187285,0.385148,-0.200000,0.185148
875,7.862088,0.260916,1.186508,0.510800,-0.600000,-0.089200
876,7.853072,0.000836,1.185181,0.028911,-0.190000,-0.218911
877,7.844261,0.160573,1.184282,0.400716,0.190000,-0.210716
878,7.835295,0.008045,1.183030,0.089695,-0.190000,-0.279695
879,7.826377,0.032408,1.181883,0.180023,-0.190000,-0.370023
880,7.822607,4.523586,1.182962,2.126872,1.780000,-0.346872
881,7.813752,0.056651,1.181885,0.238015,0.200000,-0.038015
882,7.806014,1.019867,1.181689,1.009885,-0.400000,0.609885
883,7.797138,0.004462,1.180420,0.066797,0.200000,0.133203
884,7.789318,0.914788,1.180166,0.956446,-0.600000,0.356446
885,7.780476,0.000201,1.178842,0.014171,0.200000,0.214171
886,7.771690,0.031301,1.177707,0.176920,0.400000,0.223080
887,7.762957,0.060066,1.176650,0.245083,0.200000,0.445083
888,7.765674,10.164542,1.178926,3.188188,3.300000,0.111812
889,7.758581,1.488591,1.178972,1.220078,0.800000,2.020078
890,7.760981,9.884934,1.181190,3.144032,-3.020000,0.124032
891,7.752349,0.104609,1.180223,0.323433,-0.660000,-0.336567
892,7.744877,1.116817,1.180084,1.056796,-0.820000,0.236796
893,7.736931,0.680919,1.179685,0.825178,-0.400000,0.425178
894,7.728238,0.000123,1.178372,0.011091,-0.200000,-0.188909
895,7.719625,0.054401,1.177311,0.233241,-0.400000,-0.633241
896,7.710979,0.007091,1.176086,0.084208,-0.200000,-0.115792
897,7.702432,0.078305,1.175082,0.279830,0.000000,-0.279830
898,7.693904,0.078440,1.174081,0.280072,-0.190000,0.090072
899,7.685307,0.000045,1.172777,0.006675,-0.190000,-0.183325
900,7.676730,0.000034,1.171474,0.005858,0.000000,0.005858
901,7.668182,0.009595,1.170277,0.097954,0.000000,-0.097954
902,7.659822,0.160520,1.169420,0.400649,0.380000,-0.020649
903,7.651302,0.000174,1.168134,0.013197,0.000000,0.013197
904,7.642845,0.040433,1.167060,0.201079,-0.190000,0.011079
905,7.634436,0.065764,1.166049,0.256444,-0.190000,0.066444
906,7.625979,0.006885,1.164848,0.082975,0.000000,0.082975
907,7.617821,0.258658,1.164122,0.508585,-0.180000,0.328585
908,7.609454,0.054142,1.163091,0.232685,0.000000,-0.232685
909,7.601115,0.063005,1.162083,0.251008,0.180000,-0.071008
910,7.593238,0.464355,1.161553,0.681436,0.980000,0.298564
911,7.584868,0.001480,1.160315,0.038477,0.000000,-0.038477
912,7.577062,0.497382,1.159813,0.705253,-0.790000,-0.084747
913,7.568759,0.029725,1.158727,0.172409,-0.370000,-0.197591
914,7.560459,0.015705,1.157592,0.125320,-0.180000,-0.305320
915,7.552167,0.006408,1.156409,0.080050,-0.170000,-0.089950
916,7.543898,0.011166,1.155257,0.105671,-0.170000,-0.064329
917,7.535644,0.007823,1.154088,0.088447,0.000000,-0.088447
918,7.527695,0.270004,1.153394,0.519619,0.170000,0.689619
919,7.519508,0.037086,1.152344,0.192577,-0.170000,0.022577
920,7.511303,0.002918,1.151145,0.054015,0.000000,-0.054015
921,7.503111,-0.000000,1.149890,0.000000,0.000000,0.000000
922,7.494938,-0.000000,1.148637,0.000000,0.000000,0.000000
923,7.486783,-0.000000,1.147387,0.000000,0.000000,0.000000
924,7.478691,0.042686,1.146365,0.206606,-0.170000,0.036606
925,7.470605,0.031251,1.145312,0.176781,-0.170000,0.006781
926,7.462502,0.000011,1.144073,0.003250,0.000000,0.003250
927,7.454446,0.026253,1.143009,0.162029,-0.170000,-0.007971
928,7.446384,0.005734,1.141854,0.075722,0.000000,-0.075722
929,7.438372,0.035245,1.140823,0.187736,-0.170000,0.017736
930,7.430340,0.000573,1.139616,0.023927,0.000000,-0.023927
931,7.422391,0.061826,1.138655,0.248649,0.170000,-0.078649
932,7.414417,0.022044,1.137588,0.148471,0.170000,0.021529
933,7.406507,0.065912,1.136640,0.256733,-0.170000,0.086733
934,7.398544,0.001062,1.135453,0.032591,0.000000,-0.032591
935,7.390615,0.016789,1.134373,0.129573,0.000000,0.129573
936,7.382918,0.217432,1.133656,0.466296,0.680000,0.213704
937,7.375352,0.323585,1.133050,0.568845,0.720000,0.151155
938,7.368271,0.761445,1.132771,0.872608,0.590000,-0.282608
939,7.360519,0.120075,1.131931,0.346519,-0.200000,0.146519
940,7.352681,0.024422,1.130888,0.156274,0.000000,0.156274
941,7.344940,0.099366,1.130018,0.315224,-0.200000,0.115224
942,7.337122,0.011287,1.128926,0.106241,-0.190000,-0.083759
943,7.329316,0.007434,1.127816,0.086223,-0.190000,-0.276223
944,7.321559,0.038000,1.126823,0.194936,0.000000,-0.194936
945,7.313790,0.011143,1.125738,0.105561,0.000000,-0.105561
946,7.306037,0.009931,1.124649,0.099656,0.000000,-0.099656
947,7.298290,0.000871,1.123488,0.029514,0.000000,-0.029514
948,7.290576,0.016273,1.122433,0.127567,-0.180000,-0.052433
949,7.282879,0.017139,1.121383,0.130916,0.000000,-0.130916
950,7.275229,0.045577,1.120424,0.213488,0.180000,-0.033488
951,7.267549,0.002583,1.119294,0.050823,0.000000,0.050823
952,7.259885,0.001531,1.118155,0.039125,0.000000,-0.039125
953,7.252258,0.021872,1.117132,0.147892,-0.180000,-0.032108
954,7.244630,0.005608,1.116035,0.074889,0.000000,0.074889
955,7.237062,0.048106,1.115092,0.219331,0.180000,-0.039331
956,7.229501,0.038766,1.114128,0.196892,-0.180000,0.016892
957,7.221974,0.055828,1.113207,0.236279,0.180000,-0.056279
958,7.214405,0.001313,1.112078,0.036239,0.000000,0.036239
959,7.206854,0.003488,1.110975,0.059061,-0.180000,-0.120939
960,7.199336,0.019175,1.109958,0.138475,0.000000,-0.138475
961,7.191813,0.000002,1.108800,0.001460,0.000000,0.001460
962,7.184311,0.004706,1.107714,0.068600,0.000000,0.068600
963,7.176956,0.131532,1.106937,0.362674,0.370000,0.007326
964,7.169487,0.006806,1.105870,0.082497,0.190000,0.107503
965,7.162156,0.124521,1.105086,0.352875,0.400000,0.047125
966,7.155015,0.292358,1.104499,0.540701,0.600000,0.059299
967,7.147598,0.012611,1.103469,0.112301,0.600000,0.487699
968,7.142363,2.100571,1.103828,1.449335,-1.000000,0.449335
969,7.134982,0.019464,1.102829,0.139514,-0.400000,-0.260486
970,7.127624,0.027759,1.101859,0.166610,0.000000,-0.166610
971,7.120274,0.019522,1.100865,0.139720,-0.200000,-0.060280
972,7.113033,0.111357,1.100072,0.333703,0.200000,-0.133703
973,7.105703,0.010451,1.099042,0.102231,0.000000,-0.102231
974,7.098456,0.075670,1.098193,0.275082,-0.200000,0.075082
975,7.091794,0.629817,1.097879,0.793610,0.600000,-0.193610
976,7.084528,0.029444,1.096926,0.171592,0.000000,0.171592
977,7.077382,0.131709,1.096172,0.362917,-0.400000,-0.037083
978,7.070122,0.005877,1.095125,0.076665,-0.200000,-0.123335
979,7.062878,0.006726,1.094086,0.082014,0.000000,-0.082014
980,7.055675,0.033451,1.093152,0.182897,-0.190000,-0.007103
981,7.048513,0.058206,1.092280,0.241259,0.190000,-0.051259
982,7.041306,0.000025,1.091169,0.004970,0.000000,0.004970
983,7.034136,0.021539,1.090204,0.146761,-0.190000,-0.043239
984,7.027558,0.587429,1.089874,0.766439,-0.720000,0.046439
985,7.020679,0.280231,1.089302,0.529368,-0.340000,0.189368
986,7.013700,0.166708,1.088609,0.408299,0.510000,0.101701
987,7.006567,0.001744,1.087544,0.041763,0.180000,0.138237
988,6.999454,0.007859,1.086529,0.088652,0.000000,0.088652
989,6.992883,0.526591,1.086162,0.725666,-0.690000,0.035666
990,6.986133,0.337592,1.085650,0.581026,0.340000,-0.241026
991,6.979598,0.535889,1.085292,0.732044,0.720000,-0.012044
992,6.972766,0.230014,1.084679,0.479597,-0.370000,0.109597
993,6.965770,0.053804,1.083816,0.231958,0.000000,0.231958
994,6.958752,0.017644,1.082856,0.132832,0.000000,0.132832
995,6.951773,0.042600,1.081971,0.206397,0.000000,0.206397
996,6.944883,0.116593,1.081225,0.341457,-0.350000,-0.008543
997,6.937913,0.024284,1.080293,0.155833,0.350000,0.194167
998,6.931115,0.180112,1.079633,0.424396,0.000000,0.424396
999,6.924185,0.036183,1.078739,0.190219,0.000000,0.190219
1000,6.917233,0.000002,1.077658,0.001520,0.000000,-0.001520
1001,6.910630,0.333858,1.077156,0.577805,0.180000,-0.397805
1002,6.903722,0.016194,1.076205,0.127257,-0.180000,-0.052743
1003,6.896892,0.080435,1.075411,0.283611,0.180000,-0.103611
1004,6.890034,0.038964,1.074533,0.197394,0.190000,-0.007394
1005,6.883511,0.360539,1.074060,0.600449,0.790000,0.189551
1006,6.877686,1.046956,1.074009,1.023209,1.210000,0.186791
1007,6.872323,1.498833,1.074159,1.224268,-0.810000,0.414268
1008,6.865491,0.013293,1.073204,0.115297,-0.400000,-0.284703
1009,6.858773,0.113141,1.072470,0.336364,0.200000,-0.136364
1010,6.852319,0.366080,1.072006,0.605045,-0.600000,0.005045
1011,6.845528,0.013961,1.071059,0.118158,-0.200000,-0.081842
1012,6.838783,0.046621,1.070210,0.215920,0.200000,-0.015920
1013,6.832081,0.076157,1.069423,0.275966,-0.200000,0.075966
1014,6.825317,0.000435,1.068385,0.020848,-0.190000,-0.210848
1015,6.823261,4.747568,1.069483,2.178892,2.210000,0.031108
1016,6.816945,0.431152,1.069075,0.656622,-0.210000,0.446622
1017,6.810717,0.508090,1.068724,0.712804,-0.610000,0.102804
1018,6.805313,1.330941,1.068807,1.153664,0.820000,-0.333664
1019,6.803780,5.249387,1.070012,2.291154,-2.580000,-0.288846
1020,6.797092,0.008744,1.069051,0.093509,-0.180000,-0.086491
1021,6.792660,2.289581,1.069487,1.513136,2.980000,1.466864
1022,6.787733,1.777435,1.069746,1.333205,1.960000,0.626795
1023,6.782977,1.940669,1.070064,1.393079,-2.180000,-0.786921
1024,6.777889,1.593528,1.070252,1.262350,-0.620000,-1.882350
1025,6.771524,0.279621,1.069722,0.528792,-0.400000,0.128792
1026,6.765364,0.475740,1.069350,0.689739,0.000000,-0.689739
1027,6.758807,0.057528,1.068539,0.239850,0.000000,-0.239850
1028,6.755409,3.279280,1.069264,1.810878,1.680000,-0.130878
1029,6.751757,3.012269,1.069914,1.735589,-1.280000,0.455589
1030,6.745280,0.105669,1.069188,0.325068,-0.400000,-0.074932
1031,6.738968,0.263017,1.068646,0.512852,0.400000,-0.112852
1032,6.732803,0.401479,1.068223,0.633624,-1.000000,-0.366376
1033,6.727299,1.069406,1.068190,1.034121,-1.140000,-0.105879
1034,6.721558,0.814100,1.068029,0.902275,0.940000,0.037725
1035,6.715750,0.733577,1.067824,0.856491,-0.580000,0.276491
1036,6.710445,1.241137,1.067869,1.114063,-0.530000,0.584063
1037,6.703950,0.001261,1.066869,0.035505,0.350000,0.314495
1038,6.697474,0.007307,1.065920,0.085479,0.000000,-0.085479
1039,6.691012,0.009039,1.064982,0.095075,0.000000,0.095075
1040,6.684932,0.392412,1.064559,0.626428,-0.180000,0.446428
1041,6.679026,0.560687,1.064254,0.748791,0.550000,-0.198791
1042,6.672847,0.265108,1.063725,0.514886,-0.190000,0.324886
1043,6.666516,0.094470,1.062997,0.307360,0.000000,0.307360
1044,6.660358,0.262715,1.062468,0.512558,-0.360000,0.152558
1045,6.654099,0.144904,1.061813,0.380662,-0.340000,0.040662
1046,6.647920,0.215545,1.061239,0.464269,0.700000,0.235731
1047,6.641558,0.012268,1.060328,0.110763,0.580000,0.469237
1048,6.635236,0.041350,1.059507,0.203347,-0.200000,0.003347
1049,6.628889,0.002164,1.058538,0.046522,-0.190000,-0.236522
1050,6.622575,0.024288,1.057675,0.155847,-0.190000,-0.345847
1051,6.616250,0.000844,1.056692,0.029052,-0.360000,-0.330948
1052,6.609937,0.000122,1.055695,0.011025,-0.170000,-0.181025
1053,6.603796,0.168177,1.055079,0.410093,-0.510000,-0.099907
1054,6.597711,0.214189,1.054515,0.462805,0.340000,-0.122805
1055,6.591538,0.109737,1.053827,0.331266,0.340000,0.008734
1056,6.585667,0.415764,1.053438,0.644797,0.000000,0.644797
1057,6.579413,0.000025,1.052443,0.004993,0.000000,0.004993
1058,6.573175,0.004821,1.051510,0.069434,0.000000,0.069434
1059,6.566973,0.029746,1.050677,0.172470,0.000000,0.172470
1060,6.560933,0.188674,1.050093,0.434366,-0.340000,0.094366
1061,6.554726,0.000431,1.049119,0.020768,-0.170000,-0.190768
1062,6.549015,0.512624,1.048804,0.715978,-0.830000,-0.114022
1063,6.543210,0.401579,1.048412,0.633703,0.320000,-0.313703
1064,6.537422,0.407829,1.048026,0.638615,0.510000,-0.128615
1065,6.531263,0.002788,1.047088,0.052798,0.000000,0.052798
1066,6.525196,0.087504,1.046380,0.295811,-0.340000,-0.044189
1067,6.519081,0.025462,1.045546,0.159567,0.000000,-0.159567
1068,6.513518,0.599833,1.045291,0.774489,0.850000,0.075511
1069,6.507483,0.086356,1.044586,0.293863,0.000000,0.293863
1070,6.501424,0.047888,1.043811,0.218834,0.000000,0.218834
1071,6.495341,0.010892,1.042931,0.104365,0.000000,0.104365
1072,6.489395,0.145320,1.042311,0.381208,0.000000,-0.381208
1073,6.483369,0.048074,1.041541,0.219257,-0.170000,-0.389257
1074,6.477310,0.000070,1.040576,0.008360,-0.340000,-0.331640
1075,6.471689,0.457246,1.040235,0.676200,0.510000,-0.166200
1076,6.465751,0.105953,1.039569,0.325504,0.000000,0.325504
1077,6.459735,0.011106,1.038698,0.105383,0.000000,0.105383
1078,6.453722,0.000790,1.037757,0.028101,0.000000,0.028101
1079,6.447744,0.028378,1.036948,0.168457,0.000000,-0.168457
1080,6.441784,0.034331,1.036157,0.185285,0.000000,-0.185285
1081,6.435820,0.018080,1.035320,0.134463,0.000000,-0.134463
1082,6.429886,0.038874,1.034542,0.197164,0.000000,-0.197164
1083,6.423981,0.058454,1.033807,0.241773,0.180000,-0.061773
1084,6.418059,0.028729,1.033007,0.169497,0.000000,0.169497