# TEST CONFIGURATION BEGIN
# File Stream: filename: nmhc_gt_.csv  -  n_targets: 1
# [nmhc_gt__ADE_HOMO_ABTSAIN_KNN_SIZE_4_OFFLINE_BATCH_100] Pipeline: Array BaseStreamModel: base_models: [<skmultiflow.lazy.knn_forecast.KNNForecast object at 0x7f22d88333c8>, <skmultiflow.lazy.knn_forecast.KNNForecast object at 0x7f22d8833438>, <skmultiflow.lazy.knn_forecast.KNNForecast object at 0x7f22d88334a8>, <skmultiflow.lazy.knn_forecast.KNNForecast object at 0x7f22d8833518>]
 Array BaseStreamModel: base_models: [<skmultiflow.lazy.knn_forecast.KNNForecast object at 0x7f22d88333c8>, <skmultiflow.lazy.knn_forecast.KNNForecast object at 0x7f22d8833438>, <skmultiflow.lazy.knn_forecast.KNNForecast object at 0x7f22d88334a8>, <skmultiflow.lazy.knn_forecast.KNNForecast object at 0x7f22d8833518>]
# Prequential Evaluator: n_wait: 1 - max_samples: 600000 - max_time: 10000000 - output_file: nmhc_gt__ADE_HOMO_ABTSAIN_KNN_SIZE_4_OFFLINE_BATCH_100_SIZE_4 - batch_size: 1 - pretrain_size: 5 - task_type: regression - show_plot: False - metrics: ['mean_square_error', 'mean_absolute_error', 'true_vs_predicted']
# TEST CONFIGURATION END
id,global_mse_[nmhc_gt__ADE_HOMO_ABTSAIN_KNN_SIZE_4_OFFLINE_BATCH_100],sliding_mse_[nmhc_gt__ADE_HOMO_ABTSAIN_KNN_SIZE_4_OFFLINE_BATCH_100],global_mae_[nmhc_gt__ADE_HOMO_ABTSAIN_KNN_SIZE_4_OFFLINE_BATCH_100],sliding_mae_[nmhc_gt__ADE_HOMO_ABTSAIN_KNN_SIZE_4_OFFLINE_BATCH_100],true_value_[nmhc_gt__ADE_HOMO_ABTSAIN_KNN_SIZE_4_OFFLINE_BATCH_100],predicted_value_[nmhc_gt__ADE_HOMO_ABTSAIN_KNN_SIZE_4_OFFLINE_BATCH_100]
5,256.000000,256.000000,16.000000,16.000000,13.000000,-3.000000
6,706.000000,1156.000000,25.000000,34.000000,35.000000,1.000000
7,536.000000,196.000000,21.333333,14.000000,23.000000,9.000000
8,553.290000,605.160000,22.150000,24.600000,-10.000000,14.600000
9,899.600000,2284.840000,27.280000,47.800000,-34.000000,13.800000
10,786.173333,219.040000,25.200000,14.800000,18.000000,3.200000
11,717.114286,302.760000,24.085714,17.400000,2.000000,19.400000
12,1526.355000,7191.040000,31.675000,84.800000,101.000000,16.200000
13,2888.177778,13782.760000,41.200000,117.400000,-85.000000,32.400000
14,2622.464000,231.040000,38.600000,15.200000,16.000000,0.800000
15,2651.116364,2937.640000,40.018182,54.200000,55.000000,0.800000
16,3770.043333,16078.240000,47.250000,126.800000,157.000000,30.200000
17,5013.689231,19937.440000,54.476923,141.200000,154.000000,12.800000
18,5001.580000,4844.160000,55.557143,69.600000,-60.000000,9.600000
19,7513.712000,42683.560000,65.626667,206.600000,-204.000000,2.600000
20,8402.027500,21726.760000,70.737500,147.400000,-136.000000,11.400000
21,8080.592941,2937.640000,69.764706,54.200000,-35.000000,19.200000
22,7650.891111,345.960000,66.922222,18.600000,29.000000,47.600000
23,7270.547368,424.360000,64.484211,20.600000,-2.000000,18.600000
24,6907.532000,10.240000,61.420000,3.200000,-13.000000,-16.200000
25,6590.792381,256.000000,59.257143,16.000000,-19.000000,-3.000000
26,6291.518182,6.760000,56.681818,2.600000,-11.000000,-8.400000
27,6017.973913,0.000000,54.217391,0.000000,-3.000000,-3.000000
28,5770.906667,88.360000,52.350000,9.400000,10.000000,0.600000
29,5540.128000,1.440000,50.304000,1.200000,16.000000,14.800000
30,6284.770769,24900.840000,54.438462,157.800000,169.000000,11.200000
31,6723.502386,18130.524419,57.409246,134.649636,-84.449636,50.200000
32,6669.806225,5220.009872,57.939260,72.249636,90.449636,18.200000
33,6449.673271,285.950564,56.524460,16.910073,-42.000000,-25.089927
34,6785.006208,16509.661381,58.923309,128.489927,-52.000000,76.489927
35,6566.320846,5.760000,57.099977,2.400000,26.000000,28.400000
36,6386.684570,817.960000,56.209352,28.600000,29.000000,57.600000
37,6207.286856,466.560000,55.160584,21.600000,16.000000,37.600000
38,6039.214889,492.840000,54.191155,22.200000,-20.000000,2.200000
39,5966.798464,3504.640000,54.334265,59.200000,-32.000000,27.200000
40,6100.344062,10774.440000,55.708313,103.800000,100.000000,-3.800000
41,5970.283057,1288.086871,55.172681,35.889927,9.000000,-26.889927
42,7007.091398,45369.000000,59.326032,213.000000,246.000000,33.000000
43,7270.881343,17294.899259,61.176904,131.510073,-155.000000,-23.489927
44,7560.322412,18848.524099,63.079730,137.289927,-118.000000,19.289927
45,7934.996499,22921.960000,65.233883,151.400000,152.000000,0.600000
46,9533.591821,75076.000000,70.204505,274.000000,-245.000000,29.000000
47,9728.776025,17926.512595,71.685561,133.889927,-55.000000,78.889927
48,9525.485660,784.000000,70.692707,28.000000,-24.000000,4.000000
49,9317.115757,148.840000,69.392869,12.200000,3.000000,15.200000
50,9124.901067,475.240000,68.358242,21.800000,10.000000,31.800000
51,8946.727852,750.760000,67.486790,27.400000,-26.000000,1.400000
52,8761.541022,57.760000,66.239148,7.600000,-3.000000,-10.600000
53,8584.106307,67.240000,65.054676,8.200000,20.000000,11.800000
54,8540.424181,6400.000000,65.353583,80.000000,85.000000,5.000000
55,8517.310766,7361.640000,65.754493,85.800000,107.000000,21.200000
56,8445.366370,4776.202168,65.819023,69.110073,-79.000000,-9.889927
57,8686.612765,21231.425327,67.326401,145.710073,123.000000,-22.710073
58,8594.453954,3710.036974,67.207580,60.910073,-73.000000,-12.089927
59,8833.705312,21753.278613,68.667259,147.489927,-56.000000,91.489927
60,8727.647003,2894.440000,68.401773,53.800000,-42.000000,11.800000
61,8588.284774,784.000000,67.692970,28.000000,-4.000000,24.000000
62,8454.911589,852.640000,67.029298,29.200000,3.000000,32.200000
63,8326.659528,888.040000,66.398293,29.800000,-14.000000,15.800000
64,8242.794536,3294.760000,66.248321,57.400000,94.000000,36.600000
65,8132.716304,1528.022405,65.803102,39.089927,67.000000,27.910073
66,8001.553783,0.640000,64.754664,0.800000,26.000000,25.200000
67,7878.814199,268.960000,63.987130,16.400000,-15.000000,1.400000
68,7939.310227,11750.560000,64.681081,108.400000,-89.000000,19.400000
69,7879.006378,4019.560000,64.661372,63.400000,-64.000000,-0.600000
70,7779.702645,1324.960000,64.233170,36.400000,-23.000000,13.400000
71,7667.800217,282.240000,63.525212,16.800000,38.000000,21.200000
72,7665.836096,7534.240000,63.867488,86.800000,-39.000000,47.800000
73,7555.330646,40.960000,63.034626,6.400000,40.000000,33.600000
74,7652.426494,14352.040000,63.845560,119.800000,-76.000000,43.800000
75,7591.699923,3340.840000,63.760411,57.800000,-24.000000,33.800000
76,7499.435202,948.640000,63.302628,30.800000,-3.000000,27.800000
77,7402.976638,457.960000,62.728619,21.400000,-2.000000,19.400000
78,7317.298034,1062.760000,62.321476,32.600000,9.000000,41.600000
79,7221.784194,153.760000,61.655856,12.400000,21.000000,33.400000
80,7143.249665,1253.160000,61.310384,35.400000,72.000000,36.600000
81,7074.048501,1814.760000,61.067392,42.600000,19.000000,61.600000
82,7003.460187,1568.160000,60.792169,39.600000,-3.000000,36.600000
83,6925.018412,806.560000,60.382142,28.400000,-52.000000,-23.600000
84,6838.743682,23.040000,59.687365,4.800000,-9.000000,-13.800000
85,6755.314748,81.000000,59.061595,9.000000,15.000000,24.000000
86,6680.925055,655.360000,58.653527,25.600000,51.000000,25.400000
87,6600.526440,7.840000,57.980593,2.800000,6.000000,3.200000
88,6592.165887,5898.240000,58.204633,76.800000,-34.000000,42.800000
89,6727.754054,18117.160000,59.103402,134.600000,140.000000,5.400000
90,6685.328216,3079.132016,59.061385,55.489927,79.000000,23.510073
91,7007.852719,34744.960000,60.525047,186.400000,-127.000000,59.400000
92,7172.073697,21459.298759,61.501921,146.489927,-114.000000,32.489927
93,7105.252644,1225.000000,61.204147,35.000000,-21.000000,-56.000000
94,7027.016504,64.000000,60.612989,8.000000,-13.000000,-21.000000
95,6950.192146,36.000000,60.012847,6.000000,7.000000,13.000000
96,6874.963536,29.160000,59.419229,5.400000,-7.000000,-1.600000
97,6819.647369,1730.560000,59.227624,41.600000,-22.000000,19.600000
98,6756.293248,864.360000,58.910309,29.400000,0.000000,29.400000
99,6690.550793,510.760000,58.528095,22.600000,-5.000000,17.600000
100,6622.211305,129.960000,58.037178,11.400000,12.000000,0.600000
101,6576.714282,2209.000000,57.923392,47.000000,56.000000,9.000000
102,6784.723728,26961.640000,59.007847,164.200000,229.000000,64.800000
103,7619.774847,89454.784528,61.432919,299.089927,282.000000,-17.089927
104,7775.225499,23164.840000,62.340590,152.200000,-180.000000,-27.800000
105,7776.668810,7921.000000,62.604544,89.000000,-113.000000,-24.000000
106,7743.392057,4382.440000,62.639794,66.200000,-14.000000,-80.200000
107,7670.516018,237.160000,62.181155,15.400000,-16.000000,-0.600000
108,7599.474902,282.240000,61.744798,16.800000,-6.000000,10.800000
109,7559.580475,3410.560000,61.712943,58.400000,-44.000000,14.400000
110,7544.197640,5929.000000,61.857160,77.000000,73.000000,-4.000000
111,8086.177101,65536.000000,63.671579,256.000000,257.000000,1.000000
112,8251.582542,25949.964632,64.573601,161.089927,214.000000,52.910073
113,8295.528023,13041.640000,65.028889,114.200000,-147.000000,-32.800000
114,8496.902629,30446.734680,66.023989,174.489927,-219.000000,-44.510073
115,8457.717560,4147.360000,66.009359,64.400000,-95.000000,-30.600000
116,8572.002582,21257.640000,66.721775,145.800000,-157.000000,-11.200000
117,8563.743798,7638.760000,66.904768,87.400000,88.000000,0.600000
118,8563.840431,8574.760000,67.130165,92.600000,-106.000000,-13.400000
119,8493.735384,501.760000,66.741207,22.400000,-20.000000,2.400000
120,8455.823872,4096.000000,66.717576,64.000000,-4.000000,60.000000
121,8384.701959,134.560000,66.246486,11.600000,0.000000,11.600000
122,8344.357366,3624.040000,66.195244,60.200000,-8.000000,52.200000
123,8277.206800,353.440000,65.796965,18.800000,10.000000,-8.800000
124,8208.539136,37.087213,65.299406,6.089927,67.000000,60.910073
125,8301.297987,19432.360000,65.911808,139.400000,152.000000,12.600000
126,8268.099151,4251.040000,65.905973,65.200000,-110.000000,-44.800000
127,8227.852491,3317.760000,65.838445,57.600000,83.000000,25.400000
128,8162.305293,100.000000,65.388135,10.000000,-27.000000,-17.000000
129,8101.538371,566.440000,65.055430,23.800000,-2.000000,21.800000
130,8042.441717,655.360000,64.742292,25.600000,38.000000,12.400000
131,7980.529263,179.560000,64.338022,13.400000,24.000000,10.600000
132,7935.146690,2171.560000,64.199443,46.600000,-31.000000,15.600000
133,7915.397956,5387.560000,64.270766,73.400000,119.000000,45.600000
134,7974.491002,15597.493906,64.737067,124.889927,-95.000000,29.889927
135,7920.858552,948.640000,64.478005,30.800000,-3.000000,27.800000
136,7901.444775,5358.240000,64.544081,73.200000,-38.000000,35.200000
137,7844.107295,275.560000,64.183599,16.600000,-13.000000,3.600000
138,7786.472166,121.000000,63.786707,11.000000,-8.000000,3.000000
139,7730.738595,262.440000,63.434213,16.200000,-9.000000,7.200000
140,7674.177576,38.440000,63.013373,6.200000,-6.000000,0.200000
141,7618.374528,29.160000,62.592837,5.400000,7.000000,12.400000
142,7613.571524,6955.560000,62.743614,83.400000,176.000000,92.600000
143,7892.868914,46435.908707,63.842508,215.489927,274.000000,58.510073
144,8121.634421,39920.040000,64.813633,199.800000,-166.000000,33.800000
145,8071.851482,1102.240000,64.589423,33.200000,-55.000000,-21.800000
146,8144.878162,18441.640000,65.090906,135.800000,43.000000,-92.800000
147,8109.074818,3025.000000,65.020340,55.000000,-36.000000,19.000000
148,8102.935410,7225.000000,65.159088,85.000000,90.000000,5.000000
149,8147.026614,14496.160000,65.540059,120.400000,-59.000000,61.400000
150,8522.738760,63001.000000,66.810333,251.000000,252.000000,1.000000
151,8553.619364,13062.187450,67.133323,114.289927,191.000000,76.710073
152,8516.562206,3069.160000,67.054044,55.400000,10.000000,-45.400000
153,8475.649976,2420.640000,66.934218,49.200000,-57.000000,-7.800000
154,8485.014710,9880.360000,67.150657,99.400000,-89.000000,10.400000
155,8445.378851,2500.000000,67.037076,50.000000,-26.000000,24.000000
156,8405.101621,2323.240000,66.913148,48.200000,-14.000000,34.200000
157,8354.860696,718.240000,66.650971,26.800000,-8.000000,18.800000
158,8300.612509,0.640000,66.223367,0.800000,6.000000,5.200000
159,8248.253461,184.960000,65.883862,13.600000,52.000000,38.400000
160,8386.346452,29790.760000,66.567939,172.600000,241.000000,68.400000
161,8341.411218,1331.514784,66.376360,36.489927,187.000000,150.510073
162,8292.369226,592.776427,66.110351,24.347000,-104.547000,-80.200000
163,8583.245412,54541.682841,67.163378,233.541608,168.831536,-64.710073
164,9474.451877,151176.279905,69.173694,388.813940,-374.013940,14.800000
165,10157.259370,119406.458124,70.890332,345.552396,-401.552396,-56.000000
166,10111.588113,2758.515741,70.776944,52.521574,-116.321574,-63.800000
167,10396.798140,56600.822575,71.802296,237.909274,202.709274,-35.200000
168,10333.403779,0.122849,71.366614,0.350498,-3.249502,-3.600000
169,10271.381540,99.734409,70.994615,9.986712,0.386712,-9.600000
170,10209.929087,70.274312,70.617436,8.382978,10.582978,2.200000
171,10149.798982,168.201632,70.272238,12.969257,-8.369257,4.600000
172,10105.483398,2704.780850,70.163519,52.007508,-2.607508,49.400000
173,10046.339219,110.117052,69.810443,10.493667,-4.693667,5.800000
174,9988.984186,295.983673,69.500994,17.204176,7.195824,24.400000
175,9933.847147,560.550527,69.233012,23.675948,1.124052,24.800000
176,9880.631945,780.832461,68.992956,27.943380,-5.318569,22.624810
177,9824.266046,129.331276,68.659889,11.372391,-1.011294,10.361096
178,9767.806596,0.321896,68.268553,0.567359,3.726196,3.158838
179,9712.076794,15.091240,67.900645,3.884744,1.083046,4.967791
180,9656.935795,7.260902,67.530156,2.694606,0.028339,2.722945
181,9602.798442,74.624294,67.197435,8.638535,-0.446209,8.192327
182,9548.851353,0.216604,66.822536,0.465408,-0.240460,-0.705868
183,9495.657393,27.132534,66.478326,5.208890,0.806672,6.015562
184,9443.104728,36.177642,66.142417,6.014785,1.225824,7.240610
185,9390.938023,0.931137,65.782321,0.964955,-0.479180,0.485775
186,9339.340180,0.130567,65.422865,0.361341,-0.188012,0.173329
187,9288.398420,16.998224,65.087892,4.122890,4.347859,0.224969
188,9238.185481,49.217565,64.772282,7.015523,-5.872890,1.142633
189,9188.249967,0.115417,64.423998,0.339731,0.146452,-0.193280
190,9138.853850,0.572185,64.081699,0.756429,-0.949709,-0.193280
191,9090.231427,46.460806,63.775466,6.816216,6.407062,-0.409154
192,9041.880066,0.175473,63.438463,0.418895,-0.922155,-0.503260
193,8994.149090,20.725567,63.126897,4.552534,-3.861906,0.690628
194,8946.871708,11.446672,62.812457,3.383293,-0.495382,2.887912
195,8900.058912,5.627546,62.496017,2.372245,2.651826,0.279582
196,8853.705251,0.156101,62.172574,0.395096,0.753409,0.358312
197,8807.836120,0.962852,61.855521,0.981250,-0.791633,0.189617
198,8762.445116,1.981438,61.543934,1.407636,-2.194668,-0.787032
199,8717.566362,11.088024,61.245400,3.329868,-2.441592,0.888276
200,8673.090403,0.278427,60.935616,0.527662,0.837924,0.310261
201,8629.125574,12.019058,60.643896,3.466851,3.668838,0.201987
202,8585.560846,3.309508,60.346802,1.819205,-2.020335,-0.201129
203,8542.528207,22.065622,60.067156,4.697406,4.267439,-0.429967
204,8499.905856,18.057925,59.788068,4.249462,-3.106829,1.142633
205,8457.760022,28.593300,59.517218,5.347270,-5.372878,-0.025607
206,8415.920526,6.181768,59.234887,2.486316,3.342286,0.855970
207,8374.491017,5.730378,58.954882,2.393821,2.447222,0.053401
208,8333.441571,0.403857,58.669002,0.635498,-0.266019,-0.901517
209,8292.790724,0.017919,58.383465,0.133862,0.799344,0.933206
210,8252.535658,0.247322,58.102464,0.497315,0.069631,-0.427684
211,8212.693843,5.279832,57.832877,2.297789,-1.052624,1.245165
212,8173.276795,13.947805,57.572789,3.734676,3.210833,-0.523843
213,8134.172044,0.383994,57.300286,0.619673,0.057911,0.677584
214,8095.457782,4.176918,57.037160,2.043751,3.118576,1.074825
215,8057.251042,33.835567,56.794409,5.816835,-4.882128,0.934707
216,8019.248007,0.607658,56.530188,0.779524,-0.488467,-1.267991
217,7981.621711,4.846921,56.275124,2.201572,1.626048,-0.575524
218,7944.345454,4.502763,56.022072,2.121971,-0.433333,1.688638
219,7907.400552,1.191486,55.766581,1.091552,-0.229097,0.862455
220,7870.796107,0.840537,55.512647,0.916808,0.705546,1.622354
221,7834.542525,3.768732,55.265775,1.941322,3.073465,1.132143
222,7798.935458,72.201897,55.051240,8.497170,-7.619906,0.877264
223,7763.338039,3.100685,54.807905,1.760876,-0.748771,1.012105
224,7728.087233,8.160856,54.571763,2.856721,1.688329,-1.168392
225,7693.172119,11.846935,54.340407,3.441938,-2.344620,1.097318
226,7658.522485,0.953416,54.100028,0.976430,1.357564,2.333994
227,7624.201178,4.871055,53.867324,2.207047,1.831713,-0.375334
228,7590.284316,26.824043,53.649967,5.179193,-3.372172,1.807021
229,7556.550344,0.140621,53.413189,0.374995,1.545845,1.170850
230,7523.143100,6.513173,53.188140,2.552092,-1.953990,0.598102
231,7490.017128,3.547557,52.962128,1.883496,3.422070,1.538575
232,7457.279421,25.819860,52.752125,5.081325,-5.064715,0.016610
233,7424.729107,3.257473,52.529648,1.804847,1.744426,-0.060421
234,7392.478593,7.111054,52.312852,2.666656,-3.138981,-0.472325
235,7360.635973,36.833326,52.112662,6.069047,5.395303,-0.673744
236,7328.935368,6.095678,51.898681,2.468943,-2.662176,-0.193233
237,7297.520930,9.371218,51.689078,3.061244,4.889909,1.828664
238,7266.335559,0.144182,51.469807,0.379713,-1.664621,-1.284908
239,7235.486121,16.717435,51.268185,4.088696,-2.023031,2.065665
240,7204.832557,1.245203,51.055676,1.115887,-1.912658,-0.796771
241,7174.448159,3.730267,50.848400,1.931390,3.504113,1.572723
242,7144.310816,1.760406,50.640326,1.326803,0.891988,-0.434815
243,7114.428327,2.396013,50.434919,1.547906,0.343264,-1.204642
244,7084.797001,2.910072,50.231881,1.705893,-1.454971,0.250922
245,7055.405051,1.337030,50.028248,1.156300,-1.249577,-0.093277
246,7026.363190,27.274720,49.843100,5.222520,-4.722376,0.500144
247,6997.532241,20.442648,49.656591,4.521355,4.110841,-0.410513
248,7806.712287,204437.463230,51.306144,452.147612,451.733724,-0.413888
249,8460.301379,167936.040000,52.769385,409.800000,-266.000000,143.800000
250,8734.545548,75924.366836,53.674972,275.543766,241.000000,-34.543766
251,8900.514999,49729.000000,54.360498,223.000000,246.000000,23.000000
252,8882.191826,4356.368023,54.407443,66.002788,-48.000000,-114.002788
253,9068.854343,55361.158633,55.133877,235.289521,-299.000000,-63.710479
254,9081.274779,12173.963426,55.354684,110.335685,-182.000000,-71.664315
255,9077.180459,8053.600497,55.491685,89.741855,-54.000000,35.741855
256,9041.332759,43.560000,55.297670,6.600000,-16.000000,-22.600000
257,9006.738559,289.000000,55.146296,17.000000,-25.000000,-42.000000
258,8971.298013,4.840000,54.937846,2.200000,-1.000000,1.200000
259,8936.142962,6.760000,54.732599,2.600000,-11.000000,-13.600000
260,8902.046154,207.360000,54.575050,14.400000,-11.000000,3.400000
261,8867.609554,51.840000,54.390712,7.200000,-6.000000,1.200000
262,8837.203847,1022.937284,54.303861,31.983391,34.000000,2.016609
263,8838.814798,9254.440000,54.465623,96.200000,188.000000,91.800000
264,8871.723704,17395.130349,54.763411,131.890600,-195.000000,-63.109400
265,8873.485529,9331.560000,54.923704,96.600000,58.000000,-38.600000
266,8841.889630,595.360000,54.807202,24.400000,-18.000000,6.400000
267,8904.395753,25281.000000,55.203372,159.000000,158.000000,-1.000000
268,8894.133934,6195.275567,55.292413,78.710073,85.000000,6.289927
269,8860.948523,100.000000,55.121498,10.000000,-16.000000,-26.000000
270,8910.428265,22022.560000,55.472169,148.400000,-133.000000,15.400000
271,8886.797448,2601.000000,55.455419,51.000000,-6.000000,45.000000
272,8853.831189,51.840000,55.275362,7.200000,-7.000000,0.200000
273,8827.676048,1818.098374,55.228387,42.639165,-19.000000,23.639165
274,8796.128211,309.760000,55.089023,17.600000,19.000000,1.400000
275,8802.514306,10526.760000,55.264340,102.600000,-6.000000,96.600000
276,8778.204474,2190.240000,55.233221,46.800000,0.000000,46.800000
277,8746.634167,159.510633,55.077164,12.629752,-9.000000,3.629752
278,8714.712487,0.093772,54.877270,0.306223,12.000000,12.306223
279,8688.971904,1636.052415,54.824801,40.448145,52.000000,11.551855
280,8657.951998,127.477647,54.667068,11.290600,-103.000000,-91.709400
281,8635.505817,2440.360000,54.648053,49.400000,0.000000,-49.400000
282,8617.049465,3504.640000,54.664427,59.200000,90.000000,30.800000
283,8626.740901,11320.960000,54.849860,106.400000,-57.000000,49.400000
284,8942.252398,96969.960000,55.766110,311.400000,293.000000,-18.400000
285,9031.437834,34003.360000,56.223882,184.400000,-98.000000,86.400000
286,9138.278208,39160.423271,56.726244,197.889927,-244.000000,-46.110073
287,9163.339981,16230.760000,56.975974,127.400000,-117.000000,10.400000
288,9131.247235,49.000000,56.800003,7.000000,-18.000000,-11.000000
289,9099.432332,64.000000,56.628775,8.000000,2.000000,-6.000000
290,9070.638373,864.360000,56.533569,29.400000,-29.000000,0.400000
291,9039.970504,268.960000,56.393731,16.400000,-14.000000,2.400000
292,9008.850606,77.440000,56.228475,8.800000,-3.000000,5.800000
293,8977.713545,10.240000,56.044985,3.200000,-6.000000,-2.800000
294,8950.480894,1080.244675,55.965061,32.867076,9.000000,41.867076
295,8983.540272,18570.759932,56.241039,136.274576,216.000000,79.725424
296,8966.367189,3969.000000,56.264186,63.000000,-21.000000,-84.000000
297,8960.773308,7327.360000,56.364308,85.600000,113.000000,27.400000
298,9056.729317,37171.840000,56.828375,192.800000,-124.000000,68.800000
299,9170.158845,42518.440000,57.334720,206.200000,231.000000,24.800000
300,9849.079119,210130.560000,58.689670,458.400000,423.000000,-35.400000
301,9827.797237,3528.360000,58.692062,59.400000,-130.000000,-70.600000
302,9800.279344,1627.465246,58.630484,40.341855,-37.000000,3.341855
303,9767.922022,125.440000,58.471854,11.200000,21.000000,9.800000
304,9737.720815,707.560000,58.365614,26.600000,-18.000000,8.600000
305,9705.599641,69.247388,58.199355,8.321502,-3.000000,-11.321502
306,9682.346794,2683.240000,58.178165,51.800000,12.000000,63.800000
307,9650.863524,142.915823,58.025612,11.954741,24.000000,35.954741
308,9758.709367,42436.000000,58.512370,206.000000,287.000000,81.000000
309,9738.049468,3457.440000,58.513313,58.800000,62.000000,3.200000
310,9727.879241,6625.960000,58.588106,81.400000,104.000000,22.600000
311,9698.466835,698.270602,58.483340,26.424810,-21.000000,5.424810
312,9666.999029,6.382767,58.301661,2.526414,-2.000000,0.526414
313,9636.703607,305.713558,58.169568,17.484666,17.000000,-0.484666
314,9607.217121,495.892898,58.053758,22.268653,36.000000,58.268653
315,9606.206648,9292.960000,58.177058,96.400000,50.000000,146.400000
316,9586.879191,3576.040000,58.182260,59.800000,56.000000,115.800000
317,9559.771717,1102.240000,58.102444,33.200000,-6.000000,27.200000
318,9532.587731,1024.000000,58.019315,32.000000,34.000000,2.000000
319,9506.813675,1413.760000,57.954492,37.600000,-42.000000,-4.400000
320,9476.792095,19.994426,57.785242,4.471513,9.000000,13.471513
321,9447.088776,60.840000,57.627560,7.800000,9.000000,16.800000
322,9428.929251,3672.360000,57.636907,60.600000,-48.000000,12.600000
323,9400.600445,392.040000,57.518296,19.800000,49.000000,29.200000
324,9372.524069,416.160000,57.402302,20.400000,0.000000,20.400000
325,9346.516205,1024.000000,57.323167,32.000000,62.000000,30.000000
326,9320.995373,1128.808208,57.249485,33.597741,-10.000000,23.597741
327,9292.608508,152.037908,57.110417,12.330365,-8.000000,4.330365
328,9268.390229,1445.886202,57.051511,38.024810,-17.000000,21.024810
329,9242.829029,961.000000,56.971352,31.000000,-13.000000,18.000000
330,9216.156424,547.560000,56.868373,23.400000,-4.000000,19.400000
331,9187.973560,0.360000,56.696298,0.600000,5.000000,5.600000
332,9160.264688,99.463451,56.553849,9.973136,12.000000,2.026864
333,9303.943786,56430.687783,57.103994,237.551442,239.000000,1.448558
334,9795.131835,171396.000000,58.185497,414.000000,-596.000000,-182.000000
335,9766.288171,247.878953,58.057276,15.744172,-50.000000,-65.744172
336,9736.980074,36.000000,57.900477,6.000000,21.000000,27.000000
337,9707.774608,11.560000,57.736811,3.400000,-27.000000,-23.600000
338,9713.793369,11718.040948,57.888048,108.249900,55.000000,-53.249900
339,9684.802822,1.960000,57.719427,1.400000,16.000000,17.400000
340,9656.318380,114.030330,57.579424,10.678498,-27.000000,-16.321502
341,9632.317910,1568.160000,57.526073,39.600000,38.000000,-1.600000
342,9653.152720,16674.483614,57.737918,129.129716,133.000000,3.870284
343,9641.626134,5745.640000,57.791199,75.800000,-74.000000,1.800000
344,9613.650645,129.960000,57.654754,11.400000,-22.000000,-33.400000
345,9585.984690,179.560000,57.524975,13.400000,-3.000000,10.400000
346,9559.782981,625.000000,57.429872,25.000000,-22.000000,3.000000
347,9532.251951,116.640000,57.293925,10.800000,0.000000,10.800000
348,9516.226684,4019.560000,57.311675,63.400000,208.000000,144.600000
349,9497.170627,2941.886997,57.302770,54.239165,-67.000000,-12.760835
350,9475.731868,2079.360000,57.268946,45.600000,-48.000000,-2.400000
351,9450.949240,876.160000,57.189209,29.600000,21.000000,-8.600000
352,9461.530306,13133.160000,57.354182,114.600000,121.000000,6.400000
353,9449.522368,5270.760000,57.397867,72.600000,-64.000000,8.600000
354,9477.885561,19376.640000,57.631587,139.200000,-142.000000,-2.800000
355,9450.885887,1.000000,57.470244,1.000000,-27.000000,-26.000000
356,9426.731779,948.640000,57.394476,30.800000,33.000000,2.200000
357,9438.806194,13689.000000,57.563330,117.000000,-44.000000,73.000000
358,9417.414764,1866.240000,57.522756,43.200000,-4.000000,39.200000
359,9391.191511,108.160000,57.390015,10.400000,13.000000,23.400000
360,9365.410523,213.160000,57.269819,14.600000,26.000000,11.400000
361,9362.679850,8390.560000,57.365982,91.600000,39.000000,-52.600000
362,9443.178398,38181.160000,57.751552,195.400000,176.000000,-19.400000
363,9435.971327,6855.840000,57.821324,82.800000,91.000000,8.200000
364,9433.311545,8478.449881,57.916483,92.078498,-108.000000,-15.921502
365,9444.070128,13317.160000,58.075717,115.400000,-15.000000,100.400000
366,9423.041868,1831.840000,58.033519,42.800000,-5.000000,37.800000
367,9397.094094,4.000000,57.879157,2.000000,-4.000000,-6.000000
368,9373.251089,718.240000,57.793775,26.800000,-21.000000,5.800000
369,9349.718894,784.000000,57.712148,28.000000,22.000000,-6.000000
370,9328.501192,1584.040000,57.663208,39.800000,-6.000000,33.800000
371,9303.746039,243.360000,57.548594,15.600000,1.000000,16.600000
372,9288.377598,3648.160000,57.556342,60.400000,89.000000,28.600000
373,9439.978635,65229.160000,58.092504,255.400000,371.000000,115.600000
374,10540.949936,416799.360000,59.680362,645.600000,537.000000,-108.600000